date,seed,strategy,asset,weight
2020-03-25,12,AR1 alpha + Basic + One-Step,NASDAQ:PLAB,0.020000000000000004
2020-03-26,12,AR1 alpha + Basic + One-Step,NASDAQ:PLAB,0.02
2020-03-27,12,AR1 alpha + Basic + One-Step,NASDAQ:PLAB,0.0
2020-03-30,12,AR1 alpha + Basic + One-Step,NASDAQ:PLAB,0.0
2020-03-31,12,AR1 alpha + Basic + One-Step,NASDAQ:PLAB,0.0
2020-04-01,12,AR1 alpha + Basic + One-Step,NASDAQ:PLAB,0.0
2020-04-02,12,AR1 alpha + Basic + One-Step,NASDAQ:PLAB,0.0
2020-04-03,12,AR1 alpha + Basic + One-Step,NASDAQ:PLAB,2.9217027269805807e-08
2020-04-06,12,AR1 alpha + Basic + One-Step,NASDAQ:PLAB,0.0
2020-04-07,12,AR1 alpha + Basic + One-Step,NASDAQ:PLAB,5.2945021932991246e-08
2020-04-08,12,AR1 alpha + Basic + One-Step,NASDAQ:PLAB,0.0
2020-04-09,12,AR1 alpha + Basic + One-Step,NASDAQ:PLAB,0.0
2020-04-13,12,AR1 alpha + Basic + One-Step,NASDAQ:PLAB,0.0
2020-04-14,12,AR1 alpha + Basic + One-Step,NASDAQ:PLAB,0.0
2020-04-15,12,AR1 alpha + Basic + One-Step,NASDAQ:PLAB,0.0
2020-04-16,12,AR1 alpha + Basic + One-Step,NASDAQ:PLAB,0.0
2020-04-17,12,AR1 alpha + Basic + One-Step,NASDAQ:PLAB,0.0
2020-04-20,12,AR1 alpha + Basic + One-Step,NASDAQ:PLAB,0.0
2020-04-21,12,AR1 alpha + Basic + One-Step,NASDAQ:PLAB,0.0
2020-04-22,12,AR1 alpha + Basic + One-Step,NASDAQ:PLAB,0.0
2020-04-23,12,AR1 alpha + Basic + One-Step,NASDAQ:PLAB,0.0
2020-04-24,12,AR1 alpha + Basic + One-Step,NASDAQ:PLAB,7.584618377338127e-08
2020-04-27,12,AR1 alpha + Basic + One-Step,NASDAQ:PLAB,0.0
2020-04-28,12,AR1 alpha + Basic + One-Step,NASDAQ:PLAB,0.0
2020-04-29,12,AR1 alpha + Basic + One-Step,NASDAQ:PLAB,2.580516193377439e-07
2020-04-30,12,AR1 alpha + Basic + One-Step,NASDAQ:PLAB,0.0
2020-05-01,12,AR1 alpha + Basic + One-Step,NASDAQ:PLAB,3.5680473315910064e-08
2020-05-04,12,AR1 alpha + Basic + One-Step,NASDAQ:PLAB,0.0
2020-05-05,12,AR1 alpha + Basic + One-Step,NASDAQ:PLAB,8.7020426874329e-07
2020-05-06,12,AR1 alpha + Basic + One-Step,NASDAQ:PLAB,0.0
2020-05-07,12,AR1 alpha + Basic + One-Step,NASDAQ:PLAB,0.0
2020-05-08,12,AR1 alpha + Basic + One-Step,NASDAQ:PLAB,7.374712027099566e-08
2020-05-11,12,AR1 alpha + Basic + One-Step,NASDAQ:PLAB,3.4884153178122536e-07
2020-05-12,12,AR1 alpha + Basic + One-Step,NASDAQ:PLAB,0.0
2020-05-13,12,AR1 alpha + Basic + One-Step,NASDAQ:PLAB,0.0
2020-05-14,12,AR1 alpha + Basic + One-Step,NASDAQ:PLAB,0.0
2020-05-15,12,AR1 alpha + Basic + One-Step,NASDAQ:PLAB,2.53458360238218e-08
2020-05-18,12,AR1 alpha + Basic + One-Step,NASDAQ:PLAB,0.0
2020-05-19,12,AR1 alpha + Basic + One-Step,NASDAQ:PLAB,0.0
2020-05-20,12,AR1 alpha + Basic + One-Step,NASDAQ:PLAB,0.0
2020-05-21,12,AR1 alpha + Basic + One-Step,NASDAQ:PLAB,0.0
2020-05-22,12,AR1 alpha + Basic + One-Step,NASDAQ:PLAB,2.9093707472902533e-08
2020-05-26,12,AR1 alpha + Basic + One-Step,NASDAQ:PLAB,4.0164096028137295e-08
2020-05-27,12,AR1 alpha + Basic + One-Step,NASDAQ:PLAB,5.891040157774407e-07
2020-05-28,12,AR1 alpha + Basic + One-Step,NASDAQ:PLAB,0.0
2020-05-29,12,AR1 alpha + Basic + One-Step,NASDAQ:PLAB,0.0
2020-06-01,12,AR1 alpha + Basic + One-Step,NASDAQ:PLAB,7.386331359995353e-08
2020-06-02,12,AR1 alpha + Basic + One-Step,NASDAQ:PLAB,2.9067432636060555e-07
2020-06-03,12,AR1 alpha + Basic + One-Step,NASDAQ:PLAB,0.0
2020-06-04,12,AR1 alpha + Basic + One-Step,NASDAQ:PLAB,5.043224686062556e-08
2020-06-05,12,AR1 alpha + Basic + One-Step,NASDAQ:PLAB,0.0
2020-06-08,12,AR1 alpha + Basic + One-Step,NASDAQ:PLAB,0.0
2020-06-09,12,AR1 alpha + Basic + One-Step,NASDAQ:PLAB,0.0
2020-06-10,12,AR1 alpha + Basic + One-Step,NASDAQ:PLAB,0.0
2020-06-11,12,AR1 alpha + Basic + One-Step,NASDAQ:PLAB,0.0
2020-06-12,12,AR1 alpha + Basic + One-Step,NASDAQ:PLAB,3.759743714440531e-08
2020-06-15,12,AR1 alpha + Basic + One-Step,NASDAQ:PLAB,2.2250803967463713e-08
2020-06-16,12,AR1 alpha + Basic + One-Step,NASDAQ:PLAB,0.0
2020-06-17,12,AR1 alpha + Basic + One-Step,NASDAQ:PLAB,0.0
2020-06-18,12,AR1 alpha + Basic + One-Step,NASDAQ:PLAB,0.0
2020-06-19,12,AR1 alpha + Basic + One-Step,NASDAQ:PLAB,0.0
2020-06-22,12,AR1 alpha + Basic + One-Step,NASDAQ:PLAB,0.0
2020-06-23,12,AR1 alpha + Basic + One-Step,NASDAQ:PLAB,0.0
2020-06-24,12,AR1 alpha + Basic + One-Step,NASDAQ:PLAB,1.108243963056193e-08
2020-06-25,12,AR1 alpha + Basic + One-Step,NASDAQ:PLAB,0.0
2020-06-26,12,AR1 alpha + Basic + One-Step,NASDAQ:PLAB,0.0
2020-06-29,12,AR1 alpha + Basic + One-Step,NASDAQ:PLAB,0.0
2020-06-30,12,AR1 alpha + Basic + One-Step,NASDAQ:PLAB,3.101485135517821e-08
2020-07-01,12,AR1 alpha + Basic + One-Step,NASDAQ:PLAB,0.0
2020-07-02,12,AR1 alpha + Basic + One-Step,NASDAQ:PLAB,4.337933285301299e-09
2020-07-06,12,AR1 alpha + Basic + One-Step,NASDAQ:PLAB,0.0
2020-07-07,12,AR1 alpha + Basic + One-Step,NASDAQ:PLAB,0.0
2020-07-08,12,AR1 alpha + Basic + One-Step,NASDAQ:PLAB,3.496805667860151e-08
2020-07-09,12,AR1 alpha + Basic + One-Step,NASDAQ:PLAB,2.507640639711839e-07
2020-07-10,12,AR1 alpha + Basic + One-Step,NASDAQ:PLAB,9.82734816673239e-08
2020-07-13,12,AR1 alpha + Basic + One-Step,NASDAQ:PLAB,7.3196962553852604e-09
2020-07-14,12,AR1 alpha + Basic + One-Step,NASDAQ:PLAB,0.0
2020-07-15,12,AR1 alpha + Basic + One-Step,NASDAQ:PLAB,9.039470859710805e-08
2020-07-16,12,AR1 alpha + Basic + One-Step,NASDAQ:PLAB,0.0
2020-07-17,12,AR1 alpha + Basic + One-Step,NASDAQ:PLAB,0.0
2020-07-20,12,AR1 alpha + Basic + One-Step,NASDAQ:PLAB,1.6332035530793653e-07
2020-07-21,12,AR1 alpha + Basic + One-Step,NASDAQ:PLAB,0.0
2020-07-22,12,AR1 alpha + Basic + One-Step,NASDAQ:PLAB,0.0
2020-07-23,12,AR1 alpha + Basic + One-Step,NASDAQ:PLAB,0.0
2020-07-24,12,AR1 alpha + Basic + One-Step,NASDAQ:PLAB,7.056075543700928e-07
2020-07-27,12,AR1 alpha + Basic + One-Step,NASDAQ:PLAB,3.886743674258626e-07
2020-07-28,12,AR1 alpha + Basic + One-Step,NASDAQ:PLAB,0.0
2020-07-29,12,AR1 alpha + Basic + One-Step,NASDAQ:PLAB,0.0
2020-07-30,12,AR1 alpha + Basic + One-Step,NASDAQ:PLAB,0.0
2020-07-31,12,AR1 alpha + Basic + One-Step,NASDAQ:PLAB,0.0
2020-08-03,12,AR1 alpha + Basic + One-Step,NASDAQ:PLAB,0.0
2020-08-04,12,AR1 alpha + Basic + One-Step,NASDAQ:PLAB,0.0
2020-08-05,12,AR1 alpha + Basic + One-Step,NASDAQ:PLAB,0.0
2020-08-06,12,AR1 alpha + Basic + One-Step,NASDAQ:PLAB,0.0
2020-08-07,12,AR1 alpha + Basic + One-Step,NASDAQ:PLAB,0.0
2020-08-10,12,AR1 alpha + Basic + One-Step,NASDAQ:PLAB,0.0
2020-08-11,12,AR1 alpha + Basic + One-Step,NASDAQ:PLAB,0.0
2020-08-12,12,AR1 alpha + Basic + One-Step,NASDAQ:PLAB,0.0
2020-08-13,12,AR1 alpha + Basic + One-Step,NASDAQ:PLAB,0.0
2020-08-14,12,AR1 alpha + Basic + One-Step,NASDAQ:PLAB,0.0
2020-08-17,12,AR1 alpha + Basic + One-Step,NASDAQ:PLAB,0.0
2020-08-18,12,AR1 alpha + Basic + One-Step,NASDAQ:PLAB,0.0
2020-08-19,12,AR1 alpha + Basic + One-Step,NASDAQ:PLAB,0.0
2020-08-20,12,AR1 alpha + Basic + One-Step,NASDAQ:PLAB,1.403230165481401e-07
2020-08-21,12,AR1 alpha + Basic + One-Step,NASDAQ:PLAB,0.0
2020-08-24,12,AR1 alpha + Basic + One-Step,NASDAQ:PLAB,0.0
2020-08-25,12,AR1 alpha + Basic + One-Step,NASDAQ:PLAB,0.0
2020-08-26,12,AR1 alpha + Basic + One-Step,NASDAQ:PLAB,0.0
2020-08-27,12,AR1 alpha + Basic + One-Step,NASDAQ:PLAB,0.0
2020-08-28,12,AR1 alpha + Basic + One-Step,NASDAQ:PLAB,0.0
2020-08-31,12,AR1 alpha + Basic + One-Step,NASDAQ:PLAB,0.0
2020-09-01,12,AR1 alpha + Basic + One-Step,NASDAQ:PLAB,0.0
2020-09-02,12,AR1 alpha + Basic + One-Step,NASDAQ:PLAB,0.0
2020-09-03,12,AR1 alpha + Basic + One-Step,NASDAQ:PLAB,0.0
2020-09-04,12,AR1 alpha + Basic + One-Step,NASDAQ:PLAB,0.0
2020-09-08,12,AR1 alpha + Basic + One-Step,NASDAQ:PLAB,0.0
2020-09-09,12,AR1 alpha + Basic + One-Step,NASDAQ:PLAB,4.320467103648136e-09
2020-09-10,12,AR1 alpha + Basic + One-Step,NASDAQ:PLAB,0.0
2020-09-11,12,AR1 alpha + Basic + One-Step,NASDAQ:PLAB,0.0
2020-09-14,12,AR1 alpha + Basic + One-Step,NASDAQ:PLAB,3.429212585591831e-09
2020-09-15,12,AR1 alpha + Basic + One-Step,NASDAQ:PLAB,0.0
2020-09-16,12,AR1 alpha + Basic + One-Step,NASDAQ:PLAB,0.0
2020-09-17,12,AR1 alpha + Basic + One-Step,NASDAQ:PLAB,0.0
2020-09-18,12,AR1 alpha + Basic + One-Step,NASDAQ:PLAB,0.0
2020-09-21,12,AR1 alpha + Basic + One-Step,NASDAQ:PLAB,0.0
2020-09-22,12,AR1 alpha + Basic + One-Step,NASDAQ:PLAB,0.0
2020-09-23,12,AR1 alpha + Basic + One-Step,NASDAQ:PLAB,0.0
2020-09-24,12,AR1 alpha + Basic + One-Step,NASDAQ:PLAB,2.408574896224331e-07
2020-09-25,12,AR1 alpha + Basic + One-Step,NASDAQ:PLAB,0.0
2020-09-28,12,AR1 alpha + Basic + One-Step,NASDAQ:PLAB,0.0
2020-09-29,12,AR1 alpha + Basic + One-Step,NASDAQ:PLAB,0.0
2020-09-30,12,AR1 alpha + Basic + One-Step,NASDAQ:PLAB,6.6222357759923016e-09
2020-10-01,12,AR1 alpha + Basic + One-Step,NASDAQ:PLAB,0.0
2020-10-02,12,AR1 alpha + Basic + One-Step,NASDAQ:PLAB,0.0
2020-10-05,12,AR1 alpha + Basic + One-Step,NASDAQ:PLAB,1.12249534236693e-08
2020-10-06,12,AR1 alpha + Basic + One-Step,NASDAQ:PLAB,0.0
2020-10-07,12,AR1 alpha + Basic + One-Step,NASDAQ:PLAB,1.4281794587688367e-07
2020-10-08,12,AR1 alpha + Basic + One-Step,NASDAQ:PLAB,0.0
2020-10-09,12,AR1 alpha + Basic + One-Step,NASDAQ:PLAB,0.0
2020-10-12,12,AR1 alpha + Basic + One-Step,NASDAQ:PLAB,0.0
2020-10-13,12,AR1 alpha + Basic + One-Step,NASDAQ:PLAB,0.0
2020-10-14,12,AR1 alpha + Basic + One-Step,NASDAQ:PLAB,0.0
2020-10-15,12,AR1 alpha + Basic + One-Step,NASDAQ:PLAB,0.0
2020-10-16,12,AR1 alpha + Basic + One-Step,NASDAQ:PLAB,1.6137347924431942e-07
2020-10-19,12,AR1 alpha + Basic + One-Step,NASDAQ:PLAB,0.0
2020-10-20,12,AR1 alpha + Basic + One-Step,NASDAQ:PLAB,0.0
2020-10-21,12,AR1 alpha + Basic + One-Step,NASDAQ:PLAB,0.0
2020-10-22,12,AR1 alpha + Basic + One-Step,NASDAQ:PLAB,0.0
2020-10-23,12,AR1 alpha + Basic + One-Step,NASDAQ:PLAB,0.0
2020-10-26,12,AR1 alpha + Basic + One-Step,NASDAQ:PLAB,0.0
2020-10-27,12,AR1 alpha + Basic + One-Step,NASDAQ:PLAB,2.1330704360182402e-09
2020-10-28,12,AR1 alpha + Basic + One-Step,NASDAQ:PLAB,0.0
2020-10-29,12,AR1 alpha + Basic + One-Step,NASDAQ:PLAB,0.0
2020-10-30,12,AR1 alpha + Basic + One-Step,NASDAQ:PLAB,0.0
2020-11-02,12,AR1 alpha + Basic + One-Step,NASDAQ:PLAB,0.0
2020-11-03,12,AR1 alpha + Basic + One-Step,NASDAQ:PLAB,0.0
2020-11-04,12,AR1 alpha + Basic + One-Step,NASDAQ:PLAB,0.0
2020-11-05,12,AR1 alpha + Basic + One-Step,NASDAQ:PLAB,0.0
2020-11-06,12,AR1 alpha + Basic + One-Step,NASDAQ:PLAB,6.228350260546172e-08
2020-11-09,12,AR1 alpha + Basic + One-Step,NASDAQ:PLAB,0.0
2020-11-10,12,AR1 alpha + Basic + One-Step,NASDAQ:PLAB,0.0
2020-11-11,12,AR1 alpha + Basic + One-Step,NASDAQ:PLAB,0.0
2020-11-12,12,AR1 alpha + Basic + One-Step,NASDAQ:PLAB,0.0
2020-11-13,12,AR1 alpha + Basic + One-Step,NASDAQ:PLAB,0.0
2020-11-16,12,AR1 alpha + Basic + One-Step,NASDAQ:PLAB,0.0
2020-11-17,12,AR1 alpha + Basic + One-Step,NASDAQ:PLAB,0.0
2020-11-18,12,AR1 alpha + Basic + One-Step,NASDAQ:PLAB,0.0
2020-11-19,12,AR1 alpha + Basic + One-Step,NASDAQ:PLAB,4.529376885751978e-08
2020-11-20,12,AR1 alpha + Basic + One-Step,NASDAQ:PLAB,0.0
2020-11-23,12,AR1 alpha + Basic + One-Step,NASDAQ:PLAB,0.0
2020-11-24,12,AR1 alpha + Basic + One-Step,NASDAQ:PLAB,0.0
2020-11-25,12,AR1 alpha + Basic + One-Step,NASDAQ:PLAB,1.0096093064966207e-07
2020-11-27,12,AR1 alpha + Basic + One-Step,NASDAQ:PLAB,0.0
2020-11-30,12,AR1 alpha + Basic + One-Step,NASDAQ:PLAB,0.0
2020-12-01,12,AR1 alpha + Basic + One-Step,NASDAQ:PLAB,0.0
2020-12-02,12,AR1 alpha + Basic + One-Step,NASDAQ:PLAB,0.0
2020-12-03,12,AR1 alpha + Basic + One-Step,NASDAQ:PLAB,0.0
2020-12-04,12,AR1 alpha + Basic + One-Step,NASDAQ:PLAB,1.2791180516942513e-08
2020-12-07,12,AR1 alpha + Basic + One-Step,NASDAQ:PLAB,0.0
2020-12-08,12,AR1 alpha + Basic + One-Step,NASDAQ:PLAB,2.2064615996684673e-07
2020-12-09,12,AR1 alpha + Basic + One-Step,NASDAQ:PLAB,0.0
2020-12-10,12,AR1 alpha + Basic + One-Step,NASDAQ:PLAB,0.0
2020-12-11,12,AR1 alpha + Basic + One-Step,NASDAQ:PLAB,2.7819671472159206e-07
2020-12-14,12,AR1 alpha + Basic + One-Step,NASDAQ:PLAB,1.535973467732062e-07
2020-12-15,12,AR1 alpha + Basic + One-Step,NASDAQ:PLAB,0.0
2020-12-16,12,AR1 alpha + Basic + One-Step,NASDAQ:PLAB,0.0
2020-12-17,12,AR1 alpha + Basic + One-Step,NASDAQ:PLAB,7.674820103119218e-09
2020-12-18,12,AR1 alpha + Basic + One-Step,NASDAQ:PLAB,0.0
2020-12-21,12,AR1 alpha + Basic + One-Step,NASDAQ:PLAB,4.3436219040191246e-07
2020-12-22,12,AR1 alpha + Basic + One-Step,NASDAQ:PLAB,0.0
2020-12-23,12,AR1 alpha + Basic + One-Step,NASDAQ:PLAB,4.1804688318709404e-08
2020-12-24,12,AR1 alpha + Basic + One-Step,NASDAQ:PLAB,0.0
2020-12-28,12,AR1 alpha + Basic + One-Step,NASDAQ:PLAB,3.586633948916529e-08
2020-12-29,12,AR1 alpha + Basic + One-Step,NASDAQ:PLAB,0.0
2020-12-30,12,AR1 alpha + Basic + One-Step,NASDAQ:PLAB,0.0
2020-12-31,12,AR1 alpha + Basic + One-Step,NASDAQ:PLAB,0.0
2021-01-04,12,AR1 alpha + Basic + One-Step,NASDAQ:PLAB,0.0
2021-01-05,12,AR1 alpha + Basic + One-Step,NASDAQ:PLAB,2.2731506577313654e-07
2021-01-06,12,AR1 alpha + Basic + One-Step,NASDAQ:PLAB,4.4091067734707705e-10
2021-01-07,12,AR1 alpha + Basic + One-Step,NASDAQ:PLAB,0.0
2021-01-08,12,AR1 alpha + Basic + One-Step,NASDAQ:PLAB,0.0
2021-01-11,12,AR1 alpha + Basic + One-Step,NASDAQ:PLAB,0.0
2021-01-12,12,AR1 alpha + Basic + One-Step,NASDAQ:PLAB,0.0
2021-01-13,12,AR1 alpha + Basic + One-Step,NASDAQ:PLAB,0.0
2021-01-14,12,AR1 alpha + Basic + One-Step,NASDAQ:PLAB,0.0
2021-01-15,12,AR1 alpha + Basic + One-Step,NASDAQ:PLAB,0.0
2021-01-19,12,AR1 alpha + Basic + One-Step,NASDAQ:PLAB,0.0
2021-01-20,12,AR1 alpha + Basic + One-Step,NASDAQ:PLAB,0.0
2021-01-21,12,AR1 alpha + Basic + One-Step,NASDAQ:PLAB,0.0
2021-01-22,12,AR1 alpha + Basic + One-Step,NASDAQ:PLAB,0.0
2021-01-25,12,AR1 alpha + Basic + One-Step,NASDAQ:PLAB,5.344581371351387e-09
2021-01-26,12,AR1 alpha + Basic + One-Step,NASDAQ:PLAB,0.0
2021-01-27,12,AR1 alpha + Basic + One-Step,NASDAQ:PLAB,0.0
2021-01-28,12,AR1 alpha + Basic + One-Step,NASDAQ:PLAB,0.0
2021-01-29,12,AR1 alpha + Basic + One-Step,NASDAQ:PLAB,0.0
2021-02-01,12,AR1 alpha + Basic + One-Step,NASDAQ:PLAB,4.844601447242495e-07
2021-02-02,12,AR1 alpha + Basic + One-Step,NASDAQ:PLAB,0.0
2021-02-03,12,AR1 alpha + Basic + One-Step,NASDAQ:PLAB,0.0
2021-02-04,12,AR1 alpha + Basic + One-Step,NASDAQ:PLAB,0.0
2021-02-05,12,AR1 alpha + Basic + One-Step,NASDAQ:PLAB,0.0
2021-02-08,12,AR1 alpha + Basic + One-Step,NASDAQ:PLAB,3.7420268842330706e-07
2021-02-09,12,AR1 alpha + Basic + One-Step,NASDAQ:PLAB,0.0
2021-02-10,12,AR1 alpha + Basic + One-Step,NASDAQ:PLAB,0.0
2021-02-11,12,AR1 alpha + Basic + One-Step,NASDAQ:PLAB,0.0
2021-02-12,12,AR1 alpha + Basic + One-Step,NASDAQ:PLAB,0.0
2021-02-16,12,AR1 alpha + Basic + One-Step,NASDAQ:PLAB,0.0
2021-02-17,12,AR1 alpha + Basic + One-Step,NASDAQ:PLAB,0.0
2021-02-18,12,AR1 alpha + Basic + One-Step,NASDAQ:PLAB,0.0
2021-02-19,12,AR1 alpha + Basic + One-Step,NASDAQ:PLAB,0.0
2021-02-22,12,AR1 alpha + Basic + One-Step,NASDAQ:PLAB,1.6517686550554912e-06
2021-02-23,12,AR1 alpha + Basic + One-Step,NASDAQ:PLAB,8.012671901680497e-09
2021-02-24,12,AR1 alpha + Basic + One-Step,NASDAQ:PLAB,0.0
2021-02-25,12,AR1 alpha + Basic + One-Step,NASDAQ:PLAB,0.0
2021-02-26,12,AR1 alpha + Basic + One-Step,NASDAQ:PLAB,8.411592847195587e-07
2021-03-01,12,AR1 alpha + Basic + One-Step,NASDAQ:PLAB,0.0
2021-03-02,12,AR1 alpha + Basic + One-Step,NASDAQ:PLAB,0.0
2021-03-03,12,AR1 alpha + Basic + One-Step,NASDAQ:PLAB,0.0
2021-03-04,12,AR1 alpha + Basic + One-Step,NASDAQ:PLAB,0.0
2021-03-05,12,AR1 alpha + Basic + One-Step,NASDAQ:PLAB,0.0
2021-03-08,12,AR1 alpha + Basic + One-Step,NASDAQ:PLAB,0.0
2021-03-09,12,AR1 alpha + Basic + One-Step,NASDAQ:PLAB,0.0
2021-03-10,12,AR1 alpha + Basic + One-Step,NASDAQ:PLAB,0.0
2021-03-11,12,AR1 alpha + Basic + One-Step,NASDAQ:PLAB,0.0
2021-03-12,12,AR1 alpha + Basic + One-Step,NASDAQ:PLAB,0.0
2021-03-15,12,AR1 alpha + Basic + One-Step,NASDAQ:PLAB,2.1112217666823554e-10
2021-03-16,12,AR1 alpha + Basic + One-Step,NASDAQ:PLAB,0.0
2021-03-17,12,AR1 alpha + Basic + One-Step,NASDAQ:PLAB,0.0
2021-03-18,12,AR1 alpha + Basic + One-Step,NASDAQ:PLAB,0.0
2021-03-19,12,AR1 alpha + Basic + One-Step,NASDAQ:PLAB,0.0
2021-03-22,12,AR1 alpha + Basic + One-Step,NASDAQ:PLAB,0.0
2021-03-23,12,AR1 alpha + Basic + One-Step,NASDAQ:PLAB,0.0
2021-03-24,12,AR1 alpha + Basic + One-Step,NASDAQ:PLAB,0.0
2021-03-25,12,AR1 alpha + Basic + One-Step,NASDAQ:PLAB,0.0
2021-03-26,12,AR1 alpha + Basic + One-Step,NASDAQ:PLAB,0.0
2021-03-29,12,AR1 alpha + Basic + One-Step,NASDAQ:PLAB,0.0
2021-03-30,12,AR1 alpha + Basic + One-Step,NASDAQ:PLAB,4.3938107010553715e-07
2021-03-31,12,AR1 alpha + Basic + One-Step,NASDAQ:PLAB,0.0
2021-04-01,12,AR1 alpha + Basic + One-Step,NASDAQ:PLAB,0.0
2021-04-05,12,AR1 alpha + Basic + One-Step,NASDAQ:PLAB,1.5701170522647717e-06
2021-04-06,12,AR1 alpha + Basic + One-Step,NASDAQ:PLAB,5.776122881703181e-07
2021-04-07,12,AR1 alpha + Basic + One-Step,NASDAQ:PLAB,0.0
2021-04-08,12,AR1 alpha + Basic + One-Step,NASDAQ:PLAB,3.6217037471544394e-07
2021-04-09,12,AR1 alpha + Basic + One-Step,NASDAQ:PLAB,0.0
2021-04-12,12,AR1 alpha + Basic + One-Step,NASDAQ:PLAB,6.529584016071039e-09
2021-04-13,12,AR1 alpha + Basic + One-Step,NASDAQ:PLAB,0.0
2021-04-14,12,AR1 alpha + Basic + One-Step,NASDAQ:PLAB,0.0
2021-04-15,12,AR1 alpha + Basic + One-Step,NASDAQ:PLAB,0.0
2021-04-16,12,AR1 alpha + Basic + One-Step,NASDAQ:PLAB,0.0
2021-04-19,12,AR1 alpha + Basic + One-Step,NASDAQ:PLAB,2.8517882669783196e-08
2021-04-20,12,AR1 alpha + Basic + One-Step,NASDAQ:PLAB,0.0
2021-04-21,12,AR1 alpha + Basic + One-Step,NASDAQ:PLAB,0.0
2021-04-22,12,AR1 alpha + Basic + One-Step,NASDAQ:PLAB,2.2691778557137275e-08
2021-04-23,12,AR1 alpha + Basic + One-Step,NASDAQ:PLAB,0.0
2021-04-26,12,AR1 alpha + Basic + One-Step,NASDAQ:PLAB,0.0
2021-04-27,12,AR1 alpha + Basic + One-Step,NASDAQ:PLAB,5.98715082189577e-07
2021-04-28,12,AR1 alpha + Basic + One-Step,NASDAQ:PLAB,0.0
2021-04-29,12,AR1 alpha + Basic + One-Step,NASDAQ:PLAB,5.839519200201576e-08
2021-04-30,12,AR1 alpha + Basic + One-Step,NASDAQ:PLAB,2.9281508769799688e-08
2021-05-03,12,AR1 alpha + Basic + One-Step,NASDAQ:PLAB,3.460009053651081e-09
2021-05-04,12,AR1 alpha + Basic + One-Step,NASDAQ:PLAB,0.0
2021-05-05,12,AR1 alpha + Basic + One-Step,NASDAQ:PLAB,0.0
2021-05-06,12,AR1 alpha + Basic + One-Step,NASDAQ:PLAB,0.0
2021-05-07,12,AR1 alpha + Basic + One-Step,NASDAQ:PLAB,0.0
2021-05-10,12,AR1 alpha + Basic + One-Step,NASDAQ:PLAB,0.0
2021-05-11,12,AR1 alpha + Basic + One-Step,NASDAQ:PLAB,0.0
2021-05-12,12,AR1 alpha + Basic + One-Step,NASDAQ:PLAB,0.0
2021-05-13,12,AR1 alpha + Basic + One-Step,NASDAQ:PLAB,0.0
2021-05-14,12,AR1 alpha + Basic + One-Step,NASDAQ:PLAB,0.0
2021-05-17,12,AR1 alpha + Basic + One-Step,NASDAQ:PLAB,0.0
2021-05-18,12,AR1 alpha + Basic + One-Step,NASDAQ:PLAB,0.0
2021-05-19,12,AR1 alpha + Basic + One-Step,NASDAQ:PLAB,2.067757706593845e-09
2021-05-20,12,AR1 alpha + Basic + One-Step,NASDAQ:PLAB,1.243446784970352e-08
2021-05-21,12,AR1 alpha + Basic + One-Step,NASDAQ:PLAB,0.0
2021-05-24,12,AR1 alpha + Basic + One-Step,NASDAQ:PLAB,0.0
2021-05-25,12,AR1 alpha + Basic + One-Step,NASDAQ:PLAB,0.0
2021-05-26,12,AR1 alpha + Basic + One-Step,NASDAQ:PLAB,0.0
2021-05-27,12,AR1 alpha + Basic + One-Step,NASDAQ:PLAB,1.6931349807751626e-08
2021-05-28,12,AR1 alpha + Basic + One-Step,NASDAQ:PLAB,0.0
2021-06-01,12,AR1 alpha + Basic + One-Step,NASDAQ:PLAB,0.0
2021-06-02,12,AR1 alpha + Basic + One-Step,NASDAQ:PLAB,0.0
2021-06-03,12,AR1 alpha + Basic + One-Step,NASDAQ:PLAB,0.0
2021-06-04,12,AR1 alpha + Basic + One-Step,NASDAQ:PLAB,0.0
2021-06-07,12,AR1 alpha + Basic + One-Step,NASDAQ:PLAB,0.0
2021-06-08,12,AR1 alpha + Basic + One-Step,NASDAQ:PLAB,0.0
2021-06-09,12,AR1 alpha + Basic + One-Step,NASDAQ:PLAB,6.605442409543489e-08
2021-06-10,12,AR1 alpha + Basic + One-Step,NASDAQ:PLAB,4.090945443625461e-08
2021-06-11,12,AR1 alpha + Basic + One-Step,NASDAQ:PLAB,0.0
2021-06-14,12,AR1 alpha + Basic + One-Step,NASDAQ:PLAB,0.0
2021-06-15,12,AR1 alpha + Basic + One-Step,NASDAQ:PLAB,0.0
2021-06-16,12,AR1 alpha + Basic + One-Step,NASDAQ:PLAB,0.0
2021-06-17,12,AR1 alpha + Basic + One-Step,NASDAQ:PLAB,0.0
2021-06-18,12,AR1 alpha + Basic + One-Step,NASDAQ:PLAB,0.0
2021-06-21,12,AR1 alpha + Basic + One-Step,NASDAQ:PLAB,0.0
2021-06-22,12,AR1 alpha + Basic + One-Step,NASDAQ:PLAB,1.3966902548606627e-07
2021-06-23,12,AR1 alpha + Basic + One-Step,NASDAQ:PLAB,3.495135184032345e-07
2021-06-24,12,AR1 alpha + Basic + One-Step,NASDAQ:PLAB,7.906856433098796e-07
2021-06-25,12,AR1 alpha + Basic + One-Step,NASDAQ:PLAB,0.0
2021-06-28,12,AR1 alpha + Basic + One-Step,NASDAQ:PLAB,0.0
2021-06-29,12,AR1 alpha + Basic + One-Step,NASDAQ:PLAB,0.0
2021-06-30,12,AR1 alpha + Basic + One-Step,NASDAQ:PLAB,0.0
2021-07-01,12,AR1 alpha + Basic + One-Step,NASDAQ:PLAB,0.0
2021-07-02,12,AR1 alpha + Basic + One-Step,NASDAQ:PLAB,0.0
2021-07-06,12,AR1 alpha + Basic + One-Step,NASDAQ:PLAB,0.0
2021-07-07,12,AR1 alpha + Basic + One-Step,NASDAQ:PLAB,0.0
2021-07-08,12,AR1 alpha + Basic + One-Step,NASDAQ:PLAB,0.0
2021-07-09,12,AR1 alpha + Basic + One-Step,NASDAQ:PLAB,0.0
2021-07-12,12,AR1 alpha + Basic + One-Step,NASDAQ:PLAB,0.0
2021-07-13,12,AR1 alpha + Basic + One-Step,NASDAQ:PLAB,4.349113907541053e-08
2021-07-14,12,AR1 alpha + Basic + One-Step,NASDAQ:PLAB,0.0
2021-07-15,12,AR1 alpha + Basic + One-Step,NASDAQ:PLAB,0.0
2021-07-16,12,AR1 alpha + Basic + One-Step,NASDAQ:PLAB,2.483180746330221e-06
2021-07-19,12,AR1 alpha + Basic + One-Step,NASDAQ:PLAB,0.0
2021-07-20,12,AR1 alpha + Basic + One-Step,NASDAQ:PLAB,0.0
2021-07-21,12,AR1 alpha + Basic + One-Step,NASDAQ:PLAB,0.0
2021-07-22,12,AR1 alpha + Basic + One-Step,NASDAQ:PLAB,0.0
2021-07-23,12,AR1 alpha + Basic + One-Step,NASDAQ:PLAB,0.0
2021-07-26,12,AR1 alpha + Basic + One-Step,NASDAQ:PLAB,0.0
2021-07-27,12,AR1 alpha + Basic + One-Step,NASDAQ:PLAB,1.0702057544789733e-06
2021-07-28,12,AR1 alpha + Basic + One-Step,NASDAQ:PLAB,0.0
2021-07-29,12,AR1 alpha + Basic + One-Step,NASDAQ:PLAB,0.0
2021-07-30,12,AR1 alpha + Basic + One-Step,NASDAQ:PLAB,0.0
2021-08-02,12,AR1 alpha + Basic + One-Step,NASDAQ:PLAB,0.0
2021-08-03,12,AR1 alpha + Basic + One-Step,NASDAQ:PLAB,0.0
2021-08-04,12,AR1 alpha + Basic + One-Step,NASDAQ:PLAB,2.302720021481961e-08
2021-08-05,12,AR1 alpha + Basic + One-Step,NASDAQ:PLAB,0.0
2021-08-06,12,AR1 alpha + Basic + One-Step,NASDAQ:PLAB,0.0
2021-08-09,12,AR1 alpha + Basic + One-Step,NASDAQ:PLAB,5.153570838487301e-07
2021-08-10,12,AR1 alpha + Basic + One-Step,NASDAQ:PLAB,1.9095114986422918e-07
2021-08-11,12,AR1 alpha + Basic + One-Step,NASDAQ:PLAB,9.993331505308554e-08
2021-08-12,12,AR1 alpha + Basic + One-Step,NASDAQ:PLAB,0.0
2021-08-13,12,AR1 alpha + Basic + One-Step,NASDAQ:PLAB,0.0
2021-08-16,12,AR1 alpha + Basic + One-Step,NASDAQ:PLAB,0.0
2021-08-17,12,AR1 alpha + Basic + One-Step,NASDAQ:PLAB,4.842704381929684e-08
2021-08-18,12,AR1 alpha + Basic + One-Step,NASDAQ:PLAB,0.0
2021-08-19,12,AR1 alpha + Basic + One-Step,NASDAQ:PLAB,0.0
2021-08-20,12,AR1 alpha + Basic + One-Step,NASDAQ:PLAB,0.0
2021-08-23,12,AR1 alpha + Basic + One-Step,NASDAQ:PLAB,0.0
2021-08-24,12,AR1 alpha + Basic + One-Step,NASDAQ:PLAB,6.60585845149246e-08
2021-08-25,12,AR1 alpha + Basic + One-Step,NASDAQ:PLAB,0.0
2021-08-26,12,AR1 alpha + Basic + One-Step,NASDAQ:PLAB,0.0
2021-08-27,12,AR1 alpha + Basic + One-Step,NASDAQ:PLAB,1.26328748656789e-06
2021-08-30,12,AR1 alpha + Basic + One-Step,NASDAQ:PLAB,7.249380278897041e-08
2021-08-31,12,AR1 alpha + Basic + One-Step,NASDAQ:PLAB,0.0
2021-09-01,12,AR1 alpha + Basic + One-Step,NASDAQ:PLAB,0.0
2021-09-02,12,AR1 alpha + Basic + One-Step,NASDAQ:PLAB,0.0
2021-09-03,12,AR1 alpha + Basic + One-Step,NASDAQ:PLAB,0.0
2021-09-07,12,AR1 alpha + Basic + One-Step,NASDAQ:PLAB,0.0
2021-09-08,12,AR1 alpha + Basic + One-Step,NASDAQ:PLAB,0.0
2021-09-09,12,AR1 alpha + Basic + One-Step,NASDAQ:PLAB,9.610995219894757e-08
2021-09-10,12,AR1 alpha + Basic + One-Step,NASDAQ:PLAB,0.0
2021-09-13,12,AR1 alpha + Basic + One-Step,NASDAQ:PLAB,0.0
2021-09-14,12,AR1 alpha + Basic + One-Step,NASDAQ:PLAB,3.489024514891073e-07
2021-09-15,12,AR1 alpha + Basic + One-Step,NASDAQ:PLAB,0.0
2021-09-16,12,AR1 alpha + Basic + One-Step,NASDAQ:PLAB,0.0
2021-09-17,12,AR1 alpha + Basic + One-Step,NASDAQ:PLAB,0.0
2021-09-20,12,AR1 alpha + Basic + One-Step,NASDAQ:PLAB,0.0
2021-09-21,12,AR1 alpha + Basic + One-Step,NASDAQ:PLAB,1.3340413697856923e-07
2021-09-22,12,AR1 alpha + Basic + One-Step,NASDAQ:PLAB,0.0
2021-09-23,12,AR1 alpha + Basic + One-Step,NASDAQ:PLAB,0.0
2021-09-24,12,AR1 alpha + Basic + One-Step,NASDAQ:PLAB,0.0
2021-09-27,12,AR1 alpha + Basic + One-Step,NASDAQ:PLAB,0.0
2021-09-28,12,AR1 alpha + Basic + One-Step,NASDAQ:PLAB,0.0
2021-09-29,12,AR1 alpha + Basic + One-Step,NASDAQ:PLAB,0.0
2021-09-30,12,AR1 alpha + Basic + One-Step,NASDAQ:PLAB,0.0
2021-10-01,12,AR1 alpha + Basic + One-Step,NASDAQ:PLAB,0.0
2021-10-04,12,AR1 alpha + Basic + One-Step,NASDAQ:PLAB,0.0
2021-10-05,12,AR1 alpha + Basic + One-Step,NASDAQ:PLAB,0.0
2021-10-06,12,AR1 alpha + Basic + One-Step,NASDAQ:PLAB,2.556723327655684e-07
2021-10-07,12,AR1 alpha + Basic + One-Step,NASDAQ:PLAB,0.0
2021-10-08,12,AR1 alpha + Basic + One-Step,NASDAQ:PLAB,0.0
2021-10-11,12,AR1 alpha + Basic + One-Step,NASDAQ:PLAB,0.0
2021-10-12,12,AR1 alpha + Basic + One-Step,NASDAQ:PLAB,0.0
2021-10-13,12,AR1 alpha + Basic + One-Step,NASDAQ:PLAB,0.0
2021-10-14,12,AR1 alpha + Basic + One-Step,NASDAQ:PLAB,0.0
2021-10-15,12,AR1 alpha + Basic + One-Step,NASDAQ:PLAB,0.0
2021-10-18,12,AR1 alpha + Basic + One-Step,NASDAQ:PLAB,0.0
2021-10-19,12,AR1 alpha + Basic + One-Step,NASDAQ:PLAB,0.0
2021-10-20,12,AR1 alpha + Basic + One-Step,NASDAQ:PLAB,0.0
2021-10-21,12,AR1 alpha + Basic + One-Step,NASDAQ:PLAB,0.0
2021-10-22,12,AR1 alpha + Basic + One-Step,NASDAQ:PLAB,0.0
2021-10-25,12,AR1 alpha + Basic + One-Step,NASDAQ:PLAB,0.0
2021-10-26,12,AR1 alpha + Basic + One-Step,NASDAQ:PLAB,0.0
2021-10-27,12,AR1 alpha + Basic + One-Step,NASDAQ:PLAB,0.0
2021-10-28,12,AR1 alpha + Basic + One-Step,NASDAQ:PLAB,0.0
2021-10-29,12,AR1 alpha + Basic + One-Step,NASDAQ:PLAB,0.0
2021-11-01,12,AR1 alpha + Basic + One-Step,NASDAQ:PLAB,2.5305785758581754e-07
2021-11-02,12,AR1 alpha + Basic + One-Step,NASDAQ:PLAB,0.0
2021-11-03,12,AR1 alpha + Basic + One-Step,NASDAQ:PLAB,0.0
2021-11-04,12,AR1 alpha + Basic + One-Step,NASDAQ:PLAB,0.0
2021-11-05,12,AR1 alpha + Basic + One-Step,NASDAQ:PLAB,0.0
2021-11-08,12,AR1 alpha + Basic + One-Step,NASDAQ:PLAB,0.0
2021-11-09,12,AR1 alpha + Basic + One-Step,NASDAQ:PLAB,4.1933966236046375e-09
2021-11-10,12,AR1 alpha + Basic + One-Step,NASDAQ:PLAB,5.966202842947227e-10
2021-11-11,12,AR1 alpha + Basic + One-Step,NASDAQ:PLAB,0.0
2021-11-12,12,AR1 alpha + Basic + One-Step,NASDAQ:PLAB,0.0
2021-11-15,12,AR1 alpha + Basic + One-Step,NASDAQ:PLAB,0.0
2021-11-16,12,AR1 alpha + Basic + One-Step,NASDAQ:PLAB,0.0
2021-11-17,12,AR1 alpha + Basic + One-Step,NASDAQ:PLAB,0.0
2021-11-18,12,AR1 alpha + Basic + One-Step,NASDAQ:PLAB,0.0
2021-11-19,12,AR1 alpha + Basic + One-Step,NASDAQ:PLAB,0.0
2021-11-22,12,AR1 alpha + Basic + One-Step,NASDAQ:PLAB,0.0
2021-11-23,12,AR1 alpha + Basic + One-Step,NASDAQ:PLAB,0.0
2021-11-24,12,AR1 alpha + Basic + One-Step,NASDAQ:PLAB,0.0
2021-11-26,12,AR1 alpha + Basic + One-Step,NASDAQ:PLAB,0.0
2021-11-29,12,AR1 alpha + Basic + One-Step,NASDAQ:PLAB,0.0
2021-11-30,12,AR1 alpha + Basic + One-Step,NASDAQ:PLAB,0.0
2021-12-01,12,AR1 alpha + Basic + One-Step,NASDAQ:PLAB,0.0
2021-12-02,12,AR1 alpha + Basic + One-Step,NASDAQ:PLAB,0.0
2021-12-03,12,AR1 alpha + Basic + One-Step,NASDAQ:PLAB,0.0
2021-12-06,12,AR1 alpha + Basic + One-Step,NASDAQ:PLAB,0.0
2021-12-07,12,AR1 alpha + Basic + One-Step,NASDAQ:PLAB,0.0
2021-12-08,12,AR1 alpha + Basic + One-Step,NASDAQ:PLAB,0.0
2021-12-09,12,AR1 alpha + Basic + One-Step,NASDAQ:PLAB,0.0
2021-12-10,12,AR1 alpha + Basic + One-Step,NASDAQ:PLAB,1.4706679346845105e-08
2021-12-13,12,AR1 alpha + Basic + One-Step,NASDAQ:PLAB,0.0
2021-12-14,12,AR1 alpha + Basic + One-Step,NASDAQ:PLAB,1.508035729918414e-08
2021-12-15,12,AR1 alpha + Basic + One-Step,NASDAQ:PLAB,0.0
2021-12-16,12,AR1 alpha + Basic + One-Step,NASDAQ:PLAB,0.0
2021-12-17,12,AR1 alpha + Basic + One-Step,NASDAQ:PLAB,0.0
2021-12-20,12,AR1 alpha + Basic + One-Step,NASDAQ:PLAB,0.0
2021-12-21,12,AR1 alpha + Basic + One-Step,NASDAQ:PLAB,0.0
2021-12-22,12,AR1 alpha + Basic + One-Step,NASDAQ:PLAB,1.561950733222522e-07
2021-12-23,12,AR1 alpha + Basic + One-Step,NASDAQ:PLAB,0.0
2021-12-27,12,AR1 alpha + Basic + One-Step,NASDAQ:PLAB,0.0
2021-12-28,12,AR1 alpha + Basic + One-Step,NASDAQ:PLAB,0.0
2021-12-29,12,AR1 alpha + Basic + One-Step,NASDAQ:PLAB,0.0
2021-12-30,12,AR1 alpha + Basic + One-Step,NASDAQ:PLAB,5.385532955258431e-07
2021-12-31,12,AR1 alpha + Basic + One-Step,NASDAQ:PLAB,1.297293992911449e-07
2022-01-03,12,AR1 alpha + Basic + One-Step,NASDAQ:PLAB,7.44924364814329e-08
2022-01-04,12,AR1 alpha + Basic + One-Step,NASDAQ:PLAB,0.0
2022-01-05,12,AR1 alpha + Basic + One-Step,NASDAQ:PLAB,0.0
2022-01-06,12,AR1 alpha + Basic + One-Step,NASDAQ:PLAB,0.0
2022-01-07,12,AR1 alpha + Basic + One-Step,NASDAQ:PLAB,0.010995674111023047
2022-01-10,12,AR1 alpha + Basic + One-Step,NASDAQ:PLAB,0.04907469419764163
2022-01-11,12,AR1 alpha + Basic + One-Step,NASDAQ:PLAB,0.04963245103192438
2022-01-12,12,AR1 alpha + Basic + One-Step,NASDAQ:PLAB,0.03960006486884352
2022-01-13,12,AR1 alpha + Basic + One-Step,NASDAQ:PLAB,0.022124898467881866
2022-01-14,12,AR1 alpha + Basic + One-Step,NASDAQ:PLAB,0.0
2022-01-18,12,AR1 alpha + Basic + One-Step,NASDAQ:PLAB,0.07647068330080795
2022-01-19,12,AR1 alpha + Basic + One-Step,NASDAQ:PLAB,0.0387386573853671
2022-01-20,12,AR1 alpha + Basic + One-Step,NASDAQ:PLAB,0.056898088999040135
2022-01-21,12,AR1 alpha + Basic + One-Step,NASDAQ:PLAB,0.0021954878148510446
2022-01-24,12,AR1 alpha + Basic + One-Step,NASDAQ:PLAB,0.0
2022-01-25,12,AR1 alpha + Basic + One-Step,NASDAQ:PLAB,0.05456773248059718
2022-01-26,12,AR1 alpha + Basic + One-Step,NASDAQ:PLAB,0.02223637684803873
2022-01-27,12,AR1 alpha + Basic + One-Step,NASDAQ:PLAB,0.0
2022-01-28,12,AR1 alpha + Basic + One-Step,NASDAQ:PLAB,0.0
2022-01-31,12,AR1 alpha + Basic + One-Step,NASDAQ:PLAB,0.0
2022-02-01,12,AR1 alpha + Basic + One-Step,NASDAQ:PLAB,0.0
2022-02-02,12,AR1 alpha + Basic + One-Step,NASDAQ:PLAB,0.0
2022-02-03,12,AR1 alpha + Basic + One-Step,NASDAQ:PLAB,0.009841611194940987
2022-02-04,12,AR1 alpha + Basic + One-Step,NASDAQ:PLAB,0.006301959445776904
2022-02-07,12,AR1 alpha + Basic + One-Step,NASDAQ:PLAB,2.779251547063131e-07
2022-02-08,12,AR1 alpha + Basic + One-Step,NASDAQ:PLAB,1.0947856616987476e-06
2022-02-09,12,AR1 alpha + Basic + One-Step,NASDAQ:PLAB,0.0
2022-02-10,12,AR1 alpha + Basic + One-Step,NASDAQ:PLAB,0.0
2022-02-11,12,AR1 alpha + Basic + One-Step,NASDAQ:PLAB,7.106781216233117e-08
2022-02-14,12,AR1 alpha + Basic + One-Step,NASDAQ:PLAB,0.0
2022-02-15,12,AR1 alpha + Basic + One-Step,NASDAQ:PLAB,0.0
2022-02-16,12,AR1 alpha + Basic + One-Step,NASDAQ:PLAB,0.0
2022-02-17,12,AR1 alpha + Basic + One-Step,NASDAQ:PLAB,0.0
2022-02-18,12,AR1 alpha + Basic + One-Step,NASDAQ:PLAB,1.5767844493619715e-07
2022-02-22,12,AR1 alpha + Basic + One-Step,NASDAQ:PLAB,1.432031121531047e-08
2022-02-23,12,AR1 alpha + Basic + One-Step,NASDAQ:PLAB,0.024177627742967788
2022-02-24,12,AR1 alpha + Basic + One-Step,NASDAQ:PLAB,0.0
2022-02-25,12,AR1 alpha + Basic + One-Step,NASDAQ:PLAB,0.0
2022-02-28,12,AR1 alpha + Basic + One-Step,NASDAQ:PLAB,0.0
2022-03-01,12,AR1 alpha + Basic + One-Step,NASDAQ:PLAB,0.04389106876143933
2022-03-02,12,AR1 alpha + Basic + One-Step,NASDAQ:PLAB,0.006388937965952132
2022-03-03,12,AR1 alpha + Basic + One-Step,NASDAQ:PLAB,0.006388081401089744
2022-03-04,12,AR1 alpha + Basic + One-Step,NASDAQ:PLAB,0.0752388496228479
2022-03-07,12,AR1 alpha + Basic + One-Step,NASDAQ:PLAB,0.09999999759496236
2022-03-08,12,AR1 alpha + Basic + One-Step,NASDAQ:PLAB,0.10000075465144134
2022-03-09,12,AR1 alpha + Basic + One-Step,NASDAQ:PLAB,0.07760558654492887
2022-03-10,12,AR1 alpha + Basic + One-Step,NASDAQ:PLAB,0.09999983407212773
2022-03-11,12,AR1 alpha + Basic + One-Step,NASDAQ:PLAB,0.09999958988322506
2022-03-14,12,AR1 alpha + Basic + One-Step,NASDAQ:PLAB,0.09999949369119784
2022-03-15,12,AR1 alpha + Basic + One-Step,NASDAQ:PLAB,0.08941767541396382
2022-03-16,12,AR1 alpha + Basic + One-Step,NASDAQ:PLAB,0.035531928780317315
2022-03-17,12,AR1 alpha + Basic + One-Step,NASDAQ:PLAB,0.030104817654336705
2022-03-18,12,AR1 alpha + Basic + One-Step,NASDAQ:PLAB,0.00035519812273891016
2022-03-21,12,AR1 alpha + Basic + One-Step,NASDAQ:PLAB,0.010447270708469772
2022-03-22,12,AR1 alpha + Basic + One-Step,NASDAQ:PLAB,0.007335571916756531
2022-03-23,12,AR1 alpha + Basic + One-Step,NASDAQ:PLAB,0.043184896521041065
2022-03-24,12,AR1 alpha + Basic + One-Step,NASDAQ:PLAB,4.521108119059978e-08
2022-03-25,12,AR1 alpha + Basic + One-Step,NASDAQ:PLAB,0.0
2022-03-28,12,AR1 alpha + Basic + One-Step,NASDAQ:PLAB,0.0
2022-03-29,12,AR1 alpha + Basic + One-Step,NASDAQ:PLAB,0.018959248140465044
2022-03-30,12,AR1 alpha + Basic + One-Step,NASDAQ:PLAB,0.026398652406382405
2022-03-31,12,AR1 alpha + Basic + One-Step,NASDAQ:PLAB,0.03208291266121562
2022-04-01,12,AR1 alpha + Basic + One-Step,NASDAQ:PLAB,0.057725136636265766
2022-04-04,12,AR1 alpha + Basic + One-Step,NASDAQ:PLAB,0.02720595998402969
2022-04-05,12,AR1 alpha + Basic + One-Step,NASDAQ:PLAB,0.0
2022-04-06,12,AR1 alpha + Basic + One-Step,NASDAQ:PLAB,0.0
2022-04-07,12,AR1 alpha + Basic + One-Step,NASDAQ:PLAB,0.0
2022-04-08,12,AR1 alpha + Basic + One-Step,NASDAQ:PLAB,0.0
2022-04-11,12,AR1 alpha + Basic + One-Step,NASDAQ:PLAB,0.0
2022-04-12,12,AR1 alpha + Basic + One-Step,NASDAQ:PLAB,0.0
2022-04-13,12,AR1 alpha + Basic + One-Step,NASDAQ:PLAB,2.556784765780328e-07
2022-04-14,12,AR1 alpha + Basic + One-Step,NASDAQ:PLAB,1.8841769303724687e-08
2022-04-18,12,AR1 alpha + Basic + One-Step,NASDAQ:PLAB,0.0
2022-04-19,12,AR1 alpha + Basic + One-Step,NASDAQ:PLAB,0.0
2022-04-20,12,AR1 alpha + Basic + One-Step,NASDAQ:PLAB,4.5151046167025335e-08
2022-04-21,12,AR1 alpha + Basic + One-Step,NASDAQ:PLAB,0.0
2022-04-22,12,AR1 alpha + Basic + One-Step,NASDAQ:PLAB,0.0
2022-04-25,12,AR1 alpha + Basic + One-Step,NASDAQ:PLAB,0.0
2022-04-26,12,AR1 alpha + Basic + One-Step,NASDAQ:PLAB,0.0
2022-04-27,12,AR1 alpha + Basic + One-Step,NASDAQ:PLAB,0.0
2022-04-28,12,AR1 alpha + Basic + One-Step,NASDAQ:PLAB,0.0
2022-04-29,12,AR1 alpha + Basic + One-Step,NASDAQ:PLAB,0.0
2022-05-02,12,AR1 alpha + Basic + One-Step,NASDAQ:PLAB,0.0
2022-05-03,12,AR1 alpha + Basic + One-Step,NASDAQ:PLAB,0.0
2022-05-04,12,AR1 alpha + Basic + One-Step,NASDAQ:PLAB,4.790003379537551e-07
2022-05-05,12,AR1 alpha + Basic + One-Step,NASDAQ:PLAB,0.0
2022-05-06,12,AR1 alpha + Basic + One-Step,NASDAQ:PLAB,0.0
2022-05-09,12,AR1 alpha + Basic + One-Step,NASDAQ:PLAB,0.0
2022-05-10,12,AR1 alpha + Basic + One-Step,NASDAQ:PLAB,4.6845967306644156e-07
2022-05-11,12,AR1 alpha + Basic + One-Step,NASDAQ:PLAB,0.0
2022-05-12,12,AR1 alpha + Basic + One-Step,NASDAQ:PLAB,1.0586846417335823e-07
2022-05-13,12,AR1 alpha + Basic + One-Step,NASDAQ:PLAB,0.0
2022-05-16,12,AR1 alpha + Basic + One-Step,NASDAQ:PLAB,3.374600104537506e-07
2022-05-17,12,AR1 alpha + Basic + One-Step,NASDAQ:PLAB,6.840203147846394e-08
2022-05-18,12,AR1 alpha + Basic + One-Step,NASDAQ:PLAB,2.247075599518408e-07
2022-05-19,12,AR1 alpha + Basic + One-Step,NASDAQ:PLAB,0.0
2022-05-20,12,AR1 alpha + Basic + One-Step,NASDAQ:PLAB,0.0
2022-05-23,12,AR1 alpha + Basic + One-Step,NASDAQ:PLAB,6.205620824803798e-09
2022-05-24,12,AR1 alpha + Basic + One-Step,NASDAQ:PLAB,0.0
2022-05-25,12,AR1 alpha + Basic + One-Step,NASDAQ:PLAB,8.563644749158636e-08
2022-05-26,12,AR1 alpha + Basic + One-Step,NASDAQ:PLAB,0.0
2022-05-27,12,AR1 alpha + Basic + One-Step,NASDAQ:PLAB,0.016370772266221908
2022-05-31,12,AR1 alpha + Basic + One-Step,NASDAQ:PLAB,0.08418689373391806
2022-06-01,12,AR1 alpha + Basic + One-Step,NASDAQ:PLAB,0.09999990048194421
2022-06-02,12,AR1 alpha + Basic + One-Step,NASDAQ:PLAB,0.09999908542493703
2022-06-03,12,AR1 alpha + Basic + One-Step,NASDAQ:PLAB,0.0999997225597102
2022-06-06,12,AR1 alpha + Basic + One-Step,NASDAQ:PLAB,0.09999874698842949
2022-06-07,12,AR1 alpha + Basic + One-Step,NASDAQ:PLAB,0.09999574026565956
2022-06-08,12,AR1 alpha + Basic + One-Step,NASDAQ:PLAB,0.09999754575254766
2022-06-09,12,AR1 alpha + Basic + One-Step,NASDAQ:PLAB,0.07694222487275153
2022-06-10,12,AR1 alpha + Basic + One-Step,NASDAQ:PLAB,0.02747587264235373
2022-06-13,12,AR1 alpha + Basic + One-Step,NASDAQ:PLAB,4.935921997397926e-07
2022-06-14,12,AR1 alpha + Basic + One-Step,NASDAQ:PLAB,0.001541323778363215
2022-06-15,12,AR1 alpha + Basic + One-Step,NASDAQ:PLAB,0.03800784136538443
2022-06-16,12,AR1 alpha + Basic + One-Step,NASDAQ:PLAB,0.0
2022-06-17,12,AR1 alpha + Basic + One-Step,NASDAQ:PLAB,0.0
2022-06-21,12,AR1 alpha + Basic + One-Step,NASDAQ:PLAB,0.10000052563249488
2022-06-22,12,AR1 alpha + Basic + One-Step,NASDAQ:PLAB,0.09838258110873051
2022-06-23,12,AR1 alpha + Basic + One-Step,NASDAQ:PLAB,0.05636358583350968
2022-06-24,12,AR1 alpha + Basic + One-Step,NASDAQ:PLAB,0.09999994974911483
2022-06-27,12,AR1 alpha + Basic + One-Step,NASDAQ:PLAB,0.0999990106787576
2022-06-28,12,AR1 alpha + Basic + One-Step,NASDAQ:PLAB,0.09999711559644583
2022-06-29,12,AR1 alpha + Basic + One-Step,NASDAQ:PLAB,0.09999861081512512
2022-06-30,12,AR1 alpha + Basic + One-Step,NASDAQ:PLAB,0.09999657408204816
2022-07-01,12,AR1 alpha + Basic + One-Step,NASDAQ:PLAB,0.043512215952519646
2022-07-05,12,AR1 alpha + Basic + One-Step,NASDAQ:PLAB,0.029243059984500466
2022-07-06,12,AR1 alpha + Basic + One-Step,NASDAQ:PLAB,0.05211105144894629
2022-07-07,12,AR1 alpha + Basic + One-Step,NASDAQ:PLAB,0.08201843801128889
2022-07-08,12,AR1 alpha + Basic + One-Step,NASDAQ:PLAB,0.09999521521975939
2022-07-11,12,AR1 alpha + Basic + One-Step,NASDAQ:PLAB,0.09999648094167042
2022-07-12,12,AR1 alpha + Basic + One-Step,NASDAQ:PLAB,0.0999991816981343
2022-07-13,12,AR1 alpha + Basic + One-Step,NASDAQ:PLAB,0.09999994804989369
2022-07-14,12,AR1 alpha + Basic + One-Step,NASDAQ:PLAB,0.09999614654432348
2022-07-15,12,AR1 alpha + Basic + One-Step,NASDAQ:PLAB,0.09999734368310143
2022-07-18,12,AR1 alpha + Basic + One-Step,NASDAQ:PLAB,0.09999934655600043
2022-07-19,12,AR1 alpha + Basic + One-Step,NASDAQ:PLAB,0.09999945429066859
2022-07-20,12,AR1 alpha + Basic + One-Step,NASDAQ:PLAB,0.09999921309876003
2022-07-21,12,AR1 alpha + Basic + One-Step,NASDAQ:PLAB,0.09999985068912051
2022-07-22,12,AR1 alpha + Basic + One-Step,NASDAQ:PLAB,0.09999946409841379
2022-07-25,12,AR1 alpha + Basic + One-Step,NASDAQ:PLAB,0.09999969293094453
2022-07-26,12,AR1 alpha + Basic + One-Step,NASDAQ:PLAB,0.09999977106484931
2022-07-27,12,AR1 alpha + Basic + One-Step,NASDAQ:PLAB,0.09999918951335447
2022-07-28,12,AR1 alpha + Basic + One-Step,NASDAQ:PLAB,0.0999980138393441
2022-07-29,12,AR1 alpha + Basic + One-Step,NASDAQ:PLAB,0.09999832357024435
2022-08-01,12,AR1 alpha + Basic + One-Step,NASDAQ:PLAB,0.09999886084262456
2022-08-02,12,AR1 alpha + Basic + One-Step,NASDAQ:PLAB,0.09999906825376387
2022-08-03,12,AR1 alpha + Basic + One-Step,NASDAQ:PLAB,0.0999964891985077
2022-08-04,12,AR1 alpha + Basic + One-Step,NASDAQ:PLAB,0.09999737936648524
2022-08-05,12,AR1 alpha + Basic + One-Step,NASDAQ:PLAB,0.0999973549902591
2022-08-08,12,AR1 alpha + Basic + One-Step,NASDAQ:PLAB,0.09999844692506128
2022-08-09,12,AR1 alpha + Basic + One-Step,NASDAQ:PLAB,0.08465325415473576
2022-08-10,12,AR1 alpha + Basic + One-Step,NASDAQ:PLAB,0.09999894760574946
2022-08-11,12,AR1 alpha + Basic + One-Step,NASDAQ:PLAB,0.09999911186627175
2022-08-12,12,AR1 alpha + Basic + One-Step,NASDAQ:PLAB,0.09999912902393722
2022-08-15,12,AR1 alpha + Basic + One-Step,NASDAQ:PLAB,0.09999702092740756
2022-08-16,12,AR1 alpha + Basic + One-Step,NASDAQ:PLAB,0.09624539282360325
2022-08-17,12,AR1 alpha + Basic + One-Step,NASDAQ:PLAB,0.09999992419657816
2022-08-18,12,AR1 alpha + Basic + One-Step,NASDAQ:PLAB,0.09999930017355368
2022-08-19,12,AR1 alpha + Basic + One-Step,NASDAQ:PLAB,0.09999984429991782
2022-08-22,12,AR1 alpha + Basic + One-Step,NASDAQ:PLAB,0.09949136328360791
2022-08-23,12,AR1 alpha + Basic + One-Step,NASDAQ:PLAB,0.09999901443520694
2022-08-24,12,AR1 alpha + Basic + One-Step,NASDAQ:PLAB,0.09636290735010487
2022-08-25,12,AR1 alpha + Basic + One-Step,NASDAQ:PLAB,0.09999678096083149
2022-08-26,12,AR1 alpha + Basic + One-Step,NASDAQ:PLAB,0.09999416027297174
2022-08-29,12,AR1 alpha + Basic + One-Step,NASDAQ:PLAB,0.09999639124605741
2022-08-30,12,AR1 alpha + Basic + One-Step,NASDAQ:PLAB,0.016766407826872293
2022-08-31,12,AR1 alpha + Basic + One-Step,NASDAQ:PLAB,0.0018055775223286433
2022-09-01,12,AR1 alpha + Basic + One-Step,NASDAQ:PLAB,1.9157177403069933e-10
2022-09-02,12,AR1 alpha + Basic + One-Step,NASDAQ:PLAB,0.0
2022-09-06,12,AR1 alpha + Basic + One-Step,NASDAQ:PLAB,0.0
2022-09-07,12,AR1 alpha + Basic + One-Step,NASDAQ:PLAB,0.0
2022-09-08,12,AR1 alpha + Basic + One-Step,NASDAQ:PLAB,3.1346024029717804e-07
2022-09-09,12,AR1 alpha + Basic + One-Step,NASDAQ:PLAB,0.0
2022-09-12,12,AR1 alpha + Basic + One-Step,NASDAQ:PLAB,0.0
2022-09-13,12,AR1 alpha + Basic + One-Step,NASDAQ:PLAB,4.604430032005003e-08
2022-09-14,12,AR1 alpha + Basic + One-Step,NASDAQ:PLAB,6.888444701417584e-08
2022-09-15,12,AR1 alpha + Basic + One-Step,NASDAQ:PLAB,0.0
2022-09-16,12,AR1 alpha + Basic + One-Step,NASDAQ:PLAB,4.637574955928989e-08
2022-09-19,12,AR1 alpha + Basic + One-Step,NASDAQ:PLAB,0.0
2022-09-20,12,AR1 alpha + Basic + One-Step,NASDAQ:PLAB,0.0
2022-09-21,12,AR1 alpha + Basic + One-Step,NASDAQ:PLAB,0.0
2022-09-22,12,AR1 alpha + Basic + One-Step,NASDAQ:PLAB,0.0
2022-09-23,12,AR1 alpha + Basic + One-Step,NASDAQ:PLAB,0.0
2022-09-26,12,AR1 alpha + Basic + One-Step,NASDAQ:PLAB,3.5201832410322115e-09
2022-09-27,12,AR1 alpha + Basic + One-Step,NASDAQ:PLAB,0.0
2022-09-28,12,AR1 alpha + Basic + One-Step,NASDAQ:PLAB,0.0
2022-09-29,12,AR1 alpha + Basic + One-Step,NASDAQ:PLAB,0.0
2022-09-30,12,AR1 alpha + Basic + One-Step,NASDAQ:PLAB,0.0
2022-10-03,12,AR1 alpha + Basic + One-Step,NASDAQ:PLAB,0.0
2022-10-04,12,AR1 alpha + Basic + One-Step,NASDAQ:PLAB,0.0
2022-10-05,12,AR1 alpha + Basic + One-Step,NASDAQ:PLAB,7.99411395001669e-08
2022-10-06,12,AR1 alpha + Basic + One-Step,NASDAQ:PLAB,0.0
2022-10-07,12,AR1 alpha + Basic + One-Step,NASDAQ:PLAB,0.0
2022-10-10,12,AR1 alpha + Basic + One-Step,NASDAQ:PLAB,0.0
2022-10-11,12,AR1 alpha + Basic + One-Step,NASDAQ:PLAB,0.0
2022-10-12,12,AR1 alpha + Basic + One-Step,NASDAQ:PLAB,0.0
2022-10-13,12,AR1 alpha + Basic + One-Step,NASDAQ:PLAB,1.8319313544816326e-07
2022-10-14,12,AR1 alpha + Basic + One-Step,NASDAQ:PLAB,0.00863149491728744
2022-10-17,12,AR1 alpha + Basic + One-Step,NASDAQ:PLAB,0.008028033756161299
2022-10-18,12,AR1 alpha + Basic + One-Step,NASDAQ:PLAB,0.0
2022-10-19,12,AR1 alpha + Basic + One-Step,NASDAQ:PLAB,0.009320133885891665
2022-10-20,12,AR1 alpha + Basic + One-Step,NASDAQ:PLAB,0.019798524417210365
2022-10-21,12,AR1 alpha + Basic + One-Step,NASDAQ:PLAB,0.019798456606500203
2022-10-24,12,AR1 alpha + Basic + One-Step,NASDAQ:PLAB,0.026930751961201687
2022-10-25,12,AR1 alpha + Basic + One-Step,NASDAQ:PLAB,0.022611085751281308
2022-10-26,12,AR1 alpha + Basic + One-Step,NASDAQ:PLAB,0.0007098411617810705
2022-10-27,12,AR1 alpha + Basic + One-Step,NASDAQ:PLAB,0.0
2022-10-28,12,AR1 alpha + Basic + One-Step,NASDAQ:PLAB,0.0
2022-10-31,12,AR1 alpha + Basic + One-Step,NASDAQ:PLAB,0.0
2022-11-01,12,AR1 alpha + Basic + One-Step,NASDAQ:PLAB,0.0
2022-11-02,12,AR1 alpha + Basic + One-Step,NASDAQ:PLAB,1.3549287355704423e-07
2022-11-03,12,AR1 alpha + Basic + One-Step,NASDAQ:PLAB,3.3566109480342295e-07
2022-11-04,12,AR1 alpha + Basic + One-Step,NASDAQ:PLAB,5.8649983420949153e-08
2022-11-07,12,AR1 alpha + Basic + One-Step,NASDAQ:PLAB,0.0
2022-11-08,12,AR1 alpha + Basic + One-Step,NASDAQ:PLAB,0.0
2022-11-09,12,AR1 alpha + Basic + One-Step,NASDAQ:PLAB,0.004708497643708345
2022-11-10,12,AR1 alpha + Basic + One-Step,NASDAQ:PLAB,0.0
2022-11-11,12,AR1 alpha + Basic + One-Step,NASDAQ:PLAB,1.108448962483688e-07
2022-11-14,12,AR1 alpha + Basic + One-Step,NASDAQ:PLAB,0.0
2022-11-15,12,AR1 alpha + Basic + One-Step,NASDAQ:PLAB,0.0
2022-11-16,12,AR1 alpha + Basic + One-Step,NASDAQ:PLAB,0.006760784285774783
2022-11-17,12,AR1 alpha + Basic + One-Step,NASDAQ:PLAB,0.006758908377378584
2022-11-18,12,AR1 alpha + Basic + One-Step,NASDAQ:PLAB,0.008476307698437638
2022-11-21,12,AR1 alpha + Basic + One-Step,NASDAQ:PLAB,0.015830567868592722
2022-11-22,12,AR1 alpha + Basic + One-Step,NASDAQ:PLAB,0.018406045532499218
2022-11-23,12,AR1 alpha + Basic + One-Step,NASDAQ:PLAB,0.02452248472059328
2022-11-25,12,AR1 alpha + Basic + One-Step,NASDAQ:PLAB,0.03095052566572564
2022-11-28,12,AR1 alpha + Basic + One-Step,NASDAQ:PLAB,0.03686674209425855
2022-11-29,12,AR1 alpha + Basic + One-Step,NASDAQ:PLAB,0.02892198251330515
2022-11-30,12,AR1 alpha + Basic + One-Step,NASDAQ:PLAB,0.000393716809182315
2022-12-01,12,AR1 alpha + Basic + One-Step,NASDAQ:PLAB,0.005314967052514945
2022-12-02,12,AR1 alpha + Basic + One-Step,NASDAQ:PLAB,0.0
2022-12-05,12,AR1 alpha + Basic + One-Step,NASDAQ:PLAB,0.0
2022-12-06,12,AR1 alpha + Basic + One-Step,NASDAQ:PLAB,1.0494419385665907e-07
2022-12-07,12,AR1 alpha + Basic + One-Step,NASDAQ:PLAB,0.0
2022-12-08,12,AR1 alpha + Basic + One-Step,NASDAQ:PLAB,0.0
2022-12-09,12,AR1 alpha + Basic + One-Step,NASDAQ:PLAB,0.0
2022-12-12,12,AR1 alpha + Basic + One-Step,NASDAQ:PLAB,6.835280379855177e-09
2022-12-13,12,AR1 alpha + Basic + One-Step,NASDAQ:PLAB,1.8824482267504732e-07
2022-12-14,12,AR1 alpha + Basic + One-Step,NASDAQ:PLAB,5.230109591287589e-09
2022-12-15,12,AR1 alpha + Basic + One-Step,NASDAQ:PLAB,0.0
2022-12-16,12,AR1 alpha + Basic + One-Step,NASDAQ:PLAB,0.0
2022-12-19,12,AR1 alpha + Basic + One-Step,NASDAQ:PLAB,0.0
2022-12-20,12,AR1 alpha + Basic + One-Step,NASDAQ:PLAB,0.0
2022-12-21,12,AR1 alpha + Basic + One-Step,NASDAQ:PLAB,0.0
2022-12-22,12,AR1 alpha + Basic + One-Step,NASDAQ:PLAB,0.0
2022-12-23,12,AR1 alpha + Basic + One-Step,NASDAQ:PLAB,0.0
2022-12-27,12,AR1 alpha + Basic + One-Step,NASDAQ:PLAB,1.2592320001494827e-07
2022-12-28,12,AR1 alpha + Basic + One-Step,NASDAQ:PLAB,0.0
2022-12-29,12,AR1 alpha + Basic + One-Step,NASDAQ:PLAB,2.662072899249537e-08
2022-12-30,12,AR1 alpha + Basic + One-Step,NASDAQ:PLAB,0.0
2023-01-03,12,AR1 alpha + Basic + One-Step,NASDAQ:PLAB,1.9369181874311148e-08
2023-01-04,12,AR1 alpha + Basic + One-Step,NASDAQ:PLAB,4.919967896620633e-08
2023-01-05,12,AR1 alpha + Basic + One-Step,NASDAQ:PLAB,0.0
2023-01-06,12,AR1 alpha + Basic + One-Step,NASDAQ:PLAB,0.0
2023-01-09,12,AR1 alpha + Basic + One-Step,NASDAQ:PLAB,0.0
2023-01-10,12,AR1 alpha + Basic + One-Step,NASDAQ:PLAB,0.0
2023-01-11,12,AR1 alpha + Basic + One-Step,NASDAQ:PLAB,8.777991019009659e-09
2023-01-12,12,AR1 alpha + Basic + One-Step,NASDAQ:PLAB,0.0
2023-01-13,12,AR1 alpha + Basic + One-Step,NASDAQ:PLAB,6.8434783482378314e-09
2023-01-17,12,AR1 alpha + Basic + One-Step,NASDAQ:PLAB,0.0
2023-01-18,12,AR1 alpha + Basic + One-Step,NASDAQ:PLAB,0.0
2023-01-19,12,AR1 alpha + Basic + One-Step,NASDAQ:PLAB,0.0
2023-01-20,12,AR1 alpha + Basic + One-Step,NASDAQ:PLAB,0.0
2023-01-23,12,AR1 alpha + Basic + One-Step,NASDAQ:PLAB,0.0
2023-01-24,12,AR1 alpha + Basic + One-Step,NASDAQ:PLAB,0.0
2023-01-25,12,AR1 alpha + Basic + One-Step,NASDAQ:PLAB,0.0
2023-01-26,12,AR1 alpha + Basic + One-Step,NASDAQ:PLAB,0.0
2023-01-27,12,AR1 alpha + Basic + One-Step,NASDAQ:PLAB,0.0
2023-01-30,12,AR1 alpha + Basic + One-Step,NASDAQ:PLAB,0.0
2023-01-31,12,AR1 alpha + Basic + One-Step,NASDAQ:PLAB,0.0
2023-02-01,12,AR1 alpha + Basic + One-Step,NASDAQ:PLAB,0.0
2023-02-02,12,AR1 alpha + Basic + One-Step,NASDAQ:PLAB,2.5392463874433097e-07
2023-02-03,12,AR1 alpha + Basic + One-Step,NASDAQ:PLAB,0.0
2023-02-06,12,AR1 alpha + Basic + One-Step,NASDAQ:PLAB,0.0
2023-02-07,12,AR1 alpha + Basic + One-Step,NASDAQ:PLAB,0.0
2023-02-08,12,AR1 alpha + Basic + One-Step,NASDAQ:PLAB,0.0
2023-02-09,12,AR1 alpha + Basic + One-Step,NASDAQ:PLAB,0.0
2023-02-10,12,AR1 alpha + Basic + One-Step,NASDAQ:PLAB,0.0
2023-02-13,12,AR1 alpha + Basic + One-Step,NASDAQ:PLAB,0.0
2023-02-14,12,AR1 alpha + Basic + One-Step,NASDAQ:PLAB,0.0
2023-02-15,12,AR1 alpha + Basic + One-Step,NASDAQ:PLAB,0.0
2023-02-16,12,AR1 alpha + Basic + One-Step,NASDAQ:PLAB,0.0
2023-02-17,12,AR1 alpha + Basic + One-Step,NASDAQ:PLAB,0.0
2023-02-21,12,AR1 alpha + Basic + One-Step,NASDAQ:PLAB,0.0
2023-02-22,12,AR1 alpha + Basic + One-Step,NASDAQ:PLAB,0.0
2023-02-23,12,AR1 alpha + Basic + One-Step,NASDAQ:PLAB,2.950409711820895e-08
2023-02-24,12,AR1 alpha + Basic + One-Step,NASDAQ:PLAB,0.0
2023-02-27,12,AR1 alpha + Basic + One-Step,NASDAQ:PLAB,2.7120925116146486e-08
2023-02-28,12,AR1 alpha + Basic + One-Step,NASDAQ:PLAB,7.039733973994393e-08
2023-03-01,12,AR1 alpha + Basic + One-Step,NASDAQ:PLAB,6.809853861616486e-08
2023-03-02,12,AR1 alpha + Basic + One-Step,NASDAQ:PLAB,0.0
2023-03-03,12,AR1 alpha + Basic + One-Step,NASDAQ:PLAB,0.0
2023-03-06,12,AR1 alpha + Basic + One-Step,NASDAQ:PLAB,0.0
2023-03-07,12,AR1 alpha + Basic + One-Step,NASDAQ:PLAB,0.0
2023-03-08,12,AR1 alpha + Basic + One-Step,NASDAQ:PLAB,2.4079354326282994e-09
2023-03-09,12,AR1 alpha + Basic + One-Step,NASDAQ:PLAB,4.716859795880844e-08
2023-03-10,12,AR1 alpha + Basic + One-Step,NASDAQ:PLAB,1.7553752782373744e-08
2023-03-13,12,AR1 alpha + Basic + One-Step,NASDAQ:PLAB,2.1323555964764113e-07
2023-03-14,12,AR1 alpha + Basic + One-Step,NASDAQ:PLAB,0.0
2023-03-15,12,AR1 alpha + Basic + One-Step,NASDAQ:PLAB,0.0
2023-03-16,12,AR1 alpha + Basic + One-Step,NASDAQ:PLAB,1.891222032094392e-09
2023-03-17,12,AR1 alpha + Basic + One-Step,NASDAQ:PLAB,0.0
2023-03-20,12,AR1 alpha + Basic + One-Step,NASDAQ:PLAB,0.0
2023-03-21,12,AR1 alpha + Basic + One-Step,NASDAQ:PLAB,0.0
2023-03-22,12,AR1 alpha + Basic + One-Step,NASDAQ:PLAB,0.0
2023-03-23,12,AR1 alpha + Basic + One-Step,NASDAQ:PLAB,0.0
2023-03-24,12,AR1 alpha + Basic + One-Step,NASDAQ:PLAB,0.0
2023-03-27,12,AR1 alpha + Basic + One-Step,NASDAQ:PLAB,0.0
2023-03-28,12,AR1 alpha + Basic + One-Step,NASDAQ:PLAB,0.0
2023-03-29,12,AR1 alpha + Basic + One-Step,NASDAQ:PLAB,0.0
2023-03-30,12,AR1 alpha + Basic + One-Step,NASDAQ:PLAB,2.8845280756373393e-09
2023-03-31,12,AR1 alpha + Basic + One-Step,NASDAQ:PLAB,7.680202043736007e-08
2023-04-03,12,AR1 alpha + Basic + One-Step,NASDAQ:PLAB,0.0
2023-04-04,12,AR1 alpha + Basic + One-Step,NASDAQ:PLAB,0.0
2023-04-05,12,AR1 alpha + Basic + One-Step,NASDAQ:PLAB,8.296298445603776e-08
2023-04-06,12,AR1 alpha + Basic + One-Step,NASDAQ:PLAB,1.943001114510898e-07
2023-04-10,12,AR1 alpha + Basic + One-Step,NASDAQ:PLAB,1.1738632606476247e-06
2023-04-11,12,AR1 alpha + Basic + One-Step,NASDAQ:PLAB,2.3301656102312752e-07
2023-04-12,12,AR1 alpha + Basic + One-Step,NASDAQ:PLAB,4.3254139664072157e-07
2023-04-13,12,AR1 alpha + Basic + One-Step,NASDAQ:PLAB,1.0594251479070094e-07
2023-04-14,12,AR1 alpha + Basic + One-Step,NASDAQ:PLAB,1.084987904776821e-08
2023-04-17,12,AR1 alpha + Basic + One-Step,NASDAQ:PLAB,0.0
2023-04-18,12,AR1 alpha + Basic + One-Step,NASDAQ:PLAB,4.843128617084179e-07
2023-04-19,12,AR1 alpha + Basic + One-Step,NASDAQ:PLAB,1.0777454360503469e-07
2023-04-20,12,AR1 alpha + Basic + One-Step,NASDAQ:PLAB,2.147468444597253e-08
2023-04-21,12,AR1 alpha + Basic + One-Step,NASDAQ:PLAB,7.438546598042773e-08
2023-04-24,12,AR1 alpha + Basic + One-Step,NASDAQ:PLAB,1.8573643325145552e-07
2023-04-25,12,AR1 alpha + Basic + One-Step,NASDAQ:PLAB,0.0
2023-04-26,12,AR1 alpha + Basic + One-Step,NASDAQ:PLAB,2.94600855575156e-10
2023-04-27,12,AR1 alpha + Basic + One-Step,NASDAQ:PLAB,0.0
2023-04-28,12,AR1 alpha + Basic + One-Step,NASDAQ:PLAB,2.0951087690559494e-09
2023-05-01,12,AR1 alpha + Basic + One-Step,NASDAQ:PLAB,7.99932991184184e-09
2023-05-02,12,AR1 alpha + Basic + One-Step,NASDAQ:PLAB,4.0050002136708496e-08
2023-05-03,12,AR1 alpha + Basic + One-Step,NASDAQ:PLAB,0.0
2023-05-04,12,AR1 alpha + Basic + One-Step,NASDAQ:PLAB,0.0
2023-05-05,12,AR1 alpha + Basic + One-Step,NASDAQ:PLAB,5.453355812207399e-08
2023-05-08,12,AR1 alpha + Basic + One-Step,NASDAQ:PLAB,0.0
2023-05-09,12,AR1 alpha + Basic + One-Step,NASDAQ:PLAB,0.0
2023-05-10,12,AR1 alpha + Basic + One-Step,NASDAQ:PLAB,1.1022788627280984e-07
2023-05-11,12,AR1 alpha + Basic + One-Step,NASDAQ:PLAB,3.4248603228332495e-07
2023-05-12,12,AR1 alpha + Basic + One-Step,NASDAQ:PLAB,6.196278361882376e-07
2023-05-15,12,AR1 alpha + Basic + One-Step,NASDAQ:PLAB,1.6529465945320205e-07
2023-05-16,12,AR1 alpha + Basic + One-Step,NASDAQ:PLAB,0.0
2023-05-17,12,AR1 alpha + Basic + One-Step,NASDAQ:PLAB,7.926953500372165e-08
2023-05-18,12,AR1 alpha + Basic + One-Step,NASDAQ:PLAB,0.0
2023-05-19,12,AR1 alpha + Basic + One-Step,NASDAQ:PLAB,0.0
2023-05-22,12,AR1 alpha + Basic + One-Step,NASDAQ:PLAB,0.0
2023-05-23,12,AR1 alpha + Basic + One-Step,NASDAQ:PLAB,0.0
2023-05-24,12,AR1 alpha + Basic + One-Step,NASDAQ:PLAB,0.0
2023-05-25,12,AR1 alpha + Basic + One-Step,NASDAQ:PLAB,0.022976002184033263
2023-05-26,12,AR1 alpha + Basic + One-Step,NASDAQ:PLAB,0.0
2023-05-30,12,AR1 alpha + Basic + One-Step,NASDAQ:PLAB,0.0
2023-05-31,12,AR1 alpha + Basic + One-Step,NASDAQ:PLAB,1.567922275251788e-08
2023-06-01,12,AR1 alpha + Basic + One-Step,NASDAQ:PLAB,8.562406472737973e-09
2023-06-02,12,AR1 alpha + Basic + One-Step,NASDAQ:PLAB,0.0
2023-06-05,12,AR1 alpha + Basic + One-Step,NASDAQ:PLAB,0.0
2023-06-06,12,AR1 alpha + Basic + One-Step,NASDAQ:PLAB,0.0
2023-06-07,12,AR1 alpha + Basic + One-Step,NASDAQ:PLAB,4.6820376092251224e-08
2023-06-08,12,AR1 alpha + Basic + One-Step,NASDAQ:PLAB,0.0
2023-06-09,12,AR1 alpha + Basic + One-Step,NASDAQ:PLAB,3.032050833421372e-07
2023-06-12,12,AR1 alpha + Basic + One-Step,NASDAQ:PLAB,0.0
2023-06-13,12,AR1 alpha + Basic + One-Step,NASDAQ:PLAB,1.1681399973068132e-07
2023-06-14,12,AR1 alpha + Basic + One-Step,NASDAQ:PLAB,0.0
2023-06-15,12,AR1 alpha + Basic + One-Step,NASDAQ:PLAB,0.0
2023-06-16,12,AR1 alpha + Basic + One-Step,NASDAQ:PLAB,6.836709858344435e-09
2023-06-20,12,AR1 alpha + Basic + One-Step,NASDAQ:PLAB,0.0
2023-06-21,12,AR1 alpha + Basic + One-Step,NASDAQ:PLAB,0.0
2023-06-22,12,AR1 alpha + Basic + One-Step,NASDAQ:PLAB,0.0
2023-06-23,12,AR1 alpha + Basic + One-Step,NASDAQ:PLAB,0.0
2023-06-26,12,AR1 alpha + Basic + One-Step,NASDAQ:PLAB,0.0
2023-06-27,12,AR1 alpha + Basic + One-Step,NASDAQ:PLAB,0.0
2023-06-28,12,AR1 alpha + Basic + One-Step,NASDAQ:PLAB,0.0
2023-06-29,12,AR1 alpha + Basic + One-Step,NASDAQ:PLAB,0.0
2023-06-30,12,AR1 alpha + Basic + One-Step,NASDAQ:PLAB,0.0
2023-07-03,12,AR1 alpha + Basic + One-Step,NASDAQ:PLAB,0.0
2023-07-05,12,AR1 alpha + Basic + One-Step,NASDAQ:PLAB,2.981354046562217e-07
2023-07-06,12,AR1 alpha + Basic + One-Step,NASDAQ:PLAB,0.0
2023-07-07,12,AR1 alpha + Basic + One-Step,NASDAQ:PLAB,0.0
2023-07-10,12,AR1 alpha + Basic + One-Step,NASDAQ:PLAB,3.420686359128207e-07
2023-07-11,12,AR1 alpha + Basic + One-Step,NASDAQ:PLAB,0.0
2023-07-12,12,AR1 alpha + Basic + One-Step,NASDAQ:PLAB,0.0
2023-07-13,12,AR1 alpha + Basic + One-Step,NASDAQ:PLAB,0.0
2023-07-14,12,AR1 alpha + Basic + One-Step,NASDAQ:PLAB,1.0308617741463972e-07
2023-07-17,12,AR1 alpha + Basic + One-Step,NASDAQ:PLAB,6.582603198119394e-07
2023-07-18,12,AR1 alpha + Basic + One-Step,NASDAQ:PLAB,7.915919388081333e-07
2023-07-19,12,AR1 alpha + Basic + One-Step,NASDAQ:PLAB,0.0
2023-07-20,12,AR1 alpha + Basic + One-Step,NASDAQ:PLAB,0.0
2023-07-21,12,AR1 alpha + Basic + One-Step,NASDAQ:PLAB,0.0
2023-07-24,12,AR1 alpha + Basic + One-Step,NASDAQ:PLAB,0.0
2023-07-25,12,AR1 alpha + Basic + One-Step,NASDAQ:PLAB,0.0
2023-07-26,12,AR1 alpha + Basic + One-Step,NASDAQ:PLAB,0.0
2023-07-27,12,AR1 alpha + Basic + One-Step,NASDAQ:PLAB,0.0
2023-07-28,12,AR1 alpha + Basic + One-Step,NASDAQ:PLAB,0.0
2023-07-31,12,AR1 alpha + Basic + One-Step,NASDAQ:PLAB,0.0
2023-08-01,12,AR1 alpha + Basic + One-Step,NASDAQ:PLAB,0.0
2023-08-02,12,AR1 alpha + Basic + One-Step,NASDAQ:PLAB,0.0
2023-08-03,12,AR1 alpha + Basic + One-Step,NASDAQ:PLAB,0.0
2023-08-04,12,AR1 alpha + Basic + One-Step,NASDAQ:PLAB,0.0
2023-08-07,12,AR1 alpha + Basic + One-Step,NASDAQ:PLAB,2.4255799928205436e-09
2023-08-08,12,AR1 alpha + Basic + One-Step,NASDAQ:PLAB,0.0
2023-08-09,12,AR1 alpha + Basic + One-Step,NASDAQ:PLAB,0.0
2023-08-10,12,AR1 alpha + Basic + One-Step,NASDAQ:PLAB,0.0
2023-08-11,12,AR1 alpha + Basic + One-Step,NASDAQ:PLAB,3.507793397384633e-07
2023-08-14,12,AR1 alpha + Basic + One-Step,NASDAQ:PLAB,0.0
2023-08-15,12,AR1 alpha + Basic + One-Step,NASDAQ:PLAB,0.0
2023-08-16,12,AR1 alpha + Basic + One-Step,NASDAQ:PLAB,0.0
2023-08-17,12,AR1 alpha + Basic + One-Step,NASDAQ:PLAB,0.0
2023-08-18,12,AR1 alpha + Basic + One-Step,NASDAQ:PLAB,0.0
2023-08-21,12,AR1 alpha + Basic + One-Step,NASDAQ:PLAB,1.989106844160343e-09
2023-08-22,12,AR1 alpha + Basic + One-Step,NASDAQ:PLAB,0.0
2023-08-23,12,AR1 alpha + Basic + One-Step,NASDAQ:PLAB,5.639204849020269e-08
2023-08-24,12,AR1 alpha + Basic + One-Step,NASDAQ:PLAB,0.0
2023-08-25,12,AR1 alpha + Basic + One-Step,NASDAQ:PLAB,5.5486548090703134e-08
2023-08-28,12,AR1 alpha + Basic + One-Step,NASDAQ:PLAB,0.0
2023-08-29,12,AR1 alpha + Basic + One-Step,NASDAQ:PLAB,0.0
2023-08-30,12,AR1 alpha + Basic + One-Step,NASDAQ:PLAB,0.0
2023-08-31,12,AR1 alpha + Basic + One-Step,NASDAQ:PLAB,0.0
2023-09-01,12,AR1 alpha + Basic + One-Step,NASDAQ:PLAB,0.03992377342495586
2023-09-05,12,AR1 alpha + Basic + One-Step,NASDAQ:PLAB,0.0
2023-09-06,12,AR1 alpha + Basic + One-Step,NASDAQ:PLAB,3.006830897019924e-10
2023-09-07,12,AR1 alpha + Basic + One-Step,NASDAQ:PLAB,2.151460908883426e-06
2023-09-08,12,AR1 alpha + Basic + One-Step,NASDAQ:PLAB,1.8757868249138098e-06
2023-09-11,12,AR1 alpha + Basic + One-Step,NASDAQ:PLAB,0.0
2023-09-12,12,AR1 alpha + Basic + One-Step,NASDAQ:PLAB,5.331116872837412e-07
2023-09-13,12,AR1 alpha + Basic + One-Step,NASDAQ:PLAB,0.0
2023-09-14,12,AR1 alpha + Basic + One-Step,NASDAQ:PLAB,0.0
2023-09-15,12,AR1 alpha + Basic + One-Step,NASDAQ:PLAB,0.0
2023-09-18,12,AR1 alpha + Basic + One-Step,NASDAQ:PLAB,0.0
2023-09-19,12,AR1 alpha + Basic + One-Step,NASDAQ:PLAB,4.9206919385815055e-09
2023-09-20,12,AR1 alpha + Basic + One-Step,NASDAQ:PLAB,2.666882381481541e-07
2023-09-21,12,AR1 alpha + Basic + One-Step,NASDAQ:PLAB,2.456575690564971e-06
2023-09-22,12,AR1 alpha + Basic + One-Step,NASDAQ:PLAB,0.0
2023-09-25,12,AR1 alpha + Basic + One-Step,NASDAQ:PLAB,0.0
2023-09-26,12,AR1 alpha + Basic + One-Step,NASDAQ:PLAB,0.0
2023-09-27,12,AR1 alpha + Basic + One-Step,NASDAQ:PLAB,1.6915144916158437e-06
2023-09-28,12,AR1 alpha + Basic + One-Step,NASDAQ:PLAB,0.06140095356262042
2023-09-29,12,AR1 alpha + Basic + One-Step,NASDAQ:PLAB,0.01122803237665632
2023-10-02,12,AR1 alpha + Basic + One-Step,NASDAQ:PLAB,0.013891137486511914
2023-10-03,12,AR1 alpha + Basic + One-Step,NASDAQ:PLAB,0.0
2023-10-04,12,AR1 alpha + Basic + One-Step,NASDAQ:PLAB,0.0
2023-10-05,12,AR1 alpha + Basic + One-Step,NASDAQ:PLAB,0.0
2023-10-06,12,AR1 alpha + Basic + One-Step,NASDAQ:PLAB,0.04723094606775889
2023-10-09,12,AR1 alpha + Basic + One-Step,NASDAQ:PLAB,0.0
2023-10-10,12,AR1 alpha + Basic + One-Step,NASDAQ:PLAB,0.0
2023-10-11,12,AR1 alpha + Basic + One-Step,NASDAQ:PLAB,0.021413931385039112
2023-10-12,12,AR1 alpha + Basic + One-Step,NASDAQ:PLAB,0.030527700586762546
2023-10-13,12,AR1 alpha + Basic + One-Step,NASDAQ:PLAB,0.0
2023-10-16,12,AR1 alpha + Basic + One-Step,NASDAQ:PLAB,0.0
2023-10-17,12,AR1 alpha + Basic + One-Step,NASDAQ:PLAB,0.0
2023-10-18,12,AR1 alpha + Basic + One-Step,NASDAQ:PLAB,0.0
2023-10-19,12,AR1 alpha + Basic + One-Step,NASDAQ:PLAB,0.0
2023-10-20,12,AR1 alpha + Basic + One-Step,NASDAQ:PLAB,0.0
2023-10-23,12,AR1 alpha + Basic + One-Step,NASDAQ:PLAB,0.0
2023-10-24,12,AR1 alpha + Basic + One-Step,NASDAQ:PLAB,0.0
2023-10-25,12,AR1 alpha + Basic + One-Step,NASDAQ:PLAB,0.0
2023-10-26,12,AR1 alpha + Basic + One-Step,NASDAQ:PLAB,0.0
2023-10-27,12,AR1 alpha + Basic + One-Step,NASDAQ:PLAB,0.0
2023-10-30,12,AR1 alpha + Basic + One-Step,NASDAQ:PLAB,2.6784650492344057e-09
2023-10-31,12,AR1 alpha + Basic + One-Step,NASDAQ:PLAB,0.0
2023-11-01,12,AR1 alpha + Basic + One-Step,NASDAQ:PLAB,0.0
2023-11-02,12,AR1 alpha + Basic + One-Step,NASDAQ:PLAB,0.02295904263018128
2023-11-03,12,AR1 alpha + Basic + One-Step,NASDAQ:PLAB,0.07173076379711703
2023-11-06,12,AR1 alpha + Basic + One-Step,NASDAQ:PLAB,0.07172718466750838
2023-11-07,12,AR1 alpha + Basic + One-Step,NASDAQ:PLAB,4.1270178831507755e-08
2023-11-08,12,AR1 alpha + Basic + One-Step,NASDAQ:PLAB,3.505583950691148e-08
2023-11-09,12,AR1 alpha + Basic + One-Step,NASDAQ:PLAB,0.0
2023-11-10,12,AR1 alpha + Basic + One-Step,NASDAQ:PLAB,0.025818973463796975
2023-11-13,12,AR1 alpha + Basic + One-Step,NASDAQ:PLAB,0.0
2023-11-14,12,AR1 alpha + Basic + One-Step,NASDAQ:PLAB,0.09999960935945189
2023-11-15,12,AR1 alpha + Basic + One-Step,NASDAQ:PLAB,0.0999976079385285
2023-11-16,12,AR1 alpha + Basic + One-Step,NASDAQ:PLAB,0.09999862831054854
2023-11-17,12,AR1 alpha + Basic + One-Step,NASDAQ:PLAB,0.07108475755390668
2023-11-20,12,AR1 alpha + Basic + One-Step,NASDAQ:PLAB,0.011249525766100868
2023-11-21,12,AR1 alpha + Basic + One-Step,NASDAQ:PLAB,0.0
2023-11-22,12,AR1 alpha + Basic + One-Step,NASDAQ:PLAB,0.0
2023-11-24,12,AR1 alpha + Basic + One-Step,NASDAQ:PLAB,0.0
2023-11-27,12,AR1 alpha + Basic + One-Step,NASDAQ:PLAB,0.0
2023-11-28,12,AR1 alpha + Basic + One-Step,NASDAQ:PLAB,0.0
2023-11-29,12,AR1 alpha + Basic + One-Step,NASDAQ:PLAB,0.0
2023-11-30,12,AR1 alpha + Basic + One-Step,NASDAQ:PLAB,0.0
2023-12-01,12,AR1 alpha + Basic + One-Step,NASDAQ:PLAB,3.876216834263693e-08
2023-12-04,12,AR1 alpha + Basic + One-Step,NASDAQ:PLAB,0.0
2023-12-05,12,AR1 alpha + Basic + One-Step,NASDAQ:PLAB,0.0
2023-12-06,12,AR1 alpha + Basic + One-Step,NASDAQ:PLAB,0.0
2023-12-07,12,AR1 alpha + Basic + One-Step,NASDAQ:PLAB,4.335264247277787e-08
2023-12-08,12,AR1 alpha + Basic + One-Step,NASDAQ:PLAB,0.0
2023-12-11,12,AR1 alpha + Basic + One-Step,NASDAQ:PLAB,0.0
2023-12-12,12,AR1 alpha + Basic + One-Step,NASDAQ:PLAB,0.0
2023-12-13,12,AR1 alpha + Basic + One-Step,NASDAQ:PLAB,0.09999410451835558
2023-12-14,12,AR1 alpha + Basic + One-Step,NASDAQ:PLAB,0.09999317663164156
2023-12-15,12,AR1 alpha + Basic + One-Step,NASDAQ:PLAB,0.09999570362145116
2023-12-18,12,AR1 alpha + Basic + One-Step,NASDAQ:PLAB,0.09999263932455661
2023-12-19,12,AR1 alpha + Basic + One-Step,NASDAQ:PLAB,0.0999955996462375
2023-12-20,12,AR1 alpha + Basic + One-Step,NASDAQ:PLAB,0.09999278378421489
2023-12-21,12,AR1 alpha + Basic + One-Step,NASDAQ:PLAB,0.09999147945012131
2023-12-22,12,AR1 alpha + Basic + One-Step,NASDAQ:PLAB,0.0999956595574686
2023-12-26,12,AR1 alpha + Basic + One-Step,NASDAQ:PLAB,0.09999065637601251
2023-12-27,12,AR1 alpha + Basic + One-Step,NASDAQ:PLAB,0.09999501995104905
2023-12-28,12,AR1 alpha + Basic + One-Step,NASDAQ:PLAB,0.09999644847348346
2023-12-29,12,AR1 alpha + Basic + One-Step,NASDAQ:PLAB,0.09999861327770317
2024-01-02,12,AR1 alpha + Basic + One-Step,NASDAQ:PLAB,0.06089323769846494
2024-01-03,12,AR1 alpha + Basic + One-Step,NASDAQ:PLAB,0.0
2024-01-04,12,AR1 alpha + Basic + One-Step,NASDAQ:PLAB,0.0
2024-01-05,12,AR1 alpha + Basic + One-Step,NASDAQ:PLAB,0.0
2024-01-08,12,AR1 alpha + Basic + One-Step,NASDAQ:PLAB,0.0
2024-01-09,12,AR1 alpha + Basic + One-Step,NASDAQ:PLAB,0.0
2024-01-10,12,AR1 alpha + Basic + One-Step,NASDAQ:PLAB,0.0
2024-01-11,12,AR1 alpha + Basic + One-Step,NASDAQ:PLAB,2.197768938503091e-07
2024-01-12,12,AR1 alpha + Basic + One-Step,NASDAQ:PLAB,1.7083691225165884e-23
2024-01-16,12,AR1 alpha + Basic + One-Step,NASDAQ:PLAB,0.016790770615957344
2024-01-17,12,AR1 alpha + Basic + One-Step,NASDAQ:PLAB,0.0
2024-01-18,12,AR1 alpha + Basic + One-Step,NASDAQ:PLAB,4.903685306727775e-07
2024-01-19,12,AR1 alpha + Basic + One-Step,NASDAQ:PLAB,0.09999324393330906
2024-01-22,12,AR1 alpha + Basic + One-Step,NASDAQ:PLAB,0.09999158133998694
2024-01-23,12,AR1 alpha + Basic + One-Step,NASDAQ:PLAB,0.09998995655558028
2024-01-24,12,AR1 alpha + Basic + One-Step,NASDAQ:PLAB,0.09999711217625092
2024-01-25,12,AR1 alpha + Basic + One-Step,NASDAQ:PLAB,0.08306988381377119
2024-01-26,12,AR1 alpha + Basic + One-Step,NASDAQ:PLAB,0.0
2024-01-29,12,AR1 alpha + Basic + One-Step,NASDAQ:PLAB,0.0
2024-01-30,12,AR1 alpha + Basic + One-Step,NASDAQ:PLAB,0.0
2024-01-31,12,AR1 alpha + Basic + One-Step,NASDAQ:PLAB,0.0
2024-02-01,12,AR1 alpha + Basic + One-Step,NASDAQ:PLAB,0.0030458918775495033
2024-02-02,12,AR1 alpha + Basic + One-Step,NASDAQ:PLAB,0.08950818814047352
2024-02-05,12,AR1 alpha + Basic + One-Step,NASDAQ:PLAB,0.09999968738605942
2024-02-06,12,AR1 alpha + Basic + One-Step,NASDAQ:PLAB,0.09999394100096783
2024-02-07,12,AR1 alpha + Basic + One-Step,NASDAQ:PLAB,0.024626202653096018
2024-02-08,12,AR1 alpha + Basic + One-Step,NASDAQ:PLAB,0.09999999861250088
2024-02-09,12,AR1 alpha + Basic + One-Step,NASDAQ:PLAB,0.09999297637958715
2024-02-12,12,AR1 alpha + Basic + One-Step,NASDAQ:PLAB,0.09999601530593769
2024-02-13,12,AR1 alpha + Basic + One-Step,NASDAQ:PLAB,0.028344007418833885
2024-02-14,12,AR1 alpha + Basic + One-Step,NASDAQ:PLAB,0.09999750299629988
2024-02-15,12,AR1 alpha + Basic + One-Step,NASDAQ:PLAB,0.09999909158595668
2024-02-16,12,AR1 alpha + Basic + One-Step,NASDAQ:PLAB,0.09999867282450751
2024-02-20,12,AR1 alpha + Basic + One-Step,NASDAQ:PLAB,0.0
2024-02-21,12,AR1 alpha + Basic + One-Step,NASDAQ:PLAB,3.844040069506718e-08
2024-02-22,12,AR1 alpha + Basic + One-Step,NASDAQ:PLAB,0.0
2024-02-23,12,AR1 alpha + Basic + One-Step,NASDAQ:PLAB,0.0
2024-02-26,12,AR1 alpha + Basic + One-Step,NASDAQ:PLAB,0.0
2024-02-27,12,AR1 alpha + Basic + One-Step,NASDAQ:PLAB,0.0
2024-02-28,12,AR1 alpha + Basic + One-Step,NASDAQ:PLAB,0.0
2024-02-29,12,AR1 alpha + Basic + One-Step,NASDAQ:PLAB,0.0
2024-03-01,12,AR1 alpha + Basic + One-Step,NASDAQ:PLAB,0.09999728015791776
2024-03-04,12,AR1 alpha + Basic + One-Step,NASDAQ:PLAB,0.07585429246405936
2024-03-05,12,AR1 alpha + Basic + One-Step,NASDAQ:PLAB,0.0
2024-03-06,12,AR1 alpha + Basic + One-Step,NASDAQ:PLAB,0.03685682742475732
2024-03-07,12,AR1 alpha + Basic + One-Step,NASDAQ:PLAB,0.09999978938130678
2024-03-08,12,AR1 alpha + Basic + One-Step,NASDAQ:PLAB,0.0
2024-03-11,12,AR1 alpha + Basic + One-Step,NASDAQ:PLAB,0.0
2024-03-12,12,AR1 alpha + Basic + One-Step,NASDAQ:PLAB,0.059817513095822374
2024-03-13,12,AR1 alpha + Basic + One-Step,NASDAQ:PLAB,0.04087818604237551
2024-03-14,12,AR1 alpha + Basic + One-Step,NASDAQ:PLAB,1.2313561817624216e-07
2024-03-15,12,AR1 alpha + Basic + One-Step,NASDAQ:PLAB,6.08267481075773e-08
2024-03-18,12,AR1 alpha + Basic + One-Step,NASDAQ:PLAB,0.0
2024-03-19,12,AR1 alpha + Basic + One-Step,NASDAQ:PLAB,0.0
2024-03-20,12,AR1 alpha + Basic + One-Step,NASDAQ:PLAB,0.0
2024-03-21,12,AR1 alpha + Basic + One-Step,NASDAQ:PLAB,0.10000006181998831
2024-03-22,12,AR1 alpha + Basic + One-Step,NASDAQ:PLAB,0.0
2024-03-25,12,AR1 alpha + Basic + One-Step,NASDAQ:PLAB,0.0
2024-03-26,12,AR1 alpha + Basic + One-Step,NASDAQ:PLAB,0.0
2024-03-27,12,AR1 alpha + Basic + One-Step,NASDAQ:PLAB,0.0
2024-03-28,12,AR1 alpha + Basic + One-Step,NASDAQ:PLAB,0.0
2024-04-01,12,AR1 alpha + Basic + One-Step,NASDAQ:PLAB,9.396217398585588e-07
2024-04-02,12,AR1 alpha + Basic + One-Step,NASDAQ:PLAB,0.0
2024-04-03,12,AR1 alpha + Basic + One-Step,NASDAQ:PLAB,0.0
2024-04-04,12,AR1 alpha + Basic + One-Step,NASDAQ:PLAB,0.0
2024-04-05,12,AR1 alpha + Basic + One-Step,NASDAQ:PLAB,0.0
2024-04-08,12,AR1 alpha + Basic + One-Step,NASDAQ:PLAB,0.0
2024-04-09,12,AR1 alpha + Basic + One-Step,NASDAQ:PLAB,0.09999248918843899
2024-04-10,12,AR1 alpha + Basic + One-Step,NASDAQ:PLAB,4.123445706422996e-07
2024-04-11,12,AR1 alpha + Basic + One-Step,NASDAQ:PLAB,0.0
2024-04-12,12,AR1 alpha + Basic + One-Step,NASDAQ:PLAB,0.0
2024-04-15,12,AR1 alpha + Basic + One-Step,NASDAQ:PLAB,0.0
2024-04-16,12,AR1 alpha + Basic + One-Step,NASDAQ:PLAB,0.0
2024-04-17,12,AR1 alpha + Basic + One-Step,NASDAQ:PLAB,5.6305970817047754e-08
2024-04-18,12,AR1 alpha + Basic + One-Step,NASDAQ:PLAB,0.0
2024-04-19,12,AR1 alpha + Basic + One-Step,NASDAQ:PLAB,0.0
2020-03-25,12,AR1 alpha + Basic + One-Step,NYSE:GSBD,0.02
2020-03-26,12,AR1 alpha + Basic + One-Step,NYSE:GSBD,0.019999999999999997
2020-03-27,12,AR1 alpha + Basic + One-Step,NYSE:GSBD,0.1
2020-03-30,12,AR1 alpha + Basic + One-Step,NYSE:GSBD,1.0694742058030757e-05
2020-03-31,12,AR1 alpha + Basic + One-Step,NYSE:GSBD,0.0
2020-04-01,12,AR1 alpha + Basic + One-Step,NYSE:GSBD,0.0
2020-04-02,12,AR1 alpha + Basic + One-Step,NYSE:GSBD,4.052975781289442e-09
2020-04-03,12,AR1 alpha + Basic + One-Step,NYSE:GSBD,4.216497066858479e-08
2020-04-06,12,AR1 alpha + Basic + One-Step,NYSE:GSBD,0.0
2020-04-07,12,AR1 alpha + Basic + One-Step,NYSE:GSBD,4.672837837831789e-08
2020-04-08,12,AR1 alpha + Basic + One-Step,NYSE:GSBD,3.280445837293054e-08
2020-04-09,12,AR1 alpha + Basic + One-Step,NYSE:GSBD,0.0
2020-04-13,12,AR1 alpha + Basic + One-Step,NYSE:GSBD,0.0
2020-04-14,12,AR1 alpha + Basic + One-Step,NYSE:GSBD,0.0
2020-04-15,12,AR1 alpha + Basic + One-Step,NYSE:GSBD,0.0
2020-04-16,12,AR1 alpha + Basic + One-Step,NYSE:GSBD,0.0
2020-04-17,12,AR1 alpha + Basic + One-Step,NYSE:GSBD,0.0
2020-04-20,12,AR1 alpha + Basic + One-Step,NYSE:GSBD,0.0
2020-04-21,12,AR1 alpha + Basic + One-Step,NYSE:GSBD,0.0
2020-04-22,12,AR1 alpha + Basic + One-Step,NYSE:GSBD,1.6876367375808603e-08
2020-04-23,12,AR1 alpha + Basic + One-Step,NYSE:GSBD,0.0
2020-04-24,12,AR1 alpha + Basic + One-Step,NYSE:GSBD,1.591138766040164e-07
2020-04-27,12,AR1 alpha + Basic + One-Step,NYSE:GSBD,0.0
2020-04-28,12,AR1 alpha + Basic + One-Step,NYSE:GSBD,0.0
2020-04-29,12,AR1 alpha + Basic + One-Step,NYSE:GSBD,4.827292351653895e-07
2020-04-30,12,AR1 alpha + Basic + One-Step,NYSE:GSBD,0.0
2020-05-01,12,AR1 alpha + Basic + One-Step,NYSE:GSBD,3.8229463126751635e-08
2020-05-04,12,AR1 alpha + Basic + One-Step,NYSE:GSBD,0.0
2020-05-05,12,AR1 alpha + Basic + One-Step,NYSE:GSBD,5.724746171727045e-07
2020-05-06,12,AR1 alpha + Basic + One-Step,NYSE:GSBD,0.0
2020-05-07,12,AR1 alpha + Basic + One-Step,NYSE:GSBD,0.0
2020-05-08,12,AR1 alpha + Basic + One-Step,NYSE:GSBD,0.03965959509768107
2020-05-11,12,AR1 alpha + Basic + One-Step,NYSE:GSBD,0.0
2020-05-12,12,AR1 alpha + Basic + One-Step,NYSE:GSBD,0.0
2020-05-13,12,AR1 alpha + Basic + One-Step,NYSE:GSBD,0.0
2020-05-14,12,AR1 alpha + Basic + One-Step,NYSE:GSBD,1.4244869357994193e-08
2020-05-15,12,AR1 alpha + Basic + One-Step,NYSE:GSBD,1.8857153112074483e-07
2020-05-18,12,AR1 alpha + Basic + One-Step,NYSE:GSBD,0.03629159114104266
2020-05-19,12,AR1 alpha + Basic + One-Step,NYSE:GSBD,0.06427194831227316
2020-05-20,12,AR1 alpha + Basic + One-Step,NYSE:GSBD,0.09574510583783603
2020-05-21,12,AR1 alpha + Basic + One-Step,NYSE:GSBD,0.07194944188642277
2020-05-22,12,AR1 alpha + Basic + One-Step,NYSE:GSBD,0.047697926737312796
2020-05-26,12,AR1 alpha + Basic + One-Step,NYSE:GSBD,0.09627312858760612
2020-05-27,12,AR1 alpha + Basic + One-Step,NYSE:GSBD,0.06543608932384294
2020-05-28,12,AR1 alpha + Basic + One-Step,NYSE:GSBD,0.029068509771805796
2020-05-29,12,AR1 alpha + Basic + One-Step,NYSE:GSBD,0.03527374914329793
2020-06-01,12,AR1 alpha + Basic + One-Step,NYSE:GSBD,0.05507598167438136
2020-06-02,12,AR1 alpha + Basic + One-Step,NYSE:GSBD,0.04711729855954549
2020-06-03,12,AR1 alpha + Basic + One-Step,NYSE:GSBD,0.05343798128191794
2020-06-04,12,AR1 alpha + Basic + One-Step,NYSE:GSBD,0.050379193007167686
2020-06-05,12,AR1 alpha + Basic + One-Step,NYSE:GSBD,0.05447996491733295
2020-06-08,12,AR1 alpha + Basic + One-Step,NYSE:GSBD,0.08481105441433943
2020-06-09,12,AR1 alpha + Basic + One-Step,NYSE:GSBD,0.03190874221904775
2020-06-10,12,AR1 alpha + Basic + One-Step,NYSE:GSBD,0.0
2020-06-11,12,AR1 alpha + Basic + One-Step,NYSE:GSBD,0.0
2020-06-12,12,AR1 alpha + Basic + One-Step,NYSE:GSBD,9.698939967507254e-09
2020-06-15,12,AR1 alpha + Basic + One-Step,NYSE:GSBD,9.013945219785839e-09
2020-06-16,12,AR1 alpha + Basic + One-Step,NYSE:GSBD,0.0
2020-06-17,12,AR1 alpha + Basic + One-Step,NYSE:GSBD,0.0
2020-06-18,12,AR1 alpha + Basic + One-Step,NYSE:GSBD,0.0
2020-06-19,12,AR1 alpha + Basic + One-Step,NYSE:GSBD,0.0
2020-06-22,12,AR1 alpha + Basic + One-Step,NYSE:GSBD,0.0
2020-06-23,12,AR1 alpha + Basic + One-Step,NYSE:GSBD,0.0
2020-06-24,12,AR1 alpha + Basic + One-Step,NYSE:GSBD,6.910411999522564e-09
2020-06-25,12,AR1 alpha + Basic + One-Step,NYSE:GSBD,0.03520197001319287
2020-06-26,12,AR1 alpha + Basic + One-Step,NYSE:GSBD,0.0
2020-06-29,12,AR1 alpha + Basic + One-Step,NYSE:GSBD,0.0
2020-06-30,12,AR1 alpha + Basic + One-Step,NYSE:GSBD,0.01319487673166536
2020-07-01,12,AR1 alpha + Basic + One-Step,NYSE:GSBD,0.0
2020-07-02,12,AR1 alpha + Basic + One-Step,NYSE:GSBD,0.010659122692222744
2020-07-06,12,AR1 alpha + Basic + One-Step,NYSE:GSBD,0.0345827550282069
2020-07-07,12,AR1 alpha + Basic + One-Step,NYSE:GSBD,0.0
2020-07-08,12,AR1 alpha + Basic + One-Step,NYSE:GSBD,0.0
2020-07-09,12,AR1 alpha + Basic + One-Step,NYSE:GSBD,1.994526691003721e-07
2020-07-10,12,AR1 alpha + Basic + One-Step,NYSE:GSBD,0.0
2020-07-13,12,AR1 alpha + Basic + One-Step,NYSE:GSBD,0.0
2020-07-14,12,AR1 alpha + Basic + One-Step,NYSE:GSBD,0.0
2020-07-15,12,AR1 alpha + Basic + One-Step,NYSE:GSBD,8.642674360657707e-08
2020-07-16,12,AR1 alpha + Basic + One-Step,NYSE:GSBD,0.0
2020-07-17,12,AR1 alpha + Basic + One-Step,NYSE:GSBD,0.0
2020-07-20,12,AR1 alpha + Basic + One-Step,NYSE:GSBD,1.7040062200548845e-07
2020-07-21,12,AR1 alpha + Basic + One-Step,NYSE:GSBD,0.0
2020-07-22,12,AR1 alpha + Basic + One-Step,NYSE:GSBD,0.0
2020-07-23,12,AR1 alpha + Basic + One-Step,NYSE:GSBD,0.0
2020-07-24,12,AR1 alpha + Basic + One-Step,NYSE:GSBD,4.301741937990048e-07
2020-07-27,12,AR1 alpha + Basic + One-Step,NYSE:GSBD,2.8061282593503856e-07
2020-07-28,12,AR1 alpha + Basic + One-Step,NYSE:GSBD,0.0
2020-07-29,12,AR1 alpha + Basic + One-Step,NYSE:GSBD,0.0
2020-07-30,12,AR1 alpha + Basic + One-Step,NYSE:GSBD,0.0
2020-07-31,12,AR1 alpha + Basic + One-Step,NYSE:GSBD,0.0
2020-08-03,12,AR1 alpha + Basic + One-Step,NYSE:GSBD,0.0
2020-08-04,12,AR1 alpha + Basic + One-Step,NYSE:GSBD,0.0
2020-08-05,12,AR1 alpha + Basic + One-Step,NYSE:GSBD,0.0
2020-08-06,12,AR1 alpha + Basic + One-Step,NYSE:GSBD,0.0
2020-08-07,12,AR1 alpha + Basic + One-Step,NYSE:GSBD,0.0
2020-08-10,12,AR1 alpha + Basic + One-Step,NYSE:GSBD,0.0
2020-08-11,12,AR1 alpha + Basic + One-Step,NYSE:GSBD,0.0
2020-08-12,12,AR1 alpha + Basic + One-Step,NYSE:GSBD,0.0
2020-08-13,12,AR1 alpha + Basic + One-Step,NYSE:GSBD,0.0
2020-08-14,12,AR1 alpha + Basic + One-Step,NYSE:GSBD,0.0
2020-08-17,12,AR1 alpha + Basic + One-Step,NYSE:GSBD,0.0
2020-08-18,12,AR1 alpha + Basic + One-Step,NYSE:GSBD,0.0
2020-08-19,12,AR1 alpha + Basic + One-Step,NYSE:GSBD,0.0
2020-08-20,12,AR1 alpha + Basic + One-Step,NYSE:GSBD,1.4841105595306478e-07
2020-08-21,12,AR1 alpha + Basic + One-Step,NYSE:GSBD,0.0
2020-08-24,12,AR1 alpha + Basic + One-Step,NYSE:GSBD,0.0
2020-08-25,12,AR1 alpha + Basic + One-Step,NYSE:GSBD,0.0
2020-08-26,12,AR1 alpha + Basic + One-Step,NYSE:GSBD,0.0
2020-08-27,12,AR1 alpha + Basic + One-Step,NYSE:GSBD,0.0
2020-08-28,12,AR1 alpha + Basic + One-Step,NYSE:GSBD,0.0
2020-08-31,12,AR1 alpha + Basic + One-Step,NYSE:GSBD,0.0
2020-09-01,12,AR1 alpha + Basic + One-Step,NYSE:GSBD,0.0
2020-09-02,12,AR1 alpha + Basic + One-Step,NYSE:GSBD,0.0
2020-09-03,12,AR1 alpha + Basic + One-Step,NYSE:GSBD,0.0
2020-09-04,12,AR1 alpha + Basic + One-Step,NYSE:GSBD,0.0
2020-09-08,12,AR1 alpha + Basic + One-Step,NYSE:GSBD,0.0
2020-09-09,12,AR1 alpha + Basic + One-Step,NYSE:GSBD,0.0
2020-09-10,12,AR1 alpha + Basic + One-Step,NYSE:GSBD,0.0
2020-09-11,12,AR1 alpha + Basic + One-Step,NYSE:GSBD,0.0
2020-09-14,12,AR1 alpha + Basic + One-Step,NYSE:GSBD,0.0
2020-09-15,12,AR1 alpha + Basic + One-Step,NYSE:GSBD,0.0
2020-09-16,12,AR1 alpha + Basic + One-Step,NYSE:GSBD,0.0
2020-09-17,12,AR1 alpha + Basic + One-Step,NYSE:GSBD,0.0
2020-09-18,12,AR1 alpha + Basic + One-Step,NYSE:GSBD,0.0
2020-09-21,12,AR1 alpha + Basic + One-Step,NYSE:GSBD,0.0
2020-09-22,12,AR1 alpha + Basic + One-Step,NYSE:GSBD,0.0
2020-09-23,12,AR1 alpha + Basic + One-Step,NYSE:GSBD,0.0
2020-09-24,12,AR1 alpha + Basic + One-Step,NYSE:GSBD,2.0122721797429864e-07
2020-09-25,12,AR1 alpha + Basic + One-Step,NYSE:GSBD,0.0
2020-09-28,12,AR1 alpha + Basic + One-Step,NYSE:GSBD,0.0
2020-09-29,12,AR1 alpha + Basic + One-Step,NYSE:GSBD,3.111518882714525e-08
2020-09-30,12,AR1 alpha + Basic + One-Step,NYSE:GSBD,2.5428099807098437e-08
2020-10-01,12,AR1 alpha + Basic + One-Step,NYSE:GSBD,0.0
2020-10-02,12,AR1 alpha + Basic + One-Step,NYSE:GSBD,0.0
2020-10-05,12,AR1 alpha + Basic + One-Step,NYSE:GSBD,7.428414128351225e-09
2020-10-06,12,AR1 alpha + Basic + One-Step,NYSE:GSBD,0.0
2020-10-07,12,AR1 alpha + Basic + One-Step,NYSE:GSBD,3.4495418700498696e-08
2020-10-08,12,AR1 alpha + Basic + One-Step,NYSE:GSBD,0.0
2020-10-09,12,AR1 alpha + Basic + One-Step,NYSE:GSBD,0.0
2020-10-12,12,AR1 alpha + Basic + One-Step,NYSE:GSBD,0.0
2020-10-13,12,AR1 alpha + Basic + One-Step,NYSE:GSBD,1.3523245344651713e-08
2020-10-14,12,AR1 alpha + Basic + One-Step,NYSE:GSBD,0.0
2020-10-15,12,AR1 alpha + Basic + One-Step,NYSE:GSBD,0.0
2020-10-16,12,AR1 alpha + Basic + One-Step,NYSE:GSBD,0.0
2020-10-19,12,AR1 alpha + Basic + One-Step,NYSE:GSBD,0.0
2020-10-20,12,AR1 alpha + Basic + One-Step,NYSE:GSBD,0.0
2020-10-21,12,AR1 alpha + Basic + One-Step,NYSE:GSBD,0.0
2020-10-22,12,AR1 alpha + Basic + One-Step,NYSE:GSBD,0.0
2020-10-23,12,AR1 alpha + Basic + One-Step,NYSE:GSBD,0.0
2020-10-26,12,AR1 alpha + Basic + One-Step,NYSE:GSBD,0.0
2020-10-27,12,AR1 alpha + Basic + One-Step,NYSE:GSBD,3.6722563082154896e-09
2020-10-28,12,AR1 alpha + Basic + One-Step,NYSE:GSBD,9.037009895234197e-09
2020-10-29,12,AR1 alpha + Basic + One-Step,NYSE:GSBD,2.2936509710355993e-09
2020-10-30,12,AR1 alpha + Basic + One-Step,NYSE:GSBD,0.0
2020-11-02,12,AR1 alpha + Basic + One-Step,NYSE:GSBD,1.2939235749511429e-07
2020-11-03,12,AR1 alpha + Basic + One-Step,NYSE:GSBD,0.0
2020-11-04,12,AR1 alpha + Basic + One-Step,NYSE:GSBD,0.0
2020-11-05,12,AR1 alpha + Basic + One-Step,NYSE:GSBD,0.03350071978056393
2020-11-06,12,AR1 alpha + Basic + One-Step,NYSE:GSBD,0.02554234431250352
2020-11-09,12,AR1 alpha + Basic + One-Step,NYSE:GSBD,0.0
2020-11-10,12,AR1 alpha + Basic + One-Step,NYSE:GSBD,0.022203975645986352
2020-11-11,12,AR1 alpha + Basic + One-Step,NYSE:GSBD,0.03293183204476203
2020-11-12,12,AR1 alpha + Basic + One-Step,NYSE:GSBD,0.015344044768912787
2020-11-13,12,AR1 alpha + Basic + One-Step,NYSE:GSBD,0.02776974905955154
2020-11-16,12,AR1 alpha + Basic + One-Step,NYSE:GSBD,0.020793200642817193
2020-11-17,12,AR1 alpha + Basic + One-Step,NYSE:GSBD,0.027983239154318117
2020-11-18,12,AR1 alpha + Basic + One-Step,NYSE:GSBD,0.0
2020-11-19,12,AR1 alpha + Basic + One-Step,NYSE:GSBD,0.002524091201426787
2020-11-20,12,AR1 alpha + Basic + One-Step,NYSE:GSBD,0.0
2020-11-23,12,AR1 alpha + Basic + One-Step,NYSE:GSBD,0.0060238822801532005
2020-11-24,12,AR1 alpha + Basic + One-Step,NYSE:GSBD,0.0054634274816654765
2020-11-25,12,AR1 alpha + Basic + One-Step,NYSE:GSBD,0.0
2020-11-27,12,AR1 alpha + Basic + One-Step,NYSE:GSBD,0.0
2020-11-30,12,AR1 alpha + Basic + One-Step,NYSE:GSBD,0.0
2020-12-01,12,AR1 alpha + Basic + One-Step,NYSE:GSBD,0.0
2020-12-02,12,AR1 alpha + Basic + One-Step,NYSE:GSBD,0.0
2020-12-03,12,AR1 alpha + Basic + One-Step,NYSE:GSBD,0.005512458594896142
2020-12-04,12,AR1 alpha + Basic + One-Step,NYSE:GSBD,0.012700865692328618
2020-12-07,12,AR1 alpha + Basic + One-Step,NYSE:GSBD,0.0
2020-12-08,12,AR1 alpha + Basic + One-Step,NYSE:GSBD,2.7215002403483893e-07
2020-12-09,12,AR1 alpha + Basic + One-Step,NYSE:GSBD,0.0
2020-12-10,12,AR1 alpha + Basic + One-Step,NYSE:GSBD,0.0
2020-12-11,12,AR1 alpha + Basic + One-Step,NYSE:GSBD,5.969167375508473e-07
2020-12-14,12,AR1 alpha + Basic + One-Step,NYSE:GSBD,9.90689919660093e-07
2020-12-15,12,AR1 alpha + Basic + One-Step,NYSE:GSBD,0.0
2020-12-16,12,AR1 alpha + Basic + One-Step,NYSE:GSBD,3.063717460107539e-09
2020-12-17,12,AR1 alpha + Basic + One-Step,NYSE:GSBD,0.0
2020-12-18,12,AR1 alpha + Basic + One-Step,NYSE:GSBD,0.0
2020-12-21,12,AR1 alpha + Basic + One-Step,NYSE:GSBD,5.73903586484295e-07
2020-12-22,12,AR1 alpha + Basic + One-Step,NYSE:GSBD,0.0
2020-12-23,12,AR1 alpha + Basic + One-Step,NYSE:GSBD,2.633180923210777e-07
2020-12-24,12,AR1 alpha + Basic + One-Step,NYSE:GSBD,0.0
2020-12-28,12,AR1 alpha + Basic + One-Step,NYSE:GSBD,0.0
2020-12-29,12,AR1 alpha + Basic + One-Step,NYSE:GSBD,0.0
2020-12-30,12,AR1 alpha + Basic + One-Step,NYSE:GSBD,0.0
2020-12-31,12,AR1 alpha + Basic + One-Step,NYSE:GSBD,0.0
2021-01-04,12,AR1 alpha + Basic + One-Step,NYSE:GSBD,0.0
2021-01-05,12,AR1 alpha + Basic + One-Step,NYSE:GSBD,0.0
2021-01-06,12,AR1 alpha + Basic + One-Step,NYSE:GSBD,0.0
2021-01-07,12,AR1 alpha + Basic + One-Step,NYSE:GSBD,0.0
2021-01-08,12,AR1 alpha + Basic + One-Step,NYSE:GSBD,0.0
2021-01-11,12,AR1 alpha + Basic + One-Step,NYSE:GSBD,0.0
2021-01-12,12,AR1 alpha + Basic + One-Step,NYSE:GSBD,0.0
2021-01-13,12,AR1 alpha + Basic + One-Step,NYSE:GSBD,0.0
2021-01-14,12,AR1 alpha + Basic + One-Step,NYSE:GSBD,0.0
2021-01-15,12,AR1 alpha + Basic + One-Step,NYSE:GSBD,0.0
2021-01-19,12,AR1 alpha + Basic + One-Step,NYSE:GSBD,0.0
2021-01-20,12,AR1 alpha + Basic + One-Step,NYSE:GSBD,0.0
2021-01-21,12,AR1 alpha + Basic + One-Step,NYSE:GSBD,0.0
2021-01-22,12,AR1 alpha + Basic + One-Step,NYSE:GSBD,0.0
2021-01-25,12,AR1 alpha + Basic + One-Step,NYSE:GSBD,0.0
2021-01-26,12,AR1 alpha + Basic + One-Step,NYSE:GSBD,0.0
2021-01-27,12,AR1 alpha + Basic + One-Step,NYSE:GSBD,0.0
2021-01-28,12,AR1 alpha + Basic + One-Step,NYSE:GSBD,0.0
2021-01-29,12,AR1 alpha + Basic + One-Step,NYSE:GSBD,0.0
2021-02-01,12,AR1 alpha + Basic + One-Step,NYSE:GSBD,2.162983709532578e-07
2021-02-02,12,AR1 alpha + Basic + One-Step,NYSE:GSBD,0.0
2021-02-03,12,AR1 alpha + Basic + One-Step,NYSE:GSBD,0.0
2021-02-04,12,AR1 alpha + Basic + One-Step,NYSE:GSBD,0.0
2021-02-05,12,AR1 alpha + Basic + One-Step,NYSE:GSBD,0.0
2021-02-08,12,AR1 alpha + Basic + One-Step,NYSE:GSBD,0.0
2021-02-09,12,AR1 alpha + Basic + One-Step,NYSE:GSBD,0.0
2021-02-10,12,AR1 alpha + Basic + One-Step,NYSE:GSBD,0.0
2021-02-11,12,AR1 alpha + Basic + One-Step,NYSE:GSBD,0.0
2021-02-12,12,AR1 alpha + Basic + One-Step,NYSE:GSBD,0.0
2021-02-16,12,AR1 alpha + Basic + One-Step,NYSE:GSBD,0.0
2021-02-17,12,AR1 alpha + Basic + One-Step,NYSE:GSBD,0.0
2021-02-18,12,AR1 alpha + Basic + One-Step,NYSE:GSBD,0.0
2021-02-19,12,AR1 alpha + Basic + One-Step,NYSE:GSBD,0.0
2021-02-22,12,AR1 alpha + Basic + One-Step,NYSE:GSBD,2.6201886194595407e-07
2021-02-23,12,AR1 alpha + Basic + One-Step,NYSE:GSBD,2.8484901782352614e-07
2021-02-24,12,AR1 alpha + Basic + One-Step,NYSE:GSBD,0.0
2021-02-25,12,AR1 alpha + Basic + One-Step,NYSE:GSBD,0.0
2021-02-26,12,AR1 alpha + Basic + One-Step,NYSE:GSBD,0.0
2021-03-01,12,AR1 alpha + Basic + One-Step,NYSE:GSBD,0.0
2021-03-02,12,AR1 alpha + Basic + One-Step,NYSE:GSBD,0.0
2021-03-03,12,AR1 alpha + Basic + One-Step,NYSE:GSBD,0.0
2021-03-04,12,AR1 alpha + Basic + One-Step,NYSE:GSBD,0.0
2021-03-05,12,AR1 alpha + Basic + One-Step,NYSE:GSBD,0.0
2021-03-08,12,AR1 alpha + Basic + One-Step,NYSE:GSBD,0.0
2021-03-09,12,AR1 alpha + Basic + One-Step,NYSE:GSBD,0.0
2021-03-10,12,AR1 alpha + Basic + One-Step,NYSE:GSBD,0.0
2021-03-11,12,AR1 alpha + Basic + One-Step,NYSE:GSBD,0.0
2021-03-12,12,AR1 alpha + Basic + One-Step,NYSE:GSBD,1.8545868618456213e-09
2021-03-15,12,AR1 alpha + Basic + One-Step,NYSE:GSBD,6.950569533488395e-10
2021-03-16,12,AR1 alpha + Basic + One-Step,NYSE:GSBD,0.0
2021-03-17,12,AR1 alpha + Basic + One-Step,NYSE:GSBD,0.0
2021-03-18,12,AR1 alpha + Basic + One-Step,NYSE:GSBD,0.0
2021-03-19,12,AR1 alpha + Basic + One-Step,NYSE:GSBD,0.0
2021-03-22,12,AR1 alpha + Basic + One-Step,NYSE:GSBD,0.0
2021-03-23,12,AR1 alpha + Basic + One-Step,NYSE:GSBD,0.0
2021-03-24,12,AR1 alpha + Basic + One-Step,NYSE:GSBD,0.0
2021-03-25,12,AR1 alpha + Basic + One-Step,NYSE:GSBD,0.0
2021-03-26,12,AR1 alpha + Basic + One-Step,NYSE:GSBD,0.0
2021-03-29,12,AR1 alpha + Basic + One-Step,NYSE:GSBD,0.0
2021-03-30,12,AR1 alpha + Basic + One-Step,NYSE:GSBD,7.709716021997934e-07
2021-03-31,12,AR1 alpha + Basic + One-Step,NYSE:GSBD,0.0
2021-04-01,12,AR1 alpha + Basic + One-Step,NYSE:GSBD,0.0
2021-04-05,12,AR1 alpha + Basic + One-Step,NYSE:GSBD,2.196704683148551e-06
2021-04-06,12,AR1 alpha + Basic + One-Step,NYSE:GSBD,4.553707656165783e-07
2021-04-07,12,AR1 alpha + Basic + One-Step,NYSE:GSBD,0.0
2021-04-08,12,AR1 alpha + Basic + One-Step,NYSE:GSBD,6.5258318513002e-07
2021-04-09,12,AR1 alpha + Basic + One-Step,NYSE:GSBD,0.0
2021-04-12,12,AR1 alpha + Basic + One-Step,NYSE:GSBD,3.9992001087763425e-09
2021-04-13,12,AR1 alpha + Basic + One-Step,NYSE:GSBD,0.0
2021-04-14,12,AR1 alpha + Basic + One-Step,NYSE:GSBD,5.575211397264036e-08
2021-04-15,12,AR1 alpha + Basic + One-Step,NYSE:GSBD,0.0
2021-04-16,12,AR1 alpha + Basic + One-Step,NYSE:GSBD,0.0
2021-04-19,12,AR1 alpha + Basic + One-Step,NYSE:GSBD,3.226080791210964e-08
2021-04-20,12,AR1 alpha + Basic + One-Step,NYSE:GSBD,0.0
2021-04-21,12,AR1 alpha + Basic + One-Step,NYSE:GSBD,0.0
2021-04-22,12,AR1 alpha + Basic + One-Step,NYSE:GSBD,6.40920610877956e-08
2021-04-23,12,AR1 alpha + Basic + One-Step,NYSE:GSBD,0.0
2021-04-26,12,AR1 alpha + Basic + One-Step,NYSE:GSBD,0.0
2021-04-27,12,AR1 alpha + Basic + One-Step,NYSE:GSBD,7.0484277246783e-07
2021-04-28,12,AR1 alpha + Basic + One-Step,NYSE:GSBD,0.0
2021-04-29,12,AR1 alpha + Basic + One-Step,NYSE:GSBD,0.0
2021-04-30,12,AR1 alpha + Basic + One-Step,NYSE:GSBD,0.0
2021-05-03,12,AR1 alpha + Basic + One-Step,NYSE:GSBD,0.0
2021-05-04,12,AR1 alpha + Basic + One-Step,NYSE:GSBD,0.0
2021-05-05,12,AR1 alpha + Basic + One-Step,NYSE:GSBD,0.0
2021-05-06,12,AR1 alpha + Basic + One-Step,NYSE:GSBD,0.0
2021-05-07,12,AR1 alpha + Basic + One-Step,NYSE:GSBD,0.0
2021-05-10,12,AR1 alpha + Basic + One-Step,NYSE:GSBD,0.0
2021-05-11,12,AR1 alpha + Basic + One-Step,NYSE:GSBD,0.0
2021-05-12,12,AR1 alpha + Basic + One-Step,NYSE:GSBD,0.0
2021-05-13,12,AR1 alpha + Basic + One-Step,NYSE:GSBD,0.0
2021-05-14,12,AR1 alpha + Basic + One-Step,NYSE:GSBD,4.387419089449772e-09
2021-05-17,12,AR1 alpha + Basic + One-Step,NYSE:GSBD,7.748024470854053e-07
2021-05-18,12,AR1 alpha + Basic + One-Step,NYSE:GSBD,1.3644598112332928e-06
2021-05-19,12,AR1 alpha + Basic + One-Step,NYSE:GSBD,9.10712346491979e-07
2021-05-20,12,AR1 alpha + Basic + One-Step,NYSE:GSBD,6.486710479027602e-07
2021-05-21,12,AR1 alpha + Basic + One-Step,NYSE:GSBD,4.795581489908256e-07
2021-05-24,12,AR1 alpha + Basic + One-Step,NYSE:GSBD,0.0
2021-05-25,12,AR1 alpha + Basic + One-Step,NYSE:GSBD,0.0
2021-05-26,12,AR1 alpha + Basic + One-Step,NYSE:GSBD,0.0
2021-05-27,12,AR1 alpha + Basic + One-Step,NYSE:GSBD,0.0
2021-05-28,12,AR1 alpha + Basic + One-Step,NYSE:GSBD,0.0
2021-06-01,12,AR1 alpha + Basic + One-Step,NYSE:GSBD,0.0
2021-06-02,12,AR1 alpha + Basic + One-Step,NYSE:GSBD,0.0
2021-06-03,12,AR1 alpha + Basic + One-Step,NYSE:GSBD,0.0
2021-06-04,12,AR1 alpha + Basic + One-Step,NYSE:GSBD,0.0
2021-06-07,12,AR1 alpha + Basic + One-Step,NYSE:GSBD,0.0
2021-06-08,12,AR1 alpha + Basic + One-Step,NYSE:GSBD,0.0
2021-06-09,12,AR1 alpha + Basic + One-Step,NYSE:GSBD,1.7259351045116044e-07
2021-06-10,12,AR1 alpha + Basic + One-Step,NYSE:GSBD,1.7200117744981596e-07
2021-06-11,12,AR1 alpha + Basic + One-Step,NYSE:GSBD,0.0
2021-06-14,12,AR1 alpha + Basic + One-Step,NYSE:GSBD,0.0
2021-06-15,12,AR1 alpha + Basic + One-Step,NYSE:GSBD,0.0
2021-06-16,12,AR1 alpha + Basic + One-Step,NYSE:GSBD,0.0
2021-06-17,12,AR1 alpha + Basic + One-Step,NYSE:GSBD,0.0
2021-06-18,12,AR1 alpha + Basic + One-Step,NYSE:GSBD,0.0
2021-06-21,12,AR1 alpha + Basic + One-Step,NYSE:GSBD,0.0
2021-06-22,12,AR1 alpha + Basic + One-Step,NYSE:GSBD,1.2832376953903542e-06
2021-06-23,12,AR1 alpha + Basic + One-Step,NYSE:GSBD,1.1828136223893463e-06
2021-06-24,12,AR1 alpha + Basic + One-Step,NYSE:GSBD,1.6108699148774618e-06
2021-06-25,12,AR1 alpha + Basic + One-Step,NYSE:GSBD,0.0
2021-06-28,12,AR1 alpha + Basic + One-Step,NYSE:GSBD,0.0
2021-06-29,12,AR1 alpha + Basic + One-Step,NYSE:GSBD,0.0
2021-06-30,12,AR1 alpha + Basic + One-Step,NYSE:GSBD,0.0
2021-07-01,12,AR1 alpha + Basic + One-Step,NYSE:GSBD,0.0
2021-07-02,12,AR1 alpha + Basic + One-Step,NYSE:GSBD,0.0
2021-07-06,12,AR1 alpha + Basic + One-Step,NYSE:GSBD,0.0
2021-07-07,12,AR1 alpha + Basic + One-Step,NYSE:GSBD,0.0
2021-07-08,12,AR1 alpha + Basic + One-Step,NYSE:GSBD,0.0
2021-07-09,12,AR1 alpha + Basic + One-Step,NYSE:GSBD,0.0
2021-07-12,12,AR1 alpha + Basic + One-Step,NYSE:GSBD,0.0
2021-07-13,12,AR1 alpha + Basic + One-Step,NYSE:GSBD,1.0525661038240393e-07
2021-07-14,12,AR1 alpha + Basic + One-Step,NYSE:GSBD,0.0
2021-07-15,12,AR1 alpha + Basic + One-Step,NYSE:GSBD,0.0
2021-07-16,12,AR1 alpha + Basic + One-Step,NYSE:GSBD,1.7497537555027139e-06
2021-07-19,12,AR1 alpha + Basic + One-Step,NYSE:GSBD,0.0
2021-07-20,12,AR1 alpha + Basic + One-Step,NYSE:GSBD,0.0
2021-07-21,12,AR1 alpha + Basic + One-Step,NYSE:GSBD,0.0
2021-07-22,12,AR1 alpha + Basic + One-Step,NYSE:GSBD,0.0
2021-07-23,12,AR1 alpha + Basic + One-Step,NYSE:GSBD,0.0
2021-07-26,12,AR1 alpha + Basic + One-Step,NYSE:GSBD,8.85264298210224e-08
2021-07-27,12,AR1 alpha + Basic + One-Step,NYSE:GSBD,2.3366079505608036e-06
2021-07-28,12,AR1 alpha + Basic + One-Step,NYSE:GSBD,0.0
2021-07-29,12,AR1 alpha + Basic + One-Step,NYSE:GSBD,0.0
2021-07-30,12,AR1 alpha + Basic + One-Step,NYSE:GSBD,0.0
2021-08-02,12,AR1 alpha + Basic + One-Step,NYSE:GSBD,0.0
2021-08-03,12,AR1 alpha + Basic + One-Step,NYSE:GSBD,0.0
2021-08-04,12,AR1 alpha + Basic + One-Step,NYSE:GSBD,7.402673827902257e-08
2021-08-05,12,AR1 alpha + Basic + One-Step,NYSE:GSBD,0.0
2021-08-06,12,AR1 alpha + Basic + One-Step,NYSE:GSBD,0.0
2021-08-09,12,AR1 alpha + Basic + One-Step,NYSE:GSBD,4.2045876238421267e-07
2021-08-10,12,AR1 alpha + Basic + One-Step,NYSE:GSBD,2.5584875149613507e-07
2021-08-11,12,AR1 alpha + Basic + One-Step,NYSE:GSBD,1.636455185587278e-07
2021-08-12,12,AR1 alpha + Basic + One-Step,NYSE:GSBD,0.0
2021-08-13,12,AR1 alpha + Basic + One-Step,NYSE:GSBD,0.0
2021-08-16,12,AR1 alpha + Basic + One-Step,NYSE:GSBD,0.0
2021-08-17,12,AR1 alpha + Basic + One-Step,NYSE:GSBD,2.1140591534009425e-07
2021-08-18,12,AR1 alpha + Basic + One-Step,NYSE:GSBD,0.0
2021-08-19,12,AR1 alpha + Basic + One-Step,NYSE:GSBD,0.0
2021-08-20,12,AR1 alpha + Basic + One-Step,NYSE:GSBD,3.16196399880566e-08
2021-08-23,12,AR1 alpha + Basic + One-Step,NYSE:GSBD,0.0
2021-08-24,12,AR1 alpha + Basic + One-Step,NYSE:GSBD,0.0
2021-08-25,12,AR1 alpha + Basic + One-Step,NYSE:GSBD,0.0
2021-08-26,12,AR1 alpha + Basic + One-Step,NYSE:GSBD,0.0
2021-08-27,12,AR1 alpha + Basic + One-Step,NYSE:GSBD,2.218928774473348e-07
2021-08-30,12,AR1 alpha + Basic + One-Step,NYSE:GSBD,1.3827106719978197e-07
2021-08-31,12,AR1 alpha + Basic + One-Step,NYSE:GSBD,0.0
2021-09-01,12,AR1 alpha + Basic + One-Step,NYSE:GSBD,0.0
2021-09-02,12,AR1 alpha + Basic + One-Step,NYSE:GSBD,0.0
2021-09-03,12,AR1 alpha + Basic + One-Step,NYSE:GSBD,0.0
2021-09-07,12,AR1 alpha + Basic + One-Step,NYSE:GSBD,0.0
2021-09-08,12,AR1 alpha + Basic + One-Step,NYSE:GSBD,0.0
2021-09-09,12,AR1 alpha + Basic + One-Step,NYSE:GSBD,8.621733730016702e-08
2021-09-10,12,AR1 alpha + Basic + One-Step,NYSE:GSBD,0.0
2021-09-13,12,AR1 alpha + Basic + One-Step,NYSE:GSBD,0.0
2021-09-14,12,AR1 alpha + Basic + One-Step,NYSE:GSBD,4.6350465504218e-07
2021-09-15,12,AR1 alpha + Basic + One-Step,NYSE:GSBD,0.0
2021-09-16,12,AR1 alpha + Basic + One-Step,NYSE:GSBD,0.0
2021-09-17,12,AR1 alpha + Basic + One-Step,NYSE:GSBD,0.0
2021-09-20,12,AR1 alpha + Basic + One-Step,NYSE:GSBD,0.0
2021-09-21,12,AR1 alpha + Basic + One-Step,NYSE:GSBD,1.1313268455069816e-07
2021-09-22,12,AR1 alpha + Basic + One-Step,NYSE:GSBD,0.0
2021-09-23,12,AR1 alpha + Basic + One-Step,NYSE:GSBD,0.0
2021-09-24,12,AR1 alpha + Basic + One-Step,NYSE:GSBD,0.0
2021-09-27,12,AR1 alpha + Basic + One-Step,NYSE:GSBD,0.0
2021-09-28,12,AR1 alpha + Basic + One-Step,NYSE:GSBD,0.0
2021-09-29,12,AR1 alpha + Basic + One-Step,NYSE:GSBD,0.0
2021-09-30,12,AR1 alpha + Basic + One-Step,NYSE:GSBD,0.0
2021-10-01,12,AR1 alpha + Basic + One-Step,NYSE:GSBD,0.0
2021-10-04,12,AR1 alpha + Basic + One-Step,NYSE:GSBD,0.0
2021-10-05,12,AR1 alpha + Basic + One-Step,NYSE:GSBD,0.0
2021-10-06,12,AR1 alpha + Basic + One-Step,NYSE:GSBD,7.886429280993736e-08
2021-10-07,12,AR1 alpha + Basic + One-Step,NYSE:GSBD,0.0
2021-10-08,12,AR1 alpha + Basic + One-Step,NYSE:GSBD,0.0
2021-10-11,12,AR1 alpha + Basic + One-Step,NYSE:GSBD,0.0
2021-10-12,12,AR1 alpha + Basic + One-Step,NYSE:GSBD,0.0
2021-10-13,12,AR1 alpha + Basic + One-Step,NYSE:GSBD,0.0
2021-10-14,12,AR1 alpha + Basic + One-Step,NYSE:GSBD,0.0
2021-10-15,12,AR1 alpha + Basic + One-Step,NYSE:GSBD,0.0
2021-10-18,12,AR1 alpha + Basic + One-Step,NYSE:GSBD,0.0
2021-10-19,12,AR1 alpha + Basic + One-Step,NYSE:GSBD,0.0
2021-10-20,12,AR1 alpha + Basic + One-Step,NYSE:GSBD,0.0
2021-10-21,12,AR1 alpha + Basic + One-Step,NYSE:GSBD,0.0
2021-10-22,12,AR1 alpha + Basic + One-Step,NYSE:GSBD,0.0
2021-10-25,12,AR1 alpha + Basic + One-Step,NYSE:GSBD,0.0
2021-10-26,12,AR1 alpha + Basic + One-Step,NYSE:GSBD,0.0
2021-10-27,12,AR1 alpha + Basic + One-Step,NYSE:GSBD,0.0
2021-10-28,12,AR1 alpha + Basic + One-Step,NYSE:GSBD,0.0
2021-10-29,12,AR1 alpha + Basic + One-Step,NYSE:GSBD,0.0
2021-11-01,12,AR1 alpha + Basic + One-Step,NYSE:GSBD,2.918391668850802e-07
2021-11-02,12,AR1 alpha + Basic + One-Step,NYSE:GSBD,0.0
2021-11-03,12,AR1 alpha + Basic + One-Step,NYSE:GSBD,0.0
2021-11-04,12,AR1 alpha + Basic + One-Step,NYSE:GSBD,0.0
2021-11-05,12,AR1 alpha + Basic + One-Step,NYSE:GSBD,0.0
2021-11-08,12,AR1 alpha + Basic + One-Step,NYSE:GSBD,0.0
2021-11-09,12,AR1 alpha + Basic + One-Step,NYSE:GSBD,1.3981984552464563e-08
2021-11-10,12,AR1 alpha + Basic + One-Step,NYSE:GSBD,1.1683616155108454e-08
2021-11-11,12,AR1 alpha + Basic + One-Step,NYSE:GSBD,0.0
2021-11-12,12,AR1 alpha + Basic + One-Step,NYSE:GSBD,0.0
2021-11-15,12,AR1 alpha + Basic + One-Step,NYSE:GSBD,0.0
2021-11-16,12,AR1 alpha + Basic + One-Step,NYSE:GSBD,0.0
2021-11-17,12,AR1 alpha + Basic + One-Step,NYSE:GSBD,0.0
2021-11-18,12,AR1 alpha + Basic + One-Step,NYSE:GSBD,0.0
2021-11-19,12,AR1 alpha + Basic + One-Step,NYSE:GSBD,0.0
2021-11-22,12,AR1 alpha + Basic + One-Step,NYSE:GSBD,0.0
2021-11-23,12,AR1 alpha + Basic + One-Step,NYSE:GSBD,0.0
2021-11-24,12,AR1 alpha + Basic + One-Step,NYSE:GSBD,0.0
2021-11-26,12,AR1 alpha + Basic + One-Step,NYSE:GSBD,0.0
2021-11-29,12,AR1 alpha + Basic + One-Step,NYSE:GSBD,0.0
2021-11-30,12,AR1 alpha + Basic + One-Step,NYSE:GSBD,0.0
2021-12-01,12,AR1 alpha + Basic + One-Step,NYSE:GSBD,0.0
2021-12-02,12,AR1 alpha + Basic + One-Step,NYSE:GSBD,0.0
2021-12-03,12,AR1 alpha + Basic + One-Step,NYSE:GSBD,0.0
2021-12-06,12,AR1 alpha + Basic + One-Step,NYSE:GSBD,0.0
2021-12-07,12,AR1 alpha + Basic + One-Step,NYSE:GSBD,0.0
2021-12-08,12,AR1 alpha + Basic + One-Step,NYSE:GSBD,0.0
2021-12-09,12,AR1 alpha + Basic + One-Step,NYSE:GSBD,0.0
2021-12-10,12,AR1 alpha + Basic + One-Step,NYSE:GSBD,4.459953953408028e-08
2021-12-13,12,AR1 alpha + Basic + One-Step,NYSE:GSBD,0.0
2021-12-14,12,AR1 alpha + Basic + One-Step,NYSE:GSBD,3.20961801662354e-09
2021-12-15,12,AR1 alpha + Basic + One-Step,NYSE:GSBD,0.0
2021-12-16,12,AR1 alpha + Basic + One-Step,NYSE:GSBD,0.0
2021-12-17,12,AR1 alpha + Basic + One-Step,NYSE:GSBD,0.0
2021-12-20,12,AR1 alpha + Basic + One-Step,NYSE:GSBD,0.0
2021-12-21,12,AR1 alpha + Basic + One-Step,NYSE:GSBD,0.0
2021-12-22,12,AR1 alpha + Basic + One-Step,NYSE:GSBD,2.2003905204330253e-07
2021-12-23,12,AR1 alpha + Basic + One-Step,NYSE:GSBD,0.0
2021-12-27,12,AR1 alpha + Basic + One-Step,NYSE:GSBD,0.0
2021-12-28,12,AR1 alpha + Basic + One-Step,NYSE:GSBD,0.0
2021-12-29,12,AR1 alpha + Basic + One-Step,NYSE:GSBD,0.0
2021-12-30,12,AR1 alpha + Basic + One-Step,NYSE:GSBD,9.41986002676714e-07
2021-12-31,12,AR1 alpha + Basic + One-Step,NYSE:GSBD,4.1430409951188725e-07
2022-01-03,12,AR1 alpha + Basic + One-Step,NYSE:GSBD,2.669339040122132e-07
2022-01-04,12,AR1 alpha + Basic + One-Step,NYSE:GSBD,0.0
2022-01-05,12,AR1 alpha + Basic + One-Step,NYSE:GSBD,0.0
2022-01-06,12,AR1 alpha + Basic + One-Step,NYSE:GSBD,0.0
2022-01-07,12,AR1 alpha + Basic + One-Step,NYSE:GSBD,6.692902241317942e-08
2022-01-10,12,AR1 alpha + Basic + One-Step,NYSE:GSBD,0.0
2022-01-11,12,AR1 alpha + Basic + One-Step,NYSE:GSBD,0.0
2022-01-12,12,AR1 alpha + Basic + One-Step,NYSE:GSBD,0.0
2022-01-13,12,AR1 alpha + Basic + One-Step,NYSE:GSBD,1.5139322418859746e-06
2022-01-14,12,AR1 alpha + Basic + One-Step,NYSE:GSBD,0.0
2022-01-18,12,AR1 alpha + Basic + One-Step,NYSE:GSBD,0.0
2022-01-19,12,AR1 alpha + Basic + One-Step,NYSE:GSBD,0.0
2022-01-20,12,AR1 alpha + Basic + One-Step,NYSE:GSBD,0.0
2022-01-21,12,AR1 alpha + Basic + One-Step,NYSE:GSBD,3.570731847559947e-07
2022-01-24,12,AR1 alpha + Basic + One-Step,NYSE:GSBD,2.4561856715774685e-07
2022-01-25,12,AR1 alpha + Basic + One-Step,NYSE:GSBD,0.0
2022-01-26,12,AR1 alpha + Basic + One-Step,NYSE:GSBD,7.695122909604817e-08
2022-01-27,12,AR1 alpha + Basic + One-Step,NYSE:GSBD,0.0
2022-01-28,12,AR1 alpha + Basic + One-Step,NYSE:GSBD,0.0
2022-01-31,12,AR1 alpha + Basic + One-Step,NYSE:GSBD,0.0
2022-02-01,12,AR1 alpha + Basic + One-Step,NYSE:GSBD,0.0
2022-02-02,12,AR1 alpha + Basic + One-Step,NYSE:GSBD,0.0
2022-02-03,12,AR1 alpha + Basic + One-Step,NYSE:GSBD,0.0
2022-02-04,12,AR1 alpha + Basic + One-Step,NYSE:GSBD,1.27348788784654e-07
2022-02-07,12,AR1 alpha + Basic + One-Step,NYSE:GSBD,3.2782391265535595e-08
2022-02-08,12,AR1 alpha + Basic + One-Step,NYSE:GSBD,0.0
2022-02-09,12,AR1 alpha + Basic + One-Step,NYSE:GSBD,0.0
2022-02-10,12,AR1 alpha + Basic + One-Step,NYSE:GSBD,2.389952853509724e-08
2022-02-11,12,AR1 alpha + Basic + One-Step,NYSE:GSBD,3.014792101243962e-08
2022-02-14,12,AR1 alpha + Basic + One-Step,NYSE:GSBD,2.198013909699571e-07
2022-02-15,12,AR1 alpha + Basic + One-Step,NYSE:GSBD,0.0
2022-02-16,12,AR1 alpha + Basic + One-Step,NYSE:GSBD,0.0
2022-02-17,12,AR1 alpha + Basic + One-Step,NYSE:GSBD,0.0
2022-02-18,12,AR1 alpha + Basic + One-Step,NYSE:GSBD,3.3659268363045527e-07
2022-02-22,12,AR1 alpha + Basic + One-Step,NYSE:GSBD,2.668855161336395e-07
2022-02-23,12,AR1 alpha + Basic + One-Step,NYSE:GSBD,0.0
2022-02-24,12,AR1 alpha + Basic + One-Step,NYSE:GSBD,0.0
2022-02-25,12,AR1 alpha + Basic + One-Step,NYSE:GSBD,1.8666888143723174e-07
2022-02-28,12,AR1 alpha + Basic + One-Step,NYSE:GSBD,0.0
2022-03-01,12,AR1 alpha + Basic + One-Step,NYSE:GSBD,6.701873679557736e-08
2022-03-02,12,AR1 alpha + Basic + One-Step,NYSE:GSBD,3.062356846990279e-07
2022-03-03,12,AR1 alpha + Basic + One-Step,NYSE:GSBD,0.0
2022-03-04,12,AR1 alpha + Basic + One-Step,NYSE:GSBD,0.0
2022-03-07,12,AR1 alpha + Basic + One-Step,NYSE:GSBD,4.648106715830731e-09
2022-03-08,12,AR1 alpha + Basic + One-Step,NYSE:GSBD,1.6540458452420906e-06
2022-03-09,12,AR1 alpha + Basic + One-Step,NYSE:GSBD,1.8483653814441072e-07
2022-03-10,12,AR1 alpha + Basic + One-Step,NYSE:GSBD,1.1710712425700982e-07
2022-03-11,12,AR1 alpha + Basic + One-Step,NYSE:GSBD,4.635841736133282e-07
2022-03-14,12,AR1 alpha + Basic + One-Step,NYSE:GSBD,0.0
2022-03-15,12,AR1 alpha + Basic + One-Step,NYSE:GSBD,0.0
2022-03-16,12,AR1 alpha + Basic + One-Step,NYSE:GSBD,0.0
2022-03-17,12,AR1 alpha + Basic + One-Step,NYSE:GSBD,0.0
2022-03-18,12,AR1 alpha + Basic + One-Step,NYSE:GSBD,0.0
2022-03-21,12,AR1 alpha + Basic + One-Step,NYSE:GSBD,0.0
2022-03-22,12,AR1 alpha + Basic + One-Step,NYSE:GSBD,0.0
2022-03-23,12,AR1 alpha + Basic + One-Step,NYSE:GSBD,0.0
2022-03-24,12,AR1 alpha + Basic + One-Step,NYSE:GSBD,8.855908902445568e-08
2022-03-25,12,AR1 alpha + Basic + One-Step,NYSE:GSBD,0.0
2022-03-28,12,AR1 alpha + Basic + One-Step,NYSE:GSBD,0.0
2022-03-29,12,AR1 alpha + Basic + One-Step,NYSE:GSBD,0.0
2022-03-30,12,AR1 alpha + Basic + One-Step,NYSE:GSBD,0.0
2022-03-31,12,AR1 alpha + Basic + One-Step,NYSE:GSBD,0.0
2022-04-01,12,AR1 alpha + Basic + One-Step,NYSE:GSBD,0.0
2022-04-04,12,AR1 alpha + Basic + One-Step,NYSE:GSBD,0.0
2022-04-05,12,AR1 alpha + Basic + One-Step,NYSE:GSBD,0.0
2022-04-06,12,AR1 alpha + Basic + One-Step,NYSE:GSBD,0.0
2022-04-07,12,AR1 alpha + Basic + One-Step,NYSE:GSBD,0.0
2022-04-08,12,AR1 alpha + Basic + One-Step,NYSE:GSBD,0.0
2022-04-11,12,AR1 alpha + Basic + One-Step,NYSE:GSBD,0.0
2022-04-12,12,AR1 alpha + Basic + One-Step,NYSE:GSBD,0.0
2022-04-13,12,AR1 alpha + Basic + One-Step,NYSE:GSBD,3.793243699507773e-07
2022-04-14,12,AR1 alpha + Basic + One-Step,NYSE:GSBD,6.784779728930691e-08
2022-04-18,12,AR1 alpha + Basic + One-Step,NYSE:GSBD,0.0
2022-04-19,12,AR1 alpha + Basic + One-Step,NYSE:GSBD,0.0
2022-04-20,12,AR1 alpha + Basic + One-Step,NYSE:GSBD,1.206863867549039e-07
2022-04-21,12,AR1 alpha + Basic + One-Step,NYSE:GSBD,0.0
2022-04-22,12,AR1 alpha + Basic + One-Step,NYSE:GSBD,0.0
2022-04-25,12,AR1 alpha + Basic + One-Step,NYSE:GSBD,0.0
2022-04-26,12,AR1 alpha + Basic + One-Step,NYSE:GSBD,0.0
2022-04-27,12,AR1 alpha + Basic + One-Step,NYSE:GSBD,0.0
2022-04-28,12,AR1 alpha + Basic + One-Step,NYSE:GSBD,0.0
2022-04-29,12,AR1 alpha + Basic + One-Step,NYSE:GSBD,0.0
2022-05-02,12,AR1 alpha + Basic + One-Step,NYSE:GSBD,6.128033976841593e-05
2022-05-03,12,AR1 alpha + Basic + One-Step,NYSE:GSBD,0.0
2022-05-04,12,AR1 alpha + Basic + One-Step,NYSE:GSBD,4.778240664492987e-07
2022-05-05,12,AR1 alpha + Basic + One-Step,NYSE:GSBD,0.0
2022-05-06,12,AR1 alpha + Basic + One-Step,NYSE:GSBD,6.079445984641606e-09
2022-05-09,12,AR1 alpha + Basic + One-Step,NYSE:GSBD,0.0
2022-05-10,12,AR1 alpha + Basic + One-Step,NYSE:GSBD,0.0
2022-05-11,12,AR1 alpha + Basic + One-Step,NYSE:GSBD,0.0
2022-05-12,12,AR1 alpha + Basic + One-Step,NYSE:GSBD,0.0
2022-05-13,12,AR1 alpha + Basic + One-Step,NYSE:GSBD,0.0
2022-05-16,12,AR1 alpha + Basic + One-Step,NYSE:GSBD,6.521206256399009e-07
2022-05-17,12,AR1 alpha + Basic + One-Step,NYSE:GSBD,2.7394967820259915e-07
2022-05-18,12,AR1 alpha + Basic + One-Step,NYSE:GSBD,2.2576759318257834e-07
2022-05-19,12,AR1 alpha + Basic + One-Step,NYSE:GSBD,0.0
2022-05-20,12,AR1 alpha + Basic + One-Step,NYSE:GSBD,0.0
2022-05-23,12,AR1 alpha + Basic + One-Step,NYSE:GSBD,5.210463755861394e-07
2022-05-24,12,AR1 alpha + Basic + One-Step,NYSE:GSBD,0.0
2022-05-25,12,AR1 alpha + Basic + One-Step,NYSE:GSBD,2.1151299514074554e-07
2022-05-26,12,AR1 alpha + Basic + One-Step,NYSE:GSBD,0.0
2022-05-27,12,AR1 alpha + Basic + One-Step,NYSE:GSBD,7.720832909614494e-09
2022-05-31,12,AR1 alpha + Basic + One-Step,NYSE:GSBD,0.0
2022-06-01,12,AR1 alpha + Basic + One-Step,NYSE:GSBD,0.0
2022-06-02,12,AR1 alpha + Basic + One-Step,NYSE:GSBD,0.0
2022-06-03,12,AR1 alpha + Basic + One-Step,NYSE:GSBD,0.0
2022-06-06,12,AR1 alpha + Basic + One-Step,NYSE:GSBD,3.6298887255100734e-08
2022-06-07,12,AR1 alpha + Basic + One-Step,NYSE:GSBD,0.0
2022-06-08,12,AR1 alpha + Basic + One-Step,NYSE:GSBD,2.8172083959515985e-07
2022-06-09,12,AR1 alpha + Basic + One-Step,NYSE:GSBD,0.0
2022-06-10,12,AR1 alpha + Basic + One-Step,NYSE:GSBD,1.0652819596303189e-07
2022-06-13,12,AR1 alpha + Basic + One-Step,NYSE:GSBD,3.328362031344948e-07
2022-06-14,12,AR1 alpha + Basic + One-Step,NYSE:GSBD,2.492088086650762e-07
2022-06-15,12,AR1 alpha + Basic + One-Step,NYSE:GSBD,4.8047997339102656e-08
2022-06-16,12,AR1 alpha + Basic + One-Step,NYSE:GSBD,0.0
2022-06-17,12,AR1 alpha + Basic + One-Step,NYSE:GSBD,0.0
2022-06-21,12,AR1 alpha + Basic + One-Step,NYSE:GSBD,1.5578685729756264e-06
2022-06-22,12,AR1 alpha + Basic + One-Step,NYSE:GSBD,1.0657518222046078e-06
2022-06-23,12,AR1 alpha + Basic + One-Step,NYSE:GSBD,0.0
2022-06-24,12,AR1 alpha + Basic + One-Step,NYSE:GSBD,0.0
2022-06-27,12,AR1 alpha + Basic + One-Step,NYSE:GSBD,0.0
2022-06-28,12,AR1 alpha + Basic + One-Step,NYSE:GSBD,0.0
2022-06-29,12,AR1 alpha + Basic + One-Step,NYSE:GSBD,0.0
2022-06-30,12,AR1 alpha + Basic + One-Step,NYSE:GSBD,0.0
2022-07-01,12,AR1 alpha + Basic + One-Step,NYSE:GSBD,0.0
2022-07-05,12,AR1 alpha + Basic + One-Step,NYSE:GSBD,0.0
2022-07-06,12,AR1 alpha + Basic + One-Step,NYSE:GSBD,0.0
2022-07-07,12,AR1 alpha + Basic + One-Step,NYSE:GSBD,0.0
2022-07-08,12,AR1 alpha + Basic + One-Step,NYSE:GSBD,0.0
2022-07-11,12,AR1 alpha + Basic + One-Step,NYSE:GSBD,0.0
2022-07-12,12,AR1 alpha + Basic + One-Step,NYSE:GSBD,2.1753431210232009e-07
2022-07-13,12,AR1 alpha + Basic + One-Step,NYSE:GSBD,5.25655856488572e-07
2022-07-14,12,AR1 alpha + Basic + One-Step,NYSE:GSBD,0.0
2022-07-15,12,AR1 alpha + Basic + One-Step,NYSE:GSBD,0.0
2022-07-18,12,AR1 alpha + Basic + One-Step,NYSE:GSBD,4.1767730743816775e-09
2022-07-19,12,AR1 alpha + Basic + One-Step,NYSE:GSBD,0.0
2022-07-20,12,AR1 alpha + Basic + One-Step,NYSE:GSBD,0.0
2022-07-21,12,AR1 alpha + Basic + One-Step,NYSE:GSBD,1.2366126945569734e-08
2022-07-22,12,AR1 alpha + Basic + One-Step,NYSE:GSBD,0.0
2022-07-25,12,AR1 alpha + Basic + One-Step,NYSE:GSBD,0.0
2022-07-26,12,AR1 alpha + Basic + One-Step,NYSE:GSBD,0.0
2022-07-27,12,AR1 alpha + Basic + One-Step,NYSE:GSBD,0.0
2022-07-28,12,AR1 alpha + Basic + One-Step,NYSE:GSBD,0.0
2022-07-29,12,AR1 alpha + Basic + One-Step,NYSE:GSBD,0.0
2022-08-01,12,AR1 alpha + Basic + One-Step,NYSE:GSBD,0.0
2022-08-02,12,AR1 alpha + Basic + One-Step,NYSE:GSBD,0.0
2022-08-03,12,AR1 alpha + Basic + One-Step,NYSE:GSBD,0.0
2022-08-04,12,AR1 alpha + Basic + One-Step,NYSE:GSBD,0.0
2022-08-05,12,AR1 alpha + Basic + One-Step,NYSE:GSBD,0.0
2022-08-08,12,AR1 alpha + Basic + One-Step,NYSE:GSBD,0.0
2022-08-09,12,AR1 alpha + Basic + One-Step,NYSE:GSBD,0.0
2022-08-10,12,AR1 alpha + Basic + One-Step,NYSE:GSBD,0.0
2022-08-11,12,AR1 alpha + Basic + One-Step,NYSE:GSBD,0.0
2022-08-12,12,AR1 alpha + Basic + One-Step,NYSE:GSBD,0.0
2022-08-15,12,AR1 alpha + Basic + One-Step,NYSE:GSBD,0.0
2022-08-16,12,AR1 alpha + Basic + One-Step,NYSE:GSBD,0.0
2022-08-17,12,AR1 alpha + Basic + One-Step,NYSE:GSBD,0.0
2022-08-18,12,AR1 alpha + Basic + One-Step,NYSE:GSBD,0.0
2022-08-19,12,AR1 alpha + Basic + One-Step,NYSE:GSBD,0.0
2022-08-22,12,AR1 alpha + Basic + One-Step,NYSE:GSBD,0.0
2022-08-23,12,AR1 alpha + Basic + One-Step,NYSE:GSBD,0.0
2022-08-24,12,AR1 alpha + Basic + One-Step,NYSE:GSBD,3.137300509866277e-07
2022-08-25,12,AR1 alpha + Basic + One-Step,NYSE:GSBD,0.0
2022-08-26,12,AR1 alpha + Basic + One-Step,NYSE:GSBD,0.0
2022-08-29,12,AR1 alpha + Basic + One-Step,NYSE:GSBD,0.0
2022-08-30,12,AR1 alpha + Basic + One-Step,NYSE:GSBD,0.0
2022-08-31,12,AR1 alpha + Basic + One-Step,NYSE:GSBD,0.0
2022-09-01,12,AR1 alpha + Basic + One-Step,NYSE:GSBD,0.0
2022-09-02,12,AR1 alpha + Basic + One-Step,NYSE:GSBD,0.0
2022-09-06,12,AR1 alpha + Basic + One-Step,NYSE:GSBD,0.0
2022-09-07,12,AR1 alpha + Basic + One-Step,NYSE:GSBD,0.0
2022-09-08,12,AR1 alpha + Basic + One-Step,NYSE:GSBD,5.802690609337188e-07
2022-09-09,12,AR1 alpha + Basic + One-Step,NYSE:GSBD,1.9279907911230474e-07
2022-09-12,12,AR1 alpha + Basic + One-Step,NYSE:GSBD,0.0
2022-09-13,12,AR1 alpha + Basic + One-Step,NYSE:GSBD,0.0
2022-09-14,12,AR1 alpha + Basic + One-Step,NYSE:GSBD,3.246183704260911e-07
2022-09-15,12,AR1 alpha + Basic + One-Step,NYSE:GSBD,0.0
2022-09-16,12,AR1 alpha + Basic + One-Step,NYSE:GSBD,0.0
2022-09-19,12,AR1 alpha + Basic + One-Step,NYSE:GSBD,0.0
2022-09-20,12,AR1 alpha + Basic + One-Step,NYSE:GSBD,4.7244102918767443e-07
2022-09-21,12,AR1 alpha + Basic + One-Step,NYSE:GSBD,0.0
2022-09-22,12,AR1 alpha + Basic + One-Step,NYSE:GSBD,0.0
2022-09-23,12,AR1 alpha + Basic + One-Step,NYSE:GSBD,0.0
2022-09-26,12,AR1 alpha + Basic + One-Step,NYSE:GSBD,0.0999999211690256
2022-09-27,12,AR1 alpha + Basic + One-Step,NYSE:GSBD,0.016292793051500193
2022-09-28,12,AR1 alpha + Basic + One-Step,NYSE:GSBD,1.2543091472486445e-08
2022-09-29,12,AR1 alpha + Basic + One-Step,NYSE:GSBD,0.0999998342920141
2022-09-30,12,AR1 alpha + Basic + One-Step,NYSE:GSBD,0.09999909083551338
2022-10-03,12,AR1 alpha + Basic + One-Step,NYSE:GSBD,0.09999273045439003
2022-10-04,12,AR1 alpha + Basic + One-Step,NYSE:GSBD,0.0
2022-10-05,12,AR1 alpha + Basic + One-Step,NYSE:GSBD,0.0
2022-10-06,12,AR1 alpha + Basic + One-Step,NYSE:GSBD,0.0
2022-10-07,12,AR1 alpha + Basic + One-Step,NYSE:GSBD,8.835676233322381e-10
2022-10-10,12,AR1 alpha + Basic + One-Step,NYSE:GSBD,0.05780014372123111
2022-10-11,12,AR1 alpha + Basic + One-Step,NYSE:GSBD,0.04541438640346212
2022-10-12,12,AR1 alpha + Basic + One-Step,NYSE:GSBD,2.3160649873758488e-07
2022-10-13,12,AR1 alpha + Basic + One-Step,NYSE:GSBD,1.1253439223069969e-07
2022-10-14,12,AR1 alpha + Basic + One-Step,NYSE:GSBD,4.860544992507057e-07
2022-10-17,12,AR1 alpha + Basic + One-Step,NYSE:GSBD,0.0
2022-10-18,12,AR1 alpha + Basic + One-Step,NYSE:GSBD,0.0
2022-10-19,12,AR1 alpha + Basic + One-Step,NYSE:GSBD,1.813038281749427e-08
2022-10-20,12,AR1 alpha + Basic + One-Step,NYSE:GSBD,0.0
2022-10-21,12,AR1 alpha + Basic + One-Step,NYSE:GSBD,6.478544896047957e-08
2022-10-24,12,AR1 alpha + Basic + One-Step,NYSE:GSBD,0.0
2022-10-25,12,AR1 alpha + Basic + One-Step,NYSE:GSBD,0.0
2022-10-26,12,AR1 alpha + Basic + One-Step,NYSE:GSBD,0.0
2022-10-27,12,AR1 alpha + Basic + One-Step,NYSE:GSBD,1.9373164026921288e-08
2022-10-28,12,AR1 alpha + Basic + One-Step,NYSE:GSBD,0.0
2022-10-31,12,AR1 alpha + Basic + One-Step,NYSE:GSBD,0.0
2022-11-01,12,AR1 alpha + Basic + One-Step,NYSE:GSBD,0.0
2022-11-02,12,AR1 alpha + Basic + One-Step,NYSE:GSBD,8.617984279024979e-07
2022-11-03,12,AR1 alpha + Basic + One-Step,NYSE:GSBD,2.055842752123138e-06
2022-11-04,12,AR1 alpha + Basic + One-Step,NYSE:GSBD,2.034526475963832e-06
2022-11-07,12,AR1 alpha + Basic + One-Step,NYSE:GSBD,9.540979467962083e-07
2022-11-08,12,AR1 alpha + Basic + One-Step,NYSE:GSBD,0.0
2022-11-09,12,AR1 alpha + Basic + One-Step,NYSE:GSBD,0.0
2022-11-10,12,AR1 alpha + Basic + One-Step,NYSE:GSBD,0.0
2022-11-11,12,AR1 alpha + Basic + One-Step,NYSE:GSBD,1.9323525835580464e-07
2022-11-14,12,AR1 alpha + Basic + One-Step,NYSE:GSBD,0.0
2022-11-15,12,AR1 alpha + Basic + One-Step,NYSE:GSBD,0.0
2022-11-16,12,AR1 alpha + Basic + One-Step,NYSE:GSBD,0.0
2022-11-17,12,AR1 alpha + Basic + One-Step,NYSE:GSBD,0.0
2022-11-18,12,AR1 alpha + Basic + One-Step,NYSE:GSBD,6.909085689752317e-07
2022-11-21,12,AR1 alpha + Basic + One-Step,NYSE:GSBD,1.009611156682581e-06
2022-11-22,12,AR1 alpha + Basic + One-Step,NYSE:GSBD,4.889922754925534e-07
2022-11-23,12,AR1 alpha + Basic + One-Step,NYSE:GSBD,1.4592346523379557e-07
2022-11-25,12,AR1 alpha + Basic + One-Step,NYSE:GSBD,0.0
2022-11-28,12,AR1 alpha + Basic + One-Step,NYSE:GSBD,0.0
2022-11-29,12,AR1 alpha + Basic + One-Step,NYSE:GSBD,0.0
2022-11-30,12,AR1 alpha + Basic + One-Step,NYSE:GSBD,2.132591807543295e-07
2022-12-01,12,AR1 alpha + Basic + One-Step,NYSE:GSBD,3.695149488192896e-07
2022-12-02,12,AR1 alpha + Basic + One-Step,NYSE:GSBD,0.0
2022-12-05,12,AR1 alpha + Basic + One-Step,NYSE:GSBD,0.0
2022-12-06,12,AR1 alpha + Basic + One-Step,NYSE:GSBD,2.117573724070883e-06
2022-12-07,12,AR1 alpha + Basic + One-Step,NYSE:GSBD,0.0
2022-12-08,12,AR1 alpha + Basic + One-Step,NYSE:GSBD,0.0
2022-12-09,12,AR1 alpha + Basic + One-Step,NYSE:GSBD,0.0
2022-12-12,12,AR1 alpha + Basic + One-Step,NYSE:GSBD,1.9436316874283315e-08
2022-12-13,12,AR1 alpha + Basic + One-Step,NYSE:GSBD,0.0
2022-12-14,12,AR1 alpha + Basic + One-Step,NYSE:GSBD,2.3503478322371233e-07
2022-12-15,12,AR1 alpha + Basic + One-Step,NYSE:GSBD,0.0
2022-12-16,12,AR1 alpha + Basic + One-Step,NYSE:GSBD,0.0
2022-12-19,12,AR1 alpha + Basic + One-Step,NYSE:GSBD,0.0
2022-12-20,12,AR1 alpha + Basic + One-Step,NYSE:GSBD,0.0
2022-12-21,12,AR1 alpha + Basic + One-Step,NYSE:GSBD,1.5221143600345032e-09
2022-12-22,12,AR1 alpha + Basic + One-Step,NYSE:GSBD,3.154500103793379e-08
2022-12-23,12,AR1 alpha + Basic + One-Step,NYSE:GSBD,0.0
2022-12-27,12,AR1 alpha + Basic + One-Step,NYSE:GSBD,5.215643580274468e-07
2022-12-28,12,AR1 alpha + Basic + One-Step,NYSE:GSBD,0.0
2022-12-29,12,AR1 alpha + Basic + One-Step,NYSE:GSBD,4.335153808288612e-08
2022-12-30,12,AR1 alpha + Basic + One-Step,NYSE:GSBD,0.0
2023-01-03,12,AR1 alpha + Basic + One-Step,NYSE:GSBD,2.1655025132270407e-07
2023-01-04,12,AR1 alpha + Basic + One-Step,NYSE:GSBD,0.0
2023-01-05,12,AR1 alpha + Basic + One-Step,NYSE:GSBD,0.0
2023-01-06,12,AR1 alpha + Basic + One-Step,NYSE:GSBD,0.0
2023-01-09,12,AR1 alpha + Basic + One-Step,NYSE:GSBD,0.0
2023-01-10,12,AR1 alpha + Basic + One-Step,NYSE:GSBD,0.0
2023-01-11,12,AR1 alpha + Basic + One-Step,NYSE:GSBD,1.607197242448289e-08
2023-01-12,12,AR1 alpha + Basic + One-Step,NYSE:GSBD,0.0
2023-01-13,12,AR1 alpha + Basic + One-Step,NYSE:GSBD,1.513678437017397e-08
2023-01-17,12,AR1 alpha + Basic + One-Step,NYSE:GSBD,0.0
2023-01-18,12,AR1 alpha + Basic + One-Step,NYSE:GSBD,0.0
2023-01-19,12,AR1 alpha + Basic + One-Step,NYSE:GSBD,0.0
2023-01-20,12,AR1 alpha + Basic + One-Step,NYSE:GSBD,0.0
2023-01-23,12,AR1 alpha + Basic + One-Step,NYSE:GSBD,0.0
2023-01-24,12,AR1 alpha + Basic + One-Step,NYSE:GSBD,0.0
2023-01-25,12,AR1 alpha + Basic + One-Step,NYSE:GSBD,0.0
2023-01-26,12,AR1 alpha + Basic + One-Step,NYSE:GSBD,0.0
2023-01-27,12,AR1 alpha + Basic + One-Step,NYSE:GSBD,0.0
2023-01-30,12,AR1 alpha + Basic + One-Step,NYSE:GSBD,0.0
2023-01-31,12,AR1 alpha + Basic + One-Step,NYSE:GSBD,0.0
2023-02-01,12,AR1 alpha + Basic + One-Step,NYSE:GSBD,0.0
2023-02-02,12,AR1 alpha + Basic + One-Step,NYSE:GSBD,1.2158397991346631e-06
2023-02-03,12,AR1 alpha + Basic + One-Step,NYSE:GSBD,4.4632106554367894e-07
2023-02-06,12,AR1 alpha + Basic + One-Step,NYSE:GSBD,0.0
2023-02-07,12,AR1 alpha + Basic + One-Step,NYSE:GSBD,0.0
2023-02-08,12,AR1 alpha + Basic + One-Step,NYSE:GSBD,0.0
2023-02-09,12,AR1 alpha + Basic + One-Step,NYSE:GSBD,0.0
2023-02-10,12,AR1 alpha + Basic + One-Step,NYSE:GSBD,0.0
2023-02-13,12,AR1 alpha + Basic + One-Step,NYSE:GSBD,0.0
2023-02-14,12,AR1 alpha + Basic + One-Step,NYSE:GSBD,0.0
2023-02-15,12,AR1 alpha + Basic + One-Step,NYSE:GSBD,0.0
2023-02-16,12,AR1 alpha + Basic + One-Step,NYSE:GSBD,0.0
2023-02-17,12,AR1 alpha + Basic + One-Step,NYSE:GSBD,0.0
2023-02-21,12,AR1 alpha + Basic + One-Step,NYSE:GSBD,2.641725552711794e-09
2023-02-22,12,AR1 alpha + Basic + One-Step,NYSE:GSBD,0.0
2023-02-23,12,AR1 alpha + Basic + One-Step,NYSE:GSBD,0.0
2023-02-24,12,AR1 alpha + Basic + One-Step,NYSE:GSBD,0.0
2023-02-27,12,AR1 alpha + Basic + One-Step,NYSE:GSBD,0.0
2023-02-28,12,AR1 alpha + Basic + One-Step,NYSE:GSBD,0.0
2023-03-01,12,AR1 alpha + Basic + One-Step,NYSE:GSBD,5.711274461616516e-09
2023-03-02,12,AR1 alpha + Basic + One-Step,NYSE:GSBD,1.7592600298191796e-07
2023-03-03,12,AR1 alpha + Basic + One-Step,NYSE:GSBD,0.0
2023-03-06,12,AR1 alpha + Basic + One-Step,NYSE:GSBD,0.0
2023-03-07,12,AR1 alpha + Basic + One-Step,NYSE:GSBD,0.0
2023-03-08,12,AR1 alpha + Basic + One-Step,NYSE:GSBD,0.0
2023-03-09,12,AR1 alpha + Basic + One-Step,NYSE:GSBD,0.0
2023-03-10,12,AR1 alpha + Basic + One-Step,NYSE:GSBD,4.989604572533484e-09
2023-03-13,12,AR1 alpha + Basic + One-Step,NYSE:GSBD,2.1835136799398395e-07
2023-03-14,12,AR1 alpha + Basic + One-Step,NYSE:GSBD,0.0
2023-03-15,12,AR1 alpha + Basic + One-Step,NYSE:GSBD,9.497343288926481e-08
2023-03-16,12,AR1 alpha + Basic + One-Step,NYSE:GSBD,1.8165363490176124e-07
2023-03-17,12,AR1 alpha + Basic + One-Step,NYSE:GSBD,0.0
2023-03-20,12,AR1 alpha + Basic + One-Step,NYSE:GSBD,1.0826858966181351e-06
2023-03-21,12,AR1 alpha + Basic + One-Step,NYSE:GSBD,5.235273262857098e-07
2023-03-22,12,AR1 alpha + Basic + One-Step,NYSE:GSBD,0.0
2023-03-23,12,AR1 alpha + Basic + One-Step,NYSE:GSBD,1.0671387501564394e-07
2023-03-24,12,AR1 alpha + Basic + One-Step,NYSE:GSBD,6.439219343778391e-08
2023-03-27,12,AR1 alpha + Basic + One-Step,NYSE:GSBD,0.0
2023-03-28,12,AR1 alpha + Basic + One-Step,NYSE:GSBD,3.173227159871232e-08
2023-03-29,12,AR1 alpha + Basic + One-Step,NYSE:GSBD,0.0
2023-03-30,12,AR1 alpha + Basic + One-Step,NYSE:GSBD,0.0
2023-03-31,12,AR1 alpha + Basic + One-Step,NYSE:GSBD,3.9008980581139753e-07
2023-04-03,12,AR1 alpha + Basic + One-Step,NYSE:GSBD,0.0
2023-04-04,12,AR1 alpha + Basic + One-Step,NYSE:GSBD,0.0
2023-04-05,12,AR1 alpha + Basic + One-Step,NYSE:GSBD,1.9161858763228214e-07
2023-04-06,12,AR1 alpha + Basic + One-Step,NYSE:GSBD,3.725197409388639e-07
2023-04-10,12,AR1 alpha + Basic + One-Step,NYSE:GSBD,0.0
2023-04-11,12,AR1 alpha + Basic + One-Step,NYSE:GSBD,0.0
2023-04-12,12,AR1 alpha + Basic + One-Step,NYSE:GSBD,0.0
2023-04-13,12,AR1 alpha + Basic + One-Step,NYSE:GSBD,0.0
2023-04-14,12,AR1 alpha + Basic + One-Step,NYSE:GSBD,0.0
2023-04-17,12,AR1 alpha + Basic + One-Step,NYSE:GSBD,0.0
2023-04-18,12,AR1 alpha + Basic + One-Step,NYSE:GSBD,0.0
2023-04-19,12,AR1 alpha + Basic + One-Step,NYSE:GSBD,2.6194430272985988e-09
2023-04-20,12,AR1 alpha + Basic + One-Step,NYSE:GSBD,3.979112084625933e-09
2023-04-21,12,AR1 alpha + Basic + One-Step,NYSE:GSBD,1.561213744181754e-07
2023-04-24,12,AR1 alpha + Basic + One-Step,NYSE:GSBD,0.0
2023-04-25,12,AR1 alpha + Basic + One-Step,NYSE:GSBD,0.0
2023-04-26,12,AR1 alpha + Basic + One-Step,NYSE:GSBD,0.0
2023-04-27,12,AR1 alpha + Basic + One-Step,NYSE:GSBD,7.871720909812459e-07
2023-04-28,12,AR1 alpha + Basic + One-Step,NYSE:GSBD,4.1675415213325135e-07
2023-05-01,12,AR1 alpha + Basic + One-Step,NYSE:GSBD,2.3351606735336377e-07
2023-05-02,12,AR1 alpha + Basic + One-Step,NYSE:GSBD,1.8769702157046953e-07
2023-05-03,12,AR1 alpha + Basic + One-Step,NYSE:GSBD,0.0
2023-05-04,12,AR1 alpha + Basic + One-Step,NYSE:GSBD,0.0
2023-05-05,12,AR1 alpha + Basic + One-Step,NYSE:GSBD,1.8509855768803493e-07
2023-05-08,12,AR1 alpha + Basic + One-Step,NYSE:GSBD,1.2310350921154932e-07
2023-05-09,12,AR1 alpha + Basic + One-Step,NYSE:GSBD,2.9209996303860093e-08
2023-05-10,12,AR1 alpha + Basic + One-Step,NYSE:GSBD,1.1478965026807776e-07
2023-05-11,12,AR1 alpha + Basic + One-Step,NYSE:GSBD,6.207720028996988e-07
2023-05-12,12,AR1 alpha + Basic + One-Step,NYSE:GSBD,1.1042586065377922e-06
2023-05-15,12,AR1 alpha + Basic + One-Step,NYSE:GSBD,6.701793019962007e-07
2023-05-16,12,AR1 alpha + Basic + One-Step,NYSE:GSBD,0.0
2023-05-17,12,AR1 alpha + Basic + One-Step,NYSE:GSBD,0.0
2023-05-18,12,AR1 alpha + Basic + One-Step,NYSE:GSBD,0.0
2023-05-19,12,AR1 alpha + Basic + One-Step,NYSE:GSBD,0.0
2023-05-22,12,AR1 alpha + Basic + One-Step,NYSE:GSBD,0.0
2023-05-23,12,AR1 alpha + Basic + One-Step,NYSE:GSBD,0.0
2023-05-24,12,AR1 alpha + Basic + One-Step,NYSE:GSBD,0.0
2023-05-25,12,AR1 alpha + Basic + One-Step,NYSE:GSBD,0.0
2023-05-26,12,AR1 alpha + Basic + One-Step,NYSE:GSBD,0.0
2023-05-30,12,AR1 alpha + Basic + One-Step,NYSE:GSBD,0.0
2023-05-31,12,AR1 alpha + Basic + One-Step,NYSE:GSBD,0.0
2023-06-01,12,AR1 alpha + Basic + One-Step,NYSE:GSBD,0.0
2023-06-02,12,AR1 alpha + Basic + One-Step,NYSE:GSBD,0.0
2023-06-05,12,AR1 alpha + Basic + One-Step,NYSE:GSBD,0.0
2023-06-06,12,AR1 alpha + Basic + One-Step,NYSE:GSBD,1.6364778029682208e-06
2023-06-07,12,AR1 alpha + Basic + One-Step,NYSE:GSBD,2.9426803053235444e-07
2023-06-08,12,AR1 alpha + Basic + One-Step,NYSE:GSBD,2.082715207508295e-07
2023-06-09,12,AR1 alpha + Basic + One-Step,NYSE:GSBD,1.6709262449467275e-06
2023-06-12,12,AR1 alpha + Basic + One-Step,NYSE:GSBD,0.0
2023-06-13,12,AR1 alpha + Basic + One-Step,NYSE:GSBD,1.1251322999857141e-07
2023-06-14,12,AR1 alpha + Basic + One-Step,NYSE:GSBD,6.11940847003261e-08
2023-06-15,12,AR1 alpha + Basic + One-Step,NYSE:GSBD,0.0
2023-06-16,12,AR1 alpha + Basic + One-Step,NYSE:GSBD,2.4672355318603606e-08
2023-06-20,12,AR1 alpha + Basic + One-Step,NYSE:GSBD,0.0
2023-06-21,12,AR1 alpha + Basic + One-Step,NYSE:GSBD,0.0
2023-06-22,12,AR1 alpha + Basic + One-Step,NYSE:GSBD,0.0
2023-06-23,12,AR1 alpha + Basic + One-Step,NYSE:GSBD,0.0
2023-06-26,12,AR1 alpha + Basic + One-Step,NYSE:GSBD,2.167465088612305e-07
2023-06-27,12,AR1 alpha + Basic + One-Step,NYSE:GSBD,0.0
2023-06-28,12,AR1 alpha + Basic + One-Step,NYSE:GSBD,0.0
2023-06-29,12,AR1 alpha + Basic + One-Step,NYSE:GSBD,0.0
2023-06-30,12,AR1 alpha + Basic + One-Step,NYSE:GSBD,0.0
2023-07-03,12,AR1 alpha + Basic + One-Step,NYSE:GSBD,0.0
2023-07-05,12,AR1 alpha + Basic + One-Step,NYSE:GSBD,2.875665367696146e-06
2023-07-06,12,AR1 alpha + Basic + One-Step,NYSE:GSBD,0.0
2023-07-07,12,AR1 alpha + Basic + One-Step,NYSE:GSBD,0.0
2023-07-10,12,AR1 alpha + Basic + One-Step,NYSE:GSBD,1.4710579087202018e-06
2023-07-11,12,AR1 alpha + Basic + One-Step,NYSE:GSBD,0.0
2023-07-12,12,AR1 alpha + Basic + One-Step,NYSE:GSBD,0.0
2023-07-13,12,AR1 alpha + Basic + One-Step,NYSE:GSBD,0.0
2023-07-14,12,AR1 alpha + Basic + One-Step,NYSE:GSBD,2.047660959957868e-07
2023-07-17,12,AR1 alpha + Basic + One-Step,NYSE:GSBD,9.375292761727609e-07
2023-07-18,12,AR1 alpha + Basic + One-Step,NYSE:GSBD,1.6197490119948852e-06
2023-07-19,12,AR1 alpha + Basic + One-Step,NYSE:GSBD,0.0
2023-07-20,12,AR1 alpha + Basic + One-Step,NYSE:GSBD,0.0
2023-07-21,12,AR1 alpha + Basic + One-Step,NYSE:GSBD,0.0
2023-07-24,12,AR1 alpha + Basic + One-Step,NYSE:GSBD,0.0
2023-07-25,12,AR1 alpha + Basic + One-Step,NYSE:GSBD,0.0
2023-07-26,12,AR1 alpha + Basic + One-Step,NYSE:GSBD,0.0
2023-07-27,12,AR1 alpha + Basic + One-Step,NYSE:GSBD,0.0
2023-07-28,12,AR1 alpha + Basic + One-Step,NYSE:GSBD,0.0
2023-07-31,12,AR1 alpha + Basic + One-Step,NYSE:GSBD,0.0
2023-08-01,12,AR1 alpha + Basic + One-Step,NYSE:GSBD,0.0
2023-08-02,12,AR1 alpha + Basic + One-Step,NYSE:GSBD,0.0
2023-08-03,12,AR1 alpha + Basic + One-Step,NYSE:GSBD,0.0
2023-08-04,12,AR1 alpha + Basic + One-Step,NYSE:GSBD,0.0
2023-08-07,12,AR1 alpha + Basic + One-Step,NYSE:GSBD,9.185564048241993e-10
2023-08-08,12,AR1 alpha + Basic + One-Step,NYSE:GSBD,0.0
2023-08-09,12,AR1 alpha + Basic + One-Step,NYSE:GSBD,0.0
2023-08-10,12,AR1 alpha + Basic + One-Step,NYSE:GSBD,0.0
2023-08-11,12,AR1 alpha + Basic + One-Step,NYSE:GSBD,7.447362990384843e-07
2023-08-14,12,AR1 alpha + Basic + One-Step,NYSE:GSBD,0.0
2023-08-15,12,AR1 alpha + Basic + One-Step,NYSE:GSBD,0.0
2023-08-16,12,AR1 alpha + Basic + One-Step,NYSE:GSBD,0.0
2023-08-17,12,AR1 alpha + Basic + One-Step,NYSE:GSBD,0.0
2023-08-18,12,AR1 alpha + Basic + One-Step,NYSE:GSBD,0.0
2023-08-21,12,AR1 alpha + Basic + One-Step,NYSE:GSBD,1.207671804357792e-09
2023-08-22,12,AR1 alpha + Basic + One-Step,NYSE:GSBD,0.0
2023-08-23,12,AR1 alpha + Basic + One-Step,NYSE:GSBD,1.2231387820171428e-07
2023-08-24,12,AR1 alpha + Basic + One-Step,NYSE:GSBD,0.0
2023-08-25,12,AR1 alpha + Basic + One-Step,NYSE:GSBD,1.639364905244942e-07
2023-08-28,12,AR1 alpha + Basic + One-Step,NYSE:GSBD,0.0
2023-08-29,12,AR1 alpha + Basic + One-Step,NYSE:GSBD,0.0
2023-08-30,12,AR1 alpha + Basic + One-Step,NYSE:GSBD,0.0
2023-08-31,12,AR1 alpha + Basic + One-Step,NYSE:GSBD,0.0
2023-09-01,12,AR1 alpha + Basic + One-Step,NYSE:GSBD,5.367315153552457e-09
2023-09-05,12,AR1 alpha + Basic + One-Step,NYSE:GSBD,0.0
2023-09-06,12,AR1 alpha + Basic + One-Step,NYSE:GSBD,9.953618347683126e-09
2023-09-07,12,AR1 alpha + Basic + One-Step,NYSE:GSBD,1.6917282964217068e-06
2023-09-08,12,AR1 alpha + Basic + One-Step,NYSE:GSBD,2.6843949311631403e-06
2023-09-11,12,AR1 alpha + Basic + One-Step,NYSE:GSBD,1.5038449812918737e-06
2023-09-12,12,AR1 alpha + Basic + One-Step,NYSE:GSBD,4.949449759704469e-06
2023-09-13,12,AR1 alpha + Basic + One-Step,NYSE:GSBD,0.0
2023-09-14,12,AR1 alpha + Basic + One-Step,NYSE:GSBD,0.0
2023-09-15,12,AR1 alpha + Basic + One-Step,NYSE:GSBD,0.0
2023-09-18,12,AR1 alpha + Basic + One-Step,NYSE:GSBD,0.0
2023-09-19,12,AR1 alpha + Basic + One-Step,NYSE:GSBD,1.206040403943288e-08
2023-09-20,12,AR1 alpha + Basic + One-Step,NYSE:GSBD,0.0
2023-09-21,12,AR1 alpha + Basic + One-Step,NYSE:GSBD,0.0
2023-09-22,12,AR1 alpha + Basic + One-Step,NYSE:GSBD,0.0
2023-09-25,12,AR1 alpha + Basic + One-Step,NYSE:GSBD,0.0
2023-09-26,12,AR1 alpha + Basic + One-Step,NYSE:GSBD,0.0
2023-09-27,12,AR1 alpha + Basic + One-Step,NYSE:GSBD,0.0
2023-09-28,12,AR1 alpha + Basic + One-Step,NYSE:GSBD,0.0
2023-09-29,12,AR1 alpha + Basic + One-Step,NYSE:GSBD,2.5676222553726143e-09
2023-10-02,12,AR1 alpha + Basic + One-Step,NYSE:GSBD,0.0
2023-10-03,12,AR1 alpha + Basic + One-Step,NYSE:GSBD,0.0
2023-10-04,12,AR1 alpha + Basic + One-Step,NYSE:GSBD,0.0
2023-10-05,12,AR1 alpha + Basic + One-Step,NYSE:GSBD,0.0
2023-10-06,12,AR1 alpha + Basic + One-Step,NYSE:GSBD,0.0
2023-10-09,12,AR1 alpha + Basic + One-Step,NYSE:GSBD,1.2662568725686006e-09
2023-10-10,12,AR1 alpha + Basic + One-Step,NYSE:GSBD,0.0
2023-10-11,12,AR1 alpha + Basic + One-Step,NYSE:GSBD,1.858294585457004e-08
2023-10-12,12,AR1 alpha + Basic + One-Step,NYSE:GSBD,0.0
2023-10-13,12,AR1 alpha + Basic + One-Step,NYSE:GSBD,3.9173718665302554e-10
2023-10-16,12,AR1 alpha + Basic + One-Step,NYSE:GSBD,1.778219370661847e-08
2023-10-17,12,AR1 alpha + Basic + One-Step,NYSE:GSBD,9.063354067030592e-07
2023-10-18,12,AR1 alpha + Basic + One-Step,NYSE:GSBD,0.0
2023-10-19,12,AR1 alpha + Basic + One-Step,NYSE:GSBD,0.0
2023-10-20,12,AR1 alpha + Basic + One-Step,NYSE:GSBD,0.0
2023-10-23,12,AR1 alpha + Basic + One-Step,NYSE:GSBD,0.0
2023-10-24,12,AR1 alpha + Basic + One-Step,NYSE:GSBD,0.0
2023-10-25,12,AR1 alpha + Basic + One-Step,NYSE:GSBD,0.0
2023-10-26,12,AR1 alpha + Basic + One-Step,NYSE:GSBD,0.0
2023-10-27,12,AR1 alpha + Basic + One-Step,NYSE:GSBD,0.0
2023-10-30,12,AR1 alpha + Basic + One-Step,NYSE:GSBD,1.7254056013282127e-08
2023-10-31,12,AR1 alpha + Basic + One-Step,NYSE:GSBD,0.0
2023-11-01,12,AR1 alpha + Basic + One-Step,NYSE:GSBD,0.0
2023-11-02,12,AR1 alpha + Basic + One-Step,NYSE:GSBD,0.0
2023-11-03,12,AR1 alpha + Basic + One-Step,NYSE:GSBD,0.0
2023-11-06,12,AR1 alpha + Basic + One-Step,NYSE:GSBD,0.0
2023-11-07,12,AR1 alpha + Basic + One-Step,NYSE:GSBD,1.7357605052739705e-08
2023-11-08,12,AR1 alpha + Basic + One-Step,NYSE:GSBD,3.089930864904927e-08
2023-11-09,12,AR1 alpha + Basic + One-Step,NYSE:GSBD,0.0
2023-11-10,12,AR1 alpha + Basic + One-Step,NYSE:GSBD,0.0
2023-11-13,12,AR1 alpha + Basic + One-Step,NYSE:GSBD,0.0
2023-11-14,12,AR1 alpha + Basic + One-Step,NYSE:GSBD,0.0
2023-11-15,12,AR1 alpha + Basic + One-Step,NYSE:GSBD,0.0
2023-11-16,12,AR1 alpha + Basic + One-Step,NYSE:GSBD,0.0
2023-11-17,12,AR1 alpha + Basic + One-Step,NYSE:GSBD,1.6502358315190957e-07
2023-11-20,12,AR1 alpha + Basic + One-Step,NYSE:GSBD,0.0
2023-11-21,12,AR1 alpha + Basic + One-Step,NYSE:GSBD,1.6379595414496703e-08
2023-11-22,12,AR1 alpha + Basic + One-Step,NYSE:GSBD,0.0
2023-11-24,12,AR1 alpha + Basic + One-Step,NYSE:GSBD,0.0
2023-11-27,12,AR1 alpha + Basic + One-Step,NYSE:GSBD,0.0
2023-11-28,12,AR1 alpha + Basic + One-Step,NYSE:GSBD,3.884622273039287e-08
2023-11-29,12,AR1 alpha + Basic + One-Step,NYSE:GSBD,1.5763269711847293e-08
2023-11-30,12,AR1 alpha + Basic + One-Step,NYSE:GSBD,3.6072829251118006e-09
2023-12-01,12,AR1 alpha + Basic + One-Step,NYSE:GSBD,2.1837264579313627e-07
2023-12-04,12,AR1 alpha + Basic + One-Step,NYSE:GSBD,0.0
2023-12-05,12,AR1 alpha + Basic + One-Step,NYSE:GSBD,0.0
2023-12-06,12,AR1 alpha + Basic + One-Step,NYSE:GSBD,0.0
2023-12-07,12,AR1 alpha + Basic + One-Step,NYSE:GSBD,0.0
2023-12-08,12,AR1 alpha + Basic + One-Step,NYSE:GSBD,0.0
2023-12-11,12,AR1 alpha + Basic + One-Step,NYSE:GSBD,0.0
2023-12-12,12,AR1 alpha + Basic + One-Step,NYSE:GSBD,0.0
2023-12-13,12,AR1 alpha + Basic + One-Step,NYSE:GSBD,0.0
2023-12-14,12,AR1 alpha + Basic + One-Step,NYSE:GSBD,0.0
2023-12-15,12,AR1 alpha + Basic + One-Step,NYSE:GSBD,0.0
2023-12-18,12,AR1 alpha + Basic + One-Step,NYSE:GSBD,0.0
2023-12-19,12,AR1 alpha + Basic + One-Step,NYSE:GSBD,0.0
2023-12-20,12,AR1 alpha + Basic + One-Step,NYSE:GSBD,0.0
2023-12-21,12,AR1 alpha + Basic + One-Step,NYSE:GSBD,0.0
2023-12-22,12,AR1 alpha + Basic + One-Step,NYSE:GSBD,4.661261668604563e-07
2023-12-26,12,AR1 alpha + Basic + One-Step,NYSE:GSBD,0.0
2023-12-27,12,AR1 alpha + Basic + One-Step,NYSE:GSBD,7.248019402151302e-09
2023-12-28,12,AR1 alpha + Basic + One-Step,NYSE:GSBD,0.0
2023-12-29,12,AR1 alpha + Basic + One-Step,NYSE:GSBD,0.0
2024-01-02,12,AR1 alpha + Basic + One-Step,NYSE:GSBD,0.0
2024-01-03,12,AR1 alpha + Basic + One-Step,NYSE:GSBD,0.0
2024-01-04,12,AR1 alpha + Basic + One-Step,NYSE:GSBD,0.0
2024-01-05,12,AR1 alpha + Basic + One-Step,NYSE:GSBD,0.0
2024-01-08,12,AR1 alpha + Basic + One-Step,NYSE:GSBD,0.0
2024-01-09,12,AR1 alpha + Basic + One-Step,NYSE:GSBD,0.0
2024-01-10,12,AR1 alpha + Basic + One-Step,NYSE:GSBD,0.0
2024-01-11,12,AR1 alpha + Basic + One-Step,NYSE:GSBD,2.604097708928274e-07
2024-01-12,12,AR1 alpha + Basic + One-Step,NYSE:GSBD,0.0
2024-01-16,12,AR1 alpha + Basic + One-Step,NYSE:GSBD,0.0
2024-01-17,12,AR1 alpha + Basic + One-Step,NYSE:GSBD,0.0
2024-01-18,12,AR1 alpha + Basic + One-Step,NYSE:GSBD,6.51579997861279e-07
2024-01-19,12,AR1 alpha + Basic + One-Step,NYSE:GSBD,0.0
2024-01-22,12,AR1 alpha + Basic + One-Step,NYSE:GSBD,0.0
2024-01-23,12,AR1 alpha + Basic + One-Step,NYSE:GSBD,0.0
2024-01-24,12,AR1 alpha + Basic + One-Step,NYSE:GSBD,1.3074735245053323e-07
2024-01-25,12,AR1 alpha + Basic + One-Step,NYSE:GSBD,3.098023445726931e-08
2024-01-26,12,AR1 alpha + Basic + One-Step,NYSE:GSBD,0.0
2024-01-29,12,AR1 alpha + Basic + One-Step,NYSE:GSBD,0.0
2024-01-30,12,AR1 alpha + Basic + One-Step,NYSE:GSBD,0.0
2024-01-31,12,AR1 alpha + Basic + One-Step,NYSE:GSBD,0.0
2024-02-01,12,AR1 alpha + Basic + One-Step,NYSE:GSBD,0.0
2024-02-02,12,AR1 alpha + Basic + One-Step,NYSE:GSBD,0.0
2024-02-05,12,AR1 alpha + Basic + One-Step,NYSE:GSBD,0.0
2024-02-06,12,AR1 alpha + Basic + One-Step,NYSE:GSBD,0.0
2024-02-07,12,AR1 alpha + Basic + One-Step,NYSE:GSBD,4.011379679306369e-08
2024-02-08,12,AR1 alpha + Basic + One-Step,NYSE:GSBD,3.001235726257557e-08
2024-02-09,12,AR1 alpha + Basic + One-Step,NYSE:GSBD,9.024683523745698e-08
2024-02-12,12,AR1 alpha + Basic + One-Step,NYSE:GSBD,0.0
2024-02-13,12,AR1 alpha + Basic + One-Step,NYSE:GSBD,0.0
2024-02-14,12,AR1 alpha + Basic + One-Step,NYSE:GSBD,0.0
2024-02-15,12,AR1 alpha + Basic + One-Step,NYSE:GSBD,1.3716689960547237e-08
2024-02-16,12,AR1 alpha + Basic + One-Step,NYSE:GSBD,0.0
2024-02-20,12,AR1 alpha + Basic + One-Step,NYSE:GSBD,0.0
2024-02-21,12,AR1 alpha + Basic + One-Step,NYSE:GSBD,0.0
2024-02-22,12,AR1 alpha + Basic + One-Step,NYSE:GSBD,0.0
2024-02-23,12,AR1 alpha + Basic + One-Step,NYSE:GSBD,0.0
2024-02-26,12,AR1 alpha + Basic + One-Step,NYSE:GSBD,0.0
2024-02-27,12,AR1 alpha + Basic + One-Step,NYSE:GSBD,0.0
2024-02-28,12,AR1 alpha + Basic + One-Step,NYSE:GSBD,0.0
2024-02-29,12,AR1 alpha + Basic + One-Step,NYSE:GSBD,0.0
2024-03-01,12,AR1 alpha + Basic + One-Step,NYSE:GSBD,0.0
2024-03-04,12,AR1 alpha + Basic + One-Step,NYSE:GSBD,0.0
2024-03-05,12,AR1 alpha + Basic + One-Step,NYSE:GSBD,0.0
2024-03-06,12,AR1 alpha + Basic + One-Step,NYSE:GSBD,0.0
2024-03-07,12,AR1 alpha + Basic + One-Step,NYSE:GSBD,0.0
2024-03-08,12,AR1 alpha + Basic + One-Step,NYSE:GSBD,0.0
2024-03-11,12,AR1 alpha + Basic + One-Step,NYSE:GSBD,0.0
2024-03-12,12,AR1 alpha + Basic + One-Step,NYSE:GSBD,0.0
2024-03-13,12,AR1 alpha + Basic + One-Step,NYSE:GSBD,0.0
2024-03-14,12,AR1 alpha + Basic + One-Step,NYSE:GSBD,2.0819071248078511e-07
2024-03-15,12,AR1 alpha + Basic + One-Step,NYSE:GSBD,2.2110880802791552e-07
2024-03-18,12,AR1 alpha + Basic + One-Step,NYSE:GSBD,0.0
2024-03-19,12,AR1 alpha + Basic + One-Step,NYSE:GSBD,0.0
2024-03-20,12,AR1 alpha + Basic + One-Step,NYSE:GSBD,0.0
2024-03-21,12,AR1 alpha + Basic + One-Step,NYSE:GSBD,5.568838694194316e-08
2024-03-22,12,AR1 alpha + Basic + One-Step,NYSE:GSBD,1.3392249626034794e-08
2024-03-25,12,AR1 alpha + Basic + One-Step,NYSE:GSBD,0.0
2024-03-26,12,AR1 alpha + Basic + One-Step,NYSE:GSBD,0.0
2024-03-27,12,AR1 alpha + Basic + One-Step,NYSE:GSBD,0.0
2024-03-28,12,AR1 alpha + Basic + One-Step,NYSE:GSBD,0.0
2024-04-01,12,AR1 alpha + Basic + One-Step,NYSE:GSBD,1.5445049012147924e-06
2024-04-02,12,AR1 alpha + Basic + One-Step,NYSE:GSBD,0.0
2024-04-03,12,AR1 alpha + Basic + One-Step,NYSE:GSBD,0.0
2024-04-04,12,AR1 alpha + Basic + One-Step,NYSE:GSBD,0.0
2024-04-05,12,AR1 alpha + Basic + One-Step,NYSE:GSBD,0.0
2024-04-08,12,AR1 alpha + Basic + One-Step,NYSE:GSBD,0.0
2024-04-09,12,AR1 alpha + Basic + One-Step,NYSE:GSBD,0.0
2024-04-10,12,AR1 alpha + Basic + One-Step,NYSE:GSBD,5.679042398810112e-07
2024-04-11,12,AR1 alpha + Basic + One-Step,NYSE:GSBD,0.0
2024-04-12,12,AR1 alpha + Basic + One-Step,NYSE:GSBD,0.0
2024-04-15,12,AR1 alpha + Basic + One-Step,NYSE:GSBD,0.0
2024-04-16,12,AR1 alpha + Basic + One-Step,NYSE:GSBD,0.0
2024-04-17,12,AR1 alpha + Basic + One-Step,NYSE:GSBD,9.879018221677904e-08
2024-04-18,12,AR1 alpha + Basic + One-Step,NYSE:GSBD,0.0
2024-04-19,12,AR1 alpha + Basic + One-Step,NYSE:GSBD,0.0
2020-03-25,12,AR1 alpha + Basic + One-Step,NYSE:SFBS,0.02
2020-03-26,12,AR1 alpha + Basic + One-Step,NYSE:SFBS,0.019999999999999997
2020-03-27,12,AR1 alpha + Basic + One-Step,NYSE:SFBS,0.0
2020-03-30,12,AR1 alpha + Basic + One-Step,NYSE:SFBS,0.0
2020-03-31,12,AR1 alpha + Basic + One-Step,NYSE:SFBS,0.0
2020-04-01,12,AR1 alpha + Basic + One-Step,NYSE:SFBS,0.058776772929583276
2020-04-02,12,AR1 alpha + Basic + One-Step,NYSE:SFBS,0.0
2020-04-03,12,AR1 alpha + Basic + One-Step,NYSE:SFBS,2.610954139326979e-08
2020-04-06,12,AR1 alpha + Basic + One-Step,NYSE:SFBS,1.8132055383464645e-07
2020-04-07,12,AR1 alpha + Basic + One-Step,NYSE:SFBS,1.4640085081864313e-07
2020-04-08,12,AR1 alpha + Basic + One-Step,NYSE:SFBS,0.0
2020-04-09,12,AR1 alpha + Basic + One-Step,NYSE:SFBS,0.0
2020-04-13,12,AR1 alpha + Basic + One-Step,NYSE:SFBS,0.0
2020-04-14,12,AR1 alpha + Basic + One-Step,NYSE:SFBS,0.0
2020-04-15,12,AR1 alpha + Basic + One-Step,NYSE:SFBS,0.0
2020-04-16,12,AR1 alpha + Basic + One-Step,NYSE:SFBS,0.06450386932066601
2020-04-17,12,AR1 alpha + Basic + One-Step,NYSE:SFBS,0.0
2020-04-20,12,AR1 alpha + Basic + One-Step,NYSE:SFBS,0.0
2020-04-21,12,AR1 alpha + Basic + One-Step,NYSE:SFBS,7.0420157967587395e-09
2020-04-22,12,AR1 alpha + Basic + One-Step,NYSE:SFBS,2.2168538279268265e-07
2020-04-23,12,AR1 alpha + Basic + One-Step,NYSE:SFBS,3.384150762140338e-08
2020-04-24,12,AR1 alpha + Basic + One-Step,NYSE:SFBS,0.0
2020-04-27,12,AR1 alpha + Basic + One-Step,NYSE:SFBS,0.0
2020-04-28,12,AR1 alpha + Basic + One-Step,NYSE:SFBS,1.3921633028868889e-08
2020-04-29,12,AR1 alpha + Basic + One-Step,NYSE:SFBS,5.377803852056423e-07
2020-04-30,12,AR1 alpha + Basic + One-Step,NYSE:SFBS,0.0
2020-05-01,12,AR1 alpha + Basic + One-Step,NYSE:SFBS,1.2806869085417008e-09
2020-05-04,12,AR1 alpha + Basic + One-Step,NYSE:SFBS,0.0
2020-05-05,12,AR1 alpha + Basic + One-Step,NYSE:SFBS,0.0
2020-05-06,12,AR1 alpha + Basic + One-Step,NYSE:SFBS,0.0
2020-05-07,12,AR1 alpha + Basic + One-Step,NYSE:SFBS,4.436422780143186e-09
2020-05-08,12,AR1 alpha + Basic + One-Step,NYSE:SFBS,1.4055501695089103e-07
2020-05-11,12,AR1 alpha + Basic + One-Step,NYSE:SFBS,3.440582391389485e-07
2020-05-12,12,AR1 alpha + Basic + One-Step,NYSE:SFBS,0.00670767448211524
2020-05-13,12,AR1 alpha + Basic + One-Step,NYSE:SFBS,0.0
2020-05-14,12,AR1 alpha + Basic + One-Step,NYSE:SFBS,0.0
2020-05-15,12,AR1 alpha + Basic + One-Step,NYSE:SFBS,6.439152090708186e-08
2020-05-18,12,AR1 alpha + Basic + One-Step,NYSE:SFBS,0.0
2020-05-19,12,AR1 alpha + Basic + One-Step,NYSE:SFBS,0.0
2020-05-20,12,AR1 alpha + Basic + One-Step,NYSE:SFBS,0.0
2020-05-21,12,AR1 alpha + Basic + One-Step,NYSE:SFBS,0.0
2020-05-22,12,AR1 alpha + Basic + One-Step,NYSE:SFBS,1.7917605278863936e-07
2020-05-26,12,AR1 alpha + Basic + One-Step,NYSE:SFBS,3.927512718550772e-08
2020-05-27,12,AR1 alpha + Basic + One-Step,NYSE:SFBS,6.19053290556079e-07
2020-05-28,12,AR1 alpha + Basic + One-Step,NYSE:SFBS,0.0
2020-05-29,12,AR1 alpha + Basic + One-Step,NYSE:SFBS,1.8048204064133903e-09
2020-06-01,12,AR1 alpha + Basic + One-Step,NYSE:SFBS,0.0
2020-06-02,12,AR1 alpha + Basic + One-Step,NYSE:SFBS,3.198951425446371e-07
2020-06-03,12,AR1 alpha + Basic + One-Step,NYSE:SFBS,0.0
2020-06-04,12,AR1 alpha + Basic + One-Step,NYSE:SFBS,0.0
2020-06-05,12,AR1 alpha + Basic + One-Step,NYSE:SFBS,1.81369402274912e-09
2020-06-08,12,AR1 alpha + Basic + One-Step,NYSE:SFBS,0.0
2020-06-09,12,AR1 alpha + Basic + One-Step,NYSE:SFBS,0.0
2020-06-10,12,AR1 alpha + Basic + One-Step,NYSE:SFBS,0.0
2020-06-11,12,AR1 alpha + Basic + One-Step,NYSE:SFBS,0.0
2020-06-12,12,AR1 alpha + Basic + One-Step,NYSE:SFBS,5.245468576660541e-08
2020-06-15,12,AR1 alpha + Basic + One-Step,NYSE:SFBS,3.162428292404612e-08
2020-06-16,12,AR1 alpha + Basic + One-Step,NYSE:SFBS,0.0
2020-06-17,12,AR1 alpha + Basic + One-Step,NYSE:SFBS,0.0
2020-06-18,12,AR1 alpha + Basic + One-Step,NYSE:SFBS,1.755572970104617e-07
2020-06-19,12,AR1 alpha + Basic + One-Step,NYSE:SFBS,0.0
2020-06-22,12,AR1 alpha + Basic + One-Step,NYSE:SFBS,0.0
2020-06-23,12,AR1 alpha + Basic + One-Step,NYSE:SFBS,0.0
2020-06-24,12,AR1 alpha + Basic + One-Step,NYSE:SFBS,8.381513866406661e-09
2020-06-25,12,AR1 alpha + Basic + One-Step,NYSE:SFBS,0.0
2020-06-26,12,AR1 alpha + Basic + One-Step,NYSE:SFBS,0.0
2020-06-29,12,AR1 alpha + Basic + One-Step,NYSE:SFBS,0.0
2020-06-30,12,AR1 alpha + Basic + One-Step,NYSE:SFBS,0.0
2020-07-01,12,AR1 alpha + Basic + One-Step,NYSE:SFBS,0.0
2020-07-02,12,AR1 alpha + Basic + One-Step,NYSE:SFBS,4.67460077958741e-09
2020-07-06,12,AR1 alpha + Basic + One-Step,NYSE:SFBS,0.0
2020-07-07,12,AR1 alpha + Basic + One-Step,NYSE:SFBS,0.0
2020-07-08,12,AR1 alpha + Basic + One-Step,NYSE:SFBS,0.0
2020-07-09,12,AR1 alpha + Basic + One-Step,NYSE:SFBS,1.319318872559937e-09
2020-07-10,12,AR1 alpha + Basic + One-Step,NYSE:SFBS,0.0
2020-07-13,12,AR1 alpha + Basic + One-Step,NYSE:SFBS,2.2748013259338275e-08
2020-07-14,12,AR1 alpha + Basic + One-Step,NYSE:SFBS,0.0
2020-07-15,12,AR1 alpha + Basic + One-Step,NYSE:SFBS,3.526430524023365e-08
2020-07-16,12,AR1 alpha + Basic + One-Step,NYSE:SFBS,0.0
2020-07-17,12,AR1 alpha + Basic + One-Step,NYSE:SFBS,1.3195271503882406e-08
2020-07-20,12,AR1 alpha + Basic + One-Step,NYSE:SFBS,1.789370143286616e-07
2020-07-21,12,AR1 alpha + Basic + One-Step,NYSE:SFBS,0.0
2020-07-22,12,AR1 alpha + Basic + One-Step,NYSE:SFBS,0.0
2020-07-23,12,AR1 alpha + Basic + One-Step,NYSE:SFBS,0.0
2020-07-24,12,AR1 alpha + Basic + One-Step,NYSE:SFBS,0.0
2020-07-27,12,AR1 alpha + Basic + One-Step,NYSE:SFBS,1.7832672422924654e-07
2020-07-28,12,AR1 alpha + Basic + One-Step,NYSE:SFBS,0.0
2020-07-29,12,AR1 alpha + Basic + One-Step,NYSE:SFBS,0.0
2020-07-30,12,AR1 alpha + Basic + One-Step,NYSE:SFBS,0.0
2020-07-31,12,AR1 alpha + Basic + One-Step,NYSE:SFBS,0.0
2020-08-03,12,AR1 alpha + Basic + One-Step,NYSE:SFBS,1.4143815799389966e-07
2020-08-04,12,AR1 alpha + Basic + One-Step,NYSE:SFBS,0.0
2020-08-05,12,AR1 alpha + Basic + One-Step,NYSE:SFBS,0.0
2020-08-06,12,AR1 alpha + Basic + One-Step,NYSE:SFBS,0.0
2020-08-07,12,AR1 alpha + Basic + One-Step,NYSE:SFBS,0.0
2020-08-10,12,AR1 alpha + Basic + One-Step,NYSE:SFBS,0.0
2020-08-11,12,AR1 alpha + Basic + One-Step,NYSE:SFBS,0.0
2020-08-12,12,AR1 alpha + Basic + One-Step,NYSE:SFBS,0.0
2020-08-13,12,AR1 alpha + Basic + One-Step,NYSE:SFBS,0.0
2020-08-14,12,AR1 alpha + Basic + One-Step,NYSE:SFBS,0.0
2020-08-17,12,AR1 alpha + Basic + One-Step,NYSE:SFBS,0.0
2020-08-18,12,AR1 alpha + Basic + One-Step,NYSE:SFBS,0.0
2020-08-19,12,AR1 alpha + Basic + One-Step,NYSE:SFBS,0.0
2020-08-20,12,AR1 alpha + Basic + One-Step,NYSE:SFBS,1.3125604677513785e-07
2020-08-21,12,AR1 alpha + Basic + One-Step,NYSE:SFBS,0.0
2020-08-24,12,AR1 alpha + Basic + One-Step,NYSE:SFBS,0.0
2020-08-25,12,AR1 alpha + Basic + One-Step,NYSE:SFBS,0.0
2020-08-26,12,AR1 alpha + Basic + One-Step,NYSE:SFBS,0.0
2020-08-27,12,AR1 alpha + Basic + One-Step,NYSE:SFBS,0.0
2020-08-28,12,AR1 alpha + Basic + One-Step,NYSE:SFBS,0.0
2020-08-31,12,AR1 alpha + Basic + One-Step,NYSE:SFBS,0.0
2020-09-01,12,AR1 alpha + Basic + One-Step,NYSE:SFBS,0.0
2020-09-02,12,AR1 alpha + Basic + One-Step,NYSE:SFBS,0.0
2020-09-03,12,AR1 alpha + Basic + One-Step,NYSE:SFBS,0.0
2020-09-04,12,AR1 alpha + Basic + One-Step,NYSE:SFBS,0.0
2020-09-08,12,AR1 alpha + Basic + One-Step,NYSE:SFBS,0.0
2020-09-09,12,AR1 alpha + Basic + One-Step,NYSE:SFBS,1.9103274907709382e-08
2020-09-10,12,AR1 alpha + Basic + One-Step,NYSE:SFBS,0.0
2020-09-11,12,AR1 alpha + Basic + One-Step,NYSE:SFBS,0.0
2020-09-14,12,AR1 alpha + Basic + One-Step,NYSE:SFBS,0.0
2020-09-15,12,AR1 alpha + Basic + One-Step,NYSE:SFBS,0.0
2020-09-16,12,AR1 alpha + Basic + One-Step,NYSE:SFBS,0.0
2020-09-17,12,AR1 alpha + Basic + One-Step,NYSE:SFBS,0.0
2020-09-18,12,AR1 alpha + Basic + One-Step,NYSE:SFBS,0.0
2020-09-21,12,AR1 alpha + Basic + One-Step,NYSE:SFBS,0.0
2020-09-22,12,AR1 alpha + Basic + One-Step,NYSE:SFBS,0.0
2020-09-23,12,AR1 alpha + Basic + One-Step,NYSE:SFBS,5.4686368777327836e-09
2020-09-24,12,AR1 alpha + Basic + One-Step,NYSE:SFBS,1.7264926701720365e-07
2020-09-25,12,AR1 alpha + Basic + One-Step,NYSE:SFBS,0.0
2020-09-28,12,AR1 alpha + Basic + One-Step,NYSE:SFBS,0.0
2020-09-29,12,AR1 alpha + Basic + One-Step,NYSE:SFBS,0.0
2020-09-30,12,AR1 alpha + Basic + One-Step,NYSE:SFBS,0.0
2020-10-01,12,AR1 alpha + Basic + One-Step,NYSE:SFBS,2.3011121482136658e-07
2020-10-02,12,AR1 alpha + Basic + One-Step,NYSE:SFBS,0.0
2020-10-05,12,AR1 alpha + Basic + One-Step,NYSE:SFBS,7.645766186972897e-09
2020-10-06,12,AR1 alpha + Basic + One-Step,NYSE:SFBS,0.0
2020-10-07,12,AR1 alpha + Basic + One-Step,NYSE:SFBS,3.311024310272359e-07
2020-10-08,12,AR1 alpha + Basic + One-Step,NYSE:SFBS,0.0
2020-10-09,12,AR1 alpha + Basic + One-Step,NYSE:SFBS,0.0
2020-10-12,12,AR1 alpha + Basic + One-Step,NYSE:SFBS,0.0
2020-10-13,12,AR1 alpha + Basic + One-Step,NYSE:SFBS,0.0
2020-10-14,12,AR1 alpha + Basic + One-Step,NYSE:SFBS,0.0
2020-10-15,12,AR1 alpha + Basic + One-Step,NYSE:SFBS,0.0
2020-10-16,12,AR1 alpha + Basic + One-Step,NYSE:SFBS,9.850434978528709e-08
2020-10-19,12,AR1 alpha + Basic + One-Step,NYSE:SFBS,0.0
2020-10-20,12,AR1 alpha + Basic + One-Step,NYSE:SFBS,0.0
2020-10-21,12,AR1 alpha + Basic + One-Step,NYSE:SFBS,0.0
2020-10-22,12,AR1 alpha + Basic + One-Step,NYSE:SFBS,0.0
2020-10-23,12,AR1 alpha + Basic + One-Step,NYSE:SFBS,0.0
2020-10-26,12,AR1 alpha + Basic + One-Step,NYSE:SFBS,0.0
2020-10-27,12,AR1 alpha + Basic + One-Step,NYSE:SFBS,7.478899214740975e-09
2020-10-28,12,AR1 alpha + Basic + One-Step,NYSE:SFBS,1.088404841541533e-08
2020-10-29,12,AR1 alpha + Basic + One-Step,NYSE:SFBS,1.6344538456685188e-09
2020-10-30,12,AR1 alpha + Basic + One-Step,NYSE:SFBS,0.0
2020-11-02,12,AR1 alpha + Basic + One-Step,NYSE:SFBS,0.0
2020-11-03,12,AR1 alpha + Basic + One-Step,NYSE:SFBS,0.0
2020-11-04,12,AR1 alpha + Basic + One-Step,NYSE:SFBS,0.0
2020-11-05,12,AR1 alpha + Basic + One-Step,NYSE:SFBS,0.0
2020-11-06,12,AR1 alpha + Basic + One-Step,NYSE:SFBS,0.0
2020-11-09,12,AR1 alpha + Basic + One-Step,NYSE:SFBS,0.0
2020-11-10,12,AR1 alpha + Basic + One-Step,NYSE:SFBS,0.0
2020-11-11,12,AR1 alpha + Basic + One-Step,NYSE:SFBS,0.0
2020-11-12,12,AR1 alpha + Basic + One-Step,NYSE:SFBS,0.0
2020-11-13,12,AR1 alpha + Basic + One-Step,NYSE:SFBS,0.0
2020-11-16,12,AR1 alpha + Basic + One-Step,NYSE:SFBS,0.0
2020-11-17,12,AR1 alpha + Basic + One-Step,NYSE:SFBS,0.0
2020-11-18,12,AR1 alpha + Basic + One-Step,NYSE:SFBS,0.0
2020-11-19,12,AR1 alpha + Basic + One-Step,NYSE:SFBS,3.736557864405316e-08
2020-11-20,12,AR1 alpha + Basic + One-Step,NYSE:SFBS,0.0
2020-11-23,12,AR1 alpha + Basic + One-Step,NYSE:SFBS,0.0
2020-11-24,12,AR1 alpha + Basic + One-Step,NYSE:SFBS,0.0
2020-11-25,12,AR1 alpha + Basic + One-Step,NYSE:SFBS,0.0
2020-11-27,12,AR1 alpha + Basic + One-Step,NYSE:SFBS,0.0
2020-11-30,12,AR1 alpha + Basic + One-Step,NYSE:SFBS,2.0834229773164787e-09
2020-12-01,12,AR1 alpha + Basic + One-Step,NYSE:SFBS,0.0
2020-12-02,12,AR1 alpha + Basic + One-Step,NYSE:SFBS,0.0
2020-12-03,12,AR1 alpha + Basic + One-Step,NYSE:SFBS,0.0
2020-12-04,12,AR1 alpha + Basic + One-Step,NYSE:SFBS,4.358721089321e-10
2020-12-07,12,AR1 alpha + Basic + One-Step,NYSE:SFBS,0.0
2020-12-08,12,AR1 alpha + Basic + One-Step,NYSE:SFBS,1.656908934493556e-07
2020-12-09,12,AR1 alpha + Basic + One-Step,NYSE:SFBS,0.0
2020-12-10,12,AR1 alpha + Basic + One-Step,NYSE:SFBS,0.0
2020-12-11,12,AR1 alpha + Basic + One-Step,NYSE:SFBS,4.162540338700353e-07
2020-12-14,12,AR1 alpha + Basic + One-Step,NYSE:SFBS,6.623408056704633e-07
2020-12-15,12,AR1 alpha + Basic + One-Step,NYSE:SFBS,0.0
2020-12-16,12,AR1 alpha + Basic + One-Step,NYSE:SFBS,1.1385703798736356e-08
2020-12-17,12,AR1 alpha + Basic + One-Step,NYSE:SFBS,0.0
2020-12-18,12,AR1 alpha + Basic + One-Step,NYSE:SFBS,0.0
2020-12-21,12,AR1 alpha + Basic + One-Step,NYSE:SFBS,1.0041987226542814e-06
2020-12-22,12,AR1 alpha + Basic + One-Step,NYSE:SFBS,0.0
2020-12-23,12,AR1 alpha + Basic + One-Step,NYSE:SFBS,0.0
2020-12-24,12,AR1 alpha + Basic + One-Step,NYSE:SFBS,0.0
2020-12-28,12,AR1 alpha + Basic + One-Step,NYSE:SFBS,0.0
2020-12-29,12,AR1 alpha + Basic + One-Step,NYSE:SFBS,0.0
2020-12-30,12,AR1 alpha + Basic + One-Step,NYSE:SFBS,0.0
2020-12-31,12,AR1 alpha + Basic + One-Step,NYSE:SFBS,0.0
2021-01-04,12,AR1 alpha + Basic + One-Step,NYSE:SFBS,0.0
2021-01-05,12,AR1 alpha + Basic + One-Step,NYSE:SFBS,0.0
2021-01-06,12,AR1 alpha + Basic + One-Step,NYSE:SFBS,0.0
2021-01-07,12,AR1 alpha + Basic + One-Step,NYSE:SFBS,0.0
2021-01-08,12,AR1 alpha + Basic + One-Step,NYSE:SFBS,0.0
2021-01-11,12,AR1 alpha + Basic + One-Step,NYSE:SFBS,0.0
2021-01-12,12,AR1 alpha + Basic + One-Step,NYSE:SFBS,0.0
2021-01-13,12,AR1 alpha + Basic + One-Step,NYSE:SFBS,0.0
2021-01-14,12,AR1 alpha + Basic + One-Step,NYSE:SFBS,0.0
2021-01-15,12,AR1 alpha + Basic + One-Step,NYSE:SFBS,0.0
2021-01-19,12,AR1 alpha + Basic + One-Step,NYSE:SFBS,0.0
2021-01-20,12,AR1 alpha + Basic + One-Step,NYSE:SFBS,0.0
2021-01-21,12,AR1 alpha + Basic + One-Step,NYSE:SFBS,0.0
2021-01-22,12,AR1 alpha + Basic + One-Step,NYSE:SFBS,0.0
2021-01-25,12,AR1 alpha + Basic + One-Step,NYSE:SFBS,0.0
2021-01-26,12,AR1 alpha + Basic + One-Step,NYSE:SFBS,0.0
2021-01-27,12,AR1 alpha + Basic + One-Step,NYSE:SFBS,0.0
2021-01-28,12,AR1 alpha + Basic + One-Step,NYSE:SFBS,0.0
2021-01-29,12,AR1 alpha + Basic + One-Step,NYSE:SFBS,0.0
2021-02-01,12,AR1 alpha + Basic + One-Step,NYSE:SFBS,2.01006506087e-07
2021-02-02,12,AR1 alpha + Basic + One-Step,NYSE:SFBS,0.0
2021-02-03,12,AR1 alpha + Basic + One-Step,NYSE:SFBS,6.605857393087087e-09
2021-02-04,12,AR1 alpha + Basic + One-Step,NYSE:SFBS,0.0
2021-02-05,12,AR1 alpha + Basic + One-Step,NYSE:SFBS,0.0
2021-02-08,12,AR1 alpha + Basic + One-Step,NYSE:SFBS,0.0
2021-02-09,12,AR1 alpha + Basic + One-Step,NYSE:SFBS,0.0
2021-02-10,12,AR1 alpha + Basic + One-Step,NYSE:SFBS,0.0
2021-02-11,12,AR1 alpha + Basic + One-Step,NYSE:SFBS,0.0
2021-02-12,12,AR1 alpha + Basic + One-Step,NYSE:SFBS,0.0
2021-02-16,12,AR1 alpha + Basic + One-Step,NYSE:SFBS,0.0
2021-02-17,12,AR1 alpha + Basic + One-Step,NYSE:SFBS,0.0
2021-02-18,12,AR1 alpha + Basic + One-Step,NYSE:SFBS,0.0
2021-02-19,12,AR1 alpha + Basic + One-Step,NYSE:SFBS,0.0
2021-02-22,12,AR1 alpha + Basic + One-Step,NYSE:SFBS,0.0
2021-02-23,12,AR1 alpha + Basic + One-Step,NYSE:SFBS,7.113571299950241e-08
2021-02-24,12,AR1 alpha + Basic + One-Step,NYSE:SFBS,0.0
2021-02-25,12,AR1 alpha + Basic + One-Step,NYSE:SFBS,0.0
2021-02-26,12,AR1 alpha + Basic + One-Step,NYSE:SFBS,1.5151284093547892e-06
2021-03-01,12,AR1 alpha + Basic + One-Step,NYSE:SFBS,0.0
2021-03-02,12,AR1 alpha + Basic + One-Step,NYSE:SFBS,2.0227376331330963e-08
2021-03-03,12,AR1 alpha + Basic + One-Step,NYSE:SFBS,0.0
2021-03-04,12,AR1 alpha + Basic + One-Step,NYSE:SFBS,0.0
2021-03-05,12,AR1 alpha + Basic + One-Step,NYSE:SFBS,0.0
2021-03-08,12,AR1 alpha + Basic + One-Step,NYSE:SFBS,0.0
2021-03-09,12,AR1 alpha + Basic + One-Step,NYSE:SFBS,0.0
2021-03-10,12,AR1 alpha + Basic + One-Step,NYSE:SFBS,0.0
2021-03-11,12,AR1 alpha + Basic + One-Step,NYSE:SFBS,0.0
2021-03-12,12,AR1 alpha + Basic + One-Step,NYSE:SFBS,0.0
2021-03-15,12,AR1 alpha + Basic + One-Step,NYSE:SFBS,0.0
2021-03-16,12,AR1 alpha + Basic + One-Step,NYSE:SFBS,0.0
2021-03-17,12,AR1 alpha + Basic + One-Step,NYSE:SFBS,0.0
2021-03-18,12,AR1 alpha + Basic + One-Step,NYSE:SFBS,0.0
2021-03-19,12,AR1 alpha + Basic + One-Step,NYSE:SFBS,0.0
2021-03-22,12,AR1 alpha + Basic + One-Step,NYSE:SFBS,0.0
2021-03-23,12,AR1 alpha + Basic + One-Step,NYSE:SFBS,0.0
2021-03-24,12,AR1 alpha + Basic + One-Step,NYSE:SFBS,0.0
2021-03-25,12,AR1 alpha + Basic + One-Step,NYSE:SFBS,0.0
2021-03-26,12,AR1 alpha + Basic + One-Step,NYSE:SFBS,5.4108258137615775e-09
2021-03-29,12,AR1 alpha + Basic + One-Step,NYSE:SFBS,0.0
2021-03-30,12,AR1 alpha + Basic + One-Step,NYSE:SFBS,5.403247592605246e-07
2021-03-31,12,AR1 alpha + Basic + One-Step,NYSE:SFBS,2.2290754927340403e-07
2021-04-01,12,AR1 alpha + Basic + One-Step,NYSE:SFBS,0.0
2021-04-05,12,AR1 alpha + Basic + One-Step,NYSE:SFBS,1.496736584021985e-06
2021-04-06,12,AR1 alpha + Basic + One-Step,NYSE:SFBS,7.34756344981203e-08
2021-04-07,12,AR1 alpha + Basic + One-Step,NYSE:SFBS,0.0010523948167707315
2021-04-08,12,AR1 alpha + Basic + One-Step,NYSE:SFBS,1.997938304364659e-06
2021-04-09,12,AR1 alpha + Basic + One-Step,NYSE:SFBS,0.0
2021-04-12,12,AR1 alpha + Basic + One-Step,NYSE:SFBS,6.274121053488862e-09
2021-04-13,12,AR1 alpha + Basic + One-Step,NYSE:SFBS,0.006882497268754696
2021-04-14,12,AR1 alpha + Basic + One-Step,NYSE:SFBS,0.0
2021-04-15,12,AR1 alpha + Basic + One-Step,NYSE:SFBS,0.0
2021-04-16,12,AR1 alpha + Basic + One-Step,NYSE:SFBS,0.0
2021-04-19,12,AR1 alpha + Basic + One-Step,NYSE:SFBS,1.8970754254243364e-08
2021-04-20,12,AR1 alpha + Basic + One-Step,NYSE:SFBS,0.0
2021-04-21,12,AR1 alpha + Basic + One-Step,NYSE:SFBS,0.0
2021-04-22,12,AR1 alpha + Basic + One-Step,NYSE:SFBS,0.0
2021-04-23,12,AR1 alpha + Basic + One-Step,NYSE:SFBS,0.0
2021-04-26,12,AR1 alpha + Basic + One-Step,NYSE:SFBS,0.0
2021-04-27,12,AR1 alpha + Basic + One-Step,NYSE:SFBS,1.9053448466906332e-07
2021-04-28,12,AR1 alpha + Basic + One-Step,NYSE:SFBS,0.0
2021-04-29,12,AR1 alpha + Basic + One-Step,NYSE:SFBS,0.0
2021-04-30,12,AR1 alpha + Basic + One-Step,NYSE:SFBS,0.0
2021-05-03,12,AR1 alpha + Basic + One-Step,NYSE:SFBS,0.0
2021-05-04,12,AR1 alpha + Basic + One-Step,NYSE:SFBS,4.6137203058893155e-08
2021-05-05,12,AR1 alpha + Basic + One-Step,NYSE:SFBS,0.0
2021-05-06,12,AR1 alpha + Basic + One-Step,NYSE:SFBS,0.0
2021-05-07,12,AR1 alpha + Basic + One-Step,NYSE:SFBS,0.0
2021-05-10,12,AR1 alpha + Basic + One-Step,NYSE:SFBS,0.0
2021-05-11,12,AR1 alpha + Basic + One-Step,NYSE:SFBS,0.0
2021-05-12,12,AR1 alpha + Basic + One-Step,NYSE:SFBS,0.0
2021-05-13,12,AR1 alpha + Basic + One-Step,NYSE:SFBS,0.0
2021-05-14,12,AR1 alpha + Basic + One-Step,NYSE:SFBS,0.0
2021-05-17,12,AR1 alpha + Basic + One-Step,NYSE:SFBS,0.0
2021-05-18,12,AR1 alpha + Basic + One-Step,NYSE:SFBS,0.0
2021-05-19,12,AR1 alpha + Basic + One-Step,NYSE:SFBS,0.0
2021-05-20,12,AR1 alpha + Basic + One-Step,NYSE:SFBS,5.2560883705604725e-08
2021-05-21,12,AR1 alpha + Basic + One-Step,NYSE:SFBS,0.0
2021-05-24,12,AR1 alpha + Basic + One-Step,NYSE:SFBS,0.0
2021-05-25,12,AR1 alpha + Basic + One-Step,NYSE:SFBS,0.0
2021-05-26,12,AR1 alpha + Basic + One-Step,NYSE:SFBS,0.0
2021-05-27,12,AR1 alpha + Basic + One-Step,NYSE:SFBS,0.0
2021-05-28,12,AR1 alpha + Basic + One-Step,NYSE:SFBS,0.0
2021-06-01,12,AR1 alpha + Basic + One-Step,NYSE:SFBS,0.0
2021-06-02,12,AR1 alpha + Basic + One-Step,NYSE:SFBS,0.0
2021-06-03,12,AR1 alpha + Basic + One-Step,NYSE:SFBS,0.0
2021-06-04,12,AR1 alpha + Basic + One-Step,NYSE:SFBS,0.0
2021-06-07,12,AR1 alpha + Basic + One-Step,NYSE:SFBS,9.759405645784857e-10
2021-06-08,12,AR1 alpha + Basic + One-Step,NYSE:SFBS,0.0
2021-06-09,12,AR1 alpha + Basic + One-Step,NYSE:SFBS,0.0
2021-06-10,12,AR1 alpha + Basic + One-Step,NYSE:SFBS,3.324838080738492e-08
2021-06-11,12,AR1 alpha + Basic + One-Step,NYSE:SFBS,0.0
2021-06-14,12,AR1 alpha + Basic + One-Step,NYSE:SFBS,0.0076202834250259435
2021-06-15,12,AR1 alpha + Basic + One-Step,NYSE:SFBS,0.0
2021-06-16,12,AR1 alpha + Basic + One-Step,NYSE:SFBS,0.0
2021-06-17,12,AR1 alpha + Basic + One-Step,NYSE:SFBS,0.04008641164728671
2021-06-18,12,AR1 alpha + Basic + One-Step,NYSE:SFBS,0.033169737697687766
2021-06-21,12,AR1 alpha + Basic + One-Step,NYSE:SFBS,0.0
2021-06-22,12,AR1 alpha + Basic + One-Step,NYSE:SFBS,5.659031528998816e-08
2021-06-23,12,AR1 alpha + Basic + One-Step,NYSE:SFBS,4.189621693113541e-07
2021-06-24,12,AR1 alpha + Basic + One-Step,NYSE:SFBS,8.207132323699391e-07
2021-06-25,12,AR1 alpha + Basic + One-Step,NYSE:SFBS,0.0
2021-06-28,12,AR1 alpha + Basic + One-Step,NYSE:SFBS,0.0
2021-06-29,12,AR1 alpha + Basic + One-Step,NYSE:SFBS,0.0
2021-06-30,12,AR1 alpha + Basic + One-Step,NYSE:SFBS,0.0
2021-07-01,12,AR1 alpha + Basic + One-Step,NYSE:SFBS,0.0
2021-07-02,12,AR1 alpha + Basic + One-Step,NYSE:SFBS,0.03863104730083143
2021-07-06,12,AR1 alpha + Basic + One-Step,NYSE:SFBS,0.03863039920717472
2021-07-07,12,AR1 alpha + Basic + One-Step,NYSE:SFBS,0.038624376219172515
2021-07-08,12,AR1 alpha + Basic + One-Step,NYSE:SFBS,0.0
2021-07-09,12,AR1 alpha + Basic + One-Step,NYSE:SFBS,0.0
2021-07-12,12,AR1 alpha + Basic + One-Step,NYSE:SFBS,0.0
2021-07-13,12,AR1 alpha + Basic + One-Step,NYSE:SFBS,3.7662922916169185e-08
2021-07-14,12,AR1 alpha + Basic + One-Step,NYSE:SFBS,0.0
2021-07-15,12,AR1 alpha + Basic + One-Step,NYSE:SFBS,0.0
2021-07-16,12,AR1 alpha + Basic + One-Step,NYSE:SFBS,0.0
2021-07-19,12,AR1 alpha + Basic + One-Step,NYSE:SFBS,0.0
2021-07-20,12,AR1 alpha + Basic + One-Step,NYSE:SFBS,0.0
2021-07-21,12,AR1 alpha + Basic + One-Step,NYSE:SFBS,0.0
2021-07-22,12,AR1 alpha + Basic + One-Step,NYSE:SFBS,0.0
2021-07-23,12,AR1 alpha + Basic + One-Step,NYSE:SFBS,0.0
2021-07-26,12,AR1 alpha + Basic + One-Step,NYSE:SFBS,1.8402061032954764e-07
2021-07-27,12,AR1 alpha + Basic + One-Step,NYSE:SFBS,2.8179990397970597e-06
2021-07-28,12,AR1 alpha + Basic + One-Step,NYSE:SFBS,0.0
2021-07-29,12,AR1 alpha + Basic + One-Step,NYSE:SFBS,0.0
2021-07-30,12,AR1 alpha + Basic + One-Step,NYSE:SFBS,0.0
2021-08-02,12,AR1 alpha + Basic + One-Step,NYSE:SFBS,0.06347767955694104
2021-08-03,12,AR1 alpha + Basic + One-Step,NYSE:SFBS,0.0
2021-08-04,12,AR1 alpha + Basic + One-Step,NYSE:SFBS,2.410903540866997e-08
2021-08-05,12,AR1 alpha + Basic + One-Step,NYSE:SFBS,0.07094238321946726
2021-08-06,12,AR1 alpha + Basic + One-Step,NYSE:SFBS,0.0
2021-08-09,12,AR1 alpha + Basic + One-Step,NYSE:SFBS,0.0015985159631545628
2021-08-10,12,AR1 alpha + Basic + One-Step,NYSE:SFBS,0.0006899157250099043
2021-08-11,12,AR1 alpha + Basic + One-Step,NYSE:SFBS,0.012641297172602577
2021-08-12,12,AR1 alpha + Basic + One-Step,NYSE:SFBS,0.08826392447857662
2021-08-13,12,AR1 alpha + Basic + One-Step,NYSE:SFBS,0.09999192504706657
2021-08-16,12,AR1 alpha + Basic + One-Step,NYSE:SFBS,0.09999464459071288
2021-08-17,12,AR1 alpha + Basic + One-Step,NYSE:SFBS,0.09999665370244931
2021-08-18,12,AR1 alpha + Basic + One-Step,NYSE:SFBS,0.09231853283828205
2021-08-19,12,AR1 alpha + Basic + One-Step,NYSE:SFBS,0.09998472659396335
2021-08-20,12,AR1 alpha + Basic + One-Step,NYSE:SFBS,0.09998999156850465
2021-08-23,12,AR1 alpha + Basic + One-Step,NYSE:SFBS,0.09998386092065595
2021-08-24,12,AR1 alpha + Basic + One-Step,NYSE:SFBS,0.09998897023443575
2021-08-25,12,AR1 alpha + Basic + One-Step,NYSE:SFBS,0.09998798688545485
2021-08-26,12,AR1 alpha + Basic + One-Step,NYSE:SFBS,0.09999985436000593
2021-08-27,12,AR1 alpha + Basic + One-Step,NYSE:SFBS,0.09999830352220018
2021-08-30,12,AR1 alpha + Basic + One-Step,NYSE:SFBS,0.09999884132838394
2021-08-31,12,AR1 alpha + Basic + One-Step,NYSE:SFBS,0.09999802089628268
2021-09-01,12,AR1 alpha + Basic + One-Step,NYSE:SFBS,0.0999869059303334
2021-09-02,12,AR1 alpha + Basic + One-Step,NYSE:SFBS,0.0999901190932454
2021-09-03,12,AR1 alpha + Basic + One-Step,NYSE:SFBS,0.0999857916793647
2021-09-07,12,AR1 alpha + Basic + One-Step,NYSE:SFBS,0.09997873050286284
2021-09-08,12,AR1 alpha + Basic + One-Step,NYSE:SFBS,0.09996878900940476
2021-09-09,12,AR1 alpha + Basic + One-Step,NYSE:SFBS,0.10000297918420263
2021-09-10,12,AR1 alpha + Basic + One-Step,NYSE:SFBS,0.07553499967026703
2021-09-13,12,AR1 alpha + Basic + One-Step,NYSE:SFBS,0.08249164967730589
2021-09-14,12,AR1 alpha + Basic + One-Step,NYSE:SFBS,0.07472519007320365
2021-09-15,12,AR1 alpha + Basic + One-Step,NYSE:SFBS,0.0718934675491213
2021-09-16,12,AR1 alpha + Basic + One-Step,NYSE:SFBS,0.04754569876275772
2021-09-17,12,AR1 alpha + Basic + One-Step,NYSE:SFBS,0.0017657622270982245
2021-09-20,12,AR1 alpha + Basic + One-Step,NYSE:SFBS,0.03320364101195679
2021-09-21,12,AR1 alpha + Basic + One-Step,NYSE:SFBS,0.030043793641793725
2021-09-22,12,AR1 alpha + Basic + One-Step,NYSE:SFBS,0.04322706907632876
2021-09-23,12,AR1 alpha + Basic + One-Step,NYSE:SFBS,0.027564804186224534
2021-09-24,12,AR1 alpha + Basic + One-Step,NYSE:SFBS,0.041967854274831434
2021-09-27,12,AR1 alpha + Basic + One-Step,NYSE:SFBS,0.0
2021-09-28,12,AR1 alpha + Basic + One-Step,NYSE:SFBS,0.017459700678428693
2021-09-29,12,AR1 alpha + Basic + One-Step,NYSE:SFBS,0.04496695870371418
2021-09-30,12,AR1 alpha + Basic + One-Step,NYSE:SFBS,0.09998850422397415
2021-10-01,12,AR1 alpha + Basic + One-Step,NYSE:SFBS,0.09999130289184108
2021-10-04,12,AR1 alpha + Basic + One-Step,NYSE:SFBS,0.09998867252399209
2021-10-05,12,AR1 alpha + Basic + One-Step,NYSE:SFBS,0.0999927525152155
2021-10-06,12,AR1 alpha + Basic + One-Step,NYSE:SFBS,0.09999407382294535
2021-10-07,12,AR1 alpha + Basic + One-Step,NYSE:SFBS,0.09999466462607837
2021-10-08,12,AR1 alpha + Basic + One-Step,NYSE:SFBS,0.09999548996055836
2021-10-11,12,AR1 alpha + Basic + One-Step,NYSE:SFBS,0.09999184781371348
2021-10-12,12,AR1 alpha + Basic + One-Step,NYSE:SFBS,0.09999437734237938
2021-10-13,12,AR1 alpha + Basic + One-Step,NYSE:SFBS,0.0999952384740319
2021-10-14,12,AR1 alpha + Basic + One-Step,NYSE:SFBS,0.09999516734666603
2021-10-15,12,AR1 alpha + Basic + One-Step,NYSE:SFBS,0.09998974965288465
2021-10-18,12,AR1 alpha + Basic + One-Step,NYSE:SFBS,0.08039304631715734
2021-10-19,12,AR1 alpha + Basic + One-Step,NYSE:SFBS,7.97529454536924e-08
2021-10-20,12,AR1 alpha + Basic + One-Step,NYSE:SFBS,0.0
2021-10-21,12,AR1 alpha + Basic + One-Step,NYSE:SFBS,0.0
2021-10-22,12,AR1 alpha + Basic + One-Step,NYSE:SFBS,0.07001989608129715
2021-10-25,12,AR1 alpha + Basic + One-Step,NYSE:SFBS,0.09999085812498813
2021-10-26,12,AR1 alpha + Basic + One-Step,NYSE:SFBS,0.06451919587370505
2021-10-27,12,AR1 alpha + Basic + One-Step,NYSE:SFBS,0.05102006901784077
2021-10-28,12,AR1 alpha + Basic + One-Step,NYSE:SFBS,0.0
2021-10-29,12,AR1 alpha + Basic + One-Step,NYSE:SFBS,0.0
2021-11-01,12,AR1 alpha + Basic + One-Step,NYSE:SFBS,3.880094411132129e-07
2021-11-02,12,AR1 alpha + Basic + One-Step,NYSE:SFBS,0.0
2021-11-03,12,AR1 alpha + Basic + One-Step,NYSE:SFBS,0.0
2021-11-04,12,AR1 alpha + Basic + One-Step,NYSE:SFBS,0.0
2021-11-05,12,AR1 alpha + Basic + One-Step,NYSE:SFBS,0.0
2021-11-08,12,AR1 alpha + Basic + One-Step,NYSE:SFBS,0.009851350080129145
2021-11-09,12,AR1 alpha + Basic + One-Step,NYSE:SFBS,0.09999950197713638
2021-11-10,12,AR1 alpha + Basic + One-Step,NYSE:SFBS,0.09999962481644797
2021-11-11,12,AR1 alpha + Basic + One-Step,NYSE:SFBS,0.0999983870438606
2021-11-12,12,AR1 alpha + Basic + One-Step,NYSE:SFBS,0.09999644018040069
2021-11-15,12,AR1 alpha + Basic + One-Step,NYSE:SFBS,0.09999426311950485
2021-11-16,12,AR1 alpha + Basic + One-Step,NYSE:SFBS,0.09998873288310332
2021-11-17,12,AR1 alpha + Basic + One-Step,NYSE:SFBS,0.0999872637465661
2021-11-18,12,AR1 alpha + Basic + One-Step,NYSE:SFBS,0.09998522589449396
2021-11-19,12,AR1 alpha + Basic + One-Step,NYSE:SFBS,0.09998344432454918
2021-11-22,12,AR1 alpha + Basic + One-Step,NYSE:SFBS,0.09998204835206119
2021-11-23,12,AR1 alpha + Basic + One-Step,NYSE:SFBS,0.09997900190620476
2021-11-24,12,AR1 alpha + Basic + One-Step,NYSE:SFBS,0.09997444900721734
2021-11-26,12,AR1 alpha + Basic + One-Step,NYSE:SFBS,0.09996868199425757
2021-11-29,12,AR1 alpha + Basic + One-Step,NYSE:SFBS,0.09999942969423001
2021-11-30,12,AR1 alpha + Basic + One-Step,NYSE:SFBS,0.09999490121215539
2021-12-01,12,AR1 alpha + Basic + One-Step,NYSE:SFBS,0.09999098147405774
2021-12-02,12,AR1 alpha + Basic + One-Step,NYSE:SFBS,0.09999074338456478
2021-12-03,12,AR1 alpha + Basic + One-Step,NYSE:SFBS,0.09999354841734795
2021-12-06,12,AR1 alpha + Basic + One-Step,NYSE:SFBS,0.09998833177241348
2021-12-07,12,AR1 alpha + Basic + One-Step,NYSE:SFBS,0.09998029085997133
2021-12-08,12,AR1 alpha + Basic + One-Step,NYSE:SFBS,0.09998377193895804
2021-12-09,12,AR1 alpha + Basic + One-Step,NYSE:SFBS,0.09998150196110277
2021-12-10,12,AR1 alpha + Basic + One-Step,NYSE:SFBS,0.09998783510629689
2021-12-13,12,AR1 alpha + Basic + One-Step,NYSE:SFBS,0.09998411834346681
2021-12-14,12,AR1 alpha + Basic + One-Step,NYSE:SFBS,0.09998945244871431
2021-12-15,12,AR1 alpha + Basic + One-Step,NYSE:SFBS,0.09998760824395211
2021-12-16,12,AR1 alpha + Basic + One-Step,NYSE:SFBS,0.09998636491087576
2021-12-17,12,AR1 alpha + Basic + One-Step,NYSE:SFBS,0.09998158362216282
2021-12-20,12,AR1 alpha + Basic + One-Step,NYSE:SFBS,0.09997751977552885
2021-12-21,12,AR1 alpha + Basic + One-Step,NYSE:SFBS,0.0999718297751632
2021-12-22,12,AR1 alpha + Basic + One-Step,NYSE:SFBS,0.10000064908366496
2021-12-23,12,AR1 alpha + Basic + One-Step,NYSE:SFBS,0.0999962427068824
2021-12-27,12,AR1 alpha + Basic + One-Step,NYSE:SFBS,0.09999075394409276
2021-12-28,12,AR1 alpha + Basic + One-Step,NYSE:SFBS,0.09998182094627076
2021-12-29,12,AR1 alpha + Basic + One-Step,NYSE:SFBS,0.09999816861383223
2021-12-30,12,AR1 alpha + Basic + One-Step,NYSE:SFBS,0.09999991810549029
2021-12-31,12,AR1 alpha + Basic + One-Step,NYSE:SFBS,0.09999970249109723
2022-01-03,12,AR1 alpha + Basic + One-Step,NYSE:SFBS,0.09999986326989933
2022-01-04,12,AR1 alpha + Basic + One-Step,NYSE:SFBS,0.10000000000000005
2022-01-05,12,AR1 alpha + Basic + One-Step,NYSE:SFBS,0.09999999999999996
2022-01-06,12,AR1 alpha + Basic + One-Step,NYSE:SFBS,0.09999411295863694
2022-01-07,12,AR1 alpha + Basic + One-Step,NYSE:SFBS,0.09999614811358455
2022-01-10,12,AR1 alpha + Basic + One-Step,NYSE:SFBS,0.09999135734806751
2022-01-11,12,AR1 alpha + Basic + One-Step,NYSE:SFBS,0.09998417178834934
2022-01-12,12,AR1 alpha + Basic + One-Step,NYSE:SFBS,0.09998214469957463
2022-01-13,12,AR1 alpha + Basic + One-Step,NYSE:SFBS,0.10000257632327669
2022-01-14,12,AR1 alpha + Basic + One-Step,NYSE:SFBS,0.09999439454041055
2022-01-18,12,AR1 alpha + Basic + One-Step,NYSE:SFBS,0.09999105368489566
2022-01-19,12,AR1 alpha + Basic + One-Step,NYSE:SFBS,0.09998636020291404
2022-01-20,12,AR1 alpha + Basic + One-Step,NYSE:SFBS,0.09998182255039186
2022-01-21,12,AR1 alpha + Basic + One-Step,NYSE:SFBS,0.10000172826626853
2022-01-24,12,AR1 alpha + Basic + One-Step,NYSE:SFBS,0.09999960736221351
2022-01-25,12,AR1 alpha + Basic + One-Step,NYSE:SFBS,0.09999251127607825
2022-01-26,12,AR1 alpha + Basic + One-Step,NYSE:SFBS,0.09999502834415688
2022-01-27,12,AR1 alpha + Basic + One-Step,NYSE:SFBS,0.0999941615954449
2022-01-28,12,AR1 alpha + Basic + One-Step,NYSE:SFBS,0.09999607267717951
2022-01-31,12,AR1 alpha + Basic + One-Step,NYSE:SFBS,0.09999312109072453
2022-02-01,12,AR1 alpha + Basic + One-Step,NYSE:SFBS,0.09999015035381274
2022-02-02,12,AR1 alpha + Basic + One-Step,NYSE:SFBS,0.09998569871046775
2022-02-03,12,AR1 alpha + Basic + One-Step,NYSE:SFBS,0.09998392113315294
2022-02-04,12,AR1 alpha + Basic + One-Step,NYSE:SFBS,0.09998927745779194
2022-02-07,12,AR1 alpha + Basic + One-Step,NYSE:SFBS,0.09999282767781002
2022-02-08,12,AR1 alpha + Basic + One-Step,NYSE:SFBS,0.09999225799825645
2022-02-09,12,AR1 alpha + Basic + One-Step,NYSE:SFBS,0.09999463784646662
2022-02-10,12,AR1 alpha + Basic + One-Step,NYSE:SFBS,0.09999639911575219
2022-02-11,12,AR1 alpha + Basic + One-Step,NYSE:SFBS,0.09999770141512
2022-02-14,12,AR1 alpha + Basic + One-Step,NYSE:SFBS,0.0999977659558673
2022-02-15,12,AR1 alpha + Basic + One-Step,NYSE:SFBS,0.09999686281087575
2022-02-16,12,AR1 alpha + Basic + One-Step,NYSE:SFBS,0.0999952928129282
2022-02-17,12,AR1 alpha + Basic + One-Step,NYSE:SFBS,0.0999952856881802
2022-02-18,12,AR1 alpha + Basic + One-Step,NYSE:SFBS,0.0999973546041952
2022-02-22,12,AR1 alpha + Basic + One-Step,NYSE:SFBS,0.09999826546703049
2022-02-23,12,AR1 alpha + Basic + One-Step,NYSE:SFBS,0.10000000000000005
2022-02-24,12,AR1 alpha + Basic + One-Step,NYSE:SFBS,0.10000000000000003
2022-02-25,12,AR1 alpha + Basic + One-Step,NYSE:SFBS,0.09999957232092596
2022-02-28,12,AR1 alpha + Basic + One-Step,NYSE:SFBS,0.09999364724574931
2022-03-01,12,AR1 alpha + Basic + One-Step,NYSE:SFBS,0.0999963602770475
2022-03-02,12,AR1 alpha + Basic + One-Step,NYSE:SFBS,0.09999737233245239
2022-03-03,12,AR1 alpha + Basic + One-Step,NYSE:SFBS,0.09999740785973087
2022-03-04,12,AR1 alpha + Basic + One-Step,NYSE:SFBS,0.09999610808230847
2022-03-07,12,AR1 alpha + Basic + One-Step,NYSE:SFBS,0.09999762374890812
2022-03-08,12,AR1 alpha + Basic + One-Step,NYSE:SFBS,0.1000000304933866
2022-03-09,12,AR1 alpha + Basic + One-Step,NYSE:SFBS,0.09999862617154913
2022-03-10,12,AR1 alpha + Basic + One-Step,NYSE:SFBS,0.09999907193604715
2022-03-11,12,AR1 alpha + Basic + One-Step,NYSE:SFBS,0.09999954827538658
2022-03-14,12,AR1 alpha + Basic + One-Step,NYSE:SFBS,0.09999917135763162
2022-03-15,12,AR1 alpha + Basic + One-Step,NYSE:SFBS,0.09999946061006174
2022-03-16,12,AR1 alpha + Basic + One-Step,NYSE:SFBS,0.0
2022-03-17,12,AR1 alpha + Basic + One-Step,NYSE:SFBS,0.052580745581856915
2022-03-18,12,AR1 alpha + Basic + One-Step,NYSE:SFBS,0.0999904680345708
2022-03-21,12,AR1 alpha + Basic + One-Step,NYSE:SFBS,0.09999213520271819
2022-03-22,12,AR1 alpha + Basic + One-Step,NYSE:SFBS,0.0
2022-03-23,12,AR1 alpha + Basic + One-Step,NYSE:SFBS,0.09999932561583856
2022-03-24,12,AR1 alpha + Basic + One-Step,NYSE:SFBS,0.09999969619055951
2022-03-25,12,AR1 alpha + Basic + One-Step,NYSE:SFBS,0.07292408417219252
2022-03-28,12,AR1 alpha + Basic + One-Step,NYSE:SFBS,0.0
2022-03-29,12,AR1 alpha + Basic + One-Step,NYSE:SFBS,0.012612648564457412
2022-03-30,12,AR1 alpha + Basic + One-Step,NYSE:SFBS,0.038975148772068376
2022-03-31,12,AR1 alpha + Basic + One-Step,NYSE:SFBS,0.09999061927438431
2022-04-01,12,AR1 alpha + Basic + One-Step,NYSE:SFBS,0.09999100243154585
2022-04-04,12,AR1 alpha + Basic + One-Step,NYSE:SFBS,0.09999272552345655
2022-04-05,12,AR1 alpha + Basic + One-Step,NYSE:SFBS,0.09999261447740153
2022-04-06,12,AR1 alpha + Basic + One-Step,NYSE:SFBS,0.09998816982981575
2022-04-07,12,AR1 alpha + Basic + One-Step,NYSE:SFBS,0.09999204848759048
2022-04-08,12,AR1 alpha + Basic + One-Step,NYSE:SFBS,0.09999380171047505
2022-04-11,12,AR1 alpha + Basic + One-Step,NYSE:SFBS,0.09999205219277887
2022-04-12,12,AR1 alpha + Basic + One-Step,NYSE:SFBS,0.09999435020639928
2022-04-13,12,AR1 alpha + Basic + One-Step,NYSE:SFBS,0.09999663998490724
2022-04-14,12,AR1 alpha + Basic + One-Step,NYSE:SFBS,0.0999977459758325
2022-04-18,12,AR1 alpha + Basic + One-Step,NYSE:SFBS,0.09999843701230876
2022-04-19,12,AR1 alpha + Basic + One-Step,NYSE:SFBS,0.09999690733019356
2022-04-20,12,AR1 alpha + Basic + One-Step,NYSE:SFBS,0.08335163568055129
2022-04-21,12,AR1 alpha + Basic + One-Step,NYSE:SFBS,0.09999557837538223
2022-04-22,12,AR1 alpha + Basic + One-Step,NYSE:SFBS,0.09999564077193375
2022-04-25,12,AR1 alpha + Basic + One-Step,NYSE:SFBS,0.0999948467671796
2022-04-26,12,AR1 alpha + Basic + One-Step,NYSE:SFBS,0.09999292621159886
2022-04-27,12,AR1 alpha + Basic + One-Step,NYSE:SFBS,0.0999945857028888
2022-04-28,12,AR1 alpha + Basic + One-Step,NYSE:SFBS,0.09999619996833181
2022-04-29,12,AR1 alpha + Basic + One-Step,NYSE:SFBS,0.09999580257214939
2022-05-02,12,AR1 alpha + Basic + One-Step,NYSE:SFBS,0.09999266099756735
2022-05-03,12,AR1 alpha + Basic + One-Step,NYSE:SFBS,0.09999217043275802
2022-05-04,12,AR1 alpha + Basic + One-Step,NYSE:SFBS,0.03770577599037548
2022-05-05,12,AR1 alpha + Basic + One-Step,NYSE:SFBS,0.09999737907864766
2022-05-06,12,AR1 alpha + Basic + One-Step,NYSE:SFBS,0.09999819132406682
2022-05-09,12,AR1 alpha + Basic + One-Step,NYSE:SFBS,0.09999814394052138
2022-05-10,12,AR1 alpha + Basic + One-Step,NYSE:SFBS,0.07646098423171502
2022-05-11,12,AR1 alpha + Basic + One-Step,NYSE:SFBS,0.04512989985855296
2022-05-12,12,AR1 alpha + Basic + One-Step,NYSE:SFBS,0.05258152022015653
2022-05-13,12,AR1 alpha + Basic + One-Step,NYSE:SFBS,0.06235742263727718
2022-05-16,12,AR1 alpha + Basic + One-Step,NYSE:SFBS,0.05541768566547678
2022-05-17,12,AR1 alpha + Basic + One-Step,NYSE:SFBS,0.0
2022-05-18,12,AR1 alpha + Basic + One-Step,NYSE:SFBS,0.06628941705736417
2022-05-19,12,AR1 alpha + Basic + One-Step,NYSE:SFBS,0.09999719721245255
2022-05-20,12,AR1 alpha + Basic + One-Step,NYSE:SFBS,0.09999534337377479
2022-05-23,12,AR1 alpha + Basic + One-Step,NYSE:SFBS,0.09999690640041228
2022-05-24,12,AR1 alpha + Basic + One-Step,NYSE:SFBS,0.0999954537122475
2022-05-25,12,AR1 alpha + Basic + One-Step,NYSE:SFBS,0.05548318088047296
2022-05-26,12,AR1 alpha + Basic + One-Step,NYSE:SFBS,0.010560236814683394
2022-05-27,12,AR1 alpha + Basic + One-Step,NYSE:SFBS,1.816822718222713e-07
2022-05-31,12,AR1 alpha + Basic + One-Step,NYSE:SFBS,0.0
2022-06-01,12,AR1 alpha + Basic + One-Step,NYSE:SFBS,0.04671670779093574
2022-06-02,12,AR1 alpha + Basic + One-Step,NYSE:SFBS,0.03643031255922858
2022-06-03,12,AR1 alpha + Basic + One-Step,NYSE:SFBS,0.06685344241228484
2022-06-06,12,AR1 alpha + Basic + One-Step,NYSE:SFBS,0.09999931635017215
2022-06-07,12,AR1 alpha + Basic + One-Step,NYSE:SFBS,0.06677300656102256
2022-06-08,12,AR1 alpha + Basic + One-Step,NYSE:SFBS,0.10000198261384202
2022-06-09,12,AR1 alpha + Basic + One-Step,NYSE:SFBS,0.09999935817420792
2022-06-10,12,AR1 alpha + Basic + One-Step,NYSE:SFBS,0.09999962448361559
2022-06-13,12,AR1 alpha + Basic + One-Step,NYSE:SFBS,0.06337748128009824
2022-06-14,12,AR1 alpha + Basic + One-Step,NYSE:SFBS,0.10000108360771016
2022-06-15,12,AR1 alpha + Basic + One-Step,NYSE:SFBS,0.0999998560170946
2022-06-16,12,AR1 alpha + Basic + One-Step,NYSE:SFBS,0.09999913618699102
2022-06-17,12,AR1 alpha + Basic + One-Step,NYSE:SFBS,0.09999929028493086
2022-06-21,12,AR1 alpha + Basic + One-Step,NYSE:SFBS,0.10000087792259062
2022-06-22,12,AR1 alpha + Basic + One-Step,NYSE:SFBS,0.10000054910458378
2022-06-23,12,AR1 alpha + Basic + One-Step,NYSE:SFBS,0.09999954214324418
2022-06-24,12,AR1 alpha + Basic + One-Step,NYSE:SFBS,0.09999969435171495
2022-06-27,12,AR1 alpha + Basic + One-Step,NYSE:SFBS,0.09999888026263905
2022-06-28,12,AR1 alpha + Basic + One-Step,NYSE:SFBS,0.09999684463801001
2022-06-29,12,AR1 alpha + Basic + One-Step,NYSE:SFBS,0.09999749192636087
2022-06-30,12,AR1 alpha + Basic + One-Step,NYSE:SFBS,0.09999533335857355
2022-07-01,12,AR1 alpha + Basic + One-Step,NYSE:SFBS,0.09999527085338837
2022-07-05,12,AR1 alpha + Basic + One-Step,NYSE:SFBS,0.0672777590921101
2022-07-06,12,AR1 alpha + Basic + One-Step,NYSE:SFBS,0.09999630751427249
2022-07-07,12,AR1 alpha + Basic + One-Step,NYSE:SFBS,0.09999760626098023
2022-07-08,12,AR1 alpha + Basic + One-Step,NYSE:SFBS,0.09999331602568536
2022-07-11,12,AR1 alpha + Basic + One-Step,NYSE:SFBS,0.09999329686297506
2022-07-12,12,AR1 alpha + Basic + One-Step,NYSE:SFBS,0.09999607361793313
2022-07-13,12,AR1 alpha + Basic + One-Step,NYSE:SFBS,0.09999779153773196
2022-07-14,12,AR1 alpha + Basic + One-Step,NYSE:SFBS,0.09999458069996567
2022-07-15,12,AR1 alpha + Basic + One-Step,NYSE:SFBS,0.09999413084660877
2022-07-18,12,AR1 alpha + Basic + One-Step,NYSE:SFBS,0.09999661932725891
2022-07-19,12,AR1 alpha + Basic + One-Step,NYSE:SFBS,0.06786993998941178
2022-07-20,12,AR1 alpha + Basic + One-Step,NYSE:SFBS,0.07706232827934299
2022-07-21,12,AR1 alpha + Basic + One-Step,NYSE:SFBS,0.09999999505968073
2022-07-22,12,AR1 alpha + Basic + One-Step,NYSE:SFBS,0.0999995035545082
2022-07-25,12,AR1 alpha + Basic + One-Step,NYSE:SFBS,0.05691930273768646
2022-07-26,12,AR1 alpha + Basic + One-Step,NYSE:SFBS,0.03796542296191583
2022-07-27,12,AR1 alpha + Basic + One-Step,NYSE:SFBS,0.06828937521791434
2022-07-28,12,AR1 alpha + Basic + One-Step,NYSE:SFBS,0.06828766375127221
2022-07-29,12,AR1 alpha + Basic + One-Step,NYSE:SFBS,0.0
2022-08-01,12,AR1 alpha + Basic + One-Step,NYSE:SFBS,0.0
2022-08-02,12,AR1 alpha + Basic + One-Step,NYSE:SFBS,0.08547696670654699
2022-08-03,12,AR1 alpha + Basic + One-Step,NYSE:SFBS,0.08070325094163133
2022-08-04,12,AR1 alpha + Basic + One-Step,NYSE:SFBS,0.0999974846635379
2022-08-05,12,AR1 alpha + Basic + One-Step,NYSE:SFBS,0.033246623315738626
2022-08-08,12,AR1 alpha + Basic + One-Step,NYSE:SFBS,0.04308852796727694
2022-08-09,12,AR1 alpha + Basic + One-Step,NYSE:SFBS,0.033809993994449616
2022-08-10,12,AR1 alpha + Basic + One-Step,NYSE:SFBS,0.0
2022-08-11,12,AR1 alpha + Basic + One-Step,NYSE:SFBS,0.0
2022-08-12,12,AR1 alpha + Basic + One-Step,NYSE:SFBS,0.0
2022-08-15,12,AR1 alpha + Basic + One-Step,NYSE:SFBS,0.0
2022-08-16,12,AR1 alpha + Basic + One-Step,NYSE:SFBS,0.0
2022-08-17,12,AR1 alpha + Basic + One-Step,NYSE:SFBS,0.08107396864791759
2022-08-18,12,AR1 alpha + Basic + One-Step,NYSE:SFBS,0.08303878258765232
2022-08-19,12,AR1 alpha + Basic + One-Step,NYSE:SFBS,0.09999993370540378
2022-08-22,12,AR1 alpha + Basic + One-Step,NYSE:SFBS,0.09999398092989657
2022-08-23,12,AR1 alpha + Basic + One-Step,NYSE:SFBS,0.0999953426995364
2022-08-24,12,AR1 alpha + Basic + One-Step,NYSE:SFBS,0.09999785841565355
2022-08-25,12,AR1 alpha + Basic + One-Step,NYSE:SFBS,0.09999497747603915
2022-08-26,12,AR1 alpha + Basic + One-Step,NYSE:SFBS,0.09999155090054904
2022-08-29,12,AR1 alpha + Basic + One-Step,NYSE:SFBS,0.0999927492924705
2022-08-30,12,AR1 alpha + Basic + One-Step,NYSE:SFBS,0.09999172406100879
2022-08-31,12,AR1 alpha + Basic + One-Step,NYSE:SFBS,0.09999213676861503
2022-09-01,12,AR1 alpha + Basic + One-Step,NYSE:SFBS,0.09999566605833216
2022-09-02,12,AR1 alpha + Basic + One-Step,NYSE:SFBS,0.09999657344419079
2022-09-06,12,AR1 alpha + Basic + One-Step,NYSE:SFBS,0.0999971160198702
2022-09-07,12,AR1 alpha + Basic + One-Step,NYSE:SFBS,0.09999402962160593
2022-09-08,12,AR1 alpha + Basic + One-Step,NYSE:SFBS,0.09999609533107542
2022-09-09,12,AR1 alpha + Basic + One-Step,NYSE:SFBS,0.09999723813405492
2022-09-12,12,AR1 alpha + Basic + One-Step,NYSE:SFBS,0.09999832359725234
2022-09-13,12,AR1 alpha + Basic + One-Step,NYSE:SFBS,0.09999794387014244
2022-09-14,12,AR1 alpha + Basic + One-Step,NYSE:SFBS,0.09999880552228219
2022-09-15,12,AR1 alpha + Basic + One-Step,NYSE:SFBS,0.09999920973392147
2022-09-16,12,AR1 alpha + Basic + One-Step,NYSE:SFBS,0.0999995524633261
2022-09-19,12,AR1 alpha + Basic + One-Step,NYSE:SFBS,0.09999609142557636
2022-09-20,12,AR1 alpha + Basic + One-Step,NYSE:SFBS,0.09999825622812213
2022-09-21,12,AR1 alpha + Basic + One-Step,NYSE:SFBS,0.09999817601711831
2022-09-22,12,AR1 alpha + Basic + One-Step,NYSE:SFBS,0.09999882298483917
2022-09-23,12,AR1 alpha + Basic + One-Step,NYSE:SFBS,0.09999760213210976
2022-09-26,12,AR1 alpha + Basic + One-Step,NYSE:SFBS,0.0999985340202112
2022-09-27,12,AR1 alpha + Basic + One-Step,NYSE:SFBS,0.0934301902180646
2022-09-28,12,AR1 alpha + Basic + One-Step,NYSE:SFBS,0.09999900787829596
2022-09-29,12,AR1 alpha + Basic + One-Step,NYSE:SFBS,0.09999921804510555
2022-09-30,12,AR1 alpha + Basic + One-Step,NYSE:SFBS,0.09999863920764429
2022-10-03,12,AR1 alpha + Basic + One-Step,NYSE:SFBS,0.09999408011724248
2022-10-04,12,AR1 alpha + Basic + One-Step,NYSE:SFBS,0.0999949732484415
2022-10-05,12,AR1 alpha + Basic + One-Step,NYSE:SFBS,0.09999667318305827
2022-10-06,12,AR1 alpha + Basic + One-Step,NYSE:SFBS,0.0999937796658154
2022-10-07,12,AR1 alpha + Basic + One-Step,NYSE:SFBS,0.0999960231610894
2022-10-10,12,AR1 alpha + Basic + One-Step,NYSE:SFBS,0.0999971715062927
2022-10-11,12,AR1 alpha + Basic + One-Step,NYSE:SFBS,0.09999862484277512
2022-10-12,12,AR1 alpha + Basic + One-Step,NYSE:SFBS,0.09999917010859918
2022-10-13,12,AR1 alpha + Basic + One-Step,NYSE:SFBS,0.09999813472513877
2022-10-14,12,AR1 alpha + Basic + One-Step,NYSE:SFBS,0.09999903429688248
2022-10-17,12,AR1 alpha + Basic + One-Step,NYSE:SFBS,0.0999893901174684
2022-10-18,12,AR1 alpha + Basic + One-Step,NYSE:SFBS,0.09999104140641814
2022-10-19,12,AR1 alpha + Basic + One-Step,NYSE:SFBS,0.09999494704513455
2022-10-20,12,AR1 alpha + Basic + One-Step,NYSE:SFBS,0.08248240418152265
2022-10-21,12,AR1 alpha + Basic + One-Step,NYSE:SFBS,0.1000009566450729
2022-10-24,12,AR1 alpha + Basic + One-Step,NYSE:SFBS,0.10000029070182645
2022-10-25,12,AR1 alpha + Basic + One-Step,NYSE:SFBS,0.09999014080218341
2022-10-26,12,AR1 alpha + Basic + One-Step,NYSE:SFBS,0.09998467706656029
2022-10-27,12,AR1 alpha + Basic + One-Step,NYSE:SFBS,0.018148231397308073
2022-10-28,12,AR1 alpha + Basic + One-Step,NYSE:SFBS,0.0016811903839065267
2022-10-31,12,AR1 alpha + Basic + One-Step,NYSE:SFBS,0.025728208507776965
2022-11-01,12,AR1 alpha + Basic + One-Step,NYSE:SFBS,0.0
2022-11-02,12,AR1 alpha + Basic + One-Step,NYSE:SFBS,8.187663187882349e-07
2022-11-03,12,AR1 alpha + Basic + One-Step,NYSE:SFBS,1.5052777183703741e-06
2022-11-04,12,AR1 alpha + Basic + One-Step,NYSE:SFBS,1.4744904871258694e-06
2022-11-07,12,AR1 alpha + Basic + One-Step,NYSE:SFBS,5.571788186898808e-07
2022-11-08,12,AR1 alpha + Basic + One-Step,NYSE:SFBS,0.0
2022-11-09,12,AR1 alpha + Basic + One-Step,NYSE:SFBS,0.0
2022-11-10,12,AR1 alpha + Basic + One-Step,NYSE:SFBS,0.0
2022-11-11,12,AR1 alpha + Basic + One-Step,NYSE:SFBS,1.4292038592817987e-07
2022-11-14,12,AR1 alpha + Basic + One-Step,NYSE:SFBS,0.0
2022-11-15,12,AR1 alpha + Basic + One-Step,NYSE:SFBS,0.0
2022-11-16,12,AR1 alpha + Basic + One-Step,NYSE:SFBS,0.0
2022-11-17,12,AR1 alpha + Basic + One-Step,NYSE:SFBS,0.0
2022-11-18,12,AR1 alpha + Basic + One-Step,NYSE:SFBS,5.312484615654626e-07
2022-11-21,12,AR1 alpha + Basic + One-Step,NYSE:SFBS,7.829280144478566e-07
2022-11-22,12,AR1 alpha + Basic + One-Step,NYSE:SFBS,2.803388659542335e-07
2022-11-23,12,AR1 alpha + Basic + One-Step,NYSE:SFBS,1.7046874013760335e-08
2022-11-25,12,AR1 alpha + Basic + One-Step,NYSE:SFBS,0.0
2022-11-28,12,AR1 alpha + Basic + One-Step,NYSE:SFBS,3.793089385357962e-07
2022-11-29,12,AR1 alpha + Basic + One-Step,NYSE:SFBS,0.0
2022-11-30,12,AR1 alpha + Basic + One-Step,NYSE:SFBS,8.467415706965015e-08
2022-12-01,12,AR1 alpha + Basic + One-Step,NYSE:SFBS,0.016469434110396447
2022-12-02,12,AR1 alpha + Basic + One-Step,NYSE:SFBS,0.0
2022-12-05,12,AR1 alpha + Basic + One-Step,NYSE:SFBS,0.0
2022-12-06,12,AR1 alpha + Basic + One-Step,NYSE:SFBS,0.0
2022-12-07,12,AR1 alpha + Basic + One-Step,NYSE:SFBS,0.0
2022-12-08,12,AR1 alpha + Basic + One-Step,NYSE:SFBS,0.0
2022-12-09,12,AR1 alpha + Basic + One-Step,NYSE:SFBS,0.0
2022-12-12,12,AR1 alpha + Basic + One-Step,NYSE:SFBS,1.7659949304257266e-08
2022-12-13,12,AR1 alpha + Basic + One-Step,NYSE:SFBS,0.0
2022-12-14,12,AR1 alpha + Basic + One-Step,NYSE:SFBS,1.2429965331373947e-07
2022-12-15,12,AR1 alpha + Basic + One-Step,NYSE:SFBS,0.0
2022-12-16,12,AR1 alpha + Basic + One-Step,NYSE:SFBS,0.0
2022-12-19,12,AR1 alpha + Basic + One-Step,NYSE:SFBS,0.0
2022-12-20,12,AR1 alpha + Basic + One-Step,NYSE:SFBS,0.0
2022-12-21,12,AR1 alpha + Basic + One-Step,NYSE:SFBS,0.0
2022-12-22,12,AR1 alpha + Basic + One-Step,NYSE:SFBS,0.0
2022-12-23,12,AR1 alpha + Basic + One-Step,NYSE:SFBS,0.0
2022-12-27,12,AR1 alpha + Basic + One-Step,NYSE:SFBS,3.412440533441328e-07
2022-12-28,12,AR1 alpha + Basic + One-Step,NYSE:SFBS,0.0
2022-12-29,12,AR1 alpha + Basic + One-Step,NYSE:SFBS,5.804882070650917e-08
2022-12-30,12,AR1 alpha + Basic + One-Step,NYSE:SFBS,0.0
2023-01-03,12,AR1 alpha + Basic + One-Step,NYSE:SFBS,2.635234147898226e-07
2023-01-04,12,AR1 alpha + Basic + One-Step,NYSE:SFBS,0.0
2023-01-05,12,AR1 alpha + Basic + One-Step,NYSE:SFBS,0.0
2023-01-06,12,AR1 alpha + Basic + One-Step,NYSE:SFBS,0.0
2023-01-09,12,AR1 alpha + Basic + One-Step,NYSE:SFBS,0.0
2023-01-10,12,AR1 alpha + Basic + One-Step,NYSE:SFBS,0.0
2023-01-11,12,AR1 alpha + Basic + One-Step,NYSE:SFBS,1.633400068744077e-08
2023-01-12,12,AR1 alpha + Basic + One-Step,NYSE:SFBS,0.07903947731695488
2023-01-13,12,AR1 alpha + Basic + One-Step,NYSE:SFBS,0.03639784429622981
2023-01-17,12,AR1 alpha + Basic + One-Step,NYSE:SFBS,0.0
2023-01-18,12,AR1 alpha + Basic + One-Step,NYSE:SFBS,0.0
2023-01-19,12,AR1 alpha + Basic + One-Step,NYSE:SFBS,0.0
2023-01-20,12,AR1 alpha + Basic + One-Step,NYSE:SFBS,0.0
2023-01-23,12,AR1 alpha + Basic + One-Step,NYSE:SFBS,0.0
2023-01-24,12,AR1 alpha + Basic + One-Step,NYSE:SFBS,0.0
2023-01-25,12,AR1 alpha + Basic + One-Step,NYSE:SFBS,0.0
2023-01-26,12,AR1 alpha + Basic + One-Step,NYSE:SFBS,0.0
2023-01-27,12,AR1 alpha + Basic + One-Step,NYSE:SFBS,0.0
2023-01-30,12,AR1 alpha + Basic + One-Step,NYSE:SFBS,0.0
2023-01-31,12,AR1 alpha + Basic + One-Step,NYSE:SFBS,0.0
2023-02-01,12,AR1 alpha + Basic + One-Step,NYSE:SFBS,0.0
2023-02-02,12,AR1 alpha + Basic + One-Step,NYSE:SFBS,9.620290171465513e-07
2023-02-03,12,AR1 alpha + Basic + One-Step,NYSE:SFBS,1.9918297164576041e-07
2023-02-06,12,AR1 alpha + Basic + One-Step,NYSE:SFBS,0.0
2023-02-07,12,AR1 alpha + Basic + One-Step,NYSE:SFBS,0.0017333019686138218
2023-02-08,12,AR1 alpha + Basic + One-Step,NYSE:SFBS,0.0
2023-02-09,12,AR1 alpha + Basic + One-Step,NYSE:SFBS,0.0
2023-02-10,12,AR1 alpha + Basic + One-Step,NYSE:SFBS,0.0
2023-02-13,12,AR1 alpha + Basic + One-Step,NYSE:SFBS,0.0
2023-02-14,12,AR1 alpha + Basic + One-Step,NYSE:SFBS,0.0
2023-02-15,12,AR1 alpha + Basic + One-Step,NYSE:SFBS,0.0
2023-02-16,12,AR1 alpha + Basic + One-Step,NYSE:SFBS,0.0
2023-02-17,12,AR1 alpha + Basic + One-Step,NYSE:SFBS,0.0
2023-02-21,12,AR1 alpha + Basic + One-Step,NYSE:SFBS,0.0
2023-02-22,12,AR1 alpha + Basic + One-Step,NYSE:SFBS,3.8005431833303807e-07
2023-02-23,12,AR1 alpha + Basic + One-Step,NYSE:SFBS,0.0
2023-02-24,12,AR1 alpha + Basic + One-Step,NYSE:SFBS,0.0
2023-02-27,12,AR1 alpha + Basic + One-Step,NYSE:SFBS,0.0
2023-02-28,12,AR1 alpha + Basic + One-Step,NYSE:SFBS,0.0
2023-03-01,12,AR1 alpha + Basic + One-Step,NYSE:SFBS,0.0
2023-03-02,12,AR1 alpha + Basic + One-Step,NYSE:SFBS,9.106299928636049e-08
2023-03-03,12,AR1 alpha + Basic + One-Step,NYSE:SFBS,0.0
2023-03-06,12,AR1 alpha + Basic + One-Step,NYSE:SFBS,0.0
2023-03-07,12,AR1 alpha + Basic + One-Step,NYSE:SFBS,0.0
2023-03-08,12,AR1 alpha + Basic + One-Step,NYSE:SFBS,0.0
2023-03-09,12,AR1 alpha + Basic + One-Step,NYSE:SFBS,0.0
2023-03-10,12,AR1 alpha + Basic + One-Step,NYSE:SFBS,7.785963081729796e-09
2023-03-13,12,AR1 alpha + Basic + One-Step,NYSE:SFBS,2.814155946716588e-07
2023-03-14,12,AR1 alpha + Basic + One-Step,NYSE:SFBS,0.0
2023-03-15,12,AR1 alpha + Basic + One-Step,NYSE:SFBS,2.5751674090097624e-08
2023-03-16,12,AR1 alpha + Basic + One-Step,NYSE:SFBS,8.444132382581119e-08
2023-03-17,12,AR1 alpha + Basic + One-Step,NYSE:SFBS,0.0
2023-03-20,12,AR1 alpha + Basic + One-Step,NYSE:SFBS,3.34141790604269e-07
2023-03-21,12,AR1 alpha + Basic + One-Step,NYSE:SFBS,1.0981312670116297e-07
2023-03-22,12,AR1 alpha + Basic + One-Step,NYSE:SFBS,0.0
2023-03-23,12,AR1 alpha + Basic + One-Step,NYSE:SFBS,6.452681562417425e-08
2023-03-24,12,AR1 alpha + Basic + One-Step,NYSE:SFBS,1.400679746406374e-09
2023-03-27,12,AR1 alpha + Basic + One-Step,NYSE:SFBS,0.0
2023-03-28,12,AR1 alpha + Basic + One-Step,NYSE:SFBS,1.4869182356022313e-08
2023-03-29,12,AR1 alpha + Basic + One-Step,NYSE:SFBS,0.0
2023-03-30,12,AR1 alpha + Basic + One-Step,NYSE:SFBS,0.0
2023-03-31,12,AR1 alpha + Basic + One-Step,NYSE:SFBS,3.152310752518958e-07
2023-04-03,12,AR1 alpha + Basic + One-Step,NYSE:SFBS,0.0
2023-04-04,12,AR1 alpha + Basic + One-Step,NYSE:SFBS,0.0
2023-04-05,12,AR1 alpha + Basic + One-Step,NYSE:SFBS,1.5717743478981067e-07
2023-04-06,12,AR1 alpha + Basic + One-Step,NYSE:SFBS,3.676663674800627e-07
2023-04-10,12,AR1 alpha + Basic + One-Step,NYSE:SFBS,0.0
2023-04-11,12,AR1 alpha + Basic + One-Step,NYSE:SFBS,0.0
2023-04-12,12,AR1 alpha + Basic + One-Step,NYSE:SFBS,5.016007974408702e-07
2023-04-13,12,AR1 alpha + Basic + One-Step,NYSE:SFBS,2.2874255387561514e-07
2023-04-14,12,AR1 alpha + Basic + One-Step,NYSE:SFBS,5.7993263794703976e-08
2023-04-17,12,AR1 alpha + Basic + One-Step,NYSE:SFBS,3.228364526022521e-09
2023-04-18,12,AR1 alpha + Basic + One-Step,NYSE:SFBS,2.5950306864723834e-07
2023-04-19,12,AR1 alpha + Basic + One-Step,NYSE:SFBS,1.1650918370008711e-07
2023-04-20,12,AR1 alpha + Basic + One-Step,NYSE:SFBS,5.196130856156231e-08
2023-04-21,12,AR1 alpha + Basic + One-Step,NYSE:SFBS,2.1299012269965395e-07
2023-04-24,12,AR1 alpha + Basic + One-Step,NYSE:SFBS,0.0
2023-04-25,12,AR1 alpha + Basic + One-Step,NYSE:SFBS,0.0
2023-04-26,12,AR1 alpha + Basic + One-Step,NYSE:SFBS,1.2055715984805547e-09
2023-04-27,12,AR1 alpha + Basic + One-Step,NYSE:SFBS,4.802080664398363e-07
2023-04-28,12,AR1 alpha + Basic + One-Step,NYSE:SFBS,1.908998904554215e-07
2023-05-01,12,AR1 alpha + Basic + One-Step,NYSE:SFBS,8.478167831559224e-08
2023-05-02,12,AR1 alpha + Basic + One-Step,NYSE:SFBS,9.533598610751125e-08
2023-05-03,12,AR1 alpha + Basic + One-Step,NYSE:SFBS,0.0
2023-05-04,12,AR1 alpha + Basic + One-Step,NYSE:SFBS,0.0
2023-05-05,12,AR1 alpha + Basic + One-Step,NYSE:SFBS,1.484359577240108e-07
2023-05-08,12,AR1 alpha + Basic + One-Step,NYSE:SFBS,2.49266395788028e-08
2023-05-09,12,AR1 alpha + Basic + One-Step,NYSE:SFBS,0.0
2023-05-10,12,AR1 alpha + Basic + One-Step,NYSE:SFBS,1.7615756428271193e-08
2023-05-11,12,AR1 alpha + Basic + One-Step,NYSE:SFBS,4.326145768028859e-07
2023-05-12,12,AR1 alpha + Basic + One-Step,NYSE:SFBS,1.158421004474387e-06
2023-05-15,12,AR1 alpha + Basic + One-Step,NYSE:SFBS,5.564455044043017e-07
2023-05-16,12,AR1 alpha + Basic + One-Step,NYSE:SFBS,0.0
2023-05-17,12,AR1 alpha + Basic + One-Step,NYSE:SFBS,0.0
2023-05-18,12,AR1 alpha + Basic + One-Step,NYSE:SFBS,0.0
2023-05-19,12,AR1 alpha + Basic + One-Step,NYSE:SFBS,8.150583620617915e-10
2023-05-22,12,AR1 alpha + Basic + One-Step,NYSE:SFBS,0.0
2023-05-23,12,AR1 alpha + Basic + One-Step,NYSE:SFBS,0.0
2023-05-24,12,AR1 alpha + Basic + One-Step,NYSE:SFBS,0.0
2023-05-25,12,AR1 alpha + Basic + One-Step,NYSE:SFBS,0.0
2023-05-26,12,AR1 alpha + Basic + One-Step,NYSE:SFBS,0.0
2023-05-30,12,AR1 alpha + Basic + One-Step,NYSE:SFBS,0.0
2023-05-31,12,AR1 alpha + Basic + One-Step,NYSE:SFBS,0.0
2023-06-01,12,AR1 alpha + Basic + One-Step,NYSE:SFBS,0.0
2023-06-02,12,AR1 alpha + Basic + One-Step,NYSE:SFBS,0.0
2023-06-05,12,AR1 alpha + Basic + One-Step,NYSE:SFBS,0.0
2023-06-06,12,AR1 alpha + Basic + One-Step,NYSE:SFBS,2.0438210400471974e-06
2023-06-07,12,AR1 alpha + Basic + One-Step,NYSE:SFBS,2.006684040469322e-08
2023-06-08,12,AR1 alpha + Basic + One-Step,NYSE:SFBS,2.388557285279464e-08
2023-06-09,12,AR1 alpha + Basic + One-Step,NYSE:SFBS,1.1053344877854876e-06
2023-06-12,12,AR1 alpha + Basic + One-Step,NYSE:SFBS,0.0
2023-06-13,12,AR1 alpha + Basic + One-Step,NYSE:SFBS,1.619922502968092e-07
2023-06-14,12,AR1 alpha + Basic + One-Step,NYSE:SFBS,2.9121174445878692e-08
2023-06-15,12,AR1 alpha + Basic + One-Step,NYSE:SFBS,0.0
2023-06-16,12,AR1 alpha + Basic + One-Step,NYSE:SFBS,1.714788276947714e-08
2023-06-20,12,AR1 alpha + Basic + One-Step,NYSE:SFBS,0.0
2023-06-21,12,AR1 alpha + Basic + One-Step,NYSE:SFBS,0.0
2023-06-22,12,AR1 alpha + Basic + One-Step,NYSE:SFBS,0.0
2023-06-23,12,AR1 alpha + Basic + One-Step,NYSE:SFBS,0.0
2023-06-26,12,AR1 alpha + Basic + One-Step,NYSE:SFBS,7.6128861585883e-08
2023-06-27,12,AR1 alpha + Basic + One-Step,NYSE:SFBS,0.0
2023-06-28,12,AR1 alpha + Basic + One-Step,NYSE:SFBS,0.0
2023-06-29,12,AR1 alpha + Basic + One-Step,NYSE:SFBS,0.0
2023-06-30,12,AR1 alpha + Basic + One-Step,NYSE:SFBS,0.0
2023-07-03,12,AR1 alpha + Basic + One-Step,NYSE:SFBS,0.0
2023-07-05,12,AR1 alpha + Basic + One-Step,NYSE:SFBS,6.152605448486111e-07
2023-07-06,12,AR1 alpha + Basic + One-Step,NYSE:SFBS,0.0
2023-07-07,12,AR1 alpha + Basic + One-Step,NYSE:SFBS,0.0
2023-07-10,12,AR1 alpha + Basic + One-Step,NYSE:SFBS,2.2617428902227386e-07
2023-07-11,12,AR1 alpha + Basic + One-Step,NYSE:SFBS,0.0
2023-07-12,12,AR1 alpha + Basic + One-Step,NYSE:SFBS,0.0
2023-07-13,12,AR1 alpha + Basic + One-Step,NYSE:SFBS,0.0
2023-07-14,12,AR1 alpha + Basic + One-Step,NYSE:SFBS,2.0714696775606527e-07
2023-07-17,12,AR1 alpha + Basic + One-Step,NYSE:SFBS,4.534060369568059e-07
2023-07-18,12,AR1 alpha + Basic + One-Step,NYSE:SFBS,9.031322809386587e-07
2023-07-19,12,AR1 alpha + Basic + One-Step,NYSE:SFBS,0.0
2023-07-20,12,AR1 alpha + Basic + One-Step,NYSE:SFBS,0.0
2023-07-21,12,AR1 alpha + Basic + One-Step,NYSE:SFBS,0.0
2023-07-24,12,AR1 alpha + Basic + One-Step,NYSE:SFBS,0.0
2023-07-25,12,AR1 alpha + Basic + One-Step,NYSE:SFBS,0.0
2023-07-26,12,AR1 alpha + Basic + One-Step,NYSE:SFBS,0.0
2023-07-27,12,AR1 alpha + Basic + One-Step,NYSE:SFBS,0.0
2023-07-28,12,AR1 alpha + Basic + One-Step,NYSE:SFBS,0.0
2023-07-31,12,AR1 alpha + Basic + One-Step,NYSE:SFBS,0.0
2023-08-01,12,AR1 alpha + Basic + One-Step,NYSE:SFBS,0.0
2023-08-02,12,AR1 alpha + Basic + One-Step,NYSE:SFBS,0.0
2023-08-03,12,AR1 alpha + Basic + One-Step,NYSE:SFBS,0.0
2023-08-04,12,AR1 alpha + Basic + One-Step,NYSE:SFBS,0.0
2023-08-07,12,AR1 alpha + Basic + One-Step,NYSE:SFBS,1.3377839891805441e-09
2023-08-08,12,AR1 alpha + Basic + One-Step,NYSE:SFBS,0.0
2023-08-09,12,AR1 alpha + Basic + One-Step,NYSE:SFBS,0.0
2023-08-10,12,AR1 alpha + Basic + One-Step,NYSE:SFBS,0.0
2023-08-11,12,AR1 alpha + Basic + One-Step,NYSE:SFBS,4.400171569932524e-07
2023-08-14,12,AR1 alpha + Basic + One-Step,NYSE:SFBS,0.0
2023-08-15,12,AR1 alpha + Basic + One-Step,NYSE:SFBS,0.0
2023-08-16,12,AR1 alpha + Basic + One-Step,NYSE:SFBS,0.0
2023-08-17,12,AR1 alpha + Basic + One-Step,NYSE:SFBS,0.0
2023-08-18,12,AR1 alpha + Basic + One-Step,NYSE:SFBS,0.0
2023-08-21,12,AR1 alpha + Basic + One-Step,NYSE:SFBS,1.8214864152828347e-09
2023-08-22,12,AR1 alpha + Basic + One-Step,NYSE:SFBS,0.0
2023-08-23,12,AR1 alpha + Basic + One-Step,NYSE:SFBS,4.082472890358546e-08
2023-08-24,12,AR1 alpha + Basic + One-Step,NYSE:SFBS,0.0
2023-08-25,12,AR1 alpha + Basic + One-Step,NYSE:SFBS,5.870713820740132e-08
2023-08-28,12,AR1 alpha + Basic + One-Step,NYSE:SFBS,0.0
2023-08-29,12,AR1 alpha + Basic + One-Step,NYSE:SFBS,0.0
2023-08-30,12,AR1 alpha + Basic + One-Step,NYSE:SFBS,0.0
2023-08-31,12,AR1 alpha + Basic + One-Step,NYSE:SFBS,0.0
2023-09-01,12,AR1 alpha + Basic + One-Step,NYSE:SFBS,0.0
2023-09-05,12,AR1 alpha + Basic + One-Step,NYSE:SFBS,0.0
2023-09-06,12,AR1 alpha + Basic + One-Step,NYSE:SFBS,3.270423931507994e-09
2023-09-07,12,AR1 alpha + Basic + One-Step,NYSE:SFBS,4.564632657987975e-07
2023-09-08,12,AR1 alpha + Basic + One-Step,NYSE:SFBS,7.346219758448101e-07
2023-09-11,12,AR1 alpha + Basic + One-Step,NYSE:SFBS,1.8264411108604802e-07
2023-09-12,12,AR1 alpha + Basic + One-Step,NYSE:SFBS,2.4543515531767716e-06
2023-09-13,12,AR1 alpha + Basic + One-Step,NYSE:SFBS,0.0
2023-09-14,12,AR1 alpha + Basic + One-Step,NYSE:SFBS,0.0
2023-09-15,12,AR1 alpha + Basic + One-Step,NYSE:SFBS,0.0
2023-09-18,12,AR1 alpha + Basic + One-Step,NYSE:SFBS,1.572012321254186e-09
2023-09-19,12,AR1 alpha + Basic + One-Step,NYSE:SFBS,6.6071635456121e-09
2023-09-20,12,AR1 alpha + Basic + One-Step,NYSE:SFBS,0.0
2023-09-21,12,AR1 alpha + Basic + One-Step,NYSE:SFBS,0.0
2023-09-22,12,AR1 alpha + Basic + One-Step,NYSE:SFBS,0.0
2023-09-25,12,AR1 alpha + Basic + One-Step,NYSE:SFBS,0.0
2023-09-26,12,AR1 alpha + Basic + One-Step,NYSE:SFBS,0.0
2023-09-27,12,AR1 alpha + Basic + One-Step,NYSE:SFBS,0.0
2023-09-28,12,AR1 alpha + Basic + One-Step,NYSE:SFBS,2.062761002194731e-08
2023-09-29,12,AR1 alpha + Basic + One-Step,NYSE:SFBS,1.364449190208747e-09
2023-10-02,12,AR1 alpha + Basic + One-Step,NYSE:SFBS,0.0
2023-10-03,12,AR1 alpha + Basic + One-Step,NYSE:SFBS,0.0
2023-10-04,12,AR1 alpha + Basic + One-Step,NYSE:SFBS,0.0
2023-10-05,12,AR1 alpha + Basic + One-Step,NYSE:SFBS,0.0
2023-10-06,12,AR1 alpha + Basic + One-Step,NYSE:SFBS,0.0
2023-10-09,12,AR1 alpha + Basic + One-Step,NYSE:SFBS,0.0
2023-10-10,12,AR1 alpha + Basic + One-Step,NYSE:SFBS,0.0
2023-10-11,12,AR1 alpha + Basic + One-Step,NYSE:SFBS,6.9559528136805005e-09
2023-10-12,12,AR1 alpha + Basic + One-Step,NYSE:SFBS,0.0
2023-10-13,12,AR1 alpha + Basic + One-Step,NYSE:SFBS,4.650674038666437e-09
2023-10-16,12,AR1 alpha + Basic + One-Step,NYSE:SFBS,0.0
2023-10-17,12,AR1 alpha + Basic + One-Step,NYSE:SFBS,6.252054769843721e-07
2023-10-18,12,AR1 alpha + Basic + One-Step,NYSE:SFBS,0.0
2023-10-19,12,AR1 alpha + Basic + One-Step,NYSE:SFBS,0.0
2023-10-20,12,AR1 alpha + Basic + One-Step,NYSE:SFBS,0.0
2023-10-23,12,AR1 alpha + Basic + One-Step,NYSE:SFBS,2.539933956023019e-09
2023-10-24,12,AR1 alpha + Basic + One-Step,NYSE:SFBS,0.0
2023-10-25,12,AR1 alpha + Basic + One-Step,NYSE:SFBS,0.0
2023-10-26,12,AR1 alpha + Basic + One-Step,NYSE:SFBS,0.0
2023-10-27,12,AR1 alpha + Basic + One-Step,NYSE:SFBS,0.0
2023-10-30,12,AR1 alpha + Basic + One-Step,NYSE:SFBS,0.0
2023-10-31,12,AR1 alpha + Basic + One-Step,NYSE:SFBS,0.0
2023-11-01,12,AR1 alpha + Basic + One-Step,NYSE:SFBS,0.0
2023-11-02,12,AR1 alpha + Basic + One-Step,NYSE:SFBS,0.0
2023-11-03,12,AR1 alpha + Basic + One-Step,NYSE:SFBS,0.0
2023-11-06,12,AR1 alpha + Basic + One-Step,NYSE:SFBS,0.0
2023-11-07,12,AR1 alpha + Basic + One-Step,NYSE:SFBS,5.9397483499490645e-09
2023-11-08,12,AR1 alpha + Basic + One-Step,NYSE:SFBS,1.4527325743168018e-08
2023-11-09,12,AR1 alpha + Basic + One-Step,NYSE:SFBS,0.0
2023-11-10,12,AR1 alpha + Basic + One-Step,NYSE:SFBS,0.0
2023-11-13,12,AR1 alpha + Basic + One-Step,NYSE:SFBS,0.0
2023-11-14,12,AR1 alpha + Basic + One-Step,NYSE:SFBS,0.0
2023-11-15,12,AR1 alpha + Basic + One-Step,NYSE:SFBS,0.0
2023-11-16,12,AR1 alpha + Basic + One-Step,NYSE:SFBS,0.0
2023-11-17,12,AR1 alpha + Basic + One-Step,NYSE:SFBS,0.0
2023-11-20,12,AR1 alpha + Basic + One-Step,NYSE:SFBS,0.0
2023-11-21,12,AR1 alpha + Basic + One-Step,NYSE:SFBS,0.0
2023-11-22,12,AR1 alpha + Basic + One-Step,NYSE:SFBS,0.0
2023-11-24,12,AR1 alpha + Basic + One-Step,NYSE:SFBS,0.0
2023-11-27,12,AR1 alpha + Basic + One-Step,NYSE:SFBS,0.0
2023-11-28,12,AR1 alpha + Basic + One-Step,NYSE:SFBS,1.2275846691422677e-08
2023-11-29,12,AR1 alpha + Basic + One-Step,NYSE:SFBS,4.565984993318088e-09
2023-11-30,12,AR1 alpha + Basic + One-Step,NYSE:SFBS,0.0
2023-12-01,12,AR1 alpha + Basic + One-Step,NYSE:SFBS,3.6955427283845145e-07
2023-12-04,12,AR1 alpha + Basic + One-Step,NYSE:SFBS,0.0
2023-12-05,12,AR1 alpha + Basic + One-Step,NYSE:SFBS,0.0
2023-12-06,12,AR1 alpha + Basic + One-Step,NYSE:SFBS,0.0
2023-12-07,12,AR1 alpha + Basic + One-Step,NYSE:SFBS,0.0
2023-12-08,12,AR1 alpha + Basic + One-Step,NYSE:SFBS,0.0
2023-12-11,12,AR1 alpha + Basic + One-Step,NYSE:SFBS,0.0
2023-12-12,12,AR1 alpha + Basic + One-Step,NYSE:SFBS,0.0
2023-12-13,12,AR1 alpha + Basic + One-Step,NYSE:SFBS,0.0
2023-12-14,12,AR1 alpha + Basic + One-Step,NYSE:SFBS,0.0
2023-12-15,12,AR1 alpha + Basic + One-Step,NYSE:SFBS,0.0
2023-12-18,12,AR1 alpha + Basic + One-Step,NYSE:SFBS,0.0
2023-12-19,12,AR1 alpha + Basic + One-Step,NYSE:SFBS,0.0
2023-12-20,12,AR1 alpha + Basic + One-Step,NYSE:SFBS,0.0
2023-12-21,12,AR1 alpha + Basic + One-Step,NYSE:SFBS,0.0
2023-12-22,12,AR1 alpha + Basic + One-Step,NYSE:SFBS,4.2641367930791217e-07
2023-12-26,12,AR1 alpha + Basic + One-Step,NYSE:SFBS,0.0
2023-12-27,12,AR1 alpha + Basic + One-Step,NYSE:SFBS,1.0568158639500217e-08
2023-12-28,12,AR1 alpha + Basic + One-Step,NYSE:SFBS,0.0
2023-12-29,12,AR1 alpha + Basic + One-Step,NYSE:SFBS,0.0
2024-01-02,12,AR1 alpha + Basic + One-Step,NYSE:SFBS,0.0
2024-01-03,12,AR1 alpha + Basic + One-Step,NYSE:SFBS,0.0
2024-01-04,12,AR1 alpha + Basic + One-Step,NYSE:SFBS,0.0
2024-01-05,12,AR1 alpha + Basic + One-Step,NYSE:SFBS,0.0
2024-01-08,12,AR1 alpha + Basic + One-Step,NYSE:SFBS,0.0
2024-01-09,12,AR1 alpha + Basic + One-Step,NYSE:SFBS,0.0
2024-01-10,12,AR1 alpha + Basic + One-Step,NYSE:SFBS,0.0
2024-01-11,12,AR1 alpha + Basic + One-Step,NYSE:SFBS,2.0941850306956245e-07
2024-01-12,12,AR1 alpha + Basic + One-Step,NYSE:SFBS,0.0
2024-01-16,12,AR1 alpha + Basic + One-Step,NYSE:SFBS,0.0
2024-01-17,12,AR1 alpha + Basic + One-Step,NYSE:SFBS,0.0
2024-01-18,12,AR1 alpha + Basic + One-Step,NYSE:SFBS,4.3824707717194624e-07
2024-01-19,12,AR1 alpha + Basic + One-Step,NYSE:SFBS,0.0
2024-01-22,12,AR1 alpha + Basic + One-Step,NYSE:SFBS,0.0
2024-01-23,12,AR1 alpha + Basic + One-Step,NYSE:SFBS,0.0
2024-01-24,12,AR1 alpha + Basic + One-Step,NYSE:SFBS,1.6805624231759337e-07
2024-01-25,12,AR1 alpha + Basic + One-Step,NYSE:SFBS,4.8331953732257866e-08
2024-01-26,12,AR1 alpha + Basic + One-Step,NYSE:SFBS,0.0
2024-01-29,12,AR1 alpha + Basic + One-Step,NYSE:SFBS,0.0
2024-01-30,12,AR1 alpha + Basic + One-Step,NYSE:SFBS,0.0
2024-01-31,12,AR1 alpha + Basic + One-Step,NYSE:SFBS,0.0
2024-02-01,12,AR1 alpha + Basic + One-Step,NYSE:SFBS,0.0
2024-02-02,12,AR1 alpha + Basic + One-Step,NYSE:SFBS,0.0
2024-02-05,12,AR1 alpha + Basic + One-Step,NYSE:SFBS,0.0
2024-02-06,12,AR1 alpha + Basic + One-Step,NYSE:SFBS,0.0
2024-02-07,12,AR1 alpha + Basic + One-Step,NYSE:SFBS,1.2609440133515172e-08
2024-02-08,12,AR1 alpha + Basic + One-Step,NYSE:SFBS,2.938257833663529e-09
2024-02-09,12,AR1 alpha + Basic + One-Step,NYSE:SFBS,0.0
2024-02-12,12,AR1 alpha + Basic + One-Step,NYSE:SFBS,0.0
2024-02-13,12,AR1 alpha + Basic + One-Step,NYSE:SFBS,0.0
2024-02-14,12,AR1 alpha + Basic + One-Step,NYSE:SFBS,0.0
2024-02-15,12,AR1 alpha + Basic + One-Step,NYSE:SFBS,5.3761630142872213e-08
2024-02-16,12,AR1 alpha + Basic + One-Step,NYSE:SFBS,0.0
2024-02-20,12,AR1 alpha + Basic + One-Step,NYSE:SFBS,0.0
2024-02-21,12,AR1 alpha + Basic + One-Step,NYSE:SFBS,1.5937323581618945e-08
2024-02-22,12,AR1 alpha + Basic + One-Step,NYSE:SFBS,0.0
2024-02-23,12,AR1 alpha + Basic + One-Step,NYSE:SFBS,0.0
2024-02-26,12,AR1 alpha + Basic + One-Step,NYSE:SFBS,1.4735047746933827e-07
2024-02-27,12,AR1 alpha + Basic + One-Step,NYSE:SFBS,0.0
2024-02-28,12,AR1 alpha + Basic + One-Step,NYSE:SFBS,0.0
2024-02-29,12,AR1 alpha + Basic + One-Step,NYSE:SFBS,0.0
2024-03-01,12,AR1 alpha + Basic + One-Step,NYSE:SFBS,0.0
2024-03-04,12,AR1 alpha + Basic + One-Step,NYSE:SFBS,0.0
2024-03-05,12,AR1 alpha + Basic + One-Step,NYSE:SFBS,0.0
2024-03-06,12,AR1 alpha + Basic + One-Step,NYSE:SFBS,0.0
2024-03-07,12,AR1 alpha + Basic + One-Step,NYSE:SFBS,0.0
2024-03-08,12,AR1 alpha + Basic + One-Step,NYSE:SFBS,0.0
2024-03-11,12,AR1 alpha + Basic + One-Step,NYSE:SFBS,0.0
2024-03-12,12,AR1 alpha + Basic + One-Step,NYSE:SFBS,0.0
2024-03-13,12,AR1 alpha + Basic + One-Step,NYSE:SFBS,0.0
2024-03-14,12,AR1 alpha + Basic + One-Step,NYSE:SFBS,1.0992236795382859e-07
2024-03-15,12,AR1 alpha + Basic + One-Step,NYSE:SFBS,7.557559618864934e-08
2024-03-18,12,AR1 alpha + Basic + One-Step,NYSE:SFBS,0.0
2024-03-19,12,AR1 alpha + Basic + One-Step,NYSE:SFBS,0.0
2024-03-20,12,AR1 alpha + Basic + One-Step,NYSE:SFBS,0.0
2024-03-21,12,AR1 alpha + Basic + One-Step,NYSE:SFBS,3.0359757543211355e-08
2024-03-22,12,AR1 alpha + Basic + One-Step,NYSE:SFBS,0.0
2024-03-25,12,AR1 alpha + Basic + One-Step,NYSE:SFBS,0.0
2024-03-26,12,AR1 alpha + Basic + One-Step,NYSE:SFBS,0.0
2024-03-27,12,AR1 alpha + Basic + One-Step,NYSE:SFBS,0.0
2024-03-28,12,AR1 alpha + Basic + One-Step,NYSE:SFBS,0.0
2024-04-01,12,AR1 alpha + Basic + One-Step,NYSE:SFBS,1.346933896652295e-06
2024-04-02,12,AR1 alpha + Basic + One-Step,NYSE:SFBS,0.0
2024-04-03,12,AR1 alpha + Basic + One-Step,NYSE:SFBS,0.0
2024-04-04,12,AR1 alpha + Basic + One-Step,NYSE:SFBS,0.0
2024-04-05,12,AR1 alpha + Basic + One-Step,NYSE:SFBS,0.0
2024-04-08,12,AR1 alpha + Basic + One-Step,NYSE:SFBS,0.0
2024-04-09,12,AR1 alpha + Basic + One-Step,NYSE:SFBS,0.0
2024-04-10,12,AR1 alpha + Basic + One-Step,NYSE:SFBS,4.201313139393674e-07
2024-04-11,12,AR1 alpha + Basic + One-Step,NYSE:SFBS,0.0
2024-04-12,12,AR1 alpha + Basic + One-Step,NYSE:SFBS,0.0
2024-04-15,12,AR1 alpha + Basic + One-Step,NYSE:SFBS,0.0
2024-04-16,12,AR1 alpha + Basic + One-Step,NYSE:SFBS,0.0
2024-04-17,12,AR1 alpha + Basic + One-Step,NYSE:SFBS,1.0697066398840218e-08
2024-04-18,12,AR1 alpha + Basic + One-Step,NYSE:SFBS,0.0
2024-04-19,12,AR1 alpha + Basic + One-Step,NYSE:SFBS,0.0
2020-03-25,12,AR1 alpha + Basic + One-Step,NYSE:ELAN,0.02
2020-03-26,12,AR1 alpha + Basic + One-Step,NYSE:ELAN,0.019999999999999997
2020-03-27,12,AR1 alpha + Basic + One-Step,NYSE:ELAN,0.0
2020-03-30,12,AR1 alpha + Basic + One-Step,NYSE:ELAN,0.0999933734022196
2020-03-31,12,AR1 alpha + Basic + One-Step,NYSE:ELAN,0.09999702023509552
2020-04-01,12,AR1 alpha + Basic + One-Step,NYSE:ELAN,0.0
2020-04-02,12,AR1 alpha + Basic + One-Step,NYSE:ELAN,9.858998020932907e-09
2020-04-03,12,AR1 alpha + Basic + One-Step,NYSE:ELAN,3.6375993414194375e-08
2020-04-06,12,AR1 alpha + Basic + One-Step,NYSE:ELAN,1.4268218476928448e-08
2020-04-07,12,AR1 alpha + Basic + One-Step,NYSE:ELAN,5.5081627699088055e-08
2020-04-08,12,AR1 alpha + Basic + One-Step,NYSE:ELAN,0.0
2020-04-09,12,AR1 alpha + Basic + One-Step,NYSE:ELAN,0.0
2020-04-13,12,AR1 alpha + Basic + One-Step,NYSE:ELAN,0.0
2020-04-14,12,AR1 alpha + Basic + One-Step,NYSE:ELAN,0.0
2020-04-15,12,AR1 alpha + Basic + One-Step,NYSE:ELAN,0.0
2020-04-16,12,AR1 alpha + Basic + One-Step,NYSE:ELAN,0.0
2020-04-17,12,AR1 alpha + Basic + One-Step,NYSE:ELAN,0.0
2020-04-20,12,AR1 alpha + Basic + One-Step,NYSE:ELAN,0.0
2020-04-21,12,AR1 alpha + Basic + One-Step,NYSE:ELAN,0.0
2020-04-22,12,AR1 alpha + Basic + One-Step,NYSE:ELAN,0.0
2020-04-23,12,AR1 alpha + Basic + One-Step,NYSE:ELAN,0.0
2020-04-24,12,AR1 alpha + Basic + One-Step,NYSE:ELAN,6.07793315610197e-09
2020-04-27,12,AR1 alpha + Basic + One-Step,NYSE:ELAN,0.0
2020-04-28,12,AR1 alpha + Basic + One-Step,NYSE:ELAN,0.0
2020-04-29,12,AR1 alpha + Basic + One-Step,NYSE:ELAN,5.6983650348018e-07
2020-04-30,12,AR1 alpha + Basic + One-Step,NYSE:ELAN,0.0
2020-05-01,12,AR1 alpha + Basic + One-Step,NYSE:ELAN,1.5774034135792527e-08
2020-05-04,12,AR1 alpha + Basic + One-Step,NYSE:ELAN,0.0
2020-05-05,12,AR1 alpha + Basic + One-Step,NYSE:ELAN,5.766101202052455e-07
2020-05-06,12,AR1 alpha + Basic + One-Step,NYSE:ELAN,0.0
2020-05-07,12,AR1 alpha + Basic + One-Step,NYSE:ELAN,0.0
2020-05-08,12,AR1 alpha + Basic + One-Step,NYSE:ELAN,1.0757873199570272e-07
2020-05-11,12,AR1 alpha + Basic + One-Step,NYSE:ELAN,1.1093788131711724e-07
2020-05-12,12,AR1 alpha + Basic + One-Step,NYSE:ELAN,0.0
2020-05-13,12,AR1 alpha + Basic + One-Step,NYSE:ELAN,0.0
2020-05-14,12,AR1 alpha + Basic + One-Step,NYSE:ELAN,9.323677695270342e-10
2020-05-15,12,AR1 alpha + Basic + One-Step,NYSE:ELAN,0.0
2020-05-18,12,AR1 alpha + Basic + One-Step,NYSE:ELAN,0.0
2020-05-19,12,AR1 alpha + Basic + One-Step,NYSE:ELAN,0.0
2020-05-20,12,AR1 alpha + Basic + One-Step,NYSE:ELAN,0.0
2020-05-21,12,AR1 alpha + Basic + One-Step,NYSE:ELAN,0.0
2020-05-22,12,AR1 alpha + Basic + One-Step,NYSE:ELAN,3.921837308356703e-08
2020-05-26,12,AR1 alpha + Basic + One-Step,NYSE:ELAN,4.6054515955375104e-08
2020-05-27,12,AR1 alpha + Basic + One-Step,NYSE:ELAN,5.099729281442372e-07
2020-05-28,12,AR1 alpha + Basic + One-Step,NYSE:ELAN,0.0
2020-05-29,12,AR1 alpha + Basic + One-Step,NYSE:ELAN,0.0
2020-06-01,12,AR1 alpha + Basic + One-Step,NYSE:ELAN,0.0
2020-06-02,12,AR1 alpha + Basic + One-Step,NYSE:ELAN,3.0364152574469523e-07
2020-06-03,12,AR1 alpha + Basic + One-Step,NYSE:ELAN,0.0
2020-06-04,12,AR1 alpha + Basic + One-Step,NYSE:ELAN,0.0
2020-06-05,12,AR1 alpha + Basic + One-Step,NYSE:ELAN,0.0
2020-06-08,12,AR1 alpha + Basic + One-Step,NYSE:ELAN,0.0
2020-06-09,12,AR1 alpha + Basic + One-Step,NYSE:ELAN,0.0
2020-06-10,12,AR1 alpha + Basic + One-Step,NYSE:ELAN,0.0
2020-06-11,12,AR1 alpha + Basic + One-Step,NYSE:ELAN,0.0
2020-06-12,12,AR1 alpha + Basic + One-Step,NYSE:ELAN,2.830400968197933e-08
2020-06-15,12,AR1 alpha + Basic + One-Step,NYSE:ELAN,1.8939980994062177e-08
2020-06-16,12,AR1 alpha + Basic + One-Step,NYSE:ELAN,8.624667403821363e-08
2020-06-17,12,AR1 alpha + Basic + One-Step,NYSE:ELAN,0.0
2020-06-18,12,AR1 alpha + Basic + One-Step,NYSE:ELAN,0.0
2020-06-19,12,AR1 alpha + Basic + One-Step,NYSE:ELAN,0.0
2020-06-22,12,AR1 alpha + Basic + One-Step,NYSE:ELAN,0.0
2020-06-23,12,AR1 alpha + Basic + One-Step,NYSE:ELAN,0.0
2020-06-24,12,AR1 alpha + Basic + One-Step,NYSE:ELAN,2.698970875275082e-08
2020-06-25,12,AR1 alpha + Basic + One-Step,NYSE:ELAN,0.0
2020-06-26,12,AR1 alpha + Basic + One-Step,NYSE:ELAN,0.0
2020-06-29,12,AR1 alpha + Basic + One-Step,NYSE:ELAN,0.0
2020-06-30,12,AR1 alpha + Basic + One-Step,NYSE:ELAN,3.098638858624726e-09
2020-07-01,12,AR1 alpha + Basic + One-Step,NYSE:ELAN,0.0
2020-07-02,12,AR1 alpha + Basic + One-Step,NYSE:ELAN,1.3968015936174693e-09
2020-07-06,12,AR1 alpha + Basic + One-Step,NYSE:ELAN,0.0
2020-07-07,12,AR1 alpha + Basic + One-Step,NYSE:ELAN,0.0
2020-07-08,12,AR1 alpha + Basic + One-Step,NYSE:ELAN,0.0
2020-07-09,12,AR1 alpha + Basic + One-Step,NYSE:ELAN,2.6697043132763477e-07
2020-07-10,12,AR1 alpha + Basic + One-Step,NYSE:ELAN,0.0
2020-07-13,12,AR1 alpha + Basic + One-Step,NYSE:ELAN,2.182986210699553e-09
2020-07-14,12,AR1 alpha + Basic + One-Step,NYSE:ELAN,0.0
2020-07-15,12,AR1 alpha + Basic + One-Step,NYSE:ELAN,8.308115101945704e-08
2020-07-16,12,AR1 alpha + Basic + One-Step,NYSE:ELAN,0.0
2020-07-17,12,AR1 alpha + Basic + One-Step,NYSE:ELAN,0.0
2020-07-20,12,AR1 alpha + Basic + One-Step,NYSE:ELAN,1.2702983649515262e-07
2020-07-21,12,AR1 alpha + Basic + One-Step,NYSE:ELAN,0.0
2020-07-22,12,AR1 alpha + Basic + One-Step,NYSE:ELAN,0.0
2020-07-23,12,AR1 alpha + Basic + One-Step,NYSE:ELAN,0.0
2020-07-24,12,AR1 alpha + Basic + One-Step,NYSE:ELAN,2.6059937717940095e-07
2020-07-27,12,AR1 alpha + Basic + One-Step,NYSE:ELAN,2.3319993881010378e-07
2020-07-28,12,AR1 alpha + Basic + One-Step,NYSE:ELAN,0.0
2020-07-29,12,AR1 alpha + Basic + One-Step,NYSE:ELAN,0.0
2020-07-30,12,AR1 alpha + Basic + One-Step,NYSE:ELAN,0.0
2020-07-31,12,AR1 alpha + Basic + One-Step,NYSE:ELAN,0.0
2020-08-03,12,AR1 alpha + Basic + One-Step,NYSE:ELAN,0.0
2020-08-04,12,AR1 alpha + Basic + One-Step,NYSE:ELAN,0.0
2020-08-05,12,AR1 alpha + Basic + One-Step,NYSE:ELAN,0.0
2020-08-06,12,AR1 alpha + Basic + One-Step,NYSE:ELAN,0.0
2020-08-07,12,AR1 alpha + Basic + One-Step,NYSE:ELAN,0.0
2020-08-10,12,AR1 alpha + Basic + One-Step,NYSE:ELAN,0.0
2020-08-11,12,AR1 alpha + Basic + One-Step,NYSE:ELAN,0.0
2020-08-12,12,AR1 alpha + Basic + One-Step,NYSE:ELAN,0.0
2020-08-13,12,AR1 alpha + Basic + One-Step,NYSE:ELAN,0.0
2020-08-14,12,AR1 alpha + Basic + One-Step,NYSE:ELAN,0.0
2020-08-17,12,AR1 alpha + Basic + One-Step,NYSE:ELAN,0.0
2020-08-18,12,AR1 alpha + Basic + One-Step,NYSE:ELAN,0.0
2020-08-19,12,AR1 alpha + Basic + One-Step,NYSE:ELAN,0.0
2020-08-20,12,AR1 alpha + Basic + One-Step,NYSE:ELAN,1.3291049728834507e-07
2020-08-21,12,AR1 alpha + Basic + One-Step,NYSE:ELAN,0.0
2020-08-24,12,AR1 alpha + Basic + One-Step,NYSE:ELAN,0.0
2020-08-25,12,AR1 alpha + Basic + One-Step,NYSE:ELAN,0.0
2020-08-26,12,AR1 alpha + Basic + One-Step,NYSE:ELAN,0.0
2020-08-27,12,AR1 alpha + Basic + One-Step,NYSE:ELAN,0.0
2020-08-28,12,AR1 alpha + Basic + One-Step,NYSE:ELAN,0.0
2020-08-31,12,AR1 alpha + Basic + One-Step,NYSE:ELAN,0.0
2020-09-01,12,AR1 alpha + Basic + One-Step,NYSE:ELAN,0.0
2020-09-02,12,AR1 alpha + Basic + One-Step,NYSE:ELAN,0.0
2020-09-03,12,AR1 alpha + Basic + One-Step,NYSE:ELAN,0.0
2020-09-04,12,AR1 alpha + Basic + One-Step,NYSE:ELAN,0.0
2020-09-08,12,AR1 alpha + Basic + One-Step,NYSE:ELAN,0.0
2020-09-09,12,AR1 alpha + Basic + One-Step,NYSE:ELAN,0.0
2020-09-10,12,AR1 alpha + Basic + One-Step,NYSE:ELAN,1.8792424367069753e-09
2020-09-11,12,AR1 alpha + Basic + One-Step,NYSE:ELAN,0.0
2020-09-14,12,AR1 alpha + Basic + One-Step,NYSE:ELAN,0.0
2020-09-15,12,AR1 alpha + Basic + One-Step,NYSE:ELAN,0.0
2020-09-16,12,AR1 alpha + Basic + One-Step,NYSE:ELAN,0.0
2020-09-17,12,AR1 alpha + Basic + One-Step,NYSE:ELAN,0.0
2020-09-18,12,AR1 alpha + Basic + One-Step,NYSE:ELAN,0.0
2020-09-21,12,AR1 alpha + Basic + One-Step,NYSE:ELAN,0.0
2020-09-22,12,AR1 alpha + Basic + One-Step,NYSE:ELAN,0.0
2020-09-23,12,AR1 alpha + Basic + One-Step,NYSE:ELAN,1.8419984383932363e-09
2020-09-24,12,AR1 alpha + Basic + One-Step,NYSE:ELAN,2.1077611043942847e-07
2020-09-25,12,AR1 alpha + Basic + One-Step,NYSE:ELAN,0.0
2020-09-28,12,AR1 alpha + Basic + One-Step,NYSE:ELAN,0.0
2020-09-29,12,AR1 alpha + Basic + One-Step,NYSE:ELAN,4.9721776465748975e-08
2020-09-30,12,AR1 alpha + Basic + One-Step,NYSE:ELAN,1.547539414785312e-08
2020-10-01,12,AR1 alpha + Basic + One-Step,NYSE:ELAN,0.0
2020-10-02,12,AR1 alpha + Basic + One-Step,NYSE:ELAN,0.0
2020-10-05,12,AR1 alpha + Basic + One-Step,NYSE:ELAN,1.340533810868449e-08
2020-10-06,12,AR1 alpha + Basic + One-Step,NYSE:ELAN,0.0
2020-10-07,12,AR1 alpha + Basic + One-Step,NYSE:ELAN,6.294298968955582e-08
2020-10-08,12,AR1 alpha + Basic + One-Step,NYSE:ELAN,0.02454138930324125
2020-10-09,12,AR1 alpha + Basic + One-Step,NYSE:ELAN,0.05615668865759224
2020-10-12,12,AR1 alpha + Basic + One-Step,NYSE:ELAN,0.09999320626674424
2020-10-13,12,AR1 alpha + Basic + One-Step,NYSE:ELAN,0.06028762074695164
2020-10-14,12,AR1 alpha + Basic + One-Step,NYSE:ELAN,0.02731698784505534
2020-10-15,12,AR1 alpha + Basic + One-Step,NYSE:ELAN,0.019803458539725663
2020-10-16,12,AR1 alpha + Basic + One-Step,NYSE:ELAN,0.021880785673864023
2020-10-19,12,AR1 alpha + Basic + One-Step,NYSE:ELAN,0.0
2020-10-20,12,AR1 alpha + Basic + One-Step,NYSE:ELAN,0.0
2020-10-21,12,AR1 alpha + Basic + One-Step,NYSE:ELAN,0.0
2020-10-22,12,AR1 alpha + Basic + One-Step,NYSE:ELAN,0.0
2020-10-23,12,AR1 alpha + Basic + One-Step,NYSE:ELAN,0.0
2020-10-26,12,AR1 alpha + Basic + One-Step,NYSE:ELAN,0.0
2020-10-27,12,AR1 alpha + Basic + One-Step,NYSE:ELAN,7.410162925986615e-10
2020-10-28,12,AR1 alpha + Basic + One-Step,NYSE:ELAN,1.508943402254004e-08
2020-10-29,12,AR1 alpha + Basic + One-Step,NYSE:ELAN,3.2663928445755754e-09
2020-10-30,12,AR1 alpha + Basic + One-Step,NYSE:ELAN,0.0
2020-11-02,12,AR1 alpha + Basic + One-Step,NYSE:ELAN,0.0
2020-11-03,12,AR1 alpha + Basic + One-Step,NYSE:ELAN,0.00750733765916947
2020-11-04,12,AR1 alpha + Basic + One-Step,NYSE:ELAN,0.025526497316232626
2020-11-05,12,AR1 alpha + Basic + One-Step,NYSE:ELAN,0.03867413591378923
2020-11-06,12,AR1 alpha + Basic + One-Step,NYSE:ELAN,0.07106320355818495
2020-11-09,12,AR1 alpha + Basic + One-Step,NYSE:ELAN,0.013953115123328003
2020-11-10,12,AR1 alpha + Basic + One-Step,NYSE:ELAN,0.0009298197954576177
2020-11-11,12,AR1 alpha + Basic + One-Step,NYSE:ELAN,0.017254915573995257
2020-11-12,12,AR1 alpha + Basic + One-Step,NYSE:ELAN,0.01725240312806809
2020-11-13,12,AR1 alpha + Basic + One-Step,NYSE:ELAN,0.006304385454439194
2020-11-16,12,AR1 alpha + Basic + One-Step,NYSE:ELAN,0.0
2020-11-17,12,AR1 alpha + Basic + One-Step,NYSE:ELAN,0.0
2020-11-18,12,AR1 alpha + Basic + One-Step,NYSE:ELAN,0.0
2020-11-19,12,AR1 alpha + Basic + One-Step,NYSE:ELAN,2.7663478999170038e-08
2020-11-20,12,AR1 alpha + Basic + One-Step,NYSE:ELAN,0.0
2020-11-23,12,AR1 alpha + Basic + One-Step,NYSE:ELAN,0.0
2020-11-24,12,AR1 alpha + Basic + One-Step,NYSE:ELAN,0.0
2020-11-25,12,AR1 alpha + Basic + One-Step,NYSE:ELAN,0.0
2020-11-27,12,AR1 alpha + Basic + One-Step,NYSE:ELAN,0.0
2020-11-30,12,AR1 alpha + Basic + One-Step,NYSE:ELAN,0.0
2020-12-01,12,AR1 alpha + Basic + One-Step,NYSE:ELAN,0.0
2020-12-02,12,AR1 alpha + Basic + One-Step,NYSE:ELAN,0.0
2020-12-03,12,AR1 alpha + Basic + One-Step,NYSE:ELAN,0.0
2020-12-04,12,AR1 alpha + Basic + One-Step,NYSE:ELAN,2.023688046914854e-10
2020-12-07,12,AR1 alpha + Basic + One-Step,NYSE:ELAN,0.0
2020-12-08,12,AR1 alpha + Basic + One-Step,NYSE:ELAN,1.3930284621825245e-07
2020-12-09,12,AR1 alpha + Basic + One-Step,NYSE:ELAN,0.0
2020-12-10,12,AR1 alpha + Basic + One-Step,NYSE:ELAN,0.0
2020-12-11,12,AR1 alpha + Basic + One-Step,NYSE:ELAN,3.7092380180981677e-07
2020-12-14,12,AR1 alpha + Basic + One-Step,NYSE:ELAN,6.785138936982427e-07
2020-12-15,12,AR1 alpha + Basic + One-Step,NYSE:ELAN,0.0
2020-12-16,12,AR1 alpha + Basic + One-Step,NYSE:ELAN,8.245741574089355e-09
2020-12-17,12,AR1 alpha + Basic + One-Step,NYSE:ELAN,0.0
2020-12-18,12,AR1 alpha + Basic + One-Step,NYSE:ELAN,0.0
2020-12-21,12,AR1 alpha + Basic + One-Step,NYSE:ELAN,3.134920076610879e-07
2020-12-22,12,AR1 alpha + Basic + One-Step,NYSE:ELAN,0.0
2020-12-23,12,AR1 alpha + Basic + One-Step,NYSE:ELAN,0.0
2020-12-24,12,AR1 alpha + Basic + One-Step,NYSE:ELAN,0.0
2020-12-28,12,AR1 alpha + Basic + One-Step,NYSE:ELAN,0.0
2020-12-29,12,AR1 alpha + Basic + One-Step,NYSE:ELAN,0.0
2020-12-30,12,AR1 alpha + Basic + One-Step,NYSE:ELAN,0.0
2020-12-31,12,AR1 alpha + Basic + One-Step,NYSE:ELAN,0.0
2021-01-04,12,AR1 alpha + Basic + One-Step,NYSE:ELAN,0.0
2021-01-05,12,AR1 alpha + Basic + One-Step,NYSE:ELAN,0.0
2021-01-06,12,AR1 alpha + Basic + One-Step,NYSE:ELAN,0.0
2021-01-07,12,AR1 alpha + Basic + One-Step,NYSE:ELAN,0.0
2021-01-08,12,AR1 alpha + Basic + One-Step,NYSE:ELAN,0.0
2021-01-11,12,AR1 alpha + Basic + One-Step,NYSE:ELAN,0.0
2021-01-12,12,AR1 alpha + Basic + One-Step,NYSE:ELAN,0.0
2021-01-13,12,AR1 alpha + Basic + One-Step,NYSE:ELAN,0.0
2021-01-14,12,AR1 alpha + Basic + One-Step,NYSE:ELAN,0.0
2021-01-15,12,AR1 alpha + Basic + One-Step,NYSE:ELAN,0.0
2021-01-19,12,AR1 alpha + Basic + One-Step,NYSE:ELAN,0.0
2021-01-20,12,AR1 alpha + Basic + One-Step,NYSE:ELAN,0.0
2021-01-21,12,AR1 alpha + Basic + One-Step,NYSE:ELAN,0.0
2021-01-22,12,AR1 alpha + Basic + One-Step,NYSE:ELAN,0.0
2021-01-25,12,AR1 alpha + Basic + One-Step,NYSE:ELAN,0.0
2021-01-26,12,AR1 alpha + Basic + One-Step,NYSE:ELAN,0.0
2021-01-27,12,AR1 alpha + Basic + One-Step,NYSE:ELAN,0.0
2021-01-28,12,AR1 alpha + Basic + One-Step,NYSE:ELAN,0.0
2021-01-29,12,AR1 alpha + Basic + One-Step,NYSE:ELAN,0.0
2021-02-01,12,AR1 alpha + Basic + One-Step,NYSE:ELAN,1.2748705413460594e-08
2021-02-02,12,AR1 alpha + Basic + One-Step,NYSE:ELAN,0.0
2021-02-03,12,AR1 alpha + Basic + One-Step,NYSE:ELAN,0.0
2021-02-04,12,AR1 alpha + Basic + One-Step,NYSE:ELAN,0.0
2021-02-05,12,AR1 alpha + Basic + One-Step,NYSE:ELAN,0.0
2021-02-08,12,AR1 alpha + Basic + One-Step,NYSE:ELAN,0.0
2021-02-09,12,AR1 alpha + Basic + One-Step,NYSE:ELAN,0.0
2021-02-10,12,AR1 alpha + Basic + One-Step,NYSE:ELAN,0.0
2021-02-11,12,AR1 alpha + Basic + One-Step,NYSE:ELAN,0.0
2021-02-12,12,AR1 alpha + Basic + One-Step,NYSE:ELAN,0.0
2021-02-16,12,AR1 alpha + Basic + One-Step,NYSE:ELAN,0.0
2021-02-17,12,AR1 alpha + Basic + One-Step,NYSE:ELAN,0.0
2021-02-18,12,AR1 alpha + Basic + One-Step,NYSE:ELAN,0.0
2021-02-19,12,AR1 alpha + Basic + One-Step,NYSE:ELAN,0.0
2021-02-22,12,AR1 alpha + Basic + One-Step,NYSE:ELAN,1.5614073447152308e-07
2021-02-23,12,AR1 alpha + Basic + One-Step,NYSE:ELAN,1.6401284033004737e-07
2021-02-24,12,AR1 alpha + Basic + One-Step,NYSE:ELAN,0.0
2021-02-25,12,AR1 alpha + Basic + One-Step,NYSE:ELAN,0.0
2021-02-26,12,AR1 alpha + Basic + One-Step,NYSE:ELAN,4.198077261224798e-07
2021-03-01,12,AR1 alpha + Basic + One-Step,NYSE:ELAN,0.0
2021-03-02,12,AR1 alpha + Basic + One-Step,NYSE:ELAN,0.0
2021-03-03,12,AR1 alpha + Basic + One-Step,NYSE:ELAN,0.0
2021-03-04,12,AR1 alpha + Basic + One-Step,NYSE:ELAN,0.0
2021-03-05,12,AR1 alpha + Basic + One-Step,NYSE:ELAN,0.0
2021-03-08,12,AR1 alpha + Basic + One-Step,NYSE:ELAN,0.0
2021-03-09,12,AR1 alpha + Basic + One-Step,NYSE:ELAN,0.0
2021-03-10,12,AR1 alpha + Basic + One-Step,NYSE:ELAN,0.0
2021-03-11,12,AR1 alpha + Basic + One-Step,NYSE:ELAN,0.0
2021-03-12,12,AR1 alpha + Basic + One-Step,NYSE:ELAN,0.0
2021-03-15,12,AR1 alpha + Basic + One-Step,NYSE:ELAN,0.0
2021-03-16,12,AR1 alpha + Basic + One-Step,NYSE:ELAN,0.0
2021-03-17,12,AR1 alpha + Basic + One-Step,NYSE:ELAN,0.0
2021-03-18,12,AR1 alpha + Basic + One-Step,NYSE:ELAN,0.0
2021-03-19,12,AR1 alpha + Basic + One-Step,NYSE:ELAN,0.0
2021-03-22,12,AR1 alpha + Basic + One-Step,NYSE:ELAN,0.0
2021-03-23,12,AR1 alpha + Basic + One-Step,NYSE:ELAN,0.0
2021-03-24,12,AR1 alpha + Basic + One-Step,NYSE:ELAN,0.0
2021-03-25,12,AR1 alpha + Basic + One-Step,NYSE:ELAN,0.0
2021-03-26,12,AR1 alpha + Basic + One-Step,NYSE:ELAN,0.0
2021-03-29,12,AR1 alpha + Basic + One-Step,NYSE:ELAN,0.0
2021-03-30,12,AR1 alpha + Basic + One-Step,NYSE:ELAN,5.908812929405002e-07
2021-03-31,12,AR1 alpha + Basic + One-Step,NYSE:ELAN,4.406520545059731e-09
2021-04-01,12,AR1 alpha + Basic + One-Step,NYSE:ELAN,0.0
2021-04-05,12,AR1 alpha + Basic + One-Step,NYSE:ELAN,1.5447037097837588e-06
2021-04-06,12,AR1 alpha + Basic + One-Step,NYSE:ELAN,1.416703262731399e-07
2021-04-07,12,AR1 alpha + Basic + One-Step,NYSE:ELAN,0.0
2021-04-08,12,AR1 alpha + Basic + One-Step,NYSE:ELAN,4.5240262386043517e-07
2021-04-09,12,AR1 alpha + Basic + One-Step,NYSE:ELAN,0.0
2021-04-12,12,AR1 alpha + Basic + One-Step,NYSE:ELAN,5.180267037021516e-09
2021-04-13,12,AR1 alpha + Basic + One-Step,NYSE:ELAN,0.0
2021-04-14,12,AR1 alpha + Basic + One-Step,NYSE:ELAN,9.114616240480855e-08
2021-04-15,12,AR1 alpha + Basic + One-Step,NYSE:ELAN,0.0
2021-04-16,12,AR1 alpha + Basic + One-Step,NYSE:ELAN,0.0
2021-04-19,12,AR1 alpha + Basic + One-Step,NYSE:ELAN,2.4663822658144108e-08
2021-04-20,12,AR1 alpha + Basic + One-Step,NYSE:ELAN,0.0
2021-04-21,12,AR1 alpha + Basic + One-Step,NYSE:ELAN,0.0
2021-04-22,12,AR1 alpha + Basic + One-Step,NYSE:ELAN,6.967227775991715e-08
2021-04-23,12,AR1 alpha + Basic + One-Step,NYSE:ELAN,0.0
2021-04-26,12,AR1 alpha + Basic + One-Step,NYSE:ELAN,0.0
2021-04-27,12,AR1 alpha + Basic + One-Step,NYSE:ELAN,1.9379349103478913e-07
2021-04-28,12,AR1 alpha + Basic + One-Step,NYSE:ELAN,0.0
2021-04-29,12,AR1 alpha + Basic + One-Step,NYSE:ELAN,0.0
2021-04-30,12,AR1 alpha + Basic + One-Step,NYSE:ELAN,0.0
2021-05-03,12,AR1 alpha + Basic + One-Step,NYSE:ELAN,0.0
2021-05-04,12,AR1 alpha + Basic + One-Step,NYSE:ELAN,2.337842469377438e-08
2021-05-05,12,AR1 alpha + Basic + One-Step,NYSE:ELAN,0.0
2021-05-06,12,AR1 alpha + Basic + One-Step,NYSE:ELAN,0.0
2021-05-07,12,AR1 alpha + Basic + One-Step,NYSE:ELAN,0.0
2021-05-10,12,AR1 alpha + Basic + One-Step,NYSE:ELAN,0.0
2021-05-11,12,AR1 alpha + Basic + One-Step,NYSE:ELAN,0.0
2021-05-12,12,AR1 alpha + Basic + One-Step,NYSE:ELAN,0.0
2021-05-13,12,AR1 alpha + Basic + One-Step,NYSE:ELAN,0.0
2021-05-14,12,AR1 alpha + Basic + One-Step,NYSE:ELAN,0.0
2021-05-17,12,AR1 alpha + Basic + One-Step,NYSE:ELAN,0.0
2021-05-18,12,AR1 alpha + Basic + One-Step,NYSE:ELAN,0.0
2021-05-19,12,AR1 alpha + Basic + One-Step,NYSE:ELAN,0.0
2021-05-20,12,AR1 alpha + Basic + One-Step,NYSE:ELAN,2.620758372746722e-08
2021-05-21,12,AR1 alpha + Basic + One-Step,NYSE:ELAN,0.0
2021-05-24,12,AR1 alpha + Basic + One-Step,NYSE:ELAN,0.0
2021-05-25,12,AR1 alpha + Basic + One-Step,NYSE:ELAN,0.0
2021-05-26,12,AR1 alpha + Basic + One-Step,NYSE:ELAN,0.0
2021-05-27,12,AR1 alpha + Basic + One-Step,NYSE:ELAN,1.7212433727652591e-07
2021-05-28,12,AR1 alpha + Basic + One-Step,NYSE:ELAN,0.0
2021-06-01,12,AR1 alpha + Basic + One-Step,NYSE:ELAN,0.0
2021-06-02,12,AR1 alpha + Basic + One-Step,NYSE:ELAN,0.0
2021-06-03,12,AR1 alpha + Basic + One-Step,NYSE:ELAN,0.0
2021-06-04,12,AR1 alpha + Basic + One-Step,NYSE:ELAN,0.0
2021-06-07,12,AR1 alpha + Basic + One-Step,NYSE:ELAN,0.004686059514213005
2021-06-08,12,AR1 alpha + Basic + One-Step,NYSE:ELAN,0.0
2021-06-09,12,AR1 alpha + Basic + One-Step,NYSE:ELAN,2.3550257084850177e-07
2021-06-10,12,AR1 alpha + Basic + One-Step,NYSE:ELAN,1.9141060674495247e-07
2021-06-11,12,AR1 alpha + Basic + One-Step,NYSE:ELAN,0.0
2021-06-14,12,AR1 alpha + Basic + One-Step,NYSE:ELAN,0.0
2021-06-15,12,AR1 alpha + Basic + One-Step,NYSE:ELAN,0.0
2021-06-16,12,AR1 alpha + Basic + One-Step,NYSE:ELAN,0.0
2021-06-17,12,AR1 alpha + Basic + One-Step,NYSE:ELAN,0.0
2021-06-18,12,AR1 alpha + Basic + One-Step,NYSE:ELAN,0.0
2021-06-21,12,AR1 alpha + Basic + One-Step,NYSE:ELAN,0.0
2021-06-22,12,AR1 alpha + Basic + One-Step,NYSE:ELAN,6.035853543230425e-07
2021-06-23,12,AR1 alpha + Basic + One-Step,NYSE:ELAN,5.4613819320269e-07
2021-06-24,12,AR1 alpha + Basic + One-Step,NYSE:ELAN,8.381735600647967e-07
2021-06-25,12,AR1 alpha + Basic + One-Step,NYSE:ELAN,0.0
2021-06-28,12,AR1 alpha + Basic + One-Step,NYSE:ELAN,0.0
2021-06-29,12,AR1 alpha + Basic + One-Step,NYSE:ELAN,0.0
2021-06-30,12,AR1 alpha + Basic + One-Step,NYSE:ELAN,0.0
2021-07-01,12,AR1 alpha + Basic + One-Step,NYSE:ELAN,0.0
2021-07-02,12,AR1 alpha + Basic + One-Step,NYSE:ELAN,0.0
2021-07-06,12,AR1 alpha + Basic + One-Step,NYSE:ELAN,0.0
2021-07-07,12,AR1 alpha + Basic + One-Step,NYSE:ELAN,0.0
2021-07-08,12,AR1 alpha + Basic + One-Step,NYSE:ELAN,0.0
2021-07-09,12,AR1 alpha + Basic + One-Step,NYSE:ELAN,0.0
2021-07-12,12,AR1 alpha + Basic + One-Step,NYSE:ELAN,0.0
2021-07-13,12,AR1 alpha + Basic + One-Step,NYSE:ELAN,9.539851507710572e-08
2021-07-14,12,AR1 alpha + Basic + One-Step,NYSE:ELAN,0.0
2021-07-15,12,AR1 alpha + Basic + One-Step,NYSE:ELAN,0.0
2021-07-16,12,AR1 alpha + Basic + One-Step,NYSE:ELAN,9.024405864048492e-07
2021-07-19,12,AR1 alpha + Basic + One-Step,NYSE:ELAN,0.0
2021-07-20,12,AR1 alpha + Basic + One-Step,NYSE:ELAN,0.0
2021-07-21,12,AR1 alpha + Basic + One-Step,NYSE:ELAN,0.0
2021-07-22,12,AR1 alpha + Basic + One-Step,NYSE:ELAN,0.0
2021-07-23,12,AR1 alpha + Basic + One-Step,NYSE:ELAN,0.0
2021-07-26,12,AR1 alpha + Basic + One-Step,NYSE:ELAN,3.65005503109271e-08
2021-07-27,12,AR1 alpha + Basic + One-Step,NYSE:ELAN,1.9849074812081827e-06
2021-07-28,12,AR1 alpha + Basic + One-Step,NYSE:ELAN,0.0
2021-07-29,12,AR1 alpha + Basic + One-Step,NYSE:ELAN,0.0
2021-07-30,12,AR1 alpha + Basic + One-Step,NYSE:ELAN,0.0
2021-08-02,12,AR1 alpha + Basic + One-Step,NYSE:ELAN,0.0
2021-08-03,12,AR1 alpha + Basic + One-Step,NYSE:ELAN,0.0
2021-08-04,12,AR1 alpha + Basic + One-Step,NYSE:ELAN,6.360225313290482e-08
2021-08-05,12,AR1 alpha + Basic + One-Step,NYSE:ELAN,0.0
2021-08-06,12,AR1 alpha + Basic + One-Step,NYSE:ELAN,0.020942171866297703
2021-08-09,12,AR1 alpha + Basic + One-Step,NYSE:ELAN,0.10000124937669605
2021-08-10,12,AR1 alpha + Basic + One-Step,NYSE:ELAN,0.09999991700355845
2021-08-11,12,AR1 alpha + Basic + One-Step,NYSE:ELAN,0.099999898339418
2021-08-12,12,AR1 alpha + Basic + One-Step,NYSE:ELAN,0.01249242595117223
2021-08-13,12,AR1 alpha + Basic + One-Step,NYSE:ELAN,0.0
2021-08-16,12,AR1 alpha + Basic + One-Step,NYSE:ELAN,0.0
2021-08-17,12,AR1 alpha + Basic + One-Step,NYSE:ELAN,1.2009623750773342e-07
2021-08-18,12,AR1 alpha + Basic + One-Step,NYSE:ELAN,0.0
2021-08-19,12,AR1 alpha + Basic + One-Step,NYSE:ELAN,0.0
2021-08-20,12,AR1 alpha + Basic + One-Step,NYSE:ELAN,2.6399379615382832e-08
2021-08-23,12,AR1 alpha + Basic + One-Step,NYSE:ELAN,0.0
2021-08-24,12,AR1 alpha + Basic + One-Step,NYSE:ELAN,0.0
2021-08-25,12,AR1 alpha + Basic + One-Step,NYSE:ELAN,0.0
2021-08-26,12,AR1 alpha + Basic + One-Step,NYSE:ELAN,1.0174761436519725e-08
2021-08-27,12,AR1 alpha + Basic + One-Step,NYSE:ELAN,1.6804597405319463e-07
2021-08-30,12,AR1 alpha + Basic + One-Step,NYSE:ELAN,8.266572600795624e-08
2021-08-31,12,AR1 alpha + Basic + One-Step,NYSE:ELAN,1.779572155228357e-08
2021-09-01,12,AR1 alpha + Basic + One-Step,NYSE:ELAN,0.0
2021-09-02,12,AR1 alpha + Basic + One-Step,NYSE:ELAN,0.0
2021-09-03,12,AR1 alpha + Basic + One-Step,NYSE:ELAN,0.0
2021-09-07,12,AR1 alpha + Basic + One-Step,NYSE:ELAN,0.0
2021-09-08,12,AR1 alpha + Basic + One-Step,NYSE:ELAN,0.0
2021-09-09,12,AR1 alpha + Basic + One-Step,NYSE:ELAN,1.1665029849233515e-07
2021-09-10,12,AR1 alpha + Basic + One-Step,NYSE:ELAN,0.0
2021-09-13,12,AR1 alpha + Basic + One-Step,NYSE:ELAN,0.0
2021-09-14,12,AR1 alpha + Basic + One-Step,NYSE:ELAN,4.195696468200622e-07
2021-09-15,12,AR1 alpha + Basic + One-Step,NYSE:ELAN,0.0
2021-09-16,12,AR1 alpha + Basic + One-Step,NYSE:ELAN,0.0
2021-09-17,12,AR1 alpha + Basic + One-Step,NYSE:ELAN,0.0
2021-09-20,12,AR1 alpha + Basic + One-Step,NYSE:ELAN,0.0
2021-09-21,12,AR1 alpha + Basic + One-Step,NYSE:ELAN,1.1531555767587519e-07
2021-09-22,12,AR1 alpha + Basic + One-Step,NYSE:ELAN,0.0
2021-09-23,12,AR1 alpha + Basic + One-Step,NYSE:ELAN,0.0
2021-09-24,12,AR1 alpha + Basic + One-Step,NYSE:ELAN,0.0
2021-09-27,12,AR1 alpha + Basic + One-Step,NYSE:ELAN,0.0
2021-09-28,12,AR1 alpha + Basic + One-Step,NYSE:ELAN,0.0
2021-09-29,12,AR1 alpha + Basic + One-Step,NYSE:ELAN,0.0
2021-09-30,12,AR1 alpha + Basic + One-Step,NYSE:ELAN,0.0
2021-10-01,12,AR1 alpha + Basic + One-Step,NYSE:ELAN,0.0
2021-10-04,12,AR1 alpha + Basic + One-Step,NYSE:ELAN,0.0
2021-10-05,12,AR1 alpha + Basic + One-Step,NYSE:ELAN,0.0
2021-10-06,12,AR1 alpha + Basic + One-Step,NYSE:ELAN,0.0
2021-10-07,12,AR1 alpha + Basic + One-Step,NYSE:ELAN,0.0
2021-10-08,12,AR1 alpha + Basic + One-Step,NYSE:ELAN,0.0
2021-10-11,12,AR1 alpha + Basic + One-Step,NYSE:ELAN,0.0
2021-10-12,12,AR1 alpha + Basic + One-Step,NYSE:ELAN,0.0
2021-10-13,12,AR1 alpha + Basic + One-Step,NYSE:ELAN,0.0
2021-10-14,12,AR1 alpha + Basic + One-Step,NYSE:ELAN,0.0
2021-10-15,12,AR1 alpha + Basic + One-Step,NYSE:ELAN,0.0
2021-10-18,12,AR1 alpha + Basic + One-Step,NYSE:ELAN,0.0
2021-10-19,12,AR1 alpha + Basic + One-Step,NYSE:ELAN,5.571454549444921e-09
2021-10-20,12,AR1 alpha + Basic + One-Step,NYSE:ELAN,0.0
2021-10-21,12,AR1 alpha + Basic + One-Step,NYSE:ELAN,0.0
2021-10-22,12,AR1 alpha + Basic + One-Step,NYSE:ELAN,0.0
2021-10-25,12,AR1 alpha + Basic + One-Step,NYSE:ELAN,0.0
2021-10-26,12,AR1 alpha + Basic + One-Step,NYSE:ELAN,0.0
2021-10-27,12,AR1 alpha + Basic + One-Step,NYSE:ELAN,0.0
2021-10-28,12,AR1 alpha + Basic + One-Step,NYSE:ELAN,0.0
2021-10-29,12,AR1 alpha + Basic + One-Step,NYSE:ELAN,0.0
2021-11-01,12,AR1 alpha + Basic + One-Step,NYSE:ELAN,3.2181716509521883e-07
2021-11-02,12,AR1 alpha + Basic + One-Step,NYSE:ELAN,0.0
2021-11-03,12,AR1 alpha + Basic + One-Step,NYSE:ELAN,0.0
2021-11-04,12,AR1 alpha + Basic + One-Step,NYSE:ELAN,0.0
2021-11-05,12,AR1 alpha + Basic + One-Step,NYSE:ELAN,0.0
2021-11-08,12,AR1 alpha + Basic + One-Step,NYSE:ELAN,0.0
2021-11-09,12,AR1 alpha + Basic + One-Step,NYSE:ELAN,0.0
2021-11-10,12,AR1 alpha + Basic + One-Step,NYSE:ELAN,0.0
2021-11-11,12,AR1 alpha + Basic + One-Step,NYSE:ELAN,0.0
2021-11-12,12,AR1 alpha + Basic + One-Step,NYSE:ELAN,0.0
2021-11-15,12,AR1 alpha + Basic + One-Step,NYSE:ELAN,0.0
2021-11-16,12,AR1 alpha + Basic + One-Step,NYSE:ELAN,0.0
2021-11-17,12,AR1 alpha + Basic + One-Step,NYSE:ELAN,0.0
2021-11-18,12,AR1 alpha + Basic + One-Step,NYSE:ELAN,0.0
2021-11-19,12,AR1 alpha + Basic + One-Step,NYSE:ELAN,0.0
2021-11-22,12,AR1 alpha + Basic + One-Step,NYSE:ELAN,0.0
2021-11-23,12,AR1 alpha + Basic + One-Step,NYSE:ELAN,0.0
2021-11-24,12,AR1 alpha + Basic + One-Step,NYSE:ELAN,0.0
2021-11-26,12,AR1 alpha + Basic + One-Step,NYSE:ELAN,0.0
2021-11-29,12,AR1 alpha + Basic + One-Step,NYSE:ELAN,0.0
2021-11-30,12,AR1 alpha + Basic + One-Step,NYSE:ELAN,0.0
2021-12-01,12,AR1 alpha + Basic + One-Step,NYSE:ELAN,0.0
2021-12-02,12,AR1 alpha + Basic + One-Step,NYSE:ELAN,0.0
2021-12-03,12,AR1 alpha + Basic + One-Step,NYSE:ELAN,0.0
2021-12-06,12,AR1 alpha + Basic + One-Step,NYSE:ELAN,0.0
2021-12-07,12,AR1 alpha + Basic + One-Step,NYSE:ELAN,0.0
2021-12-08,12,AR1 alpha + Basic + One-Step,NYSE:ELAN,0.0
2021-12-09,12,AR1 alpha + Basic + One-Step,NYSE:ELAN,0.0
2021-12-10,12,AR1 alpha + Basic + One-Step,NYSE:ELAN,4.3887303614821745e-08
2021-12-13,12,AR1 alpha + Basic + One-Step,NYSE:ELAN,0.0
2021-12-14,12,AR1 alpha + Basic + One-Step,NYSE:ELAN,6.763788810350348e-09
2021-12-15,12,AR1 alpha + Basic + One-Step,NYSE:ELAN,0.0
2021-12-16,12,AR1 alpha + Basic + One-Step,NYSE:ELAN,0.0
2021-12-17,12,AR1 alpha + Basic + One-Step,NYSE:ELAN,0.0
2021-12-20,12,AR1 alpha + Basic + One-Step,NYSE:ELAN,0.0
2021-12-21,12,AR1 alpha + Basic + One-Step,NYSE:ELAN,0.0
2021-12-22,12,AR1 alpha + Basic + One-Step,NYSE:ELAN,2.149136698251973e-07
2021-12-23,12,AR1 alpha + Basic + One-Step,NYSE:ELAN,0.0
2021-12-27,12,AR1 alpha + Basic + One-Step,NYSE:ELAN,0.0
2021-12-28,12,AR1 alpha + Basic + One-Step,NYSE:ELAN,0.0
2021-12-29,12,AR1 alpha + Basic + One-Step,NYSE:ELAN,0.0
2021-12-30,12,AR1 alpha + Basic + One-Step,NYSE:ELAN,7.986926889563074e-07
2021-12-31,12,AR1 alpha + Basic + One-Step,NYSE:ELAN,3.0776966650698883e-07
2022-01-03,12,AR1 alpha + Basic + One-Step,NYSE:ELAN,1.3384217147717638e-07
2022-01-04,12,AR1 alpha + Basic + One-Step,NYSE:ELAN,0.0
2022-01-05,12,AR1 alpha + Basic + One-Step,NYSE:ELAN,0.0
2022-01-06,12,AR1 alpha + Basic + One-Step,NYSE:ELAN,0.0
2022-01-07,12,AR1 alpha + Basic + One-Step,NYSE:ELAN,5.9839373709532e-08
2022-01-10,12,AR1 alpha + Basic + One-Step,NYSE:ELAN,0.0
2022-01-11,12,AR1 alpha + Basic + One-Step,NYSE:ELAN,0.0
2022-01-12,12,AR1 alpha + Basic + One-Step,NYSE:ELAN,0.0
2022-01-13,12,AR1 alpha + Basic + One-Step,NYSE:ELAN,1.6218473730731333e-06
2022-01-14,12,AR1 alpha + Basic + One-Step,NYSE:ELAN,0.0
2022-01-18,12,AR1 alpha + Basic + One-Step,NYSE:ELAN,0.0
2022-01-19,12,AR1 alpha + Basic + One-Step,NYSE:ELAN,0.0
2022-01-20,12,AR1 alpha + Basic + One-Step,NYSE:ELAN,0.0
2022-01-21,12,AR1 alpha + Basic + One-Step,NYSE:ELAN,3.464629638930886e-07
2022-01-24,12,AR1 alpha + Basic + One-Step,NYSE:ELAN,0.0
2022-01-25,12,AR1 alpha + Basic + One-Step,NYSE:ELAN,0.0
2022-01-26,12,AR1 alpha + Basic + One-Step,NYSE:ELAN,4.9285669356620775e-08
2022-01-27,12,AR1 alpha + Basic + One-Step,NYSE:ELAN,0.0
2022-01-28,12,AR1 alpha + Basic + One-Step,NYSE:ELAN,0.0
2022-01-31,12,AR1 alpha + Basic + One-Step,NYSE:ELAN,0.0
2022-02-01,12,AR1 alpha + Basic + One-Step,NYSE:ELAN,0.0
2022-02-02,12,AR1 alpha + Basic + One-Step,NYSE:ELAN,0.0
2022-02-03,12,AR1 alpha + Basic + One-Step,NYSE:ELAN,0.0
2022-02-04,12,AR1 alpha + Basic + One-Step,NYSE:ELAN,6.239064180963644e-08
2022-02-07,12,AR1 alpha + Basic + One-Step,NYSE:ELAN,6.209201217651641e-08
2022-02-08,12,AR1 alpha + Basic + One-Step,NYSE:ELAN,0.0
2022-02-09,12,AR1 alpha + Basic + One-Step,NYSE:ELAN,0.0
2022-02-10,12,AR1 alpha + Basic + One-Step,NYSE:ELAN,0.0
2022-02-11,12,AR1 alpha + Basic + One-Step,NYSE:ELAN,7.586287306694173e-08
2022-02-14,12,AR1 alpha + Basic + One-Step,NYSE:ELAN,3.421680379688988e-08
2022-02-15,12,AR1 alpha + Basic + One-Step,NYSE:ELAN,0.0
2022-02-16,12,AR1 alpha + Basic + One-Step,NYSE:ELAN,0.0
2022-02-17,12,AR1 alpha + Basic + One-Step,NYSE:ELAN,0.0
2022-02-18,12,AR1 alpha + Basic + One-Step,NYSE:ELAN,2.5221525884237164e-07
2022-02-22,12,AR1 alpha + Basic + One-Step,NYSE:ELAN,1.7121473896095892e-07
2022-02-23,12,AR1 alpha + Basic + One-Step,NYSE:ELAN,0.0
2022-02-24,12,AR1 alpha + Basic + One-Step,NYSE:ELAN,0.0
2022-02-25,12,AR1 alpha + Basic + One-Step,NYSE:ELAN,0.0
2022-02-28,12,AR1 alpha + Basic + One-Step,NYSE:ELAN,0.0
2022-03-01,12,AR1 alpha + Basic + One-Step,NYSE:ELAN,3.6991879120493e-08
2022-03-02,12,AR1 alpha + Basic + One-Step,NYSE:ELAN,0.0
2022-03-03,12,AR1 alpha + Basic + One-Step,NYSE:ELAN,0.0
2022-03-04,12,AR1 alpha + Basic + One-Step,NYSE:ELAN,0.0
2022-03-07,12,AR1 alpha + Basic + One-Step,NYSE:ELAN,1.6426698291885819e-09
2022-03-08,12,AR1 alpha + Basic + One-Step,NYSE:ELAN,1.1343128467115755e-06
2022-03-09,12,AR1 alpha + Basic + One-Step,NYSE:ELAN,2.0676840965071693e-08
2022-03-10,12,AR1 alpha + Basic + One-Step,NYSE:ELAN,0.0
2022-03-11,12,AR1 alpha + Basic + One-Step,NYSE:ELAN,1.440351016574706e-07
2022-03-14,12,AR1 alpha + Basic + One-Step,NYSE:ELAN,0.0
2022-03-15,12,AR1 alpha + Basic + One-Step,NYSE:ELAN,0.0
2022-03-16,12,AR1 alpha + Basic + One-Step,NYSE:ELAN,0.0
2022-03-17,12,AR1 alpha + Basic + One-Step,NYSE:ELAN,0.0
2022-03-18,12,AR1 alpha + Basic + One-Step,NYSE:ELAN,0.0
2022-03-21,12,AR1 alpha + Basic + One-Step,NYSE:ELAN,0.0
2022-03-22,12,AR1 alpha + Basic + One-Step,NYSE:ELAN,0.0
2022-03-23,12,AR1 alpha + Basic + One-Step,NYSE:ELAN,0.0
2022-03-24,12,AR1 alpha + Basic + One-Step,NYSE:ELAN,5.6100552177580686e-08
2022-03-25,12,AR1 alpha + Basic + One-Step,NYSE:ELAN,0.0
2022-03-28,12,AR1 alpha + Basic + One-Step,NYSE:ELAN,0.0
2022-03-29,12,AR1 alpha + Basic + One-Step,NYSE:ELAN,0.0
2022-03-30,12,AR1 alpha + Basic + One-Step,NYSE:ELAN,0.0
2022-03-31,12,AR1 alpha + Basic + One-Step,NYSE:ELAN,0.0
2022-04-01,12,AR1 alpha + Basic + One-Step,NYSE:ELAN,0.0
2022-04-04,12,AR1 alpha + Basic + One-Step,NYSE:ELAN,0.0
2022-04-05,12,AR1 alpha + Basic + One-Step,NYSE:ELAN,0.0
2022-04-06,12,AR1 alpha + Basic + One-Step,NYSE:ELAN,0.0
2022-04-07,12,AR1 alpha + Basic + One-Step,NYSE:ELAN,0.0
2022-04-08,12,AR1 alpha + Basic + One-Step,NYSE:ELAN,0.0
2022-04-11,12,AR1 alpha + Basic + One-Step,NYSE:ELAN,0.0
2022-04-12,12,AR1 alpha + Basic + One-Step,NYSE:ELAN,0.0
2022-04-13,12,AR1 alpha + Basic + One-Step,NYSE:ELAN,3.29441305311834e-07
2022-04-14,12,AR1 alpha + Basic + One-Step,NYSE:ELAN,8.869729208637012e-09
2022-04-18,12,AR1 alpha + Basic + One-Step,NYSE:ELAN,0.0
2022-04-19,12,AR1 alpha + Basic + One-Step,NYSE:ELAN,0.0
2022-04-20,12,AR1 alpha + Basic + One-Step,NYSE:ELAN,8.772621875128459e-08
2022-04-21,12,AR1 alpha + Basic + One-Step,NYSE:ELAN,0.0
2022-04-22,12,AR1 alpha + Basic + One-Step,NYSE:ELAN,0.0
2022-04-25,12,AR1 alpha + Basic + One-Step,NYSE:ELAN,0.0
2022-04-26,12,AR1 alpha + Basic + One-Step,NYSE:ELAN,0.0
2022-04-27,12,AR1 alpha + Basic + One-Step,NYSE:ELAN,0.0
2022-04-28,12,AR1 alpha + Basic + One-Step,NYSE:ELAN,0.0
2022-04-29,12,AR1 alpha + Basic + One-Step,NYSE:ELAN,0.0
2022-05-02,12,AR1 alpha + Basic + One-Step,NYSE:ELAN,0.0
2022-05-03,12,AR1 alpha + Basic + One-Step,NYSE:ELAN,0.0
2022-05-04,12,AR1 alpha + Basic + One-Step,NYSE:ELAN,4.4156357812962865e-07
2022-05-05,12,AR1 alpha + Basic + One-Step,NYSE:ELAN,0.0
2022-05-06,12,AR1 alpha + Basic + One-Step,NYSE:ELAN,0.0
2022-05-09,12,AR1 alpha + Basic + One-Step,NYSE:ELAN,0.0
2022-05-10,12,AR1 alpha + Basic + One-Step,NYSE:ELAN,1.6221759476650302e-07
2022-05-11,12,AR1 alpha + Basic + One-Step,NYSE:ELAN,0.0
2022-05-12,12,AR1 alpha + Basic + One-Step,NYSE:ELAN,8.644256297020972e-08
2022-05-13,12,AR1 alpha + Basic + One-Step,NYSE:ELAN,0.0
2022-05-16,12,AR1 alpha + Basic + One-Step,NYSE:ELAN,5.12579178417554e-07
2022-05-17,12,AR1 alpha + Basic + One-Step,NYSE:ELAN,8.280008269347472e-08
2022-05-18,12,AR1 alpha + Basic + One-Step,NYSE:ELAN,1.2598007946220772e-08
2022-05-19,12,AR1 alpha + Basic + One-Step,NYSE:ELAN,0.0
2022-05-20,12,AR1 alpha + Basic + One-Step,NYSE:ELAN,0.0
2022-05-23,12,AR1 alpha + Basic + One-Step,NYSE:ELAN,2.1106002110293585e-07
2022-05-24,12,AR1 alpha + Basic + One-Step,NYSE:ELAN,0.0
2022-05-25,12,AR1 alpha + Basic + One-Step,NYSE:ELAN,1.320617190495706e-07
2022-05-26,12,AR1 alpha + Basic + One-Step,NYSE:ELAN,0.0
2022-05-27,12,AR1 alpha + Basic + One-Step,NYSE:ELAN,1.942331306157392e-09
2022-05-31,12,AR1 alpha + Basic + One-Step,NYSE:ELAN,0.0
2022-06-01,12,AR1 alpha + Basic + One-Step,NYSE:ELAN,0.0
2022-06-02,12,AR1 alpha + Basic + One-Step,NYSE:ELAN,0.0
2022-06-03,12,AR1 alpha + Basic + One-Step,NYSE:ELAN,0.0
2022-06-06,12,AR1 alpha + Basic + One-Step,NYSE:ELAN,1.7606812463524375e-07
2022-06-07,12,AR1 alpha + Basic + One-Step,NYSE:ELAN,0.0
2022-06-08,12,AR1 alpha + Basic + One-Step,NYSE:ELAN,3.739354807737851e-07
2022-06-09,12,AR1 alpha + Basic + One-Step,NYSE:ELAN,0.0
2022-06-10,12,AR1 alpha + Basic + One-Step,NYSE:ELAN,5.174093980034478e-08
2022-06-13,12,AR1 alpha + Basic + One-Step,NYSE:ELAN,3.1106335536973727e-07
2022-06-14,12,AR1 alpha + Basic + One-Step,NYSE:ELAN,1.9336893395305737e-07
2022-06-15,12,AR1 alpha + Basic + One-Step,NYSE:ELAN,0.0
2022-06-16,12,AR1 alpha + Basic + One-Step,NYSE:ELAN,0.0
2022-06-17,12,AR1 alpha + Basic + One-Step,NYSE:ELAN,0.0
2022-06-21,12,AR1 alpha + Basic + One-Step,NYSE:ELAN,6.737276578781674e-07
2022-06-22,12,AR1 alpha + Basic + One-Step,NYSE:ELAN,3.606924533957387e-07
2022-06-23,12,AR1 alpha + Basic + One-Step,NYSE:ELAN,0.0
2022-06-24,12,AR1 alpha + Basic + One-Step,NYSE:ELAN,0.0
2022-06-27,12,AR1 alpha + Basic + One-Step,NYSE:ELAN,0.0
2022-06-28,12,AR1 alpha + Basic + One-Step,NYSE:ELAN,0.0
2022-06-29,12,AR1 alpha + Basic + One-Step,NYSE:ELAN,0.0
2022-06-30,12,AR1 alpha + Basic + One-Step,NYSE:ELAN,0.0
2022-07-01,12,AR1 alpha + Basic + One-Step,NYSE:ELAN,0.0
2022-07-05,12,AR1 alpha + Basic + One-Step,NYSE:ELAN,0.0
2022-07-06,12,AR1 alpha + Basic + One-Step,NYSE:ELAN,0.0
2022-07-07,12,AR1 alpha + Basic + One-Step,NYSE:ELAN,0.0
2022-07-08,12,AR1 alpha + Basic + One-Step,NYSE:ELAN,0.0
2022-07-11,12,AR1 alpha + Basic + One-Step,NYSE:ELAN,0.0
2022-07-12,12,AR1 alpha + Basic + One-Step,NYSE:ELAN,7.442876212783893e-08
2022-07-13,12,AR1 alpha + Basic + One-Step,NYSE:ELAN,1.7543991696399563e-07
2022-07-14,12,AR1 alpha + Basic + One-Step,NYSE:ELAN,0.0
2022-07-15,12,AR1 alpha + Basic + One-Step,NYSE:ELAN,0.0
2022-07-18,12,AR1 alpha + Basic + One-Step,NYSE:ELAN,1.3574562664393526e-09
2022-07-19,12,AR1 alpha + Basic + One-Step,NYSE:ELAN,0.0
2022-07-20,12,AR1 alpha + Basic + One-Step,NYSE:ELAN,0.0
2022-07-21,12,AR1 alpha + Basic + One-Step,NYSE:ELAN,2.6133473431961116e-08
2022-07-22,12,AR1 alpha + Basic + One-Step,NYSE:ELAN,0.0
2022-07-25,12,AR1 alpha + Basic + One-Step,NYSE:ELAN,0.0
2022-07-26,12,AR1 alpha + Basic + One-Step,NYSE:ELAN,0.0
2022-07-27,12,AR1 alpha + Basic + One-Step,NYSE:ELAN,0.0
2022-07-28,12,AR1 alpha + Basic + One-Step,NYSE:ELAN,0.0
2022-07-29,12,AR1 alpha + Basic + One-Step,NYSE:ELAN,0.0
2022-08-01,12,AR1 alpha + Basic + One-Step,NYSE:ELAN,0.0
2022-08-02,12,AR1 alpha + Basic + One-Step,NYSE:ELAN,0.0
2022-08-03,12,AR1 alpha + Basic + One-Step,NYSE:ELAN,0.0
2022-08-04,12,AR1 alpha + Basic + One-Step,NYSE:ELAN,0.0
2022-08-05,12,AR1 alpha + Basic + One-Step,NYSE:ELAN,0.0
2022-08-08,12,AR1 alpha + Basic + One-Step,NYSE:ELAN,0.0
2022-08-09,12,AR1 alpha + Basic + One-Step,NYSE:ELAN,0.0
2022-08-10,12,AR1 alpha + Basic + One-Step,NYSE:ELAN,0.0
2022-08-11,12,AR1 alpha + Basic + One-Step,NYSE:ELAN,0.0
2022-08-12,12,AR1 alpha + Basic + One-Step,NYSE:ELAN,0.0
2022-08-15,12,AR1 alpha + Basic + One-Step,NYSE:ELAN,0.0
2022-08-16,12,AR1 alpha + Basic + One-Step,NYSE:ELAN,0.0
2022-08-17,12,AR1 alpha + Basic + One-Step,NYSE:ELAN,0.0
2022-08-18,12,AR1 alpha + Basic + One-Step,NYSE:ELAN,0.0
2022-08-19,12,AR1 alpha + Basic + One-Step,NYSE:ELAN,0.0
2022-08-22,12,AR1 alpha + Basic + One-Step,NYSE:ELAN,0.0
2022-08-23,12,AR1 alpha + Basic + One-Step,NYSE:ELAN,0.0
2022-08-24,12,AR1 alpha + Basic + One-Step,NYSE:ELAN,1.306213199372109e-07
2022-08-25,12,AR1 alpha + Basic + One-Step,NYSE:ELAN,0.0
2022-08-26,12,AR1 alpha + Basic + One-Step,NYSE:ELAN,0.0
2022-08-29,12,AR1 alpha + Basic + One-Step,NYSE:ELAN,0.0
2022-08-30,12,AR1 alpha + Basic + One-Step,NYSE:ELAN,0.0
2022-08-31,12,AR1 alpha + Basic + One-Step,NYSE:ELAN,0.0
2022-09-01,12,AR1 alpha + Basic + One-Step,NYSE:ELAN,0.0
2022-09-02,12,AR1 alpha + Basic + One-Step,NYSE:ELAN,0.0
2022-09-06,12,AR1 alpha + Basic + One-Step,NYSE:ELAN,0.0
2022-09-07,12,AR1 alpha + Basic + One-Step,NYSE:ELAN,0.0
2022-09-08,12,AR1 alpha + Basic + One-Step,NYSE:ELAN,3.5596762674549873e-07
2022-09-09,12,AR1 alpha + Basic + One-Step,NYSE:ELAN,0.0
2022-09-12,12,AR1 alpha + Basic + One-Step,NYSE:ELAN,0.0
2022-09-13,12,AR1 alpha + Basic + One-Step,NYSE:ELAN,0.0
2022-09-14,12,AR1 alpha + Basic + One-Step,NYSE:ELAN,8.18984379035131e-08
2022-09-15,12,AR1 alpha + Basic + One-Step,NYSE:ELAN,0.0
2022-09-16,12,AR1 alpha + Basic + One-Step,NYSE:ELAN,5.786713634155858e-08
2022-09-19,12,AR1 alpha + Basic + One-Step,NYSE:ELAN,0.0
2022-09-20,12,AR1 alpha + Basic + One-Step,NYSE:ELAN,0.0
2022-09-21,12,AR1 alpha + Basic + One-Step,NYSE:ELAN,0.0
2022-09-22,12,AR1 alpha + Basic + One-Step,NYSE:ELAN,0.0
2022-09-23,12,AR1 alpha + Basic + One-Step,NYSE:ELAN,0.0
2022-09-26,12,AR1 alpha + Basic + One-Step,NYSE:ELAN,4.650892811476975e-09
2022-09-27,12,AR1 alpha + Basic + One-Step,NYSE:ELAN,0.0
2022-09-28,12,AR1 alpha + Basic + One-Step,NYSE:ELAN,0.0
2022-09-29,12,AR1 alpha + Basic + One-Step,NYSE:ELAN,0.0
2022-09-30,12,AR1 alpha + Basic + One-Step,NYSE:ELAN,0.0
2022-10-03,12,AR1 alpha + Basic + One-Step,NYSE:ELAN,0.0
2022-10-04,12,AR1 alpha + Basic + One-Step,NYSE:ELAN,0.0
2022-10-05,12,AR1 alpha + Basic + One-Step,NYSE:ELAN,5.141578782058168e-08
2022-10-06,12,AR1 alpha + Basic + One-Step,NYSE:ELAN,0.0
2022-10-07,12,AR1 alpha + Basic + One-Step,NYSE:ELAN,0.0
2022-10-10,12,AR1 alpha + Basic + One-Step,NYSE:ELAN,0.0
2022-10-11,12,AR1 alpha + Basic + One-Step,NYSE:ELAN,0.0
2022-10-12,12,AR1 alpha + Basic + One-Step,NYSE:ELAN,0.0
2022-10-13,12,AR1 alpha + Basic + One-Step,NYSE:ELAN,5.490427376491319e-07
2022-10-14,12,AR1 alpha + Basic + One-Step,NYSE:ELAN,2.572275813981492e-07
2022-10-17,12,AR1 alpha + Basic + One-Step,NYSE:ELAN,0.0
2022-10-18,12,AR1 alpha + Basic + One-Step,NYSE:ELAN,0.0
2022-10-19,12,AR1 alpha + Basic + One-Step,NYSE:ELAN,1.1995088508605953e-08
2022-10-20,12,AR1 alpha + Basic + One-Step,NYSE:ELAN,4.341677202064053e-09
2022-10-21,12,AR1 alpha + Basic + One-Step,NYSE:ELAN,1.34953284184819e-08
2022-10-24,12,AR1 alpha + Basic + One-Step,NYSE:ELAN,0.0
2022-10-25,12,AR1 alpha + Basic + One-Step,NYSE:ELAN,0.0
2022-10-26,12,AR1 alpha + Basic + One-Step,NYSE:ELAN,0.0
2022-10-27,12,AR1 alpha + Basic + One-Step,NYSE:ELAN,0.0
2022-10-28,12,AR1 alpha + Basic + One-Step,NYSE:ELAN,0.0
2022-10-31,12,AR1 alpha + Basic + One-Step,NYSE:ELAN,0.0
2022-11-01,12,AR1 alpha + Basic + One-Step,NYSE:ELAN,0.0
2022-11-02,12,AR1 alpha + Basic + One-Step,NYSE:ELAN,3.504069494706232e-07
2022-11-03,12,AR1 alpha + Basic + One-Step,NYSE:ELAN,1.0120636591601915e-06
2022-11-04,12,AR1 alpha + Basic + One-Step,NYSE:ELAN,6.187671710370615e-07
2022-11-07,12,AR1 alpha + Basic + One-Step,NYSE:ELAN,6.781133886563134e-08
2022-11-08,12,AR1 alpha + Basic + One-Step,NYSE:ELAN,0.0
2022-11-09,12,AR1 alpha + Basic + One-Step,NYSE:ELAN,0.0
2022-11-10,12,AR1 alpha + Basic + One-Step,NYSE:ELAN,0.0
2022-11-11,12,AR1 alpha + Basic + One-Step,NYSE:ELAN,1.877337083863107e-07
2022-11-14,12,AR1 alpha + Basic + One-Step,NYSE:ELAN,0.0
2022-11-15,12,AR1 alpha + Basic + One-Step,NYSE:ELAN,0.0
2022-11-16,12,AR1 alpha + Basic + One-Step,NYSE:ELAN,0.0
2022-11-17,12,AR1 alpha + Basic + One-Step,NYSE:ELAN,0.0
2022-11-18,12,AR1 alpha + Basic + One-Step,NYSE:ELAN,3.2090238734512797e-07
2022-11-21,12,AR1 alpha + Basic + One-Step,NYSE:ELAN,4.14417523277512e-07
2022-11-22,12,AR1 alpha + Basic + One-Step,NYSE:ELAN,7.932230448543261e-08
2022-11-23,12,AR1 alpha + Basic + One-Step,NYSE:ELAN,0.0
2022-11-25,12,AR1 alpha + Basic + One-Step,NYSE:ELAN,0.0
2022-11-28,12,AR1 alpha + Basic + One-Step,NYSE:ELAN,0.0
2022-11-29,12,AR1 alpha + Basic + One-Step,NYSE:ELAN,0.0
2022-11-30,12,AR1 alpha + Basic + One-Step,NYSE:ELAN,0.0
2022-12-01,12,AR1 alpha + Basic + One-Step,NYSE:ELAN,4.970571638710968e-09
2022-12-02,12,AR1 alpha + Basic + One-Step,NYSE:ELAN,0.0
2022-12-05,12,AR1 alpha + Basic + One-Step,NYSE:ELAN,0.0
2022-12-06,12,AR1 alpha + Basic + One-Step,NYSE:ELAN,0.0
2022-12-07,12,AR1 alpha + Basic + One-Step,NYSE:ELAN,0.0
2022-12-08,12,AR1 alpha + Basic + One-Step,NYSE:ELAN,0.0
2022-12-09,12,AR1 alpha + Basic + One-Step,NYSE:ELAN,0.0
2022-12-12,12,AR1 alpha + Basic + One-Step,NYSE:ELAN,1.2134867439787184e-08
2022-12-13,12,AR1 alpha + Basic + One-Step,NYSE:ELAN,1.5049901757350103e-07
2022-12-14,12,AR1 alpha + Basic + One-Step,NYSE:ELAN,4.577363826844528e-08
2022-12-15,12,AR1 alpha + Basic + One-Step,NYSE:ELAN,0.0
2022-12-16,12,AR1 alpha + Basic + One-Step,NYSE:ELAN,0.0
2022-12-19,12,AR1 alpha + Basic + One-Step,NYSE:ELAN,0.0
2022-12-20,12,AR1 alpha + Basic + One-Step,NYSE:ELAN,0.0
2022-12-21,12,AR1 alpha + Basic + One-Step,NYSE:ELAN,0.0
2022-12-22,12,AR1 alpha + Basic + One-Step,NYSE:ELAN,0.0
2022-12-23,12,AR1 alpha + Basic + One-Step,NYSE:ELAN,0.0
2022-12-27,12,AR1 alpha + Basic + One-Step,NYSE:ELAN,2.0592997931095394e-07
2022-12-28,12,AR1 alpha + Basic + One-Step,NYSE:ELAN,0.0
2022-12-29,12,AR1 alpha + Basic + One-Step,NYSE:ELAN,1.4283805153953805e-08
2022-12-30,12,AR1 alpha + Basic + One-Step,NYSE:ELAN,0.0
2023-01-03,12,AR1 alpha + Basic + One-Step,NYSE:ELAN,9.384604015227595e-08
2023-01-04,12,AR1 alpha + Basic + One-Step,NYSE:ELAN,0.0
2023-01-05,12,AR1 alpha + Basic + One-Step,NYSE:ELAN,0.0
2023-01-06,12,AR1 alpha + Basic + One-Step,NYSE:ELAN,0.0
2023-01-09,12,AR1 alpha + Basic + One-Step,NYSE:ELAN,0.0
2023-01-10,12,AR1 alpha + Basic + One-Step,NYSE:ELAN,0.0
2023-01-11,12,AR1 alpha + Basic + One-Step,NYSE:ELAN,1.1705299700950579e-08
2023-01-12,12,AR1 alpha + Basic + One-Step,NYSE:ELAN,0.0
2023-01-13,12,AR1 alpha + Basic + One-Step,NYSE:ELAN,2.9683235618671262e-09
2023-01-17,12,AR1 alpha + Basic + One-Step,NYSE:ELAN,0.0
2023-01-18,12,AR1 alpha + Basic + One-Step,NYSE:ELAN,0.0
2023-01-19,12,AR1 alpha + Basic + One-Step,NYSE:ELAN,0.0
2023-01-20,12,AR1 alpha + Basic + One-Step,NYSE:ELAN,0.0
2023-01-23,12,AR1 alpha + Basic + One-Step,NYSE:ELAN,0.0
2023-01-24,12,AR1 alpha + Basic + One-Step,NYSE:ELAN,0.0
2023-01-25,12,AR1 alpha + Basic + One-Step,NYSE:ELAN,0.0
2023-01-26,12,AR1 alpha + Basic + One-Step,NYSE:ELAN,0.0
2023-01-27,12,AR1 alpha + Basic + One-Step,NYSE:ELAN,0.0
2023-01-30,12,AR1 alpha + Basic + One-Step,NYSE:ELAN,0.0
2023-01-31,12,AR1 alpha + Basic + One-Step,NYSE:ELAN,0.0
2023-02-01,12,AR1 alpha + Basic + One-Step,NYSE:ELAN,0.0
2023-02-02,12,AR1 alpha + Basic + One-Step,NYSE:ELAN,5.662442114769402e-07
2023-02-03,12,AR1 alpha + Basic + One-Step,NYSE:ELAN,8.224466844157576e-08
2023-02-06,12,AR1 alpha + Basic + One-Step,NYSE:ELAN,0.0
2023-02-07,12,AR1 alpha + Basic + One-Step,NYSE:ELAN,0.0
2023-02-08,12,AR1 alpha + Basic + One-Step,NYSE:ELAN,0.0
2023-02-09,12,AR1 alpha + Basic + One-Step,NYSE:ELAN,0.0
2023-02-10,12,AR1 alpha + Basic + One-Step,NYSE:ELAN,0.0
2023-02-13,12,AR1 alpha + Basic + One-Step,NYSE:ELAN,0.0
2023-02-14,12,AR1 alpha + Basic + One-Step,NYSE:ELAN,0.0
2023-02-15,12,AR1 alpha + Basic + One-Step,NYSE:ELAN,1.5861153697691008e-08
2023-02-16,12,AR1 alpha + Basic + One-Step,NYSE:ELAN,5.56446110166572e-09
2023-02-17,12,AR1 alpha + Basic + One-Step,NYSE:ELAN,0.0
2023-02-21,12,AR1 alpha + Basic + One-Step,NYSE:ELAN,1.0223289109284974e-08
2023-02-22,12,AR1 alpha + Basic + One-Step,NYSE:ELAN,0.0
2023-02-23,12,AR1 alpha + Basic + One-Step,NYSE:ELAN,0.0
2023-02-24,12,AR1 alpha + Basic + One-Step,NYSE:ELAN,0.0
2023-02-27,12,AR1 alpha + Basic + One-Step,NYSE:ELAN,0.0
2023-02-28,12,AR1 alpha + Basic + One-Step,NYSE:ELAN,1.0568855629575152e-08
2023-03-01,12,AR1 alpha + Basic + One-Step,NYSE:ELAN,4.859569977466333e-08
2023-03-02,12,AR1 alpha + Basic + One-Step,NYSE:ELAN,0.0
2023-03-03,12,AR1 alpha + Basic + One-Step,NYSE:ELAN,0.0
2023-03-06,12,AR1 alpha + Basic + One-Step,NYSE:ELAN,0.0
2023-03-07,12,AR1 alpha + Basic + One-Step,NYSE:ELAN,0.0
2023-03-08,12,AR1 alpha + Basic + One-Step,NYSE:ELAN,1.9697343008407382e-09
2023-03-09,12,AR1 alpha + Basic + One-Step,NYSE:ELAN,0.0
2023-03-10,12,AR1 alpha + Basic + One-Step,NYSE:ELAN,4.600298524974324e-10
2023-03-13,12,AR1 alpha + Basic + One-Step,NYSE:ELAN,2.5466068782737864e-07
2023-03-14,12,AR1 alpha + Basic + One-Step,NYSE:ELAN,0.0
2023-03-15,12,AR1 alpha + Basic + One-Step,NYSE:ELAN,0.0
2023-03-16,12,AR1 alpha + Basic + One-Step,NYSE:ELAN,1.079877476185154e-08
2023-03-17,12,AR1 alpha + Basic + One-Step,NYSE:ELAN,0.0
2023-03-20,12,AR1 alpha + Basic + One-Step,NYSE:ELAN,0.0
2023-03-21,12,AR1 alpha + Basic + One-Step,NYSE:ELAN,0.0
2023-03-22,12,AR1 alpha + Basic + One-Step,NYSE:ELAN,0.0
2023-03-23,12,AR1 alpha + Basic + One-Step,NYSE:ELAN,4.900845549333948e-08
2023-03-24,12,AR1 alpha + Basic + One-Step,NYSE:ELAN,0.0
2023-03-27,12,AR1 alpha + Basic + One-Step,NYSE:ELAN,0.0
2023-03-28,12,AR1 alpha + Basic + One-Step,NYSE:ELAN,4.745012632638827e-09
2023-03-29,12,AR1 alpha + Basic + One-Step,NYSE:ELAN,0.0
2023-03-30,12,AR1 alpha + Basic + One-Step,NYSE:ELAN,0.0
2023-03-31,12,AR1 alpha + Basic + One-Step,NYSE:ELAN,2.2545037875474777e-07
2023-04-03,12,AR1 alpha + Basic + One-Step,NYSE:ELAN,0.0
2023-04-04,12,AR1 alpha + Basic + One-Step,NYSE:ELAN,0.0
2023-04-05,12,AR1 alpha + Basic + One-Step,NYSE:ELAN,9.677359050362808e-08
2023-04-06,12,AR1 alpha + Basic + One-Step,NYSE:ELAN,1.966132217593076e-07
2023-04-10,12,AR1 alpha + Basic + One-Step,NYSE:ELAN,1.590570815039704e-07
2023-04-11,12,AR1 alpha + Basic + One-Step,NYSE:ELAN,2.0342813613030823e-08
2023-04-12,12,AR1 alpha + Basic + One-Step,NYSE:ELAN,9.474951713249723e-08
2023-04-13,12,AR1 alpha + Basic + One-Step,NYSE:ELAN,3.552288174682845e-08
2023-04-14,12,AR1 alpha + Basic + One-Step,NYSE:ELAN,0.0
2023-04-17,12,AR1 alpha + Basic + One-Step,NYSE:ELAN,0.0
2023-04-18,12,AR1 alpha + Basic + One-Step,NYSE:ELAN,0.0
2023-04-19,12,AR1 alpha + Basic + One-Step,NYSE:ELAN,2.088443643688057e-09
2023-04-20,12,AR1 alpha + Basic + One-Step,NYSE:ELAN,2.805079867383909e-09
2023-04-21,12,AR1 alpha + Basic + One-Step,NYSE:ELAN,8.35128168663629e-08
2023-04-24,12,AR1 alpha + Basic + One-Step,NYSE:ELAN,0.0
2023-04-25,12,AR1 alpha + Basic + One-Step,NYSE:ELAN,0.0
2023-04-26,12,AR1 alpha + Basic + One-Step,NYSE:ELAN,0.0
2023-04-27,12,AR1 alpha + Basic + One-Step,NYSE:ELAN,0.0
2023-04-28,12,AR1 alpha + Basic + One-Step,NYSE:ELAN,7.212094799977445e-09
2023-05-01,12,AR1 alpha + Basic + One-Step,NYSE:ELAN,5.955484819346947e-09
2023-05-02,12,AR1 alpha + Basic + One-Step,NYSE:ELAN,4.463252236459808e-08
2023-05-03,12,AR1 alpha + Basic + One-Step,NYSE:ELAN,0.0
2023-05-04,12,AR1 alpha + Basic + One-Step,NYSE:ELAN,0.0
2023-05-05,12,AR1 alpha + Basic + One-Step,NYSE:ELAN,7.148849789405545e-08
2023-05-08,12,AR1 alpha + Basic + One-Step,NYSE:ELAN,0.0
2023-05-09,12,AR1 alpha + Basic + One-Step,NYSE:ELAN,0.0
2023-05-10,12,AR1 alpha + Basic + One-Step,NYSE:ELAN,1.0429853869825832e-07
2023-05-11,12,AR1 alpha + Basic + One-Step,NYSE:ELAN,4.316825008773659e-07
2023-05-12,12,AR1 alpha + Basic + One-Step,NYSE:ELAN,7.357033306312454e-07
2023-05-15,12,AR1 alpha + Basic + One-Step,NYSE:ELAN,2.3662260001399022e-07
2023-05-16,12,AR1 alpha + Basic + One-Step,NYSE:ELAN,0.0
2023-05-17,12,AR1 alpha + Basic + One-Step,NYSE:ELAN,0.0
2023-05-18,12,AR1 alpha + Basic + One-Step,NYSE:ELAN,0.0
2023-05-19,12,AR1 alpha + Basic + One-Step,NYSE:ELAN,1.2402310991271914e-09
2023-05-22,12,AR1 alpha + Basic + One-Step,NYSE:ELAN,0.0
2023-05-23,12,AR1 alpha + Basic + One-Step,NYSE:ELAN,0.0
2023-05-24,12,AR1 alpha + Basic + One-Step,NYSE:ELAN,4.776401399315831e-10
2023-05-25,12,AR1 alpha + Basic + One-Step,NYSE:ELAN,0.0
2023-05-26,12,AR1 alpha + Basic + One-Step,NYSE:ELAN,0.0
2023-05-30,12,AR1 alpha + Basic + One-Step,NYSE:ELAN,0.0
2023-05-31,12,AR1 alpha + Basic + One-Step,NYSE:ELAN,0.0
2023-06-01,12,AR1 alpha + Basic + One-Step,NYSE:ELAN,0.0
2023-06-02,12,AR1 alpha + Basic + One-Step,NYSE:ELAN,0.0
2023-06-05,12,AR1 alpha + Basic + One-Step,NYSE:ELAN,0.0
2023-06-06,12,AR1 alpha + Basic + One-Step,NYSE:ELAN,2.4410480265713665e-07
2023-06-07,12,AR1 alpha + Basic + One-Step,NYSE:ELAN,1.3033205194847063e-07
2023-06-08,12,AR1 alpha + Basic + One-Step,NYSE:ELAN,1.5606587470374088e-08
2023-06-09,12,AR1 alpha + Basic + One-Step,NYSE:ELAN,8.761745301442708e-07
2023-06-12,12,AR1 alpha + Basic + One-Step,NYSE:ELAN,0.0
2023-06-13,12,AR1 alpha + Basic + One-Step,NYSE:ELAN,1.046130023706996e-07
2023-06-14,12,AR1 alpha + Basic + One-Step,NYSE:ELAN,0.0
2023-06-15,12,AR1 alpha + Basic + One-Step,NYSE:ELAN,0.0
2023-06-16,12,AR1 alpha + Basic + One-Step,NYSE:ELAN,5.486013964319761e-10
2023-06-20,12,AR1 alpha + Basic + One-Step,NYSE:ELAN,0.0
2023-06-21,12,AR1 alpha + Basic + One-Step,NYSE:ELAN,0.0
2023-06-22,12,AR1 alpha + Basic + One-Step,NYSE:ELAN,2.8066324644902172e-09
2023-06-23,12,AR1 alpha + Basic + One-Step,NYSE:ELAN,0.0
2023-06-26,12,AR1 alpha + Basic + One-Step,NYSE:ELAN,0.0
2023-06-27,12,AR1 alpha + Basic + One-Step,NYSE:ELAN,0.0
2023-06-28,12,AR1 alpha + Basic + One-Step,NYSE:ELAN,0.0
2023-06-29,12,AR1 alpha + Basic + One-Step,NYSE:ELAN,0.0
2023-06-30,12,AR1 alpha + Basic + One-Step,NYSE:ELAN,0.0
2023-07-03,12,AR1 alpha + Basic + One-Step,NYSE:ELAN,0.0
2023-07-05,12,AR1 alpha + Basic + One-Step,NYSE:ELAN,5.596612790812914e-07
2023-07-06,12,AR1 alpha + Basic + One-Step,NYSE:ELAN,0.0
2023-07-07,12,AR1 alpha + Basic + One-Step,NYSE:ELAN,0.0
2023-07-10,12,AR1 alpha + Basic + One-Step,NYSE:ELAN,3.9724603996789954e-07
2023-07-11,12,AR1 alpha + Basic + One-Step,NYSE:ELAN,0.0
2023-07-12,12,AR1 alpha + Basic + One-Step,NYSE:ELAN,0.0
2023-07-13,12,AR1 alpha + Basic + One-Step,NYSE:ELAN,0.0
2023-07-14,12,AR1 alpha + Basic + One-Step,NYSE:ELAN,1.0632951557009756e-07
2023-07-17,12,AR1 alpha + Basic + One-Step,NYSE:ELAN,3.5393813160771173e-07
2023-07-18,12,AR1 alpha + Basic + One-Step,NYSE:ELAN,6.922782321856321e-07
2023-07-19,12,AR1 alpha + Basic + One-Step,NYSE:ELAN,4.810705789548202e-23
2023-07-20,12,AR1 alpha + Basic + One-Step,NYSE:ELAN,7.272153916676346e-23
2023-07-21,12,AR1 alpha + Basic + One-Step,NYSE:ELAN,0.0
2023-07-24,12,AR1 alpha + Basic + One-Step,NYSE:ELAN,0.0
2023-07-25,12,AR1 alpha + Basic + One-Step,NYSE:ELAN,0.0
2023-07-26,12,AR1 alpha + Basic + One-Step,NYSE:ELAN,0.0
2023-07-27,12,AR1 alpha + Basic + One-Step,NYSE:ELAN,0.0
2023-07-28,12,AR1 alpha + Basic + One-Step,NYSE:ELAN,0.0
2023-07-31,12,AR1 alpha + Basic + One-Step,NYSE:ELAN,0.0
2023-08-01,12,AR1 alpha + Basic + One-Step,NYSE:ELAN,0.0
2023-08-02,12,AR1 alpha + Basic + One-Step,NYSE:ELAN,0.0
2023-08-03,12,AR1 alpha + Basic + One-Step,NYSE:ELAN,0.0
2023-08-04,12,AR1 alpha + Basic + One-Step,NYSE:ELAN,0.0
2023-08-07,12,AR1 alpha + Basic + One-Step,NYSE:ELAN,1.813461427514278e-09
2023-08-08,12,AR1 alpha + Basic + One-Step,NYSE:ELAN,0.0
2023-08-09,12,AR1 alpha + Basic + One-Step,NYSE:ELAN,0.0
2023-08-10,12,AR1 alpha + Basic + One-Step,NYSE:ELAN,0.0
2023-08-11,12,AR1 alpha + Basic + One-Step,NYSE:ELAN,4.766124963352282e-07
2023-08-14,12,AR1 alpha + Basic + One-Step,NYSE:ELAN,2.5358645941139716e-08
2023-08-15,12,AR1 alpha + Basic + One-Step,NYSE:ELAN,0.0
2023-08-16,12,AR1 alpha + Basic + One-Step,NYSE:ELAN,0.0
2023-08-17,12,AR1 alpha + Basic + One-Step,NYSE:ELAN,0.0
2023-08-18,12,AR1 alpha + Basic + One-Step,NYSE:ELAN,0.0
2023-08-21,12,AR1 alpha + Basic + One-Step,NYSE:ELAN,1.5236893308227143e-09
2023-08-22,12,AR1 alpha + Basic + One-Step,NYSE:ELAN,0.0
2023-08-23,12,AR1 alpha + Basic + One-Step,NYSE:ELAN,5.464395261679102e-08
2023-08-24,12,AR1 alpha + Basic + One-Step,NYSE:ELAN,0.0
2023-08-25,12,AR1 alpha + Basic + One-Step,NYSE:ELAN,4.1500479088090955e-08
2023-08-28,12,AR1 alpha + Basic + One-Step,NYSE:ELAN,1.6557983923873965e-07
2023-08-29,12,AR1 alpha + Basic + One-Step,NYSE:ELAN,0.0
2023-08-30,12,AR1 alpha + Basic + One-Step,NYSE:ELAN,0.0
2023-08-31,12,AR1 alpha + Basic + One-Step,NYSE:ELAN,0.0
2023-09-01,12,AR1 alpha + Basic + One-Step,NYSE:ELAN,2.820733650887445e-09
2023-09-05,12,AR1 alpha + Basic + One-Step,NYSE:ELAN,0.0
2023-09-06,12,AR1 alpha + Basic + One-Step,NYSE:ELAN,0.0
2023-09-07,12,AR1 alpha + Basic + One-Step,NYSE:ELAN,7.622594121335157e-07
2023-09-08,12,AR1 alpha + Basic + One-Step,NYSE:ELAN,1.0734015313370265e-06
2023-09-11,12,AR1 alpha + Basic + One-Step,NYSE:ELAN,2.0105579268198497e-08
2023-09-12,12,AR1 alpha + Basic + One-Step,NYSE:ELAN,0.0
2023-09-13,12,AR1 alpha + Basic + One-Step,NYSE:ELAN,0.0
2023-09-14,12,AR1 alpha + Basic + One-Step,NYSE:ELAN,0.0
2023-09-15,12,AR1 alpha + Basic + One-Step,NYSE:ELAN,0.0
2023-09-18,12,AR1 alpha + Basic + One-Step,NYSE:ELAN,0.0
2023-09-19,12,AR1 alpha + Basic + One-Step,NYSE:ELAN,3.6679813904691303e-09
2023-09-20,12,AR1 alpha + Basic + One-Step,NYSE:ELAN,0.0
2023-09-21,12,AR1 alpha + Basic + One-Step,NYSE:ELAN,1.971799933128899e-06
2023-09-22,12,AR1 alpha + Basic + One-Step,NYSE:ELAN,0.0
2023-09-25,12,AR1 alpha + Basic + One-Step,NYSE:ELAN,0.0
2023-09-26,12,AR1 alpha + Basic + One-Step,NYSE:ELAN,0.0
2023-09-27,12,AR1 alpha + Basic + One-Step,NYSE:ELAN,0.0
2023-09-28,12,AR1 alpha + Basic + One-Step,NYSE:ELAN,1.567976995882845e-08
2023-09-29,12,AR1 alpha + Basic + One-Step,NYSE:ELAN,3.8092377402155605e-10
2023-10-02,12,AR1 alpha + Basic + One-Step,NYSE:ELAN,0.0
2023-10-03,12,AR1 alpha + Basic + One-Step,NYSE:ELAN,0.0
2023-10-04,12,AR1 alpha + Basic + One-Step,NYSE:ELAN,0.0
2023-10-05,12,AR1 alpha + Basic + One-Step,NYSE:ELAN,0.0
2023-10-06,12,AR1 alpha + Basic + One-Step,NYSE:ELAN,0.0
2023-10-09,12,AR1 alpha + Basic + One-Step,NYSE:ELAN,0.0
2023-10-10,12,AR1 alpha + Basic + One-Step,NYSE:ELAN,0.0
2023-10-11,12,AR1 alpha + Basic + One-Step,NYSE:ELAN,6.20369518592013e-09
2023-10-12,12,AR1 alpha + Basic + One-Step,NYSE:ELAN,0.0
2023-10-13,12,AR1 alpha + Basic + One-Step,NYSE:ELAN,3.178009063082057e-09
2023-10-16,12,AR1 alpha + Basic + One-Step,NYSE:ELAN,2.1948217613441816e-08
2023-10-17,12,AR1 alpha + Basic + One-Step,NYSE:ELAN,2.536897409147867e-07
2023-10-18,12,AR1 alpha + Basic + One-Step,NYSE:ELAN,0.0
2023-10-19,12,AR1 alpha + Basic + One-Step,NYSE:ELAN,0.0
2023-10-20,12,AR1 alpha + Basic + One-Step,NYSE:ELAN,0.0
2023-10-23,12,AR1 alpha + Basic + One-Step,NYSE:ELAN,0.0
2023-10-24,12,AR1 alpha + Basic + One-Step,NYSE:ELAN,0.0
2023-10-25,12,AR1 alpha + Basic + One-Step,NYSE:ELAN,0.0
2023-10-26,12,AR1 alpha + Basic + One-Step,NYSE:ELAN,0.0
2023-10-27,12,AR1 alpha + Basic + One-Step,NYSE:ELAN,0.0
2023-10-30,12,AR1 alpha + Basic + One-Step,NYSE:ELAN,0.0
2023-10-31,12,AR1 alpha + Basic + One-Step,NYSE:ELAN,0.0
2023-11-01,12,AR1 alpha + Basic + One-Step,NYSE:ELAN,0.0
2023-11-02,12,AR1 alpha + Basic + One-Step,NYSE:ELAN,0.0
2023-11-03,12,AR1 alpha + Basic + One-Step,NYSE:ELAN,0.0
2023-11-06,12,AR1 alpha + Basic + One-Step,NYSE:ELAN,0.0
2023-11-07,12,AR1 alpha + Basic + One-Step,NYSE:ELAN,6.170902021541905e-09
2023-11-08,12,AR1 alpha + Basic + One-Step,NYSE:ELAN,1.2078056532721654e-08
2023-11-09,12,AR1 alpha + Basic + One-Step,NYSE:ELAN,0.0
2023-11-10,12,AR1 alpha + Basic + One-Step,NYSE:ELAN,0.0
2023-11-13,12,AR1 alpha + Basic + One-Step,NYSE:ELAN,0.0
2023-11-14,12,AR1 alpha + Basic + One-Step,NYSE:ELAN,0.0
2023-11-15,12,AR1 alpha + Basic + One-Step,NYSE:ELAN,0.0
2023-11-16,12,AR1 alpha + Basic + One-Step,NYSE:ELAN,0.0
2023-11-17,12,AR1 alpha + Basic + One-Step,NYSE:ELAN,3.6632302129654126e-08
2023-11-20,12,AR1 alpha + Basic + One-Step,NYSE:ELAN,0.0
2023-11-21,12,AR1 alpha + Basic + One-Step,NYSE:ELAN,0.0
2023-11-22,12,AR1 alpha + Basic + One-Step,NYSE:ELAN,0.0
2023-11-24,12,AR1 alpha + Basic + One-Step,NYSE:ELAN,0.0
2023-11-27,12,AR1 alpha + Basic + One-Step,NYSE:ELAN,0.0
2023-11-28,12,AR1 alpha + Basic + One-Step,NYSE:ELAN,1.1398954630647664e-11
2023-11-29,12,AR1 alpha + Basic + One-Step,NYSE:ELAN,0.0
2023-11-30,12,AR1 alpha + Basic + One-Step,NYSE:ELAN,0.0
2023-12-01,12,AR1 alpha + Basic + One-Step,NYSE:ELAN,1.5046274956961018e-07
2023-12-04,12,AR1 alpha + Basic + One-Step,NYSE:ELAN,0.0
2023-12-05,12,AR1 alpha + Basic + One-Step,NYSE:ELAN,0.0
2023-12-06,12,AR1 alpha + Basic + One-Step,NYSE:ELAN,0.0
2023-12-07,12,AR1 alpha + Basic + One-Step,NYSE:ELAN,0.0
2023-12-08,12,AR1 alpha + Basic + One-Step,NYSE:ELAN,0.0
2023-12-11,12,AR1 alpha + Basic + One-Step,NYSE:ELAN,0.0
2023-12-12,12,AR1 alpha + Basic + One-Step,NYSE:ELAN,0.0
2023-12-13,12,AR1 alpha + Basic + One-Step,NYSE:ELAN,0.0
2023-12-14,12,AR1 alpha + Basic + One-Step,NYSE:ELAN,0.0
2023-12-15,12,AR1 alpha + Basic + One-Step,NYSE:ELAN,0.0
2023-12-18,12,AR1 alpha + Basic + One-Step,NYSE:ELAN,0.0
2023-12-19,12,AR1 alpha + Basic + One-Step,NYSE:ELAN,0.0
2023-12-20,12,AR1 alpha + Basic + One-Step,NYSE:ELAN,0.0
2023-12-21,12,AR1 alpha + Basic + One-Step,NYSE:ELAN,0.0
2023-12-22,12,AR1 alpha + Basic + One-Step,NYSE:ELAN,3.9751746932650627e-07
2023-12-26,12,AR1 alpha + Basic + One-Step,NYSE:ELAN,0.0
2023-12-27,12,AR1 alpha + Basic + One-Step,NYSE:ELAN,6.3889908671088485e-09
2023-12-28,12,AR1 alpha + Basic + One-Step,NYSE:ELAN,0.0
2023-12-29,12,AR1 alpha + Basic + One-Step,NYSE:ELAN,0.0
2024-01-02,12,AR1 alpha + Basic + One-Step,NYSE:ELAN,0.0
2024-01-03,12,AR1 alpha + Basic + One-Step,NYSE:ELAN,0.0
2024-01-04,12,AR1 alpha + Basic + One-Step,NYSE:ELAN,0.0
2024-01-05,12,AR1 alpha + Basic + One-Step,NYSE:ELAN,0.0
2024-01-08,12,AR1 alpha + Basic + One-Step,NYSE:ELAN,0.0
2024-01-09,12,AR1 alpha + Basic + One-Step,NYSE:ELAN,0.0
2024-01-10,12,AR1 alpha + Basic + One-Step,NYSE:ELAN,0.0
2024-01-11,12,AR1 alpha + Basic + One-Step,NYSE:ELAN,2.1179702808076633e-07
2024-01-12,12,AR1 alpha + Basic + One-Step,NYSE:ELAN,0.0
2024-01-16,12,AR1 alpha + Basic + One-Step,NYSE:ELAN,0.0
2024-01-17,12,AR1 alpha + Basic + One-Step,NYSE:ELAN,0.0
2024-01-18,12,AR1 alpha + Basic + One-Step,NYSE:ELAN,4.6493366204918854e-07
2024-01-19,12,AR1 alpha + Basic + One-Step,NYSE:ELAN,0.0
2024-01-22,12,AR1 alpha + Basic + One-Step,NYSE:ELAN,0.0
2024-01-23,12,AR1 alpha + Basic + One-Step,NYSE:ELAN,0.0
2024-01-24,12,AR1 alpha + Basic + One-Step,NYSE:ELAN,1.4391922470734824e-07
2024-01-25,12,AR1 alpha + Basic + One-Step,NYSE:ELAN,3.7902647547464316e-08
2024-01-26,12,AR1 alpha + Basic + One-Step,NYSE:ELAN,0.0
2024-01-29,12,AR1 alpha + Basic + One-Step,NYSE:ELAN,0.0
2024-01-30,12,AR1 alpha + Basic + One-Step,NYSE:ELAN,0.0
2024-01-31,12,AR1 alpha + Basic + One-Step,NYSE:ELAN,0.0
2024-02-01,12,AR1 alpha + Basic + One-Step,NYSE:ELAN,0.0
2024-02-02,12,AR1 alpha + Basic + One-Step,NYSE:ELAN,0.0
2024-02-05,12,AR1 alpha + Basic + One-Step,NYSE:ELAN,0.0
2024-02-06,12,AR1 alpha + Basic + One-Step,NYSE:ELAN,0.0
2024-02-07,12,AR1 alpha + Basic + One-Step,NYSE:ELAN,9.541232763300245e-09
2024-02-08,12,AR1 alpha + Basic + One-Step,NYSE:ELAN,3.2869648933992425e-09
2024-02-09,12,AR1 alpha + Basic + One-Step,NYSE:ELAN,0.0
2024-02-12,12,AR1 alpha + Basic + One-Step,NYSE:ELAN,0.0
2024-02-13,12,AR1 alpha + Basic + One-Step,NYSE:ELAN,0.0
2024-02-14,12,AR1 alpha + Basic + One-Step,NYSE:ELAN,0.0
2024-02-15,12,AR1 alpha + Basic + One-Step,NYSE:ELAN,4.5484116049504857e-08
2024-02-16,12,AR1 alpha + Basic + One-Step,NYSE:ELAN,0.0
2024-02-20,12,AR1 alpha + Basic + One-Step,NYSE:ELAN,0.0
2024-02-21,12,AR1 alpha + Basic + One-Step,NYSE:ELAN,5.105390788241169e-09
2024-02-22,12,AR1 alpha + Basic + One-Step,NYSE:ELAN,0.0
2024-02-23,12,AR1 alpha + Basic + One-Step,NYSE:ELAN,0.0
2024-02-26,12,AR1 alpha + Basic + One-Step,NYSE:ELAN,1.5079452007956668e-07
2024-02-27,12,AR1 alpha + Basic + One-Step,NYSE:ELAN,0.0
2024-02-28,12,AR1 alpha + Basic + One-Step,NYSE:ELAN,0.0
2024-02-29,12,AR1 alpha + Basic + One-Step,NYSE:ELAN,0.0
2024-03-01,12,AR1 alpha + Basic + One-Step,NYSE:ELAN,0.0
2024-03-04,12,AR1 alpha + Basic + One-Step,NYSE:ELAN,0.0
2024-03-05,12,AR1 alpha + Basic + One-Step,NYSE:ELAN,0.04188245083872927
2024-03-06,12,AR1 alpha + Basic + One-Step,NYSE:ELAN,0.041037788624867955
2024-03-07,12,AR1 alpha + Basic + One-Step,NYSE:ELAN,0.0073183480188041645
2024-03-08,12,AR1 alpha + Basic + One-Step,NYSE:ELAN,0.0437692086371517
2024-03-11,12,AR1 alpha + Basic + One-Step,NYSE:ELAN,0.0999953318114855
2024-03-12,12,AR1 alpha + Basic + One-Step,NYSE:ELAN,0.09999283002926572
2024-03-13,12,AR1 alpha + Basic + One-Step,NYSE:ELAN,0.09999099226278724
2024-03-14,12,AR1 alpha + Basic + One-Step,NYSE:ELAN,0.08386870693795358
2024-03-15,12,AR1 alpha + Basic + One-Step,NYSE:ELAN,0.08265727868827737
2024-03-18,12,AR1 alpha + Basic + One-Step,NYSE:ELAN,0.08894903647646535
2024-03-19,12,AR1 alpha + Basic + One-Step,NYSE:ELAN,0.09999580328643366
2024-03-20,12,AR1 alpha + Basic + One-Step,NYSE:ELAN,0.03889268201497048
2024-03-21,12,AR1 alpha + Basic + One-Step,NYSE:ELAN,0.021054789730840573
2024-03-22,12,AR1 alpha + Basic + One-Step,NYSE:ELAN,0.07540085959362793
2024-03-25,12,AR1 alpha + Basic + One-Step,NYSE:ELAN,0.08215057177540368
2024-03-26,12,AR1 alpha + Basic + One-Step,NYSE:ELAN,0.09512662502665233
2024-03-27,12,AR1 alpha + Basic + One-Step,NYSE:ELAN,0.07934989163924511
2024-03-28,12,AR1 alpha + Basic + One-Step,NYSE:ELAN,0.0937524870931826
2024-04-01,12,AR1 alpha + Basic + One-Step,NYSE:ELAN,0.10000204286310203
2024-04-02,12,AR1 alpha + Basic + One-Step,NYSE:ELAN,0.09999329835020149
2024-04-03,12,AR1 alpha + Basic + One-Step,NYSE:ELAN,0.09999602568093283
2024-04-04,12,AR1 alpha + Basic + One-Step,NYSE:ELAN,0.0999965013434422
2024-04-05,12,AR1 alpha + Basic + One-Step,NYSE:ELAN,0.09999278634096427
2024-04-08,12,AR1 alpha + Basic + One-Step,NYSE:ELAN,0.09999338527952617
2024-04-09,12,AR1 alpha + Basic + One-Step,NYSE:ELAN,0.09998980663179673
2024-04-10,12,AR1 alpha + Basic + One-Step,NYSE:ELAN,0.10000053714975345
2024-04-11,12,AR1 alpha + Basic + One-Step,NYSE:ELAN,0.09999530300154964
2024-04-12,12,AR1 alpha + Basic + One-Step,NYSE:ELAN,0.09999127158918998
2024-04-15,12,AR1 alpha + Basic + One-Step,NYSE:ELAN,0.09999472262945719
2024-04-16,12,AR1 alpha + Basic + One-Step,NYSE:ELAN,0.09999718905961857
2024-04-17,12,AR1 alpha + Basic + One-Step,NYSE:ELAN,0.09999879641860397
2024-04-18,12,AR1 alpha + Basic + One-Step,NYSE:ELAN,0.0999989195781414
2024-04-19,12,AR1 alpha + Basic + One-Step,NYSE:ELAN,0.09999922995497994
2020-03-25,12,AR1 alpha + Basic + One-Step,NASDAQ:IDXX,0.02
2020-03-26,12,AR1 alpha + Basic + One-Step,NASDAQ:IDXX,0.019999999999999997
2020-03-27,12,AR1 alpha + Basic + One-Step,NASDAQ:IDXX,0.0
2020-03-30,12,AR1 alpha + Basic + One-Step,NASDAQ:IDXX,0.09999027158633418
2020-03-31,12,AR1 alpha + Basic + One-Step,NASDAQ:IDXX,0.09999926503264121
2020-04-01,12,AR1 alpha + Basic + One-Step,NASDAQ:IDXX,0.09999858749953024
2020-04-02,12,AR1 alpha + Basic + One-Step,NASDAQ:IDXX,0.0999993530701357
2020-04-03,12,AR1 alpha + Basic + One-Step,NASDAQ:IDXX,0.09999975254969955
2020-04-06,12,AR1 alpha + Basic + One-Step,NASDAQ:IDXX,0.09999920064046086
2020-04-07,12,AR1 alpha + Basic + One-Step,NASDAQ:IDXX,0.0999996881912792
2020-04-08,12,AR1 alpha + Basic + One-Step,NASDAQ:IDXX,0.09999948661666531
2020-04-09,12,AR1 alpha + Basic + One-Step,NASDAQ:IDXX,0.09999899254744196
2020-04-13,12,AR1 alpha + Basic + One-Step,NASDAQ:IDXX,0.099997607078987
2020-04-14,12,AR1 alpha + Basic + One-Step,NASDAQ:IDXX,0.09999717211222305
2020-04-15,12,AR1 alpha + Basic + One-Step,NASDAQ:IDXX,0.09999676060482304
2020-04-16,12,AR1 alpha + Basic + One-Step,NASDAQ:IDXX,0.09999121369228298
2020-04-17,12,AR1 alpha + Basic + One-Step,NASDAQ:IDXX,0.09999112610403685
2020-04-20,12,AR1 alpha + Basic + One-Step,NASDAQ:IDXX,0.09999255510805931
2020-04-21,12,AR1 alpha + Basic + One-Step,NASDAQ:IDXX,0.09999565784206818
2020-04-22,12,AR1 alpha + Basic + One-Step,NASDAQ:IDXX,0.09999398653192168
2020-04-23,12,AR1 alpha + Basic + One-Step,NASDAQ:IDXX,0.09999649941348099
2020-04-24,12,AR1 alpha + Basic + One-Step,NASDAQ:IDXX,0.09999810953616735
2020-04-27,12,AR1 alpha + Basic + One-Step,NASDAQ:IDXX,0.09999866655822688
2020-04-28,12,AR1 alpha + Basic + One-Step,NASDAQ:IDXX,0.09999727309778936
2020-04-29,12,AR1 alpha + Basic + One-Step,NASDAQ:IDXX,0.09999916571182273
2020-04-30,12,AR1 alpha + Basic + One-Step,NASDAQ:IDXX,0.09999780287478657
2020-05-01,12,AR1 alpha + Basic + One-Step,NASDAQ:IDXX,0.09999883538507179
2020-05-04,12,AR1 alpha + Basic + One-Step,NASDAQ:IDXX,0.09999591320795309
2020-05-05,12,AR1 alpha + Basic + One-Step,NASDAQ:IDXX,0.09999836043971339
2020-05-06,12,AR1 alpha + Basic + One-Step,NASDAQ:IDXX,0.09999735501688421
2020-05-07,12,AR1 alpha + Basic + One-Step,NASDAQ:IDXX,0.09999778464090286
2020-05-08,12,AR1 alpha + Basic + One-Step,NASDAQ:IDXX,0.09999890242933988
2020-05-11,12,AR1 alpha + Basic + One-Step,NASDAQ:IDXX,0.09999867072118679
2020-05-12,12,AR1 alpha + Basic + One-Step,NASDAQ:IDXX,0.09999695783380991
2020-05-13,12,AR1 alpha + Basic + One-Step,NASDAQ:IDXX,0.09999647241431998
2020-05-14,12,AR1 alpha + Basic + One-Step,NASDAQ:IDXX,0.09999797244955178
2020-05-15,12,AR1 alpha + Basic + One-Step,NASDAQ:IDXX,0.09999860267342245
2020-05-18,12,AR1 alpha + Basic + One-Step,NASDAQ:IDXX,0.09999800814856699
2020-05-19,12,AR1 alpha + Basic + One-Step,NASDAQ:IDXX,0.0999982546082743
2020-05-20,12,AR1 alpha + Basic + One-Step,NASDAQ:IDXX,0.09999625043263016
2020-05-21,12,AR1 alpha + Basic + One-Step,NASDAQ:IDXX,0.09999517355648661
2020-05-22,12,AR1 alpha + Basic + One-Step,NASDAQ:IDXX,0.09999717164093037
2020-05-26,12,AR1 alpha + Basic + One-Step,NASDAQ:IDXX,0.09999839259052451
2020-05-27,12,AR1 alpha + Basic + One-Step,NASDAQ:IDXX,0.0999996952642173
2020-05-28,12,AR1 alpha + Basic + One-Step,NASDAQ:IDXX,0.10000000000000005
2020-05-29,12,AR1 alpha + Basic + One-Step,NASDAQ:IDXX,0.09999997856569767
2020-06-01,12,AR1 alpha + Basic + One-Step,NASDAQ:IDXX,0.0999980572289638
2020-06-02,12,AR1 alpha + Basic + One-Step,NASDAQ:IDXX,0.0999992000078414
2020-06-03,12,AR1 alpha + Basic + One-Step,NASDAQ:IDXX,0.09999623706821854
2020-06-04,12,AR1 alpha + Basic + One-Step,NASDAQ:IDXX,0.09999585922472451
2020-06-05,12,AR1 alpha + Basic + One-Step,NASDAQ:IDXX,0.09999725907459
2020-06-08,12,AR1 alpha + Basic + One-Step,NASDAQ:IDXX,0.09999788485629493
2020-06-09,12,AR1 alpha + Basic + One-Step,NASDAQ:IDXX,0.09999571529418415
2020-06-10,12,AR1 alpha + Basic + One-Step,NASDAQ:IDXX,0.09998973416078098
2020-06-11,12,AR1 alpha + Basic + One-Step,NASDAQ:IDXX,0.09999194391199896
2020-06-12,12,AR1 alpha + Basic + One-Step,NASDAQ:IDXX,0.09999526268470929
2020-06-15,12,AR1 alpha + Basic + One-Step,NASDAQ:IDXX,0.09999726149529038
2020-06-16,12,AR1 alpha + Basic + One-Step,NASDAQ:IDXX,0.0999977160869251
2020-06-17,12,AR1 alpha + Basic + One-Step,NASDAQ:IDXX,0.09999625769149145
2020-06-18,12,AR1 alpha + Basic + One-Step,NASDAQ:IDXX,0.09999640331933297
2020-06-19,12,AR1 alpha + Basic + One-Step,NASDAQ:IDXX,0.09999628523651498
2020-06-22,12,AR1 alpha + Basic + One-Step,NASDAQ:IDXX,0.09999104486723716
2020-06-23,12,AR1 alpha + Basic + One-Step,NASDAQ:IDXX,0.09999464762964617
2020-06-24,12,AR1 alpha + Basic + One-Step,NASDAQ:IDXX,0.09999683370592279
2020-06-25,12,AR1 alpha + Basic + One-Step,NASDAQ:IDXX,0.09999449391141593
2020-06-26,12,AR1 alpha + Basic + One-Step,NASDAQ:IDXX,0.09999546127222751
2020-06-29,12,AR1 alpha + Basic + One-Step,NASDAQ:IDXX,0.09999120142368366
2020-06-30,12,AR1 alpha + Basic + One-Step,NASDAQ:IDXX,0.09999478496230448
2020-07-01,12,AR1 alpha + Basic + One-Step,NASDAQ:IDXX,0.0999931168759492
2020-07-02,12,AR1 alpha + Basic + One-Step,NASDAQ:IDXX,0.09999588946868239
2020-07-06,12,AR1 alpha + Basic + One-Step,NASDAQ:IDXX,0.09999468409948906
2020-07-07,12,AR1 alpha + Basic + One-Step,NASDAQ:IDXX,0.09999227610028057
2020-07-08,12,AR1 alpha + Basic + One-Step,NASDAQ:IDXX,0.09999528243010307
2020-07-09,12,AR1 alpha + Basic + One-Step,NASDAQ:IDXX,0.09999770500812925
2020-07-10,12,AR1 alpha + Basic + One-Step,NASDAQ:IDXX,0.09999827578524967
2020-07-13,12,AR1 alpha + Basic + One-Step,NASDAQ:IDXX,0.09999889731419244
2020-07-14,12,AR1 alpha + Basic + One-Step,NASDAQ:IDXX,0.09999527410077025
2020-07-15,12,AR1 alpha + Basic + One-Step,NASDAQ:IDXX,0.09999727897856558
2020-07-16,12,AR1 alpha + Basic + One-Step,NASDAQ:IDXX,0.09999332130348905
2020-07-17,12,AR1 alpha + Basic + One-Step,NASDAQ:IDXX,0.09999549592368152
2020-07-20,12,AR1 alpha + Basic + One-Step,NASDAQ:IDXX,0.09999745365484265
2020-07-21,12,AR1 alpha + Basic + One-Step,NASDAQ:IDXX,0.09999563203860426
2020-07-22,12,AR1 alpha + Basic + One-Step,NASDAQ:IDXX,0.09999446868532386
2020-07-23,12,AR1 alpha + Basic + One-Step,NASDAQ:IDXX,0.09999655342638769
2020-07-24,12,AR1 alpha + Basic + One-Step,NASDAQ:IDXX,0.09999850233875097
2020-07-27,12,AR1 alpha + Basic + One-Step,NASDAQ:IDXX,0.0999989905522504
2020-07-28,12,AR1 alpha + Basic + One-Step,NASDAQ:IDXX,0.0999968702577617
2020-07-29,12,AR1 alpha + Basic + One-Step,NASDAQ:IDXX,0.09999619877006966
2020-07-30,12,AR1 alpha + Basic + One-Step,NASDAQ:IDXX,0.09999729632710028
2020-07-31,12,AR1 alpha + Basic + One-Step,NASDAQ:IDXX,0.0
2020-08-03,12,AR1 alpha + Basic + One-Step,NASDAQ:IDXX,0.09999767235074758
2020-08-04,12,AR1 alpha + Basic + One-Step,NASDAQ:IDXX,0.09999637366163537
2020-08-05,12,AR1 alpha + Basic + One-Step,NASDAQ:IDXX,0.09999379939710998
2020-08-06,12,AR1 alpha + Basic + One-Step,NASDAQ:IDXX,0.09998662376638086
2020-08-07,12,AR1 alpha + Basic + One-Step,NASDAQ:IDXX,0.09998868468469276
2020-08-10,12,AR1 alpha + Basic + One-Step,NASDAQ:IDXX,0.09999155347210095
2020-08-11,12,AR1 alpha + Basic + One-Step,NASDAQ:IDXX,0.09999430678662902
2020-08-12,12,AR1 alpha + Basic + One-Step,NASDAQ:IDXX,0.09999051994868442
2020-08-13,12,AR1 alpha + Basic + One-Step,NASDAQ:IDXX,0.09998913107337254
2020-08-14,12,AR1 alpha + Basic + One-Step,NASDAQ:IDXX,0.09999184366269086
2020-08-17,12,AR1 alpha + Basic + One-Step,NASDAQ:IDXX,0.09998768578463615
2020-08-18,12,AR1 alpha + Basic + One-Step,NASDAQ:IDXX,0.09997928925795609
2020-08-19,12,AR1 alpha + Basic + One-Step,NASDAQ:IDXX,0.09998034766463515
2020-08-20,12,AR1 alpha + Basic + One-Step,NASDAQ:IDXX,0.1000007266281971
2020-08-21,12,AR1 alpha + Basic + One-Step,NASDAQ:IDXX,0.09999999127194022
2020-08-24,12,AR1 alpha + Basic + One-Step,NASDAQ:IDXX,0.09999763443250947
2020-08-25,12,AR1 alpha + Basic + One-Step,NASDAQ:IDXX,0.09999471942795286
2020-08-26,12,AR1 alpha + Basic + One-Step,NASDAQ:IDXX,0.09999125032556719
2020-08-27,12,AR1 alpha + Basic + One-Step,NASDAQ:IDXX,0.09999085903732097
2020-08-28,12,AR1 alpha + Basic + One-Step,NASDAQ:IDXX,0.09998879342935682
2020-08-31,12,AR1 alpha + Basic + One-Step,NASDAQ:IDXX,0.09998935914330068
2020-09-01,12,AR1 alpha + Basic + One-Step,NASDAQ:IDXX,0.09998572204102002
2020-09-02,12,AR1 alpha + Basic + One-Step,NASDAQ:IDXX,0.09998627385477812
2020-09-03,12,AR1 alpha + Basic + One-Step,NASDAQ:IDXX,0.09998722041225816
2020-09-04,12,AR1 alpha + Basic + One-Step,NASDAQ:IDXX,0.09999036418148002
2020-09-08,12,AR1 alpha + Basic + One-Step,NASDAQ:IDXX,0.09999039262224485
2020-09-09,12,AR1 alpha + Basic + One-Step,NASDAQ:IDXX,0.09999400051200041
2020-09-10,12,AR1 alpha + Basic + One-Step,NASDAQ:IDXX,0.09999604647529008
2020-09-11,12,AR1 alpha + Basic + One-Step,NASDAQ:IDXX,0.09999453505848606
2020-09-14,12,AR1 alpha + Basic + One-Step,NASDAQ:IDXX,0.09999644803319914
2020-09-15,12,AR1 alpha + Basic + One-Step,NASDAQ:IDXX,0.09999464606475622
2020-09-16,12,AR1 alpha + Basic + One-Step,NASDAQ:IDXX,0.0999957934841322
2020-09-17,12,AR1 alpha + Basic + One-Step,NASDAQ:IDXX,0.09999493886655132
2020-09-18,12,AR1 alpha + Basic + One-Step,NASDAQ:IDXX,0.09998959182162583
2020-09-21,12,AR1 alpha + Basic + One-Step,NASDAQ:IDXX,0.09999343929121464
2020-09-22,12,AR1 alpha + Basic + One-Step,NASDAQ:IDXX,0.09999434205854492
2020-09-23,12,AR1 alpha + Basic + One-Step,NASDAQ:IDXX,0.09999644361349154
2020-09-24,12,AR1 alpha + Basic + One-Step,NASDAQ:IDXX,0.0999980917923759
2020-09-25,12,AR1 alpha + Basic + One-Step,NASDAQ:IDXX,0.09999356142861109
2020-09-28,12,AR1 alpha + Basic + One-Step,NASDAQ:IDXX,0.09999093195181799
2020-09-29,12,AR1 alpha + Basic + One-Step,NASDAQ:IDXX,0.09999463603699232
2020-09-30,12,AR1 alpha + Basic + One-Step,NASDAQ:IDXX,0.09999680543808295
2020-10-01,12,AR1 alpha + Basic + One-Step,NASDAQ:IDXX,0.09999470009071293
2020-10-02,12,AR1 alpha + Basic + One-Step,NASDAQ:IDXX,0.09999225509096338
2020-10-05,12,AR1 alpha + Basic + One-Step,NASDAQ:IDXX,0.09999532591743589
2020-10-06,12,AR1 alpha + Basic + One-Step,NASDAQ:IDXX,0.09999455150994015
2020-10-07,12,AR1 alpha + Basic + One-Step,NASDAQ:IDXX,0.09999675272774207
2020-10-08,12,AR1 alpha + Basic + One-Step,NASDAQ:IDXX,0.09999504316597921
2020-10-09,12,AR1 alpha + Basic + One-Step,NASDAQ:IDXX,0.09999287331904266
2020-10-12,12,AR1 alpha + Basic + One-Step,NASDAQ:IDXX,0.0
2020-10-13,12,AR1 alpha + Basic + One-Step,NASDAQ:IDXX,0.0861397300957881
2020-10-14,12,AR1 alpha + Basic + One-Step,NASDAQ:IDXX,0.09999809733299392
2020-10-15,12,AR1 alpha + Basic + One-Step,NASDAQ:IDXX,0.09999337049214516
2020-10-16,12,AR1 alpha + Basic + One-Step,NASDAQ:IDXX,0.0999958497966318
2020-10-19,12,AR1 alpha + Basic + One-Step,NASDAQ:IDXX,0.09998742334170135
2020-10-20,12,AR1 alpha + Basic + One-Step,NASDAQ:IDXX,0.09998547826150142
2020-10-21,12,AR1 alpha + Basic + One-Step,NASDAQ:IDXX,0.09998456716160584
2020-10-22,12,AR1 alpha + Basic + One-Step,NASDAQ:IDXX,0.0999860433352713
2020-10-23,12,AR1 alpha + Basic + One-Step,NASDAQ:IDXX,0.09998460645925505
2020-10-26,12,AR1 alpha + Basic + One-Step,NASDAQ:IDXX,0.09998948774979151
2020-10-27,12,AR1 alpha + Basic + One-Step,NASDAQ:IDXX,0.06452272829010694
2020-10-28,12,AR1 alpha + Basic + One-Step,NASDAQ:IDXX,0.10000011553380064
2020-10-29,12,AR1 alpha + Basic + One-Step,NASDAQ:IDXX,0.10000006770449968
2020-10-30,12,AR1 alpha + Basic + One-Step,NASDAQ:IDXX,0.09999956656923709
2020-11-02,12,AR1 alpha + Basic + One-Step,NASDAQ:IDXX,0.09999919053966672
2020-11-03,12,AR1 alpha + Basic + One-Step,NASDAQ:IDXX,0.09999899065146185
2020-11-04,12,AR1 alpha + Basic + One-Step,NASDAQ:IDXX,0.0
2020-11-05,12,AR1 alpha + Basic + One-Step,NASDAQ:IDXX,0.09999067240050548
2020-11-06,12,AR1 alpha + Basic + One-Step,NASDAQ:IDXX,0.03747625888764111
2020-11-09,12,AR1 alpha + Basic + One-Step,NASDAQ:IDXX,0.09999697620322164
2020-11-10,12,AR1 alpha + Basic + One-Step,NASDAQ:IDXX,0.09999256948074343
2020-11-11,12,AR1 alpha + Basic + One-Step,NASDAQ:IDXX,0.0999944399426253
2020-11-12,12,AR1 alpha + Basic + One-Step,NASDAQ:IDXX,0.09998953802316655
2020-11-13,12,AR1 alpha + Basic + One-Step,NASDAQ:IDXX,0.09999016632507994
2020-11-16,12,AR1 alpha + Basic + One-Step,NASDAQ:IDXX,0.09999165429441759
2020-11-17,12,AR1 alpha + Basic + One-Step,NASDAQ:IDXX,0.09999196170754499
2020-11-18,12,AR1 alpha + Basic + One-Step,NASDAQ:IDXX,0.09998488468460766
2020-11-19,12,AR1 alpha + Basic + One-Step,NASDAQ:IDXX,0.09999090862249936
2020-11-20,12,AR1 alpha + Basic + One-Step,NASDAQ:IDXX,0.09998270972744669
2020-11-23,12,AR1 alpha + Basic + One-Step,NASDAQ:IDXX,0.09998126389597622
2020-11-24,12,AR1 alpha + Basic + One-Step,NASDAQ:IDXX,0.09998044711381807
2020-11-25,12,AR1 alpha + Basic + One-Step,NASDAQ:IDXX,0.09998666670777294
2020-11-27,12,AR1 alpha + Basic + One-Step,NASDAQ:IDXX,0.09998062689967287
2020-11-30,12,AR1 alpha + Basic + One-Step,NASDAQ:IDXX,0.09998805477509841
2020-12-01,12,AR1 alpha + Basic + One-Step,NASDAQ:IDXX,0.09999206874425505
2020-12-02,12,AR1 alpha + Basic + One-Step,NASDAQ:IDXX,0.09999464587955888
2020-12-03,12,AR1 alpha + Basic + One-Step,NASDAQ:IDXX,0.09999665537303384
2020-12-04,12,AR1 alpha + Basic + One-Step,NASDAQ:IDXX,0.09999792206655418
2020-12-07,12,AR1 alpha + Basic + One-Step,NASDAQ:IDXX,0.09999654979931957
2020-12-08,12,AR1 alpha + Basic + One-Step,NASDAQ:IDXX,0.0999981136281112
2020-12-09,12,AR1 alpha + Basic + One-Step,NASDAQ:IDXX,0.09999557287599585
2020-12-10,12,AR1 alpha + Basic + One-Step,NASDAQ:IDXX,0.09999686352220945
2020-12-11,12,AR1 alpha + Basic + One-Step,NASDAQ:IDXX,0.09999851344833846
2020-12-14,12,AR1 alpha + Basic + One-Step,NASDAQ:IDXX,0.09999958304220044
2020-12-15,12,AR1 alpha + Basic + One-Step,NASDAQ:IDXX,0.09999223120479153
2020-12-16,12,AR1 alpha + Basic + One-Step,NASDAQ:IDXX,0.09999514653359906
2020-12-17,12,AR1 alpha + Basic + One-Step,NASDAQ:IDXX,0.09999674343637845
2020-12-18,12,AR1 alpha + Basic + One-Step,NASDAQ:IDXX,0.08013752824425745
2020-12-21,12,AR1 alpha + Basic + One-Step,NASDAQ:IDXX,0.06821512099585673
2020-12-22,12,AR1 alpha + Basic + One-Step,NASDAQ:IDXX,0.0
2020-12-23,12,AR1 alpha + Basic + One-Step,NASDAQ:IDXX,0.10000026963878658
2020-12-24,12,AR1 alpha + Basic + One-Step,NASDAQ:IDXX,0.09999987393488567
2020-12-28,12,AR1 alpha + Basic + One-Step,NASDAQ:IDXX,0.09999937440537195
2020-12-29,12,AR1 alpha + Basic + One-Step,NASDAQ:IDXX,0.0999963881795086
2020-12-30,12,AR1 alpha + Basic + One-Step,NASDAQ:IDXX,0.09999492615173206
2020-12-31,12,AR1 alpha + Basic + One-Step,NASDAQ:IDXX,0.09999550112485711
2021-01-04,12,AR1 alpha + Basic + One-Step,NASDAQ:IDXX,0.09999213042297575
2021-01-05,12,AR1 alpha + Basic + One-Step,NASDAQ:IDXX,0.09999494950738462
2021-01-06,12,AR1 alpha + Basic + One-Step,NASDAQ:IDXX,0.09999645917316699
2021-01-07,12,AR1 alpha + Basic + One-Step,NASDAQ:IDXX,0.09999058537056679
2021-01-08,12,AR1 alpha + Basic + One-Step,NASDAQ:IDXX,0.09999240747286767
2021-01-11,12,AR1 alpha + Basic + One-Step,NASDAQ:IDXX,0.09998995174688148
2021-01-12,12,AR1 alpha + Basic + One-Step,NASDAQ:IDXX,0.09998884327187652
2021-01-13,12,AR1 alpha + Basic + One-Step,NASDAQ:IDXX,0.09999035361654422
2021-01-14,12,AR1 alpha + Basic + One-Step,NASDAQ:IDXX,0.0999823097294838
2021-01-15,12,AR1 alpha + Basic + One-Step,NASDAQ:IDXX,0.0999862029468272
2021-01-19,12,AR1 alpha + Basic + One-Step,NASDAQ:IDXX,0.09999039579719338
2021-01-20,12,AR1 alpha + Basic + One-Step,NASDAQ:IDXX,0.09999353945652881
2021-01-21,12,AR1 alpha + Basic + One-Step,NASDAQ:IDXX,0.0999892070222518
2021-01-22,12,AR1 alpha + Basic + One-Step,NASDAQ:IDXX,0.09999307196880523
2021-01-25,12,AR1 alpha + Basic + One-Step,NASDAQ:IDXX,0.09999544193067014
2021-01-26,12,AR1 alpha + Basic + One-Step,NASDAQ:IDXX,0.09998957688698458
2021-01-27,12,AR1 alpha + Basic + One-Step,NASDAQ:IDXX,0.09998909844494962
2021-01-28,12,AR1 alpha + Basic + One-Step,NASDAQ:IDXX,0.09998482359377661
2021-01-29,12,AR1 alpha + Basic + One-Step,NASDAQ:IDXX,0.09998928207129235
2021-02-01,12,AR1 alpha + Basic + One-Step,NASDAQ:IDXX,0.09999350365151996
2021-02-02,12,AR1 alpha + Basic + One-Step,NASDAQ:IDXX,0.04302607056042971
2021-02-03,12,AR1 alpha + Basic + One-Step,NASDAQ:IDXX,0.09999952914930019
2021-02-04,12,AR1 alpha + Basic + One-Step,NASDAQ:IDXX,0.09999730511614455
2021-02-05,12,AR1 alpha + Basic + One-Step,NASDAQ:IDXX,0.09999448145336036
2021-02-08,12,AR1 alpha + Basic + One-Step,NASDAQ:IDXX,0.0999900194708302
2021-02-09,12,AR1 alpha + Basic + One-Step,NASDAQ:IDXX,0.09999256071672889
2021-02-10,12,AR1 alpha + Basic + One-Step,NASDAQ:IDXX,0.09998684254972871
2021-02-11,12,AR1 alpha + Basic + One-Step,NASDAQ:IDXX,0.025014645393869914
2021-02-12,12,AR1 alpha + Basic + One-Step,NASDAQ:IDXX,0.0
2021-02-16,12,AR1 alpha + Basic + One-Step,NASDAQ:IDXX,0.09999994133654838
2021-02-17,12,AR1 alpha + Basic + One-Step,NASDAQ:IDXX,0.09999471179891707
2021-02-18,12,AR1 alpha + Basic + One-Step,NASDAQ:IDXX,0.0012981083252018122
2021-02-19,12,AR1 alpha + Basic + One-Step,NASDAQ:IDXX,0.09999408388258524
2021-02-22,12,AR1 alpha + Basic + One-Step,NASDAQ:IDXX,0.0999974446208836
2021-02-23,12,AR1 alpha + Basic + One-Step,NASDAQ:IDXX,0.09999845684841618
2021-02-24,12,AR1 alpha + Basic + One-Step,NASDAQ:IDXX,0.09999748900360318
2021-02-25,12,AR1 alpha + Basic + One-Step,NASDAQ:IDXX,0.0999962603523982
2021-02-26,12,AR1 alpha + Basic + One-Step,NASDAQ:IDXX,0.09999698144566642
2021-03-01,12,AR1 alpha + Basic + One-Step,NASDAQ:IDXX,0.09999539213450163
2021-03-02,12,AR1 alpha + Basic + One-Step,NASDAQ:IDXX,0.09999690848746647
2021-03-03,12,AR1 alpha + Basic + One-Step,NASDAQ:IDXX,0.09999219630632976
2021-03-04,12,AR1 alpha + Basic + One-Step,NASDAQ:IDXX,0.09999050211212224
2021-03-05,12,AR1 alpha + Basic + One-Step,NASDAQ:IDXX,0.09999045269060976
2021-03-08,12,AR1 alpha + Basic + One-Step,NASDAQ:IDXX,0.09999359576451655
2021-03-09,12,AR1 alpha + Basic + One-Step,NASDAQ:IDXX,0.09999103073669915
2021-03-10,12,AR1 alpha + Basic + One-Step,NASDAQ:IDXX,0.09998962282468789
2021-03-11,12,AR1 alpha + Basic + One-Step,NASDAQ:IDXX,0.09999421139179113
2021-03-12,12,AR1 alpha + Basic + One-Step,NASDAQ:IDXX,0.09999648151277227
2021-03-15,12,AR1 alpha + Basic + One-Step,NASDAQ:IDXX,0.09999814114877052
2021-03-16,12,AR1 alpha + Basic + One-Step,NASDAQ:IDXX,0.09999033519659375
2021-03-17,12,AR1 alpha + Basic + One-Step,NASDAQ:IDXX,0.0999911528888781
2021-03-18,12,AR1 alpha + Basic + One-Step,NASDAQ:IDXX,0.09999160222693323
2021-03-19,12,AR1 alpha + Basic + One-Step,NASDAQ:IDXX,0.09998111150345308
2021-03-22,12,AR1 alpha + Basic + One-Step,NASDAQ:IDXX,0.09997604078396725
2021-03-23,12,AR1 alpha + Basic + One-Step,NASDAQ:IDXX,0.09997665484846822
2021-03-24,12,AR1 alpha + Basic + One-Step,NASDAQ:IDXX,0.09998493107850402
2021-03-25,12,AR1 alpha + Basic + One-Step,NASDAQ:IDXX,0.09997926855566695
2021-03-26,12,AR1 alpha + Basic + One-Step,NASDAQ:IDXX,0.0999875703808319
2021-03-29,12,AR1 alpha + Basic + One-Step,NASDAQ:IDXX,0.09998303126092851
2021-03-30,12,AR1 alpha + Basic + One-Step,NASDAQ:IDXX,0.09999027511486984
2021-03-31,12,AR1 alpha + Basic + One-Step,NASDAQ:IDXX,0.0999944958126868
2021-04-01,12,AR1 alpha + Basic + One-Step,NASDAQ:IDXX,0.09999324045624206
2021-04-05,12,AR1 alpha + Basic + One-Step,NASDAQ:IDXX,0.09999811986304179
2021-04-06,12,AR1 alpha + Basic + One-Step,NASDAQ:IDXX,0.09999858826185481
2021-04-07,12,AR1 alpha + Basic + One-Step,NASDAQ:IDXX,0.09999864778299793
2021-04-08,12,AR1 alpha + Basic + One-Step,NASDAQ:IDXX,0.09999987341431746
2021-04-09,12,AR1 alpha + Basic + One-Step,NASDAQ:IDXX,0.09999584096920787
2021-04-12,12,AR1 alpha + Basic + One-Step,NASDAQ:IDXX,0.09999758043229692
2021-04-13,12,AR1 alpha + Basic + One-Step,NASDAQ:IDXX,0.0
2021-04-14,12,AR1 alpha + Basic + One-Step,NASDAQ:IDXX,0.10000014086968756
2021-04-15,12,AR1 alpha + Basic + One-Step,NASDAQ:IDXX,0.0
2021-04-16,12,AR1 alpha + Basic + One-Step,NASDAQ:IDXX,0.0
2021-04-19,12,AR1 alpha + Basic + One-Step,NASDAQ:IDXX,0.10000009240910901
2021-04-20,12,AR1 alpha + Basic + One-Step,NASDAQ:IDXX,0.09999987593155286
2021-04-21,12,AR1 alpha + Basic + One-Step,NASDAQ:IDXX,0.014435830979456781
2021-04-22,12,AR1 alpha + Basic + One-Step,NASDAQ:IDXX,0.02112947583557683
2021-04-23,12,AR1 alpha + Basic + One-Step,NASDAQ:IDXX,0.0
2021-04-26,12,AR1 alpha + Basic + One-Step,NASDAQ:IDXX,0.012470602591845376
2021-04-27,12,AR1 alpha + Basic + One-Step,NASDAQ:IDXX,0.10000383986179817
2021-04-28,12,AR1 alpha + Basic + One-Step,NASDAQ:IDXX,0.09999817353360857
2021-04-29,12,AR1 alpha + Basic + One-Step,NASDAQ:IDXX,0.09999571496577998
2021-04-30,12,AR1 alpha + Basic + One-Step,NASDAQ:IDXX,0.09999746683539035
2021-05-03,12,AR1 alpha + Basic + One-Step,NASDAQ:IDXX,0.09999845082911134
2021-05-04,12,AR1 alpha + Basic + One-Step,NASDAQ:IDXX,0.0999989378761795
2021-05-05,12,AR1 alpha + Basic + One-Step,NASDAQ:IDXX,0.09998959609433221
2021-05-06,12,AR1 alpha + Basic + One-Step,NASDAQ:IDXX,0.09998284272183865
2021-05-07,12,AR1 alpha + Basic + One-Step,NASDAQ:IDXX,0.09998010990931841
2021-05-10,12,AR1 alpha + Basic + One-Step,NASDAQ:IDXX,0.09997622051265531
2021-05-11,12,AR1 alpha + Basic + One-Step,NASDAQ:IDXX,0.0999720043329021
2021-05-12,12,AR1 alpha + Basic + One-Step,NASDAQ:IDXX,0.09998090046367472
2021-05-13,12,AR1 alpha + Basic + One-Step,NASDAQ:IDXX,0.09998718206166976
2021-05-14,12,AR1 alpha + Basic + One-Step,NASDAQ:IDXX,0.09999227717653733
2021-05-17,12,AR1 alpha + Basic + One-Step,NASDAQ:IDXX,0.09998258227080091
2021-05-18,12,AR1 alpha + Basic + One-Step,NASDAQ:IDXX,0.09998954121597403
2021-05-19,12,AR1 alpha + Basic + One-Step,NASDAQ:IDXX,0.09999369479059808
2021-05-20,12,AR1 alpha + Basic + One-Step,NASDAQ:IDXX,0.09999621581498906
2021-05-21,12,AR1 alpha + Basic + One-Step,NASDAQ:IDXX,0.09999872700665981
2021-05-24,12,AR1 alpha + Basic + One-Step,NASDAQ:IDXX,0.02650225658854329
2021-05-25,12,AR1 alpha + Basic + One-Step,NASDAQ:IDXX,0.0034290156503968107
2021-05-26,12,AR1 alpha + Basic + One-Step,NASDAQ:IDXX,0.0
2021-05-27,12,AR1 alpha + Basic + One-Step,NASDAQ:IDXX,0.06749602011611947
2021-05-28,12,AR1 alpha + Basic + One-Step,NASDAQ:IDXX,0.06343830695270898
2021-06-01,12,AR1 alpha + Basic + One-Step,NASDAQ:IDXX,0.09999896472210817
2021-06-02,12,AR1 alpha + Basic + One-Step,NASDAQ:IDXX,0.09998834539640448
2021-06-03,12,AR1 alpha + Basic + One-Step,NASDAQ:IDXX,0.0999849964148018
2021-06-04,12,AR1 alpha + Basic + One-Step,NASDAQ:IDXX,0.09998803217289597
2021-06-07,12,AR1 alpha + Basic + One-Step,NASDAQ:IDXX,0.09999250490136918
2021-06-08,12,AR1 alpha + Basic + One-Step,NASDAQ:IDXX,0.06769289181155828
2021-06-09,12,AR1 alpha + Basic + One-Step,NASDAQ:IDXX,0.025020974052640556
2021-06-10,12,AR1 alpha + Basic + One-Step,NASDAQ:IDXX,0.0
2021-06-11,12,AR1 alpha + Basic + One-Step,NASDAQ:IDXX,0.0
2021-06-14,12,AR1 alpha + Basic + One-Step,NASDAQ:IDXX,0.0
2021-06-15,12,AR1 alpha + Basic + One-Step,NASDAQ:IDXX,0.002300940291735042
2021-06-16,12,AR1 alpha + Basic + One-Step,NASDAQ:IDXX,0.054178402871143005
2021-06-17,12,AR1 alpha + Basic + One-Step,NASDAQ:IDXX,0.0
2021-06-18,12,AR1 alpha + Basic + One-Step,NASDAQ:IDXX,0.0005293666133661452
2021-06-21,12,AR1 alpha + Basic + One-Step,NASDAQ:IDXX,0.008365901493014801
2021-06-22,12,AR1 alpha + Basic + One-Step,NASDAQ:IDXX,0.03257191638756779
2021-06-23,12,AR1 alpha + Basic + One-Step,NASDAQ:IDXX,0.018874642801130534
2021-06-24,12,AR1 alpha + Basic + One-Step,NASDAQ:IDXX,0.031567752003012026
2021-06-25,12,AR1 alpha + Basic + One-Step,NASDAQ:IDXX,0.023192528426369187
2021-06-28,12,AR1 alpha + Basic + One-Step,NASDAQ:IDXX,0.0
2021-06-29,12,AR1 alpha + Basic + One-Step,NASDAQ:IDXX,0.0
2021-06-30,12,AR1 alpha + Basic + One-Step,NASDAQ:IDXX,0.06728248663029604
2021-07-01,12,AR1 alpha + Basic + One-Step,NASDAQ:IDXX,0.0049224849666246896
2021-07-02,12,AR1 alpha + Basic + One-Step,NASDAQ:IDXX,0.017039443063101938
2021-07-06,12,AR1 alpha + Basic + One-Step,NASDAQ:IDXX,0.0
2021-07-07,12,AR1 alpha + Basic + One-Step,NASDAQ:IDXX,0.008990158848576504
2021-07-08,12,AR1 alpha + Basic + One-Step,NASDAQ:IDXX,0.06117420374503846
2021-07-09,12,AR1 alpha + Basic + One-Step,NASDAQ:IDXX,0.09997770837986
2021-07-12,12,AR1 alpha + Basic + One-Step,NASDAQ:IDXX,0.09998445803780498
2021-07-13,12,AR1 alpha + Basic + One-Step,NASDAQ:IDXX,0.09998975253745632
2021-07-14,12,AR1 alpha + Basic + One-Step,NASDAQ:IDXX,0.09998152455025096
2021-07-15,12,AR1 alpha + Basic + One-Step,NASDAQ:IDXX,0.099981096190589
2021-07-16,12,AR1 alpha + Basic + One-Step,NASDAQ:IDXX,0.09999175727925952
2021-07-19,12,AR1 alpha + Basic + One-Step,NASDAQ:IDXX,0.09998572772913326
2021-07-20,12,AR1 alpha + Basic + One-Step,NASDAQ:IDXX,0.09998269505723607
2021-07-21,12,AR1 alpha + Basic + One-Step,NASDAQ:IDXX,0.09998401196324923
2021-07-22,12,AR1 alpha + Basic + One-Step,NASDAQ:IDXX,0.09997940021171327
2021-07-23,12,AR1 alpha + Basic + One-Step,NASDAQ:IDXX,0.0728191737380234
2021-07-26,12,AR1 alpha + Basic + One-Step,NASDAQ:IDXX,0.10000028558067482
2021-07-27,12,AR1 alpha + Basic + One-Step,NASDAQ:IDXX,0.10000099692265188
2021-07-28,12,AR1 alpha + Basic + One-Step,NASDAQ:IDXX,0.09998662091065166
2021-07-29,12,AR1 alpha + Basic + One-Step,NASDAQ:IDXX,0.0999776413796056
2021-07-30,12,AR1 alpha + Basic + One-Step,NASDAQ:IDXX,0.09997217827061494
2021-08-02,12,AR1 alpha + Basic + One-Step,NASDAQ:IDXX,0.09997996396174386
2021-08-03,12,AR1 alpha + Basic + One-Step,NASDAQ:IDXX,0.09999740144891335
2021-08-04,12,AR1 alpha + Basic + One-Step,NASDAQ:IDXX,0.09999833695375754
2021-08-05,12,AR1 alpha + Basic + One-Step,NASDAQ:IDXX,0.09999007674262313
2021-08-06,12,AR1 alpha + Basic + One-Step,NASDAQ:IDXX,0.09998782775870456
2021-08-09,12,AR1 alpha + Basic + One-Step,NASDAQ:IDXX,0.09999269896295149
2021-08-10,12,AR1 alpha + Basic + One-Step,NASDAQ:IDXX,0.09999500649862146
2021-08-11,12,AR1 alpha + Basic + One-Step,NASDAQ:IDXX,0.09999676354408235
2021-08-12,12,AR1 alpha + Basic + One-Step,NASDAQ:IDXX,0.09998622663634997
2021-08-13,12,AR1 alpha + Basic + One-Step,NASDAQ:IDXX,0.09998371322639038
2021-08-16,12,AR1 alpha + Basic + One-Step,NASDAQ:IDXX,0.09998901735518054
2021-08-17,12,AR1 alpha + Basic + One-Step,NASDAQ:IDXX,0.09999263639038314
2021-08-18,12,AR1 alpha + Basic + One-Step,NASDAQ:IDXX,0.09998715592998134
2021-08-19,12,AR1 alpha + Basic + One-Step,NASDAQ:IDXX,0.09998134415216538
2021-08-20,12,AR1 alpha + Basic + One-Step,NASDAQ:IDXX,0.09998749809094197
2021-08-23,12,AR1 alpha + Basic + One-Step,NASDAQ:IDXX,0.09997986599370444
2021-08-24,12,AR1 alpha + Basic + One-Step,NASDAQ:IDXX,0.09998644050702467
2021-08-25,12,AR1 alpha + Basic + One-Step,NASDAQ:IDXX,0.09998503715563371
2021-08-26,12,AR1 alpha + Basic + One-Step,NASDAQ:IDXX,0.09998997212886311
2021-08-27,12,AR1 alpha + Basic + One-Step,NASDAQ:IDXX,0.09999501042652106
2021-08-30,12,AR1 alpha + Basic + One-Step,NASDAQ:IDXX,0.09999674498645048
2021-08-31,12,AR1 alpha + Basic + One-Step,NASDAQ:IDXX,0.09999538315270658
2021-09-01,12,AR1 alpha + Basic + One-Step,NASDAQ:IDXX,0.09998077531826767
2021-09-02,12,AR1 alpha + Basic + One-Step,NASDAQ:IDXX,0.0999861520585729
2021-09-03,12,AR1 alpha + Basic + One-Step,NASDAQ:IDXX,0.09998166397600666
2021-09-07,12,AR1 alpha + Basic + One-Step,NASDAQ:IDXX,0.09997758706262694
2021-09-08,12,AR1 alpha + Basic + One-Step,NASDAQ:IDXX,0.09997031086261235
2021-09-09,12,AR1 alpha + Basic + One-Step,NASDAQ:IDXX,0.09999944936677398
2021-09-10,12,AR1 alpha + Basic + One-Step,NASDAQ:IDXX,0.09999595769269035
2021-09-13,12,AR1 alpha + Basic + One-Step,NASDAQ:IDXX,0.0999966215634745
2021-09-14,12,AR1 alpha + Basic + One-Step,NASDAQ:IDXX,0.10000255141491987
2021-09-15,12,AR1 alpha + Basic + One-Step,NASDAQ:IDXX,0.09999447539498009
2021-09-16,12,AR1 alpha + Basic + One-Step,NASDAQ:IDXX,0.09999270704750844
2021-09-17,12,AR1 alpha + Basic + One-Step,NASDAQ:IDXX,0.0999863673975339
2021-09-20,12,AR1 alpha + Basic + One-Step,NASDAQ:IDXX,0.09999074716451124
2021-09-21,12,AR1 alpha + Basic + One-Step,NASDAQ:IDXX,0.0999939038798555
2021-09-22,12,AR1 alpha + Basic + One-Step,NASDAQ:IDXX,0.09998853981145996
2021-09-23,12,AR1 alpha + Basic + One-Step,NASDAQ:IDXX,0.08096386258747897
2021-09-24,12,AR1 alpha + Basic + One-Step,NASDAQ:IDXX,0.0999894553814941
2021-09-27,12,AR1 alpha + Basic + One-Step,NASDAQ:IDXX,0.09999039502341732
2021-09-28,12,AR1 alpha + Basic + One-Step,NASDAQ:IDXX,0.09998434910532861
2021-09-29,12,AR1 alpha + Basic + One-Step,NASDAQ:IDXX,0.09998931926686427
2021-09-30,12,AR1 alpha + Basic + One-Step,NASDAQ:IDXX,0.0999850558159529
2021-10-01,12,AR1 alpha + Basic + One-Step,NASDAQ:IDXX,0.09998842277120272
2021-10-04,12,AR1 alpha + Basic + One-Step,NASDAQ:IDXX,0.09998671296981093
2021-10-05,12,AR1 alpha + Basic + One-Step,NASDAQ:IDXX,0.09999088371535822
2021-10-06,12,AR1 alpha + Basic + One-Step,NASDAQ:IDXX,0.09999223416987296
2021-10-07,12,AR1 alpha + Basic + One-Step,NASDAQ:IDXX,0.09999351956012349
2021-10-08,12,AR1 alpha + Basic + One-Step,NASDAQ:IDXX,0.09999468968137137
2021-10-11,12,AR1 alpha + Basic + One-Step,NASDAQ:IDXX,0.09999123548984201
2021-10-12,12,AR1 alpha + Basic + One-Step,NASDAQ:IDXX,0.0999937085182899
2021-10-13,12,AR1 alpha + Basic + One-Step,NASDAQ:IDXX,0.07082442153779309
2021-10-14,12,AR1 alpha + Basic + One-Step,NASDAQ:IDXX,0.0
2021-10-15,12,AR1 alpha + Basic + One-Step,NASDAQ:IDXX,0.0
2021-10-18,12,AR1 alpha + Basic + One-Step,NASDAQ:IDXX,0.0
2021-10-19,12,AR1 alpha + Basic + One-Step,NASDAQ:IDXX,0.0
2021-10-20,12,AR1 alpha + Basic + One-Step,NASDAQ:IDXX,0.0
2021-10-21,12,AR1 alpha + Basic + One-Step,NASDAQ:IDXX,0.0
2021-10-22,12,AR1 alpha + Basic + One-Step,NASDAQ:IDXX,0.02648920130005741
2021-10-25,12,AR1 alpha + Basic + One-Step,NASDAQ:IDXX,0.034764907623668115
2021-10-26,12,AR1 alpha + Basic + One-Step,NASDAQ:IDXX,0.03716151244561971
2021-10-27,12,AR1 alpha + Basic + One-Step,NASDAQ:IDXX,0.09676680350690944
2021-10-28,12,AR1 alpha + Basic + One-Step,NASDAQ:IDXX,0.0
2021-10-29,12,AR1 alpha + Basic + One-Step,NASDAQ:IDXX,0.0
2021-11-01,12,AR1 alpha + Basic + One-Step,NASDAQ:IDXX,1.7184227177798453e-07
2021-11-02,12,AR1 alpha + Basic + One-Step,NASDAQ:IDXX,0.09999245869276883
2021-11-03,12,AR1 alpha + Basic + One-Step,NASDAQ:IDXX,0.09998853904963352
2021-11-04,12,AR1 alpha + Basic + One-Step,NASDAQ:IDXX,0.0
2021-11-05,12,AR1 alpha + Basic + One-Step,NASDAQ:IDXX,0.05492683981608763
2021-11-08,12,AR1 alpha + Basic + One-Step,NASDAQ:IDXX,0.0593987861589597
2021-11-09,12,AR1 alpha + Basic + One-Step,NASDAQ:IDXX,0.09806297604520568
2021-11-10,12,AR1 alpha + Basic + One-Step,NASDAQ:IDXX,0.08948599224385947
2021-11-11,12,AR1 alpha + Basic + One-Step,NASDAQ:IDXX,0.09999834537722978
2021-11-12,12,AR1 alpha + Basic + One-Step,NASDAQ:IDXX,0.0428712980664055
2021-11-15,12,AR1 alpha + Basic + One-Step,NASDAQ:IDXX,0.09202588749087089
2021-11-16,12,AR1 alpha + Basic + One-Step,NASDAQ:IDXX,0.0
2021-11-17,12,AR1 alpha + Basic + One-Step,NASDAQ:IDXX,0.031747915119720325
2021-11-18,12,AR1 alpha + Basic + One-Step,NASDAQ:IDXX,0.0
2021-11-19,12,AR1 alpha + Basic + One-Step,NASDAQ:IDXX,0.0
2021-11-22,12,AR1 alpha + Basic + One-Step,NASDAQ:IDXX,0.055186130005960135
2021-11-23,12,AR1 alpha + Basic + One-Step,NASDAQ:IDXX,0.08291378283535235
2021-11-24,12,AR1 alpha + Basic + One-Step,NASDAQ:IDXX,0.0
2021-11-26,12,AR1 alpha + Basic + One-Step,NASDAQ:IDXX,0.09998704449100651
2021-11-29,12,AR1 alpha + Basic + One-Step,NASDAQ:IDXX,0.0
2021-11-30,12,AR1 alpha + Basic + One-Step,NASDAQ:IDXX,0.09999584006608934
2021-12-01,12,AR1 alpha + Basic + One-Step,NASDAQ:IDXX,0.09999112672517071
2021-12-02,12,AR1 alpha + Basic + One-Step,NASDAQ:IDXX,0.09999073682753555
2021-12-03,12,AR1 alpha + Basic + One-Step,NASDAQ:IDXX,0.09999361168337285
2021-12-06,12,AR1 alpha + Basic + One-Step,NASDAQ:IDXX,0.0999893181898191
2021-12-07,12,AR1 alpha + Basic + One-Step,NASDAQ:IDXX,0.026551373286114007
2021-12-08,12,AR1 alpha + Basic + One-Step,NASDAQ:IDXX,0.0
2021-12-09,12,AR1 alpha + Basic + One-Step,NASDAQ:IDXX,0.0
2021-12-10,12,AR1 alpha + Basic + One-Step,NASDAQ:IDXX,0.0
2021-12-13,12,AR1 alpha + Basic + One-Step,NASDAQ:IDXX,0.0
2021-12-14,12,AR1 alpha + Basic + One-Step,NASDAQ:IDXX,0.04648917776815122
2021-12-15,12,AR1 alpha + Basic + One-Step,NASDAQ:IDXX,0.0
2021-12-16,12,AR1 alpha + Basic + One-Step,NASDAQ:IDXX,0.0
2021-12-17,12,AR1 alpha + Basic + One-Step,NASDAQ:IDXX,0.0
2021-12-20,12,AR1 alpha + Basic + One-Step,NASDAQ:IDXX,0.0
2021-12-21,12,AR1 alpha + Basic + One-Step,NASDAQ:IDXX,0.0
2021-12-22,12,AR1 alpha + Basic + One-Step,NASDAQ:IDXX,2.1762328172540249e-07
2021-12-23,12,AR1 alpha + Basic + One-Step,NASDAQ:IDXX,0.0
2021-12-27,12,AR1 alpha + Basic + One-Step,NASDAQ:IDXX,0.0
2021-12-28,12,AR1 alpha + Basic + One-Step,NASDAQ:IDXX,0.0
2021-12-29,12,AR1 alpha + Basic + One-Step,NASDAQ:IDXX,0.0
2021-12-30,12,AR1 alpha + Basic + One-Step,NASDAQ:IDXX,6.098662023592459e-07
2021-12-31,12,AR1 alpha + Basic + One-Step,NASDAQ:IDXX,2.550454145978069e-07
2022-01-03,12,AR1 alpha + Basic + One-Step,NASDAQ:IDXX,0.09368504126307232
2022-01-04,12,AR1 alpha + Basic + One-Step,NASDAQ:IDXX,0.10000000000000005
2022-01-05,12,AR1 alpha + Basic + One-Step,NASDAQ:IDXX,0.09999999999999996
2022-01-06,12,AR1 alpha + Basic + One-Step,NASDAQ:IDXX,0.07502400915106043
2022-01-07,12,AR1 alpha + Basic + One-Step,NASDAQ:IDXX,0.06309717770644825
2022-01-10,12,AR1 alpha + Basic + One-Step,NASDAQ:IDXX,0.009932059302009317
2022-01-11,12,AR1 alpha + Basic + One-Step,NASDAQ:IDXX,0.0
2022-01-12,12,AR1 alpha + Basic + One-Step,NASDAQ:IDXX,0.0
2022-01-13,12,AR1 alpha + Basic + One-Step,NASDAQ:IDXX,2.322339022001561e-06
2022-01-14,12,AR1 alpha + Basic + One-Step,NASDAQ:IDXX,0.0
2022-01-18,12,AR1 alpha + Basic + One-Step,NASDAQ:IDXX,0.0
2022-01-19,12,AR1 alpha + Basic + One-Step,NASDAQ:IDXX,0.0
2022-01-20,12,AR1 alpha + Basic + One-Step,NASDAQ:IDXX,0.0
2022-01-21,12,AR1 alpha + Basic + One-Step,NASDAQ:IDXX,3.6030741744789586e-07
2022-01-24,12,AR1 alpha + Basic + One-Step,NASDAQ:IDXX,0.0
2022-01-25,12,AR1 alpha + Basic + One-Step,NASDAQ:IDXX,0.0
2022-01-26,12,AR1 alpha + Basic + One-Step,NASDAQ:IDXX,2.9089616278839568e-08
2022-01-27,12,AR1 alpha + Basic + One-Step,NASDAQ:IDXX,0.0
2022-01-28,12,AR1 alpha + Basic + One-Step,NASDAQ:IDXX,0.0
2022-01-31,12,AR1 alpha + Basic + One-Step,NASDAQ:IDXX,0.0
2022-02-01,12,AR1 alpha + Basic + One-Step,NASDAQ:IDXX,0.0
2022-02-02,12,AR1 alpha + Basic + One-Step,NASDAQ:IDXX,0.0
2022-02-03,12,AR1 alpha + Basic + One-Step,NASDAQ:IDXX,0.0
2022-02-04,12,AR1 alpha + Basic + One-Step,NASDAQ:IDXX,1.6540222899701095e-07
2022-02-07,12,AR1 alpha + Basic + One-Step,NASDAQ:IDXX,2.750966880768668e-07
2022-02-08,12,AR1 alpha + Basic + One-Step,NASDAQ:IDXX,1.2300798381987559e-06
2022-02-09,12,AR1 alpha + Basic + One-Step,NASDAQ:IDXX,0.0
2022-02-10,12,AR1 alpha + Basic + One-Step,NASDAQ:IDXX,0.0
2022-02-11,12,AR1 alpha + Basic + One-Step,NASDAQ:IDXX,6.429447598958238e-08
2022-02-14,12,AR1 alpha + Basic + One-Step,NASDAQ:IDXX,0.0
2022-02-15,12,AR1 alpha + Basic + One-Step,NASDAQ:IDXX,0.0
2022-02-16,12,AR1 alpha + Basic + One-Step,NASDAQ:IDXX,0.0
2022-02-17,12,AR1 alpha + Basic + One-Step,NASDAQ:IDXX,0.0
2022-02-18,12,AR1 alpha + Basic + One-Step,NASDAQ:IDXX,2.380582980380292e-07
2022-02-22,12,AR1 alpha + Basic + One-Step,NASDAQ:IDXX,1.4746997316689185e-07
2022-02-23,12,AR1 alpha + Basic + One-Step,NASDAQ:IDXX,0.0
2022-02-24,12,AR1 alpha + Basic + One-Step,NASDAQ:IDXX,0.0
2022-02-25,12,AR1 alpha + Basic + One-Step,NASDAQ:IDXX,0.0
2022-02-28,12,AR1 alpha + Basic + One-Step,NASDAQ:IDXX,0.0
2022-03-01,12,AR1 alpha + Basic + One-Step,NASDAQ:IDXX,2.0499131075478185e-09
2022-03-02,12,AR1 alpha + Basic + One-Step,NASDAQ:IDXX,0.0
2022-03-03,12,AR1 alpha + Basic + One-Step,NASDAQ:IDXX,0.0
2022-03-04,12,AR1 alpha + Basic + One-Step,NASDAQ:IDXX,0.0
2022-03-07,12,AR1 alpha + Basic + One-Step,NASDAQ:IDXX,2.0301435333454505e-09
2022-03-08,12,AR1 alpha + Basic + One-Step,NASDAQ:IDXX,1.010824443981284e-06
2022-03-09,12,AR1 alpha + Basic + One-Step,NASDAQ:IDXX,0.0
2022-03-10,12,AR1 alpha + Basic + One-Step,NASDAQ:IDXX,0.0
2022-03-11,12,AR1 alpha + Basic + One-Step,NASDAQ:IDXX,3.953701940550206e-08
2022-03-14,12,AR1 alpha + Basic + One-Step,NASDAQ:IDXX,0.0
2022-03-15,12,AR1 alpha + Basic + One-Step,NASDAQ:IDXX,0.0
2022-03-16,12,AR1 alpha + Basic + One-Step,NASDAQ:IDXX,0.0
2022-03-17,12,AR1 alpha + Basic + One-Step,NASDAQ:IDXX,0.0
2022-03-18,12,AR1 alpha + Basic + One-Step,NASDAQ:IDXX,0.044216024637399085
2022-03-21,12,AR1 alpha + Basic + One-Step,NASDAQ:IDXX,0.0
2022-03-22,12,AR1 alpha + Basic + One-Step,NASDAQ:IDXX,0.05669843305110012
2022-03-23,12,AR1 alpha + Basic + One-Step,NASDAQ:IDXX,0.0
2022-03-24,12,AR1 alpha + Basic + One-Step,NASDAQ:IDXX,4.2626585513256595e-08
2022-03-25,12,AR1 alpha + Basic + One-Step,NASDAQ:IDXX,0.0
2022-03-28,12,AR1 alpha + Basic + One-Step,NASDAQ:IDXX,0.0
2022-03-29,12,AR1 alpha + Basic + One-Step,NASDAQ:IDXX,0.00647918116430463
2022-03-30,12,AR1 alpha + Basic + One-Step,NASDAQ:IDXX,0.0
2022-03-31,12,AR1 alpha + Basic + One-Step,NASDAQ:IDXX,0.0
2022-04-01,12,AR1 alpha + Basic + One-Step,NASDAQ:IDXX,0.0
2022-04-04,12,AR1 alpha + Basic + One-Step,NASDAQ:IDXX,0.0
2022-04-05,12,AR1 alpha + Basic + One-Step,NASDAQ:IDXX,0.0
2022-04-06,12,AR1 alpha + Basic + One-Step,NASDAQ:IDXX,0.0
2022-04-07,12,AR1 alpha + Basic + One-Step,NASDAQ:IDXX,1.3434071778045281e-08
2022-04-08,12,AR1 alpha + Basic + One-Step,NASDAQ:IDXX,0.0
2022-04-11,12,AR1 alpha + Basic + One-Step,NASDAQ:IDXX,0.0
2022-04-12,12,AR1 alpha + Basic + One-Step,NASDAQ:IDXX,0.0
2022-04-13,12,AR1 alpha + Basic + One-Step,NASDAQ:IDXX,3.3685399395551636e-07
2022-04-14,12,AR1 alpha + Basic + One-Step,NASDAQ:IDXX,6.171110399145441e-08
2022-04-18,12,AR1 alpha + Basic + One-Step,NASDAQ:IDXX,0.0
2022-04-19,12,AR1 alpha + Basic + One-Step,NASDAQ:IDXX,0.0
2022-04-20,12,AR1 alpha + Basic + One-Step,NASDAQ:IDXX,9.588831356853382e-08
2022-04-21,12,AR1 alpha + Basic + One-Step,NASDAQ:IDXX,0.0
2022-04-22,12,AR1 alpha + Basic + One-Step,NASDAQ:IDXX,0.0
2022-04-25,12,AR1 alpha + Basic + One-Step,NASDAQ:IDXX,0.0
2022-04-26,12,AR1 alpha + Basic + One-Step,NASDAQ:IDXX,0.0
2022-04-27,12,AR1 alpha + Basic + One-Step,NASDAQ:IDXX,0.0
2022-04-28,12,AR1 alpha + Basic + One-Step,NASDAQ:IDXX,0.0
2022-04-29,12,AR1 alpha + Basic + One-Step,NASDAQ:IDXX,0.0
2022-05-02,12,AR1 alpha + Basic + One-Step,NASDAQ:IDXX,0.0
2022-05-03,12,AR1 alpha + Basic + One-Step,NASDAQ:IDXX,0.0
2022-05-04,12,AR1 alpha + Basic + One-Step,NASDAQ:IDXX,1.6781080649153367e-07
2022-05-05,12,AR1 alpha + Basic + One-Step,NASDAQ:IDXX,0.0
2022-05-06,12,AR1 alpha + Basic + One-Step,NASDAQ:IDXX,0.0
2022-05-09,12,AR1 alpha + Basic + One-Step,NASDAQ:IDXX,0.0
2022-05-10,12,AR1 alpha + Basic + One-Step,NASDAQ:IDXX,2.645483240096286e-07
2022-05-11,12,AR1 alpha + Basic + One-Step,NASDAQ:IDXX,0.0
2022-05-12,12,AR1 alpha + Basic + One-Step,NASDAQ:IDXX,7.11602923782571e-08
2022-05-13,12,AR1 alpha + Basic + One-Step,NASDAQ:IDXX,0.0
2022-05-16,12,AR1 alpha + Basic + One-Step,NASDAQ:IDXX,5.135134055467341e-07
2022-05-17,12,AR1 alpha + Basic + One-Step,NASDAQ:IDXX,0.0
2022-05-18,12,AR1 alpha + Basic + One-Step,NASDAQ:IDXX,9.031130560111524e-07
2022-05-19,12,AR1 alpha + Basic + One-Step,NASDAQ:IDXX,0.0
2022-05-20,12,AR1 alpha + Basic + One-Step,NASDAQ:IDXX,0.0
2022-05-23,12,AR1 alpha + Basic + One-Step,NASDAQ:IDXX,2.7638109218781207e-07
2022-05-24,12,AR1 alpha + Basic + One-Step,NASDAQ:IDXX,0.0
2022-05-25,12,AR1 alpha + Basic + One-Step,NASDAQ:IDXX,1.1335774355774102e-07
2022-05-26,12,AR1 alpha + Basic + One-Step,NASDAQ:IDXX,0.045064411177425885
2022-05-27,12,AR1 alpha + Basic + One-Step,NASDAQ:IDXX,0.09999995813809803
2022-05-31,12,AR1 alpha + Basic + One-Step,NASDAQ:IDXX,0.0
2022-06-01,12,AR1 alpha + Basic + One-Step,NASDAQ:IDXX,0.0
2022-06-02,12,AR1 alpha + Basic + One-Step,NASDAQ:IDXX,0.0
2022-06-03,12,AR1 alpha + Basic + One-Step,NASDAQ:IDXX,0.0
2022-06-06,12,AR1 alpha + Basic + One-Step,NASDAQ:IDXX,1.5261661278587573e-07
2022-06-07,12,AR1 alpha + Basic + One-Step,NASDAQ:IDXX,0.0
2022-06-08,12,AR1 alpha + Basic + One-Step,NASDAQ:IDXX,4.688700841900334e-07
2022-06-09,12,AR1 alpha + Basic + One-Step,NASDAQ:IDXX,2.7287221925282746e-07
2022-06-10,12,AR1 alpha + Basic + One-Step,NASDAQ:IDXX,0.0
2022-06-13,12,AR1 alpha + Basic + One-Step,NASDAQ:IDXX,3.1882040529038124e-07
2022-06-14,12,AR1 alpha + Basic + One-Step,NASDAQ:IDXX,1.9390534034451448e-07
2022-06-15,12,AR1 alpha + Basic + One-Step,NASDAQ:IDXX,0.0
2022-06-16,12,AR1 alpha + Basic + One-Step,NASDAQ:IDXX,0.0
2022-06-17,12,AR1 alpha + Basic + One-Step,NASDAQ:IDXX,0.0
2022-06-21,12,AR1 alpha + Basic + One-Step,NASDAQ:IDXX,1.1750892319153015e-06
2022-06-22,12,AR1 alpha + Basic + One-Step,NASDAQ:IDXX,5.535469745125663e-07
2022-06-23,12,AR1 alpha + Basic + One-Step,NASDAQ:IDXX,0.0
2022-06-24,12,AR1 alpha + Basic + One-Step,NASDAQ:IDXX,0.0
2022-06-27,12,AR1 alpha + Basic + One-Step,NASDAQ:IDXX,0.0
2022-06-28,12,AR1 alpha + Basic + One-Step,NASDAQ:IDXX,0.0
2022-06-29,12,AR1 alpha + Basic + One-Step,NASDAQ:IDXX,0.0
2022-06-30,12,AR1 alpha + Basic + One-Step,NASDAQ:IDXX,0.0
2022-07-01,12,AR1 alpha + Basic + One-Step,NASDAQ:IDXX,0.0
2022-07-05,12,AR1 alpha + Basic + One-Step,NASDAQ:IDXX,0.0
2022-07-06,12,AR1 alpha + Basic + One-Step,NASDAQ:IDXX,0.0
2022-07-07,12,AR1 alpha + Basic + One-Step,NASDAQ:IDXX,0.0
2022-07-08,12,AR1 alpha + Basic + One-Step,NASDAQ:IDXX,0.0
2022-07-11,12,AR1 alpha + Basic + One-Step,NASDAQ:IDXX,0.0
2022-07-12,12,AR1 alpha + Basic + One-Step,NASDAQ:IDXX,9.743749899078984e-08
2022-07-13,12,AR1 alpha + Basic + One-Step,NASDAQ:IDXX,2.586269940836984e-07
2022-07-14,12,AR1 alpha + Basic + One-Step,NASDAQ:IDXX,0.0
2022-07-15,12,AR1 alpha + Basic + One-Step,NASDAQ:IDXX,0.0
2022-07-18,12,AR1 alpha + Basic + One-Step,NASDAQ:IDXX,2.0746119148011037e-09
2022-07-19,12,AR1 alpha + Basic + One-Step,NASDAQ:IDXX,0.0
2022-07-20,12,AR1 alpha + Basic + One-Step,NASDAQ:IDXX,0.0
2022-07-21,12,AR1 alpha + Basic + One-Step,NASDAQ:IDXX,3.3273267878834315e-08
2022-07-22,12,AR1 alpha + Basic + One-Step,NASDAQ:IDXX,0.0
2022-07-25,12,AR1 alpha + Basic + One-Step,NASDAQ:IDXX,0.0
2022-07-26,12,AR1 alpha + Basic + One-Step,NASDAQ:IDXX,0.0
2022-07-27,12,AR1 alpha + Basic + One-Step,NASDAQ:IDXX,0.0
2022-07-28,12,AR1 alpha + Basic + One-Step,NASDAQ:IDXX,0.0
2022-07-29,12,AR1 alpha + Basic + One-Step,NASDAQ:IDXX,0.0
2022-08-01,12,AR1 alpha + Basic + One-Step,NASDAQ:IDXX,0.0
2022-08-02,12,AR1 alpha + Basic + One-Step,NASDAQ:IDXX,0.0
2022-08-03,12,AR1 alpha + Basic + One-Step,NASDAQ:IDXX,0.0
2022-08-04,12,AR1 alpha + Basic + One-Step,NASDAQ:IDXX,0.0
2022-08-05,12,AR1 alpha + Basic + One-Step,NASDAQ:IDXX,0.0
2022-08-08,12,AR1 alpha + Basic + One-Step,NASDAQ:IDXX,0.0
2022-08-09,12,AR1 alpha + Basic + One-Step,NASDAQ:IDXX,0.0
2022-08-10,12,AR1 alpha + Basic + One-Step,NASDAQ:IDXX,0.0
2022-08-11,12,AR1 alpha + Basic + One-Step,NASDAQ:IDXX,0.0
2022-08-12,12,AR1 alpha + Basic + One-Step,NASDAQ:IDXX,0.0
2022-08-15,12,AR1 alpha + Basic + One-Step,NASDAQ:IDXX,0.0
2022-08-16,12,AR1 alpha + Basic + One-Step,NASDAQ:IDXX,0.0
2022-08-17,12,AR1 alpha + Basic + One-Step,NASDAQ:IDXX,0.0
2022-08-18,12,AR1 alpha + Basic + One-Step,NASDAQ:IDXX,0.0
2022-08-19,12,AR1 alpha + Basic + One-Step,NASDAQ:IDXX,0.0
2022-08-22,12,AR1 alpha + Basic + One-Step,NASDAQ:IDXX,0.0
2022-08-23,12,AR1 alpha + Basic + One-Step,NASDAQ:IDXX,0.0
2022-08-24,12,AR1 alpha + Basic + One-Step,NASDAQ:IDXX,6.66649062157826e-08
2022-08-25,12,AR1 alpha + Basic + One-Step,NASDAQ:IDXX,0.0
2022-08-26,12,AR1 alpha + Basic + One-Step,NASDAQ:IDXX,0.0
2022-08-29,12,AR1 alpha + Basic + One-Step,NASDAQ:IDXX,0.0
2022-08-30,12,AR1 alpha + Basic + One-Step,NASDAQ:IDXX,0.0
2022-08-31,12,AR1 alpha + Basic + One-Step,NASDAQ:IDXX,0.0
2022-09-01,12,AR1 alpha + Basic + One-Step,NASDAQ:IDXX,0.0
2022-09-02,12,AR1 alpha + Basic + One-Step,NASDAQ:IDXX,0.0
2022-09-06,12,AR1 alpha + Basic + One-Step,NASDAQ:IDXX,0.0
2022-09-07,12,AR1 alpha + Basic + One-Step,NASDAQ:IDXX,0.0
2022-09-08,12,AR1 alpha + Basic + One-Step,NASDAQ:IDXX,6.25470796971748e-07
2022-09-09,12,AR1 alpha + Basic + One-Step,NASDAQ:IDXX,0.0
2022-09-12,12,AR1 alpha + Basic + One-Step,NASDAQ:IDXX,0.0
2022-09-13,12,AR1 alpha + Basic + One-Step,NASDAQ:IDXX,5.3435526273009205e-08
2022-09-14,12,AR1 alpha + Basic + One-Step,NASDAQ:IDXX,6.639729676341094e-08
2022-09-15,12,AR1 alpha + Basic + One-Step,NASDAQ:IDXX,0.0
2022-09-16,12,AR1 alpha + Basic + One-Step,NASDAQ:IDXX,7.4382631079857e-08
2022-09-19,12,AR1 alpha + Basic + One-Step,NASDAQ:IDXX,0.0
2022-09-20,12,AR1 alpha + Basic + One-Step,NASDAQ:IDXX,0.0
2022-09-21,12,AR1 alpha + Basic + One-Step,NASDAQ:IDXX,0.0
2022-09-22,12,AR1 alpha + Basic + One-Step,NASDAQ:IDXX,0.0
2022-09-23,12,AR1 alpha + Basic + One-Step,NASDAQ:IDXX,0.0
2022-09-26,12,AR1 alpha + Basic + One-Step,NASDAQ:IDXX,2.405527273754405e-09
2022-09-27,12,AR1 alpha + Basic + One-Step,NASDAQ:IDXX,0.0
2022-09-28,12,AR1 alpha + Basic + One-Step,NASDAQ:IDXX,0.0
2022-09-29,12,AR1 alpha + Basic + One-Step,NASDAQ:IDXX,0.0
2022-09-30,12,AR1 alpha + Basic + One-Step,NASDAQ:IDXX,0.0
2022-10-03,12,AR1 alpha + Basic + One-Step,NASDAQ:IDXX,0.0
2022-10-04,12,AR1 alpha + Basic + One-Step,NASDAQ:IDXX,0.0
2022-10-05,12,AR1 alpha + Basic + One-Step,NASDAQ:IDXX,8.430024256412589e-08
2022-10-06,12,AR1 alpha + Basic + One-Step,NASDAQ:IDXX,0.0
2022-10-07,12,AR1 alpha + Basic + One-Step,NASDAQ:IDXX,0.0
2022-10-10,12,AR1 alpha + Basic + One-Step,NASDAQ:IDXX,0.0
2022-10-11,12,AR1 alpha + Basic + One-Step,NASDAQ:IDXX,0.0
2022-10-12,12,AR1 alpha + Basic + One-Step,NASDAQ:IDXX,0.0
2022-10-13,12,AR1 alpha + Basic + One-Step,NASDAQ:IDXX,2.2392667124317216e-07
2022-10-14,12,AR1 alpha + Basic + One-Step,NASDAQ:IDXX,3.161483854437015e-07
2022-10-17,12,AR1 alpha + Basic + One-Step,NASDAQ:IDXX,4.1174288402498645e-07
2022-10-18,12,AR1 alpha + Basic + One-Step,NASDAQ:IDXX,0.0
2022-10-19,12,AR1 alpha + Basic + One-Step,NASDAQ:IDXX,0.0
2022-10-20,12,AR1 alpha + Basic + One-Step,NASDAQ:IDXX,0.0
2022-10-21,12,AR1 alpha + Basic + One-Step,NASDAQ:IDXX,4.3078613168601975e-09
2022-10-24,12,AR1 alpha + Basic + One-Step,NASDAQ:IDXX,0.0
2022-10-25,12,AR1 alpha + Basic + One-Step,NASDAQ:IDXX,0.0
2022-10-26,12,AR1 alpha + Basic + One-Step,NASDAQ:IDXX,0.0
2022-10-27,12,AR1 alpha + Basic + One-Step,NASDAQ:IDXX,0.0
2022-10-28,12,AR1 alpha + Basic + One-Step,NASDAQ:IDXX,0.0
2022-10-31,12,AR1 alpha + Basic + One-Step,NASDAQ:IDXX,0.0
2022-11-01,12,AR1 alpha + Basic + One-Step,NASDAQ:IDXX,0.09999655785292341
2022-11-02,12,AR1 alpha + Basic + One-Step,NASDAQ:IDXX,5.995236934040314e-07
2022-11-03,12,AR1 alpha + Basic + One-Step,NASDAQ:IDXX,1.0448535707894979e-06
2022-11-04,12,AR1 alpha + Basic + One-Step,NASDAQ:IDXX,5.312457991226296e-07
2022-11-07,12,AR1 alpha + Basic + One-Step,NASDAQ:IDXX,2.3607538835725756e-08
2022-11-08,12,AR1 alpha + Basic + One-Step,NASDAQ:IDXX,0.0
2022-11-09,12,AR1 alpha + Basic + One-Step,NASDAQ:IDXX,0.0
2022-11-10,12,AR1 alpha + Basic + One-Step,NASDAQ:IDXX,0.0016168998800979609
2022-11-11,12,AR1 alpha + Basic + One-Step,NASDAQ:IDXX,0.10000062596833595
2022-11-14,12,AR1 alpha + Basic + One-Step,NASDAQ:IDXX,0.0
2022-11-15,12,AR1 alpha + Basic + One-Step,NASDAQ:IDXX,0.0
2022-11-16,12,AR1 alpha + Basic + One-Step,NASDAQ:IDXX,1.736407148929721e-08
2022-11-17,12,AR1 alpha + Basic + One-Step,NASDAQ:IDXX,0.0
2022-11-18,12,AR1 alpha + Basic + One-Step,NASDAQ:IDXX,3.1829058239364207e-07
2022-11-21,12,AR1 alpha + Basic + One-Step,NASDAQ:IDXX,4.821749120947219e-07
2022-11-22,12,AR1 alpha + Basic + One-Step,NASDAQ:IDXX,1.9794356622987215e-07
2022-11-23,12,AR1 alpha + Basic + One-Step,NASDAQ:IDXX,3.704617865256036e-09
2022-11-25,12,AR1 alpha + Basic + One-Step,NASDAQ:IDXX,0.0
2022-11-28,12,AR1 alpha + Basic + One-Step,NASDAQ:IDXX,0.0
2022-11-29,12,AR1 alpha + Basic + One-Step,NASDAQ:IDXX,0.0
2022-11-30,12,AR1 alpha + Basic + One-Step,NASDAQ:IDXX,0.0
2022-12-01,12,AR1 alpha + Basic + One-Step,NASDAQ:IDXX,0.0
2022-12-02,12,AR1 alpha + Basic + One-Step,NASDAQ:IDXX,0.0
2022-12-05,12,AR1 alpha + Basic + One-Step,NASDAQ:IDXX,0.0
2022-12-06,12,AR1 alpha + Basic + One-Step,NASDAQ:IDXX,0.0
2022-12-07,12,AR1 alpha + Basic + One-Step,NASDAQ:IDXX,0.0
2022-12-08,12,AR1 alpha + Basic + One-Step,NASDAQ:IDXX,0.0
2022-12-09,12,AR1 alpha + Basic + One-Step,NASDAQ:IDXX,0.0
2022-12-12,12,AR1 alpha + Basic + One-Step,NASDAQ:IDXX,1.758858948446087e-08
2022-12-13,12,AR1 alpha + Basic + One-Step,NASDAQ:IDXX,5.918034806620004e-07
2022-12-14,12,AR1 alpha + Basic + One-Step,NASDAQ:IDXX,1.3566012474006855e-07
2022-12-15,12,AR1 alpha + Basic + One-Step,NASDAQ:IDXX,0.0
2022-12-16,12,AR1 alpha + Basic + One-Step,NASDAQ:IDXX,0.0
2022-12-19,12,AR1 alpha + Basic + One-Step,NASDAQ:IDXX,0.0
2022-12-20,12,AR1 alpha + Basic + One-Step,NASDAQ:IDXX,0.0
2022-12-21,12,AR1 alpha + Basic + One-Step,NASDAQ:IDXX,0.0
2022-12-22,12,AR1 alpha + Basic + One-Step,NASDAQ:IDXX,0.0
2022-12-23,12,AR1 alpha + Basic + One-Step,NASDAQ:IDXX,0.0
2022-12-27,12,AR1 alpha + Basic + One-Step,NASDAQ:IDXX,1.5983614386017685e-07
2022-12-28,12,AR1 alpha + Basic + One-Step,NASDAQ:IDXX,0.0
2022-12-29,12,AR1 alpha + Basic + One-Step,NASDAQ:IDXX,1.3827798115633338e-08
2022-12-30,12,AR1 alpha + Basic + One-Step,NASDAQ:IDXX,0.0
2023-01-03,12,AR1 alpha + Basic + One-Step,NASDAQ:IDXX,1.076782986061903e-07
2023-01-04,12,AR1 alpha + Basic + One-Step,NASDAQ:IDXX,0.0
2023-01-05,12,AR1 alpha + Basic + One-Step,NASDAQ:IDXX,0.0
2023-01-06,12,AR1 alpha + Basic + One-Step,NASDAQ:IDXX,0.05221873895410045
2023-01-09,12,AR1 alpha + Basic + One-Step,NASDAQ:IDXX,0.015234296559862035
2023-01-10,12,AR1 alpha + Basic + One-Step,NASDAQ:IDXX,0.09999757830488108
2023-01-11,12,AR1 alpha + Basic + One-Step,NASDAQ:IDXX,0.029244762789949565
2023-01-12,12,AR1 alpha + Basic + One-Step,NASDAQ:IDXX,0.021497507030562718
2023-01-13,12,AR1 alpha + Basic + One-Step,NASDAQ:IDXX,0.06598328579071523
2023-01-17,12,AR1 alpha + Basic + One-Step,NASDAQ:IDXX,0.026150220470525044
2023-01-18,12,AR1 alpha + Basic + One-Step,NASDAQ:IDXX,0.0
2023-01-19,12,AR1 alpha + Basic + One-Step,NASDAQ:IDXX,0.0
2023-01-20,12,AR1 alpha + Basic + One-Step,NASDAQ:IDXX,0.010069271180361964
2023-01-23,12,AR1 alpha + Basic + One-Step,NASDAQ:IDXX,0.003963910195686985
2023-01-24,12,AR1 alpha + Basic + One-Step,NASDAQ:IDXX,0.0
2023-01-25,12,AR1 alpha + Basic + One-Step,NASDAQ:IDXX,0.0
2023-01-26,12,AR1 alpha + Basic + One-Step,NASDAQ:IDXX,0.0
2023-01-27,12,AR1 alpha + Basic + One-Step,NASDAQ:IDXX,0.0
2023-01-30,12,AR1 alpha + Basic + One-Step,NASDAQ:IDXX,0.0
2023-01-31,12,AR1 alpha + Basic + One-Step,NASDAQ:IDXX,0.0
2023-02-01,12,AR1 alpha + Basic + One-Step,NASDAQ:IDXX,0.0
2023-02-02,12,AR1 alpha + Basic + One-Step,NASDAQ:IDXX,5.540530699981109e-07
2023-02-03,12,AR1 alpha + Basic + One-Step,NASDAQ:IDXX,9.146566477393492e-08
2023-02-06,12,AR1 alpha + Basic + One-Step,NASDAQ:IDXX,0.0
2023-02-07,12,AR1 alpha + Basic + One-Step,NASDAQ:IDXX,0.0
2023-02-08,12,AR1 alpha + Basic + One-Step,NASDAQ:IDXX,0.0
2023-02-09,12,AR1 alpha + Basic + One-Step,NASDAQ:IDXX,0.0
2023-02-10,12,AR1 alpha + Basic + One-Step,NASDAQ:IDXX,0.0
2023-02-13,12,AR1 alpha + Basic + One-Step,NASDAQ:IDXX,0.0
2023-02-14,12,AR1 alpha + Basic + One-Step,NASDAQ:IDXX,0.0
2023-02-15,12,AR1 alpha + Basic + One-Step,NASDAQ:IDXX,0.0
2023-02-16,12,AR1 alpha + Basic + One-Step,NASDAQ:IDXX,8.393615896439054e-09
2023-02-17,12,AR1 alpha + Basic + One-Step,NASDAQ:IDXX,0.0
2023-02-21,12,AR1 alpha + Basic + One-Step,NASDAQ:IDXX,0.0
2023-02-22,12,AR1 alpha + Basic + One-Step,NASDAQ:IDXX,0.0
2023-02-23,12,AR1 alpha + Basic + One-Step,NASDAQ:IDXX,1.8597855549061893e-08
2023-02-24,12,AR1 alpha + Basic + One-Step,NASDAQ:IDXX,0.0
2023-02-27,12,AR1 alpha + Basic + One-Step,NASDAQ:IDXX,0.0
2023-02-28,12,AR1 alpha + Basic + One-Step,NASDAQ:IDXX,5.984630586091312e-08
2023-03-01,12,AR1 alpha + Basic + One-Step,NASDAQ:IDXX,0.0
2023-03-02,12,AR1 alpha + Basic + One-Step,NASDAQ:IDXX,0.0
2023-03-03,12,AR1 alpha + Basic + One-Step,NASDAQ:IDXX,0.0
2023-03-06,12,AR1 alpha + Basic + One-Step,NASDAQ:IDXX,0.0
2023-03-07,12,AR1 alpha + Basic + One-Step,NASDAQ:IDXX,0.0
2023-03-08,12,AR1 alpha + Basic + One-Step,NASDAQ:IDXX,3.4373682883871365e-09
2023-03-09,12,AR1 alpha + Basic + One-Step,NASDAQ:IDXX,1.0627388775606865e-08
2023-03-10,12,AR1 alpha + Basic + One-Step,NASDAQ:IDXX,3.3158008043243376e-09
2023-03-13,12,AR1 alpha + Basic + One-Step,NASDAQ:IDXX,2.4696809016928123e-07
2023-03-14,12,AR1 alpha + Basic + One-Step,NASDAQ:IDXX,0.0
2023-03-15,12,AR1 alpha + Basic + One-Step,NASDAQ:IDXX,0.0
2023-03-16,12,AR1 alpha + Basic + One-Step,NASDAQ:IDXX,1.9678395002760774e-08
2023-03-17,12,AR1 alpha + Basic + One-Step,NASDAQ:IDXX,0.0
2023-03-20,12,AR1 alpha + Basic + One-Step,NASDAQ:IDXX,0.0
2023-03-21,12,AR1 alpha + Basic + One-Step,NASDAQ:IDXX,0.0
2023-03-22,12,AR1 alpha + Basic + One-Step,NASDAQ:IDXX,9.546190668578262e-09
2023-03-23,12,AR1 alpha + Basic + One-Step,NASDAQ:IDXX,4.035349625440655e-08
2023-03-24,12,AR1 alpha + Basic + One-Step,NASDAQ:IDXX,3.0435570684491486e-10
2023-03-27,12,AR1 alpha + Basic + One-Step,NASDAQ:IDXX,0.0
2023-03-28,12,AR1 alpha + Basic + One-Step,NASDAQ:IDXX,1.503829686921041e-08
2023-03-29,12,AR1 alpha + Basic + One-Step,NASDAQ:IDXX,0.0
2023-03-30,12,AR1 alpha + Basic + One-Step,NASDAQ:IDXX,0.0
2023-03-31,12,AR1 alpha + Basic + One-Step,NASDAQ:IDXX,2.114470402443613e-07
2023-04-03,12,AR1 alpha + Basic + One-Step,NASDAQ:IDXX,0.0
2023-04-04,12,AR1 alpha + Basic + One-Step,NASDAQ:IDXX,0.0
2023-04-05,12,AR1 alpha + Basic + One-Step,NASDAQ:IDXX,1.0011949232675516e-07
2023-04-06,12,AR1 alpha + Basic + One-Step,NASDAQ:IDXX,1.8587394636135283e-07
2023-04-10,12,AR1 alpha + Basic + One-Step,NASDAQ:IDXX,0.0
2023-04-11,12,AR1 alpha + Basic + One-Step,NASDAQ:IDXX,0.0
2023-04-12,12,AR1 alpha + Basic + One-Step,NASDAQ:IDXX,0.0
2023-04-13,12,AR1 alpha + Basic + One-Step,NASDAQ:IDXX,2.3989585781232563e-09
2023-04-14,12,AR1 alpha + Basic + One-Step,NASDAQ:IDXX,7.660291855762023e-10
2023-04-17,12,AR1 alpha + Basic + One-Step,NASDAQ:IDXX,0.0
2023-04-18,12,AR1 alpha + Basic + One-Step,NASDAQ:IDXX,0.0
2023-04-19,12,AR1 alpha + Basic + One-Step,NASDAQ:IDXX,1.7167924396260078e-09
2023-04-20,12,AR1 alpha + Basic + One-Step,NASDAQ:IDXX,5.537578604549616e-09
2023-04-21,12,AR1 alpha + Basic + One-Step,NASDAQ:IDXX,8.646038536141926e-09
2023-04-24,12,AR1 alpha + Basic + One-Step,NASDAQ:IDXX,0.0
2023-04-25,12,AR1 alpha + Basic + One-Step,NASDAQ:IDXX,0.0
2023-04-26,12,AR1 alpha + Basic + One-Step,NASDAQ:IDXX,0.0
2023-04-27,12,AR1 alpha + Basic + One-Step,NASDAQ:IDXX,0.0
2023-04-28,12,AR1 alpha + Basic + One-Step,NASDAQ:IDXX,1.4059568016330477e-08
2023-05-01,12,AR1 alpha + Basic + One-Step,NASDAQ:IDXX,1.4041176349622199e-08
2023-05-02,12,AR1 alpha + Basic + One-Step,NASDAQ:IDXX,5.645386638708936e-08
2023-05-03,12,AR1 alpha + Basic + One-Step,NASDAQ:IDXX,0.0
2023-05-04,12,AR1 alpha + Basic + One-Step,NASDAQ:IDXX,0.0
2023-05-05,12,AR1 alpha + Basic + One-Step,NASDAQ:IDXX,9.75187561992948e-08
2023-05-08,12,AR1 alpha + Basic + One-Step,NASDAQ:IDXX,1.4170351771364488e-08
2023-05-09,12,AR1 alpha + Basic + One-Step,NASDAQ:IDXX,1.3840190686706048e-08
2023-05-10,12,AR1 alpha + Basic + One-Step,NASDAQ:IDXX,2.7341977875123998e-08
2023-05-11,12,AR1 alpha + Basic + One-Step,NASDAQ:IDXX,3.165021974962011e-07
2023-05-12,12,AR1 alpha + Basic + One-Step,NASDAQ:IDXX,7.342706668553381e-07
2023-05-15,12,AR1 alpha + Basic + One-Step,NASDAQ:IDXX,2.938804399013841e-07
2023-05-16,12,AR1 alpha + Basic + One-Step,NASDAQ:IDXX,0.0
2023-05-17,12,AR1 alpha + Basic + One-Step,NASDAQ:IDXX,0.0001238092408389712
2023-05-18,12,AR1 alpha + Basic + One-Step,NASDAQ:IDXX,0.0
2023-05-19,12,AR1 alpha + Basic + One-Step,NASDAQ:IDXX,0.0
2023-05-22,12,AR1 alpha + Basic + One-Step,NASDAQ:IDXX,0.0
2023-05-23,12,AR1 alpha + Basic + One-Step,NASDAQ:IDXX,0.0
2023-05-24,12,AR1 alpha + Basic + One-Step,NASDAQ:IDXX,6.377246937418529e-10
2023-05-25,12,AR1 alpha + Basic + One-Step,NASDAQ:IDXX,1.8063905402003931e-09
2023-05-26,12,AR1 alpha + Basic + One-Step,NASDAQ:IDXX,0.0
2023-05-30,12,AR1 alpha + Basic + One-Step,NASDAQ:IDXX,0.0
2023-05-31,12,AR1 alpha + Basic + One-Step,NASDAQ:IDXX,1.0460094233927755e-08
2023-06-01,12,AR1 alpha + Basic + One-Step,NASDAQ:IDXX,1.1438586688309286e-08
2023-06-02,12,AR1 alpha + Basic + One-Step,NASDAQ:IDXX,0.0
2023-06-05,12,AR1 alpha + Basic + One-Step,NASDAQ:IDXX,0.0
2023-06-06,12,AR1 alpha + Basic + One-Step,NASDAQ:IDXX,0.0
2023-06-07,12,AR1 alpha + Basic + One-Step,NASDAQ:IDXX,6.339577665718473e-08
2023-06-08,12,AR1 alpha + Basic + One-Step,NASDAQ:IDXX,9.530526911568423e-09
2023-06-09,12,AR1 alpha + Basic + One-Step,NASDAQ:IDXX,2.954035018374028e-07
2023-06-12,12,AR1 alpha + Basic + One-Step,NASDAQ:IDXX,0.0
2023-06-13,12,AR1 alpha + Basic + One-Step,NASDAQ:IDXX,1.0553533810704681e-07
2023-06-14,12,AR1 alpha + Basic + One-Step,NASDAQ:IDXX,6.58606962117058e-08
2023-06-15,12,AR1 alpha + Basic + One-Step,NASDAQ:IDXX,0.0
2023-06-16,12,AR1 alpha + Basic + One-Step,NASDAQ:IDXX,5.584131300841898e-09
2023-06-20,12,AR1 alpha + Basic + One-Step,NASDAQ:IDXX,0.0
2023-06-21,12,AR1 alpha + Basic + One-Step,NASDAQ:IDXX,0.0
2023-06-22,12,AR1 alpha + Basic + One-Step,NASDAQ:IDXX,0.0
2023-06-23,12,AR1 alpha + Basic + One-Step,NASDAQ:IDXX,0.0
2023-06-26,12,AR1 alpha + Basic + One-Step,NASDAQ:IDXX,0.0
2023-06-27,12,AR1 alpha + Basic + One-Step,NASDAQ:IDXX,0.0
2023-06-28,12,AR1 alpha + Basic + One-Step,NASDAQ:IDXX,0.0
2023-06-29,12,AR1 alpha + Basic + One-Step,NASDAQ:IDXX,0.0
2023-06-30,12,AR1 alpha + Basic + One-Step,NASDAQ:IDXX,0.0
2023-07-03,12,AR1 alpha + Basic + One-Step,NASDAQ:IDXX,0.0
2023-07-05,12,AR1 alpha + Basic + One-Step,NASDAQ:IDXX,5.982989452309819e-07
2023-07-06,12,AR1 alpha + Basic + One-Step,NASDAQ:IDXX,0.0
2023-07-07,12,AR1 alpha + Basic + One-Step,NASDAQ:IDXX,0.0
2023-07-10,12,AR1 alpha + Basic + One-Step,NASDAQ:IDXX,1.0831123251973563e-06
2023-07-11,12,AR1 alpha + Basic + One-Step,NASDAQ:IDXX,2.1269145431647652e-08
2023-07-12,12,AR1 alpha + Basic + One-Step,NASDAQ:IDXX,0.0
2023-07-13,12,AR1 alpha + Basic + One-Step,NASDAQ:IDXX,0.0
2023-07-14,12,AR1 alpha + Basic + One-Step,NASDAQ:IDXX,1.1559949104205433e-07
2023-07-17,12,AR1 alpha + Basic + One-Step,NASDAQ:IDXX,9.003532116639333e-07
2023-07-18,12,AR1 alpha + Basic + One-Step,NASDAQ:IDXX,1.2247018060022335e-06
2023-07-19,12,AR1 alpha + Basic + One-Step,NASDAQ:IDXX,0.0
2023-07-20,12,AR1 alpha + Basic + One-Step,NASDAQ:IDXX,0.0
2023-07-21,12,AR1 alpha + Basic + One-Step,NASDAQ:IDXX,0.0
2023-07-24,12,AR1 alpha + Basic + One-Step,NASDAQ:IDXX,0.0
2023-07-25,12,AR1 alpha + Basic + One-Step,NASDAQ:IDXX,0.0
2023-07-26,12,AR1 alpha + Basic + One-Step,NASDAQ:IDXX,0.0
2023-07-27,12,AR1 alpha + Basic + One-Step,NASDAQ:IDXX,0.042291452015547105
2023-07-28,12,AR1 alpha + Basic + One-Step,NASDAQ:IDXX,0.0
2023-07-31,12,AR1 alpha + Basic + One-Step,NASDAQ:IDXX,0.0
2023-08-01,12,AR1 alpha + Basic + One-Step,NASDAQ:IDXX,0.09999994805051271
2023-08-02,12,AR1 alpha + Basic + One-Step,NASDAQ:IDXX,0.09999978435780042
2023-08-03,12,AR1 alpha + Basic + One-Step,NASDAQ:IDXX,0.09999345215449024
2023-08-04,12,AR1 alpha + Basic + One-Step,NASDAQ:IDXX,0.09999644960693835
2023-08-07,12,AR1 alpha + Basic + One-Step,NASDAQ:IDXX,0.09999814821379002
2023-08-08,12,AR1 alpha + Basic + One-Step,NASDAQ:IDXX,0.0825136982050847
2023-08-09,12,AR1 alpha + Basic + One-Step,NASDAQ:IDXX,0.03685372004884967
2023-08-10,12,AR1 alpha + Basic + One-Step,NASDAQ:IDXX,0.08500975282756225
2023-08-11,12,AR1 alpha + Basic + One-Step,NASDAQ:IDXX,0.08085191379458612
2023-08-14,12,AR1 alpha + Basic + One-Step,NASDAQ:IDXX,0.05794550421824932
2023-08-15,12,AR1 alpha + Basic + One-Step,NASDAQ:IDXX,0.043295315512464884
2023-08-16,12,AR1 alpha + Basic + One-Step,NASDAQ:IDXX,0.09999474510033252
2023-08-17,12,AR1 alpha + Basic + One-Step,NASDAQ:IDXX,0.09999149334504336
2023-08-18,12,AR1 alpha + Basic + One-Step,NASDAQ:IDXX,0.09998711493634276
2023-08-21,12,AR1 alpha + Basic + One-Step,NASDAQ:IDXX,0.09999470678763767
2023-08-22,12,AR1 alpha + Basic + One-Step,NASDAQ:IDXX,0.0959779822942714
2023-08-23,12,AR1 alpha + Basic + One-Step,NASDAQ:IDXX,0.050756041292219584
2023-08-24,12,AR1 alpha + Basic + One-Step,NASDAQ:IDXX,0.09999942818044298
2023-08-25,12,AR1 alpha + Basic + One-Step,NASDAQ:IDXX,0.07800174852871967
2023-08-28,12,AR1 alpha + Basic + One-Step,NASDAQ:IDXX,0.07800157573472498
2023-08-29,12,AR1 alpha + Basic + One-Step,NASDAQ:IDXX,0.0
2023-08-30,12,AR1 alpha + Basic + One-Step,NASDAQ:IDXX,0.010236087697269441
2023-08-31,12,AR1 alpha + Basic + One-Step,NASDAQ:IDXX,0.023702132911796906
2023-09-01,12,AR1 alpha + Basic + One-Step,NASDAQ:IDXX,0.02660079690021911
2023-09-05,12,AR1 alpha + Basic + One-Step,NASDAQ:IDXX,0.08205301204340049
2023-09-06,12,AR1 alpha + Basic + One-Step,NASDAQ:IDXX,0.10000000616899876
2023-09-07,12,AR1 alpha + Basic + One-Step,NASDAQ:IDXX,0.10000214242945989
2023-09-08,12,AR1 alpha + Basic + One-Step,NASDAQ:IDXX,0.10000223578357835
2023-09-11,12,AR1 alpha + Basic + One-Step,NASDAQ:IDXX,0.10000024402233
2023-09-12,12,AR1 alpha + Basic + One-Step,NASDAQ:IDXX,0.08295343519529139
2023-09-13,12,AR1 alpha + Basic + One-Step,NASDAQ:IDXX,0.09999665199889896
2023-09-14,12,AR1 alpha + Basic + One-Step,NASDAQ:IDXX,0.08392195530749642
2023-09-15,12,AR1 alpha + Basic + One-Step,NASDAQ:IDXX,0.09999328628232146
2023-09-18,12,AR1 alpha + Basic + One-Step,NASDAQ:IDXX,0.053467143212416815
2023-09-19,12,AR1 alpha + Basic + One-Step,NASDAQ:IDXX,0.006659735452605392
2023-09-20,12,AR1 alpha + Basic + One-Step,NASDAQ:IDXX,0.013330608793618318
2023-09-21,12,AR1 alpha + Basic + One-Step,NASDAQ:IDXX,0.09999927188151359
2023-09-22,12,AR1 alpha + Basic + One-Step,NASDAQ:IDXX,0.09999956108809384
2023-09-25,12,AR1 alpha + Basic + One-Step,NASDAQ:IDXX,0.0846516763748772
2023-09-26,12,AR1 alpha + Basic + One-Step,NASDAQ:IDXX,0.0619948830581169
2023-09-27,12,AR1 alpha + Basic + One-Step,NASDAQ:IDXX,0.00117269373661834
2023-09-28,12,AR1 alpha + Basic + One-Step,NASDAQ:IDXX,1.8669297685999113e-07
2023-09-29,12,AR1 alpha + Basic + One-Step,NASDAQ:IDXX,8.554350879811079e-08
2023-10-02,12,AR1 alpha + Basic + One-Step,NASDAQ:IDXX,3.7474307453477105e-08
2023-10-03,12,AR1 alpha + Basic + One-Step,NASDAQ:IDXX,0.0026164165237233775
2023-10-04,12,AR1 alpha + Basic + One-Step,NASDAQ:IDXX,0.0
2023-10-05,12,AR1 alpha + Basic + One-Step,NASDAQ:IDXX,0.0
2023-10-06,12,AR1 alpha + Basic + One-Step,NASDAQ:IDXX,0.0
2023-10-09,12,AR1 alpha + Basic + One-Step,NASDAQ:IDXX,5.575350798082985e-08
2023-10-10,12,AR1 alpha + Basic + One-Step,NASDAQ:IDXX,0.0
2023-10-11,12,AR1 alpha + Basic + One-Step,NASDAQ:IDXX,6.594697704390849e-09
2023-10-12,12,AR1 alpha + Basic + One-Step,NASDAQ:IDXX,0.05334770719667038
2023-10-13,12,AR1 alpha + Basic + One-Step,NASDAQ:IDXX,0.014958804019943567
2023-10-16,12,AR1 alpha + Basic + One-Step,NASDAQ:IDXX,0.0
2023-10-17,12,AR1 alpha + Basic + One-Step,NASDAQ:IDXX,2.7810904619589334e-07
2023-10-18,12,AR1 alpha + Basic + One-Step,NASDAQ:IDXX,0.0
2023-10-19,12,AR1 alpha + Basic + One-Step,NASDAQ:IDXX,0.0
2023-10-20,12,AR1 alpha + Basic + One-Step,NASDAQ:IDXX,0.0
2023-10-23,12,AR1 alpha + Basic + One-Step,NASDAQ:IDXX,0.0
2023-10-24,12,AR1 alpha + Basic + One-Step,NASDAQ:IDXX,0.0
2023-10-25,12,AR1 alpha + Basic + One-Step,NASDAQ:IDXX,0.0
2023-10-26,12,AR1 alpha + Basic + One-Step,NASDAQ:IDXX,0.04865242084645974
2023-10-27,12,AR1 alpha + Basic + One-Step,NASDAQ:IDXX,0.0
2023-10-30,12,AR1 alpha + Basic + One-Step,NASDAQ:IDXX,1.2421918348974231e-08
2023-10-31,12,AR1 alpha + Basic + One-Step,NASDAQ:IDXX,0.0
2023-11-01,12,AR1 alpha + Basic + One-Step,NASDAQ:IDXX,0.0
2023-11-02,12,AR1 alpha + Basic + One-Step,NASDAQ:IDXX,0.0
2023-11-03,12,AR1 alpha + Basic + One-Step,NASDAQ:IDXX,0.0
2023-11-06,12,AR1 alpha + Basic + One-Step,NASDAQ:IDXX,0.0
2023-11-07,12,AR1 alpha + Basic + One-Step,NASDAQ:IDXX,1.4325242473998397e-08
2023-11-08,12,AR1 alpha + Basic + One-Step,NASDAQ:IDXX,1.8679048039928352e-08
2023-11-09,12,AR1 alpha + Basic + One-Step,NASDAQ:IDXX,0.0
2023-11-10,12,AR1 alpha + Basic + One-Step,NASDAQ:IDXX,0.0
2023-11-13,12,AR1 alpha + Basic + One-Step,NASDAQ:IDXX,0.0
2023-11-14,12,AR1 alpha + Basic + One-Step,NASDAQ:IDXX,0.0
2023-11-15,12,AR1 alpha + Basic + One-Step,NASDAQ:IDXX,0.0
2023-11-16,12,AR1 alpha + Basic + One-Step,NASDAQ:IDXX,0.0
2023-11-17,12,AR1 alpha + Basic + One-Step,NASDAQ:IDXX,1.4145776254185611e-07
2023-11-20,12,AR1 alpha + Basic + One-Step,NASDAQ:IDXX,0.0
2023-11-21,12,AR1 alpha + Basic + One-Step,NASDAQ:IDXX,0.0
2023-11-22,12,AR1 alpha + Basic + One-Step,NASDAQ:IDXX,0.0
2023-11-24,12,AR1 alpha + Basic + One-Step,NASDAQ:IDXX,0.0
2023-11-27,12,AR1 alpha + Basic + One-Step,NASDAQ:IDXX,0.0
2023-11-28,12,AR1 alpha + Basic + One-Step,NASDAQ:IDXX,1.925434582209127e-08
2023-11-29,12,AR1 alpha + Basic + One-Step,NASDAQ:IDXX,0.0
2023-11-30,12,AR1 alpha + Basic + One-Step,NASDAQ:IDXX,0.0
2023-12-01,12,AR1 alpha + Basic + One-Step,NASDAQ:IDXX,4.6789932465673875e-08
2023-12-04,12,AR1 alpha + Basic + One-Step,NASDAQ:IDXX,0.0
2023-12-05,12,AR1 alpha + Basic + One-Step,NASDAQ:IDXX,0.0
2023-12-06,12,AR1 alpha + Basic + One-Step,NASDAQ:IDXX,6.713413317078555e-08
2023-12-07,12,AR1 alpha + Basic + One-Step,NASDAQ:IDXX,0.0
2023-12-08,12,AR1 alpha + Basic + One-Step,NASDAQ:IDXX,0.0
2023-12-11,12,AR1 alpha + Basic + One-Step,NASDAQ:IDXX,0.0
2023-12-12,12,AR1 alpha + Basic + One-Step,NASDAQ:IDXX,0.0
2023-12-13,12,AR1 alpha + Basic + One-Step,NASDAQ:IDXX,1.538224146693039e-07
2023-12-14,12,AR1 alpha + Basic + One-Step,NASDAQ:IDXX,0.0
2023-12-15,12,AR1 alpha + Basic + One-Step,NASDAQ:IDXX,0.0
2023-12-18,12,AR1 alpha + Basic + One-Step,NASDAQ:IDXX,0.0
2023-12-19,12,AR1 alpha + Basic + One-Step,NASDAQ:IDXX,0.0
2023-12-20,12,AR1 alpha + Basic + One-Step,NASDAQ:IDXX,0.0
2023-12-21,12,AR1 alpha + Basic + One-Step,NASDAQ:IDXX,0.0
2023-12-22,12,AR1 alpha + Basic + One-Step,NASDAQ:IDXX,3.811336569557682e-07
2023-12-26,12,AR1 alpha + Basic + One-Step,NASDAQ:IDXX,0.0
2023-12-27,12,AR1 alpha + Basic + One-Step,NASDAQ:IDXX,0.0
2023-12-28,12,AR1 alpha + Basic + One-Step,NASDAQ:IDXX,0.0
2023-12-29,12,AR1 alpha + Basic + One-Step,NASDAQ:IDXX,0.0
2024-01-02,12,AR1 alpha + Basic + One-Step,NASDAQ:IDXX,0.0
2024-01-03,12,AR1 alpha + Basic + One-Step,NASDAQ:IDXX,0.0
2024-01-04,12,AR1 alpha + Basic + One-Step,NASDAQ:IDXX,0.0
2024-01-05,12,AR1 alpha + Basic + One-Step,NASDAQ:IDXX,0.0
2024-01-08,12,AR1 alpha + Basic + One-Step,NASDAQ:IDXX,0.0
2024-01-09,12,AR1 alpha + Basic + One-Step,NASDAQ:IDXX,0.0
2024-01-10,12,AR1 alpha + Basic + One-Step,NASDAQ:IDXX,0.0
2024-01-11,12,AR1 alpha + Basic + One-Step,NASDAQ:IDXX,2.5996946188780093e-07
2024-01-12,12,AR1 alpha + Basic + One-Step,NASDAQ:IDXX,0.0
2024-01-16,12,AR1 alpha + Basic + One-Step,NASDAQ:IDXX,0.0
2024-01-17,12,AR1 alpha + Basic + One-Step,NASDAQ:IDXX,0.0
2024-01-18,12,AR1 alpha + Basic + One-Step,NASDAQ:IDXX,6.721004011743459e-07
2024-01-19,12,AR1 alpha + Basic + One-Step,NASDAQ:IDXX,0.0
2024-01-22,12,AR1 alpha + Basic + One-Step,NASDAQ:IDXX,0.0
2024-01-23,12,AR1 alpha + Basic + One-Step,NASDAQ:IDXX,0.0
2024-01-24,12,AR1 alpha + Basic + One-Step,NASDAQ:IDXX,1.1467374665140284e-07
2024-01-25,12,AR1 alpha + Basic + One-Step,NASDAQ:IDXX,1.9971761268256646e-08
2024-01-26,12,AR1 alpha + Basic + One-Step,NASDAQ:IDXX,0.0
2024-01-29,12,AR1 alpha + Basic + One-Step,NASDAQ:IDXX,0.0
2024-01-30,12,AR1 alpha + Basic + One-Step,NASDAQ:IDXX,0.0
2024-01-31,12,AR1 alpha + Basic + One-Step,NASDAQ:IDXX,0.0
2024-02-01,12,AR1 alpha + Basic + One-Step,NASDAQ:IDXX,0.0
2024-02-02,12,AR1 alpha + Basic + One-Step,NASDAQ:IDXX,0.0
2024-02-05,12,AR1 alpha + Basic + One-Step,NASDAQ:IDXX,0.0
2024-02-06,12,AR1 alpha + Basic + One-Step,NASDAQ:IDXX,0.02448020586400933
2024-02-07,12,AR1 alpha + Basic + One-Step,NASDAQ:IDXX,0.060318364017709174
2024-02-08,12,AR1 alpha + Basic + One-Step,NASDAQ:IDXX,0.005320473773074241
2024-02-09,12,AR1 alpha + Basic + One-Step,NASDAQ:IDXX,0.0
2024-02-12,12,AR1 alpha + Basic + One-Step,NASDAQ:IDXX,0.0
2024-02-13,12,AR1 alpha + Basic + One-Step,NASDAQ:IDXX,0.0
2024-02-14,12,AR1 alpha + Basic + One-Step,NASDAQ:IDXX,0.0
2024-02-15,12,AR1 alpha + Basic + One-Step,NASDAQ:IDXX,4.0864801057111405e-09
2024-02-16,12,AR1 alpha + Basic + One-Step,NASDAQ:IDXX,0.0
2024-02-20,12,AR1 alpha + Basic + One-Step,NASDAQ:IDXX,0.0
2024-02-21,12,AR1 alpha + Basic + One-Step,NASDAQ:IDXX,0.0
2024-02-22,12,AR1 alpha + Basic + One-Step,NASDAQ:IDXX,0.0
2024-02-23,12,AR1 alpha + Basic + One-Step,NASDAQ:IDXX,0.0
2024-02-26,12,AR1 alpha + Basic + One-Step,NASDAQ:IDXX,0.0
2024-02-27,12,AR1 alpha + Basic + One-Step,NASDAQ:IDXX,0.0
2024-02-28,12,AR1 alpha + Basic + One-Step,NASDAQ:IDXX,0.0
2024-02-29,12,AR1 alpha + Basic + One-Step,NASDAQ:IDXX,0.0
2024-03-01,12,AR1 alpha + Basic + One-Step,NASDAQ:IDXX,0.0
2024-03-04,12,AR1 alpha + Basic + One-Step,NASDAQ:IDXX,0.0
2024-03-05,12,AR1 alpha + Basic + One-Step,NASDAQ:IDXX,0.0
2024-03-06,12,AR1 alpha + Basic + One-Step,NASDAQ:IDXX,0.0
2024-03-07,12,AR1 alpha + Basic + One-Step,NASDAQ:IDXX,0.0
2024-03-08,12,AR1 alpha + Basic + One-Step,NASDAQ:IDXX,0.0
2024-03-11,12,AR1 alpha + Basic + One-Step,NASDAQ:IDXX,0.0
2024-03-12,12,AR1 alpha + Basic + One-Step,NASDAQ:IDXX,0.0
2024-03-13,12,AR1 alpha + Basic + One-Step,NASDAQ:IDXX,0.0
2024-03-14,12,AR1 alpha + Basic + One-Step,NASDAQ:IDXX,1.256145010506916e-07
2024-03-15,12,AR1 alpha + Basic + One-Step,NASDAQ:IDXX,1.226177926236576e-07
2024-03-18,12,AR1 alpha + Basic + One-Step,NASDAQ:IDXX,0.0
2024-03-19,12,AR1 alpha + Basic + One-Step,NASDAQ:IDXX,0.0
2024-03-20,12,AR1 alpha + Basic + One-Step,NASDAQ:IDXX,0.0
2024-03-21,12,AR1 alpha + Basic + One-Step,NASDAQ:IDXX,4.5488457662153826e-08
2024-03-22,12,AR1 alpha + Basic + One-Step,NASDAQ:IDXX,1.9245308608593196e-08
2024-03-25,12,AR1 alpha + Basic + One-Step,NASDAQ:IDXX,0.0
2024-03-26,12,AR1 alpha + Basic + One-Step,NASDAQ:IDXX,0.0
2024-03-27,12,AR1 alpha + Basic + One-Step,NASDAQ:IDXX,0.0
2024-03-28,12,AR1 alpha + Basic + One-Step,NASDAQ:IDXX,0.0
2024-04-01,12,AR1 alpha + Basic + One-Step,NASDAQ:IDXX,1.4321395308677396e-06
2024-04-02,12,AR1 alpha + Basic + One-Step,NASDAQ:IDXX,0.0
2024-04-03,12,AR1 alpha + Basic + One-Step,NASDAQ:IDXX,0.0
2024-04-04,12,AR1 alpha + Basic + One-Step,NASDAQ:IDXX,0.0
2024-04-05,12,AR1 alpha + Basic + One-Step,NASDAQ:IDXX,0.0
2024-04-08,12,AR1 alpha + Basic + One-Step,NASDAQ:IDXX,0.0
2024-04-09,12,AR1 alpha + Basic + One-Step,NASDAQ:IDXX,0.0
2024-04-10,12,AR1 alpha + Basic + One-Step,NASDAQ:IDXX,5.769343260101185e-07
2024-04-11,12,AR1 alpha + Basic + One-Step,NASDAQ:IDXX,0.0
2024-04-12,12,AR1 alpha + Basic + One-Step,NASDAQ:IDXX,0.0
2024-04-15,12,AR1 alpha + Basic + One-Step,NASDAQ:IDXX,0.0
2024-04-16,12,AR1 alpha + Basic + One-Step,NASDAQ:IDXX,0.0
2024-04-17,12,AR1 alpha + Basic + One-Step,NASDAQ:IDXX,8.123889010563725e-08
2024-04-18,12,AR1 alpha + Basic + One-Step,NASDAQ:IDXX,0.0
2024-04-19,12,AR1 alpha + Basic + One-Step,NASDAQ:IDXX,0.0
2020-03-25,12,AR1 alpha + Basic + One-Step,NASDAQ:POWI,0.02
2020-03-26,12,AR1 alpha + Basic + One-Step,NASDAQ:POWI,0.019999999999999997
2020-03-27,12,AR1 alpha + Basic + One-Step,NASDAQ:POWI,0.0
2020-03-30,12,AR1 alpha + Basic + One-Step,NASDAQ:POWI,0.0
2020-03-31,12,AR1 alpha + Basic + One-Step,NASDAQ:POWI,0.0
2020-04-01,12,AR1 alpha + Basic + One-Step,NASDAQ:POWI,0.0
2020-04-02,12,AR1 alpha + Basic + One-Step,NASDAQ:POWI,0.0
2020-04-03,12,AR1 alpha + Basic + One-Step,NASDAQ:POWI,5.149937434664515e-09
2020-04-06,12,AR1 alpha + Basic + One-Step,NASDAQ:POWI,2.6110384771338328e-08
2020-04-07,12,AR1 alpha + Basic + One-Step,NASDAQ:POWI,5.457456408286482e-08
2020-04-08,12,AR1 alpha + Basic + One-Step,NASDAQ:POWI,0.0
2020-04-09,12,AR1 alpha + Basic + One-Step,NASDAQ:POWI,0.0
2020-04-13,12,AR1 alpha + Basic + One-Step,NASDAQ:POWI,0.0
2020-04-14,12,AR1 alpha + Basic + One-Step,NASDAQ:POWI,0.0
2020-04-15,12,AR1 alpha + Basic + One-Step,NASDAQ:POWI,0.0
2020-04-16,12,AR1 alpha + Basic + One-Step,NASDAQ:POWI,0.0
2020-04-17,12,AR1 alpha + Basic + One-Step,NASDAQ:POWI,0.0
2020-04-20,12,AR1 alpha + Basic + One-Step,NASDAQ:POWI,0.0
2020-04-21,12,AR1 alpha + Basic + One-Step,NASDAQ:POWI,0.0
2020-04-22,12,AR1 alpha + Basic + One-Step,NASDAQ:POWI,0.0
2020-04-23,12,AR1 alpha + Basic + One-Step,NASDAQ:POWI,0.0
2020-04-24,12,AR1 alpha + Basic + One-Step,NASDAQ:POWI,3.546844127676157e-08
2020-04-27,12,AR1 alpha + Basic + One-Step,NASDAQ:POWI,0.0
2020-04-28,12,AR1 alpha + Basic + One-Step,NASDAQ:POWI,0.0
2020-04-29,12,AR1 alpha + Basic + One-Step,NASDAQ:POWI,1.588791489636731e-07
2020-04-30,12,AR1 alpha + Basic + One-Step,NASDAQ:POWI,0.0
2020-05-01,12,AR1 alpha + Basic + One-Step,NASDAQ:POWI,2.6731026999362553e-08
2020-05-04,12,AR1 alpha + Basic + One-Step,NASDAQ:POWI,0.0
2020-05-05,12,AR1 alpha + Basic + One-Step,NASDAQ:POWI,6.866333166501418e-07
2020-05-06,12,AR1 alpha + Basic + One-Step,NASDAQ:POWI,0.0
2020-05-07,12,AR1 alpha + Basic + One-Step,NASDAQ:POWI,0.0
2020-05-08,12,AR1 alpha + Basic + One-Step,NASDAQ:POWI,1.1304917072115807e-07
2020-05-11,12,AR1 alpha + Basic + One-Step,NASDAQ:POWI,0.0
2020-05-12,12,AR1 alpha + Basic + One-Step,NASDAQ:POWI,0.0
2020-05-13,12,AR1 alpha + Basic + One-Step,NASDAQ:POWI,0.0
2020-05-14,12,AR1 alpha + Basic + One-Step,NASDAQ:POWI,0.0
2020-05-15,12,AR1 alpha + Basic + One-Step,NASDAQ:POWI,4.4496773762026365e-09
2020-05-18,12,AR1 alpha + Basic + One-Step,NASDAQ:POWI,0.0
2020-05-19,12,AR1 alpha + Basic + One-Step,NASDAQ:POWI,0.0
2020-05-20,12,AR1 alpha + Basic + One-Step,NASDAQ:POWI,0.0
2020-05-21,12,AR1 alpha + Basic + One-Step,NASDAQ:POWI,0.0
2020-05-22,12,AR1 alpha + Basic + One-Step,NASDAQ:POWI,3.731293273150621e-08
2020-05-26,12,AR1 alpha + Basic + One-Step,NASDAQ:POWI,4.176635444333513e-08
2020-05-27,12,AR1 alpha + Basic + One-Step,NASDAQ:POWI,3.9300776681425456e-07
2020-05-28,12,AR1 alpha + Basic + One-Step,NASDAQ:POWI,0.0
2020-05-29,12,AR1 alpha + Basic + One-Step,NASDAQ:POWI,0.0
2020-06-01,12,AR1 alpha + Basic + One-Step,NASDAQ:POWI,0.0
2020-06-02,12,AR1 alpha + Basic + One-Step,NASDAQ:POWI,2.677578462358066e-07
2020-06-03,12,AR1 alpha + Basic + One-Step,NASDAQ:POWI,0.0
2020-06-04,12,AR1 alpha + Basic + One-Step,NASDAQ:POWI,0.0
2020-06-05,12,AR1 alpha + Basic + One-Step,NASDAQ:POWI,0.0
2020-06-08,12,AR1 alpha + Basic + One-Step,NASDAQ:POWI,0.0
2020-06-09,12,AR1 alpha + Basic + One-Step,NASDAQ:POWI,0.0
2020-06-10,12,AR1 alpha + Basic + One-Step,NASDAQ:POWI,0.0
2020-06-11,12,AR1 alpha + Basic + One-Step,NASDAQ:POWI,0.0
2020-06-12,12,AR1 alpha + Basic + One-Step,NASDAQ:POWI,3.2828560296607884e-08
2020-06-15,12,AR1 alpha + Basic + One-Step,NASDAQ:POWI,2.1977634872578613e-08
2020-06-16,12,AR1 alpha + Basic + One-Step,NASDAQ:POWI,0.0
2020-06-17,12,AR1 alpha + Basic + One-Step,NASDAQ:POWI,0.0
2020-06-18,12,AR1 alpha + Basic + One-Step,NASDAQ:POWI,0.0
2020-06-19,12,AR1 alpha + Basic + One-Step,NASDAQ:POWI,0.0
2020-06-22,12,AR1 alpha + Basic + One-Step,NASDAQ:POWI,0.0
2020-06-23,12,AR1 alpha + Basic + One-Step,NASDAQ:POWI,0.0
2020-06-24,12,AR1 alpha + Basic + One-Step,NASDAQ:POWI,0.0
2020-06-25,12,AR1 alpha + Basic + One-Step,NASDAQ:POWI,0.0
2020-06-26,12,AR1 alpha + Basic + One-Step,NASDAQ:POWI,0.0
2020-06-29,12,AR1 alpha + Basic + One-Step,NASDAQ:POWI,0.0
2020-06-30,12,AR1 alpha + Basic + One-Step,NASDAQ:POWI,4.119579225827332e-08
2020-07-01,12,AR1 alpha + Basic + One-Step,NASDAQ:POWI,0.0
2020-07-02,12,AR1 alpha + Basic + One-Step,NASDAQ:POWI,8.901698443644032e-09
2020-07-06,12,AR1 alpha + Basic + One-Step,NASDAQ:POWI,0.0
2020-07-07,12,AR1 alpha + Basic + One-Step,NASDAQ:POWI,0.0
2020-07-08,12,AR1 alpha + Basic + One-Step,NASDAQ:POWI,3.983374079594532e-08
2020-07-09,12,AR1 alpha + Basic + One-Step,NASDAQ:POWI,3.2319135360936573e-07
2020-07-10,12,AR1 alpha + Basic + One-Step,NASDAQ:POWI,1.6552474491612097e-07
2020-07-13,12,AR1 alpha + Basic + One-Step,NASDAQ:POWI,5.795605720312275e-08
2020-07-14,12,AR1 alpha + Basic + One-Step,NASDAQ:POWI,0.0
2020-07-15,12,AR1 alpha + Basic + One-Step,NASDAQ:POWI,1.0119896096856012e-07
2020-07-16,12,AR1 alpha + Basic + One-Step,NASDAQ:POWI,0.0
2020-07-17,12,AR1 alpha + Basic + One-Step,NASDAQ:POWI,0.0
2020-07-20,12,AR1 alpha + Basic + One-Step,NASDAQ:POWI,2.0810411463762953e-07
2020-07-21,12,AR1 alpha + Basic + One-Step,NASDAQ:POWI,0.0
2020-07-22,12,AR1 alpha + Basic + One-Step,NASDAQ:POWI,0.0
2020-07-23,12,AR1 alpha + Basic + One-Step,NASDAQ:POWI,1.881487685100857e-08
2020-07-24,12,AR1 alpha + Basic + One-Step,NASDAQ:POWI,8.15561570188907e-07
2020-07-27,12,AR1 alpha + Basic + One-Step,NASDAQ:POWI,3.64186553863948e-07
2020-07-28,12,AR1 alpha + Basic + One-Step,NASDAQ:POWI,0.0
2020-07-29,12,AR1 alpha + Basic + One-Step,NASDAQ:POWI,0.0
2020-07-30,12,AR1 alpha + Basic + One-Step,NASDAQ:POWI,0.0
2020-07-31,12,AR1 alpha + Basic + One-Step,NASDAQ:POWI,0.0
2020-08-03,12,AR1 alpha + Basic + One-Step,NASDAQ:POWI,0.0
2020-08-04,12,AR1 alpha + Basic + One-Step,NASDAQ:POWI,0.0
2020-08-05,12,AR1 alpha + Basic + One-Step,NASDAQ:POWI,0.0
2020-08-06,12,AR1 alpha + Basic + One-Step,NASDAQ:POWI,0.0
2020-08-07,12,AR1 alpha + Basic + One-Step,NASDAQ:POWI,0.0
2020-08-10,12,AR1 alpha + Basic + One-Step,NASDAQ:POWI,0.0
2020-08-11,12,AR1 alpha + Basic + One-Step,NASDAQ:POWI,0.0
2020-08-12,12,AR1 alpha + Basic + One-Step,NASDAQ:POWI,0.0
2020-08-13,12,AR1 alpha + Basic + One-Step,NASDAQ:POWI,0.0
2020-08-14,12,AR1 alpha + Basic + One-Step,NASDAQ:POWI,0.0
2020-08-17,12,AR1 alpha + Basic + One-Step,NASDAQ:POWI,0.0
2020-08-18,12,AR1 alpha + Basic + One-Step,NASDAQ:POWI,0.0
2020-08-19,12,AR1 alpha + Basic + One-Step,NASDAQ:POWI,0.0
2020-08-20,12,AR1 alpha + Basic + One-Step,NASDAQ:POWI,1.4375430262591432e-07
2020-08-21,12,AR1 alpha + Basic + One-Step,NASDAQ:POWI,0.0
2020-08-24,12,AR1 alpha + Basic + One-Step,NASDAQ:POWI,0.0
2020-08-25,12,AR1 alpha + Basic + One-Step,NASDAQ:POWI,0.0
2020-08-26,12,AR1 alpha + Basic + One-Step,NASDAQ:POWI,0.0
2020-08-27,12,AR1 alpha + Basic + One-Step,NASDAQ:POWI,0.0
2020-08-28,12,AR1 alpha + Basic + One-Step,NASDAQ:POWI,0.0
2020-08-31,12,AR1 alpha + Basic + One-Step,NASDAQ:POWI,0.0
2020-09-01,12,AR1 alpha + Basic + One-Step,NASDAQ:POWI,0.0
2020-09-02,12,AR1 alpha + Basic + One-Step,NASDAQ:POWI,0.0
2020-09-03,12,AR1 alpha + Basic + One-Step,NASDAQ:POWI,0.0
2020-09-04,12,AR1 alpha + Basic + One-Step,NASDAQ:POWI,0.0
2020-09-08,12,AR1 alpha + Basic + One-Step,NASDAQ:POWI,0.0
2020-09-09,12,AR1 alpha + Basic + One-Step,NASDAQ:POWI,5.765537086083734e-09
2020-09-10,12,AR1 alpha + Basic + One-Step,NASDAQ:POWI,0.0
2020-09-11,12,AR1 alpha + Basic + One-Step,NASDAQ:POWI,0.0
2020-09-14,12,AR1 alpha + Basic + One-Step,NASDAQ:POWI,3.750930739546829e-09
2020-09-15,12,AR1 alpha + Basic + One-Step,NASDAQ:POWI,0.0
2020-09-16,12,AR1 alpha + Basic + One-Step,NASDAQ:POWI,0.0
2020-09-17,12,AR1 alpha + Basic + One-Step,NASDAQ:POWI,0.0
2020-09-18,12,AR1 alpha + Basic + One-Step,NASDAQ:POWI,0.0
2020-09-21,12,AR1 alpha + Basic + One-Step,NASDAQ:POWI,0.0
2020-09-22,12,AR1 alpha + Basic + One-Step,NASDAQ:POWI,0.0
2020-09-23,12,AR1 alpha + Basic + One-Step,NASDAQ:POWI,0.0
2020-09-24,12,AR1 alpha + Basic + One-Step,NASDAQ:POWI,2.457323696775774e-07
2020-09-25,12,AR1 alpha + Basic + One-Step,NASDAQ:POWI,0.0
2020-09-28,12,AR1 alpha + Basic + One-Step,NASDAQ:POWI,0.0
2020-09-29,12,AR1 alpha + Basic + One-Step,NASDAQ:POWI,6.120526930106396e-08
2020-09-30,12,AR1 alpha + Basic + One-Step,NASDAQ:POWI,3.389383803225075e-09
2020-10-01,12,AR1 alpha + Basic + One-Step,NASDAQ:POWI,0.0
2020-10-02,12,AR1 alpha + Basic + One-Step,NASDAQ:POWI,0.0
2020-10-05,12,AR1 alpha + Basic + One-Step,NASDAQ:POWI,1.0038435621211393e-08
2020-10-06,12,AR1 alpha + Basic + One-Step,NASDAQ:POWI,0.0
2020-10-07,12,AR1 alpha + Basic + One-Step,NASDAQ:POWI,1.7545153958075016e-07
2020-10-08,12,AR1 alpha + Basic + One-Step,NASDAQ:POWI,0.0
2020-10-09,12,AR1 alpha + Basic + One-Step,NASDAQ:POWI,0.0
2020-10-12,12,AR1 alpha + Basic + One-Step,NASDAQ:POWI,0.0
2020-10-13,12,AR1 alpha + Basic + One-Step,NASDAQ:POWI,0.0
2020-10-14,12,AR1 alpha + Basic + One-Step,NASDAQ:POWI,0.0
2020-10-15,12,AR1 alpha + Basic + One-Step,NASDAQ:POWI,0.0
2020-10-16,12,AR1 alpha + Basic + One-Step,NASDAQ:POWI,1.9995247943708412e-07
2020-10-19,12,AR1 alpha + Basic + One-Step,NASDAQ:POWI,0.0
2020-10-20,12,AR1 alpha + Basic + One-Step,NASDAQ:POWI,0.0
2020-10-21,12,AR1 alpha + Basic + One-Step,NASDAQ:POWI,0.0
2020-10-22,12,AR1 alpha + Basic + One-Step,NASDAQ:POWI,0.0
2020-10-23,12,AR1 alpha + Basic + One-Step,NASDAQ:POWI,0.0
2020-10-26,12,AR1 alpha + Basic + One-Step,NASDAQ:POWI,0.0
2020-10-27,12,AR1 alpha + Basic + One-Step,NASDAQ:POWI,1.91602780568363e-09
2020-10-28,12,AR1 alpha + Basic + One-Step,NASDAQ:POWI,0.0
2020-10-29,12,AR1 alpha + Basic + One-Step,NASDAQ:POWI,0.0
2020-10-30,12,AR1 alpha + Basic + One-Step,NASDAQ:POWI,0.0
2020-11-02,12,AR1 alpha + Basic + One-Step,NASDAQ:POWI,0.0
2020-11-03,12,AR1 alpha + Basic + One-Step,NASDAQ:POWI,0.0
2020-11-04,12,AR1 alpha + Basic + One-Step,NASDAQ:POWI,0.0
2020-11-05,12,AR1 alpha + Basic + One-Step,NASDAQ:POWI,0.0
2020-11-06,12,AR1 alpha + Basic + One-Step,NASDAQ:POWI,7.919590707440083e-08
2020-11-09,12,AR1 alpha + Basic + One-Step,NASDAQ:POWI,0.0
2020-11-10,12,AR1 alpha + Basic + One-Step,NASDAQ:POWI,0.0
2020-11-11,12,AR1 alpha + Basic + One-Step,NASDAQ:POWI,0.0
2020-11-12,12,AR1 alpha + Basic + One-Step,NASDAQ:POWI,0.0
2020-11-13,12,AR1 alpha + Basic + One-Step,NASDAQ:POWI,0.0
2020-11-16,12,AR1 alpha + Basic + One-Step,NASDAQ:POWI,0.0
2020-11-17,12,AR1 alpha + Basic + One-Step,NASDAQ:POWI,0.0
2020-11-18,12,AR1 alpha + Basic + One-Step,NASDAQ:POWI,0.0
2020-11-19,12,AR1 alpha + Basic + One-Step,NASDAQ:POWI,5.862581812661389e-08
2020-11-20,12,AR1 alpha + Basic + One-Step,NASDAQ:POWI,0.0
2020-11-23,12,AR1 alpha + Basic + One-Step,NASDAQ:POWI,0.0
2020-11-24,12,AR1 alpha + Basic + One-Step,NASDAQ:POWI,0.0
2020-11-25,12,AR1 alpha + Basic + One-Step,NASDAQ:POWI,1.0591280940201209e-07
2020-11-27,12,AR1 alpha + Basic + One-Step,NASDAQ:POWI,0.0
2020-11-30,12,AR1 alpha + Basic + One-Step,NASDAQ:POWI,0.0
2020-12-01,12,AR1 alpha + Basic + One-Step,NASDAQ:POWI,0.0
2020-12-02,12,AR1 alpha + Basic + One-Step,NASDAQ:POWI,0.0
2020-12-03,12,AR1 alpha + Basic + One-Step,NASDAQ:POWI,0.0
2020-12-04,12,AR1 alpha + Basic + One-Step,NASDAQ:POWI,1.1601987471033215e-08
2020-12-07,12,AR1 alpha + Basic + One-Step,NASDAQ:POWI,0.0
2020-12-08,12,AR1 alpha + Basic + One-Step,NASDAQ:POWI,2.2012092446838855e-07
2020-12-09,12,AR1 alpha + Basic + One-Step,NASDAQ:POWI,0.0
2020-12-10,12,AR1 alpha + Basic + One-Step,NASDAQ:POWI,0.0
2020-12-11,12,AR1 alpha + Basic + One-Step,NASDAQ:POWI,3.087596099575709e-07
2020-12-14,12,AR1 alpha + Basic + One-Step,NASDAQ:POWI,2.3982299647374733e-07
2020-12-15,12,AR1 alpha + Basic + One-Step,NASDAQ:POWI,0.0
2020-12-16,12,AR1 alpha + Basic + One-Step,NASDAQ:POWI,0.0
2020-12-17,12,AR1 alpha + Basic + One-Step,NASDAQ:POWI,4.367816044988975e-09
2020-12-18,12,AR1 alpha + Basic + One-Step,NASDAQ:POWI,0.0
2020-12-21,12,AR1 alpha + Basic + One-Step,NASDAQ:POWI,2.3615364917899017e-07
2020-12-22,12,AR1 alpha + Basic + One-Step,NASDAQ:POWI,4.5118055380267154e-07
2020-12-23,12,AR1 alpha + Basic + One-Step,NASDAQ:POWI,2.9688774289522586e-07
2020-12-24,12,AR1 alpha + Basic + One-Step,NASDAQ:POWI,0.0
2020-12-28,12,AR1 alpha + Basic + One-Step,NASDAQ:POWI,0.0
2020-12-29,12,AR1 alpha + Basic + One-Step,NASDAQ:POWI,0.0
2020-12-30,12,AR1 alpha + Basic + One-Step,NASDAQ:POWI,0.0
2020-12-31,12,AR1 alpha + Basic + One-Step,NASDAQ:POWI,0.0
2021-01-04,12,AR1 alpha + Basic + One-Step,NASDAQ:POWI,0.0
2021-01-05,12,AR1 alpha + Basic + One-Step,NASDAQ:POWI,2.408963234019244e-07
2021-01-06,12,AR1 alpha + Basic + One-Step,NASDAQ:POWI,0.0
2021-01-07,12,AR1 alpha + Basic + One-Step,NASDAQ:POWI,0.0
2021-01-08,12,AR1 alpha + Basic + One-Step,NASDAQ:POWI,0.0
2021-01-11,12,AR1 alpha + Basic + One-Step,NASDAQ:POWI,0.0
2021-01-12,12,AR1 alpha + Basic + One-Step,NASDAQ:POWI,0.0
2021-01-13,12,AR1 alpha + Basic + One-Step,NASDAQ:POWI,0.0
2021-01-14,12,AR1 alpha + Basic + One-Step,NASDAQ:POWI,0.0
2021-01-15,12,AR1 alpha + Basic + One-Step,NASDAQ:POWI,0.0
2021-01-19,12,AR1 alpha + Basic + One-Step,NASDAQ:POWI,0.0
2021-01-20,12,AR1 alpha + Basic + One-Step,NASDAQ:POWI,0.0
2021-01-21,12,AR1 alpha + Basic + One-Step,NASDAQ:POWI,0.0
2021-01-22,12,AR1 alpha + Basic + One-Step,NASDAQ:POWI,0.0
2021-01-25,12,AR1 alpha + Basic + One-Step,NASDAQ:POWI,4.015473478545375e-09
2021-01-26,12,AR1 alpha + Basic + One-Step,NASDAQ:POWI,0.0
2021-01-27,12,AR1 alpha + Basic + One-Step,NASDAQ:POWI,0.09999575040111976
2021-01-28,12,AR1 alpha + Basic + One-Step,NASDAQ:POWI,0.09520010522332087
2021-01-29,12,AR1 alpha + Basic + One-Step,NASDAQ:POWI,0.09999874606405884
2021-02-01,12,AR1 alpha + Basic + One-Step,NASDAQ:POWI,1.1968716892323335e-06
2021-02-02,12,AR1 alpha + Basic + One-Step,NASDAQ:POWI,0.0
2021-02-03,12,AR1 alpha + Basic + One-Step,NASDAQ:POWI,0.0
2021-02-04,12,AR1 alpha + Basic + One-Step,NASDAQ:POWI,0.0
2021-02-05,12,AR1 alpha + Basic + One-Step,NASDAQ:POWI,0.0
2021-02-08,12,AR1 alpha + Basic + One-Step,NASDAQ:POWI,0.0
2021-02-09,12,AR1 alpha + Basic + One-Step,NASDAQ:POWI,0.0
2021-02-10,12,AR1 alpha + Basic + One-Step,NASDAQ:POWI,0.0
2021-02-11,12,AR1 alpha + Basic + One-Step,NASDAQ:POWI,0.0
2021-02-12,12,AR1 alpha + Basic + One-Step,NASDAQ:POWI,0.0
2021-02-16,12,AR1 alpha + Basic + One-Step,NASDAQ:POWI,0.0
2021-02-17,12,AR1 alpha + Basic + One-Step,NASDAQ:POWI,0.0
2021-02-18,12,AR1 alpha + Basic + One-Step,NASDAQ:POWI,5.853118782091355e-09
2021-02-19,12,AR1 alpha + Basic + One-Step,NASDAQ:POWI,0.0
2021-02-22,12,AR1 alpha + Basic + One-Step,NASDAQ:POWI,1.7241422724624935e-06
2021-02-23,12,AR1 alpha + Basic + One-Step,NASDAQ:POWI,1.5065817625240942e-08
2021-02-24,12,AR1 alpha + Basic + One-Step,NASDAQ:POWI,0.0
2021-02-25,12,AR1 alpha + Basic + One-Step,NASDAQ:POWI,0.04736115771157073
2021-02-26,12,AR1 alpha + Basic + One-Step,NASDAQ:POWI,1.0651003181973469e-06
2021-03-01,12,AR1 alpha + Basic + One-Step,NASDAQ:POWI,0.0
2021-03-02,12,AR1 alpha + Basic + One-Step,NASDAQ:POWI,0.0
2021-03-03,12,AR1 alpha + Basic + One-Step,NASDAQ:POWI,0.0
2021-03-04,12,AR1 alpha + Basic + One-Step,NASDAQ:POWI,0.04888875412971014
2021-03-05,12,AR1 alpha + Basic + One-Step,NASDAQ:POWI,0.01071208759037076
2021-03-08,12,AR1 alpha + Basic + One-Step,NASDAQ:POWI,0.09999952116168855
2021-03-09,12,AR1 alpha + Basic + One-Step,NASDAQ:POWI,0.0
2021-03-10,12,AR1 alpha + Basic + One-Step,NASDAQ:POWI,0.0
2021-03-11,12,AR1 alpha + Basic + One-Step,NASDAQ:POWI,0.0
2021-03-12,12,AR1 alpha + Basic + One-Step,NASDAQ:POWI,0.0
2021-03-15,12,AR1 alpha + Basic + One-Step,NASDAQ:POWI,1.2541341275756725e-09
2021-03-16,12,AR1 alpha + Basic + One-Step,NASDAQ:POWI,0.0
2021-03-17,12,AR1 alpha + Basic + One-Step,NASDAQ:POWI,0.0
2021-03-18,12,AR1 alpha + Basic + One-Step,NASDAQ:POWI,0.0
2021-03-19,12,AR1 alpha + Basic + One-Step,NASDAQ:POWI,0.0
2021-03-22,12,AR1 alpha + Basic + One-Step,NASDAQ:POWI,0.0
2021-03-23,12,AR1 alpha + Basic + One-Step,NASDAQ:POWI,0.0
2021-03-24,12,AR1 alpha + Basic + One-Step,NASDAQ:POWI,1.417529143350961e-08
2021-03-25,12,AR1 alpha + Basic + One-Step,NASDAQ:POWI,0.0
2021-03-26,12,AR1 alpha + Basic + One-Step,NASDAQ:POWI,0.0
2021-03-29,12,AR1 alpha + Basic + One-Step,NASDAQ:POWI,0.01025284688751806
2021-03-30,12,AR1 alpha + Basic + One-Step,NASDAQ:POWI,8.327659307137443e-07
2021-03-31,12,AR1 alpha + Basic + One-Step,NASDAQ:POWI,0.0
2021-04-01,12,AR1 alpha + Basic + One-Step,NASDAQ:POWI,0.0
2021-04-05,12,AR1 alpha + Basic + One-Step,NASDAQ:POWI,1.5716387434706311e-06
2021-04-06,12,AR1 alpha + Basic + One-Step,NASDAQ:POWI,8.114406222648797e-07
2021-04-07,12,AR1 alpha + Basic + One-Step,NASDAQ:POWI,0.0
2021-04-08,12,AR1 alpha + Basic + One-Step,NASDAQ:POWI,3.4549404774578103e-07
2021-04-09,12,AR1 alpha + Basic + One-Step,NASDAQ:POWI,0.0
2021-04-12,12,AR1 alpha + Basic + One-Step,NASDAQ:POWI,5.441332420306281e-09
2021-04-13,12,AR1 alpha + Basic + One-Step,NASDAQ:POWI,0.0
2021-04-14,12,AR1 alpha + Basic + One-Step,NASDAQ:POWI,0.0
2021-04-15,12,AR1 alpha + Basic + One-Step,NASDAQ:POWI,0.0
2021-04-16,12,AR1 alpha + Basic + One-Step,NASDAQ:POWI,0.0
2021-04-19,12,AR1 alpha + Basic + One-Step,NASDAQ:POWI,2.5379057808511583e-08
2021-04-20,12,AR1 alpha + Basic + One-Step,NASDAQ:POWI,0.0
2021-04-21,12,AR1 alpha + Basic + One-Step,NASDAQ:POWI,0.0
2021-04-22,12,AR1 alpha + Basic + One-Step,NASDAQ:POWI,1.9593393172893257e-07
2021-04-23,12,AR1 alpha + Basic + One-Step,NASDAQ:POWI,0.0
2021-04-26,12,AR1 alpha + Basic + One-Step,NASDAQ:POWI,1.0929712481408994e-08
2021-04-27,12,AR1 alpha + Basic + One-Step,NASDAQ:POWI,7.775532404257779e-07
2021-04-28,12,AR1 alpha + Basic + One-Step,NASDAQ:POWI,0.0
2021-04-29,12,AR1 alpha + Basic + One-Step,NASDAQ:POWI,0.0
2021-04-30,12,AR1 alpha + Basic + One-Step,NASDAQ:POWI,4.607311982354573e-09
2021-05-03,12,AR1 alpha + Basic + One-Step,NASDAQ:POWI,0.0
2021-05-04,12,AR1 alpha + Basic + One-Step,NASDAQ:POWI,0.0
2021-05-05,12,AR1 alpha + Basic + One-Step,NASDAQ:POWI,0.0
2021-05-06,12,AR1 alpha + Basic + One-Step,NASDAQ:POWI,0.0
2021-05-07,12,AR1 alpha + Basic + One-Step,NASDAQ:POWI,0.0
2021-05-10,12,AR1 alpha + Basic + One-Step,NASDAQ:POWI,0.0
2021-05-11,12,AR1 alpha + Basic + One-Step,NASDAQ:POWI,0.0
2021-05-12,12,AR1 alpha + Basic + One-Step,NASDAQ:POWI,0.05750679674095177
2021-05-13,12,AR1 alpha + Basic + One-Step,NASDAQ:POWI,0.0
2021-05-14,12,AR1 alpha + Basic + One-Step,NASDAQ:POWI,0.0
2021-05-17,12,AR1 alpha + Basic + One-Step,NASDAQ:POWI,0.0
2021-05-18,12,AR1 alpha + Basic + One-Step,NASDAQ:POWI,0.0
2021-05-19,12,AR1 alpha + Basic + One-Step,NASDAQ:POWI,6.248792337852093e-09
2021-05-20,12,AR1 alpha + Basic + One-Step,NASDAQ:POWI,1.3811445676829321e-08
2021-05-21,12,AR1 alpha + Basic + One-Step,NASDAQ:POWI,0.0
2021-05-24,12,AR1 alpha + Basic + One-Step,NASDAQ:POWI,0.0
2021-05-25,12,AR1 alpha + Basic + One-Step,NASDAQ:POWI,0.0
2021-05-26,12,AR1 alpha + Basic + One-Step,NASDAQ:POWI,0.0
2021-05-27,12,AR1 alpha + Basic + One-Step,NASDAQ:POWI,8.828209167544205e-08
2021-05-28,12,AR1 alpha + Basic + One-Step,NASDAQ:POWI,0.0
2021-06-01,12,AR1 alpha + Basic + One-Step,NASDAQ:POWI,0.0
2021-06-02,12,AR1 alpha + Basic + One-Step,NASDAQ:POWI,0.0
2021-06-03,12,AR1 alpha + Basic + One-Step,NASDAQ:POWI,0.0
2021-06-04,12,AR1 alpha + Basic + One-Step,NASDAQ:POWI,0.0
2021-06-07,12,AR1 alpha + Basic + One-Step,NASDAQ:POWI,0.0
2021-06-08,12,AR1 alpha + Basic + One-Step,NASDAQ:POWI,0.0
2021-06-09,12,AR1 alpha + Basic + One-Step,NASDAQ:POWI,8.35330451026138e-08
2021-06-10,12,AR1 alpha + Basic + One-Step,NASDAQ:POWI,5.971166445170223e-08
2021-06-11,12,AR1 alpha + Basic + One-Step,NASDAQ:POWI,0.0
2021-06-14,12,AR1 alpha + Basic + One-Step,NASDAQ:POWI,0.0
2021-06-15,12,AR1 alpha + Basic + One-Step,NASDAQ:POWI,0.0
2021-06-16,12,AR1 alpha + Basic + One-Step,NASDAQ:POWI,0.0
2021-06-17,12,AR1 alpha + Basic + One-Step,NASDAQ:POWI,0.0
2021-06-18,12,AR1 alpha + Basic + One-Step,NASDAQ:POWI,0.0
2021-06-21,12,AR1 alpha + Basic + One-Step,NASDAQ:POWI,6.458484428093817e-08
2021-06-22,12,AR1 alpha + Basic + One-Step,NASDAQ:POWI,0.0
2021-06-23,12,AR1 alpha + Basic + One-Step,NASDAQ:POWI,3.9304627373528746e-07
2021-06-24,12,AR1 alpha + Basic + One-Step,NASDAQ:POWI,7.818941720062836e-07
2021-06-25,12,AR1 alpha + Basic + One-Step,NASDAQ:POWI,0.0
2021-06-28,12,AR1 alpha + Basic + One-Step,NASDAQ:POWI,0.0
2021-06-29,12,AR1 alpha + Basic + One-Step,NASDAQ:POWI,0.0
2021-06-30,12,AR1 alpha + Basic + One-Step,NASDAQ:POWI,0.0
2021-07-01,12,AR1 alpha + Basic + One-Step,NASDAQ:POWI,0.0
2021-07-02,12,AR1 alpha + Basic + One-Step,NASDAQ:POWI,0.0
2021-07-06,12,AR1 alpha + Basic + One-Step,NASDAQ:POWI,0.0
2021-07-07,12,AR1 alpha + Basic + One-Step,NASDAQ:POWI,3.558543704926271e-07
2021-07-08,12,AR1 alpha + Basic + One-Step,NASDAQ:POWI,0.0
2021-07-09,12,AR1 alpha + Basic + One-Step,NASDAQ:POWI,0.0
2021-07-12,12,AR1 alpha + Basic + One-Step,NASDAQ:POWI,0.0
2021-07-13,12,AR1 alpha + Basic + One-Step,NASDAQ:POWI,6.26107924822272e-08
2021-07-14,12,AR1 alpha + Basic + One-Step,NASDAQ:POWI,0.0
2021-07-15,12,AR1 alpha + Basic + One-Step,NASDAQ:POWI,0.0
2021-07-16,12,AR1 alpha + Basic + One-Step,NASDAQ:POWI,3.903957004735821e-06
2021-07-19,12,AR1 alpha + Basic + One-Step,NASDAQ:POWI,0.0
2021-07-20,12,AR1 alpha + Basic + One-Step,NASDAQ:POWI,0.0
2021-07-21,12,AR1 alpha + Basic + One-Step,NASDAQ:POWI,0.0
2021-07-22,12,AR1 alpha + Basic + One-Step,NASDAQ:POWI,0.0
2021-07-23,12,AR1 alpha + Basic + One-Step,NASDAQ:POWI,0.0
2021-07-26,12,AR1 alpha + Basic + One-Step,NASDAQ:POWI,0.0
2021-07-27,12,AR1 alpha + Basic + One-Step,NASDAQ:POWI,7.316295345438987e-07
2021-07-28,12,AR1 alpha + Basic + One-Step,NASDAQ:POWI,0.0
2021-07-29,12,AR1 alpha + Basic + One-Step,NASDAQ:POWI,0.0
2021-07-30,12,AR1 alpha + Basic + One-Step,NASDAQ:POWI,0.0
2021-08-02,12,AR1 alpha + Basic + One-Step,NASDAQ:POWI,0.0
2021-08-03,12,AR1 alpha + Basic + One-Step,NASDAQ:POWI,0.0
2021-08-04,12,AR1 alpha + Basic + One-Step,NASDAQ:POWI,1.677470464003441e-08
2021-08-05,12,AR1 alpha + Basic + One-Step,NASDAQ:POWI,0.0
2021-08-06,12,AR1 alpha + Basic + One-Step,NASDAQ:POWI,0.0
2021-08-09,12,AR1 alpha + Basic + One-Step,NASDAQ:POWI,6.532398450988244e-07
2021-08-10,12,AR1 alpha + Basic + One-Step,NASDAQ:POWI,0.0
2021-08-11,12,AR1 alpha + Basic + One-Step,NASDAQ:POWI,8.83362303156901e-08
2021-08-12,12,AR1 alpha + Basic + One-Step,NASDAQ:POWI,0.0
2021-08-13,12,AR1 alpha + Basic + One-Step,NASDAQ:POWI,0.0
2021-08-16,12,AR1 alpha + Basic + One-Step,NASDAQ:POWI,1.7586709198644303e-09
2021-08-17,12,AR1 alpha + Basic + One-Step,NASDAQ:POWI,1.127701911222988e-07
2021-08-18,12,AR1 alpha + Basic + One-Step,NASDAQ:POWI,0.0
2021-08-19,12,AR1 alpha + Basic + One-Step,NASDAQ:POWI,0.0
2021-08-20,12,AR1 alpha + Basic + One-Step,NASDAQ:POWI,0.0
2021-08-23,12,AR1 alpha + Basic + One-Step,NASDAQ:POWI,0.0
2021-08-24,12,AR1 alpha + Basic + One-Step,NASDAQ:POWI,1.5134114393540116e-07
2021-08-25,12,AR1 alpha + Basic + One-Step,NASDAQ:POWI,0.0
2021-08-26,12,AR1 alpha + Basic + One-Step,NASDAQ:POWI,0.0
2021-08-27,12,AR1 alpha + Basic + One-Step,NASDAQ:POWI,2.0471860078752567e-06
2021-08-30,12,AR1 alpha + Basic + One-Step,NASDAQ:POWI,1.0739100887590767e-07
2021-08-31,12,AR1 alpha + Basic + One-Step,NASDAQ:POWI,0.0
2021-09-01,12,AR1 alpha + Basic + One-Step,NASDAQ:POWI,0.0
2021-09-02,12,AR1 alpha + Basic + One-Step,NASDAQ:POWI,0.0
2021-09-03,12,AR1 alpha + Basic + One-Step,NASDAQ:POWI,0.0
2021-09-07,12,AR1 alpha + Basic + One-Step,NASDAQ:POWI,0.0
2021-09-08,12,AR1 alpha + Basic + One-Step,NASDAQ:POWI,0.01928111501039069
2021-09-09,12,AR1 alpha + Basic + One-Step,NASDAQ:POWI,0.006196177030251898
2021-09-10,12,AR1 alpha + Basic + One-Step,NASDAQ:POWI,0.0
2021-09-13,12,AR1 alpha + Basic + One-Step,NASDAQ:POWI,0.0
2021-09-14,12,AR1 alpha + Basic + One-Step,NASDAQ:POWI,4.7662189180158155e-07
2021-09-15,12,AR1 alpha + Basic + One-Step,NASDAQ:POWI,0.0
2021-09-16,12,AR1 alpha + Basic + One-Step,NASDAQ:POWI,0.0
2021-09-17,12,AR1 alpha + Basic + One-Step,NASDAQ:POWI,0.04886841959242853
2021-09-20,12,AR1 alpha + Basic + One-Step,NASDAQ:POWI,0.045091065133856106
2021-09-21,12,AR1 alpha + Basic + One-Step,NASDAQ:POWI,0.03602685065653547
2021-09-22,12,AR1 alpha + Basic + One-Step,NASDAQ:POWI,0.0034261928455119146
2021-09-23,12,AR1 alpha + Basic + One-Step,NASDAQ:POWI,0.024515591435837415
2021-09-24,12,AR1 alpha + Basic + One-Step,NASDAQ:POWI,0.006589778497594387
2021-09-27,12,AR1 alpha + Basic + One-Step,NASDAQ:POWI,0.0
2021-09-28,12,AR1 alpha + Basic + One-Step,NASDAQ:POWI,0.09999056252976177
2021-09-29,12,AR1 alpha + Basic + One-Step,NASDAQ:POWI,0.09999433725403482
2021-09-30,12,AR1 alpha + Basic + One-Step,NASDAQ:POWI,0.09998918877889304
2021-10-01,12,AR1 alpha + Basic + One-Step,NASDAQ:POWI,0.040362363422445535
2021-10-04,12,AR1 alpha + Basic + One-Step,NASDAQ:POWI,0.09999405000609558
2021-10-05,12,AR1 alpha + Basic + One-Step,NASDAQ:POWI,0.039891585527660235
2021-10-06,12,AR1 alpha + Basic + One-Step,NASDAQ:POWI,0.021077662498501938
2021-10-07,12,AR1 alpha + Basic + One-Step,NASDAQ:POWI,0.0
2021-10-08,12,AR1 alpha + Basic + One-Step,NASDAQ:POWI,6.98078023536802e-09
2021-10-11,12,AR1 alpha + Basic + One-Step,NASDAQ:POWI,0.0
2021-10-12,12,AR1 alpha + Basic + One-Step,NASDAQ:POWI,5.6073243970341946e-09
2021-10-13,12,AR1 alpha + Basic + One-Step,NASDAQ:POWI,2.2517407968356193e-08
2021-10-14,12,AR1 alpha + Basic + One-Step,NASDAQ:POWI,0.0
2021-10-15,12,AR1 alpha + Basic + One-Step,NASDAQ:POWI,0.0
2021-10-18,12,AR1 alpha + Basic + One-Step,NASDAQ:POWI,0.0
2021-10-19,12,AR1 alpha + Basic + One-Step,NASDAQ:POWI,0.0
2021-10-20,12,AR1 alpha + Basic + One-Step,NASDAQ:POWI,0.0
2021-10-21,12,AR1 alpha + Basic + One-Step,NASDAQ:POWI,0.0
2021-10-22,12,AR1 alpha + Basic + One-Step,NASDAQ:POWI,0.0
2021-10-25,12,AR1 alpha + Basic + One-Step,NASDAQ:POWI,0.0
2021-10-26,12,AR1 alpha + Basic + One-Step,NASDAQ:POWI,0.0
2021-10-27,12,AR1 alpha + Basic + One-Step,NASDAQ:POWI,0.0
2021-10-28,12,AR1 alpha + Basic + One-Step,NASDAQ:POWI,0.0
2021-10-29,12,AR1 alpha + Basic + One-Step,NASDAQ:POWI,0.0
2021-11-01,12,AR1 alpha + Basic + One-Step,NASDAQ:POWI,2.1952303789402324e-07
2021-11-02,12,AR1 alpha + Basic + One-Step,NASDAQ:POWI,0.0
2021-11-03,12,AR1 alpha + Basic + One-Step,NASDAQ:POWI,0.0
2021-11-04,12,AR1 alpha + Basic + One-Step,NASDAQ:POWI,0.0
2021-11-05,12,AR1 alpha + Basic + One-Step,NASDAQ:POWI,6.713123538993905e-09
2021-11-08,12,AR1 alpha + Basic + One-Step,NASDAQ:POWI,0.0
2021-11-09,12,AR1 alpha + Basic + One-Step,NASDAQ:POWI,0.0
2021-11-10,12,AR1 alpha + Basic + One-Step,NASDAQ:POWI,0.08979047296571871
2021-11-11,12,AR1 alpha + Basic + One-Step,NASDAQ:POWI,0.0
2021-11-12,12,AR1 alpha + Basic + One-Step,NASDAQ:POWI,0.0
2021-11-15,12,AR1 alpha + Basic + One-Step,NASDAQ:POWI,0.0
2021-11-16,12,AR1 alpha + Basic + One-Step,NASDAQ:POWI,0.0
2021-11-17,12,AR1 alpha + Basic + One-Step,NASDAQ:POWI,0.0
2021-11-18,12,AR1 alpha + Basic + One-Step,NASDAQ:POWI,0.0
2021-11-19,12,AR1 alpha + Basic + One-Step,NASDAQ:POWI,0.0
2021-11-22,12,AR1 alpha + Basic + One-Step,NASDAQ:POWI,0.0
2021-11-23,12,AR1 alpha + Basic + One-Step,NASDAQ:POWI,0.0
2021-11-24,12,AR1 alpha + Basic + One-Step,NASDAQ:POWI,0.0
2021-11-26,12,AR1 alpha + Basic + One-Step,NASDAQ:POWI,0.0
2021-11-29,12,AR1 alpha + Basic + One-Step,NASDAQ:POWI,0.0
2021-11-30,12,AR1 alpha + Basic + One-Step,NASDAQ:POWI,0.04509855300848382
2021-12-01,12,AR1 alpha + Basic + One-Step,NASDAQ:POWI,0.027800671077942898
2021-12-02,12,AR1 alpha + Basic + One-Step,NASDAQ:POWI,0.03674818504067474
2021-12-03,12,AR1 alpha + Basic + One-Step,NASDAQ:POWI,0.06037994841085972
2021-12-06,12,AR1 alpha + Basic + One-Step,NASDAQ:POWI,0.09999261789395368
2021-12-07,12,AR1 alpha + Basic + One-Step,NASDAQ:POWI,9.411741633296874e-07
2021-12-08,12,AR1 alpha + Basic + One-Step,NASDAQ:POWI,0.054049393055987716
2021-12-09,12,AR1 alpha + Basic + One-Step,NASDAQ:POWI,0.09998901708256619
2021-12-10,12,AR1 alpha + Basic + One-Step,NASDAQ:POWI,0.09999455070141636
2021-12-13,12,AR1 alpha + Basic + One-Step,NASDAQ:POWI,0.0999893597195625
2021-12-14,12,AR1 alpha + Basic + One-Step,NASDAQ:POWI,0.05283301299770039
2021-12-15,12,AR1 alpha + Basic + One-Step,NASDAQ:POWI,0.0
2021-12-16,12,AR1 alpha + Basic + One-Step,NASDAQ:POWI,0.04549758156718058
2021-12-17,12,AR1 alpha + Basic + One-Step,NASDAQ:POWI,0.0
2021-12-20,12,AR1 alpha + Basic + One-Step,NASDAQ:POWI,0.0
2021-12-21,12,AR1 alpha + Basic + One-Step,NASDAQ:POWI,0.0
2021-12-22,12,AR1 alpha + Basic + One-Step,NASDAQ:POWI,1.6561899747033425e-07
2021-12-23,12,AR1 alpha + Basic + One-Step,NASDAQ:POWI,0.0
2021-12-27,12,AR1 alpha + Basic + One-Step,NASDAQ:POWI,0.0
2021-12-28,12,AR1 alpha + Basic + One-Step,NASDAQ:POWI,0.0
2021-12-29,12,AR1 alpha + Basic + One-Step,NASDAQ:POWI,0.0
2021-12-30,12,AR1 alpha + Basic + One-Step,NASDAQ:POWI,4.3353959967637945e-07
2021-12-31,12,AR1 alpha + Basic + One-Step,NASDAQ:POWI,1.0775377430929012e-07
2022-01-03,12,AR1 alpha + Basic + One-Step,NASDAQ:POWI,5.718915680590257e-08
2022-01-04,12,AR1 alpha + Basic + One-Step,NASDAQ:POWI,0.0
2022-01-05,12,AR1 alpha + Basic + One-Step,NASDAQ:POWI,0.0
2022-01-06,12,AR1 alpha + Basic + One-Step,NASDAQ:POWI,0.0
2022-01-07,12,AR1 alpha + Basic + One-Step,NASDAQ:POWI,4.7747796066276946e-08
2022-01-10,12,AR1 alpha + Basic + One-Step,NASDAQ:POWI,0.0
2022-01-11,12,AR1 alpha + Basic + One-Step,NASDAQ:POWI,0.0
2022-01-12,12,AR1 alpha + Basic + One-Step,NASDAQ:POWI,0.0
2022-01-13,12,AR1 alpha + Basic + One-Step,NASDAQ:POWI,1.225918068035383e-06
2022-01-14,12,AR1 alpha + Basic + One-Step,NASDAQ:POWI,0.0
2022-01-18,12,AR1 alpha + Basic + One-Step,NASDAQ:POWI,0.0
2022-01-19,12,AR1 alpha + Basic + One-Step,NASDAQ:POWI,0.0
2022-01-20,12,AR1 alpha + Basic + One-Step,NASDAQ:POWI,0.0
2022-01-21,12,AR1 alpha + Basic + One-Step,NASDAQ:POWI,2.9273404194496033e-07
2022-01-24,12,AR1 alpha + Basic + One-Step,NASDAQ:POWI,0.0
2022-01-25,12,AR1 alpha + Basic + One-Step,NASDAQ:POWI,0.0
2022-01-26,12,AR1 alpha + Basic + One-Step,NASDAQ:POWI,9.760303686515221e-09
2022-01-27,12,AR1 alpha + Basic + One-Step,NASDAQ:POWI,0.0
2022-01-28,12,AR1 alpha + Basic + One-Step,NASDAQ:POWI,0.0
2022-01-31,12,AR1 alpha + Basic + One-Step,NASDAQ:POWI,0.0
2022-02-01,12,AR1 alpha + Basic + One-Step,NASDAQ:POWI,0.0
2022-02-02,12,AR1 alpha + Basic + One-Step,NASDAQ:POWI,0.0
2022-02-03,12,AR1 alpha + Basic + One-Step,NASDAQ:POWI,0.0
2022-02-04,12,AR1 alpha + Basic + One-Step,NASDAQ:POWI,1.188221094481203e-07
2022-02-07,12,AR1 alpha + Basic + One-Step,NASDAQ:POWI,1.856015637674067e-07
2022-02-08,12,AR1 alpha + Basic + One-Step,NASDAQ:POWI,6.20941727352407e-07
2022-02-09,12,AR1 alpha + Basic + One-Step,NASDAQ:POWI,0.0
2022-02-10,12,AR1 alpha + Basic + One-Step,NASDAQ:POWI,0.0
2022-02-11,12,AR1 alpha + Basic + One-Step,NASDAQ:POWI,0.0
2022-02-14,12,AR1 alpha + Basic + One-Step,NASDAQ:POWI,0.0
2022-02-15,12,AR1 alpha + Basic + One-Step,NASDAQ:POWI,0.0
2022-02-16,12,AR1 alpha + Basic + One-Step,NASDAQ:POWI,0.0
2022-02-17,12,AR1 alpha + Basic + One-Step,NASDAQ:POWI,0.0
2022-02-18,12,AR1 alpha + Basic + One-Step,NASDAQ:POWI,1.556108262834369e-07
2022-02-22,12,AR1 alpha + Basic + One-Step,NASDAQ:POWI,5.605568741748627e-08
2022-02-23,12,AR1 alpha + Basic + One-Step,NASDAQ:POWI,0.0
2022-02-24,12,AR1 alpha + Basic + One-Step,NASDAQ:POWI,0.0
2022-02-25,12,AR1 alpha + Basic + One-Step,NASDAQ:POWI,0.0
2022-02-28,12,AR1 alpha + Basic + One-Step,NASDAQ:POWI,0.0
2022-03-01,12,AR1 alpha + Basic + One-Step,NASDAQ:POWI,3.1207087363345934e-08
2022-03-02,12,AR1 alpha + Basic + One-Step,NASDAQ:POWI,3.0735497706438534e-08
2022-03-03,12,AR1 alpha + Basic + One-Step,NASDAQ:POWI,0.0
2022-03-04,12,AR1 alpha + Basic + One-Step,NASDAQ:POWI,0.0
2022-03-07,12,AR1 alpha + Basic + One-Step,NASDAQ:POWI,3.647624326293877e-10
2022-03-08,12,AR1 alpha + Basic + One-Step,NASDAQ:POWI,3.329415489946286e-07
2022-03-09,12,AR1 alpha + Basic + One-Step,NASDAQ:POWI,0.0
2022-03-10,12,AR1 alpha + Basic + One-Step,NASDAQ:POWI,0.0
2022-03-11,12,AR1 alpha + Basic + One-Step,NASDAQ:POWI,0.0
2022-03-14,12,AR1 alpha + Basic + One-Step,NASDAQ:POWI,0.0
2022-03-15,12,AR1 alpha + Basic + One-Step,NASDAQ:POWI,0.0
2022-03-16,12,AR1 alpha + Basic + One-Step,NASDAQ:POWI,0.0
2022-03-17,12,AR1 alpha + Basic + One-Step,NASDAQ:POWI,0.0
2022-03-18,12,AR1 alpha + Basic + One-Step,NASDAQ:POWI,0.0
2022-03-21,12,AR1 alpha + Basic + One-Step,NASDAQ:POWI,0.0
2022-03-22,12,AR1 alpha + Basic + One-Step,NASDAQ:POWI,0.0
2022-03-23,12,AR1 alpha + Basic + One-Step,NASDAQ:POWI,0.0
2022-03-24,12,AR1 alpha + Basic + One-Step,NASDAQ:POWI,3.803148322737544e-08
2022-03-25,12,AR1 alpha + Basic + One-Step,NASDAQ:POWI,0.0
2022-03-28,12,AR1 alpha + Basic + One-Step,NASDAQ:POWI,0.0
2022-03-29,12,AR1 alpha + Basic + One-Step,NASDAQ:POWI,0.0
2022-03-30,12,AR1 alpha + Basic + One-Step,NASDAQ:POWI,0.0
2022-03-31,12,AR1 alpha + Basic + One-Step,NASDAQ:POWI,0.0
2022-04-01,12,AR1 alpha + Basic + One-Step,NASDAQ:POWI,0.0
2022-04-04,12,AR1 alpha + Basic + One-Step,NASDAQ:POWI,0.0
2022-04-05,12,AR1 alpha + Basic + One-Step,NASDAQ:POWI,0.0734138422933268
2022-04-06,12,AR1 alpha + Basic + One-Step,NASDAQ:POWI,0.0918415335101517
2022-04-07,12,AR1 alpha + Basic + One-Step,NASDAQ:POWI,0.034039857362338215
2022-04-08,12,AR1 alpha + Basic + One-Step,NASDAQ:POWI,0.0
2022-04-11,12,AR1 alpha + Basic + One-Step,NASDAQ:POWI,0.0
2022-04-12,12,AR1 alpha + Basic + One-Step,NASDAQ:POWI,0.0
2022-04-13,12,AR1 alpha + Basic + One-Step,NASDAQ:POWI,2.8123110924114984e-07
2022-04-14,12,AR1 alpha + Basic + One-Step,NASDAQ:POWI,0.0
2022-04-18,12,AR1 alpha + Basic + One-Step,NASDAQ:POWI,0.0
2022-04-19,12,AR1 alpha + Basic + One-Step,NASDAQ:POWI,0.0
2022-04-20,12,AR1 alpha + Basic + One-Step,NASDAQ:POWI,6.012220242207482e-08
2022-04-21,12,AR1 alpha + Basic + One-Step,NASDAQ:POWI,0.0
2022-04-22,12,AR1 alpha + Basic + One-Step,NASDAQ:POWI,0.0
2022-04-25,12,AR1 alpha + Basic + One-Step,NASDAQ:POWI,0.0
2022-04-26,12,AR1 alpha + Basic + One-Step,NASDAQ:POWI,0.0
2022-04-27,12,AR1 alpha + Basic + One-Step,NASDAQ:POWI,0.0
2022-04-28,12,AR1 alpha + Basic + One-Step,NASDAQ:POWI,0.0
2022-04-29,12,AR1 alpha + Basic + One-Step,NASDAQ:POWI,0.0
2022-05-02,12,AR1 alpha + Basic + One-Step,NASDAQ:POWI,0.0
2022-05-03,12,AR1 alpha + Basic + One-Step,NASDAQ:POWI,0.0
2022-05-04,12,AR1 alpha + Basic + One-Step,NASDAQ:POWI,5.819978392407029e-07
2022-05-05,12,AR1 alpha + Basic + One-Step,NASDAQ:POWI,0.0
2022-05-06,12,AR1 alpha + Basic + One-Step,NASDAQ:POWI,0.0
2022-05-09,12,AR1 alpha + Basic + One-Step,NASDAQ:POWI,0.0
2022-05-10,12,AR1 alpha + Basic + One-Step,NASDAQ:POWI,5.102780814312421e-07
2022-05-11,12,AR1 alpha + Basic + One-Step,NASDAQ:POWI,0.0
2022-05-12,12,AR1 alpha + Basic + One-Step,NASDAQ:POWI,9.562120101764546e-08
2022-05-13,12,AR1 alpha + Basic + One-Step,NASDAQ:POWI,0.0
2022-05-16,12,AR1 alpha + Basic + One-Step,NASDAQ:POWI,3.5751046575607333e-07
2022-05-17,12,AR1 alpha + Basic + One-Step,NASDAQ:POWI,3.777594150568094e-08
2022-05-18,12,AR1 alpha + Basic + One-Step,NASDAQ:POWI,7.627456104178811e-07
2022-05-19,12,AR1 alpha + Basic + One-Step,NASDAQ:POWI,0.0
2022-05-20,12,AR1 alpha + Basic + One-Step,NASDAQ:POWI,0.0
2022-05-23,12,AR1 alpha + Basic + One-Step,NASDAQ:POWI,1.9768268318547488e-07
2022-05-24,12,AR1 alpha + Basic + One-Step,NASDAQ:POWI,0.019136852860909576
2022-05-25,12,AR1 alpha + Basic + One-Step,NASDAQ:POWI,0.06383832405730973
2022-05-26,12,AR1 alpha + Basic + One-Step,NASDAQ:POWI,0.0
2022-05-27,12,AR1 alpha + Basic + One-Step,NASDAQ:POWI,0.0
2022-05-31,12,AR1 alpha + Basic + One-Step,NASDAQ:POWI,0.0
2022-06-01,12,AR1 alpha + Basic + One-Step,NASDAQ:POWI,0.0
2022-06-02,12,AR1 alpha + Basic + One-Step,NASDAQ:POWI,0.0
2022-06-03,12,AR1 alpha + Basic + One-Step,NASDAQ:POWI,0.0
2022-06-06,12,AR1 alpha + Basic + One-Step,NASDAQ:POWI,0.0
2022-06-07,12,AR1 alpha + Basic + One-Step,NASDAQ:POWI,0.0
2022-06-08,12,AR1 alpha + Basic + One-Step,NASDAQ:POWI,2.3620410565902157e-07
2022-06-09,12,AR1 alpha + Basic + One-Step,NASDAQ:POWI,1.3327492319477548e-07
2022-06-10,12,AR1 alpha + Basic + One-Step,NASDAQ:POWI,9.512951045596321e-08
2022-06-13,12,AR1 alpha + Basic + One-Step,NASDAQ:POWI,0.10000074063075388
2022-06-14,12,AR1 alpha + Basic + One-Step,NASDAQ:POWI,0.0
2022-06-15,12,AR1 alpha + Basic + One-Step,NASDAQ:POWI,0.0
2022-06-16,12,AR1 alpha + Basic + One-Step,NASDAQ:POWI,0.0999992578035219
2022-06-17,12,AR1 alpha + Basic + One-Step,NASDAQ:POWI,0.0298956667480978
2022-06-21,12,AR1 alpha + Basic + One-Step,NASDAQ:POWI,1.0037133574628354e-06
2022-06-22,12,AR1 alpha + Basic + One-Step,NASDAQ:POWI,3.785871897016591e-07
2022-06-23,12,AR1 alpha + Basic + One-Step,NASDAQ:POWI,0.0
2022-06-24,12,AR1 alpha + Basic + One-Step,NASDAQ:POWI,0.0
2022-06-27,12,AR1 alpha + Basic + One-Step,NASDAQ:POWI,0.0
2022-06-28,12,AR1 alpha + Basic + One-Step,NASDAQ:POWI,0.0
2022-06-29,12,AR1 alpha + Basic + One-Step,NASDAQ:POWI,0.0
2022-06-30,12,AR1 alpha + Basic + One-Step,NASDAQ:POWI,0.0
2022-07-01,12,AR1 alpha + Basic + One-Step,NASDAQ:POWI,0.09999808837877697
2022-07-05,12,AR1 alpha + Basic + One-Step,NASDAQ:POWI,0.049088651579364664
2022-07-06,12,AR1 alpha + Basic + One-Step,NASDAQ:POWI,0.0
2022-07-07,12,AR1 alpha + Basic + One-Step,NASDAQ:POWI,0.0
2022-07-08,12,AR1 alpha + Basic + One-Step,NASDAQ:POWI,0.0
2022-07-11,12,AR1 alpha + Basic + One-Step,NASDAQ:POWI,0.0
2022-07-12,12,AR1 alpha + Basic + One-Step,NASDAQ:POWI,2.494189607892537e-07
2022-07-13,12,AR1 alpha + Basic + One-Step,NASDAQ:POWI,3.0141657869196486e-07
2022-07-14,12,AR1 alpha + Basic + One-Step,NASDAQ:POWI,0.0
2022-07-15,12,AR1 alpha + Basic + One-Step,NASDAQ:POWI,2.7731566587239234e-08
2022-07-18,12,AR1 alpha + Basic + One-Step,NASDAQ:POWI,1.0106848185438554e-08
2022-07-19,12,AR1 alpha + Basic + One-Step,NASDAQ:POWI,0.0
2022-07-20,12,AR1 alpha + Basic + One-Step,NASDAQ:POWI,0.0
2022-07-21,12,AR1 alpha + Basic + One-Step,NASDAQ:POWI,3.951415179312446e-08
2022-07-22,12,AR1 alpha + Basic + One-Step,NASDAQ:POWI,0.0
2022-07-25,12,AR1 alpha + Basic + One-Step,NASDAQ:POWI,0.0
2022-07-26,12,AR1 alpha + Basic + One-Step,NASDAQ:POWI,0.0
2022-07-27,12,AR1 alpha + Basic + One-Step,NASDAQ:POWI,0.0
2022-07-28,12,AR1 alpha + Basic + One-Step,NASDAQ:POWI,0.0
2022-07-29,12,AR1 alpha + Basic + One-Step,NASDAQ:POWI,0.0
2022-08-01,12,AR1 alpha + Basic + One-Step,NASDAQ:POWI,0.0
2022-08-02,12,AR1 alpha + Basic + One-Step,NASDAQ:POWI,0.0
2022-08-03,12,AR1 alpha + Basic + One-Step,NASDAQ:POWI,0.0
2022-08-04,12,AR1 alpha + Basic + One-Step,NASDAQ:POWI,0.0
2022-08-05,12,AR1 alpha + Basic + One-Step,NASDAQ:POWI,0.0
2022-08-08,12,AR1 alpha + Basic + One-Step,NASDAQ:POWI,0.0
2022-08-09,12,AR1 alpha + Basic + One-Step,NASDAQ:POWI,0.0
2022-08-10,12,AR1 alpha + Basic + One-Step,NASDAQ:POWI,0.0
2022-08-11,12,AR1 alpha + Basic + One-Step,NASDAQ:POWI,0.0
2022-08-12,12,AR1 alpha + Basic + One-Step,NASDAQ:POWI,0.0
2022-08-15,12,AR1 alpha + Basic + One-Step,NASDAQ:POWI,0.0
2022-08-16,12,AR1 alpha + Basic + One-Step,NASDAQ:POWI,0.0
2022-08-17,12,AR1 alpha + Basic + One-Step,NASDAQ:POWI,0.0
2022-08-18,12,AR1 alpha + Basic + One-Step,NASDAQ:POWI,0.0
2022-08-19,12,AR1 alpha + Basic + One-Step,NASDAQ:POWI,0.0
2022-08-22,12,AR1 alpha + Basic + One-Step,NASDAQ:POWI,0.0
2022-08-23,12,AR1 alpha + Basic + One-Step,NASDAQ:POWI,0.0
2022-08-24,12,AR1 alpha + Basic + One-Step,NASDAQ:POWI,6.802962841661442e-08
2022-08-25,12,AR1 alpha + Basic + One-Step,NASDAQ:POWI,0.0
2022-08-26,12,AR1 alpha + Basic + One-Step,NASDAQ:POWI,0.0
2022-08-29,12,AR1 alpha + Basic + One-Step,NASDAQ:POWI,0.0
2022-08-30,12,AR1 alpha + Basic + One-Step,NASDAQ:POWI,0.0
2022-08-31,12,AR1 alpha + Basic + One-Step,NASDAQ:POWI,0.0
2022-09-01,12,AR1 alpha + Basic + One-Step,NASDAQ:POWI,0.017844521318249172
2022-09-02,12,AR1 alpha + Basic + One-Step,NASDAQ:POWI,0.0
2022-09-06,12,AR1 alpha + Basic + One-Step,NASDAQ:POWI,0.0
2022-09-07,12,AR1 alpha + Basic + One-Step,NASDAQ:POWI,0.0
2022-09-08,12,AR1 alpha + Basic + One-Step,NASDAQ:POWI,5.445558415014665e-07
2022-09-09,12,AR1 alpha + Basic + One-Step,NASDAQ:POWI,0.0
2022-09-12,12,AR1 alpha + Basic + One-Step,NASDAQ:POWI,0.0
2022-09-13,12,AR1 alpha + Basic + One-Step,NASDAQ:POWI,8.493895004388987e-08
2022-09-14,12,AR1 alpha + Basic + One-Step,NASDAQ:POWI,1.234547262689235e-07
2022-09-15,12,AR1 alpha + Basic + One-Step,NASDAQ:POWI,0.0
2022-09-16,12,AR1 alpha + Basic + One-Step,NASDAQ:POWI,8.252085159745489e-08
2022-09-19,12,AR1 alpha + Basic + One-Step,NASDAQ:POWI,0.0
2022-09-20,12,AR1 alpha + Basic + One-Step,NASDAQ:POWI,0.0
2022-09-21,12,AR1 alpha + Basic + One-Step,NASDAQ:POWI,0.0
2022-09-22,12,AR1 alpha + Basic + One-Step,NASDAQ:POWI,0.0
2022-09-23,12,AR1 alpha + Basic + One-Step,NASDAQ:POWI,0.0
2022-09-26,12,AR1 alpha + Basic + One-Step,NASDAQ:POWI,4.649208556822957e-09
2022-09-27,12,AR1 alpha + Basic + One-Step,NASDAQ:POWI,0.0
2022-09-28,12,AR1 alpha + Basic + One-Step,NASDAQ:POWI,0.0
2022-09-29,12,AR1 alpha + Basic + One-Step,NASDAQ:POWI,0.0
2022-09-30,12,AR1 alpha + Basic + One-Step,NASDAQ:POWI,0.0
2022-10-03,12,AR1 alpha + Basic + One-Step,NASDAQ:POWI,0.0
2022-10-04,12,AR1 alpha + Basic + One-Step,NASDAQ:POWI,0.0
2022-10-05,12,AR1 alpha + Basic + One-Step,NASDAQ:POWI,8.187858987242409e-08
2022-10-06,12,AR1 alpha + Basic + One-Step,NASDAQ:POWI,0.0
2022-10-07,12,AR1 alpha + Basic + One-Step,NASDAQ:POWI,0.0
2022-10-10,12,AR1 alpha + Basic + One-Step,NASDAQ:POWI,0.0
2022-10-11,12,AR1 alpha + Basic + One-Step,NASDAQ:POWI,0.0
2022-10-12,12,AR1 alpha + Basic + One-Step,NASDAQ:POWI,3.916728423981982e-09
2022-10-13,12,AR1 alpha + Basic + One-Step,NASDAQ:POWI,0.0
2022-10-14,12,AR1 alpha + Basic + One-Step,NASDAQ:POWI,1.1548873072784217e-07
2022-10-17,12,AR1 alpha + Basic + One-Step,NASDAQ:POWI,1.136798050953297e-09
2022-10-18,12,AR1 alpha + Basic + One-Step,NASDAQ:POWI,0.0
2022-10-19,12,AR1 alpha + Basic + One-Step,NASDAQ:POWI,0.0
2022-10-20,12,AR1 alpha + Basic + One-Step,NASDAQ:POWI,0.0
2022-10-21,12,AR1 alpha + Basic + One-Step,NASDAQ:POWI,8.229073647668035e-09
2022-10-24,12,AR1 alpha + Basic + One-Step,NASDAQ:POWI,0.0
2022-10-25,12,AR1 alpha + Basic + One-Step,NASDAQ:POWI,0.0
2022-10-26,12,AR1 alpha + Basic + One-Step,NASDAQ:POWI,0.0
2022-10-27,12,AR1 alpha + Basic + One-Step,NASDAQ:POWI,0.0
2022-10-28,12,AR1 alpha + Basic + One-Step,NASDAQ:POWI,0.0
2022-10-31,12,AR1 alpha + Basic + One-Step,NASDAQ:POWI,0.0
2022-11-01,12,AR1 alpha + Basic + One-Step,NASDAQ:POWI,0.0
2022-11-02,12,AR1 alpha + Basic + One-Step,NASDAQ:POWI,3.051348603863239e-07
2022-11-03,12,AR1 alpha + Basic + One-Step,NASDAQ:POWI,7.29948533174024e-07
2022-11-04,12,AR1 alpha + Basic + One-Step,NASDAQ:POWI,3.325807855110317e-07
2022-11-07,12,AR1 alpha + Basic + One-Step,NASDAQ:POWI,0.0
2022-11-08,12,AR1 alpha + Basic + One-Step,NASDAQ:POWI,0.0
2022-11-09,12,AR1 alpha + Basic + One-Step,NASDAQ:POWI,0.0
2022-11-10,12,AR1 alpha + Basic + One-Step,NASDAQ:POWI,0.0
2022-11-11,12,AR1 alpha + Basic + One-Step,NASDAQ:POWI,1.5531519678130862e-07
2022-11-14,12,AR1 alpha + Basic + One-Step,NASDAQ:POWI,0.0
2022-11-15,12,AR1 alpha + Basic + One-Step,NASDAQ:POWI,0.0
2022-11-16,12,AR1 alpha + Basic + One-Step,NASDAQ:POWI,0.0
2022-11-17,12,AR1 alpha + Basic + One-Step,NASDAQ:POWI,0.0
2022-11-18,12,AR1 alpha + Basic + One-Step,NASDAQ:POWI,2.2497536468070523e-07
2022-11-21,12,AR1 alpha + Basic + One-Step,NASDAQ:POWI,3.517566169029331e-07
2022-11-22,12,AR1 alpha + Basic + One-Step,NASDAQ:POWI,1.5252144397286825e-07
2022-11-23,12,AR1 alpha + Basic + One-Step,NASDAQ:POWI,0.0
2022-11-25,12,AR1 alpha + Basic + One-Step,NASDAQ:POWI,0.0
2022-11-28,12,AR1 alpha + Basic + One-Step,NASDAQ:POWI,1.8012483174420917e-08
2022-11-29,12,AR1 alpha + Basic + One-Step,NASDAQ:POWI,0.0
2022-11-30,12,AR1 alpha + Basic + One-Step,NASDAQ:POWI,0.0
2022-12-01,12,AR1 alpha + Basic + One-Step,NASDAQ:POWI,0.0
2022-12-02,12,AR1 alpha + Basic + One-Step,NASDAQ:POWI,0.0
2022-12-05,12,AR1 alpha + Basic + One-Step,NASDAQ:POWI,0.0
2022-12-06,12,AR1 alpha + Basic + One-Step,NASDAQ:POWI,1.4677590777449672e-07
2022-12-07,12,AR1 alpha + Basic + One-Step,NASDAQ:POWI,0.0
2022-12-08,12,AR1 alpha + Basic + One-Step,NASDAQ:POWI,0.0
2022-12-09,12,AR1 alpha + Basic + One-Step,NASDAQ:POWI,0.0
2022-12-12,12,AR1 alpha + Basic + One-Step,NASDAQ:POWI,1.6041238955529633e-08
2022-12-13,12,AR1 alpha + Basic + One-Step,NASDAQ:POWI,6.53567541487439e-07
2022-12-14,12,AR1 alpha + Basic + One-Step,NASDAQ:POWI,1.0898116466299502e-07
2022-12-15,12,AR1 alpha + Basic + One-Step,NASDAQ:POWI,0.0
2022-12-16,12,AR1 alpha + Basic + One-Step,NASDAQ:POWI,0.0
2022-12-19,12,AR1 alpha + Basic + One-Step,NASDAQ:POWI,0.0
2022-12-20,12,AR1 alpha + Basic + One-Step,NASDAQ:POWI,0.0
2022-12-21,12,AR1 alpha + Basic + One-Step,NASDAQ:POWI,6.619597262136899e-09
2022-12-22,12,AR1 alpha + Basic + One-Step,NASDAQ:POWI,0.0
2022-12-23,12,AR1 alpha + Basic + One-Step,NASDAQ:POWI,0.0
2022-12-27,12,AR1 alpha + Basic + One-Step,NASDAQ:POWI,1.6057459304040877e-07
2022-12-28,12,AR1 alpha + Basic + One-Step,NASDAQ:POWI,0.0
2022-12-29,12,AR1 alpha + Basic + One-Step,NASDAQ:POWI,4.72871124964442e-08
2022-12-30,12,AR1 alpha + Basic + One-Step,NASDAQ:POWI,0.0
2023-01-03,12,AR1 alpha + Basic + One-Step,NASDAQ:POWI,1.1301310881817672e-07
2023-01-04,12,AR1 alpha + Basic + One-Step,NASDAQ:POWI,0.0
2023-01-05,12,AR1 alpha + Basic + One-Step,NASDAQ:POWI,0.0
2023-01-06,12,AR1 alpha + Basic + One-Step,NASDAQ:POWI,0.0
2023-01-09,12,AR1 alpha + Basic + One-Step,NASDAQ:POWI,0.0
2023-01-10,12,AR1 alpha + Basic + One-Step,NASDAQ:POWI,0.0
2023-01-11,12,AR1 alpha + Basic + One-Step,NASDAQ:POWI,1.3617217815900662e-08
2023-01-12,12,AR1 alpha + Basic + One-Step,NASDAQ:POWI,0.0
2023-01-13,12,AR1 alpha + Basic + One-Step,NASDAQ:POWI,9.49580665059638e-09
2023-01-17,12,AR1 alpha + Basic + One-Step,NASDAQ:POWI,0.0
2023-01-18,12,AR1 alpha + Basic + One-Step,NASDAQ:POWI,0.0
2023-01-19,12,AR1 alpha + Basic + One-Step,NASDAQ:POWI,0.0
2023-01-20,12,AR1 alpha + Basic + One-Step,NASDAQ:POWI,0.0
2023-01-23,12,AR1 alpha + Basic + One-Step,NASDAQ:POWI,0.0
2023-01-24,12,AR1 alpha + Basic + One-Step,NASDAQ:POWI,0.0
2023-01-25,12,AR1 alpha + Basic + One-Step,NASDAQ:POWI,0.0
2023-01-26,12,AR1 alpha + Basic + One-Step,NASDAQ:POWI,0.0
2023-01-27,12,AR1 alpha + Basic + One-Step,NASDAQ:POWI,0.0
2023-01-30,12,AR1 alpha + Basic + One-Step,NASDAQ:POWI,0.0
2023-01-31,12,AR1 alpha + Basic + One-Step,NASDAQ:POWI,0.0
2023-02-01,12,AR1 alpha + Basic + One-Step,NASDAQ:POWI,0.0
2023-02-02,12,AR1 alpha + Basic + One-Step,NASDAQ:POWI,4.99636107763391e-07
2023-02-03,12,AR1 alpha + Basic + One-Step,NASDAQ:POWI,4.620212737091787e-09
2023-02-06,12,AR1 alpha + Basic + One-Step,NASDAQ:POWI,0.0
2023-02-07,12,AR1 alpha + Basic + One-Step,NASDAQ:POWI,0.0
2023-02-08,12,AR1 alpha + Basic + One-Step,NASDAQ:POWI,0.0
2023-02-09,12,AR1 alpha + Basic + One-Step,NASDAQ:POWI,0.0
2023-02-10,12,AR1 alpha + Basic + One-Step,NASDAQ:POWI,0.0
2023-02-13,12,AR1 alpha + Basic + One-Step,NASDAQ:POWI,0.0
2023-02-14,12,AR1 alpha + Basic + One-Step,NASDAQ:POWI,0.0
2023-02-15,12,AR1 alpha + Basic + One-Step,NASDAQ:POWI,0.0
2023-02-16,12,AR1 alpha + Basic + One-Step,NASDAQ:POWI,5.135809409488795e-09
2023-02-17,12,AR1 alpha + Basic + One-Step,NASDAQ:POWI,0.0
2023-02-21,12,AR1 alpha + Basic + One-Step,NASDAQ:POWI,0.0
2023-02-22,12,AR1 alpha + Basic + One-Step,NASDAQ:POWI,3.6457761225092045e-07
2023-02-23,12,AR1 alpha + Basic + One-Step,NASDAQ:POWI,1.2998109681735856e-07
2023-02-24,12,AR1 alpha + Basic + One-Step,NASDAQ:POWI,0.0
2023-02-27,12,AR1 alpha + Basic + One-Step,NASDAQ:POWI,2.5339809079403356e-08
2023-02-28,12,AR1 alpha + Basic + One-Step,NASDAQ:POWI,1.0663280439957635e-07
2023-03-01,12,AR1 alpha + Basic + One-Step,NASDAQ:POWI,5.5774730628236265e-08
2023-03-02,12,AR1 alpha + Basic + One-Step,NASDAQ:POWI,0.0
2023-03-03,12,AR1 alpha + Basic + One-Step,NASDAQ:POWI,0.0
2023-03-06,12,AR1 alpha + Basic + One-Step,NASDAQ:POWI,0.0
2023-03-07,12,AR1 alpha + Basic + One-Step,NASDAQ:POWI,0.0
2023-03-08,12,AR1 alpha + Basic + One-Step,NASDAQ:POWI,0.0
2023-03-09,12,AR1 alpha + Basic + One-Step,NASDAQ:POWI,1.2993074938871876e-07
2023-03-10,12,AR1 alpha + Basic + One-Step,NASDAQ:POWI,6.304752669156927e-08
2023-03-13,12,AR1 alpha + Basic + One-Step,NASDAQ:POWI,3.749641442729187e-07
2023-03-14,12,AR1 alpha + Basic + One-Step,NASDAQ:POWI,0.0
2023-03-15,12,AR1 alpha + Basic + One-Step,NASDAQ:POWI,0.0
2023-03-16,12,AR1 alpha + Basic + One-Step,NASDAQ:POWI,0.0
2023-03-17,12,AR1 alpha + Basic + One-Step,NASDAQ:POWI,0.0
2023-03-20,12,AR1 alpha + Basic + One-Step,NASDAQ:POWI,0.0
2023-03-21,12,AR1 alpha + Basic + One-Step,NASDAQ:POWI,0.0
2023-03-22,12,AR1 alpha + Basic + One-Step,NASDAQ:POWI,1.3165607390715937e-08
2023-03-23,12,AR1 alpha + Basic + One-Step,NASDAQ:POWI,7.131300677056163e-09
2023-03-24,12,AR1 alpha + Basic + One-Step,NASDAQ:POWI,0.0
2023-03-27,12,AR1 alpha + Basic + One-Step,NASDAQ:POWI,0.0
2023-03-28,12,AR1 alpha + Basic + One-Step,NASDAQ:POWI,0.0
2023-03-29,12,AR1 alpha + Basic + One-Step,NASDAQ:POWI,1.7283935390004045e-08
2023-03-30,12,AR1 alpha + Basic + One-Step,NASDAQ:POWI,1.029289768515232e-08
2023-03-31,12,AR1 alpha + Basic + One-Step,NASDAQ:POWI,9.663794756559179e-08
2023-04-03,12,AR1 alpha + Basic + One-Step,NASDAQ:POWI,0.0
2023-04-04,12,AR1 alpha + Basic + One-Step,NASDAQ:POWI,0.0
2023-04-05,12,AR1 alpha + Basic + One-Step,NASDAQ:POWI,1.1514449408280222e-07
2023-04-06,12,AR1 alpha + Basic + One-Step,NASDAQ:POWI,2.605421397573729e-07
2023-04-10,12,AR1 alpha + Basic + One-Step,NASDAQ:POWI,0.0
2023-04-11,12,AR1 alpha + Basic + One-Step,NASDAQ:POWI,0.0
2023-04-12,12,AR1 alpha + Basic + One-Step,NASDAQ:POWI,0.0
2023-04-13,12,AR1 alpha + Basic + One-Step,NASDAQ:POWI,6.5073742936902756e-09
2023-04-14,12,AR1 alpha + Basic + One-Step,NASDAQ:POWI,0.0
2023-04-17,12,AR1 alpha + Basic + One-Step,NASDAQ:POWI,0.0
2023-04-18,12,AR1 alpha + Basic + One-Step,NASDAQ:POWI,0.0
2023-04-19,12,AR1 alpha + Basic + One-Step,NASDAQ:POWI,2.078181107839646e-09
2023-04-20,12,AR1 alpha + Basic + One-Step,NASDAQ:POWI,1.744431766481347e-09
2023-04-21,12,AR1 alpha + Basic + One-Step,NASDAQ:POWI,7.7013633564014e-08
2023-04-24,12,AR1 alpha + Basic + One-Step,NASDAQ:POWI,0.0
2023-04-25,12,AR1 alpha + Basic + One-Step,NASDAQ:POWI,0.0
2023-04-26,12,AR1 alpha + Basic + One-Step,NASDAQ:POWI,2.6257647882782472e-11
2023-04-27,12,AR1 alpha + Basic + One-Step,NASDAQ:POWI,0.0
2023-04-28,12,AR1 alpha + Basic + One-Step,NASDAQ:POWI,1.2387075113343697e-08
2023-05-01,12,AR1 alpha + Basic + One-Step,NASDAQ:POWI,1.4557821569341409e-08
2023-05-02,12,AR1 alpha + Basic + One-Step,NASDAQ:POWI,5.897599764655647e-08
2023-05-03,12,AR1 alpha + Basic + One-Step,NASDAQ:POWI,0.0
2023-05-04,12,AR1 alpha + Basic + One-Step,NASDAQ:POWI,0.0
2023-05-05,12,AR1 alpha + Basic + One-Step,NASDAQ:POWI,1.0680561494657116e-07
2023-05-08,12,AR1 alpha + Basic + One-Step,NASDAQ:POWI,0.0
2023-05-09,12,AR1 alpha + Basic + One-Step,NASDAQ:POWI,4.9712186984024625e-09
2023-05-10,12,AR1 alpha + Basic + One-Step,NASDAQ:POWI,1.0027865246885001e-07
2023-05-11,12,AR1 alpha + Basic + One-Step,NASDAQ:POWI,4.080402583460777e-07
2023-05-12,12,AR1 alpha + Basic + One-Step,NASDAQ:POWI,9.308660016055941e-07
2023-05-15,12,AR1 alpha + Basic + One-Step,NASDAQ:POWI,3.7808409903477086e-07
2023-05-16,12,AR1 alpha + Basic + One-Step,NASDAQ:POWI,0.0
2023-05-17,12,AR1 alpha + Basic + One-Step,NASDAQ:POWI,7.879066539430752e-08
2023-05-18,12,AR1 alpha + Basic + One-Step,NASDAQ:POWI,0.0
2023-05-19,12,AR1 alpha + Basic + One-Step,NASDAQ:POWI,0.0
2023-05-22,12,AR1 alpha + Basic + One-Step,NASDAQ:POWI,0.0
2023-05-23,12,AR1 alpha + Basic + One-Step,NASDAQ:POWI,0.0
2023-05-24,12,AR1 alpha + Basic + One-Step,NASDAQ:POWI,0.0
2023-05-25,12,AR1 alpha + Basic + One-Step,NASDAQ:POWI,0.0
2023-05-26,12,AR1 alpha + Basic + One-Step,NASDAQ:POWI,0.0
2023-05-30,12,AR1 alpha + Basic + One-Step,NASDAQ:POWI,0.0
2023-05-31,12,AR1 alpha + Basic + One-Step,NASDAQ:POWI,1.0496303180242272e-08
2023-06-01,12,AR1 alpha + Basic + One-Step,NASDAQ:POWI,3.0932276410051286e-09
2023-06-02,12,AR1 alpha + Basic + One-Step,NASDAQ:POWI,0.0
2023-06-05,12,AR1 alpha + Basic + One-Step,NASDAQ:POWI,0.0
2023-06-06,12,AR1 alpha + Basic + One-Step,NASDAQ:POWI,8.291099521851534e-08
2023-06-07,12,AR1 alpha + Basic + One-Step,NASDAQ:POWI,1.114907164363598e-07
2023-06-08,12,AR1 alpha + Basic + One-Step,NASDAQ:POWI,1.0669637968343954e-08
2023-06-09,12,AR1 alpha + Basic + One-Step,NASDAQ:POWI,5.520117433988172e-07
2023-06-12,12,AR1 alpha + Basic + One-Step,NASDAQ:POWI,0.0
2023-06-13,12,AR1 alpha + Basic + One-Step,NASDAQ:POWI,1.0249348164185978e-07
2023-06-14,12,AR1 alpha + Basic + One-Step,NASDAQ:POWI,0.0
2023-06-15,12,AR1 alpha + Basic + One-Step,NASDAQ:POWI,0.0
2023-06-16,12,AR1 alpha + Basic + One-Step,NASDAQ:POWI,4.5572680796439885e-09
2023-06-20,12,AR1 alpha + Basic + One-Step,NASDAQ:POWI,0.0
2023-06-21,12,AR1 alpha + Basic + One-Step,NASDAQ:POWI,0.0
2023-06-22,12,AR1 alpha + Basic + One-Step,NASDAQ:POWI,0.0
2023-06-23,12,AR1 alpha + Basic + One-Step,NASDAQ:POWI,0.0
2023-06-26,12,AR1 alpha + Basic + One-Step,NASDAQ:POWI,0.0
2023-06-27,12,AR1 alpha + Basic + One-Step,NASDAQ:POWI,0.0
2023-06-28,12,AR1 alpha + Basic + One-Step,NASDAQ:POWI,0.0
2023-06-29,12,AR1 alpha + Basic + One-Step,NASDAQ:POWI,0.0
2023-06-30,12,AR1 alpha + Basic + One-Step,NASDAQ:POWI,0.0
2023-07-03,12,AR1 alpha + Basic + One-Step,NASDAQ:POWI,0.0
2023-07-05,12,AR1 alpha + Basic + One-Step,NASDAQ:POWI,6.029805293789688e-07
2023-07-06,12,AR1 alpha + Basic + One-Step,NASDAQ:POWI,0.0
2023-07-07,12,AR1 alpha + Basic + One-Step,NASDAQ:POWI,0.0
2023-07-10,12,AR1 alpha + Basic + One-Step,NASDAQ:POWI,5.026116997247695e-07
2023-07-11,12,AR1 alpha + Basic + One-Step,NASDAQ:POWI,0.0
2023-07-12,12,AR1 alpha + Basic + One-Step,NASDAQ:POWI,0.0
2023-07-13,12,AR1 alpha + Basic + One-Step,NASDAQ:POWI,0.0
2023-07-14,12,AR1 alpha + Basic + One-Step,NASDAQ:POWI,1.66146759946025e-07
2023-07-17,12,AR1 alpha + Basic + One-Step,NASDAQ:POWI,8.046381010103855e-07
2023-07-18,12,AR1 alpha + Basic + One-Step,NASDAQ:POWI,1.2034615924476887e-06
2023-07-19,12,AR1 alpha + Basic + One-Step,NASDAQ:POWI,0.0
2023-07-20,12,AR1 alpha + Basic + One-Step,NASDAQ:POWI,0.0
2023-07-21,12,AR1 alpha + Basic + One-Step,NASDAQ:POWI,0.0
2023-07-24,12,AR1 alpha + Basic + One-Step,NASDAQ:POWI,0.0
2023-07-25,12,AR1 alpha + Basic + One-Step,NASDAQ:POWI,0.0
2023-07-26,12,AR1 alpha + Basic + One-Step,NASDAQ:POWI,0.0
2023-07-27,12,AR1 alpha + Basic + One-Step,NASDAQ:POWI,0.0
2023-07-28,12,AR1 alpha + Basic + One-Step,NASDAQ:POWI,0.0
2023-07-31,12,AR1 alpha + Basic + One-Step,NASDAQ:POWI,0.0
2023-08-01,12,AR1 alpha + Basic + One-Step,NASDAQ:POWI,0.0
2023-08-02,12,AR1 alpha + Basic + One-Step,NASDAQ:POWI,0.0
2023-08-03,12,AR1 alpha + Basic + One-Step,NASDAQ:POWI,0.0
2023-08-04,12,AR1 alpha + Basic + One-Step,NASDAQ:POWI,0.0
2023-08-07,12,AR1 alpha + Basic + One-Step,NASDAQ:POWI,1.8035424766640712e-09
2023-08-08,12,AR1 alpha + Basic + One-Step,NASDAQ:POWI,0.0
2023-08-09,12,AR1 alpha + Basic + One-Step,NASDAQ:POWI,0.0
2023-08-10,12,AR1 alpha + Basic + One-Step,NASDAQ:POWI,0.0
2023-08-11,12,AR1 alpha + Basic + One-Step,NASDAQ:POWI,7.031233435145119e-07
2023-08-14,12,AR1 alpha + Basic + One-Step,NASDAQ:POWI,0.0
2023-08-15,12,AR1 alpha + Basic + One-Step,NASDAQ:POWI,0.0
2023-08-16,12,AR1 alpha + Basic + One-Step,NASDAQ:POWI,0.0
2023-08-17,12,AR1 alpha + Basic + One-Step,NASDAQ:POWI,0.0
2023-08-18,12,AR1 alpha + Basic + One-Step,NASDAQ:POWI,0.0
2023-08-21,12,AR1 alpha + Basic + One-Step,NASDAQ:POWI,1.82280262616743e-09
2023-08-22,12,AR1 alpha + Basic + One-Step,NASDAQ:POWI,1.1944571582428604e-08
2023-08-23,12,AR1 alpha + Basic + One-Step,NASDAQ:POWI,7.06091024319652e-08
2023-08-24,12,AR1 alpha + Basic + One-Step,NASDAQ:POWI,0.0
2023-08-25,12,AR1 alpha + Basic + One-Step,NASDAQ:POWI,8.899679337574043e-08
2023-08-28,12,AR1 alpha + Basic + One-Step,NASDAQ:POWI,6.834137247346605e-08
2023-08-29,12,AR1 alpha + Basic + One-Step,NASDAQ:POWI,0.0
2023-08-30,12,AR1 alpha + Basic + One-Step,NASDAQ:POWI,0.0
2023-08-31,12,AR1 alpha + Basic + One-Step,NASDAQ:POWI,0.0
2023-09-01,12,AR1 alpha + Basic + One-Step,NASDAQ:POWI,0.0
2023-09-05,12,AR1 alpha + Basic + One-Step,NASDAQ:POWI,0.0
2023-09-06,12,AR1 alpha + Basic + One-Step,NASDAQ:POWI,1.4437989198302064e-09
2023-09-07,12,AR1 alpha + Basic + One-Step,NASDAQ:POWI,2.608736682856219e-06
2023-09-08,12,AR1 alpha + Basic + One-Step,NASDAQ:POWI,2.040108903348734e-06
2023-09-11,12,AR1 alpha + Basic + One-Step,NASDAQ:POWI,2.3574608839331808e-07
2023-09-12,12,AR1 alpha + Basic + One-Step,NASDAQ:POWI,1.2732078543243444e-06
2023-09-13,12,AR1 alpha + Basic + One-Step,NASDAQ:POWI,0.0
2023-09-14,12,AR1 alpha + Basic + One-Step,NASDAQ:POWI,0.0
2023-09-15,12,AR1 alpha + Basic + One-Step,NASDAQ:POWI,0.0
2023-09-18,12,AR1 alpha + Basic + One-Step,NASDAQ:POWI,0.0
2023-09-19,12,AR1 alpha + Basic + One-Step,NASDAQ:POWI,5.3673181265072805e-09
2023-09-20,12,AR1 alpha + Basic + One-Step,NASDAQ:POWI,4.504015091469668e-08
2023-09-21,12,AR1 alpha + Basic + One-Step,NASDAQ:POWI,2.9845879829537256e-06
2023-09-22,12,AR1 alpha + Basic + One-Step,NASDAQ:POWI,0.0
2023-09-25,12,AR1 alpha + Basic + One-Step,NASDAQ:POWI,0.0
2023-09-26,12,AR1 alpha + Basic + One-Step,NASDAQ:POWI,0.0
2023-09-27,12,AR1 alpha + Basic + One-Step,NASDAQ:POWI,1.5009616308747826e-06
2023-09-28,12,AR1 alpha + Basic + One-Step,NASDAQ:POWI,8.397744240028305e-07
2023-09-29,12,AR1 alpha + Basic + One-Step,NASDAQ:POWI,3.661586050260015e-07
2023-10-02,12,AR1 alpha + Basic + One-Step,NASDAQ:POWI,0.0
2023-10-03,12,AR1 alpha + Basic + One-Step,NASDAQ:POWI,0.0
2023-10-04,12,AR1 alpha + Basic + One-Step,NASDAQ:POWI,0.0
2023-10-05,12,AR1 alpha + Basic + One-Step,NASDAQ:POWI,0.0
2023-10-06,12,AR1 alpha + Basic + One-Step,NASDAQ:POWI,0.0
2023-10-09,12,AR1 alpha + Basic + One-Step,NASDAQ:POWI,5.679951385288214e-08
2023-10-10,12,AR1 alpha + Basic + One-Step,NASDAQ:POWI,0.0
2023-10-11,12,AR1 alpha + Basic + One-Step,NASDAQ:POWI,5.125717394020547e-09
2023-10-12,12,AR1 alpha + Basic + One-Step,NASDAQ:POWI,0.0
2023-10-13,12,AR1 alpha + Basic + One-Step,NASDAQ:POWI,0.0
2023-10-16,12,AR1 alpha + Basic + One-Step,NASDAQ:POWI,0.0
2023-10-17,12,AR1 alpha + Basic + One-Step,NASDAQ:POWI,0.0
2023-10-18,12,AR1 alpha + Basic + One-Step,NASDAQ:POWI,0.0
2023-10-19,12,AR1 alpha + Basic + One-Step,NASDAQ:POWI,0.0
2023-10-20,12,AR1 alpha + Basic + One-Step,NASDAQ:POWI,0.0
2023-10-23,12,AR1 alpha + Basic + One-Step,NASDAQ:POWI,0.0
2023-10-24,12,AR1 alpha + Basic + One-Step,NASDAQ:POWI,0.0
2023-10-25,12,AR1 alpha + Basic + One-Step,NASDAQ:POWI,0.0
2023-10-26,12,AR1 alpha + Basic + One-Step,NASDAQ:POWI,0.0
2023-10-27,12,AR1 alpha + Basic + One-Step,NASDAQ:POWI,0.0
2023-10-30,12,AR1 alpha + Basic + One-Step,NASDAQ:POWI,1.8779473905968603e-09
2023-10-31,12,AR1 alpha + Basic + One-Step,NASDAQ:POWI,0.0
2023-11-01,12,AR1 alpha + Basic + One-Step,NASDAQ:POWI,0.0
2023-11-02,12,AR1 alpha + Basic + One-Step,NASDAQ:POWI,0.0
2023-11-03,12,AR1 alpha + Basic + One-Step,NASDAQ:POWI,0.0
2023-11-06,12,AR1 alpha + Basic + One-Step,NASDAQ:POWI,0.0
2023-11-07,12,AR1 alpha + Basic + One-Step,NASDAQ:POWI,1.4002574706974353e-08
2023-11-08,12,AR1 alpha + Basic + One-Step,NASDAQ:POWI,1.6075014868551324e-08
2023-11-09,12,AR1 alpha + Basic + One-Step,NASDAQ:POWI,0.0
2023-11-10,12,AR1 alpha + Basic + One-Step,NASDAQ:POWI,1.2580556570341536e-08
2023-11-13,12,AR1 alpha + Basic + One-Step,NASDAQ:POWI,0.0
2023-11-14,12,AR1 alpha + Basic + One-Step,NASDAQ:POWI,0.0
2023-11-15,12,AR1 alpha + Basic + One-Step,NASDAQ:POWI,0.0
2023-11-16,12,AR1 alpha + Basic + One-Step,NASDAQ:POWI,0.0
2023-11-17,12,AR1 alpha + Basic + One-Step,NASDAQ:POWI,1.1598662456271951e-07
2023-11-20,12,AR1 alpha + Basic + One-Step,NASDAQ:POWI,0.0
2023-11-21,12,AR1 alpha + Basic + One-Step,NASDAQ:POWI,0.0
2023-11-22,12,AR1 alpha + Basic + One-Step,NASDAQ:POWI,0.0
2023-11-24,12,AR1 alpha + Basic + One-Step,NASDAQ:POWI,1.2516021222335704e-08
2023-11-27,12,AR1 alpha + Basic + One-Step,NASDAQ:POWI,0.0
2023-11-28,12,AR1 alpha + Basic + One-Step,NASDAQ:POWI,1.3375174100733257e-08
2023-11-29,12,AR1 alpha + Basic + One-Step,NASDAQ:POWI,0.0
2023-11-30,12,AR1 alpha + Basic + One-Step,NASDAQ:POWI,0.0
2023-12-01,12,AR1 alpha + Basic + One-Step,NASDAQ:POWI,5.198550039696928e-08
2023-12-04,12,AR1 alpha + Basic + One-Step,NASDAQ:POWI,0.0
2023-12-05,12,AR1 alpha + Basic + One-Step,NASDAQ:POWI,0.0
2023-12-06,12,AR1 alpha + Basic + One-Step,NASDAQ:POWI,8.443533253800399e-08
2023-12-07,12,AR1 alpha + Basic + One-Step,NASDAQ:POWI,0.0
2023-12-08,12,AR1 alpha + Basic + One-Step,NASDAQ:POWI,0.0
2023-12-11,12,AR1 alpha + Basic + One-Step,NASDAQ:POWI,0.0
2023-12-12,12,AR1 alpha + Basic + One-Step,NASDAQ:POWI,0.0
2023-12-13,12,AR1 alpha + Basic + One-Step,NASDAQ:POWI,4.5263340872237953e-07
2023-12-14,12,AR1 alpha + Basic + One-Step,NASDAQ:POWI,0.0
2023-12-15,12,AR1 alpha + Basic + One-Step,NASDAQ:POWI,0.0
2023-12-18,12,AR1 alpha + Basic + One-Step,NASDAQ:POWI,0.0
2023-12-19,12,AR1 alpha + Basic + One-Step,NASDAQ:POWI,0.0
2023-12-20,12,AR1 alpha + Basic + One-Step,NASDAQ:POWI,0.0
2023-12-21,12,AR1 alpha + Basic + One-Step,NASDAQ:POWI,0.0
2023-12-22,12,AR1 alpha + Basic + One-Step,NASDAQ:POWI,3.070352587555617e-07
2023-12-26,12,AR1 alpha + Basic + One-Step,NASDAQ:POWI,0.0
2023-12-27,12,AR1 alpha + Basic + One-Step,NASDAQ:POWI,0.0
2023-12-28,12,AR1 alpha + Basic + One-Step,NASDAQ:POWI,7.207013720624146e-09
2023-12-29,12,AR1 alpha + Basic + One-Step,NASDAQ:POWI,0.0
2024-01-02,12,AR1 alpha + Basic + One-Step,NASDAQ:POWI,0.0
2024-01-03,12,AR1 alpha + Basic + One-Step,NASDAQ:POWI,0.0
2024-01-04,12,AR1 alpha + Basic + One-Step,NASDAQ:POWI,0.0
2024-01-05,12,AR1 alpha + Basic + One-Step,NASDAQ:POWI,0.0
2024-01-08,12,AR1 alpha + Basic + One-Step,NASDAQ:POWI,0.0
2024-01-09,12,AR1 alpha + Basic + One-Step,NASDAQ:POWI,0.0
2024-01-10,12,AR1 alpha + Basic + One-Step,NASDAQ:POWI,0.0
2024-01-11,12,AR1 alpha + Basic + One-Step,NASDAQ:POWI,2.5568855337995005e-07
2024-01-12,12,AR1 alpha + Basic + One-Step,NASDAQ:POWI,6.352185259783436e-23
2024-01-16,12,AR1 alpha + Basic + One-Step,NASDAQ:POWI,0.0
2024-01-17,12,AR1 alpha + Basic + One-Step,NASDAQ:POWI,0.0
2024-01-18,12,AR1 alpha + Basic + One-Step,NASDAQ:POWI,6.158892445674692e-07
2024-01-19,12,AR1 alpha + Basic + One-Step,NASDAQ:POWI,0.0
2024-01-22,12,AR1 alpha + Basic + One-Step,NASDAQ:POWI,0.0
2024-01-23,12,AR1 alpha + Basic + One-Step,NASDAQ:POWI,0.0
2024-01-24,12,AR1 alpha + Basic + One-Step,NASDAQ:POWI,9.025509493085833e-08
2024-01-25,12,AR1 alpha + Basic + One-Step,NASDAQ:POWI,1.534474004256616e-08
2024-01-26,12,AR1 alpha + Basic + One-Step,NASDAQ:POWI,0.0
2024-01-29,12,AR1 alpha + Basic + One-Step,NASDAQ:POWI,0.0
2024-01-30,12,AR1 alpha + Basic + One-Step,NASDAQ:POWI,0.0
2024-01-31,12,AR1 alpha + Basic + One-Step,NASDAQ:POWI,0.0
2024-02-01,12,AR1 alpha + Basic + One-Step,NASDAQ:POWI,0.0
2024-02-02,12,AR1 alpha + Basic + One-Step,NASDAQ:POWI,0.0
2024-02-05,12,AR1 alpha + Basic + One-Step,NASDAQ:POWI,0.0
2024-02-06,12,AR1 alpha + Basic + One-Step,NASDAQ:POWI,0.0
2024-02-07,12,AR1 alpha + Basic + One-Step,NASDAQ:POWI,2.1355995897865586e-08
2024-02-08,12,AR1 alpha + Basic + One-Step,NASDAQ:POWI,8.715880755334995e-09
2024-02-09,12,AR1 alpha + Basic + One-Step,NASDAQ:POWI,0.0
2024-02-12,12,AR1 alpha + Basic + One-Step,NASDAQ:POWI,0.0
2024-02-13,12,AR1 alpha + Basic + One-Step,NASDAQ:POWI,0.0
2024-02-14,12,AR1 alpha + Basic + One-Step,NASDAQ:POWI,0.0
2024-02-15,12,AR1 alpha + Basic + One-Step,NASDAQ:POWI,3.569109910817042e-08
2024-02-16,12,AR1 alpha + Basic + One-Step,NASDAQ:POWI,0.0
2024-02-20,12,AR1 alpha + Basic + One-Step,NASDAQ:POWI,0.0
2024-02-21,12,AR1 alpha + Basic + One-Step,NASDAQ:POWI,2.0336203592050883e-08
2024-02-22,12,AR1 alpha + Basic + One-Step,NASDAQ:POWI,0.0
2024-02-23,12,AR1 alpha + Basic + One-Step,NASDAQ:POWI,0.0
2024-02-26,12,AR1 alpha + Basic + One-Step,NASDAQ:POWI,0.0
2024-02-27,12,AR1 alpha + Basic + One-Step,NASDAQ:POWI,0.0
2024-02-28,12,AR1 alpha + Basic + One-Step,NASDAQ:POWI,0.0
2024-02-29,12,AR1 alpha + Basic + One-Step,NASDAQ:POWI,0.0
2024-03-01,12,AR1 alpha + Basic + One-Step,NASDAQ:POWI,0.0
2024-03-04,12,AR1 alpha + Basic + One-Step,NASDAQ:POWI,0.0
2024-03-05,12,AR1 alpha + Basic + One-Step,NASDAQ:POWI,0.0
2024-03-06,12,AR1 alpha + Basic + One-Step,NASDAQ:POWI,0.0
2024-03-07,12,AR1 alpha + Basic + One-Step,NASDAQ:POWI,0.0
2024-03-08,12,AR1 alpha + Basic + One-Step,NASDAQ:POWI,0.0
2024-03-11,12,AR1 alpha + Basic + One-Step,NASDAQ:POWI,0.0
2024-03-12,12,AR1 alpha + Basic + One-Step,NASDAQ:POWI,0.0
2024-03-13,12,AR1 alpha + Basic + One-Step,NASDAQ:POWI,0.0
2024-03-14,12,AR1 alpha + Basic + One-Step,NASDAQ:POWI,1.0960374707919834e-07
2024-03-15,12,AR1 alpha + Basic + One-Step,NASDAQ:POWI,9.77775048817425e-08
2024-03-18,12,AR1 alpha + Basic + One-Step,NASDAQ:POWI,1.0315172631994692e-07
2024-03-19,12,AR1 alpha + Basic + One-Step,NASDAQ:POWI,0.0
2024-03-20,12,AR1 alpha + Basic + One-Step,NASDAQ:POWI,0.0
2024-03-21,12,AR1 alpha + Basic + One-Step,NASDAQ:POWI,5.0721106815717486e-08
2024-03-22,12,AR1 alpha + Basic + One-Step,NASDAQ:POWI,0.0
2024-03-25,12,AR1 alpha + Basic + One-Step,NASDAQ:POWI,0.0
2024-03-26,12,AR1 alpha + Basic + One-Step,NASDAQ:POWI,0.0
2024-03-27,12,AR1 alpha + Basic + One-Step,NASDAQ:POWI,0.0
2024-03-28,12,AR1 alpha + Basic + One-Step,NASDAQ:POWI,0.0
2024-04-01,12,AR1 alpha + Basic + One-Step,NASDAQ:POWI,1.375735891159347e-06
2024-04-02,12,AR1 alpha + Basic + One-Step,NASDAQ:POWI,0.0
2024-04-03,12,AR1 alpha + Basic + One-Step,NASDAQ:POWI,0.0
2024-04-04,12,AR1 alpha + Basic + One-Step,NASDAQ:POWI,0.0
2024-04-05,12,AR1 alpha + Basic + One-Step,NASDAQ:POWI,0.0
2024-04-08,12,AR1 alpha + Basic + One-Step,NASDAQ:POWI,0.0
2024-04-09,12,AR1 alpha + Basic + One-Step,NASDAQ:POWI,0.0
2024-04-10,12,AR1 alpha + Basic + One-Step,NASDAQ:POWI,3.332375218574403e-07
2024-04-11,12,AR1 alpha + Basic + One-Step,NASDAQ:POWI,0.0
2024-04-12,12,AR1 alpha + Basic + One-Step,NASDAQ:POWI,0.0
2024-04-15,12,AR1 alpha + Basic + One-Step,NASDAQ:POWI,0.0
2024-04-16,12,AR1 alpha + Basic + One-Step,NASDAQ:POWI,0.0
2024-04-17,12,AR1 alpha + Basic + One-Step,NASDAQ:POWI,1.0093757960543268e-07
2024-04-18,12,AR1 alpha + Basic + One-Step,NASDAQ:POWI,0.0
2024-04-19,12,AR1 alpha + Basic + One-Step,NASDAQ:POWI,0.0
2020-03-25,12,AR1 alpha + Basic + One-Step,NYSE:GNRC,0.02
2020-03-26,12,AR1 alpha + Basic + One-Step,NYSE:GNRC,0.019999999999999997
2020-03-27,12,AR1 alpha + Basic + One-Step,NYSE:GNRC,0.0
2020-03-30,12,AR1 alpha + Basic + One-Step,NYSE:GNRC,0.0
2020-03-31,12,AR1 alpha + Basic + One-Step,NYSE:GNRC,0.0
2020-04-01,12,AR1 alpha + Basic + One-Step,NYSE:GNRC,0.0
2020-04-02,12,AR1 alpha + Basic + One-Step,NYSE:GNRC,0.0
2020-04-03,12,AR1 alpha + Basic + One-Step,NYSE:GNRC,7.165214710900399e-09
2020-04-06,12,AR1 alpha + Basic + One-Step,NYSE:GNRC,8.98939951298703e-08
2020-04-07,12,AR1 alpha + Basic + One-Step,NYSE:GNRC,7.738425133484624e-08
2020-04-08,12,AR1 alpha + Basic + One-Step,NYSE:GNRC,0.0
2020-04-09,12,AR1 alpha + Basic + One-Step,NYSE:GNRC,0.0
2020-04-13,12,AR1 alpha + Basic + One-Step,NYSE:GNRC,0.0
2020-04-14,12,AR1 alpha + Basic + One-Step,NYSE:GNRC,0.0
2020-04-15,12,AR1 alpha + Basic + One-Step,NYSE:GNRC,0.0
2020-04-16,12,AR1 alpha + Basic + One-Step,NYSE:GNRC,0.0
2020-04-17,12,AR1 alpha + Basic + One-Step,NYSE:GNRC,0.0
2020-04-20,12,AR1 alpha + Basic + One-Step,NYSE:GNRC,0.0
2020-04-21,12,AR1 alpha + Basic + One-Step,NYSE:GNRC,0.0
2020-04-22,12,AR1 alpha + Basic + One-Step,NYSE:GNRC,0.0
2020-04-23,12,AR1 alpha + Basic + One-Step,NYSE:GNRC,0.0
2020-04-24,12,AR1 alpha + Basic + One-Step,NYSE:GNRC,0.0
2020-04-27,12,AR1 alpha + Basic + One-Step,NYSE:GNRC,0.0
2020-04-28,12,AR1 alpha + Basic + One-Step,NYSE:GNRC,0.0
2020-04-29,12,AR1 alpha + Basic + One-Step,NYSE:GNRC,3.7527599514691097e-07
2020-04-30,12,AR1 alpha + Basic + One-Step,NYSE:GNRC,0.0
2020-05-01,12,AR1 alpha + Basic + One-Step,NYSE:GNRC,1.5744806843643873e-08
2020-05-04,12,AR1 alpha + Basic + One-Step,NYSE:GNRC,0.0
2020-05-05,12,AR1 alpha + Basic + One-Step,NYSE:GNRC,7.453568978655659e-07
2020-05-06,12,AR1 alpha + Basic + One-Step,NYSE:GNRC,0.0
2020-05-07,12,AR1 alpha + Basic + One-Step,NYSE:GNRC,0.0
2020-05-08,12,AR1 alpha + Basic + One-Step,NYSE:GNRC,2.0981111401462896e-08
2020-05-11,12,AR1 alpha + Basic + One-Step,NYSE:GNRC,1.3402822933095385e-07
2020-05-12,12,AR1 alpha + Basic + One-Step,NYSE:GNRC,0.0
2020-05-13,12,AR1 alpha + Basic + One-Step,NYSE:GNRC,0.0
2020-05-14,12,AR1 alpha + Basic + One-Step,NYSE:GNRC,0.0
2020-05-15,12,AR1 alpha + Basic + One-Step,NYSE:GNRC,0.0
2020-05-18,12,AR1 alpha + Basic + One-Step,NYSE:GNRC,0.0
2020-05-19,12,AR1 alpha + Basic + One-Step,NYSE:GNRC,0.0
2020-05-20,12,AR1 alpha + Basic + One-Step,NYSE:GNRC,0.0
2020-05-21,12,AR1 alpha + Basic + One-Step,NYSE:GNRC,0.0
2020-05-22,12,AR1 alpha + Basic + One-Step,NYSE:GNRC,8.659794267358962e-08
2020-05-26,12,AR1 alpha + Basic + One-Step,NYSE:GNRC,7.370132442670323e-08
2020-05-27,12,AR1 alpha + Basic + One-Step,NYSE:GNRC,6.030118687237452e-07
2020-05-28,12,AR1 alpha + Basic + One-Step,NYSE:GNRC,8.325728415195086e-23
2020-05-29,12,AR1 alpha + Basic + One-Step,NYSE:GNRC,0.0
2020-06-01,12,AR1 alpha + Basic + One-Step,NYSE:GNRC,0.0
2020-06-02,12,AR1 alpha + Basic + One-Step,NYSE:GNRC,3.1865224885003786e-07
2020-06-03,12,AR1 alpha + Basic + One-Step,NYSE:GNRC,0.0
2020-06-04,12,AR1 alpha + Basic + One-Step,NYSE:GNRC,0.0
2020-06-05,12,AR1 alpha + Basic + One-Step,NYSE:GNRC,0.0
2020-06-08,12,AR1 alpha + Basic + One-Step,NYSE:GNRC,0.0
2020-06-09,12,AR1 alpha + Basic + One-Step,NYSE:GNRC,0.0
2020-06-10,12,AR1 alpha + Basic + One-Step,NYSE:GNRC,0.0
2020-06-11,12,AR1 alpha + Basic + One-Step,NYSE:GNRC,0.0
2020-06-12,12,AR1 alpha + Basic + One-Step,NYSE:GNRC,4.0445335560676076e-08
2020-06-15,12,AR1 alpha + Basic + One-Step,NYSE:GNRC,2.097941654437006e-08
2020-06-16,12,AR1 alpha + Basic + One-Step,NYSE:GNRC,0.0
2020-06-17,12,AR1 alpha + Basic + One-Step,NYSE:GNRC,0.0
2020-06-18,12,AR1 alpha + Basic + One-Step,NYSE:GNRC,0.0
2020-06-19,12,AR1 alpha + Basic + One-Step,NYSE:GNRC,0.0
2020-06-22,12,AR1 alpha + Basic + One-Step,NYSE:GNRC,0.0
2020-06-23,12,AR1 alpha + Basic + One-Step,NYSE:GNRC,0.0
2020-06-24,12,AR1 alpha + Basic + One-Step,NYSE:GNRC,0.0
2020-06-25,12,AR1 alpha + Basic + One-Step,NYSE:GNRC,0.0
2020-06-26,12,AR1 alpha + Basic + One-Step,NYSE:GNRC,0.0
2020-06-29,12,AR1 alpha + Basic + One-Step,NYSE:GNRC,0.0
2020-06-30,12,AR1 alpha + Basic + One-Step,NYSE:GNRC,3.42924533407653e-08
2020-07-01,12,AR1 alpha + Basic + One-Step,NYSE:GNRC,0.0
2020-07-02,12,AR1 alpha + Basic + One-Step,NYSE:GNRC,6.0064545052724305e-09
2020-07-06,12,AR1 alpha + Basic + One-Step,NYSE:GNRC,0.0
2020-07-07,12,AR1 alpha + Basic + One-Step,NYSE:GNRC,0.0
2020-07-08,12,AR1 alpha + Basic + One-Step,NYSE:GNRC,1.0852054812971912e-08
2020-07-09,12,AR1 alpha + Basic + One-Step,NYSE:GNRC,3.0204443562327974e-07
2020-07-10,12,AR1 alpha + Basic + One-Step,NYSE:GNRC,3.1067976340042573e-07
2020-07-13,12,AR1 alpha + Basic + One-Step,NYSE:GNRC,1.1662000533880812e-07
2020-07-14,12,AR1 alpha + Basic + One-Step,NYSE:GNRC,0.0
2020-07-15,12,AR1 alpha + Basic + One-Step,NYSE:GNRC,9.110427999690084e-08
2020-07-16,12,AR1 alpha + Basic + One-Step,NYSE:GNRC,0.0
2020-07-17,12,AR1 alpha + Basic + One-Step,NYSE:GNRC,0.0
2020-07-20,12,AR1 alpha + Basic + One-Step,NYSE:GNRC,1.8739411905039912e-07
2020-07-21,12,AR1 alpha + Basic + One-Step,NYSE:GNRC,0.0
2020-07-22,12,AR1 alpha + Basic + One-Step,NYSE:GNRC,0.0
2020-07-23,12,AR1 alpha + Basic + One-Step,NYSE:GNRC,9.973274527442586e-09
2020-07-24,12,AR1 alpha + Basic + One-Step,NYSE:GNRC,6.908641436319506e-07
2020-07-27,12,AR1 alpha + Basic + One-Step,NYSE:GNRC,3.410682950073289e-07
2020-07-28,12,AR1 alpha + Basic + One-Step,NYSE:GNRC,0.0
2020-07-29,12,AR1 alpha + Basic + One-Step,NYSE:GNRC,0.0
2020-07-30,12,AR1 alpha + Basic + One-Step,NYSE:GNRC,0.0
2020-07-31,12,AR1 alpha + Basic + One-Step,NYSE:GNRC,0.0
2020-08-03,12,AR1 alpha + Basic + One-Step,NYSE:GNRC,0.0
2020-08-04,12,AR1 alpha + Basic + One-Step,NYSE:GNRC,0.0
2020-08-05,12,AR1 alpha + Basic + One-Step,NYSE:GNRC,0.0
2020-08-06,12,AR1 alpha + Basic + One-Step,NYSE:GNRC,0.0
2020-08-07,12,AR1 alpha + Basic + One-Step,NYSE:GNRC,0.0
2020-08-10,12,AR1 alpha + Basic + One-Step,NYSE:GNRC,0.0
2020-08-11,12,AR1 alpha + Basic + One-Step,NYSE:GNRC,0.0354114486583063
2020-08-12,12,AR1 alpha + Basic + One-Step,NYSE:GNRC,0.0
2020-08-13,12,AR1 alpha + Basic + One-Step,NYSE:GNRC,0.0
2020-08-14,12,AR1 alpha + Basic + One-Step,NYSE:GNRC,0.001683635500393618
2020-08-17,12,AR1 alpha + Basic + One-Step,NYSE:GNRC,0.0
2020-08-18,12,AR1 alpha + Basic + One-Step,NYSE:GNRC,0.04496936209986517
2020-08-19,12,AR1 alpha + Basic + One-Step,NYSE:GNRC,0.09999247564140426
2020-08-20,12,AR1 alpha + Basic + One-Step,NYSE:GNRC,0.10000080459140837
2020-08-21,12,AR1 alpha + Basic + One-Step,NYSE:GNRC,0.08759843308538356
2020-08-24,12,AR1 alpha + Basic + One-Step,NYSE:GNRC,0.0999974143647238
2020-08-25,12,AR1 alpha + Basic + One-Step,NYSE:GNRC,0.0999948053507711
2020-08-26,12,AR1 alpha + Basic + One-Step,NYSE:GNRC,0.09999154615048242
2020-08-27,12,AR1 alpha + Basic + One-Step,NYSE:GNRC,0.09999181272549201
2020-08-28,12,AR1 alpha + Basic + One-Step,NYSE:GNRC,0.09998986101968042
2020-08-31,12,AR1 alpha + Basic + One-Step,NYSE:GNRC,0.09999100100796768
2020-09-01,12,AR1 alpha + Basic + One-Step,NYSE:GNRC,0.09998748364952995
2020-09-02,12,AR1 alpha + Basic + One-Step,NYSE:GNRC,0.09998928431259255
2020-09-03,12,AR1 alpha + Basic + One-Step,NYSE:GNRC,0.0999900456190776
2020-09-04,12,AR1 alpha + Basic + One-Step,NYSE:GNRC,0.09999291350980291
2020-09-08,12,AR1 alpha + Basic + One-Step,NYSE:GNRC,0.09999260541660789
2020-09-09,12,AR1 alpha + Basic + One-Step,NYSE:GNRC,0.09999603282331247
2020-09-10,12,AR1 alpha + Basic + One-Step,NYSE:GNRC,0.09999761450202496
2020-09-11,12,AR1 alpha + Basic + One-Step,NYSE:GNRC,0.099995908935923
2020-09-14,12,AR1 alpha + Basic + One-Step,NYSE:GNRC,0.09999764346044915
2020-09-15,12,AR1 alpha + Basic + One-Step,NYSE:GNRC,0.09999543108767059
2020-09-16,12,AR1 alpha + Basic + One-Step,NYSE:GNRC,0.09999668367640238
2020-09-17,12,AR1 alpha + Basic + One-Step,NYSE:GNRC,0.09999585125444466
2020-09-18,12,AR1 alpha + Basic + One-Step,NYSE:GNRC,0.09999067877482092
2020-09-21,12,AR1 alpha + Basic + One-Step,NYSE:GNRC,0.09999545222567835
2020-09-22,12,AR1 alpha + Basic + One-Step,NYSE:GNRC,0.09999618047540344
2020-09-23,12,AR1 alpha + Basic + One-Step,NYSE:GNRC,0.0999981049524279
2020-09-24,12,AR1 alpha + Basic + One-Step,NYSE:GNRC,0.09999926621191267
2020-09-25,12,AR1 alpha + Basic + One-Step,NYSE:GNRC,0.09999495289732112
2020-09-28,12,AR1 alpha + Basic + One-Step,NYSE:GNRC,0.09999346278768066
2020-09-29,12,AR1 alpha + Basic + One-Step,NYSE:GNRC,0.09999706440344594
2020-09-30,12,AR1 alpha + Basic + One-Step,NYSE:GNRC,0.09999871796751438
2020-10-01,12,AR1 alpha + Basic + One-Step,NYSE:GNRC,0.09999678478610913
2020-10-02,12,AR1 alpha + Basic + One-Step,NYSE:GNRC,0.09999423464450499
2020-10-05,12,AR1 alpha + Basic + One-Step,NYSE:GNRC,0.03596756410831546
2020-10-06,12,AR1 alpha + Basic + One-Step,NYSE:GNRC,0.09763115542999115
2020-10-07,12,AR1 alpha + Basic + One-Step,NYSE:GNRC,0.1000003583398296
2020-10-08,12,AR1 alpha + Basic + One-Step,NYSE:GNRC,0.09999661089157828
2020-10-09,12,AR1 alpha + Basic + One-Step,NYSE:GNRC,0.09999463491079563
2020-10-12,12,AR1 alpha + Basic + One-Step,NYSE:GNRC,0.09999163538639638
2020-10-13,12,AR1 alpha + Basic + One-Step,NYSE:GNRC,0.0999917566950924
2020-10-14,12,AR1 alpha + Basic + One-Step,NYSE:GNRC,0.09999483663909087
2020-10-15,12,AR1 alpha + Basic + One-Step,NYSE:GNRC,0.0999916611192128
2020-10-16,12,AR1 alpha + Basic + One-Step,NYSE:GNRC,0.09999603209537726
2020-10-19,12,AR1 alpha + Basic + One-Step,NYSE:GNRC,0.09999133860579829
2020-10-20,12,AR1 alpha + Basic + One-Step,NYSE:GNRC,0.09998914506404512
2020-10-21,12,AR1 alpha + Basic + One-Step,NYSE:GNRC,0.09998938014611168
2020-10-22,12,AR1 alpha + Basic + One-Step,NYSE:GNRC,0.09999043650142146
2020-10-23,12,AR1 alpha + Basic + One-Step,NYSE:GNRC,0.0999889093382311
2020-10-26,12,AR1 alpha + Basic + One-Step,NYSE:GNRC,0.0999939155113304
2020-10-27,12,AR1 alpha + Basic + One-Step,NYSE:GNRC,0.09999702386513866
2020-10-28,12,AR1 alpha + Basic + One-Step,NYSE:GNRC,0.06158765019276969
2020-10-29,12,AR1 alpha + Basic + One-Step,NYSE:GNRC,0.09999998582958937
2020-10-30,12,AR1 alpha + Basic + One-Step,NYSE:GNRC,0.0999995027058273
2020-11-02,12,AR1 alpha + Basic + One-Step,NYSE:GNRC,0.09999931288282148
2020-11-03,12,AR1 alpha + Basic + One-Step,NYSE:GNRC,0.09999908568795052
2020-11-04,12,AR1 alpha + Basic + One-Step,NYSE:GNRC,0.09999736994214564
2020-11-05,12,AR1 alpha + Basic + One-Step,NYSE:GNRC,0.09999342564457839
2020-11-06,12,AR1 alpha + Basic + One-Step,NYSE:GNRC,0.09999673221300558
2020-11-09,12,AR1 alpha + Basic + One-Step,NYSE:GNRC,0.09999504288505173
2020-11-10,12,AR1 alpha + Basic + One-Step,NYSE:GNRC,0.09999126939365854
2020-11-11,12,AR1 alpha + Basic + One-Step,NYSE:GNRC,0.09999469006224104
2020-11-12,12,AR1 alpha + Basic + One-Step,NYSE:GNRC,0.09999045784560225
2020-11-13,12,AR1 alpha + Basic + One-Step,NYSE:GNRC,0.099991810605503
2020-11-16,12,AR1 alpha + Basic + One-Step,NYSE:GNRC,0.09999354629840178
2020-11-17,12,AR1 alpha + Basic + One-Step,NYSE:GNRC,0.09999385588595339
2020-11-18,12,AR1 alpha + Basic + One-Step,NYSE:GNRC,0.09998642807448789
2020-11-19,12,AR1 alpha + Basic + One-Step,NYSE:GNRC,0.09999340761672465
2020-11-20,12,AR1 alpha + Basic + One-Step,NYSE:GNRC,0.09998555826435421
2020-11-23,12,AR1 alpha + Basic + One-Step,NYSE:GNRC,0.09998503306866284
2020-11-24,12,AR1 alpha + Basic + One-Step,NYSE:GNRC,0.0999840511691387
2020-11-25,12,AR1 alpha + Basic + One-Step,NYSE:GNRC,0.09998976354084409
2020-11-27,12,AR1 alpha + Basic + One-Step,NYSE:GNRC,0.09998395573608004
2020-11-30,12,AR1 alpha + Basic + One-Step,NYSE:GNRC,0.09999194790508135
2020-12-01,12,AR1 alpha + Basic + One-Step,NYSE:GNRC,0.09999537933801193
2020-12-02,12,AR1 alpha + Basic + One-Step,NYSE:GNRC,0.09999723318941053
2020-12-03,12,AR1 alpha + Basic + One-Step,NYSE:GNRC,0.09999856298989834
2020-12-04,12,AR1 alpha + Basic + One-Step,NYSE:GNRC,0.09999924126633239
2020-12-07,12,AR1 alpha + Basic + One-Step,NYSE:GNRC,0.09999756005526156
2020-12-08,12,AR1 alpha + Basic + One-Step,NYSE:GNRC,0.08919929255954648
2020-12-09,12,AR1 alpha + Basic + One-Step,NYSE:GNRC,0.09999634792163262
2020-12-10,12,AR1 alpha + Basic + One-Step,NYSE:GNRC,0.099997754101627
2020-12-11,12,AR1 alpha + Basic + One-Step,NYSE:GNRC,0.09069742072105397
2020-12-14,12,AR1 alpha + Basic + One-Step,NYSE:GNRC,0.10000103901606978
2020-12-15,12,AR1 alpha + Basic + One-Step,NYSE:GNRC,0.09011928296989988
2020-12-16,12,AR1 alpha + Basic + One-Step,NYSE:GNRC,0.10000005222593458
2020-12-17,12,AR1 alpha + Basic + One-Step,NYSE:GNRC,0.09999972132273217
2020-12-18,12,AR1 alpha + Basic + One-Step,NYSE:GNRC,0.09999499052126747
2020-12-21,12,AR1 alpha + Basic + One-Step,NYSE:GNRC,3.792885390146762e-07
2020-12-22,12,AR1 alpha + Basic + One-Step,NYSE:GNRC,0.09999725815268103
2020-12-23,12,AR1 alpha + Basic + One-Step,NYSE:GNRC,0.08845471515680255
2020-12-24,12,AR1 alpha + Basic + One-Step,NYSE:GNRC,0.04080933497336298
2020-12-28,12,AR1 alpha + Basic + One-Step,NYSE:GNRC,0.07721557470147883
2020-12-29,12,AR1 alpha + Basic + One-Step,NYSE:GNRC,0.09999633600924285
2020-12-30,12,AR1 alpha + Basic + One-Step,NYSE:GNRC,0.09999532152805188
2020-12-31,12,AR1 alpha + Basic + One-Step,NYSE:GNRC,0.09999634323394847
2021-01-04,12,AR1 alpha + Basic + One-Step,NYSE:GNRC,0.09999359936942918
2021-01-05,12,AR1 alpha + Basic + One-Step,NYSE:GNRC,0.09999652118092796
2021-01-06,12,AR1 alpha + Basic + One-Step,NYSE:GNRC,0.0
2021-01-07,12,AR1 alpha + Basic + One-Step,NYSE:GNRC,0.0
2021-01-08,12,AR1 alpha + Basic + One-Step,NYSE:GNRC,0.0
2021-01-11,12,AR1 alpha + Basic + One-Step,NYSE:GNRC,0.0
2021-01-12,12,AR1 alpha + Basic + One-Step,NYSE:GNRC,0.005779898535245535
2021-01-13,12,AR1 alpha + Basic + One-Step,NYSE:GNRC,0.09999696948913235
2021-01-14,12,AR1 alpha + Basic + One-Step,NYSE:GNRC,0.09998711188403818
2021-01-15,12,AR1 alpha + Basic + One-Step,NYSE:GNRC,0.09999037710212799
2021-01-19,12,AR1 alpha + Basic + One-Step,NYSE:GNRC,0.04478515319197757
2021-01-20,12,AR1 alpha + Basic + One-Step,NYSE:GNRC,0.024163328387636004
2021-01-21,12,AR1 alpha + Basic + One-Step,NYSE:GNRC,0.04647898918787571
2021-01-22,12,AR1 alpha + Basic + One-Step,NYSE:GNRC,0.023222838045807957
2021-01-25,12,AR1 alpha + Basic + One-Step,NYSE:GNRC,0.09999984270523724
2021-01-26,12,AR1 alpha + Basic + One-Step,NYSE:GNRC,0.09999164276823626
2021-01-27,12,AR1 alpha + Basic + One-Step,NYSE:GNRC,0.09999092019566332
2021-01-28,12,AR1 alpha + Basic + One-Step,NYSE:GNRC,0.09998660723947135
2021-01-29,12,AR1 alpha + Basic + One-Step,NYSE:GNRC,0.0999912185312849
2021-02-01,12,AR1 alpha + Basic + One-Step,NYSE:GNRC,0.09676111178882706
2021-02-02,12,AR1 alpha + Basic + One-Step,NYSE:GNRC,0.028957049162951186
2021-02-03,12,AR1 alpha + Basic + One-Step,NYSE:GNRC,0.03796083267429228
2021-02-04,12,AR1 alpha + Basic + One-Step,NYSE:GNRC,0.09999789389531429
2021-02-05,12,AR1 alpha + Basic + One-Step,NYSE:GNRC,0.0722388040715207
2021-02-08,12,AR1 alpha + Basic + One-Step,NYSE:GNRC,0.09306913375593176
2021-02-09,12,AR1 alpha + Basic + One-Step,NYSE:GNRC,0.0999987641397713
2021-02-10,12,AR1 alpha + Basic + One-Step,NYSE:GNRC,0.09999162400013399
2021-02-11,12,AR1 alpha + Basic + One-Step,NYSE:GNRC,0.0
2021-02-12,12,AR1 alpha + Basic + One-Step,NYSE:GNRC,0.0
2021-02-16,12,AR1 alpha + Basic + One-Step,NYSE:GNRC,0.0
2021-02-17,12,AR1 alpha + Basic + One-Step,NYSE:GNRC,0.0
2021-02-18,12,AR1 alpha + Basic + One-Step,NYSE:GNRC,0.0
2021-02-19,12,AR1 alpha + Basic + One-Step,NYSE:GNRC,0.0
2021-02-22,12,AR1 alpha + Basic + One-Step,NYSE:GNRC,0.08874433527321315
2021-02-23,12,AR1 alpha + Basic + One-Step,NYSE:GNRC,0.10000008247437721
2021-02-24,12,AR1 alpha + Basic + One-Step,NYSE:GNRC,0.09999817215663391
2021-02-25,12,AR1 alpha + Basic + One-Step,NYSE:GNRC,0.09999686976444826
2021-02-26,12,AR1 alpha + Basic + One-Step,NYSE:GNRC,0.09999878688011764
2021-03-01,12,AR1 alpha + Basic + One-Step,NYSE:GNRC,0.09467028267375288
2021-03-02,12,AR1 alpha + Basic + One-Step,NYSE:GNRC,0.0999997418774529
2021-03-03,12,AR1 alpha + Basic + One-Step,NYSE:GNRC,0.09999335899423371
2021-03-04,12,AR1 alpha + Basic + One-Step,NYSE:GNRC,0.09999092318456557
2021-03-05,12,AR1 alpha + Basic + One-Step,NYSE:GNRC,0.0999919576634481
2021-03-08,12,AR1 alpha + Basic + One-Step,NYSE:GNRC,0.0999951911369008
2021-03-09,12,AR1 alpha + Basic + One-Step,NYSE:GNRC,0.09999238213376865
2021-03-10,12,AR1 alpha + Basic + One-Step,NYSE:GNRC,0.09999144373297766
2021-03-11,12,AR1 alpha + Basic + One-Step,NYSE:GNRC,0.09999659635720864
2021-03-12,12,AR1 alpha + Basic + One-Step,NYSE:GNRC,0.0999984567688238
2021-03-15,12,AR1 alpha + Basic + One-Step,NYSE:GNRC,0.09999943083072349
2021-03-16,12,AR1 alpha + Basic + One-Step,NYSE:GNRC,0.0999923414224466
2021-03-17,12,AR1 alpha + Basic + One-Step,NYSE:GNRC,0.09999394961482007
2021-03-18,12,AR1 alpha + Basic + One-Step,NYSE:GNRC,0.09999407172654676
2021-03-19,12,AR1 alpha + Basic + One-Step,NYSE:GNRC,0.09998468350043213
2021-03-22,12,AR1 alpha + Basic + One-Step,NYSE:GNRC,0.09998141146447201
2021-03-23,12,AR1 alpha + Basic + One-Step,NYSE:GNRC,0.09998385068069958
2021-03-24,12,AR1 alpha + Basic + One-Step,NYSE:GNRC,0.09999131911923076
2021-03-25,12,AR1 alpha + Basic + One-Step,NYSE:GNRC,0.09998460977514198
2021-03-26,12,AR1 alpha + Basic + One-Step,NYSE:GNRC,0.09999332041631047
2021-03-29,12,AR1 alpha + Basic + One-Step,NYSE:GNRC,0.0999880887538834
2021-03-30,12,AR1 alpha + Basic + One-Step,NYSE:GNRC,0.09999506212885492
2021-03-31,12,AR1 alpha + Basic + One-Step,NYSE:GNRC,0.09999797903254205
2021-04-01,12,AR1 alpha + Basic + One-Step,NYSE:GNRC,0.09999588280166652
2021-04-05,12,AR1 alpha + Basic + One-Step,NYSE:GNRC,0.09999970782366165
2021-04-06,12,AR1 alpha + Basic + One-Step,NYSE:GNRC,0.09999964248381182
2021-04-07,12,AR1 alpha + Basic + One-Step,NYSE:GNRC,0.09999934527786798
2021-04-08,12,AR1 alpha + Basic + One-Step,NYSE:GNRC,0.100000031029025
2021-04-09,12,AR1 alpha + Basic + One-Step,NYSE:GNRC,0.09999679797150174
2021-04-12,12,AR1 alpha + Basic + One-Step,NYSE:GNRC,0.09999864743370318
2021-04-13,12,AR1 alpha + Basic + One-Step,NYSE:GNRC,0.09999313194261035
2021-04-14,12,AR1 alpha + Basic + One-Step,NYSE:GNRC,0.09999692790954733
2021-04-15,12,AR1 alpha + Basic + One-Step,NYSE:GNRC,0.09999687472440355
2021-04-16,12,AR1 alpha + Basic + One-Step,NYSE:GNRC,0.09999224569647326
2021-04-19,12,AR1 alpha + Basic + One-Step,NYSE:GNRC,0.09999683240402489
2021-04-20,12,AR1 alpha + Basic + One-Step,NYSE:GNRC,0.09999850040495062
2021-04-21,12,AR1 alpha + Basic + One-Step,NYSE:GNRC,0.09999704233902026
2021-04-22,12,AR1 alpha + Basic + One-Step,NYSE:GNRC,0.09999860569912698
2021-04-23,12,AR1 alpha + Basic + One-Step,NYSE:GNRC,0.09999749539908633
2021-04-26,12,AR1 alpha + Basic + One-Step,NYSE:GNRC,0.09999779650353255
2021-04-27,12,AR1 alpha + Basic + One-Step,NYSE:GNRC,0.09999958951216587
2021-04-28,12,AR1 alpha + Basic + One-Step,NYSE:GNRC,0.09999852286317439
2021-04-29,12,AR1 alpha + Basic + One-Step,NYSE:GNRC,0.09999731686751802
2021-04-30,12,AR1 alpha + Basic + One-Step,NYSE:GNRC,0.09999886520204183
2021-05-03,12,AR1 alpha + Basic + One-Step,NYSE:GNRC,0.09999946869079145
2021-05-04,12,AR1 alpha + Basic + One-Step,NYSE:GNRC,0.0999996913355408
2021-05-05,12,AR1 alpha + Basic + One-Step,NYSE:GNRC,0.09999089803890474
2021-05-06,12,AR1 alpha + Basic + One-Step,NYSE:GNRC,0.09998527209993253
2021-05-07,12,AR1 alpha + Basic + One-Step,NYSE:GNRC,0.09998384978979812
2021-05-10,12,AR1 alpha + Basic + One-Step,NYSE:GNRC,0.09998139096716678
2021-05-11,12,AR1 alpha + Basic + One-Step,NYSE:GNRC,0.09997876875127205
2021-05-12,12,AR1 alpha + Basic + One-Step,NYSE:GNRC,0.09998760989187543
2021-05-13,12,AR1 alpha + Basic + One-Step,NYSE:GNRC,0.09999366740065795
2021-05-14,12,AR1 alpha + Basic + One-Step,NYSE:GNRC,0.09999724785726047
2021-05-17,12,AR1 alpha + Basic + One-Step,NYSE:GNRC,0.09998289996553024
2021-05-18,12,AR1 alpha + Basic + One-Step,NYSE:GNRC,0.0999901551765818
2021-05-19,12,AR1 alpha + Basic + One-Step,NYSE:GNRC,0.0999957031821629
2021-05-20,12,AR1 alpha + Basic + One-Step,NYSE:GNRC,0.09999813572556475
2021-05-21,12,AR1 alpha + Basic + One-Step,NYSE:GNRC,0.099997636917142
2021-05-24,12,AR1 alpha + Basic + One-Step,NYSE:GNRC,0.09999257030292899
2021-05-25,12,AR1 alpha + Basic + One-Step,NYSE:GNRC,0.09999020802325863
2021-05-26,12,AR1 alpha + Basic + One-Step,NYSE:GNRC,0.0999955797761951
2021-05-27,12,AR1 alpha + Basic + One-Step,NYSE:GNRC,0.09999806560370236
2021-05-28,12,AR1 alpha + Basic + One-Step,NYSE:GNRC,0.09999583794235133
2021-06-01,12,AR1 alpha + Basic + One-Step,NYSE:GNRC,0.09999740253426323
2021-06-02,12,AR1 alpha + Basic + One-Step,NYSE:GNRC,0.09998956974232909
2021-06-03,12,AR1 alpha + Basic + One-Step,NYSE:GNRC,0.09998775405235076
2021-06-04,12,AR1 alpha + Basic + One-Step,NYSE:GNRC,0.09999176590038955
2021-06-07,12,AR1 alpha + Basic + One-Step,NYSE:GNRC,0.09999615084513656
2021-06-08,12,AR1 alpha + Basic + One-Step,NYSE:GNRC,0.09999838104016329
2021-06-09,12,AR1 alpha + Basic + One-Step,NYSE:GNRC,0.09999929739485185
2021-06-10,12,AR1 alpha + Basic + One-Step,NYSE:GNRC,0.09999964724575622
2021-06-11,12,AR1 alpha + Basic + One-Step,NYSE:GNRC,0.09999901363728188
2021-06-14,12,AR1 alpha + Basic + One-Step,NYSE:GNRC,0.09998948890661137
2021-06-15,12,AR1 alpha + Basic + One-Step,NYSE:GNRC,0.09999346684130929
2021-06-16,12,AR1 alpha + Basic + One-Step,NYSE:GNRC,0.0999889987610191
2021-06-17,12,AR1 alpha + Basic + One-Step,NYSE:GNRC,0.09999389215780921
2021-06-18,12,AR1 alpha + Basic + One-Step,NYSE:GNRC,0.09999326568517769
2021-06-21,12,AR1 alpha + Basic + One-Step,NYSE:GNRC,0.09999211305139474
2021-06-22,12,AR1 alpha + Basic + One-Step,NYSE:GNRC,0.0999999223247895
2021-06-23,12,AR1 alpha + Basic + One-Step,NYSE:GNRC,0.10000021258393336
2021-06-24,12,AR1 alpha + Basic + One-Step,NYSE:GNRC,0.10000055660978191
2021-06-25,12,AR1 alpha + Basic + One-Step,NYSE:GNRC,0.09999194175517513
2021-06-28,12,AR1 alpha + Basic + One-Step,NYSE:GNRC,0.09999322076777249
2021-06-29,12,AR1 alpha + Basic + One-Step,NYSE:GNRC,0.0999918737568794
2021-06-30,12,AR1 alpha + Basic + One-Step,NYSE:GNRC,0.09999972787562052
2021-07-01,12,AR1 alpha + Basic + One-Step,NYSE:GNRC,0.09999611858803822
2021-07-02,12,AR1 alpha + Basic + One-Step,NYSE:GNRC,0.09999125544271907
2021-07-06,12,AR1 alpha + Basic + One-Step,NYSE:GNRC,0.09999401153783938
2021-07-07,12,AR1 alpha + Basic + One-Step,NYSE:GNRC,0.099985613939219
2021-07-08,12,AR1 alpha + Basic + One-Step,NYSE:GNRC,0.0999830223499986
2021-07-09,12,AR1 alpha + Basic + One-Step,NYSE:GNRC,0.09997566320182258
2021-07-12,12,AR1 alpha + Basic + One-Step,NYSE:GNRC,0.09998656536407953
2021-07-13,12,AR1 alpha + Basic + One-Step,NYSE:GNRC,0.0999930510603397
2021-07-14,12,AR1 alpha + Basic + One-Step,NYSE:GNRC,0.0999854321252208
2021-07-15,12,AR1 alpha + Basic + One-Step,NYSE:GNRC,0.09998601400228654
2021-07-16,12,AR1 alpha + Basic + One-Step,NYSE:GNRC,0.09999498154375014
2021-07-19,12,AR1 alpha + Basic + One-Step,NYSE:GNRC,0.09998963364989968
2021-07-20,12,AR1 alpha + Basic + One-Step,NYSE:GNRC,0.09998778348583093
2021-07-21,12,AR1 alpha + Basic + One-Step,NYSE:GNRC,0.09998999471648513
2021-07-22,12,AR1 alpha + Basic + One-Step,NYSE:GNRC,0.09998605798365437
2021-07-23,12,AR1 alpha + Basic + One-Step,NYSE:GNRC,0.09998496625292533
2021-07-26,12,AR1 alpha + Basic + One-Step,NYSE:GNRC,0.09999306151463189
2021-07-27,12,AR1 alpha + Basic + One-Step,NYSE:GNRC,0.09999733054838984
2021-07-28,12,AR1 alpha + Basic + One-Step,NYSE:GNRC,0.09998975458305849
2021-07-29,12,AR1 alpha + Basic + One-Step,NYSE:GNRC,0.09998281332722084
2021-07-30,12,AR1 alpha + Basic + One-Step,NYSE:GNRC,0.09998035852068683
2021-08-02,12,AR1 alpha + Basic + One-Step,NYSE:GNRC,0.09998914794000971
2021-08-03,12,AR1 alpha + Basic + One-Step,NYSE:GNRC,0.100003879436625
2021-08-04,12,AR1 alpha + Basic + One-Step,NYSE:GNRC,0.10000231537814323
2021-08-05,12,AR1 alpha + Basic + One-Step,NYSE:GNRC,0.09999167809841202
2021-08-06,12,AR1 alpha + Basic + One-Step,NYSE:GNRC,0.09998968049899057
2021-08-09,12,AR1 alpha + Basic + One-Step,NYSE:GNRC,0.099994843056359
2021-08-10,12,AR1 alpha + Basic + One-Step,NYSE:GNRC,0.09999731278704378
2021-08-11,12,AR1 alpha + Basic + One-Step,NYSE:GNRC,0.09999867210150142
2021-08-12,12,AR1 alpha + Basic + One-Step,NYSE:GNRC,0.09998952108310055
2021-08-13,12,AR1 alpha + Basic + One-Step,NYSE:GNRC,0.09998830037387155
2021-08-16,12,AR1 alpha + Basic + One-Step,NYSE:GNRC,0.09999389899492572
2021-08-17,12,AR1 alpha + Basic + One-Step,NYSE:GNRC,0.09999658177041285
2021-08-18,12,AR1 alpha + Basic + One-Step,NYSE:GNRC,0.09999078456728544
2021-08-19,12,AR1 alpha + Basic + One-Step,NYSE:GNRC,0.09998398774995901
2021-08-20,12,AR1 alpha + Basic + One-Step,NYSE:GNRC,0.09999107662072551
2021-08-23,12,AR1 alpha + Basic + One-Step,NYSE:GNRC,0.09998337498070606
2021-08-24,12,AR1 alpha + Basic + One-Step,NYSE:GNRC,0.09999142264682091
2021-08-25,12,AR1 alpha + Basic + One-Step,NYSE:GNRC,0.09999022020786433
2021-08-26,12,AR1 alpha + Basic + One-Step,NYSE:GNRC,0.09999513897683183
2021-08-27,12,AR1 alpha + Basic + One-Step,NYSE:GNRC,0.09999912346703992
2021-08-30,12,AR1 alpha + Basic + One-Step,NYSE:GNRC,0.0999995636226202
2021-08-31,12,AR1 alpha + Basic + One-Step,NYSE:GNRC,0.09999745297000169
2021-09-01,12,AR1 alpha + Basic + One-Step,NYSE:GNRC,0.09998635167115788
2021-09-02,12,AR1 alpha + Basic + One-Step,NYSE:GNRC,0.09999176417013998
2021-09-03,12,AR1 alpha + Basic + One-Step,NYSE:GNRC,0.09998697869834812
2021-09-07,12,AR1 alpha + Basic + One-Step,NYSE:GNRC,0.09998215013038375
2021-09-08,12,AR1 alpha + Basic + One-Step,NYSE:GNRC,0.09997479879874917
2021-09-09,12,AR1 alpha + Basic + One-Step,NYSE:GNRC,0.10000070594184053
2021-09-10,12,AR1 alpha + Basic + One-Step,NYSE:GNRC,0.09999755084148487
2021-09-13,12,AR1 alpha + Basic + One-Step,NYSE:GNRC,0.09999800612313123
2021-09-14,12,AR1 alpha + Basic + One-Step,NYSE:GNRC,0.09999938960085987
2021-09-15,12,AR1 alpha + Basic + One-Step,NYSE:GNRC,0.09999613510613005
2021-09-16,12,AR1 alpha + Basic + One-Step,NYSE:GNRC,0.09999467917054872
2021-09-17,12,AR1 alpha + Basic + One-Step,NYSE:GNRC,0.0999892525758035
2021-09-20,12,AR1 alpha + Basic + One-Step,NYSE:GNRC,0.09999375843905102
2021-09-21,12,AR1 alpha + Basic + One-Step,NYSE:GNRC,0.09999660530882475
2021-09-22,12,AR1 alpha + Basic + One-Step,NYSE:GNRC,0.09999177254985242
2021-09-23,12,AR1 alpha + Basic + One-Step,NYSE:GNRC,0.09999236265386528
2021-09-24,12,AR1 alpha + Basic + One-Step,NYSE:GNRC,0.09998950756801511
2021-09-27,12,AR1 alpha + Basic + One-Step,NYSE:GNRC,0.09999229840312551
2021-09-28,12,AR1 alpha + Basic + One-Step,NYSE:GNRC,0.09998740526992136
2021-09-29,12,AR1 alpha + Basic + One-Step,NYSE:GNRC,0.09999310615322897
2021-09-30,12,AR1 alpha + Basic + One-Step,NYSE:GNRC,0.09379713588869983
2021-10-01,12,AR1 alpha + Basic + One-Step,NYSE:GNRC,0.0999986258764485
2021-10-04,12,AR1 alpha + Basic + One-Step,NYSE:GNRC,0.08551517903493651
2021-10-05,12,AR1 alpha + Basic + One-Step,NYSE:GNRC,0.09999972940730077
2021-10-06,12,AR1 alpha + Basic + One-Step,NYSE:GNRC,0.09999819997642029
2021-10-07,12,AR1 alpha + Basic + One-Step,NYSE:GNRC,0.09999768639133663
2021-10-08,12,AR1 alpha + Basic + One-Step,NYSE:GNRC,0.07397589136192001
2021-10-11,12,AR1 alpha + Basic + One-Step,NYSE:GNRC,0.08660512571186393
2021-10-12,12,AR1 alpha + Basic + One-Step,NYSE:GNRC,0.09752506039366499
2021-10-13,12,AR1 alpha + Basic + One-Step,NYSE:GNRC,0.07742404859902177
2021-10-14,12,AR1 alpha + Basic + One-Step,NYSE:GNRC,0.0999975946503037
2021-10-15,12,AR1 alpha + Basic + One-Step,NYSE:GNRC,0.09999150233400049
2021-10-18,12,AR1 alpha + Basic + One-Step,NYSE:GNRC,0.0999900800568508
2021-10-19,12,AR1 alpha + Basic + One-Step,NYSE:GNRC,0.09999393643635172
2021-10-20,12,AR1 alpha + Basic + One-Step,NYSE:GNRC,0.0999939913659495
2021-10-21,12,AR1 alpha + Basic + One-Step,NYSE:GNRC,0.0999879644211648
2021-10-22,12,AR1 alpha + Basic + One-Step,NYSE:GNRC,0.09998835412240728
2021-10-25,12,AR1 alpha + Basic + One-Step,NYSE:GNRC,0.09998755652660725
2021-10-26,12,AR1 alpha + Basic + One-Step,NYSE:GNRC,0.09998599578192612
2021-10-27,12,AR1 alpha + Basic + One-Step,NYSE:GNRC,0.0999885165738768
2021-10-28,12,AR1 alpha + Basic + One-Step,NYSE:GNRC,0.09999264509213773
2021-10-29,12,AR1 alpha + Basic + One-Step,NYSE:GNRC,0.09999176247603696
2021-11-01,12,AR1 alpha + Basic + One-Step,NYSE:GNRC,0.09999593378107188
2021-11-02,12,AR1 alpha + Basic + One-Step,NYSE:GNRC,0.09999229976379552
2021-11-03,12,AR1 alpha + Basic + One-Step,NYSE:GNRC,0.05189845870516466
2021-11-04,12,AR1 alpha + Basic + One-Step,NYSE:GNRC,0.06083298664860464
2021-11-05,12,AR1 alpha + Basic + One-Step,NYSE:GNRC,0.04133362341552121
2021-11-08,12,AR1 alpha + Basic + One-Step,NYSE:GNRC,0.08167442586278824
2021-11-09,12,AR1 alpha + Basic + One-Step,NYSE:GNRC,0.05790242008245919
2021-11-10,12,AR1 alpha + Basic + One-Step,NYSE:GNRC,0.020793632966210722
2021-11-11,12,AR1 alpha + Basic + One-Step,NYSE:GNRC,0.09395624568739269
2021-11-12,12,AR1 alpha + Basic + One-Step,NYSE:GNRC,0.09999720143478696
2021-11-15,12,AR1 alpha + Basic + One-Step,NYSE:GNRC,0.07314884291165649
2021-11-16,12,AR1 alpha + Basic + One-Step,NYSE:GNRC,0.09999255187797013
2021-11-17,12,AR1 alpha + Basic + One-Step,NYSE:GNRC,0.08025818285922612
2021-11-18,12,AR1 alpha + Basic + One-Step,NYSE:GNRC,0.07520885614834563
2021-11-19,12,AR1 alpha + Basic + One-Step,NYSE:GNRC,0.09999173747447838
2021-11-22,12,AR1 alpha + Basic + One-Step,NYSE:GNRC,0.09998827814283562
2021-11-23,12,AR1 alpha + Basic + One-Step,NYSE:GNRC,0.08851449630553625
2021-11-24,12,AR1 alpha + Basic + One-Step,NYSE:GNRC,0.09854748024600037
2021-11-26,12,AR1 alpha + Basic + One-Step,NYSE:GNRC,0.05950659392674855
2021-11-29,12,AR1 alpha + Basic + One-Step,NYSE:GNRC,0.05208094257065101
2021-11-30,12,AR1 alpha + Basic + One-Step,NYSE:GNRC,0.011453083574722162
2021-12-01,12,AR1 alpha + Basic + One-Step,NYSE:GNRC,0.0
2021-12-02,12,AR1 alpha + Basic + One-Step,NYSE:GNRC,0.043527237566318565
2021-12-03,12,AR1 alpha + Basic + One-Step,NYSE:GNRC,0.0
2021-12-06,12,AR1 alpha + Basic + One-Step,NYSE:GNRC,0.0
2021-12-07,12,AR1 alpha + Basic + One-Step,NYSE:GNRC,6.071335147155522e-07
2021-12-08,12,AR1 alpha + Basic + One-Step,NYSE:GNRC,0.024242154974048784
2021-12-09,12,AR1 alpha + Basic + One-Step,NYSE:GNRC,0.0
2021-12-10,12,AR1 alpha + Basic + One-Step,NYSE:GNRC,0.0
2021-12-13,12,AR1 alpha + Basic + One-Step,NYSE:GNRC,0.0
2021-12-14,12,AR1 alpha + Basic + One-Step,NYSE:GNRC,0.0
2021-12-15,12,AR1 alpha + Basic + One-Step,NYSE:GNRC,0.051369789864561616
2021-12-16,12,AR1 alpha + Basic + One-Step,NYSE:GNRC,0.0
2021-12-17,12,AR1 alpha + Basic + One-Step,NYSE:GNRC,0.02216461997188283
2021-12-20,12,AR1 alpha + Basic + One-Step,NYSE:GNRC,0.0
2021-12-21,12,AR1 alpha + Basic + One-Step,NYSE:GNRC,0.034831728816271904
2021-12-22,12,AR1 alpha + Basic + One-Step,NYSE:GNRC,0.07436715088616817
2021-12-23,12,AR1 alpha + Basic + One-Step,NYSE:GNRC,0.06364716390541947
2021-12-27,12,AR1 alpha + Basic + One-Step,NYSE:GNRC,0.056404116143732405
2021-12-28,12,AR1 alpha + Basic + One-Step,NYSE:GNRC,0.02146238166573408
2021-12-29,12,AR1 alpha + Basic + One-Step,NYSE:GNRC,0.009083678094403413
2021-12-30,12,AR1 alpha + Basic + One-Step,NYSE:GNRC,0.041921704726821794
2021-12-31,12,AR1 alpha + Basic + One-Step,NYSE:GNRC,0.014989777595122733
2022-01-03,12,AR1 alpha + Basic + One-Step,NYSE:GNRC,0.0
2022-01-04,12,AR1 alpha + Basic + One-Step,NYSE:GNRC,0.0
2022-01-05,12,AR1 alpha + Basic + One-Step,NYSE:GNRC,0.0
2022-01-06,12,AR1 alpha + Basic + One-Step,NYSE:GNRC,0.0
2022-01-07,12,AR1 alpha + Basic + One-Step,NYSE:GNRC,4.218425129628377e-08
2022-01-10,12,AR1 alpha + Basic + One-Step,NYSE:GNRC,0.0
2022-01-11,12,AR1 alpha + Basic + One-Step,NYSE:GNRC,0.0
2022-01-12,12,AR1 alpha + Basic + One-Step,NYSE:GNRC,0.0
2022-01-13,12,AR1 alpha + Basic + One-Step,NYSE:GNRC,1.1335959107370743e-06
2022-01-14,12,AR1 alpha + Basic + One-Step,NYSE:GNRC,0.0
2022-01-18,12,AR1 alpha + Basic + One-Step,NYSE:GNRC,0.0
2022-01-19,12,AR1 alpha + Basic + One-Step,NYSE:GNRC,0.0
2022-01-20,12,AR1 alpha + Basic + One-Step,NYSE:GNRC,0.0
2022-01-21,12,AR1 alpha + Basic + One-Step,NYSE:GNRC,2.7571286250775435e-07
2022-01-24,12,AR1 alpha + Basic + One-Step,NYSE:GNRC,0.0
2022-01-25,12,AR1 alpha + Basic + One-Step,NYSE:GNRC,0.0
2022-01-26,12,AR1 alpha + Basic + One-Step,NYSE:GNRC,0.0
2022-01-27,12,AR1 alpha + Basic + One-Step,NYSE:GNRC,0.0
2022-01-28,12,AR1 alpha + Basic + One-Step,NYSE:GNRC,0.0
2022-01-31,12,AR1 alpha + Basic + One-Step,NYSE:GNRC,0.0
2022-02-01,12,AR1 alpha + Basic + One-Step,NYSE:GNRC,0.0
2022-02-02,12,AR1 alpha + Basic + One-Step,NYSE:GNRC,0.0
2022-02-03,12,AR1 alpha + Basic + One-Step,NYSE:GNRC,0.0
2022-02-04,12,AR1 alpha + Basic + One-Step,NYSE:GNRC,1.2218237531458718e-07
2022-02-07,12,AR1 alpha + Basic + One-Step,NYSE:GNRC,1.857114407205464e-07
2022-02-08,12,AR1 alpha + Basic + One-Step,NYSE:GNRC,1.035879268798287e-06
2022-02-09,12,AR1 alpha + Basic + One-Step,NYSE:GNRC,0.0
2022-02-10,12,AR1 alpha + Basic + One-Step,NYSE:GNRC,0.0
2022-02-11,12,AR1 alpha + Basic + One-Step,NYSE:GNRC,0.0
2022-02-14,12,AR1 alpha + Basic + One-Step,NYSE:GNRC,0.0
2022-02-15,12,AR1 alpha + Basic + One-Step,NYSE:GNRC,0.0
2022-02-16,12,AR1 alpha + Basic + One-Step,NYSE:GNRC,0.033555990231173206
2022-02-17,12,AR1 alpha + Basic + One-Step,NYSE:GNRC,0.0
2022-02-18,12,AR1 alpha + Basic + One-Step,NYSE:GNRC,1.689076640130423e-07
2022-02-22,12,AR1 alpha + Basic + One-Step,NYSE:GNRC,5.128358535315106e-08
2022-02-23,12,AR1 alpha + Basic + One-Step,NYSE:GNRC,0.0
2022-02-24,12,AR1 alpha + Basic + One-Step,NYSE:GNRC,0.0
2022-02-25,12,AR1 alpha + Basic + One-Step,NYSE:GNRC,0.0
2022-02-28,12,AR1 alpha + Basic + One-Step,NYSE:GNRC,0.0
2022-03-01,12,AR1 alpha + Basic + One-Step,NYSE:GNRC,3.501967946833494e-08
2022-03-02,12,AR1 alpha + Basic + One-Step,NYSE:GNRC,5.5583000638094307e-08
2022-03-03,12,AR1 alpha + Basic + One-Step,NYSE:GNRC,0.0
2022-03-04,12,AR1 alpha + Basic + One-Step,NYSE:GNRC,0.0
2022-03-07,12,AR1 alpha + Basic + One-Step,NYSE:GNRC,5.957671423111145e-10
2022-03-08,12,AR1 alpha + Basic + One-Step,NYSE:GNRC,5.566336007607703e-07
2022-03-09,12,AR1 alpha + Basic + One-Step,NYSE:GNRC,0.0
2022-03-10,12,AR1 alpha + Basic + One-Step,NYSE:GNRC,0.0
2022-03-11,12,AR1 alpha + Basic + One-Step,NYSE:GNRC,0.0
2022-03-14,12,AR1 alpha + Basic + One-Step,NYSE:GNRC,0.0
2022-03-15,12,AR1 alpha + Basic + One-Step,NYSE:GNRC,0.0
2022-03-16,12,AR1 alpha + Basic + One-Step,NYSE:GNRC,0.0
2022-03-17,12,AR1 alpha + Basic + One-Step,NYSE:GNRC,0.0
2022-03-18,12,AR1 alpha + Basic + One-Step,NYSE:GNRC,0.0
2022-03-21,12,AR1 alpha + Basic + One-Step,NYSE:GNRC,0.0
2022-03-22,12,AR1 alpha + Basic + One-Step,NYSE:GNRC,0.0
2022-03-23,12,AR1 alpha + Basic + One-Step,NYSE:GNRC,0.0
2022-03-24,12,AR1 alpha + Basic + One-Step,NYSE:GNRC,2.9186946674401976e-08
2022-03-25,12,AR1 alpha + Basic + One-Step,NYSE:GNRC,0.0
2022-03-28,12,AR1 alpha + Basic + One-Step,NYSE:GNRC,0.0
2022-03-29,12,AR1 alpha + Basic + One-Step,NYSE:GNRC,0.0
2022-03-30,12,AR1 alpha + Basic + One-Step,NYSE:GNRC,0.0
2022-03-31,12,AR1 alpha + Basic + One-Step,NYSE:GNRC,0.0
2022-04-01,12,AR1 alpha + Basic + One-Step,NYSE:GNRC,0.0
2022-04-04,12,AR1 alpha + Basic + One-Step,NYSE:GNRC,0.0
2022-04-05,12,AR1 alpha + Basic + One-Step,NYSE:GNRC,0.0
2022-04-06,12,AR1 alpha + Basic + One-Step,NYSE:GNRC,0.0
2022-04-07,12,AR1 alpha + Basic + One-Step,NYSE:GNRC,5.679012334705574e-09
2022-04-08,12,AR1 alpha + Basic + One-Step,NYSE:GNRC,0.0
2022-04-11,12,AR1 alpha + Basic + One-Step,NYSE:GNRC,0.0
2022-04-12,12,AR1 alpha + Basic + One-Step,NYSE:GNRC,0.0
2022-04-13,12,AR1 alpha + Basic + One-Step,NYSE:GNRC,2.2719840187731638e-07
2022-04-14,12,AR1 alpha + Basic + One-Step,NYSE:GNRC,6.15859878549477e-09
2022-04-18,12,AR1 alpha + Basic + One-Step,NYSE:GNRC,0.0
2022-04-19,12,AR1 alpha + Basic + One-Step,NYSE:GNRC,0.0
2022-04-20,12,AR1 alpha + Basic + One-Step,NYSE:GNRC,4.764499133599977e-08
2022-04-21,12,AR1 alpha + Basic + One-Step,NYSE:GNRC,0.0
2022-04-22,12,AR1 alpha + Basic + One-Step,NYSE:GNRC,0.0
2022-04-25,12,AR1 alpha + Basic + One-Step,NYSE:GNRC,0.0
2022-04-26,12,AR1 alpha + Basic + One-Step,NYSE:GNRC,0.0
2022-04-27,12,AR1 alpha + Basic + One-Step,NYSE:GNRC,0.0
2022-04-28,12,AR1 alpha + Basic + One-Step,NYSE:GNRC,0.0
2022-04-29,12,AR1 alpha + Basic + One-Step,NYSE:GNRC,0.0
2022-05-02,12,AR1 alpha + Basic + One-Step,NYSE:GNRC,0.0
2022-05-03,12,AR1 alpha + Basic + One-Step,NYSE:GNRC,0.0
2022-05-04,12,AR1 alpha + Basic + One-Step,NYSE:GNRC,0.07438284876567243
2022-05-05,12,AR1 alpha + Basic + One-Step,NYSE:GNRC,0.0
2022-05-06,12,AR1 alpha + Basic + One-Step,NYSE:GNRC,0.0
2022-05-09,12,AR1 alpha + Basic + One-Step,NYSE:GNRC,0.0
2022-05-10,12,AR1 alpha + Basic + One-Step,NYSE:GNRC,3.628679499143678e-07
2022-05-11,12,AR1 alpha + Basic + One-Step,NYSE:GNRC,0.0
2022-05-12,12,AR1 alpha + Basic + One-Step,NYSE:GNRC,1.3932330478680973e-07
2022-05-13,12,AR1 alpha + Basic + One-Step,NYSE:GNRC,0.0
2022-05-16,12,AR1 alpha + Basic + One-Step,NYSE:GNRC,2.493607166099435e-07
2022-05-17,12,AR1 alpha + Basic + One-Step,NYSE:GNRC,0.0
2022-05-18,12,AR1 alpha + Basic + One-Step,NYSE:GNRC,4.602885996944322e-07
2022-05-19,12,AR1 alpha + Basic + One-Step,NYSE:GNRC,0.0
2022-05-20,12,AR1 alpha + Basic + One-Step,NYSE:GNRC,0.0
2022-05-23,12,AR1 alpha + Basic + One-Step,NYSE:GNRC,2.6840928984634047e-07
2022-05-24,12,AR1 alpha + Basic + One-Step,NYSE:GNRC,0.0
2022-05-25,12,AR1 alpha + Basic + One-Step,NYSE:GNRC,3.8673858032871946e-08
2022-05-26,12,AR1 alpha + Basic + One-Step,NYSE:GNRC,0.0
2022-05-27,12,AR1 alpha + Basic + One-Step,NYSE:GNRC,5.219738694529531e-09
2022-05-31,12,AR1 alpha + Basic + One-Step,NYSE:GNRC,0.0
2022-06-01,12,AR1 alpha + Basic + One-Step,NYSE:GNRC,0.0
2022-06-02,12,AR1 alpha + Basic + One-Step,NYSE:GNRC,0.0032702352394266892
2022-06-03,12,AR1 alpha + Basic + One-Step,NYSE:GNRC,0.0
2022-06-06,12,AR1 alpha + Basic + One-Step,NYSE:GNRC,0.0
2022-06-07,12,AR1 alpha + Basic + One-Step,NYSE:GNRC,0.0030092939305633817
2022-06-08,12,AR1 alpha + Basic + One-Step,NYSE:GNRC,1.202672152924003e-07
2022-06-09,12,AR1 alpha + Basic + One-Step,NYSE:GNRC,5.2803683288777516e-08
2022-06-10,12,AR1 alpha + Basic + One-Step,NYSE:GNRC,0.0
2022-06-13,12,AR1 alpha + Basic + One-Step,NYSE:GNRC,2.3926716228069965e-07
2022-06-14,12,AR1 alpha + Basic + One-Step,NYSE:GNRC,8.16069672771357e-08
2022-06-15,12,AR1 alpha + Basic + One-Step,NYSE:GNRC,0.0
2022-06-16,12,AR1 alpha + Basic + One-Step,NYSE:GNRC,0.0
2022-06-17,12,AR1 alpha + Basic + One-Step,NYSE:GNRC,1.6256226287477054e-09
2022-06-21,12,AR1 alpha + Basic + One-Step,NYSE:GNRC,3.9466129692144914e-07
2022-06-22,12,AR1 alpha + Basic + One-Step,NYSE:GNRC,9.20274732011647e-08
2022-06-23,12,AR1 alpha + Basic + One-Step,NYSE:GNRC,0.0
2022-06-24,12,AR1 alpha + Basic + One-Step,NYSE:GNRC,0.0
2022-06-27,12,AR1 alpha + Basic + One-Step,NYSE:GNRC,0.0
2022-06-28,12,AR1 alpha + Basic + One-Step,NYSE:GNRC,0.0
2022-06-29,12,AR1 alpha + Basic + One-Step,NYSE:GNRC,0.0
2022-06-30,12,AR1 alpha + Basic + One-Step,NYSE:GNRC,0.0
2022-07-01,12,AR1 alpha + Basic + One-Step,NYSE:GNRC,0.0
2022-07-05,12,AR1 alpha + Basic + One-Step,NYSE:GNRC,0.0
2022-07-06,12,AR1 alpha + Basic + One-Step,NYSE:GNRC,0.0
2022-07-07,12,AR1 alpha + Basic + One-Step,NYSE:GNRC,0.0
2022-07-08,12,AR1 alpha + Basic + One-Step,NYSE:GNRC,0.0
2022-07-11,12,AR1 alpha + Basic + One-Step,NYSE:GNRC,0.0
2022-07-12,12,AR1 alpha + Basic + One-Step,NYSE:GNRC,7.91916131518954e-08
2022-07-13,12,AR1 alpha + Basic + One-Step,NYSE:GNRC,1.066841190916426e-07
2022-07-14,12,AR1 alpha + Basic + One-Step,NYSE:GNRC,0.0
2022-07-15,12,AR1 alpha + Basic + One-Step,NYSE:GNRC,0.0
2022-07-18,12,AR1 alpha + Basic + One-Step,NYSE:GNRC,0.0
2022-07-19,12,AR1 alpha + Basic + One-Step,NYSE:GNRC,0.0
2022-07-20,12,AR1 alpha + Basic + One-Step,NYSE:GNRC,0.0
2022-07-21,12,AR1 alpha + Basic + One-Step,NYSE:GNRC,3.144975409855307e-08
2022-07-22,12,AR1 alpha + Basic + One-Step,NYSE:GNRC,0.0
2022-07-25,12,AR1 alpha + Basic + One-Step,NYSE:GNRC,0.0
2022-07-26,12,AR1 alpha + Basic + One-Step,NYSE:GNRC,0.0
2022-07-27,12,AR1 alpha + Basic + One-Step,NYSE:GNRC,0.0
2022-07-28,12,AR1 alpha + Basic + One-Step,NYSE:GNRC,0.0
2022-07-29,12,AR1 alpha + Basic + One-Step,NYSE:GNRC,0.0
2022-08-01,12,AR1 alpha + Basic + One-Step,NYSE:GNRC,0.0
2022-08-02,12,AR1 alpha + Basic + One-Step,NYSE:GNRC,0.0
2022-08-03,12,AR1 alpha + Basic + One-Step,NYSE:GNRC,0.0
2022-08-04,12,AR1 alpha + Basic + One-Step,NYSE:GNRC,0.0
2022-08-05,12,AR1 alpha + Basic + One-Step,NYSE:GNRC,0.0
2022-08-08,12,AR1 alpha + Basic + One-Step,NYSE:GNRC,0.0
2022-08-09,12,AR1 alpha + Basic + One-Step,NYSE:GNRC,0.0
2022-08-10,12,AR1 alpha + Basic + One-Step,NYSE:GNRC,0.0
2022-08-11,12,AR1 alpha + Basic + One-Step,NYSE:GNRC,0.0
2022-08-12,12,AR1 alpha + Basic + One-Step,NYSE:GNRC,0.0
2022-08-15,12,AR1 alpha + Basic + One-Step,NYSE:GNRC,0.0
2022-08-16,12,AR1 alpha + Basic + One-Step,NYSE:GNRC,0.0
2022-08-17,12,AR1 alpha + Basic + One-Step,NYSE:GNRC,0.0
2022-08-18,12,AR1 alpha + Basic + One-Step,NYSE:GNRC,0.0
2022-08-19,12,AR1 alpha + Basic + One-Step,NYSE:GNRC,7.041554247123405e-09
2022-08-22,12,AR1 alpha + Basic + One-Step,NYSE:GNRC,0.0
2022-08-23,12,AR1 alpha + Basic + One-Step,NYSE:GNRC,0.0
2022-08-24,12,AR1 alpha + Basic + One-Step,NYSE:GNRC,2.4259198684195812e-08
2022-08-25,12,AR1 alpha + Basic + One-Step,NYSE:GNRC,0.0
2022-08-26,12,AR1 alpha + Basic + One-Step,NYSE:GNRC,0.0
2022-08-29,12,AR1 alpha + Basic + One-Step,NYSE:GNRC,0.0
2022-08-30,12,AR1 alpha + Basic + One-Step,NYSE:GNRC,0.0
2022-08-31,12,AR1 alpha + Basic + One-Step,NYSE:GNRC,0.0
2022-09-01,12,AR1 alpha + Basic + One-Step,NYSE:GNRC,0.0
2022-09-02,12,AR1 alpha + Basic + One-Step,NYSE:GNRC,0.0
2022-09-06,12,AR1 alpha + Basic + One-Step,NYSE:GNRC,0.0
2022-09-07,12,AR1 alpha + Basic + One-Step,NYSE:GNRC,0.0
2022-09-08,12,AR1 alpha + Basic + One-Step,NYSE:GNRC,4.1127672485946256e-07
2022-09-09,12,AR1 alpha + Basic + One-Step,NYSE:GNRC,0.0
2022-09-12,12,AR1 alpha + Basic + One-Step,NYSE:GNRC,0.0
2022-09-13,12,AR1 alpha + Basic + One-Step,NYSE:GNRC,8.10405089910521e-08
2022-09-14,12,AR1 alpha + Basic + One-Step,NYSE:GNRC,8.775839384640839e-08
2022-09-15,12,AR1 alpha + Basic + One-Step,NYSE:GNRC,0.0
2022-09-16,12,AR1 alpha + Basic + One-Step,NYSE:GNRC,6.297201110843274e-08
2022-09-19,12,AR1 alpha + Basic + One-Step,NYSE:GNRC,0.0
2022-09-20,12,AR1 alpha + Basic + One-Step,NYSE:GNRC,0.0
2022-09-21,12,AR1 alpha + Basic + One-Step,NYSE:GNRC,0.0
2022-09-22,12,AR1 alpha + Basic + One-Step,NYSE:GNRC,0.0
2022-09-23,12,AR1 alpha + Basic + One-Step,NYSE:GNRC,0.0
2022-09-26,12,AR1 alpha + Basic + One-Step,NYSE:GNRC,3.139335986592323e-09
2022-09-27,12,AR1 alpha + Basic + One-Step,NYSE:GNRC,0.0
2022-09-28,12,AR1 alpha + Basic + One-Step,NYSE:GNRC,0.0
2022-09-29,12,AR1 alpha + Basic + One-Step,NYSE:GNRC,0.0
2022-09-30,12,AR1 alpha + Basic + One-Step,NYSE:GNRC,0.0
2022-10-03,12,AR1 alpha + Basic + One-Step,NYSE:GNRC,0.0
2022-10-04,12,AR1 alpha + Basic + One-Step,NYSE:GNRC,4.8290671088017175e-09
2022-10-05,12,AR1 alpha + Basic + One-Step,NYSE:GNRC,1.0704485334961674e-07
2022-10-06,12,AR1 alpha + Basic + One-Step,NYSE:GNRC,0.0
2022-10-07,12,AR1 alpha + Basic + One-Step,NYSE:GNRC,0.0
2022-10-10,12,AR1 alpha + Basic + One-Step,NYSE:GNRC,0.0
2022-10-11,12,AR1 alpha + Basic + One-Step,NYSE:GNRC,7.706057190272416e-08
2022-10-12,12,AR1 alpha + Basic + One-Step,NYSE:GNRC,2.302664998346994e-08
2022-10-13,12,AR1 alpha + Basic + One-Step,NYSE:GNRC,0.0
2022-10-14,12,AR1 alpha + Basic + One-Step,NYSE:GNRC,4.3996072034420324e-08
2022-10-17,12,AR1 alpha + Basic + One-Step,NYSE:GNRC,2.104745268059012e-07
2022-10-18,12,AR1 alpha + Basic + One-Step,NYSE:GNRC,0.0
2022-10-19,12,AR1 alpha + Basic + One-Step,NYSE:GNRC,0.0
2022-10-20,12,AR1 alpha + Basic + One-Step,NYSE:GNRC,0.0
2022-10-21,12,AR1 alpha + Basic + One-Step,NYSE:GNRC,0.0
2022-10-24,12,AR1 alpha + Basic + One-Step,NYSE:GNRC,0.0
2022-10-25,12,AR1 alpha + Basic + One-Step,NYSE:GNRC,0.0
2022-10-26,12,AR1 alpha + Basic + One-Step,NYSE:GNRC,0.0
2022-10-27,12,AR1 alpha + Basic + One-Step,NYSE:GNRC,0.0
2022-10-28,12,AR1 alpha + Basic + One-Step,NYSE:GNRC,0.0
2022-10-31,12,AR1 alpha + Basic + One-Step,NYSE:GNRC,0.0
2022-11-01,12,AR1 alpha + Basic + One-Step,NYSE:GNRC,0.0
2022-11-02,12,AR1 alpha + Basic + One-Step,NYSE:GNRC,1.0859158092113847e-07
2022-11-03,12,AR1 alpha + Basic + One-Step,NYSE:GNRC,3.8945156125738825e-07
2022-11-04,12,AR1 alpha + Basic + One-Step,NYSE:GNRC,5.120801085375322e-08
2022-11-07,12,AR1 alpha + Basic + One-Step,NYSE:GNRC,0.0
2022-11-08,12,AR1 alpha + Basic + One-Step,NYSE:GNRC,0.0
2022-11-09,12,AR1 alpha + Basic + One-Step,NYSE:GNRC,0.0
2022-11-10,12,AR1 alpha + Basic + One-Step,NYSE:GNRC,0.0
2022-11-11,12,AR1 alpha + Basic + One-Step,NYSE:GNRC,8.685463471828497e-08
2022-11-14,12,AR1 alpha + Basic + One-Step,NYSE:GNRC,0.0
2022-11-15,12,AR1 alpha + Basic + One-Step,NYSE:GNRC,0.0
2022-11-16,12,AR1 alpha + Basic + One-Step,NYSE:GNRC,0.0
2022-11-17,12,AR1 alpha + Basic + One-Step,NYSE:GNRC,0.0
2022-11-18,12,AR1 alpha + Basic + One-Step,NYSE:GNRC,1.1057925923678519e-07
2022-11-21,12,AR1 alpha + Basic + One-Step,NYSE:GNRC,1.4987690027420155e-07
2022-11-22,12,AR1 alpha + Basic + One-Step,NYSE:GNRC,1.5015514158437378e-08
2022-11-23,12,AR1 alpha + Basic + One-Step,NYSE:GNRC,0.0
2022-11-25,12,AR1 alpha + Basic + One-Step,NYSE:GNRC,0.0
2022-11-28,12,AR1 alpha + Basic + One-Step,NYSE:GNRC,6.008957856814704e-08
2022-11-29,12,AR1 alpha + Basic + One-Step,NYSE:GNRC,0.0
2022-11-30,12,AR1 alpha + Basic + One-Step,NYSE:GNRC,0.0
2022-12-01,12,AR1 alpha + Basic + One-Step,NYSE:GNRC,0.0
2022-12-02,12,AR1 alpha + Basic + One-Step,NYSE:GNRC,0.0
2022-12-05,12,AR1 alpha + Basic + One-Step,NYSE:GNRC,0.0
2022-12-06,12,AR1 alpha + Basic + One-Step,NYSE:GNRC,0.0
2022-12-07,12,AR1 alpha + Basic + One-Step,NYSE:GNRC,0.0
2022-12-08,12,AR1 alpha + Basic + One-Step,NYSE:GNRC,0.0
2022-12-09,12,AR1 alpha + Basic + One-Step,NYSE:GNRC,0.0
2022-12-12,12,AR1 alpha + Basic + One-Step,NYSE:GNRC,1.1431879813460138e-08
2022-12-13,12,AR1 alpha + Basic + One-Step,NYSE:GNRC,6.861082975004994e-07
2022-12-14,12,AR1 alpha + Basic + One-Step,NYSE:GNRC,2.1742980569896127e-08
2022-12-15,12,AR1 alpha + Basic + One-Step,NYSE:GNRC,0.0
2022-12-16,12,AR1 alpha + Basic + One-Step,NYSE:GNRC,0.0
2022-12-19,12,AR1 alpha + Basic + One-Step,NYSE:GNRC,0.0
2022-12-20,12,AR1 alpha + Basic + One-Step,NYSE:GNRC,0.0
2022-12-21,12,AR1 alpha + Basic + One-Step,NYSE:GNRC,0.0
2022-12-22,12,AR1 alpha + Basic + One-Step,NYSE:GNRC,0.0
2022-12-23,12,AR1 alpha + Basic + One-Step,NYSE:GNRC,0.0
2022-12-27,12,AR1 alpha + Basic + One-Step,NYSE:GNRC,4.250002941823708e-08
2022-12-28,12,AR1 alpha + Basic + One-Step,NYSE:GNRC,0.0
2022-12-29,12,AR1 alpha + Basic + One-Step,NYSE:GNRC,1.8125353420792735e-08
2022-12-30,12,AR1 alpha + Basic + One-Step,NYSE:GNRC,0.0
2023-01-03,12,AR1 alpha + Basic + One-Step,NYSE:GNRC,2.682768071314304e-08
2023-01-04,12,AR1 alpha + Basic + One-Step,NYSE:GNRC,0.0
2023-01-05,12,AR1 alpha + Basic + One-Step,NYSE:GNRC,0.0
2023-01-06,12,AR1 alpha + Basic + One-Step,NYSE:GNRC,0.0
2023-01-09,12,AR1 alpha + Basic + One-Step,NYSE:GNRC,0.0
2023-01-10,12,AR1 alpha + Basic + One-Step,NYSE:GNRC,0.0
2023-01-11,12,AR1 alpha + Basic + One-Step,NYSE:GNRC,7.400182551566319e-09
2023-01-12,12,AR1 alpha + Basic + One-Step,NYSE:GNRC,0.0
2023-01-13,12,AR1 alpha + Basic + One-Step,NYSE:GNRC,1.991769226667925e-09
2023-01-17,12,AR1 alpha + Basic + One-Step,NYSE:GNRC,0.0
2023-01-18,12,AR1 alpha + Basic + One-Step,NYSE:GNRC,0.0
2023-01-19,12,AR1 alpha + Basic + One-Step,NYSE:GNRC,0.0
2023-01-20,12,AR1 alpha + Basic + One-Step,NYSE:GNRC,0.0
2023-01-23,12,AR1 alpha + Basic + One-Step,NYSE:GNRC,2.0249872368078453e-08
2023-01-24,12,AR1 alpha + Basic + One-Step,NYSE:GNRC,0.0
2023-01-25,12,AR1 alpha + Basic + One-Step,NYSE:GNRC,0.0
2023-01-26,12,AR1 alpha + Basic + One-Step,NYSE:GNRC,0.0
2023-01-27,12,AR1 alpha + Basic + One-Step,NYSE:GNRC,0.0
2023-01-30,12,AR1 alpha + Basic + One-Step,NYSE:GNRC,0.0
2023-01-31,12,AR1 alpha + Basic + One-Step,NYSE:GNRC,0.0
2023-02-01,12,AR1 alpha + Basic + One-Step,NYSE:GNRC,0.0
2023-02-02,12,AR1 alpha + Basic + One-Step,NYSE:GNRC,5.671346842198993e-08
2023-02-03,12,AR1 alpha + Basic + One-Step,NYSE:GNRC,0.0
2023-02-06,12,AR1 alpha + Basic + One-Step,NYSE:GNRC,0.0
2023-02-07,12,AR1 alpha + Basic + One-Step,NYSE:GNRC,0.0
2023-02-08,12,AR1 alpha + Basic + One-Step,NYSE:GNRC,0.0
2023-02-09,12,AR1 alpha + Basic + One-Step,NYSE:GNRC,0.0
2023-02-10,12,AR1 alpha + Basic + One-Step,NYSE:GNRC,0.0
2023-02-13,12,AR1 alpha + Basic + One-Step,NYSE:GNRC,0.0
2023-02-14,12,AR1 alpha + Basic + One-Step,NYSE:GNRC,0.0
2023-02-15,12,AR1 alpha + Basic + One-Step,NYSE:GNRC,0.0
2023-02-16,12,AR1 alpha + Basic + One-Step,NYSE:GNRC,1.4109840082997283e-09
2023-02-17,12,AR1 alpha + Basic + One-Step,NYSE:GNRC,0.0
2023-02-21,12,AR1 alpha + Basic + One-Step,NYSE:GNRC,0.0
2023-02-22,12,AR1 alpha + Basic + One-Step,NYSE:GNRC,0.0
2023-02-23,12,AR1 alpha + Basic + One-Step,NYSE:GNRC,0.0
2023-02-24,12,AR1 alpha + Basic + One-Step,NYSE:GNRC,8.758124601181759e-08
2023-02-27,12,AR1 alpha + Basic + One-Step,NYSE:GNRC,2.3238399204521708e-08
2023-02-28,12,AR1 alpha + Basic + One-Step,NYSE:GNRC,5.622612961753419e-08
2023-03-01,12,AR1 alpha + Basic + One-Step,NYSE:GNRC,4.006297008989984e-08
2023-03-02,12,AR1 alpha + Basic + One-Step,NYSE:GNRC,0.0
2023-03-03,12,AR1 alpha + Basic + One-Step,NYSE:GNRC,0.0
2023-03-06,12,AR1 alpha + Basic + One-Step,NYSE:GNRC,0.0
2023-03-07,12,AR1 alpha + Basic + One-Step,NYSE:GNRC,0.0
2023-03-08,12,AR1 alpha + Basic + One-Step,NYSE:GNRC,4.302099161507954e-09
2023-03-09,12,AR1 alpha + Basic + One-Step,NYSE:GNRC,1.4635825964557834e-07
2023-03-10,12,AR1 alpha + Basic + One-Step,NYSE:GNRC,2.730369397999289e-08
2023-03-13,12,AR1 alpha + Basic + One-Step,NYSE:GNRC,2.3406164675430617e-07
2023-03-14,12,AR1 alpha + Basic + One-Step,NYSE:GNRC,0.0
2023-03-15,12,AR1 alpha + Basic + One-Step,NYSE:GNRC,0.0
2023-03-16,12,AR1 alpha + Basic + One-Step,NYSE:GNRC,0.0
2023-03-17,12,AR1 alpha + Basic + One-Step,NYSE:GNRC,0.0
2023-03-20,12,AR1 alpha + Basic + One-Step,NYSE:GNRC,0.0
2023-03-21,12,AR1 alpha + Basic + One-Step,NYSE:GNRC,0.0
2023-03-22,12,AR1 alpha + Basic + One-Step,NYSE:GNRC,0.0
2023-03-23,12,AR1 alpha + Basic + One-Step,NYSE:GNRC,0.0
2023-03-24,12,AR1 alpha + Basic + One-Step,NYSE:GNRC,0.0
2023-03-27,12,AR1 alpha + Basic + One-Step,NYSE:GNRC,6.678364809990405e-08
2023-03-28,12,AR1 alpha + Basic + One-Step,NYSE:GNRC,0.0
2023-03-29,12,AR1 alpha + Basic + One-Step,NYSE:GNRC,0.0
2023-03-30,12,AR1 alpha + Basic + One-Step,NYSE:GNRC,0.0
2023-03-31,12,AR1 alpha + Basic + One-Step,NYSE:GNRC,9.98629205742509e-08
2023-04-03,12,AR1 alpha + Basic + One-Step,NYSE:GNRC,0.0
2023-04-04,12,AR1 alpha + Basic + One-Step,NYSE:GNRC,0.0
2023-04-05,12,AR1 alpha + Basic + One-Step,NYSE:GNRC,4.851389272125315e-08
2023-04-06,12,AR1 alpha + Basic + One-Step,NYSE:GNRC,8.316113189329913e-08
2023-04-10,12,AR1 alpha + Basic + One-Step,NYSE:GNRC,0.0
2023-04-11,12,AR1 alpha + Basic + One-Step,NYSE:GNRC,0.0
2023-04-12,12,AR1 alpha + Basic + One-Step,NYSE:GNRC,0.0
2023-04-13,12,AR1 alpha + Basic + One-Step,NYSE:GNRC,6.60154705221839e-09
2023-04-14,12,AR1 alpha + Basic + One-Step,NYSE:GNRC,9.634418874829258e-09
2023-04-17,12,AR1 alpha + Basic + One-Step,NYSE:GNRC,2.5155142752936825e-09
2023-04-18,12,AR1 alpha + Basic + One-Step,NYSE:GNRC,0.0
2023-04-19,12,AR1 alpha + Basic + One-Step,NYSE:GNRC,9.539421566139461e-10
2023-04-20,12,AR1 alpha + Basic + One-Step,NYSE:GNRC,5.097703601562693e-10
2023-04-21,12,AR1 alpha + Basic + One-Step,NYSE:GNRC,0.0
2023-04-24,12,AR1 alpha + Basic + One-Step,NYSE:GNRC,5.6269023598318e-07
2023-04-25,12,AR1 alpha + Basic + One-Step,NYSE:GNRC,0.0
2023-04-26,12,AR1 alpha + Basic + One-Step,NYSE:GNRC,8.221651157516922e-10
2023-04-27,12,AR1 alpha + Basic + One-Step,NYSE:GNRC,0.0
2023-04-28,12,AR1 alpha + Basic + One-Step,NYSE:GNRC,7.47637199318528e-09
2023-05-01,12,AR1 alpha + Basic + One-Step,NYSE:GNRC,3.889458055174997e-09
2023-05-02,12,AR1 alpha + Basic + One-Step,NYSE:GNRC,3.567775325437008e-08
2023-05-03,12,AR1 alpha + Basic + One-Step,NYSE:GNRC,0.0
2023-05-04,12,AR1 alpha + Basic + One-Step,NYSE:GNRC,0.0
2023-05-05,12,AR1 alpha + Basic + One-Step,NYSE:GNRC,3.187275645453354e-08
2023-05-08,12,AR1 alpha + Basic + One-Step,NYSE:GNRC,0.0
2023-05-09,12,AR1 alpha + Basic + One-Step,NYSE:GNRC,0.0
2023-05-10,12,AR1 alpha + Basic + One-Step,NYSE:GNRC,1.1071174235918904e-07
2023-05-11,12,AR1 alpha + Basic + One-Step,NYSE:GNRC,2.461036590321446e-07
2023-05-12,12,AR1 alpha + Basic + One-Step,NYSE:GNRC,2.4164491701766205e-07
2023-05-15,12,AR1 alpha + Basic + One-Step,NYSE:GNRC,2.2866339277707524e-08
2023-05-16,12,AR1 alpha + Basic + One-Step,NYSE:GNRC,0.0
2023-05-17,12,AR1 alpha + Basic + One-Step,NYSE:GNRC,3.83766552261159e-08
2023-05-18,12,AR1 alpha + Basic + One-Step,NYSE:GNRC,0.0
2023-05-19,12,AR1 alpha + Basic + One-Step,NYSE:GNRC,5.237837979044335e-09
2023-05-22,12,AR1 alpha + Basic + One-Step,NYSE:GNRC,0.0
2023-05-23,12,AR1 alpha + Basic + One-Step,NYSE:GNRC,0.0
2023-05-24,12,AR1 alpha + Basic + One-Step,NYSE:GNRC,0.0
2023-05-25,12,AR1 alpha + Basic + One-Step,NYSE:GNRC,0.0
2023-05-26,12,AR1 alpha + Basic + One-Step,NYSE:GNRC,0.0
2023-05-30,12,AR1 alpha + Basic + One-Step,NYSE:GNRC,1.721515147633101e-08
2023-05-31,12,AR1 alpha + Basic + One-Step,NYSE:GNRC,2.866455114784832e-08
2023-06-01,12,AR1 alpha + Basic + One-Step,NYSE:GNRC,1.2068566651865241e-08
2023-06-02,12,AR1 alpha + Basic + One-Step,NYSE:GNRC,0.0
2023-06-05,12,AR1 alpha + Basic + One-Step,NYSE:GNRC,1.5865394640866193e-08
2023-06-06,12,AR1 alpha + Basic + One-Step,NYSE:GNRC,0.0
2023-06-07,12,AR1 alpha + Basic + One-Step,NYSE:GNRC,6.817442566043481e-08
2023-06-08,12,AR1 alpha + Basic + One-Step,NYSE:GNRC,0.0
2023-06-09,12,AR1 alpha + Basic + One-Step,NYSE:GNRC,4.571948706902937e-07
2023-06-12,12,AR1 alpha + Basic + One-Step,NYSE:GNRC,0.0
2023-06-13,12,AR1 alpha + Basic + One-Step,NYSE:GNRC,1.0042907962795195e-07
2023-06-14,12,AR1 alpha + Basic + One-Step,NYSE:GNRC,0.0
2023-06-15,12,AR1 alpha + Basic + One-Step,NYSE:GNRC,0.0
2023-06-16,12,AR1 alpha + Basic + One-Step,NYSE:GNRC,0.0
2023-06-20,12,AR1 alpha + Basic + One-Step,NYSE:GNRC,0.0
2023-06-21,12,AR1 alpha + Basic + One-Step,NYSE:GNRC,0.0
2023-06-22,12,AR1 alpha + Basic + One-Step,NYSE:GNRC,6.9249860315769834e-09
2023-06-23,12,AR1 alpha + Basic + One-Step,NYSE:GNRC,0.0
2023-06-26,12,AR1 alpha + Basic + One-Step,NYSE:GNRC,0.0
2023-06-27,12,AR1 alpha + Basic + One-Step,NYSE:GNRC,0.0
2023-06-28,12,AR1 alpha + Basic + One-Step,NYSE:GNRC,0.0
2023-06-29,12,AR1 alpha + Basic + One-Step,NYSE:GNRC,0.0
2023-06-30,12,AR1 alpha + Basic + One-Step,NYSE:GNRC,0.0
2023-07-03,12,AR1 alpha + Basic + One-Step,NYSE:GNRC,0.0
2023-07-05,12,AR1 alpha + Basic + One-Step,NYSE:GNRC,4.0861434354770165e-07
2023-07-06,12,AR1 alpha + Basic + One-Step,NYSE:GNRC,0.0
2023-07-07,12,AR1 alpha + Basic + One-Step,NYSE:GNRC,0.0
2023-07-10,12,AR1 alpha + Basic + One-Step,NYSE:GNRC,0.0
2023-07-11,12,AR1 alpha + Basic + One-Step,NYSE:GNRC,0.0
2023-07-12,12,AR1 alpha + Basic + One-Step,NYSE:GNRC,0.0
2023-07-13,12,AR1 alpha + Basic + One-Step,NYSE:GNRC,1.359057777305916e-08
2023-07-14,12,AR1 alpha + Basic + One-Step,NYSE:GNRC,6.732487605913679e-08
2023-07-17,12,AR1 alpha + Basic + One-Step,NYSE:GNRC,1.6874446058999923e-07
2023-07-18,12,AR1 alpha + Basic + One-Step,NYSE:GNRC,2.194728323578192e-07
2023-07-19,12,AR1 alpha + Basic + One-Step,NYSE:GNRC,0.0
2023-07-20,12,AR1 alpha + Basic + One-Step,NYSE:GNRC,0.0
2023-07-21,12,AR1 alpha + Basic + One-Step,NYSE:GNRC,0.0
2023-07-24,12,AR1 alpha + Basic + One-Step,NYSE:GNRC,0.0
2023-07-25,12,AR1 alpha + Basic + One-Step,NYSE:GNRC,0.0
2023-07-26,12,AR1 alpha + Basic + One-Step,NYSE:GNRC,0.0
2023-07-27,12,AR1 alpha + Basic + One-Step,NYSE:GNRC,0.0
2023-07-28,12,AR1 alpha + Basic + One-Step,NYSE:GNRC,0.0
2023-07-31,12,AR1 alpha + Basic + One-Step,NYSE:GNRC,0.0
2023-08-01,12,AR1 alpha + Basic + One-Step,NYSE:GNRC,0.0
2023-08-02,12,AR1 alpha + Basic + One-Step,NYSE:GNRC,0.0
2023-08-03,12,AR1 alpha + Basic + One-Step,NYSE:GNRC,0.0
2023-08-04,12,AR1 alpha + Basic + One-Step,NYSE:GNRC,0.0
2023-08-07,12,AR1 alpha + Basic + One-Step,NYSE:GNRC,1.7423263510299098e-09
2023-08-08,12,AR1 alpha + Basic + One-Step,NYSE:GNRC,0.0
2023-08-09,12,AR1 alpha + Basic + One-Step,NYSE:GNRC,0.0
2023-08-10,12,AR1 alpha + Basic + One-Step,NYSE:GNRC,0.0
2023-08-11,12,AR1 alpha + Basic + One-Step,NYSE:GNRC,3.7662938920248133e-07
2023-08-14,12,AR1 alpha + Basic + One-Step,NYSE:GNRC,7.059675686496725e-08
2023-08-15,12,AR1 alpha + Basic + One-Step,NYSE:GNRC,0.0
2023-08-16,12,AR1 alpha + Basic + One-Step,NYSE:GNRC,0.0
2023-08-17,12,AR1 alpha + Basic + One-Step,NYSE:GNRC,0.0
2023-08-18,12,AR1 alpha + Basic + One-Step,NYSE:GNRC,0.0
2023-08-21,12,AR1 alpha + Basic + One-Step,NYSE:GNRC,4.0405937685925015e-10
2023-08-22,12,AR1 alpha + Basic + One-Step,NYSE:GNRC,3.5150210414065705e-08
2023-08-23,12,AR1 alpha + Basic + One-Step,NYSE:GNRC,4.0242774247861315e-08
2023-08-24,12,AR1 alpha + Basic + One-Step,NYSE:GNRC,0.0
2023-08-25,12,AR1 alpha + Basic + One-Step,NYSE:GNRC,1.9625035655400048e-08
2023-08-28,12,AR1 alpha + Basic + One-Step,NYSE:GNRC,1.198543065969619e-07
2023-08-29,12,AR1 alpha + Basic + One-Step,NYSE:GNRC,3.4140921084271287e-09
2023-08-30,12,AR1 alpha + Basic + One-Step,NYSE:GNRC,4.601134766096878e-08
2023-08-31,12,AR1 alpha + Basic + One-Step,NYSE:GNRC,0.0
2023-09-01,12,AR1 alpha + Basic + One-Step,NYSE:GNRC,2.4583229968042555e-09
2023-09-05,12,AR1 alpha + Basic + One-Step,NYSE:GNRC,0.0
2023-09-06,12,AR1 alpha + Basic + One-Step,NYSE:GNRC,0.0
2023-09-07,12,AR1 alpha + Basic + One-Step,NYSE:GNRC,7.83923800356921e-07
2023-09-08,12,AR1 alpha + Basic + One-Step,NYSE:GNRC,6.218373377794459e-07
2023-09-11,12,AR1 alpha + Basic + One-Step,NYSE:GNRC,0.0
2023-09-12,12,AR1 alpha + Basic + One-Step,NYSE:GNRC,0.0
2023-09-13,12,AR1 alpha + Basic + One-Step,NYSE:GNRC,2.311152822388574e-08
2023-09-14,12,AR1 alpha + Basic + One-Step,NYSE:GNRC,0.0
2023-09-15,12,AR1 alpha + Basic + One-Step,NYSE:GNRC,8.742737336911374e-08
2023-09-18,12,AR1 alpha + Basic + One-Step,NYSE:GNRC,1.5785866026290172e-08
2023-09-19,12,AR1 alpha + Basic + One-Step,NYSE:GNRC,3.185870677039098e-09
2023-09-20,12,AR1 alpha + Basic + One-Step,NYSE:GNRC,0.0
2023-09-21,12,AR1 alpha + Basic + One-Step,NYSE:GNRC,3.14104436606451e-06
2023-09-22,12,AR1 alpha + Basic + One-Step,NYSE:GNRC,0.0
2023-09-25,12,AR1 alpha + Basic + One-Step,NYSE:GNRC,0.0
2023-09-26,12,AR1 alpha + Basic + One-Step,NYSE:GNRC,0.0
2023-09-27,12,AR1 alpha + Basic + One-Step,NYSE:GNRC,7.301680372027784e-07
2023-09-28,12,AR1 alpha + Basic + One-Step,NYSE:GNRC,1.0924704107415684e-07
2023-09-29,12,AR1 alpha + Basic + One-Step,NYSE:GNRC,2.058127316344289e-08
2023-10-02,12,AR1 alpha + Basic + One-Step,NYSE:GNRC,0.0
2023-10-03,12,AR1 alpha + Basic + One-Step,NYSE:GNRC,0.0
2023-10-04,12,AR1 alpha + Basic + One-Step,NYSE:GNRC,0.0
2023-10-05,12,AR1 alpha + Basic + One-Step,NYSE:GNRC,0.0
2023-10-06,12,AR1 alpha + Basic + One-Step,NYSE:GNRC,0.0
2023-10-09,12,AR1 alpha + Basic + One-Step,NYSE:GNRC,0.0
2023-10-10,12,AR1 alpha + Basic + One-Step,NYSE:GNRC,0.0
2023-10-11,12,AR1 alpha + Basic + One-Step,NYSE:GNRC,1.3864278169265068e-09
2023-10-12,12,AR1 alpha + Basic + One-Step,NYSE:GNRC,0.0
2023-10-13,12,AR1 alpha + Basic + One-Step,NYSE:GNRC,2.2247094000771037e-09
2023-10-16,12,AR1 alpha + Basic + One-Step,NYSE:GNRC,0.0
2023-10-17,12,AR1 alpha + Basic + One-Step,NYSE:GNRC,0.0
2023-10-18,12,AR1 alpha + Basic + One-Step,NYSE:GNRC,0.0
2023-10-19,12,AR1 alpha + Basic + One-Step,NYSE:GNRC,0.0
2023-10-20,12,AR1 alpha + Basic + One-Step,NYSE:GNRC,0.0
2023-10-23,12,AR1 alpha + Basic + One-Step,NYSE:GNRC,0.0
2023-10-24,12,AR1 alpha + Basic + One-Step,NYSE:GNRC,0.0
2023-10-25,12,AR1 alpha + Basic + One-Step,NYSE:GNRC,0.0
2023-10-26,12,AR1 alpha + Basic + One-Step,NYSE:GNRC,0.0
2023-10-27,12,AR1 alpha + Basic + One-Step,NYSE:GNRC,0.0
2023-10-30,12,AR1 alpha + Basic + One-Step,NYSE:GNRC,0.0
2023-10-31,12,AR1 alpha + Basic + One-Step,NYSE:GNRC,0.0
2023-11-01,12,AR1 alpha + Basic + One-Step,NYSE:GNRC,0.0
2023-11-02,12,AR1 alpha + Basic + One-Step,NYSE:GNRC,0.0
2023-11-03,12,AR1 alpha + Basic + One-Step,NYSE:GNRC,0.0
2023-11-06,12,AR1 alpha + Basic + One-Step,NYSE:GNRC,0.0
2023-11-07,12,AR1 alpha + Basic + One-Step,NYSE:GNRC,5.779331295759577e-09
2023-11-08,12,AR1 alpha + Basic + One-Step,NYSE:GNRC,5.890531483072306e-09
2023-11-09,12,AR1 alpha + Basic + One-Step,NYSE:GNRC,0.0
2023-11-10,12,AR1 alpha + Basic + One-Step,NYSE:GNRC,0.0
2023-11-13,12,AR1 alpha + Basic + One-Step,NYSE:GNRC,0.0
2023-11-14,12,AR1 alpha + Basic + One-Step,NYSE:GNRC,0.0
2023-11-15,12,AR1 alpha + Basic + One-Step,NYSE:GNRC,0.0
2023-11-16,12,AR1 alpha + Basic + One-Step,NYSE:GNRC,0.0
2023-11-17,12,AR1 alpha + Basic + One-Step,NYSE:GNRC,4.719280444995211e-08
2023-11-20,12,AR1 alpha + Basic + One-Step,NYSE:GNRC,0.0
2023-11-21,12,AR1 alpha + Basic + One-Step,NYSE:GNRC,0.0
2023-11-22,12,AR1 alpha + Basic + One-Step,NYSE:GNRC,0.0
2023-11-24,12,AR1 alpha + Basic + One-Step,NYSE:GNRC,0.0
2023-11-27,12,AR1 alpha + Basic + One-Step,NYSE:GNRC,0.0
2023-11-28,12,AR1 alpha + Basic + One-Step,NYSE:GNRC,0.0
2023-11-29,12,AR1 alpha + Basic + One-Step,NYSE:GNRC,0.0
2023-11-30,12,AR1 alpha + Basic + One-Step,NYSE:GNRC,0.0
2023-12-01,12,AR1 alpha + Basic + One-Step,NYSE:GNRC,0.0
2023-12-04,12,AR1 alpha + Basic + One-Step,NYSE:GNRC,0.0
2023-12-05,12,AR1 alpha + Basic + One-Step,NYSE:GNRC,0.0
2023-12-06,12,AR1 alpha + Basic + One-Step,NYSE:GNRC,5.329046861888538e-08
2023-12-07,12,AR1 alpha + Basic + One-Step,NYSE:GNRC,5.659542361856404e-08
2023-12-08,12,AR1 alpha + Basic + One-Step,NYSE:GNRC,0.0
2023-12-11,12,AR1 alpha + Basic + One-Step,NYSE:GNRC,0.0
2023-12-12,12,AR1 alpha + Basic + One-Step,NYSE:GNRC,0.0
2023-12-13,12,AR1 alpha + Basic + One-Step,NYSE:GNRC,3.351339061174888e-07
2023-12-14,12,AR1 alpha + Basic + One-Step,NYSE:GNRC,0.0
2023-12-15,12,AR1 alpha + Basic + One-Step,NYSE:GNRC,0.0
2023-12-18,12,AR1 alpha + Basic + One-Step,NYSE:GNRC,0.0
2023-12-19,12,AR1 alpha + Basic + One-Step,NYSE:GNRC,0.0
2023-12-20,12,AR1 alpha + Basic + One-Step,NYSE:GNRC,0.0
2023-12-21,12,AR1 alpha + Basic + One-Step,NYSE:GNRC,0.0
2023-12-22,12,AR1 alpha + Basic + One-Step,NYSE:GNRC,1.9023510359032546e-07
2023-12-26,12,AR1 alpha + Basic + One-Step,NYSE:GNRC,0.0
2023-12-27,12,AR1 alpha + Basic + One-Step,NYSE:GNRC,0.0
2023-12-28,12,AR1 alpha + Basic + One-Step,NYSE:GNRC,0.0
2023-12-29,12,AR1 alpha + Basic + One-Step,NYSE:GNRC,0.0
2024-01-02,12,AR1 alpha + Basic + One-Step,NYSE:GNRC,0.0
2024-01-03,12,AR1 alpha + Basic + One-Step,NYSE:GNRC,0.0
2024-01-04,12,AR1 alpha + Basic + One-Step,NYSE:GNRC,0.0
2024-01-05,12,AR1 alpha + Basic + One-Step,NYSE:GNRC,0.0
2024-01-08,12,AR1 alpha + Basic + One-Step,NYSE:GNRC,0.0
2024-01-09,12,AR1 alpha + Basic + One-Step,NYSE:GNRC,0.0
2024-01-10,12,AR1 alpha + Basic + One-Step,NYSE:GNRC,0.0
2024-01-11,12,AR1 alpha + Basic + One-Step,NYSE:GNRC,1.8649836355620085e-07
2024-01-12,12,AR1 alpha + Basic + One-Step,NYSE:GNRC,1.994270812012226e-23
2024-01-16,12,AR1 alpha + Basic + One-Step,NYSE:GNRC,0.0
2024-01-17,12,AR1 alpha + Basic + One-Step,NYSE:GNRC,0.0
2024-01-18,12,AR1 alpha + Basic + One-Step,NYSE:GNRC,3.808685137800789e-07
2024-01-19,12,AR1 alpha + Basic + One-Step,NYSE:GNRC,0.0
2024-01-22,12,AR1 alpha + Basic + One-Step,NYSE:GNRC,2.2281164252010872e-07
2024-01-23,12,AR1 alpha + Basic + One-Step,NYSE:GNRC,0.0
2024-01-24,12,AR1 alpha + Basic + One-Step,NYSE:GNRC,3.101042682471505e-08
2024-01-25,12,AR1 alpha + Basic + One-Step,NYSE:GNRC,0.0
2024-01-26,12,AR1 alpha + Basic + One-Step,NYSE:GNRC,0.0
2024-01-29,12,AR1 alpha + Basic + One-Step,NYSE:GNRC,0.0
2024-01-30,12,AR1 alpha + Basic + One-Step,NYSE:GNRC,0.0
2024-01-31,12,AR1 alpha + Basic + One-Step,NYSE:GNRC,0.0
2024-02-01,12,AR1 alpha + Basic + One-Step,NYSE:GNRC,0.0
2024-02-02,12,AR1 alpha + Basic + One-Step,NYSE:GNRC,0.0
2024-02-05,12,AR1 alpha + Basic + One-Step,NYSE:GNRC,0.0
2024-02-06,12,AR1 alpha + Basic + One-Step,NYSE:GNRC,0.0
2024-02-07,12,AR1 alpha + Basic + One-Step,NYSE:GNRC,9.352446740696848e-09
2024-02-08,12,AR1 alpha + Basic + One-Step,NYSE:GNRC,1.2701779655300952e-09
2024-02-09,12,AR1 alpha + Basic + One-Step,NYSE:GNRC,0.0
2024-02-12,12,AR1 alpha + Basic + One-Step,NYSE:GNRC,0.0
2024-02-13,12,AR1 alpha + Basic + One-Step,NYSE:GNRC,0.0
2024-02-14,12,AR1 alpha + Basic + One-Step,NYSE:GNRC,0.0
2024-02-15,12,AR1 alpha + Basic + One-Step,NYSE:GNRC,6.1691760157595025e-09
2024-02-16,12,AR1 alpha + Basic + One-Step,NYSE:GNRC,0.0
2024-02-20,12,AR1 alpha + Basic + One-Step,NYSE:GNRC,0.0
2024-02-21,12,AR1 alpha + Basic + One-Step,NYSE:GNRC,5.690578899289844e-09
2024-02-22,12,AR1 alpha + Basic + One-Step,NYSE:GNRC,0.0
2024-02-23,12,AR1 alpha + Basic + One-Step,NYSE:GNRC,0.0
2024-02-26,12,AR1 alpha + Basic + One-Step,NYSE:GNRC,0.0
2024-02-27,12,AR1 alpha + Basic + One-Step,NYSE:GNRC,0.0
2024-02-28,12,AR1 alpha + Basic + One-Step,NYSE:GNRC,0.0
2024-02-29,12,AR1 alpha + Basic + One-Step,NYSE:GNRC,0.0
2024-03-01,12,AR1 alpha + Basic + One-Step,NYSE:GNRC,0.0
2024-03-04,12,AR1 alpha + Basic + One-Step,NYSE:GNRC,0.0
2024-03-05,12,AR1 alpha + Basic + One-Step,NYSE:GNRC,0.0
2024-03-06,12,AR1 alpha + Basic + One-Step,NYSE:GNRC,0.0
2024-03-07,12,AR1 alpha + Basic + One-Step,NYSE:GNRC,0.0
2024-03-08,12,AR1 alpha + Basic + One-Step,NYSE:GNRC,0.0
2024-03-11,12,AR1 alpha + Basic + One-Step,NYSE:GNRC,0.0
2024-03-12,12,AR1 alpha + Basic + One-Step,NYSE:GNRC,0.0
2024-03-13,12,AR1 alpha + Basic + One-Step,NYSE:GNRC,0.0
2024-03-14,12,AR1 alpha + Basic + One-Step,NYSE:GNRC,5.912559784031317e-08
2024-03-15,12,AR1 alpha + Basic + One-Step,NYSE:GNRC,5.1748540896862514e-08
2024-03-18,12,AR1 alpha + Basic + One-Step,NYSE:GNRC,0.0
2024-03-19,12,AR1 alpha + Basic + One-Step,NYSE:GNRC,0.0
2024-03-20,12,AR1 alpha + Basic + One-Step,NYSE:GNRC,0.0
2024-03-21,12,AR1 alpha + Basic + One-Step,NYSE:GNRC,2.9558043347581485e-08
2024-03-22,12,AR1 alpha + Basic + One-Step,NYSE:GNRC,0.0
2024-03-25,12,AR1 alpha + Basic + One-Step,NYSE:GNRC,0.0
2024-03-26,12,AR1 alpha + Basic + One-Step,NYSE:GNRC,0.0
2024-03-27,12,AR1 alpha + Basic + One-Step,NYSE:GNRC,0.0
2024-03-28,12,AR1 alpha + Basic + One-Step,NYSE:GNRC,0.0
2024-04-01,12,AR1 alpha + Basic + One-Step,NYSE:GNRC,8.459927222388313e-07
2024-04-02,12,AR1 alpha + Basic + One-Step,NYSE:GNRC,0.0
2024-04-03,12,AR1 alpha + Basic + One-Step,NYSE:GNRC,0.0
2024-04-04,12,AR1 alpha + Basic + One-Step,NYSE:GNRC,0.0
2024-04-05,12,AR1 alpha + Basic + One-Step,NYSE:GNRC,0.0
2024-04-08,12,AR1 alpha + Basic + One-Step,NYSE:GNRC,0.0
2024-04-09,12,AR1 alpha + Basic + One-Step,NYSE:GNRC,0.0
2024-04-10,12,AR1 alpha + Basic + One-Step,NYSE:GNRC,2.7011980355398005e-07
2024-04-11,12,AR1 alpha + Basic + One-Step,NYSE:GNRC,0.0
2024-04-12,12,AR1 alpha + Basic + One-Step,NYSE:GNRC,0.0
2024-04-15,12,AR1 alpha + Basic + One-Step,NYSE:GNRC,0.0
2024-04-16,12,AR1 alpha + Basic + One-Step,NYSE:GNRC,0.0
2024-04-17,12,AR1 alpha + Basic + One-Step,NYSE:GNRC,5.377988201485259e-08
2024-04-18,12,AR1 alpha + Basic + One-Step,NYSE:GNRC,0.0
2024-04-19,12,AR1 alpha + Basic + One-Step,NYSE:GNRC,0.0
2020-03-25,12,AR1 alpha + Basic + One-Step,NASDAQ:SHEN,0.02
2020-03-26,12,AR1 alpha + Basic + One-Step,NASDAQ:SHEN,0.019999999999999997
2020-03-27,12,AR1 alpha + Basic + One-Step,NASDAQ:SHEN,0.0
2020-03-30,12,AR1 alpha + Basic + One-Step,NASDAQ:SHEN,0.0
2020-03-31,12,AR1 alpha + Basic + One-Step,NASDAQ:SHEN,0.0999994859025601
2020-04-01,12,AR1 alpha + Basic + One-Step,NASDAQ:SHEN,0.09999879683250226
2020-04-02,12,AR1 alpha + Basic + One-Step,NASDAQ:SHEN,0.09999956833477633
2020-04-03,12,AR1 alpha + Basic + One-Step,NASDAQ:SHEN,0.09999986530610515
2020-04-06,12,AR1 alpha + Basic + One-Step,NASDAQ:SHEN,0.09999951553958011
2020-04-07,12,AR1 alpha + Basic + One-Step,NASDAQ:SHEN,0.0999998645843409
2020-04-08,12,AR1 alpha + Basic + One-Step,NASDAQ:SHEN,0.09999953003332489
2020-04-09,12,AR1 alpha + Basic + One-Step,NASDAQ:SHEN,0.08385641125488248
2020-04-13,12,AR1 alpha + Basic + One-Step,NASDAQ:SHEN,0.08648117297232207
2020-04-14,12,AR1 alpha + Basic + One-Step,NASDAQ:SHEN,0.0
2020-04-15,12,AR1 alpha + Basic + One-Step,NASDAQ:SHEN,0.0948317432545434
2020-04-16,12,AR1 alpha + Basic + One-Step,NASDAQ:SHEN,0.0
2020-04-17,12,AR1 alpha + Basic + One-Step,NASDAQ:SHEN,0.0
2020-04-20,12,AR1 alpha + Basic + One-Step,NASDAQ:SHEN,0.0
2020-04-21,12,AR1 alpha + Basic + One-Step,NASDAQ:SHEN,0.003771102390024194
2020-04-22,12,AR1 alpha + Basic + One-Step,NASDAQ:SHEN,0.0
2020-04-23,12,AR1 alpha + Basic + One-Step,NASDAQ:SHEN,0.0
2020-04-24,12,AR1 alpha + Basic + One-Step,NASDAQ:SHEN,0.02978519122575412
2020-04-27,12,AR1 alpha + Basic + One-Step,NASDAQ:SHEN,0.0
2020-04-28,12,AR1 alpha + Basic + One-Step,NASDAQ:SHEN,0.0
2020-04-29,12,AR1 alpha + Basic + One-Step,NASDAQ:SHEN,3.603066541477857e-07
2020-04-30,12,AR1 alpha + Basic + One-Step,NASDAQ:SHEN,0.0999983336807711
2020-05-01,12,AR1 alpha + Basic + One-Step,NASDAQ:SHEN,0.027907344039696587
2020-05-04,12,AR1 alpha + Basic + One-Step,NASDAQ:SHEN,0.0
2020-05-05,12,AR1 alpha + Basic + One-Step,NASDAQ:SHEN,0.0
2020-05-06,12,AR1 alpha + Basic + One-Step,NASDAQ:SHEN,0.0
2020-05-07,12,AR1 alpha + Basic + One-Step,NASDAQ:SHEN,0.0
2020-05-08,12,AR1 alpha + Basic + One-Step,NASDAQ:SHEN,1.71301973624653e-08
2020-05-11,12,AR1 alpha + Basic + One-Step,NASDAQ:SHEN,4.011252848171443e-08
2020-05-12,12,AR1 alpha + Basic + One-Step,NASDAQ:SHEN,0.0
2020-05-13,12,AR1 alpha + Basic + One-Step,NASDAQ:SHEN,0.0
2020-05-14,12,AR1 alpha + Basic + One-Step,NASDAQ:SHEN,0.0
2020-05-15,12,AR1 alpha + Basic + One-Step,NASDAQ:SHEN,1.1593906190528608e-07
2020-05-18,12,AR1 alpha + Basic + One-Step,NASDAQ:SHEN,0.0
2020-05-19,12,AR1 alpha + Basic + One-Step,NASDAQ:SHEN,0.0
2020-05-20,12,AR1 alpha + Basic + One-Step,NASDAQ:SHEN,0.0
2020-05-21,12,AR1 alpha + Basic + One-Step,NASDAQ:SHEN,0.0
2020-05-22,12,AR1 alpha + Basic + One-Step,NASDAQ:SHEN,1.386114069855177e-07
2020-05-26,12,AR1 alpha + Basic + One-Step,NASDAQ:SHEN,1.0740491685658695e-07
2020-05-27,12,AR1 alpha + Basic + One-Step,NASDAQ:SHEN,1.0429240866432594e-06
2020-05-28,12,AR1 alpha + Basic + One-Step,NASDAQ:SHEN,0.0
2020-05-29,12,AR1 alpha + Basic + One-Step,NASDAQ:SHEN,0.0
2020-06-01,12,AR1 alpha + Basic + One-Step,NASDAQ:SHEN,5.785901210962649e-09
2020-06-02,12,AR1 alpha + Basic + One-Step,NASDAQ:SHEN,3.444264247527758e-07
2020-06-03,12,AR1 alpha + Basic + One-Step,NASDAQ:SHEN,0.0
2020-06-04,12,AR1 alpha + Basic + One-Step,NASDAQ:SHEN,0.0
2020-06-05,12,AR1 alpha + Basic + One-Step,NASDAQ:SHEN,0.0
2020-06-08,12,AR1 alpha + Basic + One-Step,NASDAQ:SHEN,0.0
2020-06-09,12,AR1 alpha + Basic + One-Step,NASDAQ:SHEN,0.0
2020-06-10,12,AR1 alpha + Basic + One-Step,NASDAQ:SHEN,0.0
2020-06-11,12,AR1 alpha + Basic + One-Step,NASDAQ:SHEN,0.0
2020-06-12,12,AR1 alpha + Basic + One-Step,NASDAQ:SHEN,4.059203345922138e-08
2020-06-15,12,AR1 alpha + Basic + One-Step,NASDAQ:SHEN,2.640373482511658e-08
2020-06-16,12,AR1 alpha + Basic + One-Step,NASDAQ:SHEN,0.0
2020-06-17,12,AR1 alpha + Basic + One-Step,NASDAQ:SHEN,0.0
2020-06-18,12,AR1 alpha + Basic + One-Step,NASDAQ:SHEN,0.0
2020-06-19,12,AR1 alpha + Basic + One-Step,NASDAQ:SHEN,0.0
2020-06-22,12,AR1 alpha + Basic + One-Step,NASDAQ:SHEN,0.0
2020-06-23,12,AR1 alpha + Basic + One-Step,NASDAQ:SHEN,0.0
2020-06-24,12,AR1 alpha + Basic + One-Step,NASDAQ:SHEN,5.228860843874917e-09
2020-06-25,12,AR1 alpha + Basic + One-Step,NASDAQ:SHEN,0.0
2020-06-26,12,AR1 alpha + Basic + One-Step,NASDAQ:SHEN,0.0
2020-06-29,12,AR1 alpha + Basic + One-Step,NASDAQ:SHEN,0.0
2020-06-30,12,AR1 alpha + Basic + One-Step,NASDAQ:SHEN,4.590739633539362e-09
2020-07-01,12,AR1 alpha + Basic + One-Step,NASDAQ:SHEN,0.0
2020-07-02,12,AR1 alpha + Basic + One-Step,NASDAQ:SHEN,7.844385452398484e-10
2020-07-06,12,AR1 alpha + Basic + One-Step,NASDAQ:SHEN,0.0
2020-07-07,12,AR1 alpha + Basic + One-Step,NASDAQ:SHEN,0.0
2020-07-08,12,AR1 alpha + Basic + One-Step,NASDAQ:SHEN,1.4419407623270278e-09
2020-07-09,12,AR1 alpha + Basic + One-Step,NASDAQ:SHEN,1.4140864634317588e-07
2020-07-10,12,AR1 alpha + Basic + One-Step,NASDAQ:SHEN,4.184372849805217e-07
2020-07-13,12,AR1 alpha + Basic + One-Step,NASDAQ:SHEN,1.6017727966183337e-07
2020-07-14,12,AR1 alpha + Basic + One-Step,NASDAQ:SHEN,0.0
2020-07-15,12,AR1 alpha + Basic + One-Step,NASDAQ:SHEN,5.704461279365374e-08
2020-07-16,12,AR1 alpha + Basic + One-Step,NASDAQ:SHEN,0.0
2020-07-17,12,AR1 alpha + Basic + One-Step,NASDAQ:SHEN,0.0
2020-07-20,12,AR1 alpha + Basic + One-Step,NASDAQ:SHEN,1.611952770963575e-07
2020-07-21,12,AR1 alpha + Basic + One-Step,NASDAQ:SHEN,0.0
2020-07-22,12,AR1 alpha + Basic + One-Step,NASDAQ:SHEN,0.0
2020-07-23,12,AR1 alpha + Basic + One-Step,NASDAQ:SHEN,1.090846834419391e-08
2020-07-24,12,AR1 alpha + Basic + One-Step,NASDAQ:SHEN,5.631754916105357e-07
2020-07-27,12,AR1 alpha + Basic + One-Step,NASDAQ:SHEN,2.9612306255167894e-07
2020-07-28,12,AR1 alpha + Basic + One-Step,NASDAQ:SHEN,0.0
2020-07-29,12,AR1 alpha + Basic + One-Step,NASDAQ:SHEN,0.0
2020-07-30,12,AR1 alpha + Basic + One-Step,NASDAQ:SHEN,0.0
2020-07-31,12,AR1 alpha + Basic + One-Step,NASDAQ:SHEN,0.0
2020-08-03,12,AR1 alpha + Basic + One-Step,NASDAQ:SHEN,5.863891482409422e-08
2020-08-04,12,AR1 alpha + Basic + One-Step,NASDAQ:SHEN,0.0
2020-08-05,12,AR1 alpha + Basic + One-Step,NASDAQ:SHEN,0.0
2020-08-06,12,AR1 alpha + Basic + One-Step,NASDAQ:SHEN,0.0
2020-08-07,12,AR1 alpha + Basic + One-Step,NASDAQ:SHEN,0.0
2020-08-10,12,AR1 alpha + Basic + One-Step,NASDAQ:SHEN,0.0
2020-08-11,12,AR1 alpha + Basic + One-Step,NASDAQ:SHEN,0.0
2020-08-12,12,AR1 alpha + Basic + One-Step,NASDAQ:SHEN,0.0
2020-08-13,12,AR1 alpha + Basic + One-Step,NASDAQ:SHEN,0.0
2020-08-14,12,AR1 alpha + Basic + One-Step,NASDAQ:SHEN,0.0
2020-08-17,12,AR1 alpha + Basic + One-Step,NASDAQ:SHEN,0.0
2020-08-18,12,AR1 alpha + Basic + One-Step,NASDAQ:SHEN,0.0
2020-08-19,12,AR1 alpha + Basic + One-Step,NASDAQ:SHEN,1.354816832770021e-07
2020-08-20,12,AR1 alpha + Basic + One-Step,NASDAQ:SHEN,1.9599040422731993e-07
2020-08-21,12,AR1 alpha + Basic + One-Step,NASDAQ:SHEN,0.0
2020-08-24,12,AR1 alpha + Basic + One-Step,NASDAQ:SHEN,0.0
2020-08-25,12,AR1 alpha + Basic + One-Step,NASDAQ:SHEN,0.0
2020-08-26,12,AR1 alpha + Basic + One-Step,NASDAQ:SHEN,0.0
2020-08-27,12,AR1 alpha + Basic + One-Step,NASDAQ:SHEN,0.0
2020-08-28,12,AR1 alpha + Basic + One-Step,NASDAQ:SHEN,0.0
2020-08-31,12,AR1 alpha + Basic + One-Step,NASDAQ:SHEN,0.0
2020-09-01,12,AR1 alpha + Basic + One-Step,NASDAQ:SHEN,0.0
2020-09-02,12,AR1 alpha + Basic + One-Step,NASDAQ:SHEN,0.0
2020-09-03,12,AR1 alpha + Basic + One-Step,NASDAQ:SHEN,0.0
2020-09-04,12,AR1 alpha + Basic + One-Step,NASDAQ:SHEN,0.0
2020-09-08,12,AR1 alpha + Basic + One-Step,NASDAQ:SHEN,0.0
2020-09-09,12,AR1 alpha + Basic + One-Step,NASDAQ:SHEN,4.5943772754289986e-09
2020-09-10,12,AR1 alpha + Basic + One-Step,NASDAQ:SHEN,0.0
2020-09-11,12,AR1 alpha + Basic + One-Step,NASDAQ:SHEN,0.0
2020-09-14,12,AR1 alpha + Basic + One-Step,NASDAQ:SHEN,0.0
2020-09-15,12,AR1 alpha + Basic + One-Step,NASDAQ:SHEN,0.0
2020-09-16,12,AR1 alpha + Basic + One-Step,NASDAQ:SHEN,0.0
2020-09-17,12,AR1 alpha + Basic + One-Step,NASDAQ:SHEN,0.0
2020-09-18,12,AR1 alpha + Basic + One-Step,NASDAQ:SHEN,0.0
2020-09-21,12,AR1 alpha + Basic + One-Step,NASDAQ:SHEN,0.0
2020-09-22,12,AR1 alpha + Basic + One-Step,NASDAQ:SHEN,0.0
2020-09-23,12,AR1 alpha + Basic + One-Step,NASDAQ:SHEN,6.2935574484779334e-09
2020-09-24,12,AR1 alpha + Basic + One-Step,NASDAQ:SHEN,2.233761766129514e-07
2020-09-25,12,AR1 alpha + Basic + One-Step,NASDAQ:SHEN,0.0
2020-09-28,12,AR1 alpha + Basic + One-Step,NASDAQ:SHEN,0.0
2020-09-29,12,AR1 alpha + Basic + One-Step,NASDAQ:SHEN,1.2696986642208946e-08
2020-09-30,12,AR1 alpha + Basic + One-Step,NASDAQ:SHEN,1.1547834051604827e-08
2020-10-01,12,AR1 alpha + Basic + One-Step,NASDAQ:SHEN,0.0
2020-10-02,12,AR1 alpha + Basic + One-Step,NASDAQ:SHEN,0.0
2020-10-05,12,AR1 alpha + Basic + One-Step,NASDAQ:SHEN,1.0610909656716867e-08
2020-10-06,12,AR1 alpha + Basic + One-Step,NASDAQ:SHEN,0.0
2020-10-07,12,AR1 alpha + Basic + One-Step,NASDAQ:SHEN,1.5618287734214024e-07
2020-10-08,12,AR1 alpha + Basic + One-Step,NASDAQ:SHEN,0.0
2020-10-09,12,AR1 alpha + Basic + One-Step,NASDAQ:SHEN,0.0
2020-10-12,12,AR1 alpha + Basic + One-Step,NASDAQ:SHEN,0.0
2020-10-13,12,AR1 alpha + Basic + One-Step,NASDAQ:SHEN,0.0
2020-10-14,12,AR1 alpha + Basic + One-Step,NASDAQ:SHEN,0.0
2020-10-15,12,AR1 alpha + Basic + One-Step,NASDAQ:SHEN,0.0
2020-10-16,12,AR1 alpha + Basic + One-Step,NASDAQ:SHEN,1.1668622523375851e-07
2020-10-19,12,AR1 alpha + Basic + One-Step,NASDAQ:SHEN,0.0
2020-10-20,12,AR1 alpha + Basic + One-Step,NASDAQ:SHEN,0.0
2020-10-21,12,AR1 alpha + Basic + One-Step,NASDAQ:SHEN,0.0
2020-10-22,12,AR1 alpha + Basic + One-Step,NASDAQ:SHEN,0.0
2020-10-23,12,AR1 alpha + Basic + One-Step,NASDAQ:SHEN,0.0
2020-10-26,12,AR1 alpha + Basic + One-Step,NASDAQ:SHEN,0.0
2020-10-27,12,AR1 alpha + Basic + One-Step,NASDAQ:SHEN,1.4150885995825777e-09
2020-10-28,12,AR1 alpha + Basic + One-Step,NASDAQ:SHEN,5.046984677932035e-09
2020-10-29,12,AR1 alpha + Basic + One-Step,NASDAQ:SHEN,5.98399379457298e-10
2020-10-30,12,AR1 alpha + Basic + One-Step,NASDAQ:SHEN,0.0
2020-11-02,12,AR1 alpha + Basic + One-Step,NASDAQ:SHEN,0.0
2020-11-03,12,AR1 alpha + Basic + One-Step,NASDAQ:SHEN,0.0
2020-11-04,12,AR1 alpha + Basic + One-Step,NASDAQ:SHEN,0.0
2020-11-05,12,AR1 alpha + Basic + One-Step,NASDAQ:SHEN,0.0
2020-11-06,12,AR1 alpha + Basic + One-Step,NASDAQ:SHEN,5.0593912569251286e-08
2020-11-09,12,AR1 alpha + Basic + One-Step,NASDAQ:SHEN,0.0
2020-11-10,12,AR1 alpha + Basic + One-Step,NASDAQ:SHEN,0.0
2020-11-11,12,AR1 alpha + Basic + One-Step,NASDAQ:SHEN,0.0
2020-11-12,12,AR1 alpha + Basic + One-Step,NASDAQ:SHEN,0.0
2020-11-13,12,AR1 alpha + Basic + One-Step,NASDAQ:SHEN,0.0
2020-11-16,12,AR1 alpha + Basic + One-Step,NASDAQ:SHEN,0.0
2020-11-17,12,AR1 alpha + Basic + One-Step,NASDAQ:SHEN,0.0
2020-11-18,12,AR1 alpha + Basic + One-Step,NASDAQ:SHEN,0.0
2020-11-19,12,AR1 alpha + Basic + One-Step,NASDAQ:SHEN,1.8652927857545316e-08
2020-11-20,12,AR1 alpha + Basic + One-Step,NASDAQ:SHEN,0.0
2020-11-23,12,AR1 alpha + Basic + One-Step,NASDAQ:SHEN,0.0
2020-11-24,12,AR1 alpha + Basic + One-Step,NASDAQ:SHEN,0.0
2020-11-25,12,AR1 alpha + Basic + One-Step,NASDAQ:SHEN,0.0
2020-11-27,12,AR1 alpha + Basic + One-Step,NASDAQ:SHEN,0.0
2020-11-30,12,AR1 alpha + Basic + One-Step,NASDAQ:SHEN,0.0
2020-12-01,12,AR1 alpha + Basic + One-Step,NASDAQ:SHEN,0.0
2020-12-02,12,AR1 alpha + Basic + One-Step,NASDAQ:SHEN,0.0
2020-12-03,12,AR1 alpha + Basic + One-Step,NASDAQ:SHEN,0.0
2020-12-04,12,AR1 alpha + Basic + One-Step,NASDAQ:SHEN,0.0
2020-12-07,12,AR1 alpha + Basic + One-Step,NASDAQ:SHEN,0.0
2020-12-08,12,AR1 alpha + Basic + One-Step,NASDAQ:SHEN,2.1325437884134335e-07
2020-12-09,12,AR1 alpha + Basic + One-Step,NASDAQ:SHEN,0.0
2020-12-10,12,AR1 alpha + Basic + One-Step,NASDAQ:SHEN,0.0
2020-12-11,12,AR1 alpha + Basic + One-Step,NASDAQ:SHEN,3.805462925132067e-07
2020-12-14,12,AR1 alpha + Basic + One-Step,NASDAQ:SHEN,5.511708844363087e-07
2020-12-15,12,AR1 alpha + Basic + One-Step,NASDAQ:SHEN,0.0
2020-12-16,12,AR1 alpha + Basic + One-Step,NASDAQ:SHEN,6.657548802181518e-09
2020-12-17,12,AR1 alpha + Basic + One-Step,NASDAQ:SHEN,0.0
2020-12-18,12,AR1 alpha + Basic + One-Step,NASDAQ:SHEN,0.0
2020-12-21,12,AR1 alpha + Basic + One-Step,NASDAQ:SHEN,7.689534212064144e-07
2020-12-22,12,AR1 alpha + Basic + One-Step,NASDAQ:SHEN,1.328302302233471e-06
2020-12-23,12,AR1 alpha + Basic + One-Step,NASDAQ:SHEN,5.679898182833673e-07
2020-12-24,12,AR1 alpha + Basic + One-Step,NASDAQ:SHEN,0.0
2020-12-28,12,AR1 alpha + Basic + One-Step,NASDAQ:SHEN,0.0
2020-12-29,12,AR1 alpha + Basic + One-Step,NASDAQ:SHEN,0.0
2020-12-30,12,AR1 alpha + Basic + One-Step,NASDAQ:SHEN,0.0
2020-12-31,12,AR1 alpha + Basic + One-Step,NASDAQ:SHEN,0.0
2021-01-04,12,AR1 alpha + Basic + One-Step,NASDAQ:SHEN,0.0
2021-01-05,12,AR1 alpha + Basic + One-Step,NASDAQ:SHEN,4.050701805181976e-08
2021-01-06,12,AR1 alpha + Basic + One-Step,NASDAQ:SHEN,0.0
2021-01-07,12,AR1 alpha + Basic + One-Step,NASDAQ:SHEN,0.0
2021-01-08,12,AR1 alpha + Basic + One-Step,NASDAQ:SHEN,0.0
2021-01-11,12,AR1 alpha + Basic + One-Step,NASDAQ:SHEN,0.0
2021-01-12,12,AR1 alpha + Basic + One-Step,NASDAQ:SHEN,0.0
2021-01-13,12,AR1 alpha + Basic + One-Step,NASDAQ:SHEN,0.0
2021-01-14,12,AR1 alpha + Basic + One-Step,NASDAQ:SHEN,0.0
2021-01-15,12,AR1 alpha + Basic + One-Step,NASDAQ:SHEN,0.0
2021-01-19,12,AR1 alpha + Basic + One-Step,NASDAQ:SHEN,0.0
2021-01-20,12,AR1 alpha + Basic + One-Step,NASDAQ:SHEN,0.0
2021-01-21,12,AR1 alpha + Basic + One-Step,NASDAQ:SHEN,0.0
2021-01-22,12,AR1 alpha + Basic + One-Step,NASDAQ:SHEN,0.0
2021-01-25,12,AR1 alpha + Basic + One-Step,NASDAQ:SHEN,0.0
2021-01-26,12,AR1 alpha + Basic + One-Step,NASDAQ:SHEN,0.0
2021-01-27,12,AR1 alpha + Basic + One-Step,NASDAQ:SHEN,0.0
2021-01-28,12,AR1 alpha + Basic + One-Step,NASDAQ:SHEN,0.0
2021-01-29,12,AR1 alpha + Basic + One-Step,NASDAQ:SHEN,0.0
2021-02-01,12,AR1 alpha + Basic + One-Step,NASDAQ:SHEN,2.7806657235508347e-07
2021-02-02,12,AR1 alpha + Basic + One-Step,NASDAQ:SHEN,0.0
2021-02-03,12,AR1 alpha + Basic + One-Step,NASDAQ:SHEN,0.0
2021-02-04,12,AR1 alpha + Basic + One-Step,NASDAQ:SHEN,0.0
2021-02-05,12,AR1 alpha + Basic + One-Step,NASDAQ:SHEN,0.0
2021-02-08,12,AR1 alpha + Basic + One-Step,NASDAQ:SHEN,0.0
2021-02-09,12,AR1 alpha + Basic + One-Step,NASDAQ:SHEN,0.0
2021-02-10,12,AR1 alpha + Basic + One-Step,NASDAQ:SHEN,0.0
2021-02-11,12,AR1 alpha + Basic + One-Step,NASDAQ:SHEN,0.0
2021-02-12,12,AR1 alpha + Basic + One-Step,NASDAQ:SHEN,0.0
2021-02-16,12,AR1 alpha + Basic + One-Step,NASDAQ:SHEN,0.0
2021-02-17,12,AR1 alpha + Basic + One-Step,NASDAQ:SHEN,0.0
2021-02-18,12,AR1 alpha + Basic + One-Step,NASDAQ:SHEN,0.0
2021-02-19,12,AR1 alpha + Basic + One-Step,NASDAQ:SHEN,0.0
2021-02-22,12,AR1 alpha + Basic + One-Step,NASDAQ:SHEN,6.234860041570851e-07
2021-02-23,12,AR1 alpha + Basic + One-Step,NASDAQ:SHEN,1.3325843027542376e-07
2021-02-24,12,AR1 alpha + Basic + One-Step,NASDAQ:SHEN,0.0
2021-02-25,12,AR1 alpha + Basic + One-Step,NASDAQ:SHEN,0.0
2021-02-26,12,AR1 alpha + Basic + One-Step,NASDAQ:SHEN,8.684864446199675e-07
2021-03-01,12,AR1 alpha + Basic + One-Step,NASDAQ:SHEN,0.0
2021-03-02,12,AR1 alpha + Basic + One-Step,NASDAQ:SHEN,0.0
2021-03-03,12,AR1 alpha + Basic + One-Step,NASDAQ:SHEN,0.0
2021-03-04,12,AR1 alpha + Basic + One-Step,NASDAQ:SHEN,0.0
2021-03-05,12,AR1 alpha + Basic + One-Step,NASDAQ:SHEN,0.0
2021-03-08,12,AR1 alpha + Basic + One-Step,NASDAQ:SHEN,0.0
2021-03-09,12,AR1 alpha + Basic + One-Step,NASDAQ:SHEN,0.0
2021-03-10,12,AR1 alpha + Basic + One-Step,NASDAQ:SHEN,0.0
2021-03-11,12,AR1 alpha + Basic + One-Step,NASDAQ:SHEN,0.0
2021-03-12,12,AR1 alpha + Basic + One-Step,NASDAQ:SHEN,1.8753783582167098e-09
2021-03-15,12,AR1 alpha + Basic + One-Step,NASDAQ:SHEN,5.007015823377465e-10
2021-03-16,12,AR1 alpha + Basic + One-Step,NASDAQ:SHEN,0.0
2021-03-17,12,AR1 alpha + Basic + One-Step,NASDAQ:SHEN,0.0
2021-03-18,12,AR1 alpha + Basic + One-Step,NASDAQ:SHEN,0.0
2021-03-19,12,AR1 alpha + Basic + One-Step,NASDAQ:SHEN,0.0
2021-03-22,12,AR1 alpha + Basic + One-Step,NASDAQ:SHEN,0.0
2021-03-23,12,AR1 alpha + Basic + One-Step,NASDAQ:SHEN,0.0
2021-03-24,12,AR1 alpha + Basic + One-Step,NASDAQ:SHEN,0.0
2021-03-25,12,AR1 alpha + Basic + One-Step,NASDAQ:SHEN,0.0
2021-03-26,12,AR1 alpha + Basic + One-Step,NASDAQ:SHEN,0.0
2021-03-29,12,AR1 alpha + Basic + One-Step,NASDAQ:SHEN,0.0
2021-03-30,12,AR1 alpha + Basic + One-Step,NASDAQ:SHEN,7.429913996668666e-07
2021-03-31,12,AR1 alpha + Basic + One-Step,NASDAQ:SHEN,0.0
2021-04-01,12,AR1 alpha + Basic + One-Step,NASDAQ:SHEN,0.0
2021-04-05,12,AR1 alpha + Basic + One-Step,NASDAQ:SHEN,1.7998527402470338e-06
2021-04-06,12,AR1 alpha + Basic + One-Step,NASDAQ:SHEN,4.123053176982195e-07
2021-04-07,12,AR1 alpha + Basic + One-Step,NASDAQ:SHEN,0.0
2021-04-08,12,AR1 alpha + Basic + One-Step,NASDAQ:SHEN,4.878249335422306e-07
2021-04-09,12,AR1 alpha + Basic + One-Step,NASDAQ:SHEN,0.0
2021-04-12,12,AR1 alpha + Basic + One-Step,NASDAQ:SHEN,6.354103170250723e-09
2021-04-13,12,AR1 alpha + Basic + One-Step,NASDAQ:SHEN,0.0
2021-04-14,12,AR1 alpha + Basic + One-Step,NASDAQ:SHEN,8.996544115039259e-08
2021-04-15,12,AR1 alpha + Basic + One-Step,NASDAQ:SHEN,0.0
2021-04-16,12,AR1 alpha + Basic + One-Step,NASDAQ:SHEN,0.0
2021-04-19,12,AR1 alpha + Basic + One-Step,NASDAQ:SHEN,2.805081416730857e-08
2021-04-20,12,AR1 alpha + Basic + One-Step,NASDAQ:SHEN,0.0
2021-04-21,12,AR1 alpha + Basic + One-Step,NASDAQ:SHEN,0.0
2021-04-22,12,AR1 alpha + Basic + One-Step,NASDAQ:SHEN,4.580973791852586e-08
2021-04-23,12,AR1 alpha + Basic + One-Step,NASDAQ:SHEN,0.0
2021-04-26,12,AR1 alpha + Basic + One-Step,NASDAQ:SHEN,0.0
2021-04-27,12,AR1 alpha + Basic + One-Step,NASDAQ:SHEN,5.528613137584842e-07
2021-04-28,12,AR1 alpha + Basic + One-Step,NASDAQ:SHEN,0.0
2021-04-29,12,AR1 alpha + Basic + One-Step,NASDAQ:SHEN,0.0
2021-04-30,12,AR1 alpha + Basic + One-Step,NASDAQ:SHEN,0.0
2021-05-03,12,AR1 alpha + Basic + One-Step,NASDAQ:SHEN,0.0
2021-05-04,12,AR1 alpha + Basic + One-Step,NASDAQ:SHEN,7.566584027542066e-08
2021-05-05,12,AR1 alpha + Basic + One-Step,NASDAQ:SHEN,0.0
2021-05-06,12,AR1 alpha + Basic + One-Step,NASDAQ:SHEN,0.0
2021-05-07,12,AR1 alpha + Basic + One-Step,NASDAQ:SHEN,0.0
2021-05-10,12,AR1 alpha + Basic + One-Step,NASDAQ:SHEN,0.0
2021-05-11,12,AR1 alpha + Basic + One-Step,NASDAQ:SHEN,0.0
2021-05-12,12,AR1 alpha + Basic + One-Step,NASDAQ:SHEN,0.0
2021-05-13,12,AR1 alpha + Basic + One-Step,NASDAQ:SHEN,1.1960977644363838e-07
2021-05-14,12,AR1 alpha + Basic + One-Step,NASDAQ:SHEN,5.37755743169071e-08
2021-05-17,12,AR1 alpha + Basic + One-Step,NASDAQ:SHEN,0.0
2021-05-18,12,AR1 alpha + Basic + One-Step,NASDAQ:SHEN,1.1528846511957249e-07
2021-05-19,12,AR1 alpha + Basic + One-Step,NASDAQ:SHEN,6.556095144998433e-08
2021-05-20,12,AR1 alpha + Basic + One-Step,NASDAQ:SHEN,7.25176767004137e-08
2021-05-21,12,AR1 alpha + Basic + One-Step,NASDAQ:SHEN,0.0
2021-05-24,12,AR1 alpha + Basic + One-Step,NASDAQ:SHEN,0.0
2021-05-25,12,AR1 alpha + Basic + One-Step,NASDAQ:SHEN,0.0
2021-05-26,12,AR1 alpha + Basic + One-Step,NASDAQ:SHEN,0.0
2021-05-27,12,AR1 alpha + Basic + One-Step,NASDAQ:SHEN,0.0
2021-05-28,12,AR1 alpha + Basic + One-Step,NASDAQ:SHEN,0.0
2021-06-01,12,AR1 alpha + Basic + One-Step,NASDAQ:SHEN,0.0
2021-06-02,12,AR1 alpha + Basic + One-Step,NASDAQ:SHEN,0.0
2021-06-03,12,AR1 alpha + Basic + One-Step,NASDAQ:SHEN,0.0
2021-06-04,12,AR1 alpha + Basic + One-Step,NASDAQ:SHEN,0.0
2021-06-07,12,AR1 alpha + Basic + One-Step,NASDAQ:SHEN,0.0
2021-06-08,12,AR1 alpha + Basic + One-Step,NASDAQ:SHEN,0.0
2021-06-09,12,AR1 alpha + Basic + One-Step,NASDAQ:SHEN,0.0
2021-06-10,12,AR1 alpha + Basic + One-Step,NASDAQ:SHEN,6.581821531833135e-08
2021-06-11,12,AR1 alpha + Basic + One-Step,NASDAQ:SHEN,0.0
2021-06-14,12,AR1 alpha + Basic + One-Step,NASDAQ:SHEN,0.0
2021-06-15,12,AR1 alpha + Basic + One-Step,NASDAQ:SHEN,0.0
2021-06-16,12,AR1 alpha + Basic + One-Step,NASDAQ:SHEN,0.0
2021-06-17,12,AR1 alpha + Basic + One-Step,NASDAQ:SHEN,0.0
2021-06-18,12,AR1 alpha + Basic + One-Step,NASDAQ:SHEN,0.0
2021-06-21,12,AR1 alpha + Basic + One-Step,NASDAQ:SHEN,0.0
2021-06-22,12,AR1 alpha + Basic + One-Step,NASDAQ:SHEN,1.2075783034559672e-06
2021-06-23,12,AR1 alpha + Basic + One-Step,NASDAQ:SHEN,1.009659270543342e-06
2021-06-24,12,AR1 alpha + Basic + One-Step,NASDAQ:SHEN,1.363223334421821e-06
2021-06-25,12,AR1 alpha + Basic + One-Step,NASDAQ:SHEN,0.0
2021-06-28,12,AR1 alpha + Basic + One-Step,NASDAQ:SHEN,0.0
2021-06-29,12,AR1 alpha + Basic + One-Step,NASDAQ:SHEN,0.0
2021-06-30,12,AR1 alpha + Basic + One-Step,NASDAQ:SHEN,0.0
2021-07-01,12,AR1 alpha + Basic + One-Step,NASDAQ:SHEN,0.0
2021-07-02,12,AR1 alpha + Basic + One-Step,NASDAQ:SHEN,0.0
2021-07-06,12,AR1 alpha + Basic + One-Step,NASDAQ:SHEN,0.09999851246840341
2021-07-07,12,AR1 alpha + Basic + One-Step,NASDAQ:SHEN,0.0
2021-07-08,12,AR1 alpha + Basic + One-Step,NASDAQ:SHEN,0.0
2021-07-09,12,AR1 alpha + Basic + One-Step,NASDAQ:SHEN,0.0
2021-07-12,12,AR1 alpha + Basic + One-Step,NASDAQ:SHEN,0.0
2021-07-13,12,AR1 alpha + Basic + One-Step,NASDAQ:SHEN,9.02461595206757e-08
2021-07-14,12,AR1 alpha + Basic + One-Step,NASDAQ:SHEN,0.0
2021-07-15,12,AR1 alpha + Basic + One-Step,NASDAQ:SHEN,0.0
2021-07-16,12,AR1 alpha + Basic + One-Step,NASDAQ:SHEN,8.997088603327174e-07
2021-07-19,12,AR1 alpha + Basic + One-Step,NASDAQ:SHEN,0.0
2021-07-20,12,AR1 alpha + Basic + One-Step,NASDAQ:SHEN,0.0
2021-07-21,12,AR1 alpha + Basic + One-Step,NASDAQ:SHEN,0.0
2021-07-22,12,AR1 alpha + Basic + One-Step,NASDAQ:SHEN,0.0
2021-07-23,12,AR1 alpha + Basic + One-Step,NASDAQ:SHEN,0.0
2021-07-26,12,AR1 alpha + Basic + One-Step,NASDAQ:SHEN,2.007519099168522e-07
2021-07-27,12,AR1 alpha + Basic + One-Step,NASDAQ:SHEN,1.879509168027819e-06
2021-07-28,12,AR1 alpha + Basic + One-Step,NASDAQ:SHEN,0.0
2021-07-29,12,AR1 alpha + Basic + One-Step,NASDAQ:SHEN,0.0
2021-07-30,12,AR1 alpha + Basic + One-Step,NASDAQ:SHEN,0.0
2021-08-02,12,AR1 alpha + Basic + One-Step,NASDAQ:SHEN,0.0
2021-08-03,12,AR1 alpha + Basic + One-Step,NASDAQ:SHEN,0.0
2021-08-04,12,AR1 alpha + Basic + One-Step,NASDAQ:SHEN,4.894776895919524e-08
2021-08-05,12,AR1 alpha + Basic + One-Step,NASDAQ:SHEN,0.0
2021-08-06,12,AR1 alpha + Basic + One-Step,NASDAQ:SHEN,0.0
2021-08-09,12,AR1 alpha + Basic + One-Step,NASDAQ:SHEN,2.8703345653276486e-07
2021-08-10,12,AR1 alpha + Basic + One-Step,NASDAQ:SHEN,2.453873774679339e-08
2021-08-11,12,AR1 alpha + Basic + One-Step,NASDAQ:SHEN,0.0
2021-08-12,12,AR1 alpha + Basic + One-Step,NASDAQ:SHEN,0.0
2021-08-13,12,AR1 alpha + Basic + One-Step,NASDAQ:SHEN,0.0
2021-08-16,12,AR1 alpha + Basic + One-Step,NASDAQ:SHEN,0.0
2021-08-17,12,AR1 alpha + Basic + One-Step,NASDAQ:SHEN,1.2854587137216132e-07
2021-08-18,12,AR1 alpha + Basic + One-Step,NASDAQ:SHEN,0.0
2021-08-19,12,AR1 alpha + Basic + One-Step,NASDAQ:SHEN,0.0
2021-08-20,12,AR1 alpha + Basic + One-Step,NASDAQ:SHEN,2.3065596175560178e-08
2021-08-23,12,AR1 alpha + Basic + One-Step,NASDAQ:SHEN,0.0
2021-08-24,12,AR1 alpha + Basic + One-Step,NASDAQ:SHEN,0.0
2021-08-25,12,AR1 alpha + Basic + One-Step,NASDAQ:SHEN,0.0
2021-08-26,12,AR1 alpha + Basic + One-Step,NASDAQ:SHEN,0.0
2021-08-27,12,AR1 alpha + Basic + One-Step,NASDAQ:SHEN,0.0
2021-08-30,12,AR1 alpha + Basic + One-Step,NASDAQ:SHEN,0.0
2021-08-31,12,AR1 alpha + Basic + One-Step,NASDAQ:SHEN,0.0
2021-09-01,12,AR1 alpha + Basic + One-Step,NASDAQ:SHEN,0.0
2021-09-02,12,AR1 alpha + Basic + One-Step,NASDAQ:SHEN,0.0
2021-09-03,12,AR1 alpha + Basic + One-Step,NASDAQ:SHEN,0.0
2021-09-07,12,AR1 alpha + Basic + One-Step,NASDAQ:SHEN,0.0
2021-09-08,12,AR1 alpha + Basic + One-Step,NASDAQ:SHEN,0.0
2021-09-09,12,AR1 alpha + Basic + One-Step,NASDAQ:SHEN,1.026745055169167e-08
2021-09-10,12,AR1 alpha + Basic + One-Step,NASDAQ:SHEN,0.0
2021-09-13,12,AR1 alpha + Basic + One-Step,NASDAQ:SHEN,0.0
2021-09-14,12,AR1 alpha + Basic + One-Step,NASDAQ:SHEN,2.100191352570042e-07
2021-09-15,12,AR1 alpha + Basic + One-Step,NASDAQ:SHEN,0.0
2021-09-16,12,AR1 alpha + Basic + One-Step,NASDAQ:SHEN,0.0
2021-09-17,12,AR1 alpha + Basic + One-Step,NASDAQ:SHEN,0.0
2021-09-20,12,AR1 alpha + Basic + One-Step,NASDAQ:SHEN,0.0
2021-09-21,12,AR1 alpha + Basic + One-Step,NASDAQ:SHEN,8.02168754409178e-08
2021-09-22,12,AR1 alpha + Basic + One-Step,NASDAQ:SHEN,0.0
2021-09-23,12,AR1 alpha + Basic + One-Step,NASDAQ:SHEN,0.0
2021-09-24,12,AR1 alpha + Basic + One-Step,NASDAQ:SHEN,0.0
2021-09-27,12,AR1 alpha + Basic + One-Step,NASDAQ:SHEN,0.0
2021-09-28,12,AR1 alpha + Basic + One-Step,NASDAQ:SHEN,0.0
2021-09-29,12,AR1 alpha + Basic + One-Step,NASDAQ:SHEN,0.0
2021-09-30,12,AR1 alpha + Basic + One-Step,NASDAQ:SHEN,0.0
2021-10-01,12,AR1 alpha + Basic + One-Step,NASDAQ:SHEN,0.0
2021-10-04,12,AR1 alpha + Basic + One-Step,NASDAQ:SHEN,0.0
2021-10-05,12,AR1 alpha + Basic + One-Step,NASDAQ:SHEN,0.0
2021-10-06,12,AR1 alpha + Basic + One-Step,NASDAQ:SHEN,0.0
2021-10-07,12,AR1 alpha + Basic + One-Step,NASDAQ:SHEN,0.0
2021-10-08,12,AR1 alpha + Basic + One-Step,NASDAQ:SHEN,0.0
2021-10-11,12,AR1 alpha + Basic + One-Step,NASDAQ:SHEN,0.0
2021-10-12,12,AR1 alpha + Basic + One-Step,NASDAQ:SHEN,0.0
2021-10-13,12,AR1 alpha + Basic + One-Step,NASDAQ:SHEN,0.0
2021-10-14,12,AR1 alpha + Basic + One-Step,NASDAQ:SHEN,4.964606848898457e-09
2021-10-15,12,AR1 alpha + Basic + One-Step,NASDAQ:SHEN,0.0
2021-10-18,12,AR1 alpha + Basic + One-Step,NASDAQ:SHEN,0.0
2021-10-19,12,AR1 alpha + Basic + One-Step,NASDAQ:SHEN,8.942075254702872e-08
2021-10-20,12,AR1 alpha + Basic + One-Step,NASDAQ:SHEN,0.0
2021-10-21,12,AR1 alpha + Basic + One-Step,NASDAQ:SHEN,0.0
2021-10-22,12,AR1 alpha + Basic + One-Step,NASDAQ:SHEN,0.0
2021-10-25,12,AR1 alpha + Basic + One-Step,NASDAQ:SHEN,0.0
2021-10-26,12,AR1 alpha + Basic + One-Step,NASDAQ:SHEN,0.0
2021-10-27,12,AR1 alpha + Basic + One-Step,NASDAQ:SHEN,0.0
2021-10-28,12,AR1 alpha + Basic + One-Step,NASDAQ:SHEN,0.0
2021-10-29,12,AR1 alpha + Basic + One-Step,NASDAQ:SHEN,0.0
2021-11-01,12,AR1 alpha + Basic + One-Step,NASDAQ:SHEN,2.0913262423998684e-07
2021-11-02,12,AR1 alpha + Basic + One-Step,NASDAQ:SHEN,0.0
2021-11-03,12,AR1 alpha + Basic + One-Step,NASDAQ:SHEN,0.0
2021-11-04,12,AR1 alpha + Basic + One-Step,NASDAQ:SHEN,0.0
2021-11-05,12,AR1 alpha + Basic + One-Step,NASDAQ:SHEN,0.0
2021-11-08,12,AR1 alpha + Basic + One-Step,NASDAQ:SHEN,0.0
2021-11-09,12,AR1 alpha + Basic + One-Step,NASDAQ:SHEN,1.2797287852917397e-08
2021-11-10,12,AR1 alpha + Basic + One-Step,NASDAQ:SHEN,0.0
2021-11-11,12,AR1 alpha + Basic + One-Step,NASDAQ:SHEN,0.0
2021-11-12,12,AR1 alpha + Basic + One-Step,NASDAQ:SHEN,0.0
2021-11-15,12,AR1 alpha + Basic + One-Step,NASDAQ:SHEN,0.0
2021-11-16,12,AR1 alpha + Basic + One-Step,NASDAQ:SHEN,0.0
2021-11-17,12,AR1 alpha + Basic + One-Step,NASDAQ:SHEN,0.0
2021-11-18,12,AR1 alpha + Basic + One-Step,NASDAQ:SHEN,0.0
2021-11-19,12,AR1 alpha + Basic + One-Step,NASDAQ:SHEN,0.0
2021-11-22,12,AR1 alpha + Basic + One-Step,NASDAQ:SHEN,0.0
2021-11-23,12,AR1 alpha + Basic + One-Step,NASDAQ:SHEN,0.0
2021-11-24,12,AR1 alpha + Basic + One-Step,NASDAQ:SHEN,0.0
2021-11-26,12,AR1 alpha + Basic + One-Step,NASDAQ:SHEN,0.0
2021-11-29,12,AR1 alpha + Basic + One-Step,NASDAQ:SHEN,0.0
2021-11-30,12,AR1 alpha + Basic + One-Step,NASDAQ:SHEN,0.0
2021-12-01,12,AR1 alpha + Basic + One-Step,NASDAQ:SHEN,0.0
2021-12-02,12,AR1 alpha + Basic + One-Step,NASDAQ:SHEN,0.0
2021-12-03,12,AR1 alpha + Basic + One-Step,NASDAQ:SHEN,0.0
2021-12-06,12,AR1 alpha + Basic + One-Step,NASDAQ:SHEN,0.0
2021-12-07,12,AR1 alpha + Basic + One-Step,NASDAQ:SHEN,0.0
2021-12-08,12,AR1 alpha + Basic + One-Step,NASDAQ:SHEN,0.0
2021-12-09,12,AR1 alpha + Basic + One-Step,NASDAQ:SHEN,0.0
2021-12-10,12,AR1 alpha + Basic + One-Step,NASDAQ:SHEN,3.8115065346907305e-08
2021-12-13,12,AR1 alpha + Basic + One-Step,NASDAQ:SHEN,0.0
2021-12-14,12,AR1 alpha + Basic + One-Step,NASDAQ:SHEN,1.9634783200741465e-08
2021-12-15,12,AR1 alpha + Basic + One-Step,NASDAQ:SHEN,0.0
2021-12-16,12,AR1 alpha + Basic + One-Step,NASDAQ:SHEN,0.0
2021-12-17,12,AR1 alpha + Basic + One-Step,NASDAQ:SHEN,0.0
2021-12-20,12,AR1 alpha + Basic + One-Step,NASDAQ:SHEN,0.0
2021-12-21,12,AR1 alpha + Basic + One-Step,NASDAQ:SHEN,0.0
2021-12-22,12,AR1 alpha + Basic + One-Step,NASDAQ:SHEN,1.5926619645356932e-07
2021-12-23,12,AR1 alpha + Basic + One-Step,NASDAQ:SHEN,0.0
2021-12-27,12,AR1 alpha + Basic + One-Step,NASDAQ:SHEN,0.0
2021-12-28,12,AR1 alpha + Basic + One-Step,NASDAQ:SHEN,0.0
2021-12-29,12,AR1 alpha + Basic + One-Step,NASDAQ:SHEN,0.0
2021-12-30,12,AR1 alpha + Basic + One-Step,NASDAQ:SHEN,5.769617898080491e-07
2021-12-31,12,AR1 alpha + Basic + One-Step,NASDAQ:SHEN,8.29101640316382e-08
2022-01-03,12,AR1 alpha + Basic + One-Step,NASDAQ:SHEN,8.731999608202261e-08
2022-01-04,12,AR1 alpha + Basic + One-Step,NASDAQ:SHEN,0.0
2022-01-05,12,AR1 alpha + Basic + One-Step,NASDAQ:SHEN,0.0
2022-01-06,12,AR1 alpha + Basic + One-Step,NASDAQ:SHEN,0.0
2022-01-07,12,AR1 alpha + Basic + One-Step,NASDAQ:SHEN,4.601376012782199e-08
2022-01-10,12,AR1 alpha + Basic + One-Step,NASDAQ:SHEN,0.0
2022-01-11,12,AR1 alpha + Basic + One-Step,NASDAQ:SHEN,0.0
2022-01-12,12,AR1 alpha + Basic + One-Step,NASDAQ:SHEN,0.0
2022-01-13,12,AR1 alpha + Basic + One-Step,NASDAQ:SHEN,6.846668128408717e-07
2022-01-14,12,AR1 alpha + Basic + One-Step,NASDAQ:SHEN,0.0
2022-01-18,12,AR1 alpha + Basic + One-Step,NASDAQ:SHEN,0.0
2022-01-19,12,AR1 alpha + Basic + One-Step,NASDAQ:SHEN,0.0
2022-01-20,12,AR1 alpha + Basic + One-Step,NASDAQ:SHEN,0.0
2022-01-21,12,AR1 alpha + Basic + One-Step,NASDAQ:SHEN,2.1714473316330836e-07
2022-01-24,12,AR1 alpha + Basic + One-Step,NASDAQ:SHEN,0.0
2022-01-25,12,AR1 alpha + Basic + One-Step,NASDAQ:SHEN,0.0
2022-01-26,12,AR1 alpha + Basic + One-Step,NASDAQ:SHEN,2.7287982442652315e-08
2022-01-27,12,AR1 alpha + Basic + One-Step,NASDAQ:SHEN,0.0
2022-01-28,12,AR1 alpha + Basic + One-Step,NASDAQ:SHEN,0.0
2022-01-31,12,AR1 alpha + Basic + One-Step,NASDAQ:SHEN,0.0
2022-02-01,12,AR1 alpha + Basic + One-Step,NASDAQ:SHEN,0.0
2022-02-02,12,AR1 alpha + Basic + One-Step,NASDAQ:SHEN,0.0
2022-02-03,12,AR1 alpha + Basic + One-Step,NASDAQ:SHEN,0.0
2022-02-04,12,AR1 alpha + Basic + One-Step,NASDAQ:SHEN,2.234694009289148e-08
2022-02-07,12,AR1 alpha + Basic + One-Step,NASDAQ:SHEN,1.4600882568393012e-08
2022-02-08,12,AR1 alpha + Basic + One-Step,NASDAQ:SHEN,0.0
2022-02-09,12,AR1 alpha + Basic + One-Step,NASDAQ:SHEN,0.0
2022-02-10,12,AR1 alpha + Basic + One-Step,NASDAQ:SHEN,0.0
2022-02-11,12,AR1 alpha + Basic + One-Step,NASDAQ:SHEN,6.12110837885504e-08
2022-02-14,12,AR1 alpha + Basic + One-Step,NASDAQ:SHEN,4.782659453340863e-08
2022-02-15,12,AR1 alpha + Basic + One-Step,NASDAQ:SHEN,0.0
2022-02-16,12,AR1 alpha + Basic + One-Step,NASDAQ:SHEN,0.0
2022-02-17,12,AR1 alpha + Basic + One-Step,NASDAQ:SHEN,0.0
2022-02-18,12,AR1 alpha + Basic + One-Step,NASDAQ:SHEN,1.8640601351431926e-07
2022-02-22,12,AR1 alpha + Basic + One-Step,NASDAQ:SHEN,3.8184692055662296e-08
2022-02-23,12,AR1 alpha + Basic + One-Step,NASDAQ:SHEN,0.0
2022-02-24,12,AR1 alpha + Basic + One-Step,NASDAQ:SHEN,0.0
2022-02-25,12,AR1 alpha + Basic + One-Step,NASDAQ:SHEN,4.6017110235587255e-08
2022-02-28,12,AR1 alpha + Basic + One-Step,NASDAQ:SHEN,0.0
2022-03-01,12,AR1 alpha + Basic + One-Step,NASDAQ:SHEN,2.693139473425455e-08
2022-03-02,12,AR1 alpha + Basic + One-Step,NASDAQ:SHEN,0.0
2022-03-03,12,AR1 alpha + Basic + One-Step,NASDAQ:SHEN,0.0
2022-03-04,12,AR1 alpha + Basic + One-Step,NASDAQ:SHEN,0.0
2022-03-07,12,AR1 alpha + Basic + One-Step,NASDAQ:SHEN,1.071363840858522e-09
2022-03-08,12,AR1 alpha + Basic + One-Step,NASDAQ:SHEN,1.042163488635478e-06
2022-03-09,12,AR1 alpha + Basic + One-Step,NASDAQ:SHEN,0.0
2022-03-10,12,AR1 alpha + Basic + One-Step,NASDAQ:SHEN,0.0
2022-03-11,12,AR1 alpha + Basic + One-Step,NASDAQ:SHEN,1.2844959759150493e-07
2022-03-14,12,AR1 alpha + Basic + One-Step,NASDAQ:SHEN,0.0
2022-03-15,12,AR1 alpha + Basic + One-Step,NASDAQ:SHEN,0.0
2022-03-16,12,AR1 alpha + Basic + One-Step,NASDAQ:SHEN,0.0
2022-03-17,12,AR1 alpha + Basic + One-Step,NASDAQ:SHEN,0.0
2022-03-18,12,AR1 alpha + Basic + One-Step,NASDAQ:SHEN,0.0
2022-03-21,12,AR1 alpha + Basic + One-Step,NASDAQ:SHEN,0.0
2022-03-22,12,AR1 alpha + Basic + One-Step,NASDAQ:SHEN,0.0
2022-03-23,12,AR1 alpha + Basic + One-Step,NASDAQ:SHEN,0.0
2022-03-24,12,AR1 alpha + Basic + One-Step,NASDAQ:SHEN,3.413146545502679e-08
2022-03-25,12,AR1 alpha + Basic + One-Step,NASDAQ:SHEN,0.0
2022-03-28,12,AR1 alpha + Basic + One-Step,NASDAQ:SHEN,0.0
2022-03-29,12,AR1 alpha + Basic + One-Step,NASDAQ:SHEN,0.0
2022-03-30,12,AR1 alpha + Basic + One-Step,NASDAQ:SHEN,0.0
2022-03-31,12,AR1 alpha + Basic + One-Step,NASDAQ:SHEN,0.0
2022-04-01,12,AR1 alpha + Basic + One-Step,NASDAQ:SHEN,0.0
2022-04-04,12,AR1 alpha + Basic + One-Step,NASDAQ:SHEN,0.0
2022-04-05,12,AR1 alpha + Basic + One-Step,NASDAQ:SHEN,0.0
2022-04-06,12,AR1 alpha + Basic + One-Step,NASDAQ:SHEN,0.0
2022-04-07,12,AR1 alpha + Basic + One-Step,NASDAQ:SHEN,0.0
2022-04-08,12,AR1 alpha + Basic + One-Step,NASDAQ:SHEN,0.0
2022-04-11,12,AR1 alpha + Basic + One-Step,NASDAQ:SHEN,0.0
2022-04-12,12,AR1 alpha + Basic + One-Step,NASDAQ:SHEN,0.0
2022-04-13,12,AR1 alpha + Basic + One-Step,NASDAQ:SHEN,2.0197459322948728e-07
2022-04-14,12,AR1 alpha + Basic + One-Step,NASDAQ:SHEN,7.99032873885295e-08
2022-04-18,12,AR1 alpha + Basic + One-Step,NASDAQ:SHEN,0.0
2022-04-19,12,AR1 alpha + Basic + One-Step,NASDAQ:SHEN,0.0
2022-04-20,12,AR1 alpha + Basic + One-Step,NASDAQ:SHEN,4.101371802463968e-08
2022-04-21,12,AR1 alpha + Basic + One-Step,NASDAQ:SHEN,0.0
2022-04-22,12,AR1 alpha + Basic + One-Step,NASDAQ:SHEN,0.0
2022-04-25,12,AR1 alpha + Basic + One-Step,NASDAQ:SHEN,0.0
2022-04-26,12,AR1 alpha + Basic + One-Step,NASDAQ:SHEN,0.0
2022-04-27,12,AR1 alpha + Basic + One-Step,NASDAQ:SHEN,0.0
2022-04-28,12,AR1 alpha + Basic + One-Step,NASDAQ:SHEN,3.0461078982265915e-09
2022-04-29,12,AR1 alpha + Basic + One-Step,NASDAQ:SHEN,0.0
2022-05-02,12,AR1 alpha + Basic + One-Step,NASDAQ:SHEN,0.0
2022-05-03,12,AR1 alpha + Basic + One-Step,NASDAQ:SHEN,0.0
2022-05-04,12,AR1 alpha + Basic + One-Step,NASDAQ:SHEN,2.78712238687127e-07
2022-05-05,12,AR1 alpha + Basic + One-Step,NASDAQ:SHEN,0.0
2022-05-06,12,AR1 alpha + Basic + One-Step,NASDAQ:SHEN,4.873891268007517e-09
2022-05-09,12,AR1 alpha + Basic + One-Step,NASDAQ:SHEN,0.0
2022-05-10,12,AR1 alpha + Basic + One-Step,NASDAQ:SHEN,0.0
2022-05-11,12,AR1 alpha + Basic + One-Step,NASDAQ:SHEN,0.0
2022-05-12,12,AR1 alpha + Basic + One-Step,NASDAQ:SHEN,0.0
2022-05-13,12,AR1 alpha + Basic + One-Step,NASDAQ:SHEN,0.0
2022-05-16,12,AR1 alpha + Basic + One-Step,NASDAQ:SHEN,3.6468504274232526e-07
2022-05-17,12,AR1 alpha + Basic + One-Step,NASDAQ:SHEN,4.321705576419419e-09
2022-05-18,12,AR1 alpha + Basic + One-Step,NASDAQ:SHEN,0.0
2022-05-19,12,AR1 alpha + Basic + One-Step,NASDAQ:SHEN,0.0
2022-05-20,12,AR1 alpha + Basic + One-Step,NASDAQ:SHEN,0.0
2022-05-23,12,AR1 alpha + Basic + One-Step,NASDAQ:SHEN,1.4306206047366127e-07
2022-05-24,12,AR1 alpha + Basic + One-Step,NASDAQ:SHEN,0.0
2022-05-25,12,AR1 alpha + Basic + One-Step,NASDAQ:SHEN,1.0712451156013511e-07
2022-05-26,12,AR1 alpha + Basic + One-Step,NASDAQ:SHEN,0.0
2022-05-27,12,AR1 alpha + Basic + One-Step,NASDAQ:SHEN,0.0
2022-05-31,12,AR1 alpha + Basic + One-Step,NASDAQ:SHEN,0.0
2022-06-01,12,AR1 alpha + Basic + One-Step,NASDAQ:SHEN,0.0
2022-06-02,12,AR1 alpha + Basic + One-Step,NASDAQ:SHEN,0.0
2022-06-03,12,AR1 alpha + Basic + One-Step,NASDAQ:SHEN,0.0
2022-06-06,12,AR1 alpha + Basic + One-Step,NASDAQ:SHEN,0.0
2022-06-07,12,AR1 alpha + Basic + One-Step,NASDAQ:SHEN,0.0
2022-06-08,12,AR1 alpha + Basic + One-Step,NASDAQ:SHEN,4.945336458131078e-07
2022-06-09,12,AR1 alpha + Basic + One-Step,NASDAQ:SHEN,0.0
2022-06-10,12,AR1 alpha + Basic + One-Step,NASDAQ:SHEN,5.5607155024089295e-08
2022-06-13,12,AR1 alpha + Basic + One-Step,NASDAQ:SHEN,2.3906605175330574e-07
2022-06-14,12,AR1 alpha + Basic + One-Step,NASDAQ:SHEN,8.68115090815798e-08
2022-06-15,12,AR1 alpha + Basic + One-Step,NASDAQ:SHEN,2.166935757523375e-08
2022-06-16,12,AR1 alpha + Basic + One-Step,NASDAQ:SHEN,0.0
2022-06-17,12,AR1 alpha + Basic + One-Step,NASDAQ:SHEN,0.0
2022-06-21,12,AR1 alpha + Basic + One-Step,NASDAQ:SHEN,1.1109485932867185e-06
2022-06-22,12,AR1 alpha + Basic + One-Step,NASDAQ:SHEN,3.207895482099787e-07
2022-06-23,12,AR1 alpha + Basic + One-Step,NASDAQ:SHEN,0.0
2022-06-24,12,AR1 alpha + Basic + One-Step,NASDAQ:SHEN,8.830928666488998e-10
2022-06-27,12,AR1 alpha + Basic + One-Step,NASDAQ:SHEN,0.0
2022-06-28,12,AR1 alpha + Basic + One-Step,NASDAQ:SHEN,0.0
2022-06-29,12,AR1 alpha + Basic + One-Step,NASDAQ:SHEN,0.0
2022-06-30,12,AR1 alpha + Basic + One-Step,NASDAQ:SHEN,0.0
2022-07-01,12,AR1 alpha + Basic + One-Step,NASDAQ:SHEN,0.0
2022-07-05,12,AR1 alpha + Basic + One-Step,NASDAQ:SHEN,0.0
2022-07-06,12,AR1 alpha + Basic + One-Step,NASDAQ:SHEN,0.0
2022-07-07,12,AR1 alpha + Basic + One-Step,NASDAQ:SHEN,0.0
2022-07-08,12,AR1 alpha + Basic + One-Step,NASDAQ:SHEN,0.0
2022-07-11,12,AR1 alpha + Basic + One-Step,NASDAQ:SHEN,0.0
2022-07-12,12,AR1 alpha + Basic + One-Step,NASDAQ:SHEN,1.9664419077710603e-07
2022-07-13,12,AR1 alpha + Basic + One-Step,NASDAQ:SHEN,2.1343882327968986e-07
2022-07-14,12,AR1 alpha + Basic + One-Step,NASDAQ:SHEN,0.0
2022-07-15,12,AR1 alpha + Basic + One-Step,NASDAQ:SHEN,0.0
2022-07-18,12,AR1 alpha + Basic + One-Step,NASDAQ:SHEN,2.240435535809424e-09
2022-07-19,12,AR1 alpha + Basic + One-Step,NASDAQ:SHEN,0.0
2022-07-20,12,AR1 alpha + Basic + One-Step,NASDAQ:SHEN,3.933155935355393e-08
2022-07-21,12,AR1 alpha + Basic + One-Step,NASDAQ:SHEN,1.5133009057988938e-08
2022-07-22,12,AR1 alpha + Basic + One-Step,NASDAQ:SHEN,0.0
2022-07-25,12,AR1 alpha + Basic + One-Step,NASDAQ:SHEN,0.0
2022-07-26,12,AR1 alpha + Basic + One-Step,NASDAQ:SHEN,0.0
2022-07-27,12,AR1 alpha + Basic + One-Step,NASDAQ:SHEN,0.0
2022-07-28,12,AR1 alpha + Basic + One-Step,NASDAQ:SHEN,0.0
2022-07-29,12,AR1 alpha + Basic + One-Step,NASDAQ:SHEN,0.0
2022-08-01,12,AR1 alpha + Basic + One-Step,NASDAQ:SHEN,0.0
2022-08-02,12,AR1 alpha + Basic + One-Step,NASDAQ:SHEN,0.0
2022-08-03,12,AR1 alpha + Basic + One-Step,NASDAQ:SHEN,0.0
2022-08-04,12,AR1 alpha + Basic + One-Step,NASDAQ:SHEN,0.0
2022-08-05,12,AR1 alpha + Basic + One-Step,NASDAQ:SHEN,0.0
2022-08-08,12,AR1 alpha + Basic + One-Step,NASDAQ:SHEN,0.0
2022-08-09,12,AR1 alpha + Basic + One-Step,NASDAQ:SHEN,0.0
2022-08-10,12,AR1 alpha + Basic + One-Step,NASDAQ:SHEN,0.0
2022-08-11,12,AR1 alpha + Basic + One-Step,NASDAQ:SHEN,0.0
2022-08-12,12,AR1 alpha + Basic + One-Step,NASDAQ:SHEN,0.0
2022-08-15,12,AR1 alpha + Basic + One-Step,NASDAQ:SHEN,0.0
2022-08-16,12,AR1 alpha + Basic + One-Step,NASDAQ:SHEN,0.0
2022-08-17,12,AR1 alpha + Basic + One-Step,NASDAQ:SHEN,0.0
2022-08-18,12,AR1 alpha + Basic + One-Step,NASDAQ:SHEN,0.0
2022-08-19,12,AR1 alpha + Basic + One-Step,NASDAQ:SHEN,0.0
2022-08-22,12,AR1 alpha + Basic + One-Step,NASDAQ:SHEN,0.0
2022-08-23,12,AR1 alpha + Basic + One-Step,NASDAQ:SHEN,0.0
2022-08-24,12,AR1 alpha + Basic + One-Step,NASDAQ:SHEN,1.8005270486873546e-07
2022-08-25,12,AR1 alpha + Basic + One-Step,NASDAQ:SHEN,0.0
2022-08-26,12,AR1 alpha + Basic + One-Step,NASDAQ:SHEN,0.0
2022-08-29,12,AR1 alpha + Basic + One-Step,NASDAQ:SHEN,0.0
2022-08-30,12,AR1 alpha + Basic + One-Step,NASDAQ:SHEN,0.0
2022-08-31,12,AR1 alpha + Basic + One-Step,NASDAQ:SHEN,0.0
2022-09-01,12,AR1 alpha + Basic + One-Step,NASDAQ:SHEN,0.0
2022-09-02,12,AR1 alpha + Basic + One-Step,NASDAQ:SHEN,0.0
2022-09-06,12,AR1 alpha + Basic + One-Step,NASDAQ:SHEN,0.0
2022-09-07,12,AR1 alpha + Basic + One-Step,NASDAQ:SHEN,0.0
2022-09-08,12,AR1 alpha + Basic + One-Step,NASDAQ:SHEN,0.0
2022-09-09,12,AR1 alpha + Basic + One-Step,NASDAQ:SHEN,0.0
2022-09-12,12,AR1 alpha + Basic + One-Step,NASDAQ:SHEN,0.0
2022-09-13,12,AR1 alpha + Basic + One-Step,NASDAQ:SHEN,0.0
2022-09-14,12,AR1 alpha + Basic + One-Step,NASDAQ:SHEN,0.0
2022-09-15,12,AR1 alpha + Basic + One-Step,NASDAQ:SHEN,0.0
2022-09-16,12,AR1 alpha + Basic + One-Step,NASDAQ:SHEN,0.0
2022-09-19,12,AR1 alpha + Basic + One-Step,NASDAQ:SHEN,0.0
2022-09-20,12,AR1 alpha + Basic + One-Step,NASDAQ:SHEN,4.4533733812251915e-07
2022-09-21,12,AR1 alpha + Basic + One-Step,NASDAQ:SHEN,0.0
2022-09-22,12,AR1 alpha + Basic + One-Step,NASDAQ:SHEN,2.328929905250581e-09
2022-09-23,12,AR1 alpha + Basic + One-Step,NASDAQ:SHEN,0.0
2022-09-26,12,AR1 alpha + Basic + One-Step,NASDAQ:SHEN,1.8295594581352827e-09
2022-09-27,12,AR1 alpha + Basic + One-Step,NASDAQ:SHEN,0.0
2022-09-28,12,AR1 alpha + Basic + One-Step,NASDAQ:SHEN,0.0
2022-09-29,12,AR1 alpha + Basic + One-Step,NASDAQ:SHEN,0.0
2022-09-30,12,AR1 alpha + Basic + One-Step,NASDAQ:SHEN,0.0
2022-10-03,12,AR1 alpha + Basic + One-Step,NASDAQ:SHEN,0.0
2022-10-04,12,AR1 alpha + Basic + One-Step,NASDAQ:SHEN,0.0
2022-10-05,12,AR1 alpha + Basic + One-Step,NASDAQ:SHEN,5.189393735017957e-08
2022-10-06,12,AR1 alpha + Basic + One-Step,NASDAQ:SHEN,0.0
2022-10-07,12,AR1 alpha + Basic + One-Step,NASDAQ:SHEN,6.091827340192128e-09
2022-10-10,12,AR1 alpha + Basic + One-Step,NASDAQ:SHEN,0.0
2022-10-11,12,AR1 alpha + Basic + One-Step,NASDAQ:SHEN,4.933135266534414e-07
2022-10-12,12,AR1 alpha + Basic + One-Step,NASDAQ:SHEN,2.3721004339866767e-07
2022-10-13,12,AR1 alpha + Basic + One-Step,NASDAQ:SHEN,0.0
2022-10-14,12,AR1 alpha + Basic + One-Step,NASDAQ:SHEN,1.9495754755222442e-07
2022-10-17,12,AR1 alpha + Basic + One-Step,NASDAQ:SHEN,0.0
2022-10-18,12,AR1 alpha + Basic + One-Step,NASDAQ:SHEN,0.0
2022-10-19,12,AR1 alpha + Basic + One-Step,NASDAQ:SHEN,1.4572904730977582e-08
2022-10-20,12,AR1 alpha + Basic + One-Step,NASDAQ:SHEN,8.264855604076654e-10
2022-10-21,12,AR1 alpha + Basic + One-Step,NASDAQ:SHEN,1.1176641712858501e-07
2022-10-24,12,AR1 alpha + Basic + One-Step,NASDAQ:SHEN,0.0
2022-10-25,12,AR1 alpha + Basic + One-Step,NASDAQ:SHEN,0.0
2022-10-26,12,AR1 alpha + Basic + One-Step,NASDAQ:SHEN,0.0
2022-10-27,12,AR1 alpha + Basic + One-Step,NASDAQ:SHEN,0.0467509363832671
2022-10-28,12,AR1 alpha + Basic + One-Step,NASDAQ:SHEN,0.09999989214142761
2022-10-31,12,AR1 alpha + Basic + One-Step,NASDAQ:SHEN,0.08324952932144614
2022-11-01,12,AR1 alpha + Basic + One-Step,NASDAQ:SHEN,0.016824432069475957
2022-11-02,12,AR1 alpha + Basic + One-Step,NASDAQ:SHEN,8.363857653271967e-07
2022-11-03,12,AR1 alpha + Basic + One-Step,NASDAQ:SHEN,1.0806756854084218e-06
2022-11-04,12,AR1 alpha + Basic + One-Step,NASDAQ:SHEN,8.087701082655016e-07
2022-11-07,12,AR1 alpha + Basic + One-Step,NASDAQ:SHEN,8.811754143489396e-08
2022-11-08,12,AR1 alpha + Basic + One-Step,NASDAQ:SHEN,0.0
2022-11-09,12,AR1 alpha + Basic + One-Step,NASDAQ:SHEN,0.0
2022-11-10,12,AR1 alpha + Basic + One-Step,NASDAQ:SHEN,0.0
2022-11-11,12,AR1 alpha + Basic + One-Step,NASDAQ:SHEN,3.757786880083541e-08
2022-11-14,12,AR1 alpha + Basic + One-Step,NASDAQ:SHEN,0.0
2022-11-15,12,AR1 alpha + Basic + One-Step,NASDAQ:SHEN,0.0
2022-11-16,12,AR1 alpha + Basic + One-Step,NASDAQ:SHEN,0.0
2022-11-17,12,AR1 alpha + Basic + One-Step,NASDAQ:SHEN,0.0
2022-11-18,12,AR1 alpha + Basic + One-Step,NASDAQ:SHEN,4.0130952349216463e-07
2022-11-21,12,AR1 alpha + Basic + One-Step,NASDAQ:SHEN,3.302413087856761e-07
2022-11-22,12,AR1 alpha + Basic + One-Step,NASDAQ:SHEN,0.0
2022-11-23,12,AR1 alpha + Basic + One-Step,NASDAQ:SHEN,0.0
2022-11-25,12,AR1 alpha + Basic + One-Step,NASDAQ:SHEN,0.0
2022-11-28,12,AR1 alpha + Basic + One-Step,NASDAQ:SHEN,6.144467291164222e-09
2022-11-29,12,AR1 alpha + Basic + One-Step,NASDAQ:SHEN,0.0
2022-11-30,12,AR1 alpha + Basic + One-Step,NASDAQ:SHEN,1.3299050852196912e-07
2022-12-01,12,AR1 alpha + Basic + One-Step,NASDAQ:SHEN,3.708384706990476e-08
2022-12-02,12,AR1 alpha + Basic + One-Step,NASDAQ:SHEN,0.0
2022-12-05,12,AR1 alpha + Basic + One-Step,NASDAQ:SHEN,0.0
2022-12-06,12,AR1 alpha + Basic + One-Step,NASDAQ:SHEN,0.0
2022-12-07,12,AR1 alpha + Basic + One-Step,NASDAQ:SHEN,0.0
2022-12-08,12,AR1 alpha + Basic + One-Step,NASDAQ:SHEN,0.0
2022-12-09,12,AR1 alpha + Basic + One-Step,NASDAQ:SHEN,0.0
2022-12-12,12,AR1 alpha + Basic + One-Step,NASDAQ:SHEN,8.361854541461033e-09
2022-12-13,12,AR1 alpha + Basic + One-Step,NASDAQ:SHEN,0.0
2022-12-14,12,AR1 alpha + Basic + One-Step,NASDAQ:SHEN,8.994025687698962e-08
2022-12-15,12,AR1 alpha + Basic + One-Step,NASDAQ:SHEN,0.0
2022-12-16,12,AR1 alpha + Basic + One-Step,NASDAQ:SHEN,0.0
2022-12-19,12,AR1 alpha + Basic + One-Step,NASDAQ:SHEN,0.0
2022-12-20,12,AR1 alpha + Basic + One-Step,NASDAQ:SHEN,0.0
2022-12-21,12,AR1 alpha + Basic + One-Step,NASDAQ:SHEN,0.0
2022-12-22,12,AR1 alpha + Basic + One-Step,NASDAQ:SHEN,0.0
2022-12-23,12,AR1 alpha + Basic + One-Step,NASDAQ:SHEN,0.0
2022-12-27,12,AR1 alpha + Basic + One-Step,NASDAQ:SHEN,2.4820958242720344e-07
2022-12-28,12,AR1 alpha + Basic + One-Step,NASDAQ:SHEN,0.0
2022-12-29,12,AR1 alpha + Basic + One-Step,NASDAQ:SHEN,9.83555979463539e-09
2022-12-30,12,AR1 alpha + Basic + One-Step,NASDAQ:SHEN,0.0
2023-01-03,12,AR1 alpha + Basic + One-Step,NASDAQ:SHEN,1.4667541594601661e-07
2023-01-04,12,AR1 alpha + Basic + One-Step,NASDAQ:SHEN,0.0
2023-01-05,12,AR1 alpha + Basic + One-Step,NASDAQ:SHEN,0.0
2023-01-06,12,AR1 alpha + Basic + One-Step,NASDAQ:SHEN,0.0
2023-01-09,12,AR1 alpha + Basic + One-Step,NASDAQ:SHEN,0.0
2023-01-10,12,AR1 alpha + Basic + One-Step,NASDAQ:SHEN,0.0
2023-01-11,12,AR1 alpha + Basic + One-Step,NASDAQ:SHEN,1.4254454002837882e-08
2023-01-12,12,AR1 alpha + Basic + One-Step,NASDAQ:SHEN,0.0
2023-01-13,12,AR1 alpha + Basic + One-Step,NASDAQ:SHEN,1.4865975869040434e-08
2023-01-17,12,AR1 alpha + Basic + One-Step,NASDAQ:SHEN,0.0
2023-01-18,12,AR1 alpha + Basic + One-Step,NASDAQ:SHEN,0.0
2023-01-19,12,AR1 alpha + Basic + One-Step,NASDAQ:SHEN,0.0
2023-01-20,12,AR1 alpha + Basic + One-Step,NASDAQ:SHEN,0.0
2023-01-23,12,AR1 alpha + Basic + One-Step,NASDAQ:SHEN,0.0
2023-01-24,12,AR1 alpha + Basic + One-Step,NASDAQ:SHEN,0.0
2023-01-25,12,AR1 alpha + Basic + One-Step,NASDAQ:SHEN,0.0
2023-01-26,12,AR1 alpha + Basic + One-Step,NASDAQ:SHEN,0.0
2023-01-27,12,AR1 alpha + Basic + One-Step,NASDAQ:SHEN,0.0
2023-01-30,12,AR1 alpha + Basic + One-Step,NASDAQ:SHEN,0.0
2023-01-31,12,AR1 alpha + Basic + One-Step,NASDAQ:SHEN,0.0
2023-02-01,12,AR1 alpha + Basic + One-Step,NASDAQ:SHEN,0.012098762676160765
2023-02-02,12,AR1 alpha + Basic + One-Step,NASDAQ:SHEN,0.05193752762943234
2023-02-03,12,AR1 alpha + Basic + One-Step,NASDAQ:SHEN,0.0
2023-02-06,12,AR1 alpha + Basic + One-Step,NASDAQ:SHEN,0.0
2023-02-07,12,AR1 alpha + Basic + One-Step,NASDAQ:SHEN,0.0
2023-02-08,12,AR1 alpha + Basic + One-Step,NASDAQ:SHEN,0.0
2023-02-09,12,AR1 alpha + Basic + One-Step,NASDAQ:SHEN,0.0
2023-02-10,12,AR1 alpha + Basic + One-Step,NASDAQ:SHEN,0.0
2023-02-13,12,AR1 alpha + Basic + One-Step,NASDAQ:SHEN,0.0
2023-02-14,12,AR1 alpha + Basic + One-Step,NASDAQ:SHEN,0.0
2023-02-15,12,AR1 alpha + Basic + One-Step,NASDAQ:SHEN,0.0
2023-02-16,12,AR1 alpha + Basic + One-Step,NASDAQ:SHEN,0.0
2023-02-17,12,AR1 alpha + Basic + One-Step,NASDAQ:SHEN,0.0
2023-02-21,12,AR1 alpha + Basic + One-Step,NASDAQ:SHEN,4.4367942047629905e-08
2023-02-22,12,AR1 alpha + Basic + One-Step,NASDAQ:SHEN,0.0
2023-02-23,12,AR1 alpha + Basic + One-Step,NASDAQ:SHEN,0.0
2023-02-24,12,AR1 alpha + Basic + One-Step,NASDAQ:SHEN,0.0
2023-02-27,12,AR1 alpha + Basic + One-Step,NASDAQ:SHEN,0.0
2023-02-28,12,AR1 alpha + Basic + One-Step,NASDAQ:SHEN,0.0
2023-03-01,12,AR1 alpha + Basic + One-Step,NASDAQ:SHEN,0.0
2023-03-02,12,AR1 alpha + Basic + One-Step,NASDAQ:SHEN,1.16990966748034e-07
2023-03-03,12,AR1 alpha + Basic + One-Step,NASDAQ:SHEN,0.0
2023-03-06,12,AR1 alpha + Basic + One-Step,NASDAQ:SHEN,0.0
2023-03-07,12,AR1 alpha + Basic + One-Step,NASDAQ:SHEN,0.0
2023-03-08,12,AR1 alpha + Basic + One-Step,NASDAQ:SHEN,0.0
2023-03-09,12,AR1 alpha + Basic + One-Step,NASDAQ:SHEN,0.0
2023-03-10,12,AR1 alpha + Basic + One-Step,NASDAQ:SHEN,0.0
2023-03-13,12,AR1 alpha + Basic + One-Step,NASDAQ:SHEN,2.3629355395116326e-07
2023-03-14,12,AR1 alpha + Basic + One-Step,NASDAQ:SHEN,0.0
2023-03-15,12,AR1 alpha + Basic + One-Step,NASDAQ:SHEN,1.5745358356010308e-08
2023-03-16,12,AR1 alpha + Basic + One-Step,NASDAQ:SHEN,5.673275289132991e-08
2023-03-17,12,AR1 alpha + Basic + One-Step,NASDAQ:SHEN,0.0
2023-03-20,12,AR1 alpha + Basic + One-Step,NASDAQ:SHEN,6.726199102299211e-07
2023-03-21,12,AR1 alpha + Basic + One-Step,NASDAQ:SHEN,1.6627902896116727e-07
2023-03-22,12,AR1 alpha + Basic + One-Step,NASDAQ:SHEN,1.6433240950451295e-08
2023-03-23,12,AR1 alpha + Basic + One-Step,NASDAQ:SHEN,8.778646659583835e-08
2023-03-24,12,AR1 alpha + Basic + One-Step,NASDAQ:SHEN,0.0
2023-03-27,12,AR1 alpha + Basic + One-Step,NASDAQ:SHEN,0.0
2023-03-28,12,AR1 alpha + Basic + One-Step,NASDAQ:SHEN,3.4085665517857303e-08
2023-03-29,12,AR1 alpha + Basic + One-Step,NASDAQ:SHEN,0.0
2023-03-30,12,AR1 alpha + Basic + One-Step,NASDAQ:SHEN,0.0
2023-03-31,12,AR1 alpha + Basic + One-Step,NASDAQ:SHEN,2.831975907467276e-07
2023-04-03,12,AR1 alpha + Basic + One-Step,NASDAQ:SHEN,0.0
2023-04-04,12,AR1 alpha + Basic + One-Step,NASDAQ:SHEN,0.0
2023-04-05,12,AR1 alpha + Basic + One-Step,NASDAQ:SHEN,9.601848552005616e-08
2023-04-06,12,AR1 alpha + Basic + One-Step,NASDAQ:SHEN,1.6848881451807185e-07
2023-04-10,12,AR1 alpha + Basic + One-Step,NASDAQ:SHEN,0.0
2023-04-11,12,AR1 alpha + Basic + One-Step,NASDAQ:SHEN,0.0
2023-04-12,12,AR1 alpha + Basic + One-Step,NASDAQ:SHEN,0.0
2023-04-13,12,AR1 alpha + Basic + One-Step,NASDAQ:SHEN,0.0
2023-04-14,12,AR1 alpha + Basic + One-Step,NASDAQ:SHEN,0.0
2023-04-17,12,AR1 alpha + Basic + One-Step,NASDAQ:SHEN,0.0
2023-04-18,12,AR1 alpha + Basic + One-Step,NASDAQ:SHEN,0.0
2023-04-19,12,AR1 alpha + Basic + One-Step,NASDAQ:SHEN,1.5292722471598087e-09
2023-04-20,12,AR1 alpha + Basic + One-Step,NASDAQ:SHEN,4.34209400591177e-09
2023-04-21,12,AR1 alpha + Basic + One-Step,NASDAQ:SHEN,8.975430151086649e-08
2023-04-24,12,AR1 alpha + Basic + One-Step,NASDAQ:SHEN,0.0
2023-04-25,12,AR1 alpha + Basic + One-Step,NASDAQ:SHEN,0.0
2023-04-26,12,AR1 alpha + Basic + One-Step,NASDAQ:SHEN,0.0
2023-04-27,12,AR1 alpha + Basic + One-Step,NASDAQ:SHEN,2.841763542643149e-07
2023-04-28,12,AR1 alpha + Basic + One-Step,NASDAQ:SHEN,0.0026010108269334457
2023-05-01,12,AR1 alpha + Basic + One-Step,NASDAQ:SHEN,4.005425693056458e-09
2023-05-02,12,AR1 alpha + Basic + One-Step,NASDAQ:SHEN,3.900191457977709e-08
2023-05-03,12,AR1 alpha + Basic + One-Step,NASDAQ:SHEN,0.0
2023-05-04,12,AR1 alpha + Basic + One-Step,NASDAQ:SHEN,0.0
2023-05-05,12,AR1 alpha + Basic + One-Step,NASDAQ:SHEN,1.0070897433827394e-07
2023-05-08,12,AR1 alpha + Basic + One-Step,NASDAQ:SHEN,0.0
2023-05-09,12,AR1 alpha + Basic + One-Step,NASDAQ:SHEN,0.0
2023-05-10,12,AR1 alpha + Basic + One-Step,NASDAQ:SHEN,0.0
2023-05-11,12,AR1 alpha + Basic + One-Step,NASDAQ:SHEN,1.9376662530800684e-07
2023-05-12,12,AR1 alpha + Basic + One-Step,NASDAQ:SHEN,4.5760913598872305e-07
2023-05-15,12,AR1 alpha + Basic + One-Step,NASDAQ:SHEN,1.6305646282840678e-07
2023-05-16,12,AR1 alpha + Basic + One-Step,NASDAQ:SHEN,0.0
2023-05-17,12,AR1 alpha + Basic + One-Step,NASDAQ:SHEN,2.8206519618846064e-08
2023-05-18,12,AR1 alpha + Basic + One-Step,NASDAQ:SHEN,0.0
2023-05-19,12,AR1 alpha + Basic + One-Step,NASDAQ:SHEN,0.0
2023-05-22,12,AR1 alpha + Basic + One-Step,NASDAQ:SHEN,0.0
2023-05-23,12,AR1 alpha + Basic + One-Step,NASDAQ:SHEN,0.0
2023-05-24,12,AR1 alpha + Basic + One-Step,NASDAQ:SHEN,5.765096792556213e-09
2023-05-25,12,AR1 alpha + Basic + One-Step,NASDAQ:SHEN,0.0
2023-05-26,12,AR1 alpha + Basic + One-Step,NASDAQ:SHEN,0.0
2023-05-30,12,AR1 alpha + Basic + One-Step,NASDAQ:SHEN,0.0
2023-05-31,12,AR1 alpha + Basic + One-Step,NASDAQ:SHEN,0.0
2023-06-01,12,AR1 alpha + Basic + One-Step,NASDAQ:SHEN,0.0
2023-06-02,12,AR1 alpha + Basic + One-Step,NASDAQ:SHEN,0.0
2023-06-05,12,AR1 alpha + Basic + One-Step,NASDAQ:SHEN,0.0
2023-06-06,12,AR1 alpha + Basic + One-Step,NASDAQ:SHEN,6.175683529487452e-07
2023-06-07,12,AR1 alpha + Basic + One-Step,NASDAQ:SHEN,8.732643414800398e-08
2023-06-08,12,AR1 alpha + Basic + One-Step,NASDAQ:SHEN,1.1325440679687484e-08
2023-06-09,12,AR1 alpha + Basic + One-Step,NASDAQ:SHEN,6.142896215179679e-07
2023-06-12,12,AR1 alpha + Basic + One-Step,NASDAQ:SHEN,0.0
2023-06-13,12,AR1 alpha + Basic + One-Step,NASDAQ:SHEN,6.757093545998818e-08
2023-06-14,12,AR1 alpha + Basic + One-Step,NASDAQ:SHEN,0.0
2023-06-15,12,AR1 alpha + Basic + One-Step,NASDAQ:SHEN,0.0
2023-06-16,12,AR1 alpha + Basic + One-Step,NASDAQ:SHEN,6.8442580019565786e-09
2023-06-20,12,AR1 alpha + Basic + One-Step,NASDAQ:SHEN,0.0
2023-06-21,12,AR1 alpha + Basic + One-Step,NASDAQ:SHEN,0.0
2023-06-22,12,AR1 alpha + Basic + One-Step,NASDAQ:SHEN,3.703371298929208e-09
2023-06-23,12,AR1 alpha + Basic + One-Step,NASDAQ:SHEN,0.0
2023-06-26,12,AR1 alpha + Basic + One-Step,NASDAQ:SHEN,0.0
2023-06-27,12,AR1 alpha + Basic + One-Step,NASDAQ:SHEN,0.0
2023-06-28,12,AR1 alpha + Basic + One-Step,NASDAQ:SHEN,0.0
2023-06-29,12,AR1 alpha + Basic + One-Step,NASDAQ:SHEN,0.0
2023-06-30,12,AR1 alpha + Basic + One-Step,NASDAQ:SHEN,0.0
2023-07-03,12,AR1 alpha + Basic + One-Step,NASDAQ:SHEN,0.0
2023-07-05,12,AR1 alpha + Basic + One-Step,NASDAQ:SHEN,8.376010938563168e-07
2023-07-06,12,AR1 alpha + Basic + One-Step,NASDAQ:SHEN,0.0
2023-07-07,12,AR1 alpha + Basic + One-Step,NASDAQ:SHEN,0.0
2023-07-10,12,AR1 alpha + Basic + One-Step,NASDAQ:SHEN,7.927699080045607e-07
2023-07-11,12,AR1 alpha + Basic + One-Step,NASDAQ:SHEN,0.0
2023-07-12,12,AR1 alpha + Basic + One-Step,NASDAQ:SHEN,0.0
2023-07-13,12,AR1 alpha + Basic + One-Step,NASDAQ:SHEN,0.0
2023-07-14,12,AR1 alpha + Basic + One-Step,NASDAQ:SHEN,1.652826557668737e-07
2023-07-17,12,AR1 alpha + Basic + One-Step,NASDAQ:SHEN,3.2269103819610114e-07
2023-07-18,12,AR1 alpha + Basic + One-Step,NASDAQ:SHEN,8.313707676516273e-07
2023-07-19,12,AR1 alpha + Basic + One-Step,NASDAQ:SHEN,0.0
2023-07-20,12,AR1 alpha + Basic + One-Step,NASDAQ:SHEN,0.0
2023-07-21,12,AR1 alpha + Basic + One-Step,NASDAQ:SHEN,0.0
2023-07-24,12,AR1 alpha + Basic + One-Step,NASDAQ:SHEN,0.0
2023-07-25,12,AR1 alpha + Basic + One-Step,NASDAQ:SHEN,0.0
2023-07-26,12,AR1 alpha + Basic + One-Step,NASDAQ:SHEN,0.0
2023-07-27,12,AR1 alpha + Basic + One-Step,NASDAQ:SHEN,0.0
2023-07-28,12,AR1 alpha + Basic + One-Step,NASDAQ:SHEN,0.0
2023-07-31,12,AR1 alpha + Basic + One-Step,NASDAQ:SHEN,0.0
2023-08-01,12,AR1 alpha + Basic + One-Step,NASDAQ:SHEN,0.0
2023-08-02,12,AR1 alpha + Basic + One-Step,NASDAQ:SHEN,0.0
2023-08-03,12,AR1 alpha + Basic + One-Step,NASDAQ:SHEN,0.0
2023-08-04,12,AR1 alpha + Basic + One-Step,NASDAQ:SHEN,0.0
2023-08-07,12,AR1 alpha + Basic + One-Step,NASDAQ:SHEN,1.0469425684593862e-09
2023-08-08,12,AR1 alpha + Basic + One-Step,NASDAQ:SHEN,0.0
2023-08-09,12,AR1 alpha + Basic + One-Step,NASDAQ:SHEN,0.0
2023-08-10,12,AR1 alpha + Basic + One-Step,NASDAQ:SHEN,0.0
2023-08-11,12,AR1 alpha + Basic + One-Step,NASDAQ:SHEN,6.231063125729455e-07
2023-08-14,12,AR1 alpha + Basic + One-Step,NASDAQ:SHEN,0.0
2023-08-15,12,AR1 alpha + Basic + One-Step,NASDAQ:SHEN,0.0
2023-08-16,12,AR1 alpha + Basic + One-Step,NASDAQ:SHEN,0.0
2023-08-17,12,AR1 alpha + Basic + One-Step,NASDAQ:SHEN,0.0
2023-08-18,12,AR1 alpha + Basic + One-Step,NASDAQ:SHEN,0.0
2023-08-21,12,AR1 alpha + Basic + One-Step,NASDAQ:SHEN,0.0
2023-08-22,12,AR1 alpha + Basic + One-Step,NASDAQ:SHEN,0.0
2023-08-23,12,AR1 alpha + Basic + One-Step,NASDAQ:SHEN,6.224794052693645e-08
2023-08-24,12,AR1 alpha + Basic + One-Step,NASDAQ:SHEN,0.0
2023-08-25,12,AR1 alpha + Basic + One-Step,NASDAQ:SHEN,5.426110196637606e-08
2023-08-28,12,AR1 alpha + Basic + One-Step,NASDAQ:SHEN,1.4681054337565473e-07
2023-08-29,12,AR1 alpha + Basic + One-Step,NASDAQ:SHEN,0.0
2023-08-30,12,AR1 alpha + Basic + One-Step,NASDAQ:SHEN,0.0
2023-08-31,12,AR1 alpha + Basic + One-Step,NASDAQ:SHEN,0.0
2023-09-01,12,AR1 alpha + Basic + One-Step,NASDAQ:SHEN,0.0
2023-09-05,12,AR1 alpha + Basic + One-Step,NASDAQ:SHEN,0.0
2023-09-06,12,AR1 alpha + Basic + One-Step,NASDAQ:SHEN,4.8063912114175376e-09
2023-09-07,12,AR1 alpha + Basic + One-Step,NASDAQ:SHEN,1.1374130611198306e-06
2023-09-08,12,AR1 alpha + Basic + One-Step,NASDAQ:SHEN,7.464701856818251e-07
2023-09-11,12,AR1 alpha + Basic + One-Step,NASDAQ:SHEN,2.2205324593823537e-07
2023-09-12,12,AR1 alpha + Basic + One-Step,NASDAQ:SHEN,2.2486278677868817e-06
2023-09-13,12,AR1 alpha + Basic + One-Step,NASDAQ:SHEN,0.0
2023-09-14,12,AR1 alpha + Basic + One-Step,NASDAQ:SHEN,0.0
2023-09-15,12,AR1 alpha + Basic + One-Step,NASDAQ:SHEN,0.0
2023-09-18,12,AR1 alpha + Basic + One-Step,NASDAQ:SHEN,0.0
2023-09-19,12,AR1 alpha + Basic + One-Step,NASDAQ:SHEN,7.475850883967025e-09
2023-09-20,12,AR1 alpha + Basic + One-Step,NASDAQ:SHEN,0.0
2023-09-21,12,AR1 alpha + Basic + One-Step,NASDAQ:SHEN,0.0
2023-09-22,12,AR1 alpha + Basic + One-Step,NASDAQ:SHEN,0.0
2023-09-25,12,AR1 alpha + Basic + One-Step,NASDAQ:SHEN,0.0
2023-09-26,12,AR1 alpha + Basic + One-Step,NASDAQ:SHEN,0.0
2023-09-27,12,AR1 alpha + Basic + One-Step,NASDAQ:SHEN,0.0
2023-09-28,12,AR1 alpha + Basic + One-Step,NASDAQ:SHEN,0.0
2023-09-29,12,AR1 alpha + Basic + One-Step,NASDAQ:SHEN,1.4303684109040257e-09
2023-10-02,12,AR1 alpha + Basic + One-Step,NASDAQ:SHEN,0.0
2023-10-03,12,AR1 alpha + Basic + One-Step,NASDAQ:SHEN,0.0
2023-10-04,12,AR1 alpha + Basic + One-Step,NASDAQ:SHEN,0.0
2023-10-05,12,AR1 alpha + Basic + One-Step,NASDAQ:SHEN,0.0
2023-10-06,12,AR1 alpha + Basic + One-Step,NASDAQ:SHEN,0.0
2023-10-09,12,AR1 alpha + Basic + One-Step,NASDAQ:SHEN,0.0
2023-10-10,12,AR1 alpha + Basic + One-Step,NASDAQ:SHEN,0.0
2023-10-11,12,AR1 alpha + Basic + One-Step,NASDAQ:SHEN,1.303538347383292e-08
2023-10-12,12,AR1 alpha + Basic + One-Step,NASDAQ:SHEN,0.0
2023-10-13,12,AR1 alpha + Basic + One-Step,NASDAQ:SHEN,5.978999889513473e-09
2023-10-16,12,AR1 alpha + Basic + One-Step,NASDAQ:SHEN,0.0
2023-10-17,12,AR1 alpha + Basic + One-Step,NASDAQ:SHEN,5.057278454130865e-07
2023-10-18,12,AR1 alpha + Basic + One-Step,NASDAQ:SHEN,0.0
2023-10-19,12,AR1 alpha + Basic + One-Step,NASDAQ:SHEN,0.0
2023-10-20,12,AR1 alpha + Basic + One-Step,NASDAQ:SHEN,0.0
2023-10-23,12,AR1 alpha + Basic + One-Step,NASDAQ:SHEN,0.0
2023-10-24,12,AR1 alpha + Basic + One-Step,NASDAQ:SHEN,0.0
2023-10-25,12,AR1 alpha + Basic + One-Step,NASDAQ:SHEN,0.0
2023-10-26,12,AR1 alpha + Basic + One-Step,NASDAQ:SHEN,0.0
2023-10-27,12,AR1 alpha + Basic + One-Step,NASDAQ:SHEN,0.0
2023-10-30,12,AR1 alpha + Basic + One-Step,NASDAQ:SHEN,1.8071880680008578e-09
2023-10-31,12,AR1 alpha + Basic + One-Step,NASDAQ:SHEN,0.0
2023-11-01,12,AR1 alpha + Basic + One-Step,NASDAQ:SHEN,0.0
2023-11-02,12,AR1 alpha + Basic + One-Step,NASDAQ:SHEN,0.0
2023-11-03,12,AR1 alpha + Basic + One-Step,NASDAQ:SHEN,0.0
2023-11-06,12,AR1 alpha + Basic + One-Step,NASDAQ:SHEN,0.0
2023-11-07,12,AR1 alpha + Basic + One-Step,NASDAQ:SHEN,0.016219398493962527
2023-11-08,12,AR1 alpha + Basic + One-Step,NASDAQ:SHEN,0.036737849834381046
2023-11-09,12,AR1 alpha + Basic + One-Step,NASDAQ:SHEN,0.0496145924019901
2023-11-10,12,AR1 alpha + Basic + One-Step,NASDAQ:SHEN,0.07855532152359365
2023-11-13,12,AR1 alpha + Basic + One-Step,NASDAQ:SHEN,0.08928369774697925
2023-11-14,12,AR1 alpha + Basic + One-Step,NASDAQ:SHEN,0.0
2023-11-15,12,AR1 alpha + Basic + One-Step,NASDAQ:SHEN,0.0
2023-11-16,12,AR1 alpha + Basic + One-Step,NASDAQ:SHEN,0.051094990858509735
2023-11-17,12,AR1 alpha + Basic + One-Step,NASDAQ:SHEN,0.05109506971720753
2023-11-20,12,AR1 alpha + Basic + One-Step,NASDAQ:SHEN,0.06422760585673346
2023-11-21,12,AR1 alpha + Basic + One-Step,NASDAQ:SHEN,0.0999998120656049
2023-11-22,12,AR1 alpha + Basic + One-Step,NASDAQ:SHEN,0.07901218881438583
2023-11-24,12,AR1 alpha + Basic + One-Step,NASDAQ:SHEN,0.0317071383033551
2023-11-27,12,AR1 alpha + Basic + One-Step,NASDAQ:SHEN,0.04355802475623847
2023-11-28,12,AR1 alpha + Basic + One-Step,NASDAQ:SHEN,0.09708435846943261
2023-11-29,12,AR1 alpha + Basic + One-Step,NASDAQ:SHEN,0.09999997415190573
2023-11-30,12,AR1 alpha + Basic + One-Step,NASDAQ:SHEN,0.08834041084419714
2023-12-01,12,AR1 alpha + Basic + One-Step,NASDAQ:SHEN,0.02687909631970001
2023-12-04,12,AR1 alpha + Basic + One-Step,NASDAQ:SHEN,0.02083605139124854
2023-12-05,12,AR1 alpha + Basic + One-Step,NASDAQ:SHEN,0.08814777537052082
2023-12-06,12,AR1 alpha + Basic + One-Step,NASDAQ:SHEN,0.09751283625045656
2023-12-07,12,AR1 alpha + Basic + One-Step,NASDAQ:SHEN,0.07135792677481655
2023-12-08,12,AR1 alpha + Basic + One-Step,NASDAQ:SHEN,0.09571719268591834
2023-12-11,12,AR1 alpha + Basic + One-Step,NASDAQ:SHEN,0.05257413006788995
2023-12-12,12,AR1 alpha + Basic + One-Step,NASDAQ:SHEN,0.03396286416966495
2023-12-13,12,AR1 alpha + Basic + One-Step,NASDAQ:SHEN,0.0
2023-12-14,12,AR1 alpha + Basic + One-Step,NASDAQ:SHEN,0.0
2023-12-15,12,AR1 alpha + Basic + One-Step,NASDAQ:SHEN,0.0
2023-12-18,12,AR1 alpha + Basic + One-Step,NASDAQ:SHEN,0.0
2023-12-19,12,AR1 alpha + Basic + One-Step,NASDAQ:SHEN,0.0
2023-12-20,12,AR1 alpha + Basic + One-Step,NASDAQ:SHEN,0.0
2023-12-21,12,AR1 alpha + Basic + One-Step,NASDAQ:SHEN,0.0
2023-12-22,12,AR1 alpha + Basic + One-Step,NASDAQ:SHEN,5.327422612094706e-07
2023-12-26,12,AR1 alpha + Basic + One-Step,NASDAQ:SHEN,0.0
2023-12-27,12,AR1 alpha + Basic + One-Step,NASDAQ:SHEN,1.8353878409004243e-08
2023-12-28,12,AR1 alpha + Basic + One-Step,NASDAQ:SHEN,0.0
2023-12-29,12,AR1 alpha + Basic + One-Step,NASDAQ:SHEN,0.0
2024-01-02,12,AR1 alpha + Basic + One-Step,NASDAQ:SHEN,0.02814347684254143
2024-01-03,12,AR1 alpha + Basic + One-Step,NASDAQ:SHEN,0.017504084230570077
2024-01-04,12,AR1 alpha + Basic + One-Step,NASDAQ:SHEN,0.05469218571857427
2024-01-05,12,AR1 alpha + Basic + One-Step,NASDAQ:SHEN,0.06562176461302685
2024-01-08,12,AR1 alpha + Basic + One-Step,NASDAQ:SHEN,0.04737669144475671
2024-01-09,12,AR1 alpha + Basic + One-Step,NASDAQ:SHEN,0.04795909292413246
2024-01-10,12,AR1 alpha + Basic + One-Step,NASDAQ:SHEN,0.06532376071493298
2024-01-11,12,AR1 alpha + Basic + One-Step,NASDAQ:SHEN,0.10000073512084377
2024-01-12,12,AR1 alpha + Basic + One-Step,NASDAQ:SHEN,0.04649006274301043
2024-01-16,12,AR1 alpha + Basic + One-Step,NASDAQ:SHEN,0.05739157443166108
2024-01-17,12,AR1 alpha + Basic + One-Step,NASDAQ:SHEN,0.09999399163156962
2024-01-18,12,AR1 alpha + Basic + One-Step,NASDAQ:SHEN,0.08646639274643564
2024-01-19,12,AR1 alpha + Basic + One-Step,NASDAQ:SHEN,0.0
2024-01-22,12,AR1 alpha + Basic + One-Step,NASDAQ:SHEN,0.0
2024-01-23,12,AR1 alpha + Basic + One-Step,NASDAQ:SHEN,0.0
2024-01-24,12,AR1 alpha + Basic + One-Step,NASDAQ:SHEN,2.2180368497986027e-07
2024-01-25,12,AR1 alpha + Basic + One-Step,NASDAQ:SHEN,6.376471514076178e-08
2024-01-26,12,AR1 alpha + Basic + One-Step,NASDAQ:SHEN,0.0
2024-01-29,12,AR1 alpha + Basic + One-Step,NASDAQ:SHEN,0.0
2024-01-30,12,AR1 alpha + Basic + One-Step,NASDAQ:SHEN,0.0
2024-01-31,12,AR1 alpha + Basic + One-Step,NASDAQ:SHEN,0.0
2024-02-01,12,AR1 alpha + Basic + One-Step,NASDAQ:SHEN,0.0
2024-02-02,12,AR1 alpha + Basic + One-Step,NASDAQ:SHEN,0.0
2024-02-05,12,AR1 alpha + Basic + One-Step,NASDAQ:SHEN,0.0
2024-02-06,12,AR1 alpha + Basic + One-Step,NASDAQ:SHEN,0.04011794152567436
2024-02-07,12,AR1 alpha + Basic + One-Step,NASDAQ:SHEN,0.10000003240756335
2024-02-08,12,AR1 alpha + Basic + One-Step,NASDAQ:SHEN,0.0036118155109298128
2024-02-09,12,AR1 alpha + Basic + One-Step,NASDAQ:SHEN,0.0
2024-02-12,12,AR1 alpha + Basic + One-Step,NASDAQ:SHEN,0.0
2024-02-13,12,AR1 alpha + Basic + One-Step,NASDAQ:SHEN,0.0
2024-02-14,12,AR1 alpha + Basic + One-Step,NASDAQ:SHEN,0.0057815830097873566
2024-02-15,12,AR1 alpha + Basic + One-Step,NASDAQ:SHEN,1.27093777812483e-07
2024-02-16,12,AR1 alpha + Basic + One-Step,NASDAQ:SHEN,0.020242108713357704
2024-02-20,12,AR1 alpha + Basic + One-Step,NASDAQ:SHEN,0.04771324010369941
2024-02-21,12,AR1 alpha + Basic + One-Step,NASDAQ:SHEN,0.0
2024-02-22,12,AR1 alpha + Basic + One-Step,NASDAQ:SHEN,0.09999389440282
2024-02-23,12,AR1 alpha + Basic + One-Step,NASDAQ:SHEN,0.09999632359102113
2024-02-26,12,AR1 alpha + Basic + One-Step,NASDAQ:SHEN,0.09121998768065084
2024-02-27,12,AR1 alpha + Basic + One-Step,NASDAQ:SHEN,0.02783238263287834
2024-02-28,12,AR1 alpha + Basic + One-Step,NASDAQ:SHEN,0.024885848764554932
2024-02-29,12,AR1 alpha + Basic + One-Step,NASDAQ:SHEN,0.0
2024-03-01,12,AR1 alpha + Basic + One-Step,NASDAQ:SHEN,0.0
2024-03-04,12,AR1 alpha + Basic + One-Step,NASDAQ:SHEN,0.0
2024-03-05,12,AR1 alpha + Basic + One-Step,NASDAQ:SHEN,0.0
2024-03-06,12,AR1 alpha + Basic + One-Step,NASDAQ:SHEN,0.0
2024-03-07,12,AR1 alpha + Basic + One-Step,NASDAQ:SHEN,0.0
2024-03-08,12,AR1 alpha + Basic + One-Step,NASDAQ:SHEN,0.0
2024-03-11,12,AR1 alpha + Basic + One-Step,NASDAQ:SHEN,0.0
2024-03-12,12,AR1 alpha + Basic + One-Step,NASDAQ:SHEN,0.0
2024-03-13,12,AR1 alpha + Basic + One-Step,NASDAQ:SHEN,0.0
2024-03-14,12,AR1 alpha + Basic + One-Step,NASDAQ:SHEN,1.750113043660958e-07
2024-03-15,12,AR1 alpha + Basic + One-Step,NASDAQ:SHEN,1.243748069768406e-07
2024-03-18,12,AR1 alpha + Basic + One-Step,NASDAQ:SHEN,0.0
2024-03-19,12,AR1 alpha + Basic + One-Step,NASDAQ:SHEN,0.0
2024-03-20,12,AR1 alpha + Basic + One-Step,NASDAQ:SHEN,0.0
2024-03-21,12,AR1 alpha + Basic + One-Step,NASDAQ:SHEN,3.9790030706876904e-08
2024-03-22,12,AR1 alpha + Basic + One-Step,NASDAQ:SHEN,0.0
2024-03-25,12,AR1 alpha + Basic + One-Step,NASDAQ:SHEN,0.0
2024-03-26,12,AR1 alpha + Basic + One-Step,NASDAQ:SHEN,0.0
2024-03-27,12,AR1 alpha + Basic + One-Step,NASDAQ:SHEN,0.0
2024-03-28,12,AR1 alpha + Basic + One-Step,NASDAQ:SHEN,0.0
2024-04-01,12,AR1 alpha + Basic + One-Step,NASDAQ:SHEN,1.6050721602429489e-06
2024-04-02,12,AR1 alpha + Basic + One-Step,NASDAQ:SHEN,0.0
2024-04-03,12,AR1 alpha + Basic + One-Step,NASDAQ:SHEN,0.0
2024-04-04,12,AR1 alpha + Basic + One-Step,NASDAQ:SHEN,0.0
2024-04-05,12,AR1 alpha + Basic + One-Step,NASDAQ:SHEN,0.0
2024-04-08,12,AR1 alpha + Basic + One-Step,NASDAQ:SHEN,0.0
2024-04-09,12,AR1 alpha + Basic + One-Step,NASDAQ:SHEN,0.0
2024-04-10,12,AR1 alpha + Basic + One-Step,NASDAQ:SHEN,6.13495277876876e-07
2024-04-11,12,AR1 alpha + Basic + One-Step,NASDAQ:SHEN,0.0
2024-04-12,12,AR1 alpha + Basic + One-Step,NASDAQ:SHEN,0.0
2024-04-15,12,AR1 alpha + Basic + One-Step,NASDAQ:SHEN,0.0
2024-04-16,12,AR1 alpha + Basic + One-Step,NASDAQ:SHEN,0.0
2024-04-17,12,AR1 alpha + Basic + One-Step,NASDAQ:SHEN,1.4203409268872947e-08
2024-04-18,12,AR1 alpha + Basic + One-Step,NASDAQ:SHEN,0.0
2024-04-19,12,AR1 alpha + Basic + One-Step,NASDAQ:SHEN,0.0
2020-03-25,12,AR1 alpha + Basic + One-Step,NASDAQ:FARO,0.02
2020-03-26,12,AR1 alpha + Basic + One-Step,NASDAQ:FARO,0.019999999999999997
2020-03-27,12,AR1 alpha + Basic + One-Step,NASDAQ:FARO,0.1
2020-03-30,12,AR1 alpha + Basic + One-Step,NASDAQ:FARO,0.0
2020-03-31,12,AR1 alpha + Basic + One-Step,NASDAQ:FARO,0.0
2020-04-01,12,AR1 alpha + Basic + One-Step,NASDAQ:FARO,0.0
2020-04-02,12,AR1 alpha + Basic + One-Step,NASDAQ:FARO,9.006053913551838e-09
2020-04-03,12,AR1 alpha + Basic + One-Step,NASDAQ:FARO,6.223385439913161e-08
2020-04-06,12,AR1 alpha + Basic + One-Step,NASDAQ:FARO,0.0
2020-04-07,12,AR1 alpha + Basic + One-Step,NASDAQ:FARO,5.2757086449879006e-08
2020-04-08,12,AR1 alpha + Basic + One-Step,NASDAQ:FARO,0.0
2020-04-09,12,AR1 alpha + Basic + One-Step,NASDAQ:FARO,0.0
2020-04-13,12,AR1 alpha + Basic + One-Step,NASDAQ:FARO,0.0
2020-04-14,12,AR1 alpha + Basic + One-Step,NASDAQ:FARO,0.0
2020-04-15,12,AR1 alpha + Basic + One-Step,NASDAQ:FARO,0.0
2020-04-16,12,AR1 alpha + Basic + One-Step,NASDAQ:FARO,0.0
2020-04-17,12,AR1 alpha + Basic + One-Step,NASDAQ:FARO,0.0
2020-04-20,12,AR1 alpha + Basic + One-Step,NASDAQ:FARO,0.0
2020-04-21,12,AR1 alpha + Basic + One-Step,NASDAQ:FARO,0.0
2020-04-22,12,AR1 alpha + Basic + One-Step,NASDAQ:FARO,0.0
2020-04-23,12,AR1 alpha + Basic + One-Step,NASDAQ:FARO,0.0
2020-04-24,12,AR1 alpha + Basic + One-Step,NASDAQ:FARO,0.0
2020-04-27,12,AR1 alpha + Basic + One-Step,NASDAQ:FARO,0.0
2020-04-28,12,AR1 alpha + Basic + One-Step,NASDAQ:FARO,0.0
2020-04-29,12,AR1 alpha + Basic + One-Step,NASDAQ:FARO,3.831694900457242e-07
2020-04-30,12,AR1 alpha + Basic + One-Step,NASDAQ:FARO,0.0
2020-05-01,12,AR1 alpha + Basic + One-Step,NASDAQ:FARO,2.9045602739199628e-08
2020-05-04,12,AR1 alpha + Basic + One-Step,NASDAQ:FARO,0.0
2020-05-05,12,AR1 alpha + Basic + One-Step,NASDAQ:FARO,3.026327941702957e-07
2020-05-06,12,AR1 alpha + Basic + One-Step,NASDAQ:FARO,0.09999763420243113
2020-05-07,12,AR1 alpha + Basic + One-Step,NASDAQ:FARO,0.09999815116234488
2020-05-08,12,AR1 alpha + Basic + One-Step,NASDAQ:FARO,0.03212525398382003
2020-05-11,12,AR1 alpha + Basic + One-Step,NASDAQ:FARO,0.09999838174675572
2020-05-12,12,AR1 alpha + Basic + One-Step,NASDAQ:FARO,0.09999677030205448
2020-05-13,12,AR1 alpha + Basic + One-Step,NASDAQ:FARO,0.09999648850299218
2020-05-14,12,AR1 alpha + Basic + One-Step,NASDAQ:FARO,0.09999816861796784
2020-05-15,12,AR1 alpha + Basic + One-Step,NASDAQ:FARO,0.09999883535373323
2020-05-18,12,AR1 alpha + Basic + One-Step,NASDAQ:FARO,0.0
2020-05-19,12,AR1 alpha + Basic + One-Step,NASDAQ:FARO,0.0
2020-05-20,12,AR1 alpha + Basic + One-Step,NASDAQ:FARO,0.0
2020-05-21,12,AR1 alpha + Basic + One-Step,NASDAQ:FARO,0.003394833226881622
2020-05-22,12,AR1 alpha + Basic + One-Step,NASDAQ:FARO,1.8916851333727653e-07
2020-05-26,12,AR1 alpha + Basic + One-Step,NASDAQ:FARO,1.249769457781989e-07
2020-05-27,12,AR1 alpha + Basic + One-Step,NASDAQ:FARO,5.696054212456713e-07
2020-05-28,12,AR1 alpha + Basic + One-Step,NASDAQ:FARO,0.10000000000000006
2020-05-29,12,AR1 alpha + Basic + One-Step,NASDAQ:FARO,0.09999998446364351
2020-06-01,12,AR1 alpha + Basic + One-Step,NASDAQ:FARO,0.09271101504890482
2020-06-02,12,AR1 alpha + Basic + One-Step,NASDAQ:FARO,0.10000076199188729
2020-06-03,12,AR1 alpha + Basic + One-Step,NASDAQ:FARO,0.0
2020-06-04,12,AR1 alpha + Basic + One-Step,NASDAQ:FARO,0.09012806533206798
2020-06-05,12,AR1 alpha + Basic + One-Step,NASDAQ:FARO,4.726082985985364e-07
2020-06-08,12,AR1 alpha + Basic + One-Step,NASDAQ:FARO,0.09944051272764613
2020-06-09,12,AR1 alpha + Basic + One-Step,NASDAQ:FARO,0.09999110186194107
2020-06-10,12,AR1 alpha + Basic + One-Step,NASDAQ:FARO,0.09998790372051375
2020-06-11,12,AR1 alpha + Basic + One-Step,NASDAQ:FARO,0.09999145571295033
2020-06-12,12,AR1 alpha + Basic + One-Step,NASDAQ:FARO,0.09999547213249046
2020-06-15,12,AR1 alpha + Basic + One-Step,NASDAQ:FARO,0.042850556010386724
2020-06-16,12,AR1 alpha + Basic + One-Step,NASDAQ:FARO,0.1000003657870533
2020-06-17,12,AR1 alpha + Basic + One-Step,NASDAQ:FARO,0.07161090930805884
2020-06-18,12,AR1 alpha + Basic + One-Step,NASDAQ:FARO,0.05812604783452308
2020-06-19,12,AR1 alpha + Basic + One-Step,NASDAQ:FARO,0.09999819249196248
2020-06-22,12,AR1 alpha + Basic + One-Step,NASDAQ:FARO,0.0999933052848938
2020-06-23,12,AR1 alpha + Basic + One-Step,NASDAQ:FARO,0.04356197477766057
2020-06-24,12,AR1 alpha + Basic + One-Step,NASDAQ:FARO,2.008789416250288e-07
2020-06-25,12,AR1 alpha + Basic + One-Step,NASDAQ:FARO,0.0
2020-06-26,12,AR1 alpha + Basic + One-Step,NASDAQ:FARO,0.0
2020-06-29,12,AR1 alpha + Basic + One-Step,NASDAQ:FARO,0.0
2020-06-30,12,AR1 alpha + Basic + One-Step,NASDAQ:FARO,2.7074749439757856e-08
2020-07-01,12,AR1 alpha + Basic + One-Step,NASDAQ:FARO,0.0
2020-07-02,12,AR1 alpha + Basic + One-Step,NASDAQ:FARO,1.4190158981498533e-09
2020-07-06,12,AR1 alpha + Basic + One-Step,NASDAQ:FARO,0.0
2020-07-07,12,AR1 alpha + Basic + One-Step,NASDAQ:FARO,0.0
2020-07-08,12,AR1 alpha + Basic + One-Step,NASDAQ:FARO,3.772086408601606e-09
2020-07-09,12,AR1 alpha + Basic + One-Step,NASDAQ:FARO,2.0464528281355782e-07
2020-07-10,12,AR1 alpha + Basic + One-Step,NASDAQ:FARO,2.6719507883478024e-07
2020-07-13,12,AR1 alpha + Basic + One-Step,NASDAQ:FARO,8.777736240951107e-08
2020-07-14,12,AR1 alpha + Basic + One-Step,NASDAQ:FARO,0.0
2020-07-15,12,AR1 alpha + Basic + One-Step,NASDAQ:FARO,8.23016462844059e-08
2020-07-16,12,AR1 alpha + Basic + One-Step,NASDAQ:FARO,0.0
2020-07-17,12,AR1 alpha + Basic + One-Step,NASDAQ:FARO,0.0
2020-07-20,12,AR1 alpha + Basic + One-Step,NASDAQ:FARO,1.3202608325368237e-07
2020-07-21,12,AR1 alpha + Basic + One-Step,NASDAQ:FARO,0.0
2020-07-22,12,AR1 alpha + Basic + One-Step,NASDAQ:FARO,0.0
2020-07-23,12,AR1 alpha + Basic + One-Step,NASDAQ:FARO,0.0
2020-07-24,12,AR1 alpha + Basic + One-Step,NASDAQ:FARO,5.679789949203714e-07
2020-07-27,12,AR1 alpha + Basic + One-Step,NASDAQ:FARO,3.7276099888117386e-07
2020-07-28,12,AR1 alpha + Basic + One-Step,NASDAQ:FARO,0.0
2020-07-29,12,AR1 alpha + Basic + One-Step,NASDAQ:FARO,0.0
2020-07-30,12,AR1 alpha + Basic + One-Step,NASDAQ:FARO,0.0
2020-07-31,12,AR1 alpha + Basic + One-Step,NASDAQ:FARO,0.0
2020-08-03,12,AR1 alpha + Basic + One-Step,NASDAQ:FARO,0.0
2020-08-04,12,AR1 alpha + Basic + One-Step,NASDAQ:FARO,0.0
2020-08-05,12,AR1 alpha + Basic + One-Step,NASDAQ:FARO,0.0
2020-08-06,12,AR1 alpha + Basic + One-Step,NASDAQ:FARO,0.0
2020-08-07,12,AR1 alpha + Basic + One-Step,NASDAQ:FARO,0.0
2020-08-10,12,AR1 alpha + Basic + One-Step,NASDAQ:FARO,0.0
2020-08-11,12,AR1 alpha + Basic + One-Step,NASDAQ:FARO,0.0
2020-08-12,12,AR1 alpha + Basic + One-Step,NASDAQ:FARO,0.0
2020-08-13,12,AR1 alpha + Basic + One-Step,NASDAQ:FARO,0.0
2020-08-14,12,AR1 alpha + Basic + One-Step,NASDAQ:FARO,0.0
2020-08-17,12,AR1 alpha + Basic + One-Step,NASDAQ:FARO,0.0
2020-08-18,12,AR1 alpha + Basic + One-Step,NASDAQ:FARO,0.0
2020-08-19,12,AR1 alpha + Basic + One-Step,NASDAQ:FARO,0.009538418489981467
2020-08-20,12,AR1 alpha + Basic + One-Step,NASDAQ:FARO,0.10000050231486751
2020-08-21,12,AR1 alpha + Basic + One-Step,NASDAQ:FARO,0.07813743566132983
2020-08-24,12,AR1 alpha + Basic + One-Step,NASDAQ:FARO,0.08387305247595997
2020-08-25,12,AR1 alpha + Basic + One-Step,NASDAQ:FARO,0.07236176700500353
2020-08-26,12,AR1 alpha + Basic + One-Step,NASDAQ:FARO,0.09999318645615844
2020-08-27,12,AR1 alpha + Basic + One-Step,NASDAQ:FARO,0.07275939521686953
2020-08-28,12,AR1 alpha + Basic + One-Step,NASDAQ:FARO,0.0
2020-08-31,12,AR1 alpha + Basic + One-Step,NASDAQ:FARO,0.0
2020-09-01,12,AR1 alpha + Basic + One-Step,NASDAQ:FARO,0.0
2020-09-02,12,AR1 alpha + Basic + One-Step,NASDAQ:FARO,0.0
2020-09-03,12,AR1 alpha + Basic + One-Step,NASDAQ:FARO,0.0
2020-09-04,12,AR1 alpha + Basic + One-Step,NASDAQ:FARO,0.0
2020-09-08,12,AR1 alpha + Basic + One-Step,NASDAQ:FARO,0.0
2020-09-09,12,AR1 alpha + Basic + One-Step,NASDAQ:FARO,7.2694624771092405e-09
2020-09-10,12,AR1 alpha + Basic + One-Step,NASDAQ:FARO,0.0
2020-09-11,12,AR1 alpha + Basic + One-Step,NASDAQ:FARO,0.0
2020-09-14,12,AR1 alpha + Basic + One-Step,NASDAQ:FARO,0.0
2020-09-15,12,AR1 alpha + Basic + One-Step,NASDAQ:FARO,0.0
2020-09-16,12,AR1 alpha + Basic + One-Step,NASDAQ:FARO,0.0
2020-09-17,12,AR1 alpha + Basic + One-Step,NASDAQ:FARO,0.0
2020-09-18,12,AR1 alpha + Basic + One-Step,NASDAQ:FARO,0.0
2020-09-21,12,AR1 alpha + Basic + One-Step,NASDAQ:FARO,0.0
2020-09-22,12,AR1 alpha + Basic + One-Step,NASDAQ:FARO,0.0
2020-09-23,12,AR1 alpha + Basic + One-Step,NASDAQ:FARO,3.0024055836244187e-10
2020-09-24,12,AR1 alpha + Basic + One-Step,NASDAQ:FARO,2.2898160701127164e-07
2020-09-25,12,AR1 alpha + Basic + One-Step,NASDAQ:FARO,0.0
2020-09-28,12,AR1 alpha + Basic + One-Step,NASDAQ:FARO,0.0
2020-09-29,12,AR1 alpha + Basic + One-Step,NASDAQ:FARO,0.0
2020-09-30,12,AR1 alpha + Basic + One-Step,NASDAQ:FARO,4.132081351896771e-09
2020-10-01,12,AR1 alpha + Basic + One-Step,NASDAQ:FARO,0.0
2020-10-02,12,AR1 alpha + Basic + One-Step,NASDAQ:FARO,0.0
2020-10-05,12,AR1 alpha + Basic + One-Step,NASDAQ:FARO,1.4413729430524292e-08
2020-10-06,12,AR1 alpha + Basic + One-Step,NASDAQ:FARO,0.0
2020-10-07,12,AR1 alpha + Basic + One-Step,NASDAQ:FARO,7.983617400113641e-08
2020-10-08,12,AR1 alpha + Basic + One-Step,NASDAQ:FARO,0.0
2020-10-09,12,AR1 alpha + Basic + One-Step,NASDAQ:FARO,0.0
2020-10-12,12,AR1 alpha + Basic + One-Step,NASDAQ:FARO,0.0
2020-10-13,12,AR1 alpha + Basic + One-Step,NASDAQ:FARO,0.0
2020-10-14,12,AR1 alpha + Basic + One-Step,NASDAQ:FARO,0.0
2020-10-15,12,AR1 alpha + Basic + One-Step,NASDAQ:FARO,0.0
2020-10-16,12,AR1 alpha + Basic + One-Step,NASDAQ:FARO,1.1965595989731937e-07
2020-10-19,12,AR1 alpha + Basic + One-Step,NASDAQ:FARO,0.0
2020-10-20,12,AR1 alpha + Basic + One-Step,NASDAQ:FARO,0.0
2020-10-21,12,AR1 alpha + Basic + One-Step,NASDAQ:FARO,0.0
2020-10-22,12,AR1 alpha + Basic + One-Step,NASDAQ:FARO,0.0
2020-10-23,12,AR1 alpha + Basic + One-Step,NASDAQ:FARO,0.0
2020-10-26,12,AR1 alpha + Basic + One-Step,NASDAQ:FARO,0.0
2020-10-27,12,AR1 alpha + Basic + One-Step,NASDAQ:FARO,4.874694581482613e-09
2020-10-28,12,AR1 alpha + Basic + One-Step,NASDAQ:FARO,4.7310475590423685e-09
2020-10-29,12,AR1 alpha + Basic + One-Step,NASDAQ:FARO,1.0795824887009005e-09
2020-10-30,12,AR1 alpha + Basic + One-Step,NASDAQ:FARO,0.0
2020-11-02,12,AR1 alpha + Basic + One-Step,NASDAQ:FARO,0.0
2020-11-03,12,AR1 alpha + Basic + One-Step,NASDAQ:FARO,0.0
2020-11-04,12,AR1 alpha + Basic + One-Step,NASDAQ:FARO,0.0
2020-11-05,12,AR1 alpha + Basic + One-Step,NASDAQ:FARO,0.0
2020-11-06,12,AR1 alpha + Basic + One-Step,NASDAQ:FARO,0.022257093807054106
2020-11-09,12,AR1 alpha + Basic + One-Step,NASDAQ:FARO,0.0
2020-11-10,12,AR1 alpha + Basic + One-Step,NASDAQ:FARO,0.0
2020-11-11,12,AR1 alpha + Basic + One-Step,NASDAQ:FARO,0.0
2020-11-12,12,AR1 alpha + Basic + One-Step,NASDAQ:FARO,0.0
2020-11-13,12,AR1 alpha + Basic + One-Step,NASDAQ:FARO,0.0
2020-11-16,12,AR1 alpha + Basic + One-Step,NASDAQ:FARO,0.0
2020-11-17,12,AR1 alpha + Basic + One-Step,NASDAQ:FARO,0.0
2020-11-18,12,AR1 alpha + Basic + One-Step,NASDAQ:FARO,0.0
2020-11-19,12,AR1 alpha + Basic + One-Step,NASDAQ:FARO,3.464652878061834e-08
2020-11-20,12,AR1 alpha + Basic + One-Step,NASDAQ:FARO,0.0
2020-11-23,12,AR1 alpha + Basic + One-Step,NASDAQ:FARO,0.0
2020-11-24,12,AR1 alpha + Basic + One-Step,NASDAQ:FARO,0.0
2020-11-25,12,AR1 alpha + Basic + One-Step,NASDAQ:FARO,0.0
2020-11-27,12,AR1 alpha + Basic + One-Step,NASDAQ:FARO,0.0
2020-11-30,12,AR1 alpha + Basic + One-Step,NASDAQ:FARO,1.3909337193084947e-09
2020-12-01,12,AR1 alpha + Basic + One-Step,NASDAQ:FARO,0.0
2020-12-02,12,AR1 alpha + Basic + One-Step,NASDAQ:FARO,0.0
2020-12-03,12,AR1 alpha + Basic + One-Step,NASDAQ:FARO,0.0
2020-12-04,12,AR1 alpha + Basic + One-Step,NASDAQ:FARO,1.350574496677565e-09
2020-12-07,12,AR1 alpha + Basic + One-Step,NASDAQ:FARO,0.0
2020-12-08,12,AR1 alpha + Basic + One-Step,NASDAQ:FARO,2.2360485503175595e-07
2020-12-09,12,AR1 alpha + Basic + One-Step,NASDAQ:FARO,0.0
2020-12-10,12,AR1 alpha + Basic + One-Step,NASDAQ:FARO,0.0
2020-12-11,12,AR1 alpha + Basic + One-Step,NASDAQ:FARO,3.1657842273590623e-07
2020-12-14,12,AR1 alpha + Basic + One-Step,NASDAQ:FARO,4.6548271774917906e-07
2020-12-15,12,AR1 alpha + Basic + One-Step,NASDAQ:FARO,0.0
2020-12-16,12,AR1 alpha + Basic + One-Step,NASDAQ:FARO,1.0334215097896858e-08
2020-12-17,12,AR1 alpha + Basic + One-Step,NASDAQ:FARO,0.0
2020-12-18,12,AR1 alpha + Basic + One-Step,NASDAQ:FARO,0.0
2020-12-21,12,AR1 alpha + Basic + One-Step,NASDAQ:FARO,5.046843463066309e-07
2020-12-22,12,AR1 alpha + Basic + One-Step,NASDAQ:FARO,1.0291110852672839e-06
2020-12-23,12,AR1 alpha + Basic + One-Step,NASDAQ:FARO,5.217795209002156e-07
2020-12-24,12,AR1 alpha + Basic + One-Step,NASDAQ:FARO,0.0
2020-12-28,12,AR1 alpha + Basic + One-Step,NASDAQ:FARO,0.0
2020-12-29,12,AR1 alpha + Basic + One-Step,NASDAQ:FARO,0.0
2020-12-30,12,AR1 alpha + Basic + One-Step,NASDAQ:FARO,0.0
2020-12-31,12,AR1 alpha + Basic + One-Step,NASDAQ:FARO,0.0
2021-01-04,12,AR1 alpha + Basic + One-Step,NASDAQ:FARO,0.0
2021-01-05,12,AR1 alpha + Basic + One-Step,NASDAQ:FARO,5.632465774845438e-08
2021-01-06,12,AR1 alpha + Basic + One-Step,NASDAQ:FARO,0.0
2021-01-07,12,AR1 alpha + Basic + One-Step,NASDAQ:FARO,0.0
2021-01-08,12,AR1 alpha + Basic + One-Step,NASDAQ:FARO,0.0
2021-01-11,12,AR1 alpha + Basic + One-Step,NASDAQ:FARO,0.0
2021-01-12,12,AR1 alpha + Basic + One-Step,NASDAQ:FARO,0.0
2021-01-13,12,AR1 alpha + Basic + One-Step,NASDAQ:FARO,0.0
2021-01-14,12,AR1 alpha + Basic + One-Step,NASDAQ:FARO,0.0
2021-01-15,12,AR1 alpha + Basic + One-Step,NASDAQ:FARO,0.0
2021-01-19,12,AR1 alpha + Basic + One-Step,NASDAQ:FARO,0.0
2021-01-20,12,AR1 alpha + Basic + One-Step,NASDAQ:FARO,0.0
2021-01-21,12,AR1 alpha + Basic + One-Step,NASDAQ:FARO,0.0
2021-01-22,12,AR1 alpha + Basic + One-Step,NASDAQ:FARO,0.0
2021-01-25,12,AR1 alpha + Basic + One-Step,NASDAQ:FARO,0.0
2021-01-26,12,AR1 alpha + Basic + One-Step,NASDAQ:FARO,0.0
2021-01-27,12,AR1 alpha + Basic + One-Step,NASDAQ:FARO,0.0
2021-01-28,12,AR1 alpha + Basic + One-Step,NASDAQ:FARO,0.0
2021-01-29,12,AR1 alpha + Basic + One-Step,NASDAQ:FARO,0.0
2021-02-01,12,AR1 alpha + Basic + One-Step,NASDAQ:FARO,3.526056925571172e-07
2021-02-02,12,AR1 alpha + Basic + One-Step,NASDAQ:FARO,0.0
2021-02-03,12,AR1 alpha + Basic + One-Step,NASDAQ:FARO,0.0
2021-02-04,12,AR1 alpha + Basic + One-Step,NASDAQ:FARO,0.0
2021-02-05,12,AR1 alpha + Basic + One-Step,NASDAQ:FARO,0.0
2021-02-08,12,AR1 alpha + Basic + One-Step,NASDAQ:FARO,0.0
2021-02-09,12,AR1 alpha + Basic + One-Step,NASDAQ:FARO,0.0
2021-02-10,12,AR1 alpha + Basic + One-Step,NASDAQ:FARO,0.0
2021-02-11,12,AR1 alpha + Basic + One-Step,NASDAQ:FARO,0.0
2021-02-12,12,AR1 alpha + Basic + One-Step,NASDAQ:FARO,0.0
2021-02-16,12,AR1 alpha + Basic + One-Step,NASDAQ:FARO,0.0
2021-02-17,12,AR1 alpha + Basic + One-Step,NASDAQ:FARO,0.0
2021-02-18,12,AR1 alpha + Basic + One-Step,NASDAQ:FARO,0.0
2021-02-19,12,AR1 alpha + Basic + One-Step,NASDAQ:FARO,0.0
2021-02-22,12,AR1 alpha + Basic + One-Step,NASDAQ:FARO,5.694435006918483e-07
2021-02-23,12,AR1 alpha + Basic + One-Step,NASDAQ:FARO,1.3104452597446076e-07
2021-02-24,12,AR1 alpha + Basic + One-Step,NASDAQ:FARO,0.0
2021-02-25,12,AR1 alpha + Basic + One-Step,NASDAQ:FARO,0.0
2021-02-26,12,AR1 alpha + Basic + One-Step,NASDAQ:FARO,6.994916968036767e-07
2021-03-01,12,AR1 alpha + Basic + One-Step,NASDAQ:FARO,0.0
2021-03-02,12,AR1 alpha + Basic + One-Step,NASDAQ:FARO,0.0
2021-03-03,12,AR1 alpha + Basic + One-Step,NASDAQ:FARO,0.0
2021-03-04,12,AR1 alpha + Basic + One-Step,NASDAQ:FARO,0.0
2021-03-05,12,AR1 alpha + Basic + One-Step,NASDAQ:FARO,0.0
2021-03-08,12,AR1 alpha + Basic + One-Step,NASDAQ:FARO,0.0
2021-03-09,12,AR1 alpha + Basic + One-Step,NASDAQ:FARO,0.0
2021-03-10,12,AR1 alpha + Basic + One-Step,NASDAQ:FARO,0.0
2021-03-11,12,AR1 alpha + Basic + One-Step,NASDAQ:FARO,0.0
2021-03-12,12,AR1 alpha + Basic + One-Step,NASDAQ:FARO,0.0
2021-03-15,12,AR1 alpha + Basic + One-Step,NASDAQ:FARO,1.0974953045575093e-09
2021-03-16,12,AR1 alpha + Basic + One-Step,NASDAQ:FARO,0.0
2021-03-17,12,AR1 alpha + Basic + One-Step,NASDAQ:FARO,0.0
2021-03-18,12,AR1 alpha + Basic + One-Step,NASDAQ:FARO,0.015945492746155334
2021-03-19,12,AR1 alpha + Basic + One-Step,NASDAQ:FARO,0.02998636378152429
2021-03-22,12,AR1 alpha + Basic + One-Step,NASDAQ:FARO,0.0
2021-03-23,12,AR1 alpha + Basic + One-Step,NASDAQ:FARO,0.0
2021-03-24,12,AR1 alpha + Basic + One-Step,NASDAQ:FARO,0.0
2021-03-25,12,AR1 alpha + Basic + One-Step,NASDAQ:FARO,0.0
2021-03-26,12,AR1 alpha + Basic + One-Step,NASDAQ:FARO,0.0
2021-03-29,12,AR1 alpha + Basic + One-Step,NASDAQ:FARO,0.0
2021-03-30,12,AR1 alpha + Basic + One-Step,NASDAQ:FARO,6.3188619685894e-07
2021-03-31,12,AR1 alpha + Basic + One-Step,NASDAQ:FARO,0.0
2021-04-01,12,AR1 alpha + Basic + One-Step,NASDAQ:FARO,0.0
2021-04-05,12,AR1 alpha + Basic + One-Step,NASDAQ:FARO,1.9013360235475376e-06
2021-04-06,12,AR1 alpha + Basic + One-Step,NASDAQ:FARO,8.509365830460191e-07
2021-04-07,12,AR1 alpha + Basic + One-Step,NASDAQ:FARO,0.0
2021-04-08,12,AR1 alpha + Basic + One-Step,NASDAQ:FARO,4.212873666738521e-07
2021-04-09,12,AR1 alpha + Basic + One-Step,NASDAQ:FARO,0.0
2021-04-12,12,AR1 alpha + Basic + One-Step,NASDAQ:FARO,6.983908021465575e-09
2021-04-13,12,AR1 alpha + Basic + One-Step,NASDAQ:FARO,0.0
2021-04-14,12,AR1 alpha + Basic + One-Step,NASDAQ:FARO,6.98804808243411e-08
2021-04-15,12,AR1 alpha + Basic + One-Step,NASDAQ:FARO,0.0
2021-04-16,12,AR1 alpha + Basic + One-Step,NASDAQ:FARO,0.0
2021-04-19,12,AR1 alpha + Basic + One-Step,NASDAQ:FARO,3.190945152667079e-08
2021-04-20,12,AR1 alpha + Basic + One-Step,NASDAQ:FARO,0.0
2021-04-21,12,AR1 alpha + Basic + One-Step,NASDAQ:FARO,0.0
2021-04-22,12,AR1 alpha + Basic + One-Step,NASDAQ:FARO,6.656730601206614e-08
2021-04-23,12,AR1 alpha + Basic + One-Step,NASDAQ:FARO,0.0
2021-04-26,12,AR1 alpha + Basic + One-Step,NASDAQ:FARO,0.0
2021-04-27,12,AR1 alpha + Basic + One-Step,NASDAQ:FARO,7.119880856989513e-07
2021-04-28,12,AR1 alpha + Basic + One-Step,NASDAQ:FARO,0.0
2021-04-29,12,AR1 alpha + Basic + One-Step,NASDAQ:FARO,0.0
2021-04-30,12,AR1 alpha + Basic + One-Step,NASDAQ:FARO,0.0
2021-05-03,12,AR1 alpha + Basic + One-Step,NASDAQ:FARO,0.0
2021-05-04,12,AR1 alpha + Basic + One-Step,NASDAQ:FARO,6.828382782341345e-08
2021-05-05,12,AR1 alpha + Basic + One-Step,NASDAQ:FARO,0.0
2021-05-06,12,AR1 alpha + Basic + One-Step,NASDAQ:FARO,0.0
2021-05-07,12,AR1 alpha + Basic + One-Step,NASDAQ:FARO,0.0
2021-05-10,12,AR1 alpha + Basic + One-Step,NASDAQ:FARO,0.0
2021-05-11,12,AR1 alpha + Basic + One-Step,NASDAQ:FARO,0.0
2021-05-12,12,AR1 alpha + Basic + One-Step,NASDAQ:FARO,0.0
2021-05-13,12,AR1 alpha + Basic + One-Step,NASDAQ:FARO,8.275917090201775e-08
2021-05-14,12,AR1 alpha + Basic + One-Step,NASDAQ:FARO,3.5064282408000596e-08
2021-05-17,12,AR1 alpha + Basic + One-Step,NASDAQ:FARO,0.0
2021-05-18,12,AR1 alpha + Basic + One-Step,NASDAQ:FARO,0.0
2021-05-19,12,AR1 alpha + Basic + One-Step,NASDAQ:FARO,0.0
2021-05-20,12,AR1 alpha + Basic + One-Step,NASDAQ:FARO,2.1541237461081667e-08
2021-05-21,12,AR1 alpha + Basic + One-Step,NASDAQ:FARO,0.0
2021-05-24,12,AR1 alpha + Basic + One-Step,NASDAQ:FARO,0.0
2021-05-25,12,AR1 alpha + Basic + One-Step,NASDAQ:FARO,0.0
2021-05-26,12,AR1 alpha + Basic + One-Step,NASDAQ:FARO,0.0
2021-05-27,12,AR1 alpha + Basic + One-Step,NASDAQ:FARO,1.1881018480266659e-07
2021-05-28,12,AR1 alpha + Basic + One-Step,NASDAQ:FARO,0.0
2021-06-01,12,AR1 alpha + Basic + One-Step,NASDAQ:FARO,0.0
2021-06-02,12,AR1 alpha + Basic + One-Step,NASDAQ:FARO,0.0
2021-06-03,12,AR1 alpha + Basic + One-Step,NASDAQ:FARO,0.0
2021-06-04,12,AR1 alpha + Basic + One-Step,NASDAQ:FARO,0.0
2021-06-07,12,AR1 alpha + Basic + One-Step,NASDAQ:FARO,0.0
2021-06-08,12,AR1 alpha + Basic + One-Step,NASDAQ:FARO,0.0
2021-06-09,12,AR1 alpha + Basic + One-Step,NASDAQ:FARO,9.089534710431745e-08
2021-06-10,12,AR1 alpha + Basic + One-Step,NASDAQ:FARO,7.880712199853452e-08
2021-06-11,12,AR1 alpha + Basic + One-Step,NASDAQ:FARO,0.0
2021-06-14,12,AR1 alpha + Basic + One-Step,NASDAQ:FARO,0.0
2021-06-15,12,AR1 alpha + Basic + One-Step,NASDAQ:FARO,0.0
2021-06-16,12,AR1 alpha + Basic + One-Step,NASDAQ:FARO,0.0
2021-06-17,12,AR1 alpha + Basic + One-Step,NASDAQ:FARO,0.0
2021-06-18,12,AR1 alpha + Basic + One-Step,NASDAQ:FARO,0.0
2021-06-21,12,AR1 alpha + Basic + One-Step,NASDAQ:FARO,0.0
2021-06-22,12,AR1 alpha + Basic + One-Step,NASDAQ:FARO,1.3244797721339133e-07
2021-06-23,12,AR1 alpha + Basic + One-Step,NASDAQ:FARO,3.980317580846075e-07
2021-06-24,12,AR1 alpha + Basic + One-Step,NASDAQ:FARO,8.754489635021749e-07
2021-06-25,12,AR1 alpha + Basic + One-Step,NASDAQ:FARO,0.0
2021-06-28,12,AR1 alpha + Basic + One-Step,NASDAQ:FARO,0.0
2021-06-29,12,AR1 alpha + Basic + One-Step,NASDAQ:FARO,0.0
2021-06-30,12,AR1 alpha + Basic + One-Step,NASDAQ:FARO,0.0
2021-07-01,12,AR1 alpha + Basic + One-Step,NASDAQ:FARO,0.0
2021-07-02,12,AR1 alpha + Basic + One-Step,NASDAQ:FARO,0.0
2021-07-06,12,AR1 alpha + Basic + One-Step,NASDAQ:FARO,0.0
2021-07-07,12,AR1 alpha + Basic + One-Step,NASDAQ:FARO,0.0
2021-07-08,12,AR1 alpha + Basic + One-Step,NASDAQ:FARO,0.0
2021-07-09,12,AR1 alpha + Basic + One-Step,NASDAQ:FARO,0.0
2021-07-12,12,AR1 alpha + Basic + One-Step,NASDAQ:FARO,0.0
2021-07-13,12,AR1 alpha + Basic + One-Step,NASDAQ:FARO,6.660966586445116e-08
2021-07-14,12,AR1 alpha + Basic + One-Step,NASDAQ:FARO,0.0
2021-07-15,12,AR1 alpha + Basic + One-Step,NASDAQ:FARO,0.0
2021-07-16,12,AR1 alpha + Basic + One-Step,NASDAQ:FARO,2.5116761255166835e-06
2021-07-19,12,AR1 alpha + Basic + One-Step,NASDAQ:FARO,0.0
2021-07-20,12,AR1 alpha + Basic + One-Step,NASDAQ:FARO,0.0
2021-07-21,12,AR1 alpha + Basic + One-Step,NASDAQ:FARO,0.0
2021-07-22,12,AR1 alpha + Basic + One-Step,NASDAQ:FARO,0.0
2021-07-23,12,AR1 alpha + Basic + One-Step,NASDAQ:FARO,0.0
2021-07-26,12,AR1 alpha + Basic + One-Step,NASDAQ:FARO,0.0
2021-07-27,12,AR1 alpha + Basic + One-Step,NASDAQ:FARO,1.4073242517348873e-06
2021-07-28,12,AR1 alpha + Basic + One-Step,NASDAQ:FARO,0.0
2021-07-29,12,AR1 alpha + Basic + One-Step,NASDAQ:FARO,0.0
2021-07-30,12,AR1 alpha + Basic + One-Step,NASDAQ:FARO,0.0
2021-08-02,12,AR1 alpha + Basic + One-Step,NASDAQ:FARO,0.0
2021-08-03,12,AR1 alpha + Basic + One-Step,NASDAQ:FARO,0.0
2021-08-04,12,AR1 alpha + Basic + One-Step,NASDAQ:FARO,3.0212411155825834e-08
2021-08-05,12,AR1 alpha + Basic + One-Step,NASDAQ:FARO,0.0
2021-08-06,12,AR1 alpha + Basic + One-Step,NASDAQ:FARO,0.0
2021-08-09,12,AR1 alpha + Basic + One-Step,NASDAQ:FARO,4.984172601725558e-07
2021-08-10,12,AR1 alpha + Basic + One-Step,NASDAQ:FARO,2.840461475288188e-07
2021-08-11,12,AR1 alpha + Basic + One-Step,NASDAQ:FARO,2.534359693879297e-07
2021-08-12,12,AR1 alpha + Basic + One-Step,NASDAQ:FARO,0.0
2021-08-13,12,AR1 alpha + Basic + One-Step,NASDAQ:FARO,0.0
2021-08-16,12,AR1 alpha + Basic + One-Step,NASDAQ:FARO,0.0
2021-08-17,12,AR1 alpha + Basic + One-Step,NASDAQ:FARO,1.1595300236846962e-07
2021-08-18,12,AR1 alpha + Basic + One-Step,NASDAQ:FARO,0.0
2021-08-19,12,AR1 alpha + Basic + One-Step,NASDAQ:FARO,0.0
2021-08-20,12,AR1 alpha + Basic + One-Step,NASDAQ:FARO,0.0
2021-08-23,12,AR1 alpha + Basic + One-Step,NASDAQ:FARO,0.0
2021-08-24,12,AR1 alpha + Basic + One-Step,NASDAQ:FARO,5.614570533529317e-08
2021-08-25,12,AR1 alpha + Basic + One-Step,NASDAQ:FARO,0.0
2021-08-26,12,AR1 alpha + Basic + One-Step,NASDAQ:FARO,0.0
2021-08-27,12,AR1 alpha + Basic + One-Step,NASDAQ:FARO,1.2103880894743043e-06
2021-08-30,12,AR1 alpha + Basic + One-Step,NASDAQ:FARO,7.124164922006335e-07
2021-08-31,12,AR1 alpha + Basic + One-Step,NASDAQ:FARO,0.0
2021-09-01,12,AR1 alpha + Basic + One-Step,NASDAQ:FARO,0.0
2021-09-02,12,AR1 alpha + Basic + One-Step,NASDAQ:FARO,0.0
2021-09-03,12,AR1 alpha + Basic + One-Step,NASDAQ:FARO,0.0
2021-09-07,12,AR1 alpha + Basic + One-Step,NASDAQ:FARO,0.0
2021-09-08,12,AR1 alpha + Basic + One-Step,NASDAQ:FARO,0.0
2021-09-09,12,AR1 alpha + Basic + One-Step,NASDAQ:FARO,1.084704425780537e-07
2021-09-10,12,AR1 alpha + Basic + One-Step,NASDAQ:FARO,0.0
2021-09-13,12,AR1 alpha + Basic + One-Step,NASDAQ:FARO,0.0
2021-09-14,12,AR1 alpha + Basic + One-Step,NASDAQ:FARO,4.057035939849695e-07
2021-09-15,12,AR1 alpha + Basic + One-Step,NASDAQ:FARO,0.0
2021-09-16,12,AR1 alpha + Basic + One-Step,NASDAQ:FARO,0.0
2021-09-17,12,AR1 alpha + Basic + One-Step,NASDAQ:FARO,0.0
2021-09-20,12,AR1 alpha + Basic + One-Step,NASDAQ:FARO,0.0
2021-09-21,12,AR1 alpha + Basic + One-Step,NASDAQ:FARO,1.3810622822764718e-07
2021-09-22,12,AR1 alpha + Basic + One-Step,NASDAQ:FARO,0.0
2021-09-23,12,AR1 alpha + Basic + One-Step,NASDAQ:FARO,0.0
2021-09-24,12,AR1 alpha + Basic + One-Step,NASDAQ:FARO,0.0
2021-09-27,12,AR1 alpha + Basic + One-Step,NASDAQ:FARO,0.0
2021-09-28,12,AR1 alpha + Basic + One-Step,NASDAQ:FARO,0.0
2021-09-29,12,AR1 alpha + Basic + One-Step,NASDAQ:FARO,0.0
2021-09-30,12,AR1 alpha + Basic + One-Step,NASDAQ:FARO,0.0
2021-10-01,12,AR1 alpha + Basic + One-Step,NASDAQ:FARO,0.0
2021-10-04,12,AR1 alpha + Basic + One-Step,NASDAQ:FARO,0.0
2021-10-05,12,AR1 alpha + Basic + One-Step,NASDAQ:FARO,0.0
2021-10-06,12,AR1 alpha + Basic + One-Step,NASDAQ:FARO,1.2042511904270346e-07
2021-10-07,12,AR1 alpha + Basic + One-Step,NASDAQ:FARO,0.0
2021-10-08,12,AR1 alpha + Basic + One-Step,NASDAQ:FARO,0.0
2021-10-11,12,AR1 alpha + Basic + One-Step,NASDAQ:FARO,0.0
2021-10-12,12,AR1 alpha + Basic + One-Step,NASDAQ:FARO,0.0
2021-10-13,12,AR1 alpha + Basic + One-Step,NASDAQ:FARO,0.0
2021-10-14,12,AR1 alpha + Basic + One-Step,NASDAQ:FARO,0.0
2021-10-15,12,AR1 alpha + Basic + One-Step,NASDAQ:FARO,0.0
2021-10-18,12,AR1 alpha + Basic + One-Step,NASDAQ:FARO,0.0
2021-10-19,12,AR1 alpha + Basic + One-Step,NASDAQ:FARO,0.0
2021-10-20,12,AR1 alpha + Basic + One-Step,NASDAQ:FARO,0.0
2021-10-21,12,AR1 alpha + Basic + One-Step,NASDAQ:FARO,0.0
2021-10-22,12,AR1 alpha + Basic + One-Step,NASDAQ:FARO,0.0
2021-10-25,12,AR1 alpha + Basic + One-Step,NASDAQ:FARO,0.0
2021-10-26,12,AR1 alpha + Basic + One-Step,NASDAQ:FARO,0.0
2021-10-27,12,AR1 alpha + Basic + One-Step,NASDAQ:FARO,0.0
2021-10-28,12,AR1 alpha + Basic + One-Step,NASDAQ:FARO,0.0
2021-10-29,12,AR1 alpha + Basic + One-Step,NASDAQ:FARO,0.0
2021-11-01,12,AR1 alpha + Basic + One-Step,NASDAQ:FARO,2.937360255583957e-07
2021-11-02,12,AR1 alpha + Basic + One-Step,NASDAQ:FARO,0.0
2021-11-03,12,AR1 alpha + Basic + One-Step,NASDAQ:FARO,0.0
2021-11-04,12,AR1 alpha + Basic + One-Step,NASDAQ:FARO,0.0
2021-11-05,12,AR1 alpha + Basic + One-Step,NASDAQ:FARO,1.4547057396946992e-08
2021-11-08,12,AR1 alpha + Basic + One-Step,NASDAQ:FARO,0.0
2021-11-09,12,AR1 alpha + Basic + One-Step,NASDAQ:FARO,6.364071302198684e-09
2021-11-10,12,AR1 alpha + Basic + One-Step,NASDAQ:FARO,0.0
2021-11-11,12,AR1 alpha + Basic + One-Step,NASDAQ:FARO,0.0
2021-11-12,12,AR1 alpha + Basic + One-Step,NASDAQ:FARO,0.0
2021-11-15,12,AR1 alpha + Basic + One-Step,NASDAQ:FARO,0.0
2021-11-16,12,AR1 alpha + Basic + One-Step,NASDAQ:FARO,0.0
2021-11-17,12,AR1 alpha + Basic + One-Step,NASDAQ:FARO,0.0
2021-11-18,12,AR1 alpha + Basic + One-Step,NASDAQ:FARO,0.0
2021-11-19,12,AR1 alpha + Basic + One-Step,NASDAQ:FARO,0.0
2021-11-22,12,AR1 alpha + Basic + One-Step,NASDAQ:FARO,0.0
2021-11-23,12,AR1 alpha + Basic + One-Step,NASDAQ:FARO,0.0
2021-11-24,12,AR1 alpha + Basic + One-Step,NASDAQ:FARO,0.0
2021-11-26,12,AR1 alpha + Basic + One-Step,NASDAQ:FARO,0.0
2021-11-29,12,AR1 alpha + Basic + One-Step,NASDAQ:FARO,0.0
2021-11-30,12,AR1 alpha + Basic + One-Step,NASDAQ:FARO,0.0
2021-12-01,12,AR1 alpha + Basic + One-Step,NASDAQ:FARO,0.0
2021-12-02,12,AR1 alpha + Basic + One-Step,NASDAQ:FARO,0.0
2021-12-03,12,AR1 alpha + Basic + One-Step,NASDAQ:FARO,0.0
2021-12-06,12,AR1 alpha + Basic + One-Step,NASDAQ:FARO,0.0
2021-12-07,12,AR1 alpha + Basic + One-Step,NASDAQ:FARO,0.0
2021-12-08,12,AR1 alpha + Basic + One-Step,NASDAQ:FARO,0.0
2021-12-09,12,AR1 alpha + Basic + One-Step,NASDAQ:FARO,0.0
2021-12-10,12,AR1 alpha + Basic + One-Step,NASDAQ:FARO,1.4143327068136303e-08
2021-12-13,12,AR1 alpha + Basic + One-Step,NASDAQ:FARO,0.0
2021-12-14,12,AR1 alpha + Basic + One-Step,NASDAQ:FARO,1.2917567905498063e-08
2021-12-15,12,AR1 alpha + Basic + One-Step,NASDAQ:FARO,0.0
2021-12-16,12,AR1 alpha + Basic + One-Step,NASDAQ:FARO,0.0
2021-12-17,12,AR1 alpha + Basic + One-Step,NASDAQ:FARO,0.0
2021-12-20,12,AR1 alpha + Basic + One-Step,NASDAQ:FARO,0.0
2021-12-21,12,AR1 alpha + Basic + One-Step,NASDAQ:FARO,0.0
2021-12-22,12,AR1 alpha + Basic + One-Step,NASDAQ:FARO,1.8614662221636256e-07
2021-12-23,12,AR1 alpha + Basic + One-Step,NASDAQ:FARO,0.0
2021-12-27,12,AR1 alpha + Basic + One-Step,NASDAQ:FARO,0.0
2021-12-28,12,AR1 alpha + Basic + One-Step,NASDAQ:FARO,0.0
2021-12-29,12,AR1 alpha + Basic + One-Step,NASDAQ:FARO,0.0
2021-12-30,12,AR1 alpha + Basic + One-Step,NASDAQ:FARO,6.586471385794528e-07
2021-12-31,12,AR1 alpha + Basic + One-Step,NASDAQ:FARO,2.2355932852455347e-07
2022-01-03,12,AR1 alpha + Basic + One-Step,NASDAQ:FARO,1.0997679765621573e-07
2022-01-04,12,AR1 alpha + Basic + One-Step,NASDAQ:FARO,0.0
2022-01-05,12,AR1 alpha + Basic + One-Step,NASDAQ:FARO,0.0
2022-01-06,12,AR1 alpha + Basic + One-Step,NASDAQ:FARO,0.0
2022-01-07,12,AR1 alpha + Basic + One-Step,NASDAQ:FARO,5.777200515334094e-08
2022-01-10,12,AR1 alpha + Basic + One-Step,NASDAQ:FARO,0.0
2022-01-11,12,AR1 alpha + Basic + One-Step,NASDAQ:FARO,0.0
2022-01-12,12,AR1 alpha + Basic + One-Step,NASDAQ:FARO,0.0
2022-01-13,12,AR1 alpha + Basic + One-Step,NASDAQ:FARO,1.3287711700101112e-06
2022-01-14,12,AR1 alpha + Basic + One-Step,NASDAQ:FARO,0.0
2022-01-18,12,AR1 alpha + Basic + One-Step,NASDAQ:FARO,0.0
2022-01-19,12,AR1 alpha + Basic + One-Step,NASDAQ:FARO,0.0
2022-01-20,12,AR1 alpha + Basic + One-Step,NASDAQ:FARO,0.0
2022-01-21,12,AR1 alpha + Basic + One-Step,NASDAQ:FARO,3.2203148369889177e-07
2022-01-24,12,AR1 alpha + Basic + One-Step,NASDAQ:FARO,0.0
2022-01-25,12,AR1 alpha + Basic + One-Step,NASDAQ:FARO,0.0
2022-01-26,12,AR1 alpha + Basic + One-Step,NASDAQ:FARO,1.3284884088932349e-08
2022-01-27,12,AR1 alpha + Basic + One-Step,NASDAQ:FARO,0.0
2022-01-28,12,AR1 alpha + Basic + One-Step,NASDAQ:FARO,0.0
2022-01-31,12,AR1 alpha + Basic + One-Step,NASDAQ:FARO,0.0
2022-02-01,12,AR1 alpha + Basic + One-Step,NASDAQ:FARO,0.0
2022-02-02,12,AR1 alpha + Basic + One-Step,NASDAQ:FARO,0.0
2022-02-03,12,AR1 alpha + Basic + One-Step,NASDAQ:FARO,0.0
2022-02-04,12,AR1 alpha + Basic + One-Step,NASDAQ:FARO,1.0311793003450121e-07
2022-02-07,12,AR1 alpha + Basic + One-Step,NASDAQ:FARO,1.636579841483292e-07
2022-02-08,12,AR1 alpha + Basic + One-Step,NASDAQ:FARO,6.254753633658713e-07
2022-02-09,12,AR1 alpha + Basic + One-Step,NASDAQ:FARO,0.0
2022-02-10,12,AR1 alpha + Basic + One-Step,NASDAQ:FARO,0.0
2022-02-11,12,AR1 alpha + Basic + One-Step,NASDAQ:FARO,3.816456555023753e-08
2022-02-14,12,AR1 alpha + Basic + One-Step,NASDAQ:FARO,0.0
2022-02-15,12,AR1 alpha + Basic + One-Step,NASDAQ:FARO,0.0
2022-02-16,12,AR1 alpha + Basic + One-Step,NASDAQ:FARO,0.0
2022-02-17,12,AR1 alpha + Basic + One-Step,NASDAQ:FARO,0.0
2022-02-18,12,AR1 alpha + Basic + One-Step,NASDAQ:FARO,2.4701363334395926e-07
2022-02-22,12,AR1 alpha + Basic + One-Step,NASDAQ:FARO,1.1092195732824979e-07
2022-02-23,12,AR1 alpha + Basic + One-Step,NASDAQ:FARO,0.0
2022-02-24,12,AR1 alpha + Basic + One-Step,NASDAQ:FARO,0.0
2022-02-25,12,AR1 alpha + Basic + One-Step,NASDAQ:FARO,0.0
2022-02-28,12,AR1 alpha + Basic + One-Step,NASDAQ:FARO,0.0
2022-03-01,12,AR1 alpha + Basic + One-Step,NASDAQ:FARO,6.053345218187234e-08
2022-03-02,12,AR1 alpha + Basic + One-Step,NASDAQ:FARO,0.0
2022-03-03,12,AR1 alpha + Basic + One-Step,NASDAQ:FARO,0.0
2022-03-04,12,AR1 alpha + Basic + One-Step,NASDAQ:FARO,0.0
2022-03-07,12,AR1 alpha + Basic + One-Step,NASDAQ:FARO,2.1811585416574553e-10
2022-03-08,12,AR1 alpha + Basic + One-Step,NASDAQ:FARO,9.776040086822439e-07
2022-03-09,12,AR1 alpha + Basic + One-Step,NASDAQ:FARO,8.201372517212088e-08
2022-03-10,12,AR1 alpha + Basic + One-Step,NASDAQ:FARO,0.0
2022-03-11,12,AR1 alpha + Basic + One-Step,NASDAQ:FARO,0.0
2022-03-14,12,AR1 alpha + Basic + One-Step,NASDAQ:FARO,0.0
2022-03-15,12,AR1 alpha + Basic + One-Step,NASDAQ:FARO,0.0
2022-03-16,12,AR1 alpha + Basic + One-Step,NASDAQ:FARO,0.0
2022-03-17,12,AR1 alpha + Basic + One-Step,NASDAQ:FARO,0.0
2022-03-18,12,AR1 alpha + Basic + One-Step,NASDAQ:FARO,0.0
2022-03-21,12,AR1 alpha + Basic + One-Step,NASDAQ:FARO,0.0
2022-03-22,12,AR1 alpha + Basic + One-Step,NASDAQ:FARO,0.0
2022-03-23,12,AR1 alpha + Basic + One-Step,NASDAQ:FARO,0.0
2022-03-24,12,AR1 alpha + Basic + One-Step,NASDAQ:FARO,4.894487919120248e-08
2022-03-25,12,AR1 alpha + Basic + One-Step,NASDAQ:FARO,0.0
2022-03-28,12,AR1 alpha + Basic + One-Step,NASDAQ:FARO,0.0
2022-03-29,12,AR1 alpha + Basic + One-Step,NASDAQ:FARO,0.0
2022-03-30,12,AR1 alpha + Basic + One-Step,NASDAQ:FARO,0.0
2022-03-31,12,AR1 alpha + Basic + One-Step,NASDAQ:FARO,0.0
2022-04-01,12,AR1 alpha + Basic + One-Step,NASDAQ:FARO,0.0
2022-04-04,12,AR1 alpha + Basic + One-Step,NASDAQ:FARO,0.0
2022-04-05,12,AR1 alpha + Basic + One-Step,NASDAQ:FARO,0.0
2022-04-06,12,AR1 alpha + Basic + One-Step,NASDAQ:FARO,0.0
2022-04-07,12,AR1 alpha + Basic + One-Step,NASDAQ:FARO,0.0
2022-04-08,12,AR1 alpha + Basic + One-Step,NASDAQ:FARO,0.0
2022-04-11,12,AR1 alpha + Basic + One-Step,NASDAQ:FARO,0.0
2022-04-12,12,AR1 alpha + Basic + One-Step,NASDAQ:FARO,0.0
2022-04-13,12,AR1 alpha + Basic + One-Step,NASDAQ:FARO,3.133594365310343e-07
2022-04-14,12,AR1 alpha + Basic + One-Step,NASDAQ:FARO,1.0720845067848245e-08
2022-04-18,12,AR1 alpha + Basic + One-Step,NASDAQ:FARO,0.0
2022-04-19,12,AR1 alpha + Basic + One-Step,NASDAQ:FARO,0.0
2022-04-20,12,AR1 alpha + Basic + One-Step,NASDAQ:FARO,7.967385878336657e-08
2022-04-21,12,AR1 alpha + Basic + One-Step,NASDAQ:FARO,0.0
2022-04-22,12,AR1 alpha + Basic + One-Step,NASDAQ:FARO,0.0
2022-04-25,12,AR1 alpha + Basic + One-Step,NASDAQ:FARO,0.0
2022-04-26,12,AR1 alpha + Basic + One-Step,NASDAQ:FARO,0.0
2022-04-27,12,AR1 alpha + Basic + One-Step,NASDAQ:FARO,0.0
2022-04-28,12,AR1 alpha + Basic + One-Step,NASDAQ:FARO,0.0
2022-04-29,12,AR1 alpha + Basic + One-Step,NASDAQ:FARO,0.0
2022-05-02,12,AR1 alpha + Basic + One-Step,NASDAQ:FARO,0.0
2022-05-03,12,AR1 alpha + Basic + One-Step,NASDAQ:FARO,0.0
2022-05-04,12,AR1 alpha + Basic + One-Step,NASDAQ:FARO,4.860097040363195e-07
2022-05-05,12,AR1 alpha + Basic + One-Step,NASDAQ:FARO,0.0
2022-05-06,12,AR1 alpha + Basic + One-Step,NASDAQ:FARO,0.0
2022-05-09,12,AR1 alpha + Basic + One-Step,NASDAQ:FARO,0.0
2022-05-10,12,AR1 alpha + Basic + One-Step,NASDAQ:FARO,2.2238572638350566e-07
2022-05-11,12,AR1 alpha + Basic + One-Step,NASDAQ:FARO,0.0
2022-05-12,12,AR1 alpha + Basic + One-Step,NASDAQ:FARO,1.241503568981154e-07
2022-05-13,12,AR1 alpha + Basic + One-Step,NASDAQ:FARO,0.0
2022-05-16,12,AR1 alpha + Basic + One-Step,NASDAQ:FARO,4.13563730896966e-07
2022-05-17,12,AR1 alpha + Basic + One-Step,NASDAQ:FARO,0.0
2022-05-18,12,AR1 alpha + Basic + One-Step,NASDAQ:FARO,5.967771653142589e-07
2022-05-19,12,AR1 alpha + Basic + One-Step,NASDAQ:FARO,0.0
2022-05-20,12,AR1 alpha + Basic + One-Step,NASDAQ:FARO,0.0
2022-05-23,12,AR1 alpha + Basic + One-Step,NASDAQ:FARO,1.5308083514712227e-07
2022-05-24,12,AR1 alpha + Basic + One-Step,NASDAQ:FARO,0.0
2022-05-25,12,AR1 alpha + Basic + One-Step,NASDAQ:FARO,1.13295198201202e-07
2022-05-26,12,AR1 alpha + Basic + One-Step,NASDAQ:FARO,0.0
2022-05-27,12,AR1 alpha + Basic + One-Step,NASDAQ:FARO,1.0872051409039133e-08
2022-05-31,12,AR1 alpha + Basic + One-Step,NASDAQ:FARO,0.0
2022-06-01,12,AR1 alpha + Basic + One-Step,NASDAQ:FARO,0.0
2022-06-02,12,AR1 alpha + Basic + One-Step,NASDAQ:FARO,0.0
2022-06-03,12,AR1 alpha + Basic + One-Step,NASDAQ:FARO,0.0
2022-06-06,12,AR1 alpha + Basic + One-Step,NASDAQ:FARO,0.0
2022-06-07,12,AR1 alpha + Basic + One-Step,NASDAQ:FARO,0.0
2022-06-08,12,AR1 alpha + Basic + One-Step,NASDAQ:FARO,0.0
2022-06-09,12,AR1 alpha + Basic + One-Step,NASDAQ:FARO,0.0
2022-06-10,12,AR1 alpha + Basic + One-Step,NASDAQ:FARO,5.6216801203684497e-08
2022-06-13,12,AR1 alpha + Basic + One-Step,NASDAQ:FARO,2.917458009664768e-07
2022-06-14,12,AR1 alpha + Basic + One-Step,NASDAQ:FARO,1.7194241329602945e-07
2022-06-15,12,AR1 alpha + Basic + One-Step,NASDAQ:FARO,0.0
2022-06-16,12,AR1 alpha + Basic + One-Step,NASDAQ:FARO,0.0
2022-06-17,12,AR1 alpha + Basic + One-Step,NASDAQ:FARO,0.0
2022-06-21,12,AR1 alpha + Basic + One-Step,NASDAQ:FARO,7.665881814848965e-07
2022-06-22,12,AR1 alpha + Basic + One-Step,NASDAQ:FARO,3.130721464681379e-07
2022-06-23,12,AR1 alpha + Basic + One-Step,NASDAQ:FARO,0.0
2022-06-24,12,AR1 alpha + Basic + One-Step,NASDAQ:FARO,0.0
2022-06-27,12,AR1 alpha + Basic + One-Step,NASDAQ:FARO,0.0
2022-06-28,12,AR1 alpha + Basic + One-Step,NASDAQ:FARO,0.0
2022-06-29,12,AR1 alpha + Basic + One-Step,NASDAQ:FARO,0.0
2022-06-30,12,AR1 alpha + Basic + One-Step,NASDAQ:FARO,0.0
2022-07-01,12,AR1 alpha + Basic + One-Step,NASDAQ:FARO,0.0
2022-07-05,12,AR1 alpha + Basic + One-Step,NASDAQ:FARO,0.0
2022-07-06,12,AR1 alpha + Basic + One-Step,NASDAQ:FARO,0.0
2022-07-07,12,AR1 alpha + Basic + One-Step,NASDAQ:FARO,0.0
2022-07-08,12,AR1 alpha + Basic + One-Step,NASDAQ:FARO,0.0
2022-07-11,12,AR1 alpha + Basic + One-Step,NASDAQ:FARO,0.0
2022-07-12,12,AR1 alpha + Basic + One-Step,NASDAQ:FARO,3.3817138072837797e-07
2022-07-13,12,AR1 alpha + Basic + One-Step,NASDAQ:FARO,4.2151265452961774e-07
2022-07-14,12,AR1 alpha + Basic + One-Step,NASDAQ:FARO,0.0
2022-07-15,12,AR1 alpha + Basic + One-Step,NASDAQ:FARO,0.0
2022-07-18,12,AR1 alpha + Basic + One-Step,NASDAQ:FARO,2.8432131686416636e-09
2022-07-19,12,AR1 alpha + Basic + One-Step,NASDAQ:FARO,0.0
2022-07-20,12,AR1 alpha + Basic + One-Step,NASDAQ:FARO,0.0
2022-07-21,12,AR1 alpha + Basic + One-Step,NASDAQ:FARO,4.216630269738429e-08
2022-07-22,12,AR1 alpha + Basic + One-Step,NASDAQ:FARO,0.0
2022-07-25,12,AR1 alpha + Basic + One-Step,NASDAQ:FARO,0.0
2022-07-26,12,AR1 alpha + Basic + One-Step,NASDAQ:FARO,0.0
2022-07-27,12,AR1 alpha + Basic + One-Step,NASDAQ:FARO,0.0
2022-07-28,12,AR1 alpha + Basic + One-Step,NASDAQ:FARO,0.0
2022-07-29,12,AR1 alpha + Basic + One-Step,NASDAQ:FARO,0.0
2022-08-01,12,AR1 alpha + Basic + One-Step,NASDAQ:FARO,0.0
2022-08-02,12,AR1 alpha + Basic + One-Step,NASDAQ:FARO,0.0
2022-08-03,12,AR1 alpha + Basic + One-Step,NASDAQ:FARO,0.0
2022-08-04,12,AR1 alpha + Basic + One-Step,NASDAQ:FARO,0.0
2022-08-05,12,AR1 alpha + Basic + One-Step,NASDAQ:FARO,0.0
2022-08-08,12,AR1 alpha + Basic + One-Step,NASDAQ:FARO,0.0
2022-08-09,12,AR1 alpha + Basic + One-Step,NASDAQ:FARO,0.0
2022-08-10,12,AR1 alpha + Basic + One-Step,NASDAQ:FARO,0.0
2022-08-11,12,AR1 alpha + Basic + One-Step,NASDAQ:FARO,0.0
2022-08-12,12,AR1 alpha + Basic + One-Step,NASDAQ:FARO,0.0
2022-08-15,12,AR1 alpha + Basic + One-Step,NASDAQ:FARO,0.0
2022-08-16,12,AR1 alpha + Basic + One-Step,NASDAQ:FARO,0.0
2022-08-17,12,AR1 alpha + Basic + One-Step,NASDAQ:FARO,0.0
2022-08-18,12,AR1 alpha + Basic + One-Step,NASDAQ:FARO,0.0
2022-08-19,12,AR1 alpha + Basic + One-Step,NASDAQ:FARO,0.0
2022-08-22,12,AR1 alpha + Basic + One-Step,NASDAQ:FARO,0.0
2022-08-23,12,AR1 alpha + Basic + One-Step,NASDAQ:FARO,0.0
2022-08-24,12,AR1 alpha + Basic + One-Step,NASDAQ:FARO,8.347149606331933e-08
2022-08-25,12,AR1 alpha + Basic + One-Step,NASDAQ:FARO,0.0
2022-08-26,12,AR1 alpha + Basic + One-Step,NASDAQ:FARO,0.0
2022-08-29,12,AR1 alpha + Basic + One-Step,NASDAQ:FARO,0.0
2022-08-30,12,AR1 alpha + Basic + One-Step,NASDAQ:FARO,0.0
2022-08-31,12,AR1 alpha + Basic + One-Step,NASDAQ:FARO,0.0
2022-09-01,12,AR1 alpha + Basic + One-Step,NASDAQ:FARO,0.0
2022-09-02,12,AR1 alpha + Basic + One-Step,NASDAQ:FARO,0.0
2022-09-06,12,AR1 alpha + Basic + One-Step,NASDAQ:FARO,0.0
2022-09-07,12,AR1 alpha + Basic + One-Step,NASDAQ:FARO,0.0
2022-09-08,12,AR1 alpha + Basic + One-Step,NASDAQ:FARO,2.9053469042425817e-07
2022-09-09,12,AR1 alpha + Basic + One-Step,NASDAQ:FARO,0.0
2022-09-12,12,AR1 alpha + Basic + One-Step,NASDAQ:FARO,0.0
2022-09-13,12,AR1 alpha + Basic + One-Step,NASDAQ:FARO,1.7164255573591697e-07
2022-09-14,12,AR1 alpha + Basic + One-Step,NASDAQ:FARO,8.566894823667558e-08
2022-09-15,12,AR1 alpha + Basic + One-Step,NASDAQ:FARO,0.0
2022-09-16,12,AR1 alpha + Basic + One-Step,NASDAQ:FARO,6.417472486978513e-08
2022-09-19,12,AR1 alpha + Basic + One-Step,NASDAQ:FARO,0.0
2022-09-20,12,AR1 alpha + Basic + One-Step,NASDAQ:FARO,0.0
2022-09-21,12,AR1 alpha + Basic + One-Step,NASDAQ:FARO,0.0
2022-09-22,12,AR1 alpha + Basic + One-Step,NASDAQ:FARO,0.0
2022-09-23,12,AR1 alpha + Basic + One-Step,NASDAQ:FARO,0.0
2022-09-26,12,AR1 alpha + Basic + One-Step,NASDAQ:FARO,2.0121945939591137e-09
2022-09-27,12,AR1 alpha + Basic + One-Step,NASDAQ:FARO,0.0
2022-09-28,12,AR1 alpha + Basic + One-Step,NASDAQ:FARO,0.0
2022-09-29,12,AR1 alpha + Basic + One-Step,NASDAQ:FARO,0.0
2022-09-30,12,AR1 alpha + Basic + One-Step,NASDAQ:FARO,0.0
2022-10-03,12,AR1 alpha + Basic + One-Step,NASDAQ:FARO,0.0
2022-10-04,12,AR1 alpha + Basic + One-Step,NASDAQ:FARO,0.0
2022-10-05,12,AR1 alpha + Basic + One-Step,NASDAQ:FARO,7.983880858717303e-08
2022-10-06,12,AR1 alpha + Basic + One-Step,NASDAQ:FARO,0.0
2022-10-07,12,AR1 alpha + Basic + One-Step,NASDAQ:FARO,0.0
2022-10-10,12,AR1 alpha + Basic + One-Step,NASDAQ:FARO,0.0
2022-10-11,12,AR1 alpha + Basic + One-Step,NASDAQ:FARO,0.0
2022-10-12,12,AR1 alpha + Basic + One-Step,NASDAQ:FARO,0.0
2022-10-13,12,AR1 alpha + Basic + One-Step,NASDAQ:FARO,2.882137217996943e-07
2022-10-14,12,AR1 alpha + Basic + One-Step,NASDAQ:FARO,1.2812107210595602e-07
2022-10-17,12,AR1 alpha + Basic + One-Step,NASDAQ:FARO,0.0
2022-10-18,12,AR1 alpha + Basic + One-Step,NASDAQ:FARO,0.0
2022-10-19,12,AR1 alpha + Basic + One-Step,NASDAQ:FARO,5.26237127065904e-09
2022-10-20,12,AR1 alpha + Basic + One-Step,NASDAQ:FARO,0.0
2022-10-21,12,AR1 alpha + Basic + One-Step,NASDAQ:FARO,8.594637825724118e-09
2022-10-24,12,AR1 alpha + Basic + One-Step,NASDAQ:FARO,0.0
2022-10-25,12,AR1 alpha + Basic + One-Step,NASDAQ:FARO,0.0
2022-10-26,12,AR1 alpha + Basic + One-Step,NASDAQ:FARO,0.0
2022-10-27,12,AR1 alpha + Basic + One-Step,NASDAQ:FARO,0.0
2022-10-28,12,AR1 alpha + Basic + One-Step,NASDAQ:FARO,0.0
2022-10-31,12,AR1 alpha + Basic + One-Step,NASDAQ:FARO,0.0
2022-11-01,12,AR1 alpha + Basic + One-Step,NASDAQ:FARO,0.0
2022-11-02,12,AR1 alpha + Basic + One-Step,NASDAQ:FARO,2.859081357568612e-07
2022-11-03,12,AR1 alpha + Basic + One-Step,NASDAQ:FARO,7.098624171600453e-07
2022-11-04,12,AR1 alpha + Basic + One-Step,NASDAQ:FARO,3.2898622031976143e-07
2022-11-07,12,AR1 alpha + Basic + One-Step,NASDAQ:FARO,0.0
2022-11-08,12,AR1 alpha + Basic + One-Step,NASDAQ:FARO,0.0
2022-11-09,12,AR1 alpha + Basic + One-Step,NASDAQ:FARO,0.0
2022-11-10,12,AR1 alpha + Basic + One-Step,NASDAQ:FARO,0.0
2022-11-11,12,AR1 alpha + Basic + One-Step,NASDAQ:FARO,1.4824501578755116e-07
2022-11-14,12,AR1 alpha + Basic + One-Step,NASDAQ:FARO,0.0
2022-11-15,12,AR1 alpha + Basic + One-Step,NASDAQ:FARO,0.0
2022-11-16,12,AR1 alpha + Basic + One-Step,NASDAQ:FARO,0.0
2022-11-17,12,AR1 alpha + Basic + One-Step,NASDAQ:FARO,0.0
2022-11-18,12,AR1 alpha + Basic + One-Step,NASDAQ:FARO,2.5555892843725913e-07
2022-11-21,12,AR1 alpha + Basic + One-Step,NASDAQ:FARO,2.851234065898073e-07
2022-11-22,12,AR1 alpha + Basic + One-Step,NASDAQ:FARO,6.634897632248966e-08
2022-11-23,12,AR1 alpha + Basic + One-Step,NASDAQ:FARO,0.0
2022-11-25,12,AR1 alpha + Basic + One-Step,NASDAQ:FARO,2.0371084704569286e-08
2022-11-28,12,AR1 alpha + Basic + One-Step,NASDAQ:FARO,0.0
2022-11-29,12,AR1 alpha + Basic + One-Step,NASDAQ:FARO,0.0
2022-11-30,12,AR1 alpha + Basic + One-Step,NASDAQ:FARO,0.0
2022-12-01,12,AR1 alpha + Basic + One-Step,NASDAQ:FARO,0.0
2022-12-02,12,AR1 alpha + Basic + One-Step,NASDAQ:FARO,0.0
2022-12-05,12,AR1 alpha + Basic + One-Step,NASDAQ:FARO,0.0
2022-12-06,12,AR1 alpha + Basic + One-Step,NASDAQ:FARO,0.0
2022-12-07,12,AR1 alpha + Basic + One-Step,NASDAQ:FARO,0.0
2022-12-08,12,AR1 alpha + Basic + One-Step,NASDAQ:FARO,0.0
2022-12-09,12,AR1 alpha + Basic + One-Step,NASDAQ:FARO,0.0
2022-12-12,12,AR1 alpha + Basic + One-Step,NASDAQ:FARO,1.0620025886975108e-08
2022-12-13,12,AR1 alpha + Basic + One-Step,NASDAQ:FARO,2.3227758559882576e-07
2022-12-14,12,AR1 alpha + Basic + One-Step,NASDAQ:FARO,3.682279608704325e-08
2022-12-15,12,AR1 alpha + Basic + One-Step,NASDAQ:FARO,0.0
2022-12-16,12,AR1 alpha + Basic + One-Step,NASDAQ:FARO,0.0
2022-12-19,12,AR1 alpha + Basic + One-Step,NASDAQ:FARO,0.0
2022-12-20,12,AR1 alpha + Basic + One-Step,NASDAQ:FARO,0.0
2022-12-21,12,AR1 alpha + Basic + One-Step,NASDAQ:FARO,0.0
2022-12-22,12,AR1 alpha + Basic + One-Step,NASDAQ:FARO,0.0
2022-12-23,12,AR1 alpha + Basic + One-Step,NASDAQ:FARO,0.0
2022-12-27,12,AR1 alpha + Basic + One-Step,NASDAQ:FARO,1.6436900908047466e-07
2022-12-28,12,AR1 alpha + Basic + One-Step,NASDAQ:FARO,0.0
2022-12-29,12,AR1 alpha + Basic + One-Step,NASDAQ:FARO,0.0
2022-12-30,12,AR1 alpha + Basic + One-Step,NASDAQ:FARO,0.0
2023-01-03,12,AR1 alpha + Basic + One-Step,NASDAQ:FARO,2.6237202738904953e-08
2023-01-04,12,AR1 alpha + Basic + One-Step,NASDAQ:FARO,0.0
2023-01-05,12,AR1 alpha + Basic + One-Step,NASDAQ:FARO,0.0
2023-01-06,12,AR1 alpha + Basic + One-Step,NASDAQ:FARO,0.0
2023-01-09,12,AR1 alpha + Basic + One-Step,NASDAQ:FARO,0.0
2023-01-10,12,AR1 alpha + Basic + One-Step,NASDAQ:FARO,0.0
2023-01-11,12,AR1 alpha + Basic + One-Step,NASDAQ:FARO,1.519506065433148e-08
2023-01-12,12,AR1 alpha + Basic + One-Step,NASDAQ:FARO,0.0
2023-01-13,12,AR1 alpha + Basic + One-Step,NASDAQ:FARO,3.3292797456801e-09
2023-01-17,12,AR1 alpha + Basic + One-Step,NASDAQ:FARO,0.0
2023-01-18,12,AR1 alpha + Basic + One-Step,NASDAQ:FARO,0.0
2023-01-19,12,AR1 alpha + Basic + One-Step,NASDAQ:FARO,0.0
2023-01-20,12,AR1 alpha + Basic + One-Step,NASDAQ:FARO,0.0
2023-01-23,12,AR1 alpha + Basic + One-Step,NASDAQ:FARO,0.0
2023-01-24,12,AR1 alpha + Basic + One-Step,NASDAQ:FARO,0.0
2023-01-25,12,AR1 alpha + Basic + One-Step,NASDAQ:FARO,0.0
2023-01-26,12,AR1 alpha + Basic + One-Step,NASDAQ:FARO,0.0
2023-01-27,12,AR1 alpha + Basic + One-Step,NASDAQ:FARO,0.0
2023-01-30,12,AR1 alpha + Basic + One-Step,NASDAQ:FARO,0.0
2023-01-31,12,AR1 alpha + Basic + One-Step,NASDAQ:FARO,0.0
2023-02-01,12,AR1 alpha + Basic + One-Step,NASDAQ:FARO,0.0
2023-02-02,12,AR1 alpha + Basic + One-Step,NASDAQ:FARO,4.781509197325968e-07
2023-02-03,12,AR1 alpha + Basic + One-Step,NASDAQ:FARO,0.0
2023-02-06,12,AR1 alpha + Basic + One-Step,NASDAQ:FARO,0.0
2023-02-07,12,AR1 alpha + Basic + One-Step,NASDAQ:FARO,0.0
2023-02-08,12,AR1 alpha + Basic + One-Step,NASDAQ:FARO,0.0
2023-02-09,12,AR1 alpha + Basic + One-Step,NASDAQ:FARO,0.0
2023-02-10,12,AR1 alpha + Basic + One-Step,NASDAQ:FARO,0.0
2023-02-13,12,AR1 alpha + Basic + One-Step,NASDAQ:FARO,0.0
2023-02-14,12,AR1 alpha + Basic + One-Step,NASDAQ:FARO,0.0
2023-02-15,12,AR1 alpha + Basic + One-Step,NASDAQ:FARO,0.0
2023-02-16,12,AR1 alpha + Basic + One-Step,NASDAQ:FARO,0.0
2023-02-17,12,AR1 alpha + Basic + One-Step,NASDAQ:FARO,0.0
2023-02-21,12,AR1 alpha + Basic + One-Step,NASDAQ:FARO,0.0
2023-02-22,12,AR1 alpha + Basic + One-Step,NASDAQ:FARO,0.0
2023-02-23,12,AR1 alpha + Basic + One-Step,NASDAQ:FARO,0.0
2023-02-24,12,AR1 alpha + Basic + One-Step,NASDAQ:FARO,0.0
2023-02-27,12,AR1 alpha + Basic + One-Step,NASDAQ:FARO,0.0
2023-02-28,12,AR1 alpha + Basic + One-Step,NASDAQ:FARO,0.0
2023-03-01,12,AR1 alpha + Basic + One-Step,NASDAQ:FARO,0.0
2023-03-02,12,AR1 alpha + Basic + One-Step,NASDAQ:FARO,0.0
2023-03-03,12,AR1 alpha + Basic + One-Step,NASDAQ:FARO,0.0
2023-03-06,12,AR1 alpha + Basic + One-Step,NASDAQ:FARO,0.0
2023-03-07,12,AR1 alpha + Basic + One-Step,NASDAQ:FARO,0.0
2023-03-08,12,AR1 alpha + Basic + One-Step,NASDAQ:FARO,3.7959922262548016e-10
2023-03-09,12,AR1 alpha + Basic + One-Step,NASDAQ:FARO,0.0
2023-03-10,12,AR1 alpha + Basic + One-Step,NASDAQ:FARO,2.136909046027691e-09
2023-03-13,12,AR1 alpha + Basic + One-Step,NASDAQ:FARO,1.4041187114105725e-07
2023-03-14,12,AR1 alpha + Basic + One-Step,NASDAQ:FARO,0.0
2023-03-15,12,AR1 alpha + Basic + One-Step,NASDAQ:FARO,7.281931847831745e-08
2023-03-16,12,AR1 alpha + Basic + One-Step,NASDAQ:FARO,4.7814588536191386e-08
2023-03-17,12,AR1 alpha + Basic + One-Step,NASDAQ:FARO,0.0
2023-03-20,12,AR1 alpha + Basic + One-Step,NASDAQ:FARO,2.0028115477761594e-09
2023-03-21,12,AR1 alpha + Basic + One-Step,NASDAQ:FARO,0.0
2023-03-22,12,AR1 alpha + Basic + One-Step,NASDAQ:FARO,0.0
2023-03-23,12,AR1 alpha + Basic + One-Step,NASDAQ:FARO,1.7536980442417693e-08
2023-03-24,12,AR1 alpha + Basic + One-Step,NASDAQ:FARO,0.0
2023-03-27,12,AR1 alpha + Basic + One-Step,NASDAQ:FARO,0.0
2023-03-28,12,AR1 alpha + Basic + One-Step,NASDAQ:FARO,0.0
2023-03-29,12,AR1 alpha + Basic + One-Step,NASDAQ:FARO,0.0
2023-03-30,12,AR1 alpha + Basic + One-Step,NASDAQ:FARO,0.0
2023-03-31,12,AR1 alpha + Basic + One-Step,NASDAQ:FARO,1.8193098656065348e-07
2023-04-03,12,AR1 alpha + Basic + One-Step,NASDAQ:FARO,0.0
2023-04-04,12,AR1 alpha + Basic + One-Step,NASDAQ:FARO,0.0
2023-04-05,12,AR1 alpha + Basic + One-Step,NASDAQ:FARO,9.848140879617157e-08
2023-04-06,12,AR1 alpha + Basic + One-Step,NASDAQ:FARO,2.3034967105539536e-07
2023-04-10,12,AR1 alpha + Basic + One-Step,NASDAQ:FARO,9.464625049891028e-07
2023-04-11,12,AR1 alpha + Basic + One-Step,NASDAQ:FARO,1.8954217652593442e-07
2023-04-12,12,AR1 alpha + Basic + One-Step,NASDAQ:FARO,5.422454374525027e-07
2023-04-13,12,AR1 alpha + Basic + One-Step,NASDAQ:FARO,1.3938849558780966e-07
2023-04-14,12,AR1 alpha + Basic + One-Step,NASDAQ:FARO,1.6412202712271253e-08
2023-04-17,12,AR1 alpha + Basic + One-Step,NASDAQ:FARO,0.0
2023-04-18,12,AR1 alpha + Basic + One-Step,NASDAQ:FARO,2.5301207041473032e-08
2023-04-19,12,AR1 alpha + Basic + One-Step,NASDAQ:FARO,8.097347210718655e-09
2023-04-20,12,AR1 alpha + Basic + One-Step,NASDAQ:FARO,6.633982010877261e-10
2023-04-21,12,AR1 alpha + Basic + One-Step,NASDAQ:FARO,5.692288431068175e-08
2023-04-24,12,AR1 alpha + Basic + One-Step,NASDAQ:FARO,0.0
2023-04-25,12,AR1 alpha + Basic + One-Step,NASDAQ:FARO,0.0
2023-04-26,12,AR1 alpha + Basic + One-Step,NASDAQ:FARO,6.101704894227462e-10
2023-04-27,12,AR1 alpha + Basic + One-Step,NASDAQ:FARO,0.0
2023-04-28,12,AR1 alpha + Basic + One-Step,NASDAQ:FARO,3.089457334506868e-09
2023-05-01,12,AR1 alpha + Basic + One-Step,NASDAQ:FARO,6.495118498148825e-09
2023-05-02,12,AR1 alpha + Basic + One-Step,NASDAQ:FARO,3.54138887361095e-08
2023-05-03,12,AR1 alpha + Basic + One-Step,NASDAQ:FARO,0.0
2023-05-04,12,AR1 alpha + Basic + One-Step,NASDAQ:FARO,0.0
2023-05-05,12,AR1 alpha + Basic + One-Step,NASDAQ:FARO,5.624089210199572e-08
2023-05-08,12,AR1 alpha + Basic + One-Step,NASDAQ:FARO,0.0
2023-05-09,12,AR1 alpha + Basic + One-Step,NASDAQ:FARO,0.0
2023-05-10,12,AR1 alpha + Basic + One-Step,NASDAQ:FARO,7.063551133883778e-08
2023-05-11,12,AR1 alpha + Basic + One-Step,NASDAQ:FARO,1.2433137028769407e-07
2023-05-12,12,AR1 alpha + Basic + One-Step,NASDAQ:FARO,5.130924602195675e-07
2023-05-15,12,AR1 alpha + Basic + One-Step,NASDAQ:FARO,1.1696801573267199e-07
2023-05-16,12,AR1 alpha + Basic + One-Step,NASDAQ:FARO,0.0
2023-05-17,12,AR1 alpha + Basic + One-Step,NASDAQ:FARO,4.786856201237688e-08
2023-05-18,12,AR1 alpha + Basic + One-Step,NASDAQ:FARO,0.0
2023-05-19,12,AR1 alpha + Basic + One-Step,NASDAQ:FARO,5.1905837549710226e-09
2023-05-22,12,AR1 alpha + Basic + One-Step,NASDAQ:FARO,0.0
2023-05-23,12,AR1 alpha + Basic + One-Step,NASDAQ:FARO,0.0
2023-05-24,12,AR1 alpha + Basic + One-Step,NASDAQ:FARO,0.0
2023-05-25,12,AR1 alpha + Basic + One-Step,NASDAQ:FARO,0.0
2023-05-26,12,AR1 alpha + Basic + One-Step,NASDAQ:FARO,0.0
2023-05-30,12,AR1 alpha + Basic + One-Step,NASDAQ:FARO,0.0
2023-05-31,12,AR1 alpha + Basic + One-Step,NASDAQ:FARO,0.0
2023-06-01,12,AR1 alpha + Basic + One-Step,NASDAQ:FARO,0.0
2023-06-02,12,AR1 alpha + Basic + One-Step,NASDAQ:FARO,0.0
2023-06-05,12,AR1 alpha + Basic + One-Step,NASDAQ:FARO,0.0
2023-06-06,12,AR1 alpha + Basic + One-Step,NASDAQ:FARO,1.694787869254027e-07
2023-06-07,12,AR1 alpha + Basic + One-Step,NASDAQ:FARO,6.82518556843855e-08
2023-06-08,12,AR1 alpha + Basic + One-Step,NASDAQ:FARO,0.0
2023-06-09,12,AR1 alpha + Basic + One-Step,NASDAQ:FARO,0.0
2023-06-12,12,AR1 alpha + Basic + One-Step,NASDAQ:FARO,0.0
2023-06-13,12,AR1 alpha + Basic + One-Step,NASDAQ:FARO,7.092194295398058e-08
2023-06-14,12,AR1 alpha + Basic + One-Step,NASDAQ:FARO,0.0
2023-06-15,12,AR1 alpha + Basic + One-Step,NASDAQ:FARO,0.0
2023-06-16,12,AR1 alpha + Basic + One-Step,NASDAQ:FARO,0.0
2023-06-20,12,AR1 alpha + Basic + One-Step,NASDAQ:FARO,0.0
2023-06-21,12,AR1 alpha + Basic + One-Step,NASDAQ:FARO,0.0
2023-06-22,12,AR1 alpha + Basic + One-Step,NASDAQ:FARO,0.0
2023-06-23,12,AR1 alpha + Basic + One-Step,NASDAQ:FARO,0.0
2023-06-26,12,AR1 alpha + Basic + One-Step,NASDAQ:FARO,0.0
2023-06-27,12,AR1 alpha + Basic + One-Step,NASDAQ:FARO,0.0
2023-06-28,12,AR1 alpha + Basic + One-Step,NASDAQ:FARO,0.0
2023-06-29,12,AR1 alpha + Basic + One-Step,NASDAQ:FARO,0.0
2023-06-30,12,AR1 alpha + Basic + One-Step,NASDAQ:FARO,0.0
2023-07-03,12,AR1 alpha + Basic + One-Step,NASDAQ:FARO,0.0
2023-07-05,12,AR1 alpha + Basic + One-Step,NASDAQ:FARO,2.4973132745970564e-07
2023-07-06,12,AR1 alpha + Basic + One-Step,NASDAQ:FARO,0.0
2023-07-07,12,AR1 alpha + Basic + One-Step,NASDAQ:FARO,0.0
2023-07-10,12,AR1 alpha + Basic + One-Step,NASDAQ:FARO,0.0
2023-07-11,12,AR1 alpha + Basic + One-Step,NASDAQ:FARO,0.0
2023-07-12,12,AR1 alpha + Basic + One-Step,NASDAQ:FARO,0.0
2023-07-13,12,AR1 alpha + Basic + One-Step,NASDAQ:FARO,0.0
2023-07-14,12,AR1 alpha + Basic + One-Step,NASDAQ:FARO,8.088090532053003e-08
2023-07-17,12,AR1 alpha + Basic + One-Step,NASDAQ:FARO,2.570951197066431e-07
2023-07-18,12,AR1 alpha + Basic + One-Step,NASDAQ:FARO,3.18863301299588e-07
2023-07-19,12,AR1 alpha + Basic + One-Step,NASDAQ:FARO,1.0234436745522432e-23
2023-07-20,12,AR1 alpha + Basic + One-Step,NASDAQ:FARO,3.913328882345299e-24
2023-07-21,12,AR1 alpha + Basic + One-Step,NASDAQ:FARO,0.0
2023-07-24,12,AR1 alpha + Basic + One-Step,NASDAQ:FARO,0.0
2023-07-25,12,AR1 alpha + Basic + One-Step,NASDAQ:FARO,0.0
2023-07-26,12,AR1 alpha + Basic + One-Step,NASDAQ:FARO,0.0
2023-07-27,12,AR1 alpha + Basic + One-Step,NASDAQ:FARO,0.0
2023-07-28,12,AR1 alpha + Basic + One-Step,NASDAQ:FARO,0.0
2023-07-31,12,AR1 alpha + Basic + One-Step,NASDAQ:FARO,0.0
2023-08-01,12,AR1 alpha + Basic + One-Step,NASDAQ:FARO,0.0
2023-08-02,12,AR1 alpha + Basic + One-Step,NASDAQ:FARO,0.0
2023-08-03,12,AR1 alpha + Basic + One-Step,NASDAQ:FARO,0.0
2023-08-04,12,AR1 alpha + Basic + One-Step,NASDAQ:FARO,0.0
2023-08-07,12,AR1 alpha + Basic + One-Step,NASDAQ:FARO,1.5575257123600441e-09
2023-08-08,12,AR1 alpha + Basic + One-Step,NASDAQ:FARO,0.0
2023-08-09,12,AR1 alpha + Basic + One-Step,NASDAQ:FARO,0.0
2023-08-10,12,AR1 alpha + Basic + One-Step,NASDAQ:FARO,0.0
2023-08-11,12,AR1 alpha + Basic + One-Step,NASDAQ:FARO,2.2705416485879104e-07
2023-08-14,12,AR1 alpha + Basic + One-Step,NASDAQ:FARO,0.0
2023-08-15,12,AR1 alpha + Basic + One-Step,NASDAQ:FARO,0.0
2023-08-16,12,AR1 alpha + Basic + One-Step,NASDAQ:FARO,0.0
2023-08-17,12,AR1 alpha + Basic + One-Step,NASDAQ:FARO,0.0
2023-08-18,12,AR1 alpha + Basic + One-Step,NASDAQ:FARO,0.0
2023-08-21,12,AR1 alpha + Basic + One-Step,NASDAQ:FARO,7.42110430253507e-10
2023-08-22,12,AR1 alpha + Basic + One-Step,NASDAQ:FARO,0.0
2023-08-23,12,AR1 alpha + Basic + One-Step,NASDAQ:FARO,2.8522476051478796e-08
2023-08-24,12,AR1 alpha + Basic + One-Step,NASDAQ:FARO,0.0
2023-08-25,12,AR1 alpha + Basic + One-Step,NASDAQ:FARO,2.6253140149183574e-08
2023-08-28,12,AR1 alpha + Basic + One-Step,NASDAQ:FARO,0.0
2023-08-29,12,AR1 alpha + Basic + One-Step,NASDAQ:FARO,2.0140494639713373e-09
2023-08-30,12,AR1 alpha + Basic + One-Step,NASDAQ:FARO,0.0
2023-08-31,12,AR1 alpha + Basic + One-Step,NASDAQ:FARO,0.0
2023-09-01,12,AR1 alpha + Basic + One-Step,NASDAQ:FARO,5.961336384552725e-09
2023-09-05,12,AR1 alpha + Basic + One-Step,NASDAQ:FARO,0.0
2023-09-06,12,AR1 alpha + Basic + One-Step,NASDAQ:FARO,0.0
2023-09-07,12,AR1 alpha + Basic + One-Step,NASDAQ:FARO,4.896369617839316e-07
2023-09-08,12,AR1 alpha + Basic + One-Step,NASDAQ:FARO,2.7238922779711086e-07
2023-09-11,12,AR1 alpha + Basic + One-Step,NASDAQ:FARO,4.9100092307547035e-08
2023-09-12,12,AR1 alpha + Basic + One-Step,NASDAQ:FARO,5.349525211037822e-07
2023-09-13,12,AR1 alpha + Basic + One-Step,NASDAQ:FARO,0.0
2023-09-14,12,AR1 alpha + Basic + One-Step,NASDAQ:FARO,0.0
2023-09-15,12,AR1 alpha + Basic + One-Step,NASDAQ:FARO,0.0
2023-09-18,12,AR1 alpha + Basic + One-Step,NASDAQ:FARO,0.0
2023-09-19,12,AR1 alpha + Basic + One-Step,NASDAQ:FARO,1.8168722196651012e-09
2023-09-20,12,AR1 alpha + Basic + One-Step,NASDAQ:FARO,5.079047149148882e-08
2023-09-21,12,AR1 alpha + Basic + One-Step,NASDAQ:FARO,1.8772320645326133e-06
2023-09-22,12,AR1 alpha + Basic + One-Step,NASDAQ:FARO,0.0
2023-09-25,12,AR1 alpha + Basic + One-Step,NASDAQ:FARO,0.0
2023-09-26,12,AR1 alpha + Basic + One-Step,NASDAQ:FARO,0.0
2023-09-27,12,AR1 alpha + Basic + One-Step,NASDAQ:FARO,3.5505559194020075e-07
2023-09-28,12,AR1 alpha + Basic + One-Step,NASDAQ:FARO,8.813115953297664e-08
2023-09-29,12,AR1 alpha + Basic + One-Step,NASDAQ:FARO,1.485782260979025e-08
2023-10-02,12,AR1 alpha + Basic + One-Step,NASDAQ:FARO,0.0
2023-10-03,12,AR1 alpha + Basic + One-Step,NASDAQ:FARO,0.0
2023-10-04,12,AR1 alpha + Basic + One-Step,NASDAQ:FARO,0.0
2023-10-05,12,AR1 alpha + Basic + One-Step,NASDAQ:FARO,0.0
2023-10-06,12,AR1 alpha + Basic + One-Step,NASDAQ:FARO,0.0
2023-10-09,12,AR1 alpha + Basic + One-Step,NASDAQ:FARO,0.0
2023-10-10,12,AR1 alpha + Basic + One-Step,NASDAQ:FARO,0.0
2023-10-11,12,AR1 alpha + Basic + One-Step,NASDAQ:FARO,5.454924820670942e-10
2023-10-12,12,AR1 alpha + Basic + One-Step,NASDAQ:FARO,0.0
2023-10-13,12,AR1 alpha + Basic + One-Step,NASDAQ:FARO,1.0654400774331193e-09
2023-10-16,12,AR1 alpha + Basic + One-Step,NASDAQ:FARO,0.0
2023-10-17,12,AR1 alpha + Basic + One-Step,NASDAQ:FARO,0.0
2023-10-18,12,AR1 alpha + Basic + One-Step,NASDAQ:FARO,0.0
2023-10-19,12,AR1 alpha + Basic + One-Step,NASDAQ:FARO,0.0
2023-10-20,12,AR1 alpha + Basic + One-Step,NASDAQ:FARO,0.0
2023-10-23,12,AR1 alpha + Basic + One-Step,NASDAQ:FARO,0.0
2023-10-24,12,AR1 alpha + Basic + One-Step,NASDAQ:FARO,0.0
2023-10-25,12,AR1 alpha + Basic + One-Step,NASDAQ:FARO,0.0
2023-10-26,12,AR1 alpha + Basic + One-Step,NASDAQ:FARO,0.0
2023-10-27,12,AR1 alpha + Basic + One-Step,NASDAQ:FARO,0.0
2023-10-30,12,AR1 alpha + Basic + One-Step,NASDAQ:FARO,0.0
2023-10-31,12,AR1 alpha + Basic + One-Step,NASDAQ:FARO,0.0
2023-11-01,12,AR1 alpha + Basic + One-Step,NASDAQ:FARO,0.0
2023-11-02,12,AR1 alpha + Basic + One-Step,NASDAQ:FARO,0.0
2023-11-03,12,AR1 alpha + Basic + One-Step,NASDAQ:FARO,0.0
2023-11-06,12,AR1 alpha + Basic + One-Step,NASDAQ:FARO,0.0
2023-11-07,12,AR1 alpha + Basic + One-Step,NASDAQ:FARO,1.503642710770555e-09
2023-11-08,12,AR1 alpha + Basic + One-Step,NASDAQ:FARO,5.272171875771641e-09
2023-11-09,12,AR1 alpha + Basic + One-Step,NASDAQ:FARO,0.0
2023-11-10,12,AR1 alpha + Basic + One-Step,NASDAQ:FARO,0.0
2023-11-13,12,AR1 alpha + Basic + One-Step,NASDAQ:FARO,0.0
2023-11-14,12,AR1 alpha + Basic + One-Step,NASDAQ:FARO,0.0
2023-11-15,12,AR1 alpha + Basic + One-Step,NASDAQ:FARO,0.0
2023-11-16,12,AR1 alpha + Basic + One-Step,NASDAQ:FARO,0.0
2023-11-17,12,AR1 alpha + Basic + One-Step,NASDAQ:FARO,0.0
2023-11-20,12,AR1 alpha + Basic + One-Step,NASDAQ:FARO,0.0
2023-11-21,12,AR1 alpha + Basic + One-Step,NASDAQ:FARO,0.0
2023-11-22,12,AR1 alpha + Basic + One-Step,NASDAQ:FARO,0.0
2023-11-24,12,AR1 alpha + Basic + One-Step,NASDAQ:FARO,0.0
2023-11-27,12,AR1 alpha + Basic + One-Step,NASDAQ:FARO,0.0
2023-11-28,12,AR1 alpha + Basic + One-Step,NASDAQ:FARO,5.992999522729544e-09
2023-11-29,12,AR1 alpha + Basic + One-Step,NASDAQ:FARO,0.0
2023-11-30,12,AR1 alpha + Basic + One-Step,NASDAQ:FARO,0.0
2023-12-01,12,AR1 alpha + Basic + One-Step,NASDAQ:FARO,2.8887853221183166e-07
2023-12-04,12,AR1 alpha + Basic + One-Step,NASDAQ:FARO,0.0
2023-12-05,12,AR1 alpha + Basic + One-Step,NASDAQ:FARO,0.0
2023-12-06,12,AR1 alpha + Basic + One-Step,NASDAQ:FARO,1.0216036877060779e-07
2023-12-07,12,AR1 alpha + Basic + One-Step,NASDAQ:FARO,0.0
2023-12-08,12,AR1 alpha + Basic + One-Step,NASDAQ:FARO,0.0
2023-12-11,12,AR1 alpha + Basic + One-Step,NASDAQ:FARO,0.0
2023-12-12,12,AR1 alpha + Basic + One-Step,NASDAQ:FARO,0.0
2023-12-13,12,AR1 alpha + Basic + One-Step,NASDAQ:FARO,0.0
2023-12-14,12,AR1 alpha + Basic + One-Step,NASDAQ:FARO,0.0
2023-12-15,12,AR1 alpha + Basic + One-Step,NASDAQ:FARO,0.0
2023-12-18,12,AR1 alpha + Basic + One-Step,NASDAQ:FARO,0.0
2023-12-19,12,AR1 alpha + Basic + One-Step,NASDAQ:FARO,0.0
2023-12-20,12,AR1 alpha + Basic + One-Step,NASDAQ:FARO,0.0
2023-12-21,12,AR1 alpha + Basic + One-Step,NASDAQ:FARO,0.0
2023-12-22,12,AR1 alpha + Basic + One-Step,NASDAQ:FARO,2.196540195460445e-07
2023-12-26,12,AR1 alpha + Basic + One-Step,NASDAQ:FARO,0.0
2023-12-27,12,AR1 alpha + Basic + One-Step,NASDAQ:FARO,2.2466545965759703e-09
2023-12-28,12,AR1 alpha + Basic + One-Step,NASDAQ:FARO,0.0
2023-12-29,12,AR1 alpha + Basic + One-Step,NASDAQ:FARO,0.0
2024-01-02,12,AR1 alpha + Basic + One-Step,NASDAQ:FARO,0.0
2024-01-03,12,AR1 alpha + Basic + One-Step,NASDAQ:FARO,0.0
2024-01-04,12,AR1 alpha + Basic + One-Step,NASDAQ:FARO,0.0
2024-01-05,12,AR1 alpha + Basic + One-Step,NASDAQ:FARO,0.0
2024-01-08,12,AR1 alpha + Basic + One-Step,NASDAQ:FARO,0.0
2024-01-09,12,AR1 alpha + Basic + One-Step,NASDAQ:FARO,0.0
2024-01-10,12,AR1 alpha + Basic + One-Step,NASDAQ:FARO,0.0
2024-01-11,12,AR1 alpha + Basic + One-Step,NASDAQ:FARO,1.4001639677936903e-07
2024-01-12,12,AR1 alpha + Basic + One-Step,NASDAQ:FARO,0.0
2024-01-16,12,AR1 alpha + Basic + One-Step,NASDAQ:FARO,0.0
2024-01-17,12,AR1 alpha + Basic + One-Step,NASDAQ:FARO,0.0
2024-01-18,12,AR1 alpha + Basic + One-Step,NASDAQ:FARO,2.7437218729541527e-07
2024-01-19,12,AR1 alpha + Basic + One-Step,NASDAQ:FARO,0.0
2024-01-22,12,AR1 alpha + Basic + One-Step,NASDAQ:FARO,0.0
2024-01-23,12,AR1 alpha + Basic + One-Step,NASDAQ:FARO,0.0
2024-01-24,12,AR1 alpha + Basic + One-Step,NASDAQ:FARO,8.111339089166514e-08
2024-01-25,12,AR1 alpha + Basic + One-Step,NASDAQ:FARO,1.3194037910651315e-08
2024-01-26,12,AR1 alpha + Basic + One-Step,NASDAQ:FARO,2.4497954031983502e-09
2024-01-29,12,AR1 alpha + Basic + One-Step,NASDAQ:FARO,0.0
2024-01-30,12,AR1 alpha + Basic + One-Step,NASDAQ:FARO,0.0
2024-01-31,12,AR1 alpha + Basic + One-Step,NASDAQ:FARO,1.5616179333684074e-09
2024-02-01,12,AR1 alpha + Basic + One-Step,NASDAQ:FARO,0.0
2024-02-02,12,AR1 alpha + Basic + One-Step,NASDAQ:FARO,0.0
2024-02-05,12,AR1 alpha + Basic + One-Step,NASDAQ:FARO,0.0
2024-02-06,12,AR1 alpha + Basic + One-Step,NASDAQ:FARO,0.0
2024-02-07,12,AR1 alpha + Basic + One-Step,NASDAQ:FARO,2.8981204632406317e-09
2024-02-08,12,AR1 alpha + Basic + One-Step,NASDAQ:FARO,7.297106825083224e-10
2024-02-09,12,AR1 alpha + Basic + One-Step,NASDAQ:FARO,0.0
2024-02-12,12,AR1 alpha + Basic + One-Step,NASDAQ:FARO,0.0
2024-02-13,12,AR1 alpha + Basic + One-Step,NASDAQ:FARO,1.1283111957917762e-07
2024-02-14,12,AR1 alpha + Basic + One-Step,NASDAQ:FARO,0.0
2024-02-15,12,AR1 alpha + Basic + One-Step,NASDAQ:FARO,1.6479215688361714e-08
2024-02-16,12,AR1 alpha + Basic + One-Step,NASDAQ:FARO,0.0
2024-02-20,12,AR1 alpha + Basic + One-Step,NASDAQ:FARO,0.0
2024-02-21,12,AR1 alpha + Basic + One-Step,NASDAQ:FARO,4.782167195821198e-08
2024-02-22,12,AR1 alpha + Basic + One-Step,NASDAQ:FARO,0.0
2024-02-23,12,AR1 alpha + Basic + One-Step,NASDAQ:FARO,0.0
2024-02-26,12,AR1 alpha + Basic + One-Step,NASDAQ:FARO,0.0
2024-02-27,12,AR1 alpha + Basic + One-Step,NASDAQ:FARO,0.0
2024-02-28,12,AR1 alpha + Basic + One-Step,NASDAQ:FARO,0.0
2024-02-29,12,AR1 alpha + Basic + One-Step,NASDAQ:FARO,0.0
2024-03-01,12,AR1 alpha + Basic + One-Step,NASDAQ:FARO,0.0
2024-03-04,12,AR1 alpha + Basic + One-Step,NASDAQ:FARO,0.0
2024-03-05,12,AR1 alpha + Basic + One-Step,NASDAQ:FARO,0.0
2024-03-06,12,AR1 alpha + Basic + One-Step,NASDAQ:FARO,0.0
2024-03-07,12,AR1 alpha + Basic + One-Step,NASDAQ:FARO,0.0
2024-03-08,12,AR1 alpha + Basic + One-Step,NASDAQ:FARO,0.0
2024-03-11,12,AR1 alpha + Basic + One-Step,NASDAQ:FARO,0.0
2024-03-12,12,AR1 alpha + Basic + One-Step,NASDAQ:FARO,0.0
2024-03-13,12,AR1 alpha + Basic + One-Step,NASDAQ:FARO,0.0
2024-03-14,12,AR1 alpha + Basic + One-Step,NASDAQ:FARO,7.477376750453191e-08
2024-03-15,12,AR1 alpha + Basic + One-Step,NASDAQ:FARO,2.602363490932376e-08
2024-03-18,12,AR1 alpha + Basic + One-Step,NASDAQ:FARO,4.381406018051461e-08
2024-03-19,12,AR1 alpha + Basic + One-Step,NASDAQ:FARO,0.0
2024-03-20,12,AR1 alpha + Basic + One-Step,NASDAQ:FARO,0.0
2024-03-21,12,AR1 alpha + Basic + One-Step,NASDAQ:FARO,1.761200450618973e-08
2024-03-22,12,AR1 alpha + Basic + One-Step,NASDAQ:FARO,2.387747423304742e-09
2024-03-25,12,AR1 alpha + Basic + One-Step,NASDAQ:FARO,0.0
2024-03-26,12,AR1 alpha + Basic + One-Step,NASDAQ:FARO,0.0
2024-03-27,12,AR1 alpha + Basic + One-Step,NASDAQ:FARO,0.0
2024-03-28,12,AR1 alpha + Basic + One-Step,NASDAQ:FARO,0.0
2024-04-01,12,AR1 alpha + Basic + One-Step,NASDAQ:FARO,5.778875841872103e-07
2024-04-02,12,AR1 alpha + Basic + One-Step,NASDAQ:FARO,0.0
2024-04-03,12,AR1 alpha + Basic + One-Step,NASDAQ:FARO,0.0
2024-04-04,12,AR1 alpha + Basic + One-Step,NASDAQ:FARO,0.0
2024-04-05,12,AR1 alpha + Basic + One-Step,NASDAQ:FARO,0.0
2024-04-08,12,AR1 alpha + Basic + One-Step,NASDAQ:FARO,0.0
2024-04-09,12,AR1 alpha + Basic + One-Step,NASDAQ:FARO,0.0
2024-04-10,12,AR1 alpha + Basic + One-Step,NASDAQ:FARO,2.0419245755610855e-07
2024-04-11,12,AR1 alpha + Basic + One-Step,NASDAQ:FARO,0.0
2024-04-12,12,AR1 alpha + Basic + One-Step,NASDAQ:FARO,0.0
2024-04-15,12,AR1 alpha + Basic + One-Step,NASDAQ:FARO,0.0
2024-04-16,12,AR1 alpha + Basic + One-Step,NASDAQ:FARO,0.0
2024-04-17,12,AR1 alpha + Basic + One-Step,NASDAQ:FARO,0.0
2024-04-18,12,AR1 alpha + Basic + One-Step,NASDAQ:FARO,0.0
2024-04-19,12,AR1 alpha + Basic + One-Step,NASDAQ:FARO,0.0
2020-03-25,12,AR1 alpha + Basic + One-Step,NYSE:MTZ,0.02
2020-03-26,12,AR1 alpha + Basic + One-Step,NYSE:MTZ,0.019999999999999997
2020-03-27,12,AR1 alpha + Basic + One-Step,NYSE:MTZ,0.0
2020-03-30,12,AR1 alpha + Basic + One-Step,NYSE:MTZ,0.0
2020-03-31,12,AR1 alpha + Basic + One-Step,NYSE:MTZ,0.0
2020-04-01,12,AR1 alpha + Basic + One-Step,NYSE:MTZ,0.0
2020-04-02,12,AR1 alpha + Basic + One-Step,NYSE:MTZ,0.0
2020-04-03,12,AR1 alpha + Basic + One-Step,NYSE:MTZ,1.023317785259626e-08
2020-04-06,12,AR1 alpha + Basic + One-Step,NYSE:MTZ,1.389050490397665e-07
2020-04-07,12,AR1 alpha + Basic + One-Step,NYSE:MTZ,9.880446973519009e-08
2020-04-08,12,AR1 alpha + Basic + One-Step,NYSE:MTZ,0.0
2020-04-09,12,AR1 alpha + Basic + One-Step,NYSE:MTZ,0.0
2020-04-13,12,AR1 alpha + Basic + One-Step,NYSE:MTZ,0.0
2020-04-14,12,AR1 alpha + Basic + One-Step,NYSE:MTZ,0.0
2020-04-15,12,AR1 alpha + Basic + One-Step,NYSE:MTZ,0.0
2020-04-16,12,AR1 alpha + Basic + One-Step,NYSE:MTZ,2.1969121842353556e-07
2020-04-17,12,AR1 alpha + Basic + One-Step,NYSE:MTZ,0.0
2020-04-20,12,AR1 alpha + Basic + One-Step,NYSE:MTZ,0.0
2020-04-21,12,AR1 alpha + Basic + One-Step,NYSE:MTZ,0.0
2020-04-22,12,AR1 alpha + Basic + One-Step,NYSE:MTZ,0.0
2020-04-23,12,AR1 alpha + Basic + One-Step,NYSE:MTZ,0.0
2020-04-24,12,AR1 alpha + Basic + One-Step,NYSE:MTZ,0.0
2020-04-27,12,AR1 alpha + Basic + One-Step,NYSE:MTZ,0.0
2020-04-28,12,AR1 alpha + Basic + One-Step,NYSE:MTZ,0.0
2020-04-29,12,AR1 alpha + Basic + One-Step,NYSE:MTZ,4.095519762268626e-07
2020-04-30,12,AR1 alpha + Basic + One-Step,NYSE:MTZ,0.0
2020-05-01,12,AR1 alpha + Basic + One-Step,NYSE:MTZ,1.9451068933126923e-08
2020-05-04,12,AR1 alpha + Basic + One-Step,NYSE:MTZ,0.0
2020-05-05,12,AR1 alpha + Basic + One-Step,NYSE:MTZ,4.673797586614173e-07
2020-05-06,12,AR1 alpha + Basic + One-Step,NYSE:MTZ,0.0
2020-05-07,12,AR1 alpha + Basic + One-Step,NYSE:MTZ,0.0
2020-05-08,12,AR1 alpha + Basic + One-Step,NYSE:MTZ,7.3473267030559e-08
2020-05-11,12,AR1 alpha + Basic + One-Step,NYSE:MTZ,2.7538639160558776e-07
2020-05-12,12,AR1 alpha + Basic + One-Step,NYSE:MTZ,0.0
2020-05-13,12,AR1 alpha + Basic + One-Step,NYSE:MTZ,0.0
2020-05-14,12,AR1 alpha + Basic + One-Step,NYSE:MTZ,0.0
2020-05-15,12,AR1 alpha + Basic + One-Step,NYSE:MTZ,0.0
2020-05-18,12,AR1 alpha + Basic + One-Step,NYSE:MTZ,0.0
2020-05-19,12,AR1 alpha + Basic + One-Step,NYSE:MTZ,0.0
2020-05-20,12,AR1 alpha + Basic + One-Step,NYSE:MTZ,0.0
2020-05-21,12,AR1 alpha + Basic + One-Step,NYSE:MTZ,0.0
2020-05-22,12,AR1 alpha + Basic + One-Step,NYSE:MTZ,1.2479462746818586e-07
2020-05-26,12,AR1 alpha + Basic + One-Step,NYSE:MTZ,3.263031405658884e-08
2020-05-27,12,AR1 alpha + Basic + One-Step,NYSE:MTZ,1.9057211128763113e-07
2020-05-28,12,AR1 alpha + Basic + One-Step,NYSE:MTZ,0.0
2020-05-29,12,AR1 alpha + Basic + One-Step,NYSE:MTZ,3.9144686349301225e-09
2020-06-01,12,AR1 alpha + Basic + One-Step,NYSE:MTZ,0.0
2020-06-02,12,AR1 alpha + Basic + One-Step,NYSE:MTZ,2.85624291811337e-07
2020-06-03,12,AR1 alpha + Basic + One-Step,NYSE:MTZ,0.0
2020-06-04,12,AR1 alpha + Basic + One-Step,NYSE:MTZ,0.0
2020-06-05,12,AR1 alpha + Basic + One-Step,NYSE:MTZ,4.049938579497818e-08
2020-06-08,12,AR1 alpha + Basic + One-Step,NYSE:MTZ,0.0
2020-06-09,12,AR1 alpha + Basic + One-Step,NYSE:MTZ,0.0
2020-06-10,12,AR1 alpha + Basic + One-Step,NYSE:MTZ,0.0
2020-06-11,12,AR1 alpha + Basic + One-Step,NYSE:MTZ,0.0
2020-06-12,12,AR1 alpha + Basic + One-Step,NYSE:MTZ,7.190415317961447e-08
2020-06-15,12,AR1 alpha + Basic + One-Step,NYSE:MTZ,3.00919902244662e-08
2020-06-16,12,AR1 alpha + Basic + One-Step,NYSE:MTZ,0.0
2020-06-17,12,AR1 alpha + Basic + One-Step,NYSE:MTZ,0.0
2020-06-18,12,AR1 alpha + Basic + One-Step,NYSE:MTZ,0.0
2020-06-19,12,AR1 alpha + Basic + One-Step,NYSE:MTZ,0.0
2020-06-22,12,AR1 alpha + Basic + One-Step,NYSE:MTZ,0.0
2020-06-23,12,AR1 alpha + Basic + One-Step,NYSE:MTZ,0.0
2020-06-24,12,AR1 alpha + Basic + One-Step,NYSE:MTZ,0.0
2020-06-25,12,AR1 alpha + Basic + One-Step,NYSE:MTZ,0.0
2020-06-26,12,AR1 alpha + Basic + One-Step,NYSE:MTZ,0.0
2020-06-29,12,AR1 alpha + Basic + One-Step,NYSE:MTZ,0.0
2020-06-30,12,AR1 alpha + Basic + One-Step,NYSE:MTZ,2.6720979937603502e-08
2020-07-01,12,AR1 alpha + Basic + One-Step,NYSE:MTZ,0.0
2020-07-02,12,AR1 alpha + Basic + One-Step,NYSE:MTZ,0.0
2020-07-06,12,AR1 alpha + Basic + One-Step,NYSE:MTZ,0.0
2020-07-07,12,AR1 alpha + Basic + One-Step,NYSE:MTZ,0.0
2020-07-08,12,AR1 alpha + Basic + One-Step,NYSE:MTZ,0.0
2020-07-09,12,AR1 alpha + Basic + One-Step,NYSE:MTZ,7.549090296925444e-08
2020-07-10,12,AR1 alpha + Basic + One-Step,NYSE:MTZ,7.148627229126127e-08
2020-07-13,12,AR1 alpha + Basic + One-Step,NYSE:MTZ,0.0
2020-07-14,12,AR1 alpha + Basic + One-Step,NYSE:MTZ,0.0
2020-07-15,12,AR1 alpha + Basic + One-Step,NYSE:MTZ,4.18163716118301e-08
2020-07-16,12,AR1 alpha + Basic + One-Step,NYSE:MTZ,0.0
2020-07-17,12,AR1 alpha + Basic + One-Step,NYSE:MTZ,0.0
2020-07-20,12,AR1 alpha + Basic + One-Step,NYSE:MTZ,7.534445292463165e-08
2020-07-21,12,AR1 alpha + Basic + One-Step,NYSE:MTZ,0.0
2020-07-22,12,AR1 alpha + Basic + One-Step,NYSE:MTZ,0.0
2020-07-23,12,AR1 alpha + Basic + One-Step,NYSE:MTZ,0.0
2020-07-24,12,AR1 alpha + Basic + One-Step,NYSE:MTZ,0.0
2020-07-27,12,AR1 alpha + Basic + One-Step,NYSE:MTZ,1.294503824530413e-07
2020-07-28,12,AR1 alpha + Basic + One-Step,NYSE:MTZ,0.0
2020-07-29,12,AR1 alpha + Basic + One-Step,NYSE:MTZ,0.0
2020-07-30,12,AR1 alpha + Basic + One-Step,NYSE:MTZ,0.0
2020-07-31,12,AR1 alpha + Basic + One-Step,NYSE:MTZ,0.0
2020-08-03,12,AR1 alpha + Basic + One-Step,NYSE:MTZ,1.6648747765487583e-07
2020-08-04,12,AR1 alpha + Basic + One-Step,NYSE:MTZ,0.0
2020-08-05,12,AR1 alpha + Basic + One-Step,NYSE:MTZ,0.0
2020-08-06,12,AR1 alpha + Basic + One-Step,NYSE:MTZ,0.0
2020-08-07,12,AR1 alpha + Basic + One-Step,NYSE:MTZ,0.0
2020-08-10,12,AR1 alpha + Basic + One-Step,NYSE:MTZ,0.0
2020-08-11,12,AR1 alpha + Basic + One-Step,NYSE:MTZ,0.0
2020-08-12,12,AR1 alpha + Basic + One-Step,NYSE:MTZ,0.0
2020-08-13,12,AR1 alpha + Basic + One-Step,NYSE:MTZ,0.0
2020-08-14,12,AR1 alpha + Basic + One-Step,NYSE:MTZ,0.0
2020-08-17,12,AR1 alpha + Basic + One-Step,NYSE:MTZ,0.0
2020-08-18,12,AR1 alpha + Basic + One-Step,NYSE:MTZ,0.0
2020-08-19,12,AR1 alpha + Basic + One-Step,NYSE:MTZ,0.0
2020-08-20,12,AR1 alpha + Basic + One-Step,NYSE:MTZ,1.076440072597413e-07
2020-08-21,12,AR1 alpha + Basic + One-Step,NYSE:MTZ,0.0
2020-08-24,12,AR1 alpha + Basic + One-Step,NYSE:MTZ,0.0
2020-08-25,12,AR1 alpha + Basic + One-Step,NYSE:MTZ,0.0
2020-08-26,12,AR1 alpha + Basic + One-Step,NYSE:MTZ,0.0
2020-08-27,12,AR1 alpha + Basic + One-Step,NYSE:MTZ,0.0
2020-08-28,12,AR1 alpha + Basic + One-Step,NYSE:MTZ,0.0
2020-08-31,12,AR1 alpha + Basic + One-Step,NYSE:MTZ,0.0
2020-09-01,12,AR1 alpha + Basic + One-Step,NYSE:MTZ,0.0
2020-09-02,12,AR1 alpha + Basic + One-Step,NYSE:MTZ,0.0
2020-09-03,12,AR1 alpha + Basic + One-Step,NYSE:MTZ,0.0
2020-09-04,12,AR1 alpha + Basic + One-Step,NYSE:MTZ,0.0
2020-09-08,12,AR1 alpha + Basic + One-Step,NYSE:MTZ,0.0
2020-09-09,12,AR1 alpha + Basic + One-Step,NYSE:MTZ,2.737547796209352e-08
2020-09-10,12,AR1 alpha + Basic + One-Step,NYSE:MTZ,0.0
2020-09-11,12,AR1 alpha + Basic + One-Step,NYSE:MTZ,0.0
2020-09-14,12,AR1 alpha + Basic + One-Step,NYSE:MTZ,0.0
2020-09-15,12,AR1 alpha + Basic + One-Step,NYSE:MTZ,0.0
2020-09-16,12,AR1 alpha + Basic + One-Step,NYSE:MTZ,0.0
2020-09-17,12,AR1 alpha + Basic + One-Step,NYSE:MTZ,0.0
2020-09-18,12,AR1 alpha + Basic + One-Step,NYSE:MTZ,0.0
2020-09-21,12,AR1 alpha + Basic + One-Step,NYSE:MTZ,2.645946173104441e-09
2020-09-22,12,AR1 alpha + Basic + One-Step,NYSE:MTZ,0.0
2020-09-23,12,AR1 alpha + Basic + One-Step,NYSE:MTZ,2.803173863907391e-09
2020-09-24,12,AR1 alpha + Basic + One-Step,NYSE:MTZ,1.8425369884796052e-07
2020-09-25,12,AR1 alpha + Basic + One-Step,NYSE:MTZ,0.0
2020-09-28,12,AR1 alpha + Basic + One-Step,NYSE:MTZ,0.0
2020-09-29,12,AR1 alpha + Basic + One-Step,NYSE:MTZ,0.0
2020-09-30,12,AR1 alpha + Basic + One-Step,NYSE:MTZ,0.0
2020-10-01,12,AR1 alpha + Basic + One-Step,NYSE:MTZ,1.8472544464596933e-07
2020-10-02,12,AR1 alpha + Basic + One-Step,NYSE:MTZ,0.0
2020-10-05,12,AR1 alpha + Basic + One-Step,NYSE:MTZ,3.7151543655656185e-09
2020-10-06,12,AR1 alpha + Basic + One-Step,NYSE:MTZ,5.9284931926315455e-08
2020-10-07,12,AR1 alpha + Basic + One-Step,NYSE:MTZ,3.7665384167172623e-07
2020-10-08,12,AR1 alpha + Basic + One-Step,NYSE:MTZ,0.0
2020-10-09,12,AR1 alpha + Basic + One-Step,NYSE:MTZ,0.0
2020-10-12,12,AR1 alpha + Basic + One-Step,NYSE:MTZ,0.0
2020-10-13,12,AR1 alpha + Basic + One-Step,NYSE:MTZ,0.0
2020-10-14,12,AR1 alpha + Basic + One-Step,NYSE:MTZ,0.0
2020-10-15,12,AR1 alpha + Basic + One-Step,NYSE:MTZ,0.0
2020-10-16,12,AR1 alpha + Basic + One-Step,NYSE:MTZ,1.6660247042280564e-07
2020-10-19,12,AR1 alpha + Basic + One-Step,NYSE:MTZ,0.0
2020-10-20,12,AR1 alpha + Basic + One-Step,NYSE:MTZ,0.0
2020-10-21,12,AR1 alpha + Basic + One-Step,NYSE:MTZ,0.0
2020-10-22,12,AR1 alpha + Basic + One-Step,NYSE:MTZ,0.0
2020-10-23,12,AR1 alpha + Basic + One-Step,NYSE:MTZ,0.0
2020-10-26,12,AR1 alpha + Basic + One-Step,NYSE:MTZ,0.0
2020-10-27,12,AR1 alpha + Basic + One-Step,NYSE:MTZ,6.042204571078364e-09
2020-10-28,12,AR1 alpha + Basic + One-Step,NYSE:MTZ,5.762880344926285e-09
2020-10-29,12,AR1 alpha + Basic + One-Step,NYSE:MTZ,0.0
2020-10-30,12,AR1 alpha + Basic + One-Step,NYSE:MTZ,0.0
2020-11-02,12,AR1 alpha + Basic + One-Step,NYSE:MTZ,0.0
2020-11-03,12,AR1 alpha + Basic + One-Step,NYSE:MTZ,0.0
2020-11-04,12,AR1 alpha + Basic + One-Step,NYSE:MTZ,0.0
2020-11-05,12,AR1 alpha + Basic + One-Step,NYSE:MTZ,0.0
2020-11-06,12,AR1 alpha + Basic + One-Step,NYSE:MTZ,0.0
2020-11-09,12,AR1 alpha + Basic + One-Step,NYSE:MTZ,0.0
2020-11-10,12,AR1 alpha + Basic + One-Step,NYSE:MTZ,0.0
2020-11-11,12,AR1 alpha + Basic + One-Step,NYSE:MTZ,0.0
2020-11-12,12,AR1 alpha + Basic + One-Step,NYSE:MTZ,0.0
2020-11-13,12,AR1 alpha + Basic + One-Step,NYSE:MTZ,0.0
2020-11-16,12,AR1 alpha + Basic + One-Step,NYSE:MTZ,0.0
2020-11-17,12,AR1 alpha + Basic + One-Step,NYSE:MTZ,0.0
2020-11-18,12,AR1 alpha + Basic + One-Step,NYSE:MTZ,0.0
2020-11-19,12,AR1 alpha + Basic + One-Step,NYSE:MTZ,4.320849364827364e-08
2020-11-20,12,AR1 alpha + Basic + One-Step,NYSE:MTZ,0.0
2020-11-23,12,AR1 alpha + Basic + One-Step,NYSE:MTZ,0.0
2020-11-24,12,AR1 alpha + Basic + One-Step,NYSE:MTZ,0.0
2020-11-25,12,AR1 alpha + Basic + One-Step,NYSE:MTZ,0.0
2020-11-27,12,AR1 alpha + Basic + One-Step,NYSE:MTZ,0.0
2020-11-30,12,AR1 alpha + Basic + One-Step,NYSE:MTZ,9.12432018457033e-10
2020-12-01,12,AR1 alpha + Basic + One-Step,NYSE:MTZ,0.0
2020-12-02,12,AR1 alpha + Basic + One-Step,NYSE:MTZ,0.0
2020-12-03,12,AR1 alpha + Basic + One-Step,NYSE:MTZ,0.0
2020-12-04,12,AR1 alpha + Basic + One-Step,NYSE:MTZ,5.049142954771702e-10
2020-12-07,12,AR1 alpha + Basic + One-Step,NYSE:MTZ,0.0
2020-12-08,12,AR1 alpha + Basic + One-Step,NYSE:MTZ,1.0360893743831994e-07
2020-12-09,12,AR1 alpha + Basic + One-Step,NYSE:MTZ,0.0
2020-12-10,12,AR1 alpha + Basic + One-Step,NYSE:MTZ,0.0
2020-12-11,12,AR1 alpha + Basic + One-Step,NYSE:MTZ,2.752794723296206e-07
2020-12-14,12,AR1 alpha + Basic + One-Step,NYSE:MTZ,3.978917556309312e-07
2020-12-15,12,AR1 alpha + Basic + One-Step,NYSE:MTZ,0.0
2020-12-16,12,AR1 alpha + Basic + One-Step,NYSE:MTZ,1.357263911360171e-09
2020-12-17,12,AR1 alpha + Basic + One-Step,NYSE:MTZ,0.0
2020-12-18,12,AR1 alpha + Basic + One-Step,NYSE:MTZ,0.0
2020-12-21,12,AR1 alpha + Basic + One-Step,NYSE:MTZ,5.682172692596827e-07
2020-12-22,12,AR1 alpha + Basic + One-Step,NYSE:MTZ,7.399867798121213e-07
2020-12-23,12,AR1 alpha + Basic + One-Step,NYSE:MTZ,0.0
2020-12-24,12,AR1 alpha + Basic + One-Step,NYSE:MTZ,0.0
2020-12-28,12,AR1 alpha + Basic + One-Step,NYSE:MTZ,0.0
2020-12-29,12,AR1 alpha + Basic + One-Step,NYSE:MTZ,0.0
2020-12-30,12,AR1 alpha + Basic + One-Step,NYSE:MTZ,0.0
2020-12-31,12,AR1 alpha + Basic + One-Step,NYSE:MTZ,0.0
2021-01-04,12,AR1 alpha + Basic + One-Step,NYSE:MTZ,0.0
2021-01-05,12,AR1 alpha + Basic + One-Step,NYSE:MTZ,0.0
2021-01-06,12,AR1 alpha + Basic + One-Step,NYSE:MTZ,0.0
2021-01-07,12,AR1 alpha + Basic + One-Step,NYSE:MTZ,0.0
2021-01-08,12,AR1 alpha + Basic + One-Step,NYSE:MTZ,0.0
2021-01-11,12,AR1 alpha + Basic + One-Step,NYSE:MTZ,0.0
2021-01-12,12,AR1 alpha + Basic + One-Step,NYSE:MTZ,0.0
2021-01-13,12,AR1 alpha + Basic + One-Step,NYSE:MTZ,0.0
2021-01-14,12,AR1 alpha + Basic + One-Step,NYSE:MTZ,0.0
2021-01-15,12,AR1 alpha + Basic + One-Step,NYSE:MTZ,0.0
2021-01-19,12,AR1 alpha + Basic + One-Step,NYSE:MTZ,0.03340093455231395
2021-01-20,12,AR1 alpha + Basic + One-Step,NYSE:MTZ,0.00958583417499163
2021-01-21,12,AR1 alpha + Basic + One-Step,NYSE:MTZ,0.017424921654319563
2021-01-22,12,AR1 alpha + Basic + One-Step,NYSE:MTZ,0.00927767248150959
2021-01-25,12,AR1 alpha + Basic + One-Step,NYSE:MTZ,0.0
2021-01-26,12,AR1 alpha + Basic + One-Step,NYSE:MTZ,0.0
2021-01-27,12,AR1 alpha + Basic + One-Step,NYSE:MTZ,0.0
2021-01-28,12,AR1 alpha + Basic + One-Step,NYSE:MTZ,0.0
2021-01-29,12,AR1 alpha + Basic + One-Step,NYSE:MTZ,0.0
2021-02-01,12,AR1 alpha + Basic + One-Step,NYSE:MTZ,1.5702116338870802e-07
2021-02-02,12,AR1 alpha + Basic + One-Step,NYSE:MTZ,0.0
2021-02-03,12,AR1 alpha + Basic + One-Step,NYSE:MTZ,1.5417225154156046e-08
2021-02-04,12,AR1 alpha + Basic + One-Step,NYSE:MTZ,0.0
2021-02-05,12,AR1 alpha + Basic + One-Step,NYSE:MTZ,0.0
2021-02-08,12,AR1 alpha + Basic + One-Step,NYSE:MTZ,2.7104056986438523e-07
2021-02-09,12,AR1 alpha + Basic + One-Step,NYSE:MTZ,0.0
2021-02-10,12,AR1 alpha + Basic + One-Step,NYSE:MTZ,0.0
2021-02-11,12,AR1 alpha + Basic + One-Step,NYSE:MTZ,0.03842191584280196
2021-02-12,12,AR1 alpha + Basic + One-Step,NYSE:MTZ,0.011008811870489563
2021-02-16,12,AR1 alpha + Basic + One-Step,NYSE:MTZ,0.0
2021-02-17,12,AR1 alpha + Basic + One-Step,NYSE:MTZ,0.0
2021-02-18,12,AR1 alpha + Basic + One-Step,NYSE:MTZ,0.0
2021-02-19,12,AR1 alpha + Basic + One-Step,NYSE:MTZ,0.0
2021-02-22,12,AR1 alpha + Basic + One-Step,NYSE:MTZ,5.770401680198251e-07
2021-02-23,12,AR1 alpha + Basic + One-Step,NYSE:MTZ,5.246890236911654e-08
2021-02-24,12,AR1 alpha + Basic + One-Step,NYSE:MTZ,0.0
2021-02-25,12,AR1 alpha + Basic + One-Step,NYSE:MTZ,0.0
2021-02-26,12,AR1 alpha + Basic + One-Step,NYSE:MTZ,1.0869702878512806e-06
2021-03-01,12,AR1 alpha + Basic + One-Step,NYSE:MTZ,0.0
2021-03-02,12,AR1 alpha + Basic + One-Step,NYSE:MTZ,1.6610990722961896e-08
2021-03-03,12,AR1 alpha + Basic + One-Step,NYSE:MTZ,0.0
2021-03-04,12,AR1 alpha + Basic + One-Step,NYSE:MTZ,0.0
2021-03-05,12,AR1 alpha + Basic + One-Step,NYSE:MTZ,0.0
2021-03-08,12,AR1 alpha + Basic + One-Step,NYSE:MTZ,0.0
2021-03-09,12,AR1 alpha + Basic + One-Step,NYSE:MTZ,0.0014580300000154125
2021-03-10,12,AR1 alpha + Basic + One-Step,NYSE:MTZ,0.0
2021-03-11,12,AR1 alpha + Basic + One-Step,NYSE:MTZ,0.0
2021-03-12,12,AR1 alpha + Basic + One-Step,NYSE:MTZ,0.0
2021-03-15,12,AR1 alpha + Basic + One-Step,NYSE:MTZ,0.022176349210434973
2021-03-16,12,AR1 alpha + Basic + One-Step,NYSE:MTZ,0.04835929117760136
2021-03-17,12,AR1 alpha + Basic + One-Step,NYSE:MTZ,0.041991706237283107
2021-03-18,12,AR1 alpha + Basic + One-Step,NYSE:MTZ,0.0679629210901951
2021-03-19,12,AR1 alpha + Basic + One-Step,NYSE:MTZ,0.060376917251248274
2021-03-22,12,AR1 alpha + Basic + One-Step,NYSE:MTZ,0.05276029901873016
2021-03-23,12,AR1 alpha + Basic + One-Step,NYSE:MTZ,0.018886903493474428
2021-03-24,12,AR1 alpha + Basic + One-Step,NYSE:MTZ,0.03935922518302908
2021-03-25,12,AR1 alpha + Basic + One-Step,NYSE:MTZ,0.03935224672048248
2021-03-26,12,AR1 alpha + Basic + One-Step,NYSE:MTZ,0.0441729517367606
2021-03-29,12,AR1 alpha + Basic + One-Step,NYSE:MTZ,0.027962210101944992
2021-03-30,12,AR1 alpha + Basic + One-Step,NYSE:MTZ,0.019703743640477583
2021-03-31,12,AR1 alpha + Basic + One-Step,NYSE:MTZ,0.0029473769550163263
2021-04-01,12,AR1 alpha + Basic + One-Step,NYSE:MTZ,0.007398290809116553
2021-04-05,12,AR1 alpha + Basic + One-Step,NYSE:MTZ,0.06371779132929785
2021-04-06,12,AR1 alpha + Basic + One-Step,NYSE:MTZ,0.05504579351218056
2021-04-07,12,AR1 alpha + Basic + One-Step,NYSE:MTZ,0.05336225947538154
2021-04-08,12,AR1 alpha + Basic + One-Step,NYSE:MTZ,0.03840060542180793
2021-04-09,12,AR1 alpha + Basic + One-Step,NYSE:MTZ,0.07502912438366782
2021-04-12,12,AR1 alpha + Basic + One-Step,NYSE:MTZ,0.07401639398023756
2021-04-13,12,AR1 alpha + Basic + One-Step,NYSE:MTZ,0.04184268764518352
2021-04-14,12,AR1 alpha + Basic + One-Step,NYSE:MTZ,0.04538044270247338
2021-04-15,12,AR1 alpha + Basic + One-Step,NYSE:MTZ,0.04675496115287399
2021-04-16,12,AR1 alpha + Basic + One-Step,NYSE:MTZ,0.05619401669635987
2021-04-19,12,AR1 alpha + Basic + One-Step,NYSE:MTZ,0.05346557004276369
2021-04-20,12,AR1 alpha + Basic + One-Step,NYSE:MTZ,0.08880738156392698
2021-04-21,12,AR1 alpha + Basic + One-Step,NYSE:MTZ,0.07239391083792865
2021-04-22,12,AR1 alpha + Basic + One-Step,NYSE:MTZ,0.09427352897369452
2021-04-23,12,AR1 alpha + Basic + One-Step,NYSE:MTZ,0.07494492657683563
2021-04-26,12,AR1 alpha + Basic + One-Step,NYSE:MTZ,0.08380094279344366
2021-04-27,12,AR1 alpha + Basic + One-Step,NYSE:MTZ,0.09453249008561744
2021-04-28,12,AR1 alpha + Basic + One-Step,NYSE:MTZ,0.06006564148987786
2021-04-29,12,AR1 alpha + Basic + One-Step,NYSE:MTZ,0.08143079070378165
2021-04-30,12,AR1 alpha + Basic + One-Step,NYSE:MTZ,0.048683001848753994
2021-05-03,12,AR1 alpha + Basic + One-Step,NYSE:MTZ,0.07509826340906935
2021-05-04,12,AR1 alpha + Basic + One-Step,NYSE:MTZ,0.0343111505683904
2021-05-05,12,AR1 alpha + Basic + One-Step,NYSE:MTZ,0.01413826002407897
2021-05-06,12,AR1 alpha + Basic + One-Step,NYSE:MTZ,0.052298230699537734
2021-05-07,12,AR1 alpha + Basic + One-Step,NYSE:MTZ,0.07657836003988938
2021-05-10,12,AR1 alpha + Basic + One-Step,NYSE:MTZ,0.09998804197190869
2021-05-11,12,AR1 alpha + Basic + One-Step,NYSE:MTZ,0.09998184295964122
2021-05-12,12,AR1 alpha + Basic + One-Step,NYSE:MTZ,0.06604352174238708
2021-05-13,12,AR1 alpha + Basic + One-Step,NYSE:MTZ,0.09999860100589252
2021-05-14,12,AR1 alpha + Basic + One-Step,NYSE:MTZ,0.0999993800274247
2021-05-17,12,AR1 alpha + Basic + One-Step,NYSE:MTZ,0.09998726358178069
2021-05-18,12,AR1 alpha + Basic + One-Step,NYSE:MTZ,0.09999119721369865
2021-05-19,12,AR1 alpha + Basic + One-Step,NYSE:MTZ,0.09999625037062258
2021-05-20,12,AR1 alpha + Basic + One-Step,NYSE:MTZ,0.0999984524181944
2021-05-21,12,AR1 alpha + Basic + One-Step,NYSE:MTZ,0.09999561425576577
2021-05-24,12,AR1 alpha + Basic + One-Step,NYSE:MTZ,0.09999132592550586
2021-05-25,12,AR1 alpha + Basic + One-Step,NYSE:MTZ,0.09998979122728219
2021-05-26,12,AR1 alpha + Basic + One-Step,NYSE:MTZ,0.09999539989406582
2021-05-27,12,AR1 alpha + Basic + One-Step,NYSE:MTZ,0.0999980155368328
2021-05-28,12,AR1 alpha + Basic + One-Step,NYSE:MTZ,0.09999570102566867
2021-06-01,12,AR1 alpha + Basic + One-Step,NYSE:MTZ,0.09999738926297742
2021-06-02,12,AR1 alpha + Basic + One-Step,NYSE:MTZ,0.09998982784212104
2021-06-03,12,AR1 alpha + Basic + One-Step,NYSE:MTZ,0.09998802326684786
2021-06-04,12,AR1 alpha + Basic + One-Step,NYSE:MTZ,0.09999198400569076
2021-06-07,12,AR1 alpha + Basic + One-Step,NYSE:MTZ,0.09999625726341244
2021-06-08,12,AR1 alpha + Basic + One-Step,NYSE:MTZ,0.09999838658894701
2021-06-09,12,AR1 alpha + Basic + One-Step,NYSE:MTZ,0.09999922082570208
2021-06-10,12,AR1 alpha + Basic + One-Step,NYSE:MTZ,0.099999610568282
2021-06-11,12,AR1 alpha + Basic + One-Step,NYSE:MTZ,0.09999900477724742
2021-06-14,12,AR1 alpha + Basic + One-Step,NYSE:MTZ,0.09999082368922653
2021-06-15,12,AR1 alpha + Basic + One-Step,NYSE:MTZ,0.09999392645455323
2021-06-16,12,AR1 alpha + Basic + One-Step,NYSE:MTZ,0.09998865104080991
2021-06-17,12,AR1 alpha + Basic + One-Step,NYSE:MTZ,0.09999337231182603
2021-06-18,12,AR1 alpha + Basic + One-Step,NYSE:MTZ,0.09999272666037863
2021-06-21,12,AR1 alpha + Basic + One-Step,NYSE:MTZ,0.09999126280497782
2021-06-22,12,AR1 alpha + Basic + One-Step,NYSE:MTZ,0.10000044459581064
2021-06-23,12,AR1 alpha + Basic + One-Step,NYSE:MTZ,0.10000040866557211
2021-06-24,12,AR1 alpha + Basic + One-Step,NYSE:MTZ,0.0988414398670846
2021-06-25,12,AR1 alpha + Basic + One-Step,NYSE:MTZ,0.0999908016003658
2021-06-28,12,AR1 alpha + Basic + One-Step,NYSE:MTZ,0.08124779046881059
2021-06-29,12,AR1 alpha + Basic + One-Step,NYSE:MTZ,0.0749952673278457
2021-06-30,12,AR1 alpha + Basic + One-Step,NYSE:MTZ,0.05912858253350941
2021-07-01,12,AR1 alpha + Basic + One-Step,NYSE:MTZ,0.05220590025533548
2021-07-02,12,AR1 alpha + Basic + One-Step,NYSE:MTZ,0.06539269378790831
2021-07-06,12,AR1 alpha + Basic + One-Step,NYSE:MTZ,0.09568794874183505
2021-07-07,12,AR1 alpha + Basic + One-Step,NYSE:MTZ,0.09998547814641061
2021-07-08,12,AR1 alpha + Basic + One-Step,NYSE:MTZ,0.09998161254315432
2021-07-09,12,AR1 alpha + Basic + One-Step,NYSE:MTZ,0.09997410025563779
2021-07-12,12,AR1 alpha + Basic + One-Step,NYSE:MTZ,0.09998434703632081
2021-07-13,12,AR1 alpha + Basic + One-Step,NYSE:MTZ,0.09999100525747788
2021-07-14,12,AR1 alpha + Basic + One-Step,NYSE:MTZ,0.09998458305924335
2021-07-15,12,AR1 alpha + Basic + One-Step,NYSE:MTZ,0.09998451439007072
2021-07-16,12,AR1 alpha + Basic + One-Step,NYSE:MTZ,0.09998899044690501
2021-07-19,12,AR1 alpha + Basic + One-Step,NYSE:MTZ,0.09998548948060448
2021-07-20,12,AR1 alpha + Basic + One-Step,NYSE:MTZ,0.09998537013534434
2021-07-21,12,AR1 alpha + Basic + One-Step,NYSE:MTZ,0.09998818755818796
2021-07-22,12,AR1 alpha + Basic + One-Step,NYSE:MTZ,0.09998527926796041
2021-07-23,12,AR1 alpha + Basic + One-Step,NYSE:MTZ,0.09998337059628017
2021-07-26,12,AR1 alpha + Basic + One-Step,NYSE:MTZ,0.09999155716258318
2021-07-27,12,AR1 alpha + Basic + One-Step,NYSE:MTZ,0.09999764194454715
2021-07-28,12,AR1 alpha + Basic + One-Step,NYSE:MTZ,0.09999042469037552
2021-07-29,12,AR1 alpha + Basic + One-Step,NYSE:MTZ,0.0999828754468197
2021-07-30,12,AR1 alpha + Basic + One-Step,NYSE:MTZ,0.0999801451780753
2021-08-02,12,AR1 alpha + Basic + One-Step,NYSE:MTZ,0.09998789988428679
2021-08-03,12,AR1 alpha + Basic + One-Step,NYSE:MTZ,0.09999896434222248
2021-08-04,12,AR1 alpha + Basic + One-Step,NYSE:MTZ,0.09999939325278623
2021-08-05,12,AR1 alpha + Basic + One-Step,NYSE:MTZ,0.0999938629554948
2021-08-06,12,AR1 alpha + Basic + One-Step,NYSE:MTZ,0.09999049615334814
2021-08-09,12,AR1 alpha + Basic + One-Step,NYSE:MTZ,0.09999446562967136
2021-08-10,12,AR1 alpha + Basic + One-Step,NYSE:MTZ,0.09173760962628782
2021-08-11,12,AR1 alpha + Basic + One-Step,NYSE:MTZ,0.061249869654671704
2021-08-12,12,AR1 alpha + Basic + One-Step,NYSE:MTZ,0.051999444746177945
2021-08-13,12,AR1 alpha + Basic + One-Step,NYSE:MTZ,0.07767619562087667
2021-08-16,12,AR1 alpha + Basic + One-Step,NYSE:MTZ,0.08228288805410175
2021-08-17,12,AR1 alpha + Basic + One-Step,NYSE:MTZ,0.042281706848411885
2021-08-18,12,AR1 alpha + Basic + One-Step,NYSE:MTZ,0.0
2021-08-19,12,AR1 alpha + Basic + One-Step,NYSE:MTZ,0.0
2021-08-20,12,AR1 alpha + Basic + One-Step,NYSE:MTZ,0.03502218864055685
2021-08-23,12,AR1 alpha + Basic + One-Step,NYSE:MTZ,0.04739417159333322
2021-08-24,12,AR1 alpha + Basic + One-Step,NYSE:MTZ,0.0331066503576576
2021-08-25,12,AR1 alpha + Basic + One-Step,NYSE:MTZ,0.040161671156196205
2021-08-26,12,AR1 alpha + Basic + One-Step,NYSE:MTZ,0.04384139723985916
2021-08-27,12,AR1 alpha + Basic + One-Step,NYSE:MTZ,0.032064384065430176
2021-08-30,12,AR1 alpha + Basic + One-Step,NYSE:MTZ,0.011956287140383074
2021-08-31,12,AR1 alpha + Basic + One-Step,NYSE:MTZ,6.611901884091277e-07
2021-09-01,12,AR1 alpha + Basic + One-Step,NYSE:MTZ,0.0
2021-09-02,12,AR1 alpha + Basic + One-Step,NYSE:MTZ,0.0
2021-09-03,12,AR1 alpha + Basic + One-Step,NYSE:MTZ,0.0
2021-09-07,12,AR1 alpha + Basic + One-Step,NYSE:MTZ,0.0
2021-09-08,12,AR1 alpha + Basic + One-Step,NYSE:MTZ,0.0
2021-09-09,12,AR1 alpha + Basic + One-Step,NYSE:MTZ,0.002368742736659081
2021-09-10,12,AR1 alpha + Basic + One-Step,NYSE:MTZ,2.680811948055754e-07
2021-09-13,12,AR1 alpha + Basic + One-Step,NYSE:MTZ,0.0
2021-09-14,12,AR1 alpha + Basic + One-Step,NYSE:MTZ,1.5434677741369813e-07
2021-09-15,12,AR1 alpha + Basic + One-Step,NYSE:MTZ,0.0
2021-09-16,12,AR1 alpha + Basic + One-Step,NYSE:MTZ,0.0
2021-09-17,12,AR1 alpha + Basic + One-Step,NYSE:MTZ,0.0
2021-09-20,12,AR1 alpha + Basic + One-Step,NYSE:MTZ,0.0
2021-09-21,12,AR1 alpha + Basic + One-Step,NYSE:MTZ,1.620802427656327e-07
2021-09-22,12,AR1 alpha + Basic + One-Step,NYSE:MTZ,0.0
2021-09-23,12,AR1 alpha + Basic + One-Step,NYSE:MTZ,0.04595513654385586
2021-09-24,12,AR1 alpha + Basic + One-Step,NYSE:MTZ,0.012862954954991547
2021-09-27,12,AR1 alpha + Basic + One-Step,NYSE:MTZ,0.011900258899466857
2021-09-28,12,AR1 alpha + Basic + One-Step,NYSE:MTZ,0.0
2021-09-29,12,AR1 alpha + Basic + One-Step,NYSE:MTZ,0.0
2021-09-30,12,AR1 alpha + Basic + One-Step,NYSE:MTZ,0.0
2021-10-01,12,AR1 alpha + Basic + One-Step,NYSE:MTZ,0.0
2021-10-04,12,AR1 alpha + Basic + One-Step,NYSE:MTZ,0.0
2021-10-05,12,AR1 alpha + Basic + One-Step,NYSE:MTZ,0.0
2021-10-06,12,AR1 alpha + Basic + One-Step,NYSE:MTZ,0.0
2021-10-07,12,AR1 alpha + Basic + One-Step,NYSE:MTZ,0.0
2021-10-08,12,AR1 alpha + Basic + One-Step,NYSE:MTZ,0.0
2021-10-11,12,AR1 alpha + Basic + One-Step,NYSE:MTZ,0.0
2021-10-12,12,AR1 alpha + Basic + One-Step,NYSE:MTZ,0.0
2021-10-13,12,AR1 alpha + Basic + One-Step,NYSE:MTZ,0.0
2021-10-14,12,AR1 alpha + Basic + One-Step,NYSE:MTZ,0.0
2021-10-15,12,AR1 alpha + Basic + One-Step,NYSE:MTZ,0.0
2021-10-18,12,AR1 alpha + Basic + One-Step,NYSE:MTZ,0.0
2021-10-19,12,AR1 alpha + Basic + One-Step,NYSE:MTZ,0.0
2021-10-20,12,AR1 alpha + Basic + One-Step,NYSE:MTZ,0.0
2021-10-21,12,AR1 alpha + Basic + One-Step,NYSE:MTZ,0.0
2021-10-22,12,AR1 alpha + Basic + One-Step,NYSE:MTZ,0.0
2021-10-25,12,AR1 alpha + Basic + One-Step,NYSE:MTZ,0.0
2021-10-26,12,AR1 alpha + Basic + One-Step,NYSE:MTZ,0.0
2021-10-27,12,AR1 alpha + Basic + One-Step,NYSE:MTZ,0.0
2021-10-28,12,AR1 alpha + Basic + One-Step,NYSE:MTZ,0.0
2021-10-29,12,AR1 alpha + Basic + One-Step,NYSE:MTZ,0.0
2021-11-01,12,AR1 alpha + Basic + One-Step,NYSE:MTZ,3.683049083044498e-07
2021-11-02,12,AR1 alpha + Basic + One-Step,NYSE:MTZ,0.0
2021-11-03,12,AR1 alpha + Basic + One-Step,NYSE:MTZ,0.0
2021-11-04,12,AR1 alpha + Basic + One-Step,NYSE:MTZ,0.0
2021-11-05,12,AR1 alpha + Basic + One-Step,NYSE:MTZ,0.0
2021-11-08,12,AR1 alpha + Basic + One-Step,NYSE:MTZ,0.0
2021-11-09,12,AR1 alpha + Basic + One-Step,NYSE:MTZ,2.1938775322489507e-08
2021-11-10,12,AR1 alpha + Basic + One-Step,NYSE:MTZ,1.9562396285903124e-08
2021-11-11,12,AR1 alpha + Basic + One-Step,NYSE:MTZ,0.0
2021-11-12,12,AR1 alpha + Basic + One-Step,NYSE:MTZ,0.0
2021-11-15,12,AR1 alpha + Basic + One-Step,NYSE:MTZ,0.0
2021-11-16,12,AR1 alpha + Basic + One-Step,NYSE:MTZ,0.0
2021-11-17,12,AR1 alpha + Basic + One-Step,NYSE:MTZ,0.0
2021-11-18,12,AR1 alpha + Basic + One-Step,NYSE:MTZ,0.0
2021-11-19,12,AR1 alpha + Basic + One-Step,NYSE:MTZ,0.0
2021-11-22,12,AR1 alpha + Basic + One-Step,NYSE:MTZ,0.0
2021-11-23,12,AR1 alpha + Basic + One-Step,NYSE:MTZ,0.0
2021-11-24,12,AR1 alpha + Basic + One-Step,NYSE:MTZ,0.0
2021-11-26,12,AR1 alpha + Basic + One-Step,NYSE:MTZ,0.0
2021-11-29,12,AR1 alpha + Basic + One-Step,NYSE:MTZ,0.0
2021-11-30,12,AR1 alpha + Basic + One-Step,NYSE:MTZ,0.0
2021-12-01,12,AR1 alpha + Basic + One-Step,NYSE:MTZ,0.0
2021-12-02,12,AR1 alpha + Basic + One-Step,NYSE:MTZ,0.0
2021-12-03,12,AR1 alpha + Basic + One-Step,NYSE:MTZ,0.0
2021-12-06,12,AR1 alpha + Basic + One-Step,NYSE:MTZ,0.0
2021-12-07,12,AR1 alpha + Basic + One-Step,NYSE:MTZ,0.0
2021-12-08,12,AR1 alpha + Basic + One-Step,NYSE:MTZ,0.0
2021-12-09,12,AR1 alpha + Basic + One-Step,NYSE:MTZ,0.0
2021-12-10,12,AR1 alpha + Basic + One-Step,NYSE:MTZ,9.725448442727386e-08
2021-12-13,12,AR1 alpha + Basic + One-Step,NYSE:MTZ,0.0
2021-12-14,12,AR1 alpha + Basic + One-Step,NYSE:MTZ,3.994626982055083e-08
2021-12-15,12,AR1 alpha + Basic + One-Step,NYSE:MTZ,0.0
2021-12-16,12,AR1 alpha + Basic + One-Step,NYSE:MTZ,0.0
2021-12-17,12,AR1 alpha + Basic + One-Step,NYSE:MTZ,0.0
2021-12-20,12,AR1 alpha + Basic + One-Step,NYSE:MTZ,0.0
2021-12-21,12,AR1 alpha + Basic + One-Step,NYSE:MTZ,0.0
2021-12-22,12,AR1 alpha + Basic + One-Step,NYSE:MTZ,1.809785948286335e-07
2021-12-23,12,AR1 alpha + Basic + One-Step,NYSE:MTZ,0.0
2021-12-27,12,AR1 alpha + Basic + One-Step,NYSE:MTZ,0.0
2021-12-28,12,AR1 alpha + Basic + One-Step,NYSE:MTZ,0.0
2021-12-29,12,AR1 alpha + Basic + One-Step,NYSE:MTZ,0.0
2021-12-30,12,AR1 alpha + Basic + One-Step,NYSE:MTZ,8.850340196184606e-07
2021-12-31,12,AR1 alpha + Basic + One-Step,NYSE:MTZ,3.0325034293319906e-07
2022-01-03,12,AR1 alpha + Basic + One-Step,NYSE:MTZ,2.1944195335589156e-07
2022-01-04,12,AR1 alpha + Basic + One-Step,NYSE:MTZ,0.0
2022-01-05,12,AR1 alpha + Basic + One-Step,NYSE:MTZ,0.0
2022-01-06,12,AR1 alpha + Basic + One-Step,NYSE:MTZ,0.0
2022-01-07,12,AR1 alpha + Basic + One-Step,NYSE:MTZ,6.3123560547429e-08
2022-01-10,12,AR1 alpha + Basic + One-Step,NYSE:MTZ,0.0
2022-01-11,12,AR1 alpha + Basic + One-Step,NYSE:MTZ,0.0
2022-01-12,12,AR1 alpha + Basic + One-Step,NYSE:MTZ,0.0
2022-01-13,12,AR1 alpha + Basic + One-Step,NYSE:MTZ,9.318366411321064e-07
2022-01-14,12,AR1 alpha + Basic + One-Step,NYSE:MTZ,0.0
2022-01-18,12,AR1 alpha + Basic + One-Step,NYSE:MTZ,0.0
2022-01-19,12,AR1 alpha + Basic + One-Step,NYSE:MTZ,0.0
2022-01-20,12,AR1 alpha + Basic + One-Step,NYSE:MTZ,0.0
2022-01-21,12,AR1 alpha + Basic + One-Step,NYSE:MTZ,3.3552274737761183e-07
2022-01-24,12,AR1 alpha + Basic + One-Step,NYSE:MTZ,0.0
2022-01-25,12,AR1 alpha + Basic + One-Step,NYSE:MTZ,0.0
2022-01-26,12,AR1 alpha + Basic + One-Step,NYSE:MTZ,0.0
2022-01-27,12,AR1 alpha + Basic + One-Step,NYSE:MTZ,0.0
2022-01-28,12,AR1 alpha + Basic + One-Step,NYSE:MTZ,1.747052539657007e-09
2022-01-31,12,AR1 alpha + Basic + One-Step,NYSE:MTZ,0.0
2022-02-01,12,AR1 alpha + Basic + One-Step,NYSE:MTZ,0.0
2022-02-02,12,AR1 alpha + Basic + One-Step,NYSE:MTZ,0.0
2022-02-03,12,AR1 alpha + Basic + One-Step,NYSE:MTZ,0.0
2022-02-04,12,AR1 alpha + Basic + One-Step,NYSE:MTZ,1.9797322435969114e-08
2022-02-07,12,AR1 alpha + Basic + One-Step,NYSE:MTZ,1.0819446063448191e-07
2022-02-08,12,AR1 alpha + Basic + One-Step,NYSE:MTZ,4.860977984993035e-07
2022-02-09,12,AR1 alpha + Basic + One-Step,NYSE:MTZ,0.0
2022-02-10,12,AR1 alpha + Basic + One-Step,NYSE:MTZ,0.0
2022-02-11,12,AR1 alpha + Basic + One-Step,NYSE:MTZ,1.293101695009504e-07
2022-02-14,12,AR1 alpha + Basic + One-Step,NYSE:MTZ,0.0
2022-02-15,12,AR1 alpha + Basic + One-Step,NYSE:MTZ,0.0
2022-02-16,12,AR1 alpha + Basic + One-Step,NYSE:MTZ,0.0
2022-02-17,12,AR1 alpha + Basic + One-Step,NYSE:MTZ,0.0
2022-02-18,12,AR1 alpha + Basic + One-Step,NYSE:MTZ,2.657230078215142e-07
2022-02-22,12,AR1 alpha + Basic + One-Step,NYSE:MTZ,6.39067974864242e-08
2022-02-23,12,AR1 alpha + Basic + One-Step,NYSE:MTZ,0.0
2022-02-24,12,AR1 alpha + Basic + One-Step,NYSE:MTZ,0.0
2022-02-25,12,AR1 alpha + Basic + One-Step,NYSE:MTZ,0.09999926999777768
2022-02-28,12,AR1 alpha + Basic + One-Step,NYSE:MTZ,0.08784362178840593
2022-03-01,12,AR1 alpha + Basic + One-Step,NYSE:MTZ,0.06476652010709494
2022-03-02,12,AR1 alpha + Basic + One-Step,NYSE:MTZ,0.0
2022-03-03,12,AR1 alpha + Basic + One-Step,NYSE:MTZ,0.0
2022-03-04,12,AR1 alpha + Basic + One-Step,NYSE:MTZ,0.0
2022-03-07,12,AR1 alpha + Basic + One-Step,NYSE:MTZ,0.0
2022-03-08,12,AR1 alpha + Basic + One-Step,NYSE:MTZ,1.2474281882765968e-06
2022-03-09,12,AR1 alpha + Basic + One-Step,NYSE:MTZ,1.1116010573559056e-07
2022-03-10,12,AR1 alpha + Basic + One-Step,NYSE:MTZ,0.0
2022-03-11,12,AR1 alpha + Basic + One-Step,NYSE:MTZ,6.562860608260863e-08
2022-03-14,12,AR1 alpha + Basic + One-Step,NYSE:MTZ,0.0
2022-03-15,12,AR1 alpha + Basic + One-Step,NYSE:MTZ,0.0
2022-03-16,12,AR1 alpha + Basic + One-Step,NYSE:MTZ,0.0
2022-03-17,12,AR1 alpha + Basic + One-Step,NYSE:MTZ,0.0
2022-03-18,12,AR1 alpha + Basic + One-Step,NYSE:MTZ,0.0
2022-03-21,12,AR1 alpha + Basic + One-Step,NYSE:MTZ,0.0
2022-03-22,12,AR1 alpha + Basic + One-Step,NYSE:MTZ,0.0
2022-03-23,12,AR1 alpha + Basic + One-Step,NYSE:MTZ,0.0
2022-03-24,12,AR1 alpha + Basic + One-Step,NYSE:MTZ,5.61391937171934e-08
2022-03-25,12,AR1 alpha + Basic + One-Step,NYSE:MTZ,0.0
2022-03-28,12,AR1 alpha + Basic + One-Step,NYSE:MTZ,0.0
2022-03-29,12,AR1 alpha + Basic + One-Step,NYSE:MTZ,0.0
2022-03-30,12,AR1 alpha + Basic + One-Step,NYSE:MTZ,2.5282540179414216e-07
2022-03-31,12,AR1 alpha + Basic + One-Step,NYSE:MTZ,0.0
2022-04-01,12,AR1 alpha + Basic + One-Step,NYSE:MTZ,0.0
2022-04-04,12,AR1 alpha + Basic + One-Step,NYSE:MTZ,0.0
2022-04-05,12,AR1 alpha + Basic + One-Step,NYSE:MTZ,0.0
2022-04-06,12,AR1 alpha + Basic + One-Step,NYSE:MTZ,0.0
2022-04-07,12,AR1 alpha + Basic + One-Step,NYSE:MTZ,0.0
2022-04-08,12,AR1 alpha + Basic + One-Step,NYSE:MTZ,0.0
2022-04-11,12,AR1 alpha + Basic + One-Step,NYSE:MTZ,0.0
2022-04-12,12,AR1 alpha + Basic + One-Step,NYSE:MTZ,0.0
2022-04-13,12,AR1 alpha + Basic + One-Step,NYSE:MTZ,3.2604939517735844e-07
2022-04-14,12,AR1 alpha + Basic + One-Step,NYSE:MTZ,6.489507982365376e-09
2022-04-18,12,AR1 alpha + Basic + One-Step,NYSE:MTZ,0.0
2022-04-19,12,AR1 alpha + Basic + One-Step,NYSE:MTZ,0.0
2022-04-20,12,AR1 alpha + Basic + One-Step,NYSE:MTZ,6.945697101954092e-08
2022-04-21,12,AR1 alpha + Basic + One-Step,NYSE:MTZ,0.0
2022-04-22,12,AR1 alpha + Basic + One-Step,NYSE:MTZ,0.0
2022-04-25,12,AR1 alpha + Basic + One-Step,NYSE:MTZ,0.0
2022-04-26,12,AR1 alpha + Basic + One-Step,NYSE:MTZ,0.0
2022-04-27,12,AR1 alpha + Basic + One-Step,NYSE:MTZ,0.0
2022-04-28,12,AR1 alpha + Basic + One-Step,NYSE:MTZ,0.0
2022-04-29,12,AR1 alpha + Basic + One-Step,NYSE:MTZ,0.0
2022-05-02,12,AR1 alpha + Basic + One-Step,NYSE:MTZ,0.0
2022-05-03,12,AR1 alpha + Basic + One-Step,NYSE:MTZ,0.0
2022-05-04,12,AR1 alpha + Basic + One-Step,NYSE:MTZ,6.823867163256274e-07
2022-05-05,12,AR1 alpha + Basic + One-Step,NYSE:MTZ,0.0
2022-05-06,12,AR1 alpha + Basic + One-Step,NYSE:MTZ,0.0
2022-05-09,12,AR1 alpha + Basic + One-Step,NYSE:MTZ,0.0
2022-05-10,12,AR1 alpha + Basic + One-Step,NYSE:MTZ,6.664750696281528e-08
2022-05-11,12,AR1 alpha + Basic + One-Step,NYSE:MTZ,0.0
2022-05-12,12,AR1 alpha + Basic + One-Step,NYSE:MTZ,8.482105719265394e-08
2022-05-13,12,AR1 alpha + Basic + One-Step,NYSE:MTZ,0.0
2022-05-16,12,AR1 alpha + Basic + One-Step,NYSE:MTZ,4.832188630523479e-07
2022-05-17,12,AR1 alpha + Basic + One-Step,NYSE:MTZ,0.0
2022-05-18,12,AR1 alpha + Basic + One-Step,NYSE:MTZ,0.0
2022-05-19,12,AR1 alpha + Basic + One-Step,NYSE:MTZ,0.0
2022-05-20,12,AR1 alpha + Basic + One-Step,NYSE:MTZ,0.0
2022-05-23,12,AR1 alpha + Basic + One-Step,NYSE:MTZ,2.1151668085806166e-07
2022-05-24,12,AR1 alpha + Basic + One-Step,NYSE:MTZ,0.0
2022-05-25,12,AR1 alpha + Basic + One-Step,NYSE:MTZ,1.596606023042144e-07
2022-05-26,12,AR1 alpha + Basic + One-Step,NYSE:MTZ,0.0
2022-05-27,12,AR1 alpha + Basic + One-Step,NYSE:MTZ,5.25823746379292e-10
2022-05-31,12,AR1 alpha + Basic + One-Step,NYSE:MTZ,0.0
2022-06-01,12,AR1 alpha + Basic + One-Step,NYSE:MTZ,0.0
2022-06-02,12,AR1 alpha + Basic + One-Step,NYSE:MTZ,0.0
2022-06-03,12,AR1 alpha + Basic + One-Step,NYSE:MTZ,0.0
2022-06-06,12,AR1 alpha + Basic + One-Step,NYSE:MTZ,0.0
2022-06-07,12,AR1 alpha + Basic + One-Step,NYSE:MTZ,0.0
2022-06-08,12,AR1 alpha + Basic + One-Step,NYSE:MTZ,0.0
2022-06-09,12,AR1 alpha + Basic + One-Step,NYSE:MTZ,0.0
2022-06-10,12,AR1 alpha + Basic + One-Step,NYSE:MTZ,8.578776928369556e-08
2022-06-13,12,AR1 alpha + Basic + One-Step,NYSE:MTZ,2.9434581623382885e-07
2022-06-14,12,AR1 alpha + Basic + One-Step,NYSE:MTZ,1.7954026274188845e-07
2022-06-15,12,AR1 alpha + Basic + One-Step,NYSE:MTZ,0.0
2022-06-16,12,AR1 alpha + Basic + One-Step,NYSE:MTZ,0.0
2022-06-17,12,AR1 alpha + Basic + One-Step,NYSE:MTZ,0.0
2022-06-21,12,AR1 alpha + Basic + One-Step,NYSE:MTZ,3.831114759050039e-07
2022-06-22,12,AR1 alpha + Basic + One-Step,NYSE:MTZ,2.327783123759941e-07
2022-06-23,12,AR1 alpha + Basic + One-Step,NYSE:MTZ,0.0
2022-06-24,12,AR1 alpha + Basic + One-Step,NYSE:MTZ,0.0
2022-06-27,12,AR1 alpha + Basic + One-Step,NYSE:MTZ,0.0
2022-06-28,12,AR1 alpha + Basic + One-Step,NYSE:MTZ,0.0
2022-06-29,12,AR1 alpha + Basic + One-Step,NYSE:MTZ,0.0
2022-06-30,12,AR1 alpha + Basic + One-Step,NYSE:MTZ,0.0
2022-07-01,12,AR1 alpha + Basic + One-Step,NYSE:MTZ,0.0
2022-07-05,12,AR1 alpha + Basic + One-Step,NYSE:MTZ,0.0
2022-07-06,12,AR1 alpha + Basic + One-Step,NYSE:MTZ,0.0
2022-07-07,12,AR1 alpha + Basic + One-Step,NYSE:MTZ,0.0
2022-07-08,12,AR1 alpha + Basic + One-Step,NYSE:MTZ,0.0
2022-07-11,12,AR1 alpha + Basic + One-Step,NYSE:MTZ,0.0
2022-07-12,12,AR1 alpha + Basic + One-Step,NYSE:MTZ,4.044616233683524e-07
2022-07-13,12,AR1 alpha + Basic + One-Step,NYSE:MTZ,5.472985392896481e-07
2022-07-14,12,AR1 alpha + Basic + One-Step,NYSE:MTZ,0.0
2022-07-15,12,AR1 alpha + Basic + One-Step,NYSE:MTZ,0.0
2022-07-18,12,AR1 alpha + Basic + One-Step,NYSE:MTZ,4.354393338796984e-09
2022-07-19,12,AR1 alpha + Basic + One-Step,NYSE:MTZ,0.0
2022-07-20,12,AR1 alpha + Basic + One-Step,NYSE:MTZ,1.2913058586072583e-08
2022-07-21,12,AR1 alpha + Basic + One-Step,NYSE:MTZ,2.9138197249718802e-08
2022-07-22,12,AR1 alpha + Basic + One-Step,NYSE:MTZ,0.0
2022-07-25,12,AR1 alpha + Basic + One-Step,NYSE:MTZ,0.0
2022-07-26,12,AR1 alpha + Basic + One-Step,NYSE:MTZ,0.0
2022-07-27,12,AR1 alpha + Basic + One-Step,NYSE:MTZ,0.0
2022-07-28,12,AR1 alpha + Basic + One-Step,NYSE:MTZ,0.0
2022-07-29,12,AR1 alpha + Basic + One-Step,NYSE:MTZ,0.0
2022-08-01,12,AR1 alpha + Basic + One-Step,NYSE:MTZ,0.0
2022-08-02,12,AR1 alpha + Basic + One-Step,NYSE:MTZ,0.0
2022-08-03,12,AR1 alpha + Basic + One-Step,NYSE:MTZ,0.0
2022-08-04,12,AR1 alpha + Basic + One-Step,NYSE:MTZ,0.0
2022-08-05,12,AR1 alpha + Basic + One-Step,NYSE:MTZ,0.0
2022-08-08,12,AR1 alpha + Basic + One-Step,NYSE:MTZ,0.0
2022-08-09,12,AR1 alpha + Basic + One-Step,NYSE:MTZ,0.0
2022-08-10,12,AR1 alpha + Basic + One-Step,NYSE:MTZ,0.0
2022-08-11,12,AR1 alpha + Basic + One-Step,NYSE:MTZ,0.0
2022-08-12,12,AR1 alpha + Basic + One-Step,NYSE:MTZ,0.0
2022-08-15,12,AR1 alpha + Basic + One-Step,NYSE:MTZ,0.0
2022-08-16,12,AR1 alpha + Basic + One-Step,NYSE:MTZ,0.0
2022-08-17,12,AR1 alpha + Basic + One-Step,NYSE:MTZ,0.0
2022-08-18,12,AR1 alpha + Basic + One-Step,NYSE:MTZ,0.0
2022-08-19,12,AR1 alpha + Basic + One-Step,NYSE:MTZ,0.0
2022-08-22,12,AR1 alpha + Basic + One-Step,NYSE:MTZ,0.0
2022-08-23,12,AR1 alpha + Basic + One-Step,NYSE:MTZ,0.0
2022-08-24,12,AR1 alpha + Basic + One-Step,NYSE:MTZ,1.7115017936660246e-07
2022-08-25,12,AR1 alpha + Basic + One-Step,NYSE:MTZ,0.0
2022-08-26,12,AR1 alpha + Basic + One-Step,NYSE:MTZ,0.0
2022-08-29,12,AR1 alpha + Basic + One-Step,NYSE:MTZ,0.0
2022-08-30,12,AR1 alpha + Basic + One-Step,NYSE:MTZ,0.0
2022-08-31,12,AR1 alpha + Basic + One-Step,NYSE:MTZ,0.0
2022-09-01,12,AR1 alpha + Basic + One-Step,NYSE:MTZ,0.0
2022-09-02,12,AR1 alpha + Basic + One-Step,NYSE:MTZ,0.0
2022-09-06,12,AR1 alpha + Basic + One-Step,NYSE:MTZ,0.0
2022-09-07,12,AR1 alpha + Basic + One-Step,NYSE:MTZ,0.0
2022-09-08,12,AR1 alpha + Basic + One-Step,NYSE:MTZ,2.3137319094581874e-07
2022-09-09,12,AR1 alpha + Basic + One-Step,NYSE:MTZ,0.0
2022-09-12,12,AR1 alpha + Basic + One-Step,NYSE:MTZ,0.0
2022-09-13,12,AR1 alpha + Basic + One-Step,NYSE:MTZ,1.1557684640797159e-07
2022-09-14,12,AR1 alpha + Basic + One-Step,NYSE:MTZ,8.353637345939822e-08
2022-09-15,12,AR1 alpha + Basic + One-Step,NYSE:MTZ,0.0
2022-09-16,12,AR1 alpha + Basic + One-Step,NYSE:MTZ,4.180279398938513e-08
2022-09-19,12,AR1 alpha + Basic + One-Step,NYSE:MTZ,0.0
2022-09-20,12,AR1 alpha + Basic + One-Step,NYSE:MTZ,0.0
2022-09-21,12,AR1 alpha + Basic + One-Step,NYSE:MTZ,0.0
2022-09-22,12,AR1 alpha + Basic + One-Step,NYSE:MTZ,0.0
2022-09-23,12,AR1 alpha + Basic + One-Step,NYSE:MTZ,0.0
2022-09-26,12,AR1 alpha + Basic + One-Step,NYSE:MTZ,7.61886449139522e-09
2022-09-27,12,AR1 alpha + Basic + One-Step,NYSE:MTZ,0.0
2022-09-28,12,AR1 alpha + Basic + One-Step,NYSE:MTZ,0.0
2022-09-29,12,AR1 alpha + Basic + One-Step,NYSE:MTZ,0.0
2022-09-30,12,AR1 alpha + Basic + One-Step,NYSE:MTZ,0.0
2022-10-03,12,AR1 alpha + Basic + One-Step,NYSE:MTZ,0.0
2022-10-04,12,AR1 alpha + Basic + One-Step,NYSE:MTZ,0.0
2022-10-05,12,AR1 alpha + Basic + One-Step,NYSE:MTZ,2.1590015888753676e-08
2022-10-06,12,AR1 alpha + Basic + One-Step,NYSE:MTZ,0.0
2022-10-07,12,AR1 alpha + Basic + One-Step,NYSE:MTZ,0.0
2022-10-10,12,AR1 alpha + Basic + One-Step,NYSE:MTZ,6.200183679166476e-08
2022-10-11,12,AR1 alpha + Basic + One-Step,NYSE:MTZ,0.0
2022-10-12,12,AR1 alpha + Basic + One-Step,NYSE:MTZ,0.0
2022-10-13,12,AR1 alpha + Basic + One-Step,NYSE:MTZ,1.5615458998996073e-07
2022-10-14,12,AR1 alpha + Basic + One-Step,NYSE:MTZ,1.819890650320583e-07
2022-10-17,12,AR1 alpha + Basic + One-Step,NYSE:MTZ,0.0
2022-10-18,12,AR1 alpha + Basic + One-Step,NYSE:MTZ,0.0
2022-10-19,12,AR1 alpha + Basic + One-Step,NYSE:MTZ,1.1476386151753162e-08
2022-10-20,12,AR1 alpha + Basic + One-Step,NYSE:MTZ,0.0
2022-10-21,12,AR1 alpha + Basic + One-Step,NYSE:MTZ,3.342034563714922e-08
2022-10-24,12,AR1 alpha + Basic + One-Step,NYSE:MTZ,0.0
2022-10-25,12,AR1 alpha + Basic + One-Step,NYSE:MTZ,0.0
2022-10-26,12,AR1 alpha + Basic + One-Step,NYSE:MTZ,0.0
2022-10-27,12,AR1 alpha + Basic + One-Step,NYSE:MTZ,0.0
2022-10-28,12,AR1 alpha + Basic + One-Step,NYSE:MTZ,0.0
2022-10-31,12,AR1 alpha + Basic + One-Step,NYSE:MTZ,0.0
2022-11-01,12,AR1 alpha + Basic + One-Step,NYSE:MTZ,0.0
2022-11-02,12,AR1 alpha + Basic + One-Step,NYSE:MTZ,4.158825566963199e-07
2022-11-03,12,AR1 alpha + Basic + One-Step,NYSE:MTZ,9.008822245491166e-07
2022-11-04,12,AR1 alpha + Basic + One-Step,NYSE:MTZ,5.392077153584591e-07
2022-11-07,12,AR1 alpha + Basic + One-Step,NYSE:MTZ,3.876448245938648e-08
2022-11-08,12,AR1 alpha + Basic + One-Step,NYSE:MTZ,0.0
2022-11-09,12,AR1 alpha + Basic + One-Step,NYSE:MTZ,0.0
2022-11-10,12,AR1 alpha + Basic + One-Step,NYSE:MTZ,0.0
2022-11-11,12,AR1 alpha + Basic + One-Step,NYSE:MTZ,1.8292821935388775e-07
2022-11-14,12,AR1 alpha + Basic + One-Step,NYSE:MTZ,0.0
2022-11-15,12,AR1 alpha + Basic + One-Step,NYSE:MTZ,0.0
2022-11-16,12,AR1 alpha + Basic + One-Step,NYSE:MTZ,0.0
2022-11-17,12,AR1 alpha + Basic + One-Step,NYSE:MTZ,0.0
2022-11-18,12,AR1 alpha + Basic + One-Step,NYSE:MTZ,3.0285193995913853e-07
2022-11-21,12,AR1 alpha + Basic + One-Step,NYSE:MTZ,2.8687510170664364e-07
2022-11-22,12,AR1 alpha + Basic + One-Step,NYSE:MTZ,0.0
2022-11-23,12,AR1 alpha + Basic + One-Step,NYSE:MTZ,0.0
2022-11-25,12,AR1 alpha + Basic + One-Step,NYSE:MTZ,0.0
2022-11-28,12,AR1 alpha + Basic + One-Step,NYSE:MTZ,0.0
2022-11-29,12,AR1 alpha + Basic + One-Step,NYSE:MTZ,0.0
2022-11-30,12,AR1 alpha + Basic + One-Step,NYSE:MTZ,3.109307603792543e-08
2022-12-01,12,AR1 alpha + Basic + One-Step,NYSE:MTZ,1.7730361458046243e-07
2022-12-02,12,AR1 alpha + Basic + One-Step,NYSE:MTZ,0.0
2022-12-05,12,AR1 alpha + Basic + One-Step,NYSE:MTZ,0.0
2022-12-06,12,AR1 alpha + Basic + One-Step,NYSE:MTZ,0.0
2022-12-07,12,AR1 alpha + Basic + One-Step,NYSE:MTZ,0.0
2022-12-08,12,AR1 alpha + Basic + One-Step,NYSE:MTZ,0.0
2022-12-09,12,AR1 alpha + Basic + One-Step,NYSE:MTZ,0.0
2022-12-12,12,AR1 alpha + Basic + One-Step,NYSE:MTZ,5.4942829088029804e-09
2022-12-13,12,AR1 alpha + Basic + One-Step,NYSE:MTZ,0.0
2022-12-14,12,AR1 alpha + Basic + One-Step,NYSE:MTZ,8.860223991490716e-08
2022-12-15,12,AR1 alpha + Basic + One-Step,NYSE:MTZ,0.0
2022-12-16,12,AR1 alpha + Basic + One-Step,NYSE:MTZ,0.0
2022-12-19,12,AR1 alpha + Basic + One-Step,NYSE:MTZ,0.0
2022-12-20,12,AR1 alpha + Basic + One-Step,NYSE:MTZ,0.0
2022-12-21,12,AR1 alpha + Basic + One-Step,NYSE:MTZ,0.0
2022-12-22,12,AR1 alpha + Basic + One-Step,NYSE:MTZ,0.0
2022-12-23,12,AR1 alpha + Basic + One-Step,NYSE:MTZ,0.0
2022-12-27,12,AR1 alpha + Basic + One-Step,NYSE:MTZ,2.9640570955963746e-07
2022-12-28,12,AR1 alpha + Basic + One-Step,NYSE:MTZ,0.0
2022-12-29,12,AR1 alpha + Basic + One-Step,NYSE:MTZ,0.0
2022-12-30,12,AR1 alpha + Basic + One-Step,NYSE:MTZ,0.0
2023-01-03,12,AR1 alpha + Basic + One-Step,NYSE:MTZ,2.422774687439198e-08
2023-01-04,12,AR1 alpha + Basic + One-Step,NYSE:MTZ,3.549541490758478e-08
2023-01-05,12,AR1 alpha + Basic + One-Step,NYSE:MTZ,0.0
2023-01-06,12,AR1 alpha + Basic + One-Step,NYSE:MTZ,0.0
2023-01-09,12,AR1 alpha + Basic + One-Step,NYSE:MTZ,0.00631566492565073
2023-01-10,12,AR1 alpha + Basic + One-Step,NYSE:MTZ,0.0
2023-01-11,12,AR1 alpha + Basic + One-Step,NYSE:MTZ,1.177152338585308e-08
2023-01-12,12,AR1 alpha + Basic + One-Step,NYSE:MTZ,0.0
2023-01-13,12,AR1 alpha + Basic + One-Step,NYSE:MTZ,1.4102276364133832e-08
2023-01-17,12,AR1 alpha + Basic + One-Step,NYSE:MTZ,0.0
2023-01-18,12,AR1 alpha + Basic + One-Step,NYSE:MTZ,0.0
2023-01-19,12,AR1 alpha + Basic + One-Step,NYSE:MTZ,0.0
2023-01-20,12,AR1 alpha + Basic + One-Step,NYSE:MTZ,0.0
2023-01-23,12,AR1 alpha + Basic + One-Step,NYSE:MTZ,0.0
2023-01-24,12,AR1 alpha + Basic + One-Step,NYSE:MTZ,0.0
2023-01-25,12,AR1 alpha + Basic + One-Step,NYSE:MTZ,0.0
2023-01-26,12,AR1 alpha + Basic + One-Step,NYSE:MTZ,0.0
2023-01-27,12,AR1 alpha + Basic + One-Step,NYSE:MTZ,0.0
2023-01-30,12,AR1 alpha + Basic + One-Step,NYSE:MTZ,0.0
2023-01-31,12,AR1 alpha + Basic + One-Step,NYSE:MTZ,0.0
2023-02-01,12,AR1 alpha + Basic + One-Step,NYSE:MTZ,0.0
2023-02-02,12,AR1 alpha + Basic + One-Step,NYSE:MTZ,3.693100305271522e-07
2023-02-03,12,AR1 alpha + Basic + One-Step,NYSE:MTZ,0.0
2023-02-06,12,AR1 alpha + Basic + One-Step,NYSE:MTZ,0.0
2023-02-07,12,AR1 alpha + Basic + One-Step,NYSE:MTZ,0.0
2023-02-08,12,AR1 alpha + Basic + One-Step,NYSE:MTZ,0.0
2023-02-09,12,AR1 alpha + Basic + One-Step,NYSE:MTZ,0.0
2023-02-10,12,AR1 alpha + Basic + One-Step,NYSE:MTZ,0.0
2023-02-13,12,AR1 alpha + Basic + One-Step,NYSE:MTZ,0.0
2023-02-14,12,AR1 alpha + Basic + One-Step,NYSE:MTZ,0.0
2023-02-15,12,AR1 alpha + Basic + One-Step,NYSE:MTZ,0.012656706563919424
2023-02-16,12,AR1 alpha + Basic + One-Step,NYSE:MTZ,1.5790027790105133e-09
2023-02-17,12,AR1 alpha + Basic + One-Step,NYSE:MTZ,0.0
2023-02-21,12,AR1 alpha + Basic + One-Step,NYSE:MTZ,0.0
2023-02-22,12,AR1 alpha + Basic + One-Step,NYSE:MTZ,0.0
2023-02-23,12,AR1 alpha + Basic + One-Step,NYSE:MTZ,0.0
2023-02-24,12,AR1 alpha + Basic + One-Step,NYSE:MTZ,0.0
2023-02-27,12,AR1 alpha + Basic + One-Step,NYSE:MTZ,0.0
2023-02-28,12,AR1 alpha + Basic + One-Step,NYSE:MTZ,0.018776963337961264
2023-03-01,12,AR1 alpha + Basic + One-Step,NYSE:MTZ,0.09999995342546572
2023-03-02,12,AR1 alpha + Basic + One-Step,NYSE:MTZ,0.09999982229634363
2023-03-03,12,AR1 alpha + Basic + One-Step,NYSE:MTZ,0.09999465623300091
2023-03-06,12,AR1 alpha + Basic + One-Step,NYSE:MTZ,0.09999534923101196
2023-03-07,12,AR1 alpha + Basic + One-Step,NYSE:MTZ,0.03864856420336825
2023-03-08,12,AR1 alpha + Basic + One-Step,NYSE:MTZ,0.03864857818978489
2023-03-09,12,AR1 alpha + Basic + One-Step,NYSE:MTZ,0.0
2023-03-10,12,AR1 alpha + Basic + One-Step,NYSE:MTZ,5.445832857946389e-09
2023-03-13,12,AR1 alpha + Basic + One-Step,NYSE:MTZ,2.0035354778629917e-07
2023-03-14,12,AR1 alpha + Basic + One-Step,NYSE:MTZ,0.0
2023-03-15,12,AR1 alpha + Basic + One-Step,NYSE:MTZ,8.64494658261539e-08
2023-03-16,12,AR1 alpha + Basic + One-Step,NYSE:MTZ,8.191438782381218e-08
2023-03-17,12,AR1 alpha + Basic + One-Step,NYSE:MTZ,0.0
2023-03-20,12,AR1 alpha + Basic + One-Step,NYSE:MTZ,5.263967614836068e-07
2023-03-21,12,AR1 alpha + Basic + One-Step,NYSE:MTZ,1.371548857951677e-07
2023-03-22,12,AR1 alpha + Basic + One-Step,NYSE:MTZ,5.373554693153817e-10
2023-03-23,12,AR1 alpha + Basic + One-Step,NYSE:MTZ,4.147024199804668e-08
2023-03-24,12,AR1 alpha + Basic + One-Step,NYSE:MTZ,0.0
2023-03-27,12,AR1 alpha + Basic + One-Step,NYSE:MTZ,0.02998890792866705
2023-03-28,12,AR1 alpha + Basic + One-Step,NYSE:MTZ,0.02866464273038511
2023-03-29,12,AR1 alpha + Basic + One-Step,NYSE:MTZ,0.0
2023-03-30,12,AR1 alpha + Basic + One-Step,NYSE:MTZ,0.0
2023-03-31,12,AR1 alpha + Basic + One-Step,NYSE:MTZ,2.2101462051652037e-07
2023-04-03,12,AR1 alpha + Basic + One-Step,NYSE:MTZ,0.0
2023-04-04,12,AR1 alpha + Basic + One-Step,NYSE:MTZ,0.0
2023-04-05,12,AR1 alpha + Basic + One-Step,NYSE:MTZ,1.2336320842031506e-07
2023-04-06,12,AR1 alpha + Basic + One-Step,NYSE:MTZ,2.4982205679838847e-07
2023-04-10,12,AR1 alpha + Basic + One-Step,NYSE:MTZ,0.0
2023-04-11,12,AR1 alpha + Basic + One-Step,NYSE:MTZ,0.0
2023-04-12,12,AR1 alpha + Basic + One-Step,NYSE:MTZ,1.5803907992129717e-07
2023-04-13,12,AR1 alpha + Basic + One-Step,NYSE:MTZ,5.639380951211408e-08
2023-04-14,12,AR1 alpha + Basic + One-Step,NYSE:MTZ,0.0
2023-04-17,12,AR1 alpha + Basic + One-Step,NYSE:MTZ,0.0
2023-04-18,12,AR1 alpha + Basic + One-Step,NYSE:MTZ,2.858115317716942e-07
2023-04-19,12,AR1 alpha + Basic + One-Step,NYSE:MTZ,1.0318552880513711e-07
2023-04-20,12,AR1 alpha + Basic + One-Step,NYSE:MTZ,3.758528712315609e-08
2023-04-21,12,AR1 alpha + Basic + One-Step,NYSE:MTZ,1.6834041111706606e-07
2023-04-24,12,AR1 alpha + Basic + One-Step,NYSE:MTZ,0.0
2023-04-25,12,AR1 alpha + Basic + One-Step,NYSE:MTZ,0.0
2023-04-26,12,AR1 alpha + Basic + One-Step,NYSE:MTZ,0.0
2023-04-27,12,AR1 alpha + Basic + One-Step,NYSE:MTZ,3.872908779259885e-07
2023-04-28,12,AR1 alpha + Basic + One-Step,NYSE:MTZ,1.1087401194605732e-07
2023-05-01,12,AR1 alpha + Basic + One-Step,NYSE:MTZ,4.8565244072154346e-08
2023-05-02,12,AR1 alpha + Basic + One-Step,NYSE:MTZ,6.605560867474772e-08
2023-05-03,12,AR1 alpha + Basic + One-Step,NYSE:MTZ,0.0
2023-05-04,12,AR1 alpha + Basic + One-Step,NYSE:MTZ,0.0
2023-05-05,12,AR1 alpha + Basic + One-Step,NYSE:MTZ,0.031285674772942945
2023-05-08,12,AR1 alpha + Basic + One-Step,NYSE:MTZ,0.0
2023-05-09,12,AR1 alpha + Basic + One-Step,NYSE:MTZ,0.04715510290422478
2023-05-10,12,AR1 alpha + Basic + One-Step,NYSE:MTZ,0.0358619288729271
2023-05-11,12,AR1 alpha + Basic + One-Step,NYSE:MTZ,0.0025867573443881433
2023-05-12,12,AR1 alpha + Basic + One-Step,NYSE:MTZ,0.10000125444561134
2023-05-15,12,AR1 alpha + Basic + One-Step,NYSE:MTZ,0.10000048086834737
2023-05-16,12,AR1 alpha + Basic + One-Step,NYSE:MTZ,0.09999574059977417
2023-05-17,12,AR1 alpha + Basic + One-Step,NYSE:MTZ,0.09999839643647496
2023-05-18,12,AR1 alpha + Basic + One-Step,NYSE:MTZ,0.09999802077945802
2023-05-19,12,AR1 alpha + Basic + One-Step,NYSE:MTZ,0.06991830978487694
2023-05-22,12,AR1 alpha + Basic + One-Step,NYSE:MTZ,0.08053225977701527
2023-05-23,12,AR1 alpha + Basic + One-Step,NYSE:MTZ,0.040545379859381586
2023-05-24,12,AR1 alpha + Basic + One-Step,NYSE:MTZ,0.0
2023-05-25,12,AR1 alpha + Basic + One-Step,NYSE:MTZ,0.0
2023-05-26,12,AR1 alpha + Basic + One-Step,NYSE:MTZ,0.036223747396082584
2023-05-30,12,AR1 alpha + Basic + One-Step,NYSE:MTZ,0.09999461949987908
2023-05-31,12,AR1 alpha + Basic + One-Step,NYSE:MTZ,0.07865141131892035
2023-06-01,12,AR1 alpha + Basic + One-Step,NYSE:MTZ,0.06304493018177255
2023-06-02,12,AR1 alpha + Basic + One-Step,NYSE:MTZ,0.0999932718500607
2023-06-05,12,AR1 alpha + Basic + One-Step,NYSE:MTZ,0.09999556438635912
2023-06-06,12,AR1 alpha + Basic + One-Step,NYSE:MTZ,0.09999854764768551
2023-06-07,12,AR1 alpha + Basic + One-Step,NYSE:MTZ,0.09999947224944879
2023-06-08,12,AR1 alpha + Basic + One-Step,NYSE:MTZ,0.09999937381483519
2023-06-09,12,AR1 alpha + Basic + One-Step,NYSE:MTZ,0.09999967666317995
2023-06-12,12,AR1 alpha + Basic + One-Step,NYSE:MTZ,0.07910255283901406
2023-06-13,12,AR1 alpha + Basic + One-Step,NYSE:MTZ,0.07262234304044157
2023-06-14,12,AR1 alpha + Basic + One-Step,NYSE:MTZ,0.0
2023-06-15,12,AR1 alpha + Basic + One-Step,NYSE:MTZ,0.0
2023-06-16,12,AR1 alpha + Basic + One-Step,NYSE:MTZ,0.060786794656236494
2023-06-20,12,AR1 alpha + Basic + One-Step,NYSE:MTZ,0.03117986024160626
2023-06-21,12,AR1 alpha + Basic + One-Step,NYSE:MTZ,0.09999948149229107
2023-06-22,12,AR1 alpha + Basic + One-Step,NYSE:MTZ,0.099999675429362
2023-06-23,12,AR1 alpha + Basic + One-Step,NYSE:MTZ,0.08460193022742402
2023-06-26,12,AR1 alpha + Basic + One-Step,NYSE:MTZ,0.0999998403355442
2023-06-27,12,AR1 alpha + Basic + One-Step,NYSE:MTZ,0.0999964275949001
2023-06-28,12,AR1 alpha + Basic + One-Step,NYSE:MTZ,0.09860468471436494
2023-06-29,12,AR1 alpha + Basic + One-Step,NYSE:MTZ,0.10000436488173411
2023-06-30,12,AR1 alpha + Basic + One-Step,NYSE:MTZ,0.09999872545879945
2023-07-03,12,AR1 alpha + Basic + One-Step,NYSE:MTZ,0.09999859875909799
2023-07-05,12,AR1 alpha + Basic + One-Step,NYSE:MTZ,0.10000116993524746
2023-07-06,12,AR1 alpha + Basic + One-Step,NYSE:MTZ,0.09999546266631716
2023-07-07,12,AR1 alpha + Basic + One-Step,NYSE:MTZ,0.09999419557086983
2023-07-10,12,AR1 alpha + Basic + One-Step,NYSE:MTZ,0.09999811299706667
2023-07-11,12,AR1 alpha + Basic + One-Step,NYSE:MTZ,0.07208665334381949
2023-07-12,12,AR1 alpha + Basic + One-Step,NYSE:MTZ,0.07951125643602021
2023-07-13,12,AR1 alpha + Basic + One-Step,NYSE:MTZ,0.09999851860504334
2023-07-14,12,AR1 alpha + Basic + One-Step,NYSE:MTZ,0.08795564871285963
2023-07-17,12,AR1 alpha + Basic + One-Step,NYSE:MTZ,0.09308859706195671
2023-07-18,12,AR1 alpha + Basic + One-Step,NYSE:MTZ,0.10000154558279051
2023-07-19,12,AR1 alpha + Basic + One-Step,NYSE:MTZ,0.0948358407045787
2023-07-20,12,AR1 alpha + Basic + One-Step,NYSE:MTZ,0.0905260852706632
2023-07-21,12,AR1 alpha + Basic + One-Step,NYSE:MTZ,0.092244503360996
2023-07-24,12,AR1 alpha + Basic + One-Step,NYSE:MTZ,0.09999499451000685
2023-07-25,12,AR1 alpha + Basic + One-Step,NYSE:MTZ,0.0999919910420556
2023-07-26,12,AR1 alpha + Basic + One-Step,NYSE:MTZ,0.09999481678880123
2023-07-27,12,AR1 alpha + Basic + One-Step,NYSE:MTZ,0.09999239454642952
2023-07-28,12,AR1 alpha + Basic + One-Step,NYSE:MTZ,0.09999372819243656
2023-07-31,12,AR1 alpha + Basic + One-Step,NYSE:MTZ,0.09999054548035978
2023-08-01,12,AR1 alpha + Basic + One-Step,NYSE:MTZ,0.09999416375540729
2023-08-02,12,AR1 alpha + Basic + One-Step,NYSE:MTZ,0.09999703738043812
2023-08-03,12,AR1 alpha + Basic + One-Step,NYSE:MTZ,0.09999324704280775
2023-08-04,12,AR1 alpha + Basic + One-Step,NYSE:MTZ,0.0
2023-08-07,12,AR1 alpha + Basic + One-Step,NYSE:MTZ,1.9859792359160163e-09
2023-08-08,12,AR1 alpha + Basic + One-Step,NYSE:MTZ,0.0
2023-08-09,12,AR1 alpha + Basic + One-Step,NYSE:MTZ,0.0
2023-08-10,12,AR1 alpha + Basic + One-Step,NYSE:MTZ,0.0
2023-08-11,12,AR1 alpha + Basic + One-Step,NYSE:MTZ,4.374833095939588e-07
2023-08-14,12,AR1 alpha + Basic + One-Step,NYSE:MTZ,0.0
2023-08-15,12,AR1 alpha + Basic + One-Step,NYSE:MTZ,0.0
2023-08-16,12,AR1 alpha + Basic + One-Step,NYSE:MTZ,0.0
2023-08-17,12,AR1 alpha + Basic + One-Step,NYSE:MTZ,0.0
2023-08-18,12,AR1 alpha + Basic + One-Step,NYSE:MTZ,0.0
2023-08-21,12,AR1 alpha + Basic + One-Step,NYSE:MTZ,2.852031880288761e-09
2023-08-22,12,AR1 alpha + Basic + One-Step,NYSE:MTZ,0.024730595278105866
2023-08-23,12,AR1 alpha + Basic + One-Step,NYSE:MTZ,0.03775218894376578
2023-08-24,12,AR1 alpha + Basic + One-Step,NYSE:MTZ,0.0
2023-08-25,12,AR1 alpha + Basic + One-Step,NYSE:MTZ,7.96935234702048e-08
2023-08-28,12,AR1 alpha + Basic + One-Step,NYSE:MTZ,0.055388397175476015
2023-08-29,12,AR1 alpha + Basic + One-Step,NYSE:MTZ,0.07617323385915455
2023-08-30,12,AR1 alpha + Basic + One-Step,NYSE:MTZ,0.009657305222411275
2023-08-31,12,AR1 alpha + Basic + One-Step,NYSE:MTZ,0.0
2023-09-01,12,AR1 alpha + Basic + One-Step,NYSE:MTZ,0.0
2023-09-05,12,AR1 alpha + Basic + One-Step,NYSE:MTZ,0.0
2023-09-06,12,AR1 alpha + Basic + One-Step,NYSE:MTZ,3.743922493857364e-09
2023-09-07,12,AR1 alpha + Basic + One-Step,NYSE:MTZ,1.5435561215709367e-06
2023-09-08,12,AR1 alpha + Basic + One-Step,NYSE:MTZ,1.007671735305271e-06
2023-09-11,12,AR1 alpha + Basic + One-Step,NYSE:MTZ,2.6269605546699327e-07
2023-09-12,12,AR1 alpha + Basic + One-Step,NYSE:MTZ,1.3354734669270982e-06
2023-09-13,12,AR1 alpha + Basic + One-Step,NYSE:MTZ,0.0
2023-09-14,12,AR1 alpha + Basic + One-Step,NYSE:MTZ,0.0
2023-09-15,12,AR1 alpha + Basic + One-Step,NYSE:MTZ,0.0
2023-09-18,12,AR1 alpha + Basic + One-Step,NYSE:MTZ,0.0
2023-09-19,12,AR1 alpha + Basic + One-Step,NYSE:MTZ,8.877069402937278e-09
2023-09-20,12,AR1 alpha + Basic + One-Step,NYSE:MTZ,1.8826505422060516e-07
2023-09-21,12,AR1 alpha + Basic + One-Step,NYSE:MTZ,1.4183596686909329e-06
2023-09-22,12,AR1 alpha + Basic + One-Step,NYSE:MTZ,0.0
2023-09-25,12,AR1 alpha + Basic + One-Step,NYSE:MTZ,0.0
2023-09-26,12,AR1 alpha + Basic + One-Step,NYSE:MTZ,0.0
2023-09-27,12,AR1 alpha + Basic + One-Step,NYSE:MTZ,0.0
2023-09-28,12,AR1 alpha + Basic + One-Step,NYSE:MTZ,9.427276359842622e-08
2023-09-29,12,AR1 alpha + Basic + One-Step,NYSE:MTZ,0.0
2023-10-02,12,AR1 alpha + Basic + One-Step,NYSE:MTZ,0.0
2023-10-03,12,AR1 alpha + Basic + One-Step,NYSE:MTZ,0.0
2023-10-04,12,AR1 alpha + Basic + One-Step,NYSE:MTZ,0.0
2023-10-05,12,AR1 alpha + Basic + One-Step,NYSE:MTZ,0.0
2023-10-06,12,AR1 alpha + Basic + One-Step,NYSE:MTZ,0.0
2023-10-09,12,AR1 alpha + Basic + One-Step,NYSE:MTZ,4.663820984193787e-09
2023-10-10,12,AR1 alpha + Basic + One-Step,NYSE:MTZ,0.0
2023-10-11,12,AR1 alpha + Basic + One-Step,NYSE:MTZ,9.078601704622279e-09
2023-10-12,12,AR1 alpha + Basic + One-Step,NYSE:MTZ,0.0
2023-10-13,12,AR1 alpha + Basic + One-Step,NYSE:MTZ,0.0
2023-10-16,12,AR1 alpha + Basic + One-Step,NYSE:MTZ,0.0
2023-10-17,12,AR1 alpha + Basic + One-Step,NYSE:MTZ,5.936460959679088e-07
2023-10-18,12,AR1 alpha + Basic + One-Step,NYSE:MTZ,0.0
2023-10-19,12,AR1 alpha + Basic + One-Step,NYSE:MTZ,0.0
2023-10-20,12,AR1 alpha + Basic + One-Step,NYSE:MTZ,0.0
2023-10-23,12,AR1 alpha + Basic + One-Step,NYSE:MTZ,0.0
2023-10-24,12,AR1 alpha + Basic + One-Step,NYSE:MTZ,0.0
2023-10-25,12,AR1 alpha + Basic + One-Step,NYSE:MTZ,0.0
2023-10-26,12,AR1 alpha + Basic + One-Step,NYSE:MTZ,0.0
2023-10-27,12,AR1 alpha + Basic + One-Step,NYSE:MTZ,0.0
2023-10-30,12,AR1 alpha + Basic + One-Step,NYSE:MTZ,0.0
2023-10-31,12,AR1 alpha + Basic + One-Step,NYSE:MTZ,0.0
2023-11-01,12,AR1 alpha + Basic + One-Step,NYSE:MTZ,0.0
2023-11-02,12,AR1 alpha + Basic + One-Step,NYSE:MTZ,0.0
2023-11-03,12,AR1 alpha + Basic + One-Step,NYSE:MTZ,0.0
2023-11-06,12,AR1 alpha + Basic + One-Step,NYSE:MTZ,0.0
2023-11-07,12,AR1 alpha + Basic + One-Step,NYSE:MTZ,8.886048953853086e-09
2023-11-08,12,AR1 alpha + Basic + One-Step,NYSE:MTZ,1.0754496969105937e-08
2023-11-09,12,AR1 alpha + Basic + One-Step,NYSE:MTZ,0.0
2023-11-10,12,AR1 alpha + Basic + One-Step,NYSE:MTZ,0.0
2023-11-13,12,AR1 alpha + Basic + One-Step,NYSE:MTZ,0.0
2023-11-14,12,AR1 alpha + Basic + One-Step,NYSE:MTZ,0.0
2023-11-15,12,AR1 alpha + Basic + One-Step,NYSE:MTZ,0.0
2023-11-16,12,AR1 alpha + Basic + One-Step,NYSE:MTZ,0.0
2023-11-17,12,AR1 alpha + Basic + One-Step,NYSE:MTZ,1.110554467029612e-08
2023-11-20,12,AR1 alpha + Basic + One-Step,NYSE:MTZ,0.0
2023-11-21,12,AR1 alpha + Basic + One-Step,NYSE:MTZ,0.0
2023-11-22,12,AR1 alpha + Basic + One-Step,NYSE:MTZ,0.0
2023-11-24,12,AR1 alpha + Basic + One-Step,NYSE:MTZ,0.0
2023-11-27,12,AR1 alpha + Basic + One-Step,NYSE:MTZ,0.0
2023-11-28,12,AR1 alpha + Basic + One-Step,NYSE:MTZ,1.8527632134112372e-08
2023-11-29,12,AR1 alpha + Basic + One-Step,NYSE:MTZ,0.0
2023-11-30,12,AR1 alpha + Basic + One-Step,NYSE:MTZ,0.0
2023-12-01,12,AR1 alpha + Basic + One-Step,NYSE:MTZ,4.2593018023877114e-07
2023-12-04,12,AR1 alpha + Basic + One-Step,NYSE:MTZ,0.0
2023-12-05,12,AR1 alpha + Basic + One-Step,NYSE:MTZ,0.0
2023-12-06,12,AR1 alpha + Basic + One-Step,NYSE:MTZ,1.0761252437109121e-08
2023-12-07,12,AR1 alpha + Basic + One-Step,NYSE:MTZ,0.0
2023-12-08,12,AR1 alpha + Basic + One-Step,NYSE:MTZ,0.0
2023-12-11,12,AR1 alpha + Basic + One-Step,NYSE:MTZ,0.0
2023-12-12,12,AR1 alpha + Basic + One-Step,NYSE:MTZ,0.0
2023-12-13,12,AR1 alpha + Basic + One-Step,NYSE:MTZ,0.0
2023-12-14,12,AR1 alpha + Basic + One-Step,NYSE:MTZ,0.0
2023-12-15,12,AR1 alpha + Basic + One-Step,NYSE:MTZ,0.0
2023-12-18,12,AR1 alpha + Basic + One-Step,NYSE:MTZ,0.0
2023-12-19,12,AR1 alpha + Basic + One-Step,NYSE:MTZ,0.0
2023-12-20,12,AR1 alpha + Basic + One-Step,NYSE:MTZ,0.0
2023-12-21,12,AR1 alpha + Basic + One-Step,NYSE:MTZ,0.0
2023-12-22,12,AR1 alpha + Basic + One-Step,NYSE:MTZ,3.524961307404422e-07
2023-12-26,12,AR1 alpha + Basic + One-Step,NYSE:MTZ,0.0
2023-12-27,12,AR1 alpha + Basic + One-Step,NYSE:MTZ,2.99126081391817e-09
2023-12-28,12,AR1 alpha + Basic + One-Step,NYSE:MTZ,0.0
2023-12-29,12,AR1 alpha + Basic + One-Step,NYSE:MTZ,0.0
2024-01-02,12,AR1 alpha + Basic + One-Step,NYSE:MTZ,0.0
2024-01-03,12,AR1 alpha + Basic + One-Step,NYSE:MTZ,0.0
2024-01-04,12,AR1 alpha + Basic + One-Step,NYSE:MTZ,0.0
2024-01-05,12,AR1 alpha + Basic + One-Step,NYSE:MTZ,0.0
2024-01-08,12,AR1 alpha + Basic + One-Step,NYSE:MTZ,0.0
2024-01-09,12,AR1 alpha + Basic + One-Step,NYSE:MTZ,0.0
2024-01-10,12,AR1 alpha + Basic + One-Step,NYSE:MTZ,0.0
2024-01-11,12,AR1 alpha + Basic + One-Step,NYSE:MTZ,2.2149336493996274e-07
2024-01-12,12,AR1 alpha + Basic + One-Step,NYSE:MTZ,0.0
2024-01-16,12,AR1 alpha + Basic + One-Step,NYSE:MTZ,0.0
2024-01-17,12,AR1 alpha + Basic + One-Step,NYSE:MTZ,0.0
2024-01-18,12,AR1 alpha + Basic + One-Step,NYSE:MTZ,5.040765386100722e-07
2024-01-19,12,AR1 alpha + Basic + One-Step,NYSE:MTZ,0.0
2024-01-22,12,AR1 alpha + Basic + One-Step,NYSE:MTZ,0.0
2024-01-23,12,AR1 alpha + Basic + One-Step,NYSE:MTZ,0.0
2024-01-24,12,AR1 alpha + Basic + One-Step,NYSE:MTZ,1.9779925331422932e-07
2024-01-25,12,AR1 alpha + Basic + One-Step,NYSE:MTZ,5.0414610658473527e-08
2024-01-26,12,AR1 alpha + Basic + One-Step,NYSE:MTZ,0.0
2024-01-29,12,AR1 alpha + Basic + One-Step,NYSE:MTZ,0.0
2024-01-30,12,AR1 alpha + Basic + One-Step,NYSE:MTZ,0.0
2024-01-31,12,AR1 alpha + Basic + One-Step,NYSE:MTZ,6.824052328156806e-10
2024-02-01,12,AR1 alpha + Basic + One-Step,NYSE:MTZ,0.0
2024-02-02,12,AR1 alpha + Basic + One-Step,NYSE:MTZ,0.0
2024-02-05,12,AR1 alpha + Basic + One-Step,NYSE:MTZ,0.0
2024-02-06,12,AR1 alpha + Basic + One-Step,NYSE:MTZ,0.0
2024-02-07,12,AR1 alpha + Basic + One-Step,NYSE:MTZ,1.219274091147823e-08
2024-02-08,12,AR1 alpha + Basic + One-Step,NYSE:MTZ,3.541280425587225e-09
2024-02-09,12,AR1 alpha + Basic + One-Step,NYSE:MTZ,0.0
2024-02-12,12,AR1 alpha + Basic + One-Step,NYSE:MTZ,0.0
2024-02-13,12,AR1 alpha + Basic + One-Step,NYSE:MTZ,0.0
2024-02-14,12,AR1 alpha + Basic + One-Step,NYSE:MTZ,0.0
2024-02-15,12,AR1 alpha + Basic + One-Step,NYSE:MTZ,2.5292879374374532e-08
2024-02-16,12,AR1 alpha + Basic + One-Step,NYSE:MTZ,0.0
2024-02-20,12,AR1 alpha + Basic + One-Step,NYSE:MTZ,0.0
2024-02-21,12,AR1 alpha + Basic + One-Step,NYSE:MTZ,2.4891689599682722e-08
2024-02-22,12,AR1 alpha + Basic + One-Step,NYSE:MTZ,0.0
2024-02-23,12,AR1 alpha + Basic + One-Step,NYSE:MTZ,0.0
2024-02-26,12,AR1 alpha + Basic + One-Step,NYSE:MTZ,2.4220475174939485e-08
2024-02-27,12,AR1 alpha + Basic + One-Step,NYSE:MTZ,0.0
2024-02-28,12,AR1 alpha + Basic + One-Step,NYSE:MTZ,0.0
2024-02-29,12,AR1 alpha + Basic + One-Step,NYSE:MTZ,0.0
2024-03-01,12,AR1 alpha + Basic + One-Step,NYSE:MTZ,0.0
2024-03-04,12,AR1 alpha + Basic + One-Step,NYSE:MTZ,0.0
2024-03-05,12,AR1 alpha + Basic + One-Step,NYSE:MTZ,0.0
2024-03-06,12,AR1 alpha + Basic + One-Step,NYSE:MTZ,0.0
2024-03-07,12,AR1 alpha + Basic + One-Step,NYSE:MTZ,0.0
2024-03-08,12,AR1 alpha + Basic + One-Step,NYSE:MTZ,0.0
2024-03-11,12,AR1 alpha + Basic + One-Step,NYSE:MTZ,0.0
2024-03-12,12,AR1 alpha + Basic + One-Step,NYSE:MTZ,0.0
2024-03-13,12,AR1 alpha + Basic + One-Step,NYSE:MTZ,0.0
2024-03-14,12,AR1 alpha + Basic + One-Step,NYSE:MTZ,7.861187874367511e-08
2024-03-15,12,AR1 alpha + Basic + One-Step,NYSE:MTZ,6.274604705514725e-08
2024-03-18,12,AR1 alpha + Basic + One-Step,NYSE:MTZ,0.0
2024-03-19,12,AR1 alpha + Basic + One-Step,NYSE:MTZ,0.0
2024-03-20,12,AR1 alpha + Basic + One-Step,NYSE:MTZ,0.0
2024-03-21,12,AR1 alpha + Basic + One-Step,NYSE:MTZ,3.503451920400228e-08
2024-03-22,12,AR1 alpha + Basic + One-Step,NYSE:MTZ,0.0
2024-03-25,12,AR1 alpha + Basic + One-Step,NYSE:MTZ,0.0
2024-03-26,12,AR1 alpha + Basic + One-Step,NYSE:MTZ,0.0
2024-03-27,12,AR1 alpha + Basic + One-Step,NYSE:MTZ,0.0
2024-03-28,12,AR1 alpha + Basic + One-Step,NYSE:MTZ,0.0
2024-04-01,12,AR1 alpha + Basic + One-Step,NYSE:MTZ,9.686127382884759e-07
2024-04-02,12,AR1 alpha + Basic + One-Step,NYSE:MTZ,0.0
2024-04-03,12,AR1 alpha + Basic + One-Step,NYSE:MTZ,0.0
2024-04-04,12,AR1 alpha + Basic + One-Step,NYSE:MTZ,0.0
2024-04-05,12,AR1 alpha + Basic + One-Step,NYSE:MTZ,0.0
2024-04-08,12,AR1 alpha + Basic + One-Step,NYSE:MTZ,0.0
2024-04-09,12,AR1 alpha + Basic + One-Step,NYSE:MTZ,0.0
2024-04-10,12,AR1 alpha + Basic + One-Step,NYSE:MTZ,3.1870901792237394e-07
2024-04-11,12,AR1 alpha + Basic + One-Step,NYSE:MTZ,0.0
2024-04-12,12,AR1 alpha + Basic + One-Step,NYSE:MTZ,0.0
2024-04-15,12,AR1 alpha + Basic + One-Step,NYSE:MTZ,0.0
2024-04-16,12,AR1 alpha + Basic + One-Step,NYSE:MTZ,0.0
2024-04-17,12,AR1 alpha + Basic + One-Step,NYSE:MTZ,9.191007133737193e-08
2024-04-18,12,AR1 alpha + Basic + One-Step,NYSE:MTZ,0.0
2024-04-19,12,AR1 alpha + Basic + One-Step,NYSE:MTZ,0.0
2020-03-25,12,AR1 alpha + Basic + One-Step,NASDAQ:TRUP,0.02
2020-03-26,12,AR1 alpha + Basic + One-Step,NASDAQ:TRUP,0.019999999999999997
2020-03-27,12,AR1 alpha + Basic + One-Step,NASDAQ:TRUP,0.0
2020-03-30,12,AR1 alpha + Basic + One-Step,NASDAQ:TRUP,2.1201635571226823e-07
2020-03-31,12,AR1 alpha + Basic + One-Step,NASDAQ:TRUP,5.207343953346945e-09
2020-04-01,12,AR1 alpha + Basic + One-Step,NASDAQ:TRUP,0.0
2020-04-02,12,AR1 alpha + Basic + One-Step,NASDAQ:TRUP,0.0
2020-04-03,12,AR1 alpha + Basic + One-Step,NASDAQ:TRUP,1.0926210400635166e-08
2020-04-06,12,AR1 alpha + Basic + One-Step,NASDAQ:TRUP,5.400896956645198e-08
2020-04-07,12,AR1 alpha + Basic + One-Step,NASDAQ:TRUP,6.66514092741771e-08
2020-04-08,12,AR1 alpha + Basic + One-Step,NASDAQ:TRUP,0.0
2020-04-09,12,AR1 alpha + Basic + One-Step,NASDAQ:TRUP,0.0
2020-04-13,12,AR1 alpha + Basic + One-Step,NASDAQ:TRUP,0.0
2020-04-14,12,AR1 alpha + Basic + One-Step,NASDAQ:TRUP,0.0
2020-04-15,12,AR1 alpha + Basic + One-Step,NASDAQ:TRUP,0.0
2020-04-16,12,AR1 alpha + Basic + One-Step,NASDAQ:TRUP,0.0
2020-04-17,12,AR1 alpha + Basic + One-Step,NASDAQ:TRUP,0.0
2020-04-20,12,AR1 alpha + Basic + One-Step,NASDAQ:TRUP,0.0
2020-04-21,12,AR1 alpha + Basic + One-Step,NASDAQ:TRUP,0.0
2020-04-22,12,AR1 alpha + Basic + One-Step,NASDAQ:TRUP,0.0
2020-04-23,12,AR1 alpha + Basic + One-Step,NASDAQ:TRUP,0.0
2020-04-24,12,AR1 alpha + Basic + One-Step,NASDAQ:TRUP,0.0
2020-04-27,12,AR1 alpha + Basic + One-Step,NASDAQ:TRUP,0.0
2020-04-28,12,AR1 alpha + Basic + One-Step,NASDAQ:TRUP,0.0
2020-04-29,12,AR1 alpha + Basic + One-Step,NASDAQ:TRUP,1.7695660033521148e-07
2020-04-30,12,AR1 alpha + Basic + One-Step,NASDAQ:TRUP,0.0
2020-05-01,12,AR1 alpha + Basic + One-Step,NASDAQ:TRUP,1.241891292419929e-08
2020-05-04,12,AR1 alpha + Basic + One-Step,NASDAQ:TRUP,0.0
2020-05-05,12,AR1 alpha + Basic + One-Step,NASDAQ:TRUP,2.1971167614874454e-07
2020-05-06,12,AR1 alpha + Basic + One-Step,NASDAQ:TRUP,0.0
2020-05-07,12,AR1 alpha + Basic + One-Step,NASDAQ:TRUP,0.0
2020-05-08,12,AR1 alpha + Basic + One-Step,NASDAQ:TRUP,5.3971889616533414e-08
2020-05-11,12,AR1 alpha + Basic + One-Step,NASDAQ:TRUP,0.0
2020-05-12,12,AR1 alpha + Basic + One-Step,NASDAQ:TRUP,0.0
2020-05-13,12,AR1 alpha + Basic + One-Step,NASDAQ:TRUP,0.0
2020-05-14,12,AR1 alpha + Basic + One-Step,NASDAQ:TRUP,7.5234252502871e-09
2020-05-15,12,AR1 alpha + Basic + One-Step,NASDAQ:TRUP,3.391398757691413e-08
2020-05-18,12,AR1 alpha + Basic + One-Step,NASDAQ:TRUP,0.0
2020-05-19,12,AR1 alpha + Basic + One-Step,NASDAQ:TRUP,0.0
2020-05-20,12,AR1 alpha + Basic + One-Step,NASDAQ:TRUP,0.0
2020-05-21,12,AR1 alpha + Basic + One-Step,NASDAQ:TRUP,0.0
2020-05-22,12,AR1 alpha + Basic + One-Step,NASDAQ:TRUP,3.200172208730234e-08
2020-05-26,12,AR1 alpha + Basic + One-Step,NASDAQ:TRUP,4.634137314069748e-08
2020-05-27,12,AR1 alpha + Basic + One-Step,NASDAQ:TRUP,7.804326518601229e-07
2020-05-28,12,AR1 alpha + Basic + One-Step,NASDAQ:TRUP,6.060617396818624e-23
2020-05-29,12,AR1 alpha + Basic + One-Step,NASDAQ:TRUP,0.0
2020-06-01,12,AR1 alpha + Basic + One-Step,NASDAQ:TRUP,0.0
2020-06-02,12,AR1 alpha + Basic + One-Step,NASDAQ:TRUP,2.8756041773113374e-07
2020-06-03,12,AR1 alpha + Basic + One-Step,NASDAQ:TRUP,0.0
2020-06-04,12,AR1 alpha + Basic + One-Step,NASDAQ:TRUP,0.0
2020-06-05,12,AR1 alpha + Basic + One-Step,NASDAQ:TRUP,0.0
2020-06-08,12,AR1 alpha + Basic + One-Step,NASDAQ:TRUP,1.1255526377266532e-08
2020-06-09,12,AR1 alpha + Basic + One-Step,NASDAQ:TRUP,0.0
2020-06-10,12,AR1 alpha + Basic + One-Step,NASDAQ:TRUP,0.0
2020-06-11,12,AR1 alpha + Basic + One-Step,NASDAQ:TRUP,0.0
2020-06-12,12,AR1 alpha + Basic + One-Step,NASDAQ:TRUP,1.2800564105011209e-08
2020-06-15,12,AR1 alpha + Basic + One-Step,NASDAQ:TRUP,8.422621127979118e-09
2020-06-16,12,AR1 alpha + Basic + One-Step,NASDAQ:TRUP,0.0
2020-06-17,12,AR1 alpha + Basic + One-Step,NASDAQ:TRUP,0.0
2020-06-18,12,AR1 alpha + Basic + One-Step,NASDAQ:TRUP,0.0
2020-06-19,12,AR1 alpha + Basic + One-Step,NASDAQ:TRUP,0.0
2020-06-22,12,AR1 alpha + Basic + One-Step,NASDAQ:TRUP,0.0
2020-06-23,12,AR1 alpha + Basic + One-Step,NASDAQ:TRUP,0.0
2020-06-24,12,AR1 alpha + Basic + One-Step,NASDAQ:TRUP,0.0
2020-06-25,12,AR1 alpha + Basic + One-Step,NASDAQ:TRUP,0.0
2020-06-26,12,AR1 alpha + Basic + One-Step,NASDAQ:TRUP,0.0
2020-06-29,12,AR1 alpha + Basic + One-Step,NASDAQ:TRUP,0.0
2020-06-30,12,AR1 alpha + Basic + One-Step,NASDAQ:TRUP,0.01717927055460594
2020-07-01,12,AR1 alpha + Basic + One-Step,NASDAQ:TRUP,0.016221480558260518
2020-07-02,12,AR1 alpha + Basic + One-Step,NASDAQ:TRUP,0.07550156669157969
2020-07-06,12,AR1 alpha + Basic + One-Step,NASDAQ:TRUP,0.06811791066792199
2020-07-07,12,AR1 alpha + Basic + One-Step,NASDAQ:TRUP,0.041910585111871894
2020-07-08,12,AR1 alpha + Basic + One-Step,NASDAQ:TRUP,0.021082759288406902
2020-07-09,12,AR1 alpha + Basic + One-Step,NASDAQ:TRUP,0.049005458940973946
2020-07-10,12,AR1 alpha + Basic + One-Step,NASDAQ:TRUP,0.03488621642987392
2020-07-13,12,AR1 alpha + Basic + One-Step,NASDAQ:TRUP,0.09160346793770101
2020-07-14,12,AR1 alpha + Basic + One-Step,NASDAQ:TRUP,0.07302745594923118
2020-07-15,12,AR1 alpha + Basic + One-Step,NASDAQ:TRUP,0.09237158871903466
2020-07-16,12,AR1 alpha + Basic + One-Step,NASDAQ:TRUP,0.09268321515871954
2020-07-17,12,AR1 alpha + Basic + One-Step,NASDAQ:TRUP,0.0999995777587614
2020-07-20,12,AR1 alpha + Basic + One-Step,NASDAQ:TRUP,0.09999995229428982
2020-07-21,12,AR1 alpha + Basic + One-Step,NASDAQ:TRUP,0.09999723582476429
2020-07-22,12,AR1 alpha + Basic + One-Step,NASDAQ:TRUP,0.09999624774460346
2020-07-23,12,AR1 alpha + Basic + One-Step,NASDAQ:TRUP,0.04252160060904999
2020-07-24,12,AR1 alpha + Basic + One-Step,NASDAQ:TRUP,0.06271033332077719
2020-07-27,12,AR1 alpha + Basic + One-Step,NASDAQ:TRUP,0.10000001386412541
2020-07-28,12,AR1 alpha + Basic + One-Step,NASDAQ:TRUP,0.09999742498925744
2020-07-29,12,AR1 alpha + Basic + One-Step,NASDAQ:TRUP,0.09999743347925204
2020-07-30,12,AR1 alpha + Basic + One-Step,NASDAQ:TRUP,0.09999876312308266
2020-07-31,12,AR1 alpha + Basic + One-Step,NASDAQ:TRUP,0.09999658757971691
2020-08-03,12,AR1 alpha + Basic + One-Step,NASDAQ:TRUP,0.09999787996216332
2020-08-04,12,AR1 alpha + Basic + One-Step,NASDAQ:TRUP,0.09999702242064959
2020-08-05,12,AR1 alpha + Basic + One-Step,NASDAQ:TRUP,0.011651863259557233
2020-08-06,12,AR1 alpha + Basic + One-Step,NASDAQ:TRUP,0.09999203072857021
2020-08-07,12,AR1 alpha + Basic + One-Step,NASDAQ:TRUP,0.09999412142825385
2020-08-10,12,AR1 alpha + Basic + One-Step,NASDAQ:TRUP,0.09999640679829402
2020-08-11,12,AR1 alpha + Basic + One-Step,NASDAQ:TRUP,0.05761391880350464
2020-08-12,12,AR1 alpha + Basic + One-Step,NASDAQ:TRUP,0.057115475830608935
2020-08-13,12,AR1 alpha + Basic + One-Step,NASDAQ:TRUP,0.08313793870249254
2020-08-14,12,AR1 alpha + Basic + One-Step,NASDAQ:TRUP,0.09885317018993531
2020-08-17,12,AR1 alpha + Basic + One-Step,NASDAQ:TRUP,0.09999230388211347
2020-08-18,12,AR1 alpha + Basic + One-Step,NASDAQ:TRUP,0.09998577020596797
2020-08-19,12,AR1 alpha + Basic + One-Step,NASDAQ:TRUP,0.09543804226338838
2020-08-20,12,AR1 alpha + Basic + One-Step,NASDAQ:TRUP,0.09659860932252443
2020-08-21,12,AR1 alpha + Basic + One-Step,NASDAQ:TRUP,0.07803818805160835
2020-08-24,12,AR1 alpha + Basic + One-Step,NASDAQ:TRUP,0.07630534490384257
2020-08-25,12,AR1 alpha + Basic + One-Step,NASDAQ:TRUP,0.07802645190889783
2020-08-26,12,AR1 alpha + Basic + One-Step,NASDAQ:TRUP,0.09999461819609094
2020-08-27,12,AR1 alpha + Basic + One-Step,NASDAQ:TRUP,0.09999466422463829
2020-08-28,12,AR1 alpha + Basic + One-Step,NASDAQ:TRUP,0.09999291560257019
2020-08-31,12,AR1 alpha + Basic + One-Step,NASDAQ:TRUP,0.0999944670711119
2020-09-01,12,AR1 alpha + Basic + One-Step,NASDAQ:TRUP,0.09999119603526474
2020-09-02,12,AR1 alpha + Basic + One-Step,NASDAQ:TRUP,0.09999316337512877
2020-09-03,12,AR1 alpha + Basic + One-Step,NASDAQ:TRUP,0.09999339338758102
2020-09-04,12,AR1 alpha + Basic + One-Step,NASDAQ:TRUP,0.09999568217093667
2020-09-08,12,AR1 alpha + Basic + One-Step,NASDAQ:TRUP,0.09999482945648996
2020-09-09,12,AR1 alpha + Basic + One-Step,NASDAQ:TRUP,0.0999981792057153
2020-09-10,12,AR1 alpha + Basic + One-Step,NASDAQ:TRUP,0.09999913204494812
2020-09-11,12,AR1 alpha + Basic + One-Step,NASDAQ:TRUP,0.09999708057224285
2020-09-14,12,AR1 alpha + Basic + One-Step,NASDAQ:TRUP,0.09999881858055823
2020-09-15,12,AR1 alpha + Basic + One-Step,NASDAQ:TRUP,0.09999644295643163
2020-09-16,12,AR1 alpha + Basic + One-Step,NASDAQ:TRUP,0.09999790941531439
2020-09-17,12,AR1 alpha + Basic + One-Step,NASDAQ:TRUP,0.09999696368713658
2020-09-18,12,AR1 alpha + Basic + One-Step,NASDAQ:TRUP,0.09999213821770671
2020-09-21,12,AR1 alpha + Basic + One-Step,NASDAQ:TRUP,0.09999766589544692
2020-09-22,12,AR1 alpha + Basic + One-Step,NASDAQ:TRUP,0.09999770984874673
2020-09-23,12,AR1 alpha + Basic + One-Step,NASDAQ:TRUP,0.09999929752479152
2020-09-24,12,AR1 alpha + Basic + One-Step,NASDAQ:TRUP,0.09999990541493299
2020-09-25,12,AR1 alpha + Basic + One-Step,NASDAQ:TRUP,0.09999563404392953
2020-09-28,12,AR1 alpha + Basic + One-Step,NASDAQ:TRUP,0.09999489865232893
2020-09-29,12,AR1 alpha + Basic + One-Step,NASDAQ:TRUP,0.09999863671018419
2020-09-30,12,AR1 alpha + Basic + One-Step,NASDAQ:TRUP,0.0999996510116368
2020-10-01,12,AR1 alpha + Basic + One-Step,NASDAQ:TRUP,0.09999752026043103
2020-10-02,12,AR1 alpha + Basic + One-Step,NASDAQ:TRUP,0.09999539935338732
2020-10-05,12,AR1 alpha + Basic + One-Step,NASDAQ:TRUP,0.09999877916719072
2020-10-06,12,AR1 alpha + Basic + One-Step,NASDAQ:TRUP,0.0999978236070172
2020-10-07,12,AR1 alpha + Basic + One-Step,NASDAQ:TRUP,0.09999946882728354
2020-10-08,12,AR1 alpha + Basic + One-Step,NASDAQ:TRUP,0.09999683929809221
2020-10-09,12,AR1 alpha + Basic + One-Step,NASDAQ:TRUP,0.09999550388654377
2020-10-12,12,AR1 alpha + Basic + One-Step,NASDAQ:TRUP,0.09999307982311911
2020-10-13,12,AR1 alpha + Basic + One-Step,NASDAQ:TRUP,0.09999375123869662
2020-10-14,12,AR1 alpha + Basic + One-Step,NASDAQ:TRUP,0.0999971242203181
2020-10-15,12,AR1 alpha + Basic + One-Step,NASDAQ:TRUP,0.09999341439237322
2020-10-16,12,AR1 alpha + Basic + One-Step,NASDAQ:TRUP,0.09999815529816843
2020-10-19,12,AR1 alpha + Basic + One-Step,NASDAQ:TRUP,0.09999340177861091
2020-10-20,12,AR1 alpha + Basic + One-Step,NASDAQ:TRUP,0.09999176024935222
2020-10-21,12,AR1 alpha + Basic + One-Step,NASDAQ:TRUP,0.09999276622026969
2020-10-22,12,AR1 alpha + Basic + One-Step,NASDAQ:TRUP,0.07268437739282228
2020-10-23,12,AR1 alpha + Basic + One-Step,NASDAQ:TRUP,0.09999383555440408
2020-10-26,12,AR1 alpha + Basic + One-Step,NASDAQ:TRUP,0.05998619735681434
2020-10-27,12,AR1 alpha + Basic + One-Step,NASDAQ:TRUP,0.05553606546607178
2020-10-28,12,AR1 alpha + Basic + One-Step,NASDAQ:TRUP,0.03188063631604634
2020-10-29,12,AR1 alpha + Basic + One-Step,NASDAQ:TRUP,0.07753804960853064
2020-10-30,12,AR1 alpha + Basic + One-Step,NASDAQ:TRUP,0.05359545606649102
2020-11-02,12,AR1 alpha + Basic + One-Step,NASDAQ:TRUP,0.09999957254556069
2020-11-03,12,AR1 alpha + Basic + One-Step,NASDAQ:TRUP,0.09999927339042913
2020-11-04,12,AR1 alpha + Basic + One-Step,NASDAQ:TRUP,0.09999770500382985
2020-11-05,12,AR1 alpha + Basic + One-Step,NASDAQ:TRUP,0.09999428206132928
2020-11-06,12,AR1 alpha + Basic + One-Step,NASDAQ:TRUP,0.09999827604800975
2020-11-09,12,AR1 alpha + Basic + One-Step,NASDAQ:TRUP,0.09999635052606104
2020-11-10,12,AR1 alpha + Basic + One-Step,NASDAQ:TRUP,0.09999289865473321
2020-11-11,12,AR1 alpha + Basic + One-Step,NASDAQ:TRUP,0.09999689791866395
2020-11-12,12,AR1 alpha + Basic + One-Step,NASDAQ:TRUP,0.09999246497343293
2020-11-13,12,AR1 alpha + Basic + One-Step,NASDAQ:TRUP,0.09999440224347718
2020-11-16,12,AR1 alpha + Basic + One-Step,NASDAQ:TRUP,0.09999607425563066
2020-11-17,12,AR1 alpha + Basic + One-Step,NASDAQ:TRUP,0.09999605649457027
2020-11-18,12,AR1 alpha + Basic + One-Step,NASDAQ:TRUP,0.09998889285379027
2020-11-19,12,AR1 alpha + Basic + One-Step,NASDAQ:TRUP,0.09999680636625329
2020-11-20,12,AR1 alpha + Basic + One-Step,NASDAQ:TRUP,0.09998849575894538
2020-11-23,12,AR1 alpha + Basic + One-Step,NASDAQ:TRUP,0.09998906336372727
2020-11-24,12,AR1 alpha + Basic + One-Step,NASDAQ:TRUP,0.09998866011618984
2020-11-25,12,AR1 alpha + Basic + One-Step,NASDAQ:TRUP,0.09999459268706273
2020-11-27,12,AR1 alpha + Basic + One-Step,NASDAQ:TRUP,0.09998789171349359
2020-11-30,12,AR1 alpha + Basic + One-Step,NASDAQ:TRUP,0.09999629114885679
2020-12-01,12,AR1 alpha + Basic + One-Step,NASDAQ:TRUP,0.09999837130539577
2020-12-02,12,AR1 alpha + Basic + One-Step,NASDAQ:TRUP,0.09999911379626471
2020-12-03,12,AR1 alpha + Basic + One-Step,NASDAQ:TRUP,0.099999706039671
2020-12-04,12,AR1 alpha + Basic + One-Step,NASDAQ:TRUP,0.09999990081111017
2020-12-07,12,AR1 alpha + Basic + One-Step,NASDAQ:TRUP,0.09999796753867254
2020-12-08,12,AR1 alpha + Basic + One-Step,NASDAQ:TRUP,0.09999944619816102
2020-12-09,12,AR1 alpha + Basic + One-Step,NASDAQ:TRUP,0.09999665974149058
2020-12-10,12,AR1 alpha + Basic + One-Step,NASDAQ:TRUP,0.09999861205559608
2020-12-11,12,AR1 alpha + Basic + One-Step,NASDAQ:TRUP,0.09999968472239833
2020-12-14,12,AR1 alpha + Basic + One-Step,NASDAQ:TRUP,0.10000021865540994
2020-12-15,12,AR1 alpha + Basic + One-Step,NASDAQ:TRUP,0.09999414914952551
2020-12-16,12,AR1 alpha + Basic + One-Step,NASDAQ:TRUP,0.09999816365794888
2020-12-17,12,AR1 alpha + Basic + One-Step,NASDAQ:TRUP,0.09999918760156355
2020-12-18,12,AR1 alpha + Basic + One-Step,NASDAQ:TRUP,0.09999461522660903
2020-12-21,12,AR1 alpha + Basic + One-Step,NASDAQ:TRUP,0.09999867775650872
2020-12-22,12,AR1 alpha + Basic + One-Step,NASDAQ:TRUP,0.09999728012334366
2020-12-23,12,AR1 alpha + Basic + One-Step,NASDAQ:TRUP,0.09999876476000955
2020-12-24,12,AR1 alpha + Basic + One-Step,NASDAQ:TRUP,0.09999943848292452
2020-12-28,12,AR1 alpha + Basic + One-Step,NASDAQ:TRUP,0.09999925483541819
2020-12-29,12,AR1 alpha + Basic + One-Step,NASDAQ:TRUP,0.09999705081488752
2020-12-30,12,AR1 alpha + Basic + One-Step,NASDAQ:TRUP,0.09999621843833409
2020-12-31,12,AR1 alpha + Basic + One-Step,NASDAQ:TRUP,0.09999756383553397
2021-01-04,12,AR1 alpha + Basic + One-Step,NASDAQ:TRUP,0.09999505087447685
2021-01-05,12,AR1 alpha + Basic + One-Step,NASDAQ:TRUP,0.09999819966085319
2021-01-06,12,AR1 alpha + Basic + One-Step,NASDAQ:TRUP,0.09999899764729742
2021-01-07,12,AR1 alpha + Basic + One-Step,NASDAQ:TRUP,0.09999304211913745
2021-01-08,12,AR1 alpha + Basic + One-Step,NASDAQ:TRUP,0.09999640591339269
2021-01-11,12,AR1 alpha + Basic + One-Step,NASDAQ:TRUP,0.09999380829477396
2021-01-12,12,AR1 alpha + Basic + One-Step,NASDAQ:TRUP,0.09999316340652431
2021-01-13,12,AR1 alpha + Basic + One-Step,NASDAQ:TRUP,0.09999488939428539
2021-01-14,12,AR1 alpha + Basic + One-Step,NASDAQ:TRUP,0.09998720874559892
2021-01-15,12,AR1 alpha + Basic + One-Step,NASDAQ:TRUP,0.09999287057221524
2021-01-19,12,AR1 alpha + Basic + One-Step,NASDAQ:TRUP,0.09999661205577881
2021-01-20,12,AR1 alpha + Basic + One-Step,NASDAQ:TRUP,0.09999859730971591
2021-01-21,12,AR1 alpha + Basic + One-Step,NASDAQ:TRUP,0.09999284480379275
2021-01-22,12,AR1 alpha + Basic + One-Step,NASDAQ:TRUP,0.09999754123367396
2021-01-25,12,AR1 alpha + Basic + One-Step,NASDAQ:TRUP,0.09999899275545654
2021-01-26,12,AR1 alpha + Basic + One-Step,NASDAQ:TRUP,0.0999925312328232
2021-01-27,12,AR1 alpha + Basic + One-Step,NASDAQ:TRUP,0.0999925779284713
2021-01-28,12,AR1 alpha + Basic + One-Step,NASDAQ:TRUP,0.07185515090301707
2021-01-29,12,AR1 alpha + Basic + One-Step,NASDAQ:TRUP,0.01629817268597766
2021-02-01,12,AR1 alpha + Basic + One-Step,NASDAQ:TRUP,0.04881266423520182
2021-02-02,12,AR1 alpha + Basic + One-Step,NASDAQ:TRUP,0.09999952157824953
2021-02-03,12,AR1 alpha + Basic + One-Step,NASDAQ:TRUP,0.09999964139535422
2021-02-04,12,AR1 alpha + Basic + One-Step,NASDAQ:TRUP,0.09999794587855816
2021-02-05,12,AR1 alpha + Basic + One-Step,NASDAQ:TRUP,0.09999563444578223
2021-02-08,12,AR1 alpha + Basic + One-Step,NASDAQ:TRUP,0.0999923172416246
2021-02-09,12,AR1 alpha + Basic + One-Step,NASDAQ:TRUP,0.09999615385144414
2021-02-10,12,AR1 alpha + Basic + One-Step,NASDAQ:TRUP,0.09999136492626948
2021-02-11,12,AR1 alpha + Basic + One-Step,NASDAQ:TRUP,0.02743464822096578
2021-02-12,12,AR1 alpha + Basic + One-Step,NASDAQ:TRUP,0.05670519248075425
2021-02-16,12,AR1 alpha + Basic + One-Step,NASDAQ:TRUP,0.0376143205271867
2021-02-17,12,AR1 alpha + Basic + One-Step,NASDAQ:TRUP,0.020513735844129466
2021-02-18,12,AR1 alpha + Basic + One-Step,NASDAQ:TRUP,0.035033891144692096
2021-02-19,12,AR1 alpha + Basic + One-Step,NASDAQ:TRUP,0.07155737095822842
2021-02-22,12,AR1 alpha + Basic + One-Step,NASDAQ:TRUP,0.013188655377569731
2021-02-23,12,AR1 alpha + Basic + One-Step,NASDAQ:TRUP,6.691194021080561e-08
2021-02-24,12,AR1 alpha + Basic + One-Step,NASDAQ:TRUP,0.0
2021-02-25,12,AR1 alpha + Basic + One-Step,NASDAQ:TRUP,0.0
2021-02-26,12,AR1 alpha + Basic + One-Step,NASDAQ:TRUP,0.0
2021-03-01,12,AR1 alpha + Basic + One-Step,NASDAQ:TRUP,0.02724453544222563
2021-03-02,12,AR1 alpha + Basic + One-Step,NASDAQ:TRUP,0.0
2021-03-03,12,AR1 alpha + Basic + One-Step,NASDAQ:TRUP,0.0
2021-03-04,12,AR1 alpha + Basic + One-Step,NASDAQ:TRUP,0.0
2021-03-05,12,AR1 alpha + Basic + One-Step,NASDAQ:TRUP,0.0
2021-03-08,12,AR1 alpha + Basic + One-Step,NASDAQ:TRUP,0.0
2021-03-09,12,AR1 alpha + Basic + One-Step,NASDAQ:TRUP,0.0
2021-03-10,12,AR1 alpha + Basic + One-Step,NASDAQ:TRUP,0.013378157241646257
2021-03-11,12,AR1 alpha + Basic + One-Step,NASDAQ:TRUP,0.09485318544051516
2021-03-12,12,AR1 alpha + Basic + One-Step,NASDAQ:TRUP,0.06518022997762563
2021-03-15,12,AR1 alpha + Basic + One-Step,NASDAQ:TRUP,0.018028399407638358
2021-03-16,12,AR1 alpha + Basic + One-Step,NASDAQ:TRUP,0.020834692804591437
2021-03-17,12,AR1 alpha + Basic + One-Step,NASDAQ:TRUP,0.03403827107001421
2021-03-18,12,AR1 alpha + Basic + One-Step,NASDAQ:TRUP,0.0
2021-03-19,12,AR1 alpha + Basic + One-Step,NASDAQ:TRUP,0.0
2021-03-22,12,AR1 alpha + Basic + One-Step,NASDAQ:TRUP,0.0
2021-03-23,12,AR1 alpha + Basic + One-Step,NASDAQ:TRUP,0.0
2021-03-24,12,AR1 alpha + Basic + One-Step,NASDAQ:TRUP,3.2565284146175585e-08
2021-03-25,12,AR1 alpha + Basic + One-Step,NASDAQ:TRUP,0.0
2021-03-26,12,AR1 alpha + Basic + One-Step,NASDAQ:TRUP,0.0
2021-03-29,12,AR1 alpha + Basic + One-Step,NASDAQ:TRUP,0.0
2021-03-30,12,AR1 alpha + Basic + One-Step,NASDAQ:TRUP,3.5066987664868205e-07
2021-03-31,12,AR1 alpha + Basic + One-Step,NASDAQ:TRUP,0.0
2021-04-01,12,AR1 alpha + Basic + One-Step,NASDAQ:TRUP,0.0243115693409428
2021-04-05,12,AR1 alpha + Basic + One-Step,NASDAQ:TRUP,1.0863843137039768e-06
2021-04-06,12,AR1 alpha + Basic + One-Step,NASDAQ:TRUP,6.65274347612739e-08
2021-04-07,12,AR1 alpha + Basic + One-Step,NASDAQ:TRUP,0.0
2021-04-08,12,AR1 alpha + Basic + One-Step,NASDAQ:TRUP,1.724487965746332e-07
2021-04-09,12,AR1 alpha + Basic + One-Step,NASDAQ:TRUP,0.010994866481844303
2021-04-12,12,AR1 alpha + Basic + One-Step,NASDAQ:TRUP,0.014524998452918937
2021-04-13,12,AR1 alpha + Basic + One-Step,NASDAQ:TRUP,0.045785735977927976
2021-04-14,12,AR1 alpha + Basic + One-Step,NASDAQ:TRUP,0.007400587548398496
2021-04-15,12,AR1 alpha + Basic + One-Step,NASDAQ:TRUP,0.06558917961174744
2021-04-16,12,AR1 alpha + Basic + One-Step,NASDAQ:TRUP,0.09999394650179894
2021-04-19,12,AR1 alpha + Basic + One-Step,NASDAQ:TRUP,0.0691813671913908
2021-04-20,12,AR1 alpha + Basic + One-Step,NASDAQ:TRUP,0.0
2021-04-21,12,AR1 alpha + Basic + One-Step,NASDAQ:TRUP,0.03389673466423414
2021-04-22,12,AR1 alpha + Basic + One-Step,NASDAQ:TRUP,0.02683235113329602
2021-04-23,12,AR1 alpha + Basic + One-Step,NASDAQ:TRUP,0.06025867628977706
2021-04-26,12,AR1 alpha + Basic + One-Step,NASDAQ:TRUP,0.09999887827465742
2021-04-27,12,AR1 alpha + Basic + One-Step,NASDAQ:TRUP,0.03532772597897254
2021-04-28,12,AR1 alpha + Basic + One-Step,NASDAQ:TRUP,0.03133696121628218
2021-04-29,12,AR1 alpha + Basic + One-Step,NASDAQ:TRUP,0.0
2021-04-30,12,AR1 alpha + Basic + One-Step,NASDAQ:TRUP,1.7382395499304722e-09
2021-05-03,12,AR1 alpha + Basic + One-Step,NASDAQ:TRUP,0.0
2021-05-04,12,AR1 alpha + Basic + One-Step,NASDAQ:TRUP,0.0
2021-05-05,12,AR1 alpha + Basic + One-Step,NASDAQ:TRUP,0.0
2021-05-06,12,AR1 alpha + Basic + One-Step,NASDAQ:TRUP,0.0
2021-05-07,12,AR1 alpha + Basic + One-Step,NASDAQ:TRUP,0.08586101633254696
2021-05-10,12,AR1 alpha + Basic + One-Step,NASDAQ:TRUP,0.0
2021-05-11,12,AR1 alpha + Basic + One-Step,NASDAQ:TRUP,0.0
2021-05-12,12,AR1 alpha + Basic + One-Step,NASDAQ:TRUP,0.0
2021-05-13,12,AR1 alpha + Basic + One-Step,NASDAQ:TRUP,4.635190286565482e-07
2021-05-14,12,AR1 alpha + Basic + One-Step,NASDAQ:TRUP,0.042689290164597576
2021-05-17,12,AR1 alpha + Basic + One-Step,NASDAQ:TRUP,0.032245911184916425
2021-05-18,12,AR1 alpha + Basic + One-Step,NASDAQ:TRUP,0.016349063694322437
2021-05-19,12,AR1 alpha + Basic + One-Step,NASDAQ:TRUP,0.010476044585539024
2021-05-20,12,AR1 alpha + Basic + One-Step,NASDAQ:TRUP,0.034113171765603786
2021-05-21,12,AR1 alpha + Basic + One-Step,NASDAQ:TRUP,0.03257877476836886
2021-05-24,12,AR1 alpha + Basic + One-Step,NASDAQ:TRUP,0.06617448580543997
2021-05-25,12,AR1 alpha + Basic + One-Step,NASDAQ:TRUP,0.08061300799455642
2021-05-26,12,AR1 alpha + Basic + One-Step,NASDAQ:TRUP,0.09999967984959407
2021-05-27,12,AR1 alpha + Basic + One-Step,NASDAQ:TRUP,0.09999971513587834
2021-05-28,12,AR1 alpha + Basic + One-Step,NASDAQ:TRUP,0.09999667912968437
2021-06-01,12,AR1 alpha + Basic + One-Step,NASDAQ:TRUP,0.09154678244756566
2021-06-02,12,AR1 alpha + Basic + One-Step,NASDAQ:TRUP,0.07598061483874877
2021-06-03,12,AR1 alpha + Basic + One-Step,NASDAQ:TRUP,0.08490283417477701
2021-06-04,12,AR1 alpha + Basic + One-Step,NASDAQ:TRUP,0.0773130078853773
2021-06-07,12,AR1 alpha + Basic + One-Step,NASDAQ:TRUP,0.09999971218679513
2021-06-08,12,AR1 alpha + Basic + One-Step,NASDAQ:TRUP,0.09999986348021855
2021-06-09,12,AR1 alpha + Basic + One-Step,NASDAQ:TRUP,0.08035054950382205
2021-06-10,12,AR1 alpha + Basic + One-Step,NASDAQ:TRUP,0.06382255871201604
2021-06-11,12,AR1 alpha + Basic + One-Step,NASDAQ:TRUP,0.08176349555630677
2021-06-14,12,AR1 alpha + Basic + One-Step,NASDAQ:TRUP,0.09999046765655882
2021-06-15,12,AR1 alpha + Basic + One-Step,NASDAQ:TRUP,0.09999539256110489
2021-06-16,12,AR1 alpha + Basic + One-Step,NASDAQ:TRUP,0.09999079075302893
2021-06-17,12,AR1 alpha + Basic + One-Step,NASDAQ:TRUP,0.09999618603223667
2021-06-18,12,AR1 alpha + Basic + One-Step,NASDAQ:TRUP,0.09999514160430324
2021-06-21,12,AR1 alpha + Basic + One-Step,NASDAQ:TRUP,0.09999370825110304
2021-06-22,12,AR1 alpha + Basic + One-Step,NASDAQ:TRUP,0.09999787079041228
2021-06-23,12,AR1 alpha + Basic + One-Step,NASDAQ:TRUP,0.09999945918871246
2021-06-24,12,AR1 alpha + Basic + One-Step,NASDAQ:TRUP,0.10000019153496527
2021-06-25,12,AR1 alpha + Basic + One-Step,NASDAQ:TRUP,0.09999215868573579
2021-06-28,12,AR1 alpha + Basic + One-Step,NASDAQ:TRUP,0.09999452790973146
2021-06-29,12,AR1 alpha + Basic + One-Step,NASDAQ:TRUP,0.09999342938713153
2021-06-30,12,AR1 alpha + Basic + One-Step,NASDAQ:TRUP,0.09309090001097518
2021-07-01,12,AR1 alpha + Basic + One-Step,NASDAQ:TRUP,0.09774618965005615
2021-07-02,12,AR1 alpha + Basic + One-Step,NASDAQ:TRUP,0.0733120631439899
2021-07-06,12,AR1 alpha + Basic + One-Step,NASDAQ:TRUP,0.0999987961294761
2021-07-07,12,AR1 alpha + Basic + One-Step,NASDAQ:TRUP,0.09730601693045325
2021-07-08,12,AR1 alpha + Basic + One-Step,NASDAQ:TRUP,0.0
2021-07-09,12,AR1 alpha + Basic + One-Step,NASDAQ:TRUP,0.0013182127400038106
2021-07-12,12,AR1 alpha + Basic + One-Step,NASDAQ:TRUP,0.0
2021-07-13,12,AR1 alpha + Basic + One-Step,NASDAQ:TRUP,4.65162112413284e-08
2021-07-14,12,AR1 alpha + Basic + One-Step,NASDAQ:TRUP,0.0
2021-07-15,12,AR1 alpha + Basic + One-Step,NASDAQ:TRUP,0.0
2021-07-16,12,AR1 alpha + Basic + One-Step,NASDAQ:TRUP,4.447228549088459e-06
2021-07-19,12,AR1 alpha + Basic + One-Step,NASDAQ:TRUP,5.98978683596551e-07
2021-07-20,12,AR1 alpha + Basic + One-Step,NASDAQ:TRUP,0.030594020851371743
2021-07-21,12,AR1 alpha + Basic + One-Step,NASDAQ:TRUP,0.09688888068594412
2021-07-22,12,AR1 alpha + Basic + One-Step,NASDAQ:TRUP,0.014591547051128383
2021-07-23,12,AR1 alpha + Basic + One-Step,NASDAQ:TRUP,0.045542761624930726
2021-07-26,12,AR1 alpha + Basic + One-Step,NASDAQ:TRUP,0.023303431004841134
2021-07-27,12,AR1 alpha + Basic + One-Step,NASDAQ:TRUP,0.025370141453230365
2021-07-28,12,AR1 alpha + Basic + One-Step,NASDAQ:TRUP,0.050729278288370795
2021-07-29,12,AR1 alpha + Basic + One-Step,NASDAQ:TRUP,0.051427756577384576
2021-07-30,12,AR1 alpha + Basic + One-Step,NASDAQ:TRUP,0.032275841596721935
2021-08-02,12,AR1 alpha + Basic + One-Step,NASDAQ:TRUP,0.01251970545394567
2021-08-03,12,AR1 alpha + Basic + One-Step,NASDAQ:TRUP,0.024605695422181474
2021-08-04,12,AR1 alpha + Basic + One-Step,NASDAQ:TRUP,4.2564623897854216e-08
2021-08-05,12,AR1 alpha + Basic + One-Step,NASDAQ:TRUP,0.0
2021-08-06,12,AR1 alpha + Basic + One-Step,NASDAQ:TRUP,0.0
2021-08-09,12,AR1 alpha + Basic + One-Step,NASDAQ:TRUP,6.116674550346672e-07
2021-08-10,12,AR1 alpha + Basic + One-Step,NASDAQ:TRUP,0.0
2021-08-11,12,AR1 alpha + Basic + One-Step,NASDAQ:TRUP,0.0
2021-08-12,12,AR1 alpha + Basic + One-Step,NASDAQ:TRUP,0.0
2021-08-13,12,AR1 alpha + Basic + One-Step,NASDAQ:TRUP,0.0
2021-08-16,12,AR1 alpha + Basic + One-Step,NASDAQ:TRUP,0.0
2021-08-17,12,AR1 alpha + Basic + One-Step,NASDAQ:TRUP,0.0
2021-08-18,12,AR1 alpha + Basic + One-Step,NASDAQ:TRUP,0.0
2021-08-19,12,AR1 alpha + Basic + One-Step,NASDAQ:TRUP,0.0
2021-08-20,12,AR1 alpha + Basic + One-Step,NASDAQ:TRUP,0.0
2021-08-23,12,AR1 alpha + Basic + One-Step,NASDAQ:TRUP,0.0
2021-08-24,12,AR1 alpha + Basic + One-Step,NASDAQ:TRUP,1.491678067117969e-07
2021-08-25,12,AR1 alpha + Basic + One-Step,NASDAQ:TRUP,0.0
2021-08-26,12,AR1 alpha + Basic + One-Step,NASDAQ:TRUP,6.854961088077354e-10
2021-08-27,12,AR1 alpha + Basic + One-Step,NASDAQ:TRUP,1.6696351477094405e-06
2021-08-30,12,AR1 alpha + Basic + One-Step,NASDAQ:TRUP,6.460538503770732e-07
2021-08-31,12,AR1 alpha + Basic + One-Step,NASDAQ:TRUP,0.0
2021-09-01,12,AR1 alpha + Basic + One-Step,NASDAQ:TRUP,0.0
2021-09-02,12,AR1 alpha + Basic + One-Step,NASDAQ:TRUP,0.0
2021-09-03,12,AR1 alpha + Basic + One-Step,NASDAQ:TRUP,0.0
2021-09-07,12,AR1 alpha + Basic + One-Step,NASDAQ:TRUP,0.0
2021-09-08,12,AR1 alpha + Basic + One-Step,NASDAQ:TRUP,0.0
2021-09-09,12,AR1 alpha + Basic + One-Step,NASDAQ:TRUP,2.1086063939061354e-07
2021-09-10,12,AR1 alpha + Basic + One-Step,NASDAQ:TRUP,0.0
2021-09-13,12,AR1 alpha + Basic + One-Step,NASDAQ:TRUP,0.0
2021-09-14,12,AR1 alpha + Basic + One-Step,NASDAQ:TRUP,5.263055555697663e-07
2021-09-15,12,AR1 alpha + Basic + One-Step,NASDAQ:TRUP,0.0
2021-09-16,12,AR1 alpha + Basic + One-Step,NASDAQ:TRUP,0.0
2021-09-17,12,AR1 alpha + Basic + One-Step,NASDAQ:TRUP,0.0
2021-09-20,12,AR1 alpha + Basic + One-Step,NASDAQ:TRUP,0.0
2021-09-21,12,AR1 alpha + Basic + One-Step,NASDAQ:TRUP,3.451938701809432e-08
2021-09-22,12,AR1 alpha + Basic + One-Step,NASDAQ:TRUP,0.0
2021-09-23,12,AR1 alpha + Basic + One-Step,NASDAQ:TRUP,2.421282577850305e-08
2021-09-24,12,AR1 alpha + Basic + One-Step,NASDAQ:TRUP,0.0
2021-09-27,12,AR1 alpha + Basic + One-Step,NASDAQ:TRUP,0.0
2021-09-28,12,AR1 alpha + Basic + One-Step,NASDAQ:TRUP,0.0
2021-09-29,12,AR1 alpha + Basic + One-Step,NASDAQ:TRUP,4.5273694713346995e-09
2021-09-30,12,AR1 alpha + Basic + One-Step,NASDAQ:TRUP,4.341251020056397e-08
2021-10-01,12,AR1 alpha + Basic + One-Step,NASDAQ:TRUP,0.0
2021-10-04,12,AR1 alpha + Basic + One-Step,NASDAQ:TRUP,0.0
2021-10-05,12,AR1 alpha + Basic + One-Step,NASDAQ:TRUP,0.0
2021-10-06,12,AR1 alpha + Basic + One-Step,NASDAQ:TRUP,1.874073870855336e-07
2021-10-07,12,AR1 alpha + Basic + One-Step,NASDAQ:TRUP,1.022557702360417e-07
2021-10-08,12,AR1 alpha + Basic + One-Step,NASDAQ:TRUP,7.367321404904588e-08
2021-10-11,12,AR1 alpha + Basic + One-Step,NASDAQ:TRUP,2.9326351398037934e-09
2021-10-12,12,AR1 alpha + Basic + One-Step,NASDAQ:TRUP,1.2612652138137776e-08
2021-10-13,12,AR1 alpha + Basic + One-Step,NASDAQ:TRUP,1.2692936693091363e-07
2021-10-14,12,AR1 alpha + Basic + One-Step,NASDAQ:TRUP,0.0
2021-10-15,12,AR1 alpha + Basic + One-Step,NASDAQ:TRUP,0.0
2021-10-18,12,AR1 alpha + Basic + One-Step,NASDAQ:TRUP,0.0
2021-10-19,12,AR1 alpha + Basic + One-Step,NASDAQ:TRUP,5.3534087561499295e-09
2021-10-20,12,AR1 alpha + Basic + One-Step,NASDAQ:TRUP,0.0
2021-10-21,12,AR1 alpha + Basic + One-Step,NASDAQ:TRUP,0.0
2021-10-22,12,AR1 alpha + Basic + One-Step,NASDAQ:TRUP,0.0
2021-10-25,12,AR1 alpha + Basic + One-Step,NASDAQ:TRUP,3.465703593059089e-08
2021-10-26,12,AR1 alpha + Basic + One-Step,NASDAQ:TRUP,0.0
2021-10-27,12,AR1 alpha + Basic + One-Step,NASDAQ:TRUP,0.0
2021-10-28,12,AR1 alpha + Basic + One-Step,NASDAQ:TRUP,0.0
2021-10-29,12,AR1 alpha + Basic + One-Step,NASDAQ:TRUP,0.0
2021-11-01,12,AR1 alpha + Basic + One-Step,NASDAQ:TRUP,1.5233524997313153e-07
2021-11-02,12,AR1 alpha + Basic + One-Step,NASDAQ:TRUP,0.0
2021-11-03,12,AR1 alpha + Basic + One-Step,NASDAQ:TRUP,0.0
2021-11-04,12,AR1 alpha + Basic + One-Step,NASDAQ:TRUP,0.0
2021-11-05,12,AR1 alpha + Basic + One-Step,NASDAQ:TRUP,5.377506218600272e-08
2021-11-08,12,AR1 alpha + Basic + One-Step,NASDAQ:TRUP,0.0
2021-11-09,12,AR1 alpha + Basic + One-Step,NASDAQ:TRUP,0.0
2021-11-10,12,AR1 alpha + Basic + One-Step,NASDAQ:TRUP,0.0
2021-11-11,12,AR1 alpha + Basic + One-Step,NASDAQ:TRUP,0.0
2021-11-12,12,AR1 alpha + Basic + One-Step,NASDAQ:TRUP,0.0
2021-11-15,12,AR1 alpha + Basic + One-Step,NASDAQ:TRUP,0.0
2021-11-16,12,AR1 alpha + Basic + One-Step,NASDAQ:TRUP,0.0
2021-11-17,12,AR1 alpha + Basic + One-Step,NASDAQ:TRUP,0.0
2021-11-18,12,AR1 alpha + Basic + One-Step,NASDAQ:TRUP,0.0
2021-11-19,12,AR1 alpha + Basic + One-Step,NASDAQ:TRUP,0.0
2021-11-22,12,AR1 alpha + Basic + One-Step,NASDAQ:TRUP,0.0
2021-11-23,12,AR1 alpha + Basic + One-Step,NASDAQ:TRUP,0.0
2021-11-24,12,AR1 alpha + Basic + One-Step,NASDAQ:TRUP,0.0
2021-11-26,12,AR1 alpha + Basic + One-Step,NASDAQ:TRUP,4.938949543446371e-07
2021-11-29,12,AR1 alpha + Basic + One-Step,NASDAQ:TRUP,1.0603012567320697e-07
2021-11-30,12,AR1 alpha + Basic + One-Step,NASDAQ:TRUP,0.0
2021-12-01,12,AR1 alpha + Basic + One-Step,NASDAQ:TRUP,0.0
2021-12-02,12,AR1 alpha + Basic + One-Step,NASDAQ:TRUP,0.0
2021-12-03,12,AR1 alpha + Basic + One-Step,NASDAQ:TRUP,0.0
2021-12-06,12,AR1 alpha + Basic + One-Step,NASDAQ:TRUP,0.0
2021-12-07,12,AR1 alpha + Basic + One-Step,NASDAQ:TRUP,6.340681543418251e-07
2021-12-08,12,AR1 alpha + Basic + One-Step,NASDAQ:TRUP,2.7609475279480994e-08
2021-12-09,12,AR1 alpha + Basic + One-Step,NASDAQ:TRUP,0.0
2021-12-10,12,AR1 alpha + Basic + One-Step,NASDAQ:TRUP,0.0
2021-12-13,12,AR1 alpha + Basic + One-Step,NASDAQ:TRUP,0.0
2021-12-14,12,AR1 alpha + Basic + One-Step,NASDAQ:TRUP,0.0
2021-12-15,12,AR1 alpha + Basic + One-Step,NASDAQ:TRUP,0.0
2021-12-16,12,AR1 alpha + Basic + One-Step,NASDAQ:TRUP,0.0
2021-12-17,12,AR1 alpha + Basic + One-Step,NASDAQ:TRUP,0.0
2021-12-20,12,AR1 alpha + Basic + One-Step,NASDAQ:TRUP,0.0
2021-12-21,12,AR1 alpha + Basic + One-Step,NASDAQ:TRUP,0.0
2021-12-22,12,AR1 alpha + Basic + One-Step,NASDAQ:TRUP,1.1731614628270883e-07
2021-12-23,12,AR1 alpha + Basic + One-Step,NASDAQ:TRUP,0.0
2021-12-27,12,AR1 alpha + Basic + One-Step,NASDAQ:TRUP,0.0
2021-12-28,12,AR1 alpha + Basic + One-Step,NASDAQ:TRUP,0.0
2021-12-29,12,AR1 alpha + Basic + One-Step,NASDAQ:TRUP,0.0
2021-12-30,12,AR1 alpha + Basic + One-Step,NASDAQ:TRUP,1.946448071362998e-07
2021-12-31,12,AR1 alpha + Basic + One-Step,NASDAQ:TRUP,0.0
2022-01-03,12,AR1 alpha + Basic + One-Step,NASDAQ:TRUP,0.0
2022-01-04,12,AR1 alpha + Basic + One-Step,NASDAQ:TRUP,0.0
2022-01-05,12,AR1 alpha + Basic + One-Step,NASDAQ:TRUP,0.0
2022-01-06,12,AR1 alpha + Basic + One-Step,NASDAQ:TRUP,1.7466539446207135e-08
2022-01-07,12,AR1 alpha + Basic + One-Step,NASDAQ:TRUP,3.086669677968236e-08
2022-01-10,12,AR1 alpha + Basic + One-Step,NASDAQ:TRUP,8.622140384203489e-08
2022-01-11,12,AR1 alpha + Basic + One-Step,NASDAQ:TRUP,0.0
2022-01-12,12,AR1 alpha + Basic + One-Step,NASDAQ:TRUP,0.0
2022-01-13,12,AR1 alpha + Basic + One-Step,NASDAQ:TRUP,1.009590304020385e-06
2022-01-14,12,AR1 alpha + Basic + One-Step,NASDAQ:TRUP,0.0
2022-01-18,12,AR1 alpha + Basic + One-Step,NASDAQ:TRUP,0.0
2022-01-19,12,AR1 alpha + Basic + One-Step,NASDAQ:TRUP,0.0
2022-01-20,12,AR1 alpha + Basic + One-Step,NASDAQ:TRUP,0.0
2022-01-21,12,AR1 alpha + Basic + One-Step,NASDAQ:TRUP,1.5768078471547195e-07
2022-01-24,12,AR1 alpha + Basic + One-Step,NASDAQ:TRUP,0.0
2022-01-25,12,AR1 alpha + Basic + One-Step,NASDAQ:TRUP,0.0
2022-01-26,12,AR1 alpha + Basic + One-Step,NASDAQ:TRUP,0.0
2022-01-27,12,AR1 alpha + Basic + One-Step,NASDAQ:TRUP,0.0
2022-01-28,12,AR1 alpha + Basic + One-Step,NASDAQ:TRUP,0.0
2022-01-31,12,AR1 alpha + Basic + One-Step,NASDAQ:TRUP,0.0
2022-02-01,12,AR1 alpha + Basic + One-Step,NASDAQ:TRUP,0.0
2022-02-02,12,AR1 alpha + Basic + One-Step,NASDAQ:TRUP,0.0
2022-02-03,12,AR1 alpha + Basic + One-Step,NASDAQ:TRUP,0.0
2022-02-04,12,AR1 alpha + Basic + One-Step,NASDAQ:TRUP,1.1455373576364085e-07
2022-02-07,12,AR1 alpha + Basic + One-Step,NASDAQ:TRUP,1.2124444304697059e-07
2022-02-08,12,AR1 alpha + Basic + One-Step,NASDAQ:TRUP,4.3827233759435415e-07
2022-02-09,12,AR1 alpha + Basic + One-Step,NASDAQ:TRUP,0.0
2022-02-10,12,AR1 alpha + Basic + One-Step,NASDAQ:TRUP,0.0
2022-02-11,12,AR1 alpha + Basic + One-Step,NASDAQ:TRUP,0.0
2022-02-14,12,AR1 alpha + Basic + One-Step,NASDAQ:TRUP,0.0
2022-02-15,12,AR1 alpha + Basic + One-Step,NASDAQ:TRUP,0.0
2022-02-16,12,AR1 alpha + Basic + One-Step,NASDAQ:TRUP,0.0
2022-02-17,12,AR1 alpha + Basic + One-Step,NASDAQ:TRUP,0.0
2022-02-18,12,AR1 alpha + Basic + One-Step,NASDAQ:TRUP,3.514278171161315e-08
2022-02-22,12,AR1 alpha + Basic + One-Step,NASDAQ:TRUP,3.7136594894084668e-09
2022-02-23,12,AR1 alpha + Basic + One-Step,NASDAQ:TRUP,7.041333952412608e-24
2022-02-24,12,AR1 alpha + Basic + One-Step,NASDAQ:TRUP,0.0
2022-02-25,12,AR1 alpha + Basic + One-Step,NASDAQ:TRUP,0.0
2022-02-28,12,AR1 alpha + Basic + One-Step,NASDAQ:TRUP,0.0
2022-03-01,12,AR1 alpha + Basic + One-Step,NASDAQ:TRUP,0.0
2022-03-02,12,AR1 alpha + Basic + One-Step,NASDAQ:TRUP,0.0
2022-03-03,12,AR1 alpha + Basic + One-Step,NASDAQ:TRUP,0.0
2022-03-04,12,AR1 alpha + Basic + One-Step,NASDAQ:TRUP,0.0
2022-03-07,12,AR1 alpha + Basic + One-Step,NASDAQ:TRUP,0.0
2022-03-08,12,AR1 alpha + Basic + One-Step,NASDAQ:TRUP,0.0
2022-03-09,12,AR1 alpha + Basic + One-Step,NASDAQ:TRUP,5.61374957836417e-09
2022-03-10,12,AR1 alpha + Basic + One-Step,NASDAQ:TRUP,0.0
2022-03-11,12,AR1 alpha + Basic + One-Step,NASDAQ:TRUP,0.0
2022-03-14,12,AR1 alpha + Basic + One-Step,NASDAQ:TRUP,0.0
2022-03-15,12,AR1 alpha + Basic + One-Step,NASDAQ:TRUP,0.0
2022-03-16,12,AR1 alpha + Basic + One-Step,NASDAQ:TRUP,0.0
2022-03-17,12,AR1 alpha + Basic + One-Step,NASDAQ:TRUP,0.0
2022-03-18,12,AR1 alpha + Basic + One-Step,NASDAQ:TRUP,3.767254676713989e-08
2022-03-21,12,AR1 alpha + Basic + One-Step,NASDAQ:TRUP,0.0
2022-03-22,12,AR1 alpha + Basic + One-Step,NASDAQ:TRUP,7.696687056729088e-08
2022-03-23,12,AR1 alpha + Basic + One-Step,NASDAQ:TRUP,0.0
2022-03-24,12,AR1 alpha + Basic + One-Step,NASDAQ:TRUP,3.7675151229816776e-09
2022-03-25,12,AR1 alpha + Basic + One-Step,NASDAQ:TRUP,0.0
2022-03-28,12,AR1 alpha + Basic + One-Step,NASDAQ:TRUP,0.0
2022-03-29,12,AR1 alpha + Basic + One-Step,NASDAQ:TRUP,0.0
2022-03-30,12,AR1 alpha + Basic + One-Step,NASDAQ:TRUP,0.0
2022-03-31,12,AR1 alpha + Basic + One-Step,NASDAQ:TRUP,0.0
2022-04-01,12,AR1 alpha + Basic + One-Step,NASDAQ:TRUP,0.0
2022-04-04,12,AR1 alpha + Basic + One-Step,NASDAQ:TRUP,0.0
2022-04-05,12,AR1 alpha + Basic + One-Step,NASDAQ:TRUP,2.7205452437307774e-08
2022-04-06,12,AR1 alpha + Basic + One-Step,NASDAQ:TRUP,0.0
2022-04-07,12,AR1 alpha + Basic + One-Step,NASDAQ:TRUP,0.0
2022-04-08,12,AR1 alpha + Basic + One-Step,NASDAQ:TRUP,0.0
2022-04-11,12,AR1 alpha + Basic + One-Step,NASDAQ:TRUP,0.0
2022-04-12,12,AR1 alpha + Basic + One-Step,NASDAQ:TRUP,0.0
2022-04-13,12,AR1 alpha + Basic + One-Step,NASDAQ:TRUP,1.0960241786896507e-07
2022-04-14,12,AR1 alpha + Basic + One-Step,NASDAQ:TRUP,1.313666644882339e-09
2022-04-18,12,AR1 alpha + Basic + One-Step,NASDAQ:TRUP,0.0
2022-04-19,12,AR1 alpha + Basic + One-Step,NASDAQ:TRUP,4.285218616302699e-08
2022-04-20,12,AR1 alpha + Basic + One-Step,NASDAQ:TRUP,2.1743339650906687e-08
2022-04-21,12,AR1 alpha + Basic + One-Step,NASDAQ:TRUP,0.0
2022-04-22,12,AR1 alpha + Basic + One-Step,NASDAQ:TRUP,0.0
2022-04-25,12,AR1 alpha + Basic + One-Step,NASDAQ:TRUP,0.0
2022-04-26,12,AR1 alpha + Basic + One-Step,NASDAQ:TRUP,4.068277759772239e-08
2022-04-27,12,AR1 alpha + Basic + One-Step,NASDAQ:TRUP,0.0
2022-04-28,12,AR1 alpha + Basic + One-Step,NASDAQ:TRUP,0.0
2022-04-29,12,AR1 alpha + Basic + One-Step,NASDAQ:TRUP,0.0
2022-05-02,12,AR1 alpha + Basic + One-Step,NASDAQ:TRUP,0.0
2022-05-03,12,AR1 alpha + Basic + One-Step,NASDAQ:TRUP,0.0
2022-05-04,12,AR1 alpha + Basic + One-Step,NASDAQ:TRUP,3.1206176405494734e-07
2022-05-05,12,AR1 alpha + Basic + One-Step,NASDAQ:TRUP,0.0
2022-05-06,12,AR1 alpha + Basic + One-Step,NASDAQ:TRUP,0.0
2022-05-09,12,AR1 alpha + Basic + One-Step,NASDAQ:TRUP,0.0
2022-05-10,12,AR1 alpha + Basic + One-Step,NASDAQ:TRUP,4.3613670470927447e-07
2022-05-11,12,AR1 alpha + Basic + One-Step,NASDAQ:TRUP,0.0
2022-05-12,12,AR1 alpha + Basic + One-Step,NASDAQ:TRUP,1.4365264027473266e-07
2022-05-13,12,AR1 alpha + Basic + One-Step,NASDAQ:TRUP,0.0
2022-05-16,12,AR1 alpha + Basic + One-Step,NASDAQ:TRUP,6.516004152914942e-08
2022-05-17,12,AR1 alpha + Basic + One-Step,NASDAQ:TRUP,2.9153024963763257e-08
2022-05-18,12,AR1 alpha + Basic + One-Step,NASDAQ:TRUP,6.055873322803356e-07
2022-05-19,12,AR1 alpha + Basic + One-Step,NASDAQ:TRUP,0.0
2022-05-20,12,AR1 alpha + Basic + One-Step,NASDAQ:TRUP,0.0
2022-05-23,12,AR1 alpha + Basic + One-Step,NASDAQ:TRUP,7.80396472769455e-08
2022-05-24,12,AR1 alpha + Basic + One-Step,NASDAQ:TRUP,0.0
2022-05-25,12,AR1 alpha + Basic + One-Step,NASDAQ:TRUP,0.0
2022-05-26,12,AR1 alpha + Basic + One-Step,NASDAQ:TRUP,0.0
2022-05-27,12,AR1 alpha + Basic + One-Step,NASDAQ:TRUP,3.2372640495183084e-09
2022-05-31,12,AR1 alpha + Basic + One-Step,NASDAQ:TRUP,0.0
2022-06-01,12,AR1 alpha + Basic + One-Step,NASDAQ:TRUP,0.0
2022-06-02,12,AR1 alpha + Basic + One-Step,NASDAQ:TRUP,0.0
2022-06-03,12,AR1 alpha + Basic + One-Step,NASDAQ:TRUP,0.0
2022-06-06,12,AR1 alpha + Basic + One-Step,NASDAQ:TRUP,9.793274400554213e-08
2022-06-07,12,AR1 alpha + Basic + One-Step,NASDAQ:TRUP,0.0
2022-06-08,12,AR1 alpha + Basic + One-Step,NASDAQ:TRUP,0.0
2022-06-09,12,AR1 alpha + Basic + One-Step,NASDAQ:TRUP,2.0095759780265502e-08
2022-06-10,12,AR1 alpha + Basic + One-Step,NASDAQ:TRUP,0.0
2022-06-13,12,AR1 alpha + Basic + One-Step,NASDAQ:TRUP,1.5625400976824639e-07
2022-06-14,12,AR1 alpha + Basic + One-Step,NASDAQ:TRUP,2.4782534715251503e-08
2022-06-15,12,AR1 alpha + Basic + One-Step,NASDAQ:TRUP,0.0
2022-06-16,12,AR1 alpha + Basic + One-Step,NASDAQ:TRUP,0.0
2022-06-17,12,AR1 alpha + Basic + One-Step,NASDAQ:TRUP,4.6659739618157905e-09
2022-06-21,12,AR1 alpha + Basic + One-Step,NASDAQ:TRUP,0.0
2022-06-22,12,AR1 alpha + Basic + One-Step,NASDAQ:TRUP,1.1895033484927513e-08
2022-06-23,12,AR1 alpha + Basic + One-Step,NASDAQ:TRUP,0.0
2022-06-24,12,AR1 alpha + Basic + One-Step,NASDAQ:TRUP,0.0
2022-06-27,12,AR1 alpha + Basic + One-Step,NASDAQ:TRUP,0.0
2022-06-28,12,AR1 alpha + Basic + One-Step,NASDAQ:TRUP,0.0
2022-06-29,12,AR1 alpha + Basic + One-Step,NASDAQ:TRUP,0.0
2022-06-30,12,AR1 alpha + Basic + One-Step,NASDAQ:TRUP,0.0
2022-07-01,12,AR1 alpha + Basic + One-Step,NASDAQ:TRUP,0.0
2022-07-05,12,AR1 alpha + Basic + One-Step,NASDAQ:TRUP,0.0
2022-07-06,12,AR1 alpha + Basic + One-Step,NASDAQ:TRUP,0.0
2022-07-07,12,AR1 alpha + Basic + One-Step,NASDAQ:TRUP,0.0
2022-07-08,12,AR1 alpha + Basic + One-Step,NASDAQ:TRUP,0.0
2022-07-11,12,AR1 alpha + Basic + One-Step,NASDAQ:TRUP,7.447899403923918e-08
2022-07-12,12,AR1 alpha + Basic + One-Step,NASDAQ:TRUP,1.9706325823379362e-07
2022-07-13,12,AR1 alpha + Basic + One-Step,NASDAQ:TRUP,1.711811910454872e-07
2022-07-14,12,AR1 alpha + Basic + One-Step,NASDAQ:TRUP,0.0
2022-07-15,12,AR1 alpha + Basic + One-Step,NASDAQ:TRUP,7.640173794697142e-08
2022-07-18,12,AR1 alpha + Basic + One-Step,NASDAQ:TRUP,7.736382807547403e-09
2022-07-19,12,AR1 alpha + Basic + One-Step,NASDAQ:TRUP,0.0
2022-07-20,12,AR1 alpha + Basic + One-Step,NASDAQ:TRUP,0.0
2022-07-21,12,AR1 alpha + Basic + One-Step,NASDAQ:TRUP,2.7612364045934732e-08
2022-07-22,12,AR1 alpha + Basic + One-Step,NASDAQ:TRUP,0.0
2022-07-25,12,AR1 alpha + Basic + One-Step,NASDAQ:TRUP,0.0
2022-07-26,12,AR1 alpha + Basic + One-Step,NASDAQ:TRUP,0.0
2022-07-27,12,AR1 alpha + Basic + One-Step,NASDAQ:TRUP,0.0
2022-07-28,12,AR1 alpha + Basic + One-Step,NASDAQ:TRUP,0.0
2022-07-29,12,AR1 alpha + Basic + One-Step,NASDAQ:TRUP,0.0
2022-08-01,12,AR1 alpha + Basic + One-Step,NASDAQ:TRUP,0.0
2022-08-02,12,AR1 alpha + Basic + One-Step,NASDAQ:TRUP,0.0
2022-08-03,12,AR1 alpha + Basic + One-Step,NASDAQ:TRUP,0.0
2022-08-04,12,AR1 alpha + Basic + One-Step,NASDAQ:TRUP,0.0
2022-08-05,12,AR1 alpha + Basic + One-Step,NASDAQ:TRUP,0.0
2022-08-08,12,AR1 alpha + Basic + One-Step,NASDAQ:TRUP,0.0
2022-08-09,12,AR1 alpha + Basic + One-Step,NASDAQ:TRUP,0.0
2022-08-10,12,AR1 alpha + Basic + One-Step,NASDAQ:TRUP,0.0
2022-08-11,12,AR1 alpha + Basic + One-Step,NASDAQ:TRUP,0.0
2022-08-12,12,AR1 alpha + Basic + One-Step,NASDAQ:TRUP,0.0
2022-08-15,12,AR1 alpha + Basic + One-Step,NASDAQ:TRUP,0.0
2022-08-16,12,AR1 alpha + Basic + One-Step,NASDAQ:TRUP,0.0
2022-08-17,12,AR1 alpha + Basic + One-Step,NASDAQ:TRUP,0.0
2022-08-18,12,AR1 alpha + Basic + One-Step,NASDAQ:TRUP,0.0
2022-08-19,12,AR1 alpha + Basic + One-Step,NASDAQ:TRUP,5.513599374771368e-09
2022-08-22,12,AR1 alpha + Basic + One-Step,NASDAQ:TRUP,0.0
2022-08-23,12,AR1 alpha + Basic + One-Step,NASDAQ:TRUP,0.0
2022-08-24,12,AR1 alpha + Basic + One-Step,NASDAQ:TRUP,0.0
2022-08-25,12,AR1 alpha + Basic + One-Step,NASDAQ:TRUP,0.0
2022-08-26,12,AR1 alpha + Basic + One-Step,NASDAQ:TRUP,0.0
2022-08-29,12,AR1 alpha + Basic + One-Step,NASDAQ:TRUP,0.0
2022-08-30,12,AR1 alpha + Basic + One-Step,NASDAQ:TRUP,0.0
2022-08-31,12,AR1 alpha + Basic + One-Step,NASDAQ:TRUP,0.0
2022-09-01,12,AR1 alpha + Basic + One-Step,NASDAQ:TRUP,3.3440295635349826e-09
2022-09-02,12,AR1 alpha + Basic + One-Step,NASDAQ:TRUP,0.0
2022-09-06,12,AR1 alpha + Basic + One-Step,NASDAQ:TRUP,0.0
2022-09-07,12,AR1 alpha + Basic + One-Step,NASDAQ:TRUP,0.0
2022-09-08,12,AR1 alpha + Basic + One-Step,NASDAQ:TRUP,3.314387476353442e-07
2022-09-09,12,AR1 alpha + Basic + One-Step,NASDAQ:TRUP,0.0
2022-09-12,12,AR1 alpha + Basic + One-Step,NASDAQ:TRUP,0.0
2022-09-13,12,AR1 alpha + Basic + One-Step,NASDAQ:TRUP,1.378906315857882e-09
2022-09-14,12,AR1 alpha + Basic + One-Step,NASDAQ:TRUP,9.583891661058983e-08
2022-09-15,12,AR1 alpha + Basic + One-Step,NASDAQ:TRUP,0.0
2022-09-16,12,AR1 alpha + Basic + One-Step,NASDAQ:TRUP,6.243727275237809e-08
2022-09-19,12,AR1 alpha + Basic + One-Step,NASDAQ:TRUP,0.0
2022-09-20,12,AR1 alpha + Basic + One-Step,NASDAQ:TRUP,0.0
2022-09-21,12,AR1 alpha + Basic + One-Step,NASDAQ:TRUP,0.0
2022-09-22,12,AR1 alpha + Basic + One-Step,NASDAQ:TRUP,0.0
2022-09-23,12,AR1 alpha + Basic + One-Step,NASDAQ:TRUP,0.0
2022-09-26,12,AR1 alpha + Basic + One-Step,NASDAQ:TRUP,1.022741920306303e-09
2022-09-27,12,AR1 alpha + Basic + One-Step,NASDAQ:TRUP,0.0
2022-09-28,12,AR1 alpha + Basic + One-Step,NASDAQ:TRUP,0.0
2022-09-29,12,AR1 alpha + Basic + One-Step,NASDAQ:TRUP,0.0
2022-09-30,12,AR1 alpha + Basic + One-Step,NASDAQ:TRUP,0.0
2022-10-03,12,AR1 alpha + Basic + One-Step,NASDAQ:TRUP,0.0
2022-10-04,12,AR1 alpha + Basic + One-Step,NASDAQ:TRUP,0.0
2022-10-05,12,AR1 alpha + Basic + One-Step,NASDAQ:TRUP,1.6054559820088187e-07
2022-10-06,12,AR1 alpha + Basic + One-Step,NASDAQ:TRUP,0.0
2022-10-07,12,AR1 alpha + Basic + One-Step,NASDAQ:TRUP,0.0
2022-10-10,12,AR1 alpha + Basic + One-Step,NASDAQ:TRUP,0.0
2022-10-11,12,AR1 alpha + Basic + One-Step,NASDAQ:TRUP,3.243404827464342e-08
2022-10-12,12,AR1 alpha + Basic + One-Step,NASDAQ:TRUP,5.7504257980716686e-09
2022-10-13,12,AR1 alpha + Basic + One-Step,NASDAQ:TRUP,0.0
2022-10-14,12,AR1 alpha + Basic + One-Step,NASDAQ:TRUP,0.0
2022-10-17,12,AR1 alpha + Basic + One-Step,NASDAQ:TRUP,0.0
2022-10-18,12,AR1 alpha + Basic + One-Step,NASDAQ:TRUP,0.0
2022-10-19,12,AR1 alpha + Basic + One-Step,NASDAQ:TRUP,0.0
2022-10-20,12,AR1 alpha + Basic + One-Step,NASDAQ:TRUP,1.7419170334102662e-09
2022-10-21,12,AR1 alpha + Basic + One-Step,NASDAQ:TRUP,0.0
2022-10-24,12,AR1 alpha + Basic + One-Step,NASDAQ:TRUP,0.0
2022-10-25,12,AR1 alpha + Basic + One-Step,NASDAQ:TRUP,1.4713137148109917e-07
2022-10-26,12,AR1 alpha + Basic + One-Step,NASDAQ:TRUP,9.108352402521473e-09
2022-10-27,12,AR1 alpha + Basic + One-Step,NASDAQ:TRUP,0.0
2022-10-28,12,AR1 alpha + Basic + One-Step,NASDAQ:TRUP,0.0
2022-10-31,12,AR1 alpha + Basic + One-Step,NASDAQ:TRUP,1.1848335451228282e-09
2022-11-01,12,AR1 alpha + Basic + One-Step,NASDAQ:TRUP,0.0
2022-11-02,12,AR1 alpha + Basic + One-Step,NASDAQ:TRUP,1.9484553628169846e-08
2022-11-03,12,AR1 alpha + Basic + One-Step,NASDAQ:TRUP,2.255977609218897e-07
2022-11-04,12,AR1 alpha + Basic + One-Step,NASDAQ:TRUP,0.0
2022-11-07,12,AR1 alpha + Basic + One-Step,NASDAQ:TRUP,0.0
2022-11-08,12,AR1 alpha + Basic + One-Step,NASDAQ:TRUP,3.899138884574633e-08
2022-11-09,12,AR1 alpha + Basic + One-Step,NASDAQ:TRUP,0.0
2022-11-10,12,AR1 alpha + Basic + One-Step,NASDAQ:TRUP,0.0
2022-11-11,12,AR1 alpha + Basic + One-Step,NASDAQ:TRUP,3.952962705828933e-08
2022-11-14,12,AR1 alpha + Basic + One-Step,NASDAQ:TRUP,2.3901163165938764e-09
2022-11-15,12,AR1 alpha + Basic + One-Step,NASDAQ:TRUP,0.0
2022-11-16,12,AR1 alpha + Basic + One-Step,NASDAQ:TRUP,7.335244940462456e-08
2022-11-17,12,AR1 alpha + Basic + One-Step,NASDAQ:TRUP,0.0
2022-11-18,12,AR1 alpha + Basic + One-Step,NASDAQ:TRUP,5.733808507485246e-08
2022-11-21,12,AR1 alpha + Basic + One-Step,NASDAQ:TRUP,1.4392432489128568e-07
2022-11-22,12,AR1 alpha + Basic + One-Step,NASDAQ:TRUP,1.0479893883356053e-07
2022-11-23,12,AR1 alpha + Basic + One-Step,NASDAQ:TRUP,0.0
2022-11-25,12,AR1 alpha + Basic + One-Step,NASDAQ:TRUP,2.3917697276061662e-08
2022-11-28,12,AR1 alpha + Basic + One-Step,NASDAQ:TRUP,1.6188243252529659e-07
2022-11-29,12,AR1 alpha + Basic + One-Step,NASDAQ:TRUP,0.0
2022-11-30,12,AR1 alpha + Basic + One-Step,NASDAQ:TRUP,0.0
2022-12-01,12,AR1 alpha + Basic + One-Step,NASDAQ:TRUP,0.0
2022-12-02,12,AR1 alpha + Basic + One-Step,NASDAQ:TRUP,0.0
2022-12-05,12,AR1 alpha + Basic + One-Step,NASDAQ:TRUP,0.0
2022-12-06,12,AR1 alpha + Basic + One-Step,NASDAQ:TRUP,0.0
2022-12-07,12,AR1 alpha + Basic + One-Step,NASDAQ:TRUP,0.0
2022-12-08,12,AR1 alpha + Basic + One-Step,NASDAQ:TRUP,0.0
2022-12-09,12,AR1 alpha + Basic + One-Step,NASDAQ:TRUP,0.0
2022-12-12,12,AR1 alpha + Basic + One-Step,NASDAQ:TRUP,9.302631092669542e-09
2022-12-13,12,AR1 alpha + Basic + One-Step,NASDAQ:TRUP,7.812614885919129e-07
2022-12-14,12,AR1 alpha + Basic + One-Step,NASDAQ:TRUP,0.0
2022-12-15,12,AR1 alpha + Basic + One-Step,NASDAQ:TRUP,0.0
2022-12-16,12,AR1 alpha + Basic + One-Step,NASDAQ:TRUP,0.0
2022-12-19,12,AR1 alpha + Basic + One-Step,NASDAQ:TRUP,0.0
2022-12-20,12,AR1 alpha + Basic + One-Step,NASDAQ:TRUP,0.0
2022-12-21,12,AR1 alpha + Basic + One-Step,NASDAQ:TRUP,0.0
2022-12-22,12,AR1 alpha + Basic + One-Step,NASDAQ:TRUP,0.0
2022-12-23,12,AR1 alpha + Basic + One-Step,NASDAQ:TRUP,0.0
2022-12-27,12,AR1 alpha + Basic + One-Step,NASDAQ:TRUP,1.0654827757102102e-09
2022-12-28,12,AR1 alpha + Basic + One-Step,NASDAQ:TRUP,0.0
2022-12-29,12,AR1 alpha + Basic + One-Step,NASDAQ:TRUP,2.2330003944951484e-08
2022-12-30,12,AR1 alpha + Basic + One-Step,NASDAQ:TRUP,0.0
2023-01-03,12,AR1 alpha + Basic + One-Step,NASDAQ:TRUP,1.0137498062979997e-08
2023-01-04,12,AR1 alpha + Basic + One-Step,NASDAQ:TRUP,0.0
2023-01-05,12,AR1 alpha + Basic + One-Step,NASDAQ:TRUP,0.0
2023-01-06,12,AR1 alpha + Basic + One-Step,NASDAQ:TRUP,4.63831649521479e-10
2023-01-09,12,AR1 alpha + Basic + One-Step,NASDAQ:TRUP,0.0
2023-01-10,12,AR1 alpha + Basic + One-Step,NASDAQ:TRUP,0.0
2023-01-11,12,AR1 alpha + Basic + One-Step,NASDAQ:TRUP,4.874611298911518e-09
2023-01-12,12,AR1 alpha + Basic + One-Step,NASDAQ:TRUP,0.0
2023-01-13,12,AR1 alpha + Basic + One-Step,NASDAQ:TRUP,2.452237601039409e-09
2023-01-17,12,AR1 alpha + Basic + One-Step,NASDAQ:TRUP,0.0
2023-01-18,12,AR1 alpha + Basic + One-Step,NASDAQ:TRUP,0.0
2023-01-19,12,AR1 alpha + Basic + One-Step,NASDAQ:TRUP,0.0
2023-01-20,12,AR1 alpha + Basic + One-Step,NASDAQ:TRUP,4.943851183542198e-09
2023-01-23,12,AR1 alpha + Basic + One-Step,NASDAQ:TRUP,3.3538274894191454e-08
2023-01-24,12,AR1 alpha + Basic + One-Step,NASDAQ:TRUP,0.0
2023-01-25,12,AR1 alpha + Basic + One-Step,NASDAQ:TRUP,0.0
2023-01-26,12,AR1 alpha + Basic + One-Step,NASDAQ:TRUP,0.0
2023-01-27,12,AR1 alpha + Basic + One-Step,NASDAQ:TRUP,0.0
2023-01-30,12,AR1 alpha + Basic + One-Step,NASDAQ:TRUP,6.541352814421898e-09
2023-01-31,12,AR1 alpha + Basic + One-Step,NASDAQ:TRUP,0.0
2023-02-01,12,AR1 alpha + Basic + One-Step,NASDAQ:TRUP,0.0
2023-02-02,12,AR1 alpha + Basic + One-Step,NASDAQ:TRUP,1.397316678513833e-07
2023-02-03,12,AR1 alpha + Basic + One-Step,NASDAQ:TRUP,0.0
2023-02-06,12,AR1 alpha + Basic + One-Step,NASDAQ:TRUP,0.0
2023-02-07,12,AR1 alpha + Basic + One-Step,NASDAQ:TRUP,1.4898305790481268e-09
2023-02-08,12,AR1 alpha + Basic + One-Step,NASDAQ:TRUP,0.0
2023-02-09,12,AR1 alpha + Basic + One-Step,NASDAQ:TRUP,0.0
2023-02-10,12,AR1 alpha + Basic + One-Step,NASDAQ:TRUP,0.0
2023-02-13,12,AR1 alpha + Basic + One-Step,NASDAQ:TRUP,0.0
2023-02-14,12,AR1 alpha + Basic + One-Step,NASDAQ:TRUP,0.0
2023-02-15,12,AR1 alpha + Basic + One-Step,NASDAQ:TRUP,3.956804535519554e-08
2023-02-16,12,AR1 alpha + Basic + One-Step,NASDAQ:TRUP,0.0
2023-02-17,12,AR1 alpha + Basic + One-Step,NASDAQ:TRUP,0.0
2023-02-21,12,AR1 alpha + Basic + One-Step,NASDAQ:TRUP,1.075099794036264e-08
2023-02-22,12,AR1 alpha + Basic + One-Step,NASDAQ:TRUP,0.0
2023-02-23,12,AR1 alpha + Basic + One-Step,NASDAQ:TRUP,0.0
2023-02-24,12,AR1 alpha + Basic + One-Step,NASDAQ:TRUP,1.4023396238605766e-07
2023-02-27,12,AR1 alpha + Basic + One-Step,NASDAQ:TRUP,3.639975882698883e-08
2023-02-28,12,AR1 alpha + Basic + One-Step,NASDAQ:TRUP,7.450053641989473e-08
2023-03-01,12,AR1 alpha + Basic + One-Step,NASDAQ:TRUP,3.3507505856241223e-08
2023-03-02,12,AR1 alpha + Basic + One-Step,NASDAQ:TRUP,0.0
2023-03-03,12,AR1 alpha + Basic + One-Step,NASDAQ:TRUP,2.9327832693371963e-07
2023-03-06,12,AR1 alpha + Basic + One-Step,NASDAQ:TRUP,6.43643213495307e-08
2023-03-07,12,AR1 alpha + Basic + One-Step,NASDAQ:TRUP,0.0
2023-03-08,12,AR1 alpha + Basic + One-Step,NASDAQ:TRUP,2.2150573197850563e-09
2023-03-09,12,AR1 alpha + Basic + One-Step,NASDAQ:TRUP,1.9570953026192947e-07
2023-03-10,12,AR1 alpha + Basic + One-Step,NASDAQ:TRUP,3.6708915402137684e-08
2023-03-13,12,AR1 alpha + Basic + One-Step,NASDAQ:TRUP,2.4484539753844694e-07
2023-03-14,12,AR1 alpha + Basic + One-Step,NASDAQ:TRUP,0.0
2023-03-15,12,AR1 alpha + Basic + One-Step,NASDAQ:TRUP,0.0
2023-03-16,12,AR1 alpha + Basic + One-Step,NASDAQ:TRUP,0.0
2023-03-17,12,AR1 alpha + Basic + One-Step,NASDAQ:TRUP,1.1843260886984913e-08
2023-03-20,12,AR1 alpha + Basic + One-Step,NASDAQ:TRUP,0.0
2023-03-21,12,AR1 alpha + Basic + One-Step,NASDAQ:TRUP,1.680991461320583e-08
2023-03-22,12,AR1 alpha + Basic + One-Step,NASDAQ:TRUP,0.0
2023-03-23,12,AR1 alpha + Basic + One-Step,NASDAQ:TRUP,0.0
2023-03-24,12,AR1 alpha + Basic + One-Step,NASDAQ:TRUP,0.0
2023-03-27,12,AR1 alpha + Basic + One-Step,NASDAQ:TRUP,9.074214072055209e-08
2023-03-28,12,AR1 alpha + Basic + One-Step,NASDAQ:TRUP,0.0
2023-03-29,12,AR1 alpha + Basic + One-Step,NASDAQ:TRUP,0.0
2023-03-30,12,AR1 alpha + Basic + One-Step,NASDAQ:TRUP,0.0
2023-03-31,12,AR1 alpha + Basic + One-Step,NASDAQ:TRUP,7.526374763787485e-08
2023-04-03,12,AR1 alpha + Basic + One-Step,NASDAQ:TRUP,0.0
2023-04-04,12,AR1 alpha + Basic + One-Step,NASDAQ:TRUP,0.0
2023-04-05,12,AR1 alpha + Basic + One-Step,NASDAQ:TRUP,2.5588057975689432e-08
2023-04-06,12,AR1 alpha + Basic + One-Step,NASDAQ:TRUP,1.2004305752868605e-07
2023-04-10,12,AR1 alpha + Basic + One-Step,NASDAQ:TRUP,1.2780693523864676e-06
2023-04-11,12,AR1 alpha + Basic + One-Step,NASDAQ:TRUP,1.670880713258238e-07
2023-04-12,12,AR1 alpha + Basic + One-Step,NASDAQ:TRUP,3.291194743936821e-08
2023-04-13,12,AR1 alpha + Basic + One-Step,NASDAQ:TRUP,1.5148162004821172e-08
2023-04-14,12,AR1 alpha + Basic + One-Step,NASDAQ:TRUP,3.854876707695389e-09
2023-04-17,12,AR1 alpha + Basic + One-Step,NASDAQ:TRUP,1.032900460288871e-09
2023-04-18,12,AR1 alpha + Basic + One-Step,NASDAQ:TRUP,0.0
2023-04-19,12,AR1 alpha + Basic + One-Step,NASDAQ:TRUP,1.3394451008445326e-09
2023-04-20,12,AR1 alpha + Basic + One-Step,NASDAQ:TRUP,2.1348334735327045e-09
2023-04-21,12,AR1 alpha + Basic + One-Step,NASDAQ:TRUP,1.561342058193886e-08
2023-04-24,12,AR1 alpha + Basic + One-Step,NASDAQ:TRUP,2.308849043576365e-07
2023-04-25,12,AR1 alpha + Basic + One-Step,NASDAQ:TRUP,0.0
2023-04-26,12,AR1 alpha + Basic + One-Step,NASDAQ:TRUP,1.8386367348026563e-10
2023-04-27,12,AR1 alpha + Basic + One-Step,NASDAQ:TRUP,0.0
2023-04-28,12,AR1 alpha + Basic + One-Step,NASDAQ:TRUP,7.705962055172233e-09
2023-05-01,12,AR1 alpha + Basic + One-Step,NASDAQ:TRUP,3.872421599760824e-09
2023-05-02,12,AR1 alpha + Basic + One-Step,NASDAQ:TRUP,1.9603872618145766e-08
2023-05-03,12,AR1 alpha + Basic + One-Step,NASDAQ:TRUP,0.0
2023-05-04,12,AR1 alpha + Basic + One-Step,NASDAQ:TRUP,0.0
2023-05-05,12,AR1 alpha + Basic + One-Step,NASDAQ:TRUP,1.9286381453065096e-08
2023-05-08,12,AR1 alpha + Basic + One-Step,NASDAQ:TRUP,0.0
2023-05-09,12,AR1 alpha + Basic + One-Step,NASDAQ:TRUP,0.0
2023-05-10,12,AR1 alpha + Basic + One-Step,NASDAQ:TRUP,5.212758075087726e-08
2023-05-11,12,AR1 alpha + Basic + One-Step,NASDAQ:TRUP,7.02883615271893e-08
2023-05-12,12,AR1 alpha + Basic + One-Step,NASDAQ:TRUP,1.9992789341491588e-07
2023-05-15,12,AR1 alpha + Basic + One-Step,NASDAQ:TRUP,1.2350360519906769e-08
2023-05-16,12,AR1 alpha + Basic + One-Step,NASDAQ:TRUP,0.0
2023-05-17,12,AR1 alpha + Basic + One-Step,NASDAQ:TRUP,9.327270193634265e-08
2023-05-18,12,AR1 alpha + Basic + One-Step,NASDAQ:TRUP,0.0
2023-05-19,12,AR1 alpha + Basic + One-Step,NASDAQ:TRUP,9.600731041357598e-09
2023-05-22,12,AR1 alpha + Basic + One-Step,NASDAQ:TRUP,0.0
2023-05-23,12,AR1 alpha + Basic + One-Step,NASDAQ:TRUP,0.0
2023-05-24,12,AR1 alpha + Basic + One-Step,NASDAQ:TRUP,4.427994568509201e-10
2023-05-25,12,AR1 alpha + Basic + One-Step,NASDAQ:TRUP,0.0
2023-05-26,12,AR1 alpha + Basic + One-Step,NASDAQ:TRUP,0.0
2023-05-30,12,AR1 alpha + Basic + One-Step,NASDAQ:TRUP,0.0
2023-05-31,12,AR1 alpha + Basic + One-Step,NASDAQ:TRUP,1.9674497367227787e-08
2023-06-01,12,AR1 alpha + Basic + One-Step,NASDAQ:TRUP,3.155932281803335e-09
2023-06-02,12,AR1 alpha + Basic + One-Step,NASDAQ:TRUP,0.0
2023-06-05,12,AR1 alpha + Basic + One-Step,NASDAQ:TRUP,0.0
2023-06-06,12,AR1 alpha + Basic + One-Step,NASDAQ:TRUP,0.0
2023-06-07,12,AR1 alpha + Basic + One-Step,NASDAQ:TRUP,3.269136666182773e-08
2023-06-08,12,AR1 alpha + Basic + One-Step,NASDAQ:TRUP,0.0
2023-06-09,12,AR1 alpha + Basic + One-Step,NASDAQ:TRUP,0.0
2023-06-12,12,AR1 alpha + Basic + One-Step,NASDAQ:TRUP,0.0
2023-06-13,12,AR1 alpha + Basic + One-Step,NASDAQ:TRUP,6.891769315446173e-08
2023-06-14,12,AR1 alpha + Basic + One-Step,NASDAQ:TRUP,0.0
2023-06-15,12,AR1 alpha + Basic + One-Step,NASDAQ:TRUP,0.0
2023-06-16,12,AR1 alpha + Basic + One-Step,NASDAQ:TRUP,0.0
2023-06-20,12,AR1 alpha + Basic + One-Step,NASDAQ:TRUP,0.0
2023-06-21,12,AR1 alpha + Basic + One-Step,NASDAQ:TRUP,0.0
2023-06-22,12,AR1 alpha + Basic + One-Step,NASDAQ:TRUP,3.5137021349852295e-09
2023-06-23,12,AR1 alpha + Basic + One-Step,NASDAQ:TRUP,0.0
2023-06-26,12,AR1 alpha + Basic + One-Step,NASDAQ:TRUP,0.0
2023-06-27,12,AR1 alpha + Basic + One-Step,NASDAQ:TRUP,0.0
2023-06-28,12,AR1 alpha + Basic + One-Step,NASDAQ:TRUP,5.43869637760873e-10
2023-06-29,12,AR1 alpha + Basic + One-Step,NASDAQ:TRUP,0.0
2023-06-30,12,AR1 alpha + Basic + One-Step,NASDAQ:TRUP,0.0
2023-07-03,12,AR1 alpha + Basic + One-Step,NASDAQ:TRUP,0.0
2023-07-05,12,AR1 alpha + Basic + One-Step,NASDAQ:TRUP,2.0660639286435168e-07
2023-07-06,12,AR1 alpha + Basic + One-Step,NASDAQ:TRUP,0.0
2023-07-07,12,AR1 alpha + Basic + One-Step,NASDAQ:TRUP,0.0
2023-07-10,12,AR1 alpha + Basic + One-Step,NASDAQ:TRUP,4.1222172029565104e-07
2023-07-11,12,AR1 alpha + Basic + One-Step,NASDAQ:TRUP,2.3355454226563895e-08
2023-07-12,12,AR1 alpha + Basic + One-Step,NASDAQ:TRUP,0.0
2023-07-13,12,AR1 alpha + Basic + One-Step,NASDAQ:TRUP,0.0
2023-07-14,12,AR1 alpha + Basic + One-Step,NASDAQ:TRUP,5.3438635088991074e-08
2023-07-17,12,AR1 alpha + Basic + One-Step,NASDAQ:TRUP,2.2578806002610957e-07
2023-07-18,12,AR1 alpha + Basic + One-Step,NASDAQ:TRUP,5.20152789752203e-07
2023-07-19,12,AR1 alpha + Basic + One-Step,NASDAQ:TRUP,0.0
2023-07-20,12,AR1 alpha + Basic + One-Step,NASDAQ:TRUP,3.2198773684166475e-23
2023-07-21,12,AR1 alpha + Basic + One-Step,NASDAQ:TRUP,6.734974748377348e-08
2023-07-24,12,AR1 alpha + Basic + One-Step,NASDAQ:TRUP,0.0
2023-07-25,12,AR1 alpha + Basic + One-Step,NASDAQ:TRUP,0.0
2023-07-26,12,AR1 alpha + Basic + One-Step,NASDAQ:TRUP,0.0
2023-07-27,12,AR1 alpha + Basic + One-Step,NASDAQ:TRUP,0.0
2023-07-28,12,AR1 alpha + Basic + One-Step,NASDAQ:TRUP,0.0
2023-07-31,12,AR1 alpha + Basic + One-Step,NASDAQ:TRUP,0.0
2023-08-01,12,AR1 alpha + Basic + One-Step,NASDAQ:TRUP,0.0
2023-08-02,12,AR1 alpha + Basic + One-Step,NASDAQ:TRUP,0.0
2023-08-03,12,AR1 alpha + Basic + One-Step,NASDAQ:TRUP,0.0
2023-08-04,12,AR1 alpha + Basic + One-Step,NASDAQ:TRUP,0.0
2023-08-07,12,AR1 alpha + Basic + One-Step,NASDAQ:TRUP,1.056232079565106e-09
2023-08-08,12,AR1 alpha + Basic + One-Step,NASDAQ:TRUP,0.0
2023-08-09,12,AR1 alpha + Basic + One-Step,NASDAQ:TRUP,0.0
2023-08-10,12,AR1 alpha + Basic + One-Step,NASDAQ:TRUP,0.0
2023-08-11,12,AR1 alpha + Basic + One-Step,NASDAQ:TRUP,1.0279245441515417e-07
2023-08-14,12,AR1 alpha + Basic + One-Step,NASDAQ:TRUP,1.2787467702896642e-08
2023-08-15,12,AR1 alpha + Basic + One-Step,NASDAQ:TRUP,1.7007337704908375e-08
2023-08-16,12,AR1 alpha + Basic + One-Step,NASDAQ:TRUP,0.0
2023-08-17,12,AR1 alpha + Basic + One-Step,NASDAQ:TRUP,0.0
2023-08-18,12,AR1 alpha + Basic + One-Step,NASDAQ:TRUP,0.0
2023-08-21,12,AR1 alpha + Basic + One-Step,NASDAQ:TRUP,1.6323503633185026e-09
2023-08-22,12,AR1 alpha + Basic + One-Step,NASDAQ:TRUP,0.0
2023-08-23,12,AR1 alpha + Basic + One-Step,NASDAQ:TRUP,2.0040418180275167e-08
2023-08-24,12,AR1 alpha + Basic + One-Step,NASDAQ:TRUP,0.0
2023-08-25,12,AR1 alpha + Basic + One-Step,NASDAQ:TRUP,7.511093997417533e-09
2023-08-28,12,AR1 alpha + Basic + One-Step,NASDAQ:TRUP,0.0
2023-08-29,12,AR1 alpha + Basic + One-Step,NASDAQ:TRUP,5.5813596958364535e-09
2023-08-30,12,AR1 alpha + Basic + One-Step,NASDAQ:TRUP,1.9857395520646275e-08
2023-08-31,12,AR1 alpha + Basic + One-Step,NASDAQ:TRUP,2.1170619130766943e-10
2023-09-01,12,AR1 alpha + Basic + One-Step,NASDAQ:TRUP,6.324239350682719e-09
2023-09-05,12,AR1 alpha + Basic + One-Step,NASDAQ:TRUP,8.391762942240641e-08
2023-09-06,12,AR1 alpha + Basic + One-Step,NASDAQ:TRUP,8.010399114418124e-09
2023-09-07,12,AR1 alpha + Basic + One-Step,NASDAQ:TRUP,5.005079831768494e-07
2023-09-08,12,AR1 alpha + Basic + One-Step,NASDAQ:TRUP,4.599160219064657e-07
2023-09-11,12,AR1 alpha + Basic + One-Step,NASDAQ:TRUP,1.3074892515640058e-08
2023-09-12,12,AR1 alpha + Basic + One-Step,NASDAQ:TRUP,0.0
2023-09-13,12,AR1 alpha + Basic + One-Step,NASDAQ:TRUP,0.0
2023-09-14,12,AR1 alpha + Basic + One-Step,NASDAQ:TRUP,0.0
2023-09-15,12,AR1 alpha + Basic + One-Step,NASDAQ:TRUP,0.0
2023-09-18,12,AR1 alpha + Basic + One-Step,NASDAQ:TRUP,0.0
2023-09-19,12,AR1 alpha + Basic + One-Step,NASDAQ:TRUP,1.6141537866845803e-09
2023-09-20,12,AR1 alpha + Basic + One-Step,NASDAQ:TRUP,0.0
2023-09-21,12,AR1 alpha + Basic + One-Step,NASDAQ:TRUP,1.7586428071280938e-06
2023-09-22,12,AR1 alpha + Basic + One-Step,NASDAQ:TRUP,0.0
2023-09-25,12,AR1 alpha + Basic + One-Step,NASDAQ:TRUP,0.0
2023-09-26,12,AR1 alpha + Basic + One-Step,NASDAQ:TRUP,0.0
2023-09-27,12,AR1 alpha + Basic + One-Step,NASDAQ:TRUP,0.0
2023-09-28,12,AR1 alpha + Basic + One-Step,NASDAQ:TRUP,0.0
2023-09-29,12,AR1 alpha + Basic + One-Step,NASDAQ:TRUP,0.0
2023-10-02,12,AR1 alpha + Basic + One-Step,NASDAQ:TRUP,0.0
2023-10-03,12,AR1 alpha + Basic + One-Step,NASDAQ:TRUP,0.0
2023-10-04,12,AR1 alpha + Basic + One-Step,NASDAQ:TRUP,0.0
2023-10-05,12,AR1 alpha + Basic + One-Step,NASDAQ:TRUP,0.0
2023-10-06,12,AR1 alpha + Basic + One-Step,NASDAQ:TRUP,0.0
2023-10-09,12,AR1 alpha + Basic + One-Step,NASDAQ:TRUP,0.0
2023-10-10,12,AR1 alpha + Basic + One-Step,NASDAQ:TRUP,0.0
2023-10-11,12,AR1 alpha + Basic + One-Step,NASDAQ:TRUP,4.635672350151369e-09
2023-10-12,12,AR1 alpha + Basic + One-Step,NASDAQ:TRUP,0.0
2023-10-13,12,AR1 alpha + Basic + One-Step,NASDAQ:TRUP,0.0
2023-10-16,12,AR1 alpha + Basic + One-Step,NASDAQ:TRUP,2.361595524037401e-08
2023-10-17,12,AR1 alpha + Basic + One-Step,NASDAQ:TRUP,0.0
2023-10-18,12,AR1 alpha + Basic + One-Step,NASDAQ:TRUP,0.0
2023-10-19,12,AR1 alpha + Basic + One-Step,NASDAQ:TRUP,0.0
2023-10-20,12,AR1 alpha + Basic + One-Step,NASDAQ:TRUP,0.0
2023-10-23,12,AR1 alpha + Basic + One-Step,NASDAQ:TRUP,0.0
2023-10-24,12,AR1 alpha + Basic + One-Step,NASDAQ:TRUP,0.0
2023-10-25,12,AR1 alpha + Basic + One-Step,NASDAQ:TRUP,0.0
2023-10-26,12,AR1 alpha + Basic + One-Step,NASDAQ:TRUP,0.0
2023-10-27,12,AR1 alpha + Basic + One-Step,NASDAQ:TRUP,0.0
2023-10-30,12,AR1 alpha + Basic + One-Step,NASDAQ:TRUP,0.0
2023-10-31,12,AR1 alpha + Basic + One-Step,NASDAQ:TRUP,0.0
2023-11-01,12,AR1 alpha + Basic + One-Step,NASDAQ:TRUP,0.0
2023-11-02,12,AR1 alpha + Basic + One-Step,NASDAQ:TRUP,0.0
2023-11-03,12,AR1 alpha + Basic + One-Step,NASDAQ:TRUP,0.05100877229493225
2023-11-06,12,AR1 alpha + Basic + One-Step,NASDAQ:TRUP,0.0
2023-11-07,12,AR1 alpha + Basic + One-Step,NASDAQ:TRUP,2.0418730180509535e-09
2023-11-08,12,AR1 alpha + Basic + One-Step,NASDAQ:TRUP,3.247102128401316e-09
2023-11-09,12,AR1 alpha + Basic + One-Step,NASDAQ:TRUP,2.5420558211220068e-08
2023-11-10,12,AR1 alpha + Basic + One-Step,NASDAQ:TRUP,0.0
2023-11-13,12,AR1 alpha + Basic + One-Step,NASDAQ:TRUP,0.0
2023-11-14,12,AR1 alpha + Basic + One-Step,NASDAQ:TRUP,0.0
2023-11-15,12,AR1 alpha + Basic + One-Step,NASDAQ:TRUP,0.0
2023-11-16,12,AR1 alpha + Basic + One-Step,NASDAQ:TRUP,0.0
2023-11-17,12,AR1 alpha + Basic + One-Step,NASDAQ:TRUP,0.0
2023-11-20,12,AR1 alpha + Basic + One-Step,NASDAQ:TRUP,0.0
2023-11-21,12,AR1 alpha + Basic + One-Step,NASDAQ:TRUP,0.0
2023-11-22,12,AR1 alpha + Basic + One-Step,NASDAQ:TRUP,0.0
2023-11-24,12,AR1 alpha + Basic + One-Step,NASDAQ:TRUP,0.0
2023-11-27,12,AR1 alpha + Basic + One-Step,NASDAQ:TRUP,0.0
2023-11-28,12,AR1 alpha + Basic + One-Step,NASDAQ:TRUP,0.0
2023-11-29,12,AR1 alpha + Basic + One-Step,NASDAQ:TRUP,0.0
2023-11-30,12,AR1 alpha + Basic + One-Step,NASDAQ:TRUP,0.0
2023-12-01,12,AR1 alpha + Basic + One-Step,NASDAQ:TRUP,4.649538180822709e-08
2023-12-04,12,AR1 alpha + Basic + One-Step,NASDAQ:TRUP,0.0
2023-12-05,12,AR1 alpha + Basic + One-Step,NASDAQ:TRUP,0.0
2023-12-06,12,AR1 alpha + Basic + One-Step,NASDAQ:TRUP,8.01957285861188e-08
2023-12-07,12,AR1 alpha + Basic + One-Step,NASDAQ:TRUP,1.8582130675657892e-08
2023-12-08,12,AR1 alpha + Basic + One-Step,NASDAQ:TRUP,0.0
2023-12-11,12,AR1 alpha + Basic + One-Step,NASDAQ:TRUP,4.025483535560871e-10
2023-12-12,12,AR1 alpha + Basic + One-Step,NASDAQ:TRUP,0.0
2023-12-13,12,AR1 alpha + Basic + One-Step,NASDAQ:TRUP,0.0078444436195655
2023-12-14,12,AR1 alpha + Basic + One-Step,NASDAQ:TRUP,0.04401740713134961
2023-12-15,12,AR1 alpha + Basic + One-Step,NASDAQ:TRUP,0.0
2023-12-18,12,AR1 alpha + Basic + One-Step,NASDAQ:TRUP,0.0
2023-12-19,12,AR1 alpha + Basic + One-Step,NASDAQ:TRUP,1.2782404015636421e-08
2023-12-20,12,AR1 alpha + Basic + One-Step,NASDAQ:TRUP,0.0
2023-12-21,12,AR1 alpha + Basic + One-Step,NASDAQ:TRUP,0.0
2023-12-22,12,AR1 alpha + Basic + One-Step,NASDAQ:TRUP,2.3770860456006533e-07
2023-12-26,12,AR1 alpha + Basic + One-Step,NASDAQ:TRUP,0.0
2023-12-27,12,AR1 alpha + Basic + One-Step,NASDAQ:TRUP,5.929489080556062e-09
2023-12-28,12,AR1 alpha + Basic + One-Step,NASDAQ:TRUP,0.0
2023-12-29,12,AR1 alpha + Basic + One-Step,NASDAQ:TRUP,0.0
2024-01-02,12,AR1 alpha + Basic + One-Step,NASDAQ:TRUP,0.0
2024-01-03,12,AR1 alpha + Basic + One-Step,NASDAQ:TRUP,0.0
2024-01-04,12,AR1 alpha + Basic + One-Step,NASDAQ:TRUP,0.0
2024-01-05,12,AR1 alpha + Basic + One-Step,NASDAQ:TRUP,0.0
2024-01-08,12,AR1 alpha + Basic + One-Step,NASDAQ:TRUP,0.0
2024-01-09,12,AR1 alpha + Basic + One-Step,NASDAQ:TRUP,0.0
2024-01-10,12,AR1 alpha + Basic + One-Step,NASDAQ:TRUP,0.0
2024-01-11,12,AR1 alpha + Basic + One-Step,NASDAQ:TRUP,1.129980324237247e-07
2024-01-12,12,AR1 alpha + Basic + One-Step,NASDAQ:TRUP,6.071600593530672e-24
2024-01-16,12,AR1 alpha + Basic + One-Step,NASDAQ:TRUP,0.0
2024-01-17,12,AR1 alpha + Basic + One-Step,NASDAQ:TRUP,0.0
2024-01-18,12,AR1 alpha + Basic + One-Step,NASDAQ:TRUP,2.0719939859863118e-07
2024-01-19,12,AR1 alpha + Basic + One-Step,NASDAQ:TRUP,0.0
2024-01-22,12,AR1 alpha + Basic + One-Step,NASDAQ:TRUP,0.0
2024-01-23,12,AR1 alpha + Basic + One-Step,NASDAQ:TRUP,0.0
2024-01-24,12,AR1 alpha + Basic + One-Step,NASDAQ:TRUP,1.0339330377278556e-07
2024-01-25,12,AR1 alpha + Basic + One-Step,NASDAQ:TRUP,1.6990230714918104e-08
2024-01-26,12,AR1 alpha + Basic + One-Step,NASDAQ:TRUP,0.0
2024-01-29,12,AR1 alpha + Basic + One-Step,NASDAQ:TRUP,0.0
2024-01-30,12,AR1 alpha + Basic + One-Step,NASDAQ:TRUP,0.0
2024-01-31,12,AR1 alpha + Basic + One-Step,NASDAQ:TRUP,6.214612933035307e-10
2024-02-01,12,AR1 alpha + Basic + One-Step,NASDAQ:TRUP,0.0
2024-02-02,12,AR1 alpha + Basic + One-Step,NASDAQ:TRUP,0.0
2024-02-05,12,AR1 alpha + Basic + One-Step,NASDAQ:TRUP,0.0
2024-02-06,12,AR1 alpha + Basic + One-Step,NASDAQ:TRUP,1.2934379318334957e-08
2024-02-07,12,AR1 alpha + Basic + One-Step,NASDAQ:TRUP,4.87824398263665e-09
2024-02-08,12,AR1 alpha + Basic + One-Step,NASDAQ:TRUP,7.157185612206802e-10
2024-02-09,12,AR1 alpha + Basic + One-Step,NASDAQ:TRUP,0.0
2024-02-12,12,AR1 alpha + Basic + One-Step,NASDAQ:TRUP,0.0
2024-02-13,12,AR1 alpha + Basic + One-Step,NASDAQ:TRUP,0.0
2024-02-14,12,AR1 alpha + Basic + One-Step,NASDAQ:TRUP,0.0
2024-02-15,12,AR1 alpha + Basic + One-Step,NASDAQ:TRUP,0.02933540512328471
2024-02-16,12,AR1 alpha + Basic + One-Step,NASDAQ:TRUP,0.0
2024-02-20,12,AR1 alpha + Basic + One-Step,NASDAQ:TRUP,0.0
2024-02-21,12,AR1 alpha + Basic + One-Step,NASDAQ:TRUP,8.678040790984168e-09
2024-02-22,12,AR1 alpha + Basic + One-Step,NASDAQ:TRUP,0.0
2024-02-23,12,AR1 alpha + Basic + One-Step,NASDAQ:TRUP,0.0
2024-02-26,12,AR1 alpha + Basic + One-Step,NASDAQ:TRUP,1.4889361185455423e-07
2024-02-27,12,AR1 alpha + Basic + One-Step,NASDAQ:TRUP,0.0
2024-02-28,12,AR1 alpha + Basic + One-Step,NASDAQ:TRUP,6.929865582644583e-08
2024-02-29,12,AR1 alpha + Basic + One-Step,NASDAQ:TRUP,0.0
2024-03-01,12,AR1 alpha + Basic + One-Step,NASDAQ:TRUP,0.0
2024-03-04,12,AR1 alpha + Basic + One-Step,NASDAQ:TRUP,0.0
2024-03-05,12,AR1 alpha + Basic + One-Step,NASDAQ:TRUP,0.0
2024-03-06,12,AR1 alpha + Basic + One-Step,NASDAQ:TRUP,0.0
2024-03-07,12,AR1 alpha + Basic + One-Step,NASDAQ:TRUP,0.0
2024-03-08,12,AR1 alpha + Basic + One-Step,NASDAQ:TRUP,0.0
2024-03-11,12,AR1 alpha + Basic + One-Step,NASDAQ:TRUP,0.0
2024-03-12,12,AR1 alpha + Basic + One-Step,NASDAQ:TRUP,0.0
2024-03-13,12,AR1 alpha + Basic + One-Step,NASDAQ:TRUP,0.0
2024-03-14,12,AR1 alpha + Basic + One-Step,NASDAQ:TRUP,4.8467836319370055e-08
2024-03-15,12,AR1 alpha + Basic + One-Step,NASDAQ:TRUP,1.866362770648859e-08
2024-03-18,12,AR1 alpha + Basic + One-Step,NASDAQ:TRUP,0.0
2024-03-19,12,AR1 alpha + Basic + One-Step,NASDAQ:TRUP,0.0
2024-03-20,12,AR1 alpha + Basic + One-Step,NASDAQ:TRUP,0.0
2024-03-21,12,AR1 alpha + Basic + One-Step,NASDAQ:TRUP,9.965604773896127e-09
2024-03-22,12,AR1 alpha + Basic + One-Step,NASDAQ:TRUP,5.778315707513142e-09
2024-03-25,12,AR1 alpha + Basic + One-Step,NASDAQ:TRUP,0.0
2024-03-26,12,AR1 alpha + Basic + One-Step,NASDAQ:TRUP,0.0
2024-03-27,12,AR1 alpha + Basic + One-Step,NASDAQ:TRUP,0.0
2024-03-28,12,AR1 alpha + Basic + One-Step,NASDAQ:TRUP,0.0
2024-04-01,12,AR1 alpha + Basic + One-Step,NASDAQ:TRUP,2.3667265542932507e-07
2024-04-02,12,AR1 alpha + Basic + One-Step,NASDAQ:TRUP,0.0
2024-04-03,12,AR1 alpha + Basic + One-Step,NASDAQ:TRUP,0.0
2024-04-04,12,AR1 alpha + Basic + One-Step,NASDAQ:TRUP,0.0
2024-04-05,12,AR1 alpha + Basic + One-Step,NASDAQ:TRUP,0.0
2024-04-08,12,AR1 alpha + Basic + One-Step,NASDAQ:TRUP,0.0
2024-04-09,12,AR1 alpha + Basic + One-Step,NASDAQ:TRUP,0.0
2024-04-10,12,AR1 alpha + Basic + One-Step,NASDAQ:TRUP,1.2749583578718435e-07
2024-04-11,12,AR1 alpha + Basic + One-Step,NASDAQ:TRUP,0.0
2024-04-12,12,AR1 alpha + Basic + One-Step,NASDAQ:TRUP,0.0
2024-04-15,12,AR1 alpha + Basic + One-Step,NASDAQ:TRUP,0.0
2024-04-16,12,AR1 alpha + Basic + One-Step,NASDAQ:TRUP,0.0
2024-04-17,12,AR1 alpha + Basic + One-Step,NASDAQ:TRUP,0.0
2024-04-18,12,AR1 alpha + Basic + One-Step,NASDAQ:TRUP,0.0
2024-04-19,12,AR1 alpha + Basic + One-Step,NASDAQ:TRUP,2.4034708439585537e-09
2020-03-25,12,AR1 alpha + Basic + One-Step,NASDAQ:OTEX,0.02
2020-03-26,12,AR1 alpha + Basic + One-Step,NASDAQ:OTEX,0.019999999999999997
2020-03-27,12,AR1 alpha + Basic + One-Step,NASDAQ:OTEX,0.0
2020-03-30,12,AR1 alpha + Basic + One-Step,NASDAQ:OTEX,0.0
2020-03-31,12,AR1 alpha + Basic + One-Step,NASDAQ:OTEX,0.0
2020-04-01,12,AR1 alpha + Basic + One-Step,NASDAQ:OTEX,0.0
2020-04-02,12,AR1 alpha + Basic + One-Step,NASDAQ:OTEX,0.0
2020-04-03,12,AR1 alpha + Basic + One-Step,NASDAQ:OTEX,2.2768226877203743e-08
2020-04-06,12,AR1 alpha + Basic + One-Step,NASDAQ:OTEX,0.0
2020-04-07,12,AR1 alpha + Basic + One-Step,NASDAQ:OTEX,4.9764030415099525e-08
2020-04-08,12,AR1 alpha + Basic + One-Step,NASDAQ:OTEX,0.0
2020-04-09,12,AR1 alpha + Basic + One-Step,NASDAQ:OTEX,0.0
2020-04-13,12,AR1 alpha + Basic + One-Step,NASDAQ:OTEX,0.0
2020-04-14,12,AR1 alpha + Basic + One-Step,NASDAQ:OTEX,0.0
2020-04-15,12,AR1 alpha + Basic + One-Step,NASDAQ:OTEX,0.0
2020-04-16,12,AR1 alpha + Basic + One-Step,NASDAQ:OTEX,0.0
2020-04-17,12,AR1 alpha + Basic + One-Step,NASDAQ:OTEX,0.0
2020-04-20,12,AR1 alpha + Basic + One-Step,NASDAQ:OTEX,0.0
2020-04-21,12,AR1 alpha + Basic + One-Step,NASDAQ:OTEX,0.09999930626341234
2020-04-22,12,AR1 alpha + Basic + One-Step,NASDAQ:OTEX,0.0
2020-04-23,12,AR1 alpha + Basic + One-Step,NASDAQ:OTEX,0.0
2020-04-24,12,AR1 alpha + Basic + One-Step,NASDAQ:OTEX,7.2328085019096775e-09
2020-04-27,12,AR1 alpha + Basic + One-Step,NASDAQ:OTEX,0.0
2020-04-28,12,AR1 alpha + Basic + One-Step,NASDAQ:OTEX,0.0
2020-04-29,12,AR1 alpha + Basic + One-Step,NASDAQ:OTEX,4.349054938438439e-07
2020-04-30,12,AR1 alpha + Basic + One-Step,NASDAQ:OTEX,0.0
2020-05-01,12,AR1 alpha + Basic + One-Step,NASDAQ:OTEX,1.9537987918486852e-08
2020-05-04,12,AR1 alpha + Basic + One-Step,NASDAQ:OTEX,0.0
2020-05-05,12,AR1 alpha + Basic + One-Step,NASDAQ:OTEX,7.28566402922994e-07
2020-05-06,12,AR1 alpha + Basic + One-Step,NASDAQ:OTEX,0.0
2020-05-07,12,AR1 alpha + Basic + One-Step,NASDAQ:OTEX,0.0
2020-05-08,12,AR1 alpha + Basic + One-Step,NASDAQ:OTEX,9.221969659946479e-08
2020-05-11,12,AR1 alpha + Basic + One-Step,NASDAQ:OTEX,0.0
2020-05-12,12,AR1 alpha + Basic + One-Step,NASDAQ:OTEX,0.0
2020-05-13,12,AR1 alpha + Basic + One-Step,NASDAQ:OTEX,0.06386816936587543
2020-05-14,12,AR1 alpha + Basic + One-Step,NASDAQ:OTEX,0.10000028239337852
2020-05-15,12,AR1 alpha + Basic + One-Step,NASDAQ:OTEX,0.0
2020-05-18,12,AR1 alpha + Basic + One-Step,NASDAQ:OTEX,0.0
2020-05-19,12,AR1 alpha + Basic + One-Step,NASDAQ:OTEX,0.0
2020-05-20,12,AR1 alpha + Basic + One-Step,NASDAQ:OTEX,0.0
2020-05-21,12,AR1 alpha + Basic + One-Step,NASDAQ:OTEX,0.0
2020-05-22,12,AR1 alpha + Basic + One-Step,NASDAQ:OTEX,1.8546193635273665e-09
2020-05-26,12,AR1 alpha + Basic + One-Step,NASDAQ:OTEX,4.911632884268275e-08
2020-05-27,12,AR1 alpha + Basic + One-Step,NASDAQ:OTEX,8.4823792902374e-07
2020-05-28,12,AR1 alpha + Basic + One-Step,NASDAQ:OTEX,0.0
2020-05-29,12,AR1 alpha + Basic + One-Step,NASDAQ:OTEX,0.0
2020-06-01,12,AR1 alpha + Basic + One-Step,NASDAQ:OTEX,0.0
2020-06-02,12,AR1 alpha + Basic + One-Step,NASDAQ:OTEX,3.905504989552105e-07
2020-06-03,12,AR1 alpha + Basic + One-Step,NASDAQ:OTEX,0.0
2020-06-04,12,AR1 alpha + Basic + One-Step,NASDAQ:OTEX,0.0
2020-06-05,12,AR1 alpha + Basic + One-Step,NASDAQ:OTEX,0.0
2020-06-08,12,AR1 alpha + Basic + One-Step,NASDAQ:OTEX,0.0
2020-06-09,12,AR1 alpha + Basic + One-Step,NASDAQ:OTEX,0.0
2020-06-10,12,AR1 alpha + Basic + One-Step,NASDAQ:OTEX,0.0
2020-06-11,12,AR1 alpha + Basic + One-Step,NASDAQ:OTEX,0.09999771403370795
2020-06-12,12,AR1 alpha + Basic + One-Step,NASDAQ:OTEX,0.09999864171729476
2020-06-15,12,AR1 alpha + Basic + One-Step,NASDAQ:OTEX,0.0999992401650512
2020-06-16,12,AR1 alpha + Basic + One-Step,NASDAQ:OTEX,0.0
2020-06-17,12,AR1 alpha + Basic + One-Step,NASDAQ:OTEX,0.02233078811917044
2020-06-18,12,AR1 alpha + Basic + One-Step,NASDAQ:OTEX,0.05640487663363636
2020-06-19,12,AR1 alpha + Basic + One-Step,NASDAQ:OTEX,0.0
2020-06-22,12,AR1 alpha + Basic + One-Step,NASDAQ:OTEX,0.0
2020-06-23,12,AR1 alpha + Basic + One-Step,NASDAQ:OTEX,0.05670735671412605
2020-06-24,12,AR1 alpha + Basic + One-Step,NASDAQ:OTEX,0.10000011325930162
2020-06-25,12,AR1 alpha + Basic + One-Step,NASDAQ:OTEX,0.09999542082408892
2020-06-26,12,AR1 alpha + Basic + One-Step,NASDAQ:OTEX,0.09999608831566412
2020-06-29,12,AR1 alpha + Basic + One-Step,NASDAQ:OTEX,0.0999917772092576
2020-06-30,12,AR1 alpha + Basic + One-Step,NASDAQ:OTEX,0.09999527668125029
2020-07-01,12,AR1 alpha + Basic + One-Step,NASDAQ:OTEX,0.09999365730985241
2020-07-02,12,AR1 alpha + Basic + One-Step,NASDAQ:OTEX,0.09999632271637045
2020-07-06,12,AR1 alpha + Basic + One-Step,NASDAQ:OTEX,0.09999486613017958
2020-07-07,12,AR1 alpha + Basic + One-Step,NASDAQ:OTEX,0.09999265033747974
2020-07-08,12,AR1 alpha + Basic + One-Step,NASDAQ:OTEX,0.0978238618787149
2020-07-09,12,AR1 alpha + Basic + One-Step,NASDAQ:OTEX,0.09999063150563901
2020-07-10,12,AR1 alpha + Basic + One-Step,NASDAQ:OTEX,0.09999428645829421
2020-07-13,12,AR1 alpha + Basic + One-Step,NASDAQ:OTEX,0.09999658200817797
2020-07-14,12,AR1 alpha + Basic + One-Step,NASDAQ:OTEX,0.09999390741504578
2020-07-15,12,AR1 alpha + Basic + One-Step,NASDAQ:OTEX,0.09473661852329555
2020-07-16,12,AR1 alpha + Basic + One-Step,NASDAQ:OTEX,0.09999398358052343
2020-07-17,12,AR1 alpha + Basic + One-Step,NASDAQ:OTEX,0.0
2020-07-20,12,AR1 alpha + Basic + One-Step,NASDAQ:OTEX,1.6287433271539497e-07
2020-07-21,12,AR1 alpha + Basic + One-Step,NASDAQ:OTEX,0.0
2020-07-22,12,AR1 alpha + Basic + One-Step,NASDAQ:OTEX,0.0
2020-07-23,12,AR1 alpha + Basic + One-Step,NASDAQ:OTEX,4.777794245655681e-09
2020-07-24,12,AR1 alpha + Basic + One-Step,NASDAQ:OTEX,1.215113018623947e-06
2020-07-27,12,AR1 alpha + Basic + One-Step,NASDAQ:OTEX,6.734067298772988e-07
2020-07-28,12,AR1 alpha + Basic + One-Step,NASDAQ:OTEX,0.09999713127997602
2020-07-29,12,AR1 alpha + Basic + One-Step,NASDAQ:OTEX,0.0
2020-07-30,12,AR1 alpha + Basic + One-Step,NASDAQ:OTEX,0.0
2020-07-31,12,AR1 alpha + Basic + One-Step,NASDAQ:OTEX,0.0
2020-08-03,12,AR1 alpha + Basic + One-Step,NASDAQ:OTEX,0.0
2020-08-04,12,AR1 alpha + Basic + One-Step,NASDAQ:OTEX,0.019753722696139772
2020-08-05,12,AR1 alpha + Basic + One-Step,NASDAQ:OTEX,0.0
2020-08-06,12,AR1 alpha + Basic + One-Step,NASDAQ:OTEX,0.0
2020-08-07,12,AR1 alpha + Basic + One-Step,NASDAQ:OTEX,0.021126579086532937
2020-08-10,12,AR1 alpha + Basic + One-Step,NASDAQ:OTEX,0.09999823047461341
2020-08-11,12,AR1 alpha + Basic + One-Step,NASDAQ:OTEX,0.09999842093279446
2020-08-12,12,AR1 alpha + Basic + One-Step,NASDAQ:OTEX,0.09999294482895135
2020-08-13,12,AR1 alpha + Basic + One-Step,NASDAQ:OTEX,0.09999068756031619
2020-08-14,12,AR1 alpha + Basic + One-Step,NASDAQ:OTEX,0.09999287014357272
2020-08-17,12,AR1 alpha + Basic + One-Step,NASDAQ:OTEX,0.09998804055060578
2020-08-18,12,AR1 alpha + Basic + One-Step,NASDAQ:OTEX,0.09997937320201891
2020-08-19,12,AR1 alpha + Basic + One-Step,NASDAQ:OTEX,0.027499915796381634
2020-08-20,12,AR1 alpha + Basic + One-Step,NASDAQ:OTEX,6.710589788872844e-07
2020-08-21,12,AR1 alpha + Basic + One-Step,NASDAQ:OTEX,2.2370620754919834e-07
2020-08-24,12,AR1 alpha + Basic + One-Step,NASDAQ:OTEX,0.0
2020-08-25,12,AR1 alpha + Basic + One-Step,NASDAQ:OTEX,0.0
2020-08-26,12,AR1 alpha + Basic + One-Step,NASDAQ:OTEX,0.0
2020-08-27,12,AR1 alpha + Basic + One-Step,NASDAQ:OTEX,0.0
2020-08-28,12,AR1 alpha + Basic + One-Step,NASDAQ:OTEX,0.0
2020-08-31,12,AR1 alpha + Basic + One-Step,NASDAQ:OTEX,0.0
2020-09-01,12,AR1 alpha + Basic + One-Step,NASDAQ:OTEX,0.0
2020-09-02,12,AR1 alpha + Basic + One-Step,NASDAQ:OTEX,0.0
2020-09-03,12,AR1 alpha + Basic + One-Step,NASDAQ:OTEX,0.09999480798381559
2020-09-04,12,AR1 alpha + Basic + One-Step,NASDAQ:OTEX,0.09999502983153441
2020-09-08,12,AR1 alpha + Basic + One-Step,NASDAQ:OTEX,0.09999325085772062
2020-09-09,12,AR1 alpha + Basic + One-Step,NASDAQ:OTEX,0.0999957306489124
2020-09-10,12,AR1 alpha + Basic + One-Step,NASDAQ:OTEX,0.09999709000440207
2020-09-11,12,AR1 alpha + Basic + One-Step,NASDAQ:OTEX,0.09999515615336216
2020-09-14,12,AR1 alpha + Basic + One-Step,NASDAQ:OTEX,0.09999678758483226
2020-09-15,12,AR1 alpha + Basic + One-Step,NASDAQ:OTEX,0.050542377001270504
2020-09-16,12,AR1 alpha + Basic + One-Step,NASDAQ:OTEX,0.09999893220817029
2020-09-17,12,AR1 alpha + Basic + One-Step,NASDAQ:OTEX,0.09999687727975132
2020-09-18,12,AR1 alpha + Basic + One-Step,NASDAQ:OTEX,0.09999036162638543
2020-09-21,12,AR1 alpha + Basic + One-Step,NASDAQ:OTEX,0.09999378192999409
2020-09-22,12,AR1 alpha + Basic + One-Step,NASDAQ:OTEX,0.0
2020-09-23,12,AR1 alpha + Basic + One-Step,NASDAQ:OTEX,0.09999997243263231
2020-09-24,12,AR1 alpha + Basic + One-Step,NASDAQ:OTEX,0.10000025702490388
2020-09-25,12,AR1 alpha + Basic + One-Step,NASDAQ:OTEX,0.0
2020-09-28,12,AR1 alpha + Basic + One-Step,NASDAQ:OTEX,0.0
2020-09-29,12,AR1 alpha + Basic + One-Step,NASDAQ:OTEX,5.112022393838657e-08
2020-09-30,12,AR1 alpha + Basic + One-Step,NASDAQ:OTEX,4.802473610844792e-08
2020-10-01,12,AR1 alpha + Basic + One-Step,NASDAQ:OTEX,0.0
2020-10-02,12,AR1 alpha + Basic + One-Step,NASDAQ:OTEX,0.0
2020-10-05,12,AR1 alpha + Basic + One-Step,NASDAQ:OTEX,2.3669626038757395e-08
2020-10-06,12,AR1 alpha + Basic + One-Step,NASDAQ:OTEX,0.09999656329317616
2020-10-07,12,AR1 alpha + Basic + One-Step,NASDAQ:OTEX,0.05217935718889067
2020-10-08,12,AR1 alpha + Basic + One-Step,NASDAQ:OTEX,0.0
2020-10-09,12,AR1 alpha + Basic + One-Step,NASDAQ:OTEX,0.0
2020-10-12,12,AR1 alpha + Basic + One-Step,NASDAQ:OTEX,0.0
2020-10-13,12,AR1 alpha + Basic + One-Step,NASDAQ:OTEX,0.0
2020-10-14,12,AR1 alpha + Basic + One-Step,NASDAQ:OTEX,0.02608156287533544
2020-10-15,12,AR1 alpha + Basic + One-Step,NASDAQ:OTEX,0.0
2020-10-16,12,AR1 alpha + Basic + One-Step,NASDAQ:OTEX,1.405466182285659e-07
2020-10-19,12,AR1 alpha + Basic + One-Step,NASDAQ:OTEX,0.0
2020-10-20,12,AR1 alpha + Basic + One-Step,NASDAQ:OTEX,0.0
2020-10-21,12,AR1 alpha + Basic + One-Step,NASDAQ:OTEX,0.0
2020-10-22,12,AR1 alpha + Basic + One-Step,NASDAQ:OTEX,0.06859859514251365
2020-10-23,12,AR1 alpha + Basic + One-Step,NASDAQ:OTEX,0.0
2020-10-26,12,AR1 alpha + Basic + One-Step,NASDAQ:OTEX,0.09999903747665188
2020-10-27,12,AR1 alpha + Basic + One-Step,NASDAQ:OTEX,0.07716439367187243
2020-10-28,12,AR1 alpha + Basic + One-Step,NASDAQ:OTEX,0.09999984260840289
2020-10-29,12,AR1 alpha + Basic + One-Step,NASDAQ:OTEX,0.09999989223685782
2020-10-30,12,AR1 alpha + Basic + One-Step,NASDAQ:OTEX,0.09999943046341551
2020-11-02,12,AR1 alpha + Basic + One-Step,NASDAQ:OTEX,0.099999029879
2020-11-03,12,AR1 alpha + Basic + One-Step,NASDAQ:OTEX,9.359679687904325e-08
2020-11-04,12,AR1 alpha + Basic + One-Step,NASDAQ:OTEX,0.0
2020-11-05,12,AR1 alpha + Basic + One-Step,NASDAQ:OTEX,0.0
2020-11-06,12,AR1 alpha + Basic + One-Step,NASDAQ:OTEX,1.7949306913850473e-07
2020-11-09,12,AR1 alpha + Basic + One-Step,NASDAQ:OTEX,0.0
2020-11-10,12,AR1 alpha + Basic + One-Step,NASDAQ:OTEX,0.0
2020-11-11,12,AR1 alpha + Basic + One-Step,NASDAQ:OTEX,0.0
2020-11-12,12,AR1 alpha + Basic + One-Step,NASDAQ:OTEX,0.0
2020-11-13,12,AR1 alpha + Basic + One-Step,NASDAQ:OTEX,0.0
2020-11-16,12,AR1 alpha + Basic + One-Step,NASDAQ:OTEX,0.0
2020-11-17,12,AR1 alpha + Basic + One-Step,NASDAQ:OTEX,0.0
2020-11-18,12,AR1 alpha + Basic + One-Step,NASDAQ:OTEX,0.0
2020-11-19,12,AR1 alpha + Basic + One-Step,NASDAQ:OTEX,5.348898788721304e-08
2020-11-20,12,AR1 alpha + Basic + One-Step,NASDAQ:OTEX,0.0
2020-11-23,12,AR1 alpha + Basic + One-Step,NASDAQ:OTEX,0.0
2020-11-24,12,AR1 alpha + Basic + One-Step,NASDAQ:OTEX,0.0
2020-11-25,12,AR1 alpha + Basic + One-Step,NASDAQ:OTEX,1.274833418464851e-07
2020-11-27,12,AR1 alpha + Basic + One-Step,NASDAQ:OTEX,0.0
2020-11-30,12,AR1 alpha + Basic + One-Step,NASDAQ:OTEX,0.0
2020-12-01,12,AR1 alpha + Basic + One-Step,NASDAQ:OTEX,0.0
2020-12-02,12,AR1 alpha + Basic + One-Step,NASDAQ:OTEX,0.0
2020-12-03,12,AR1 alpha + Basic + One-Step,NASDAQ:OTEX,0.0
2020-12-04,12,AR1 alpha + Basic + One-Step,NASDAQ:OTEX,8.040430387830983e-09
2020-12-07,12,AR1 alpha + Basic + One-Step,NASDAQ:OTEX,0.0
2020-12-08,12,AR1 alpha + Basic + One-Step,NASDAQ:OTEX,2.7288024700960095e-07
2020-12-09,12,AR1 alpha + Basic + One-Step,NASDAQ:OTEX,0.0
2020-12-10,12,AR1 alpha + Basic + One-Step,NASDAQ:OTEX,0.0
2020-12-11,12,AR1 alpha + Basic + One-Step,NASDAQ:OTEX,5.255253226049056e-07
2020-12-14,12,AR1 alpha + Basic + One-Step,NASDAQ:OTEX,8.907109006932464e-07
2020-12-15,12,AR1 alpha + Basic + One-Step,NASDAQ:OTEX,0.0
2020-12-16,12,AR1 alpha + Basic + One-Step,NASDAQ:OTEX,9.444476749802718e-09
2020-12-17,12,AR1 alpha + Basic + One-Step,NASDAQ:OTEX,0.0
2020-12-18,12,AR1 alpha + Basic + One-Step,NASDAQ:OTEX,0.0
2020-12-21,12,AR1 alpha + Basic + One-Step,NASDAQ:OTEX,2.184302342595187e-07
2020-12-22,12,AR1 alpha + Basic + One-Step,NASDAQ:OTEX,0.0
2020-12-23,12,AR1 alpha + Basic + One-Step,NASDAQ:OTEX,0.0
2020-12-24,12,AR1 alpha + Basic + One-Step,NASDAQ:OTEX,0.0
2020-12-28,12,AR1 alpha + Basic + One-Step,NASDAQ:OTEX,0.0
2020-12-29,12,AR1 alpha + Basic + One-Step,NASDAQ:OTEX,0.0
2020-12-30,12,AR1 alpha + Basic + One-Step,NASDAQ:OTEX,0.0
2020-12-31,12,AR1 alpha + Basic + One-Step,NASDAQ:OTEX,0.0
2021-01-04,12,AR1 alpha + Basic + One-Step,NASDAQ:OTEX,0.0
2021-01-05,12,AR1 alpha + Basic + One-Step,NASDAQ:OTEX,1.0535039912285713e-07
2021-01-06,12,AR1 alpha + Basic + One-Step,NASDAQ:OTEX,0.0
2021-01-07,12,AR1 alpha + Basic + One-Step,NASDAQ:OTEX,0.0
2021-01-08,12,AR1 alpha + Basic + One-Step,NASDAQ:OTEX,0.0
2021-01-11,12,AR1 alpha + Basic + One-Step,NASDAQ:OTEX,0.0
2021-01-12,12,AR1 alpha + Basic + One-Step,NASDAQ:OTEX,0.0
2021-01-13,12,AR1 alpha + Basic + One-Step,NASDAQ:OTEX,0.0
2021-01-14,12,AR1 alpha + Basic + One-Step,NASDAQ:OTEX,0.0
2021-01-15,12,AR1 alpha + Basic + One-Step,NASDAQ:OTEX,0.0
2021-01-19,12,AR1 alpha + Basic + One-Step,NASDAQ:OTEX,0.0
2021-01-20,12,AR1 alpha + Basic + One-Step,NASDAQ:OTEX,0.0
2021-01-21,12,AR1 alpha + Basic + One-Step,NASDAQ:OTEX,0.0
2021-01-22,12,AR1 alpha + Basic + One-Step,NASDAQ:OTEX,0.0
2021-01-25,12,AR1 alpha + Basic + One-Step,NASDAQ:OTEX,0.0
2021-01-26,12,AR1 alpha + Basic + One-Step,NASDAQ:OTEX,0.0
2021-01-27,12,AR1 alpha + Basic + One-Step,NASDAQ:OTEX,0.0
2021-01-28,12,AR1 alpha + Basic + One-Step,NASDAQ:OTEX,0.0
2021-01-29,12,AR1 alpha + Basic + One-Step,NASDAQ:OTEX,5.422431946834079e-09
2021-02-01,12,AR1 alpha + Basic + One-Step,NASDAQ:OTEX,3.0103029617278477e-07
2021-02-02,12,AR1 alpha + Basic + One-Step,NASDAQ:OTEX,0.0
2021-02-03,12,AR1 alpha + Basic + One-Step,NASDAQ:OTEX,0.0
2021-02-04,12,AR1 alpha + Basic + One-Step,NASDAQ:OTEX,0.0
2021-02-05,12,AR1 alpha + Basic + One-Step,NASDAQ:OTEX,0.0
2021-02-08,12,AR1 alpha + Basic + One-Step,NASDAQ:OTEX,0.0
2021-02-09,12,AR1 alpha + Basic + One-Step,NASDAQ:OTEX,0.0
2021-02-10,12,AR1 alpha + Basic + One-Step,NASDAQ:OTEX,0.0
2021-02-11,12,AR1 alpha + Basic + One-Step,NASDAQ:OTEX,0.0
2021-02-12,12,AR1 alpha + Basic + One-Step,NASDAQ:OTEX,0.0
2021-02-16,12,AR1 alpha + Basic + One-Step,NASDAQ:OTEX,0.0
2021-02-17,12,AR1 alpha + Basic + One-Step,NASDAQ:OTEX,0.0
2021-02-18,12,AR1 alpha + Basic + One-Step,NASDAQ:OTEX,0.0
2021-02-19,12,AR1 alpha + Basic + One-Step,NASDAQ:OTEX,0.0
2021-02-22,12,AR1 alpha + Basic + One-Step,NASDAQ:OTEX,1.2413326379796254e-06
2021-02-23,12,AR1 alpha + Basic + One-Step,NASDAQ:OTEX,1.8373714298807715e-07
2021-02-24,12,AR1 alpha + Basic + One-Step,NASDAQ:OTEX,0.0
2021-02-25,12,AR1 alpha + Basic + One-Step,NASDAQ:OTEX,0.0
2021-02-26,12,AR1 alpha + Basic + One-Step,NASDAQ:OTEX,0.0
2021-03-01,12,AR1 alpha + Basic + One-Step,NASDAQ:OTEX,0.0
2021-03-02,12,AR1 alpha + Basic + One-Step,NASDAQ:OTEX,0.0
2021-03-03,12,AR1 alpha + Basic + One-Step,NASDAQ:OTEX,0.0
2021-03-04,12,AR1 alpha + Basic + One-Step,NASDAQ:OTEX,0.0
2021-03-05,12,AR1 alpha + Basic + One-Step,NASDAQ:OTEX,0.0
2021-03-08,12,AR1 alpha + Basic + One-Step,NASDAQ:OTEX,0.0
2021-03-09,12,AR1 alpha + Basic + One-Step,NASDAQ:OTEX,0.0
2021-03-10,12,AR1 alpha + Basic + One-Step,NASDAQ:OTEX,0.0
2021-03-11,12,AR1 alpha + Basic + One-Step,NASDAQ:OTEX,0.0
2021-03-12,12,AR1 alpha + Basic + One-Step,NASDAQ:OTEX,0.0
2021-03-15,12,AR1 alpha + Basic + One-Step,NASDAQ:OTEX,1.0457431625872387e-09
2021-03-16,12,AR1 alpha + Basic + One-Step,NASDAQ:OTEX,0.0
2021-03-17,12,AR1 alpha + Basic + One-Step,NASDAQ:OTEX,0.0
2021-03-18,12,AR1 alpha + Basic + One-Step,NASDAQ:OTEX,0.0
2021-03-19,12,AR1 alpha + Basic + One-Step,NASDAQ:OTEX,0.0
2021-03-22,12,AR1 alpha + Basic + One-Step,NASDAQ:OTEX,0.0
2021-03-23,12,AR1 alpha + Basic + One-Step,NASDAQ:OTEX,0.0
2021-03-24,12,AR1 alpha + Basic + One-Step,NASDAQ:OTEX,2.2296060895386366e-09
2021-03-25,12,AR1 alpha + Basic + One-Step,NASDAQ:OTEX,0.0
2021-03-26,12,AR1 alpha + Basic + One-Step,NASDAQ:OTEX,0.0
2021-03-29,12,AR1 alpha + Basic + One-Step,NASDAQ:OTEX,0.0
2021-03-30,12,AR1 alpha + Basic + One-Step,NASDAQ:OTEX,1.1059002611316663e-06
2021-03-31,12,AR1 alpha + Basic + One-Step,NASDAQ:OTEX,2.79920438240554e-07
2021-04-01,12,AR1 alpha + Basic + One-Step,NASDAQ:OTEX,0.0
2021-04-05,12,AR1 alpha + Basic + One-Step,NASDAQ:OTEX,2.365619305610167e-06
2021-04-06,12,AR1 alpha + Basic + One-Step,NASDAQ:OTEX,9.835869954240147e-07
2021-04-07,12,AR1 alpha + Basic + One-Step,NASDAQ:OTEX,0.0
2021-04-08,12,AR1 alpha + Basic + One-Step,NASDAQ:OTEX,7.075045739543576e-07
2021-04-09,12,AR1 alpha + Basic + One-Step,NASDAQ:OTEX,0.0
2021-04-12,12,AR1 alpha + Basic + One-Step,NASDAQ:OTEX,5.292919197195731e-09
2021-04-13,12,AR1 alpha + Basic + One-Step,NASDAQ:OTEX,0.0
2021-04-14,12,AR1 alpha + Basic + One-Step,NASDAQ:OTEX,0.0
2021-04-15,12,AR1 alpha + Basic + One-Step,NASDAQ:OTEX,0.0
2021-04-16,12,AR1 alpha + Basic + One-Step,NASDAQ:OTEX,0.0
2021-04-19,12,AR1 alpha + Basic + One-Step,NASDAQ:OTEX,3.481096970709372e-08
2021-04-20,12,AR1 alpha + Basic + One-Step,NASDAQ:OTEX,0.0
2021-04-21,12,AR1 alpha + Basic + One-Step,NASDAQ:OTEX,0.0
2021-04-22,12,AR1 alpha + Basic + One-Step,NASDAQ:OTEX,2.9471022131757555e-07
2021-04-23,12,AR1 alpha + Basic + One-Step,NASDAQ:OTEX,0.0
2021-04-26,12,AR1 alpha + Basic + One-Step,NASDAQ:OTEX,1.0406255811341141e-07
2021-04-27,12,AR1 alpha + Basic + One-Step,NASDAQ:OTEX,1.2562484775394979e-06
2021-04-28,12,AR1 alpha + Basic + One-Step,NASDAQ:OTEX,0.0
2021-04-29,12,AR1 alpha + Basic + One-Step,NASDAQ:OTEX,0.0
2021-04-30,12,AR1 alpha + Basic + One-Step,NASDAQ:OTEX,0.0
2021-05-03,12,AR1 alpha + Basic + One-Step,NASDAQ:OTEX,0.0
2021-05-04,12,AR1 alpha + Basic + One-Step,NASDAQ:OTEX,0.0
2021-05-05,12,AR1 alpha + Basic + One-Step,NASDAQ:OTEX,0.0
2021-05-06,12,AR1 alpha + Basic + One-Step,NASDAQ:OTEX,0.0
2021-05-07,12,AR1 alpha + Basic + One-Step,NASDAQ:OTEX,0.0
2021-05-10,12,AR1 alpha + Basic + One-Step,NASDAQ:OTEX,0.0
2021-05-11,12,AR1 alpha + Basic + One-Step,NASDAQ:OTEX,0.0
2021-05-12,12,AR1 alpha + Basic + One-Step,NASDAQ:OTEX,0.0
2021-05-13,12,AR1 alpha + Basic + One-Step,NASDAQ:OTEX,2.44723400347007e-08
2021-05-14,12,AR1 alpha + Basic + One-Step,NASDAQ:OTEX,2.474699117881569e-08
2021-05-17,12,AR1 alpha + Basic + One-Step,NASDAQ:OTEX,9.526997944960411e-07
2021-05-18,12,AR1 alpha + Basic + One-Step,NASDAQ:OTEX,1.3585608478015686e-06
2021-05-19,12,AR1 alpha + Basic + One-Step,NASDAQ:OTEX,9.074650240151551e-07
2021-05-20,12,AR1 alpha + Basic + One-Step,NASDAQ:OTEX,6.243193614499634e-07
2021-05-21,12,AR1 alpha + Basic + One-Step,NASDAQ:OTEX,2.0523799440017353e-06
2021-05-24,12,AR1 alpha + Basic + One-Step,NASDAQ:OTEX,0.0
2021-05-25,12,AR1 alpha + Basic + One-Step,NASDAQ:OTEX,0.0
2021-05-26,12,AR1 alpha + Basic + One-Step,NASDAQ:OTEX,1.056361619561667e-08
2021-05-27,12,AR1 alpha + Basic + One-Step,NASDAQ:OTEX,1.24582114461331e-07
2021-05-28,12,AR1 alpha + Basic + One-Step,NASDAQ:OTEX,0.0
2021-06-01,12,AR1 alpha + Basic + One-Step,NASDAQ:OTEX,0.0
2021-06-02,12,AR1 alpha + Basic + One-Step,NASDAQ:OTEX,0.0
2021-06-03,12,AR1 alpha + Basic + One-Step,NASDAQ:OTEX,0.0
2021-06-04,12,AR1 alpha + Basic + One-Step,NASDAQ:OTEX,0.0
2021-06-07,12,AR1 alpha + Basic + One-Step,NASDAQ:OTEX,0.0
2021-06-08,12,AR1 alpha + Basic + One-Step,NASDAQ:OTEX,3.575573547324594e-09
2021-06-09,12,AR1 alpha + Basic + One-Step,NASDAQ:OTEX,1.7328553100220575e-07
2021-06-10,12,AR1 alpha + Basic + One-Step,NASDAQ:OTEX,1.725065149789434e-07
2021-06-11,12,AR1 alpha + Basic + One-Step,NASDAQ:OTEX,0.0
2021-06-14,12,AR1 alpha + Basic + One-Step,NASDAQ:OTEX,0.0
2021-06-15,12,AR1 alpha + Basic + One-Step,NASDAQ:OTEX,0.0
2021-06-16,12,AR1 alpha + Basic + One-Step,NASDAQ:OTEX,0.0
2021-06-17,12,AR1 alpha + Basic + One-Step,NASDAQ:OTEX,0.0
2021-06-18,12,AR1 alpha + Basic + One-Step,NASDAQ:OTEX,0.0
2021-06-21,12,AR1 alpha + Basic + One-Step,NASDAQ:OTEX,0.0
2021-06-22,12,AR1 alpha + Basic + One-Step,NASDAQ:OTEX,8.633433660723974e-07
2021-06-23,12,AR1 alpha + Basic + One-Step,NASDAQ:OTEX,9.573584466242224e-07
2021-06-24,12,AR1 alpha + Basic + One-Step,NASDAQ:OTEX,1.4711471175447016e-06
2021-06-25,12,AR1 alpha + Basic + One-Step,NASDAQ:OTEX,0.0
2021-06-28,12,AR1 alpha + Basic + One-Step,NASDAQ:OTEX,0.0
2021-06-29,12,AR1 alpha + Basic + One-Step,NASDAQ:OTEX,0.0
2021-06-30,12,AR1 alpha + Basic + One-Step,NASDAQ:OTEX,0.0
2021-07-01,12,AR1 alpha + Basic + One-Step,NASDAQ:OTEX,0.0
2021-07-02,12,AR1 alpha + Basic + One-Step,NASDAQ:OTEX,0.0
2021-07-06,12,AR1 alpha + Basic + One-Step,NASDAQ:OTEX,0.0
2021-07-07,12,AR1 alpha + Basic + One-Step,NASDAQ:OTEX,0.0
2021-07-08,12,AR1 alpha + Basic + One-Step,NASDAQ:OTEX,0.0
2021-07-09,12,AR1 alpha + Basic + One-Step,NASDAQ:OTEX,0.0
2021-07-12,12,AR1 alpha + Basic + One-Step,NASDAQ:OTEX,0.0
2021-07-13,12,AR1 alpha + Basic + One-Step,NASDAQ:OTEX,1.2246576260750827e-07
2021-07-14,12,AR1 alpha + Basic + One-Step,NASDAQ:OTEX,0.0
2021-07-15,12,AR1 alpha + Basic + One-Step,NASDAQ:OTEX,0.0
2021-07-16,12,AR1 alpha + Basic + One-Step,NASDAQ:OTEX,3.6403013817057825e-06
2021-07-19,12,AR1 alpha + Basic + One-Step,NASDAQ:OTEX,0.0
2021-07-20,12,AR1 alpha + Basic + One-Step,NASDAQ:OTEX,0.0
2021-07-21,12,AR1 alpha + Basic + One-Step,NASDAQ:OTEX,0.0
2021-07-22,12,AR1 alpha + Basic + One-Step,NASDAQ:OTEX,0.0
2021-07-23,12,AR1 alpha + Basic + One-Step,NASDAQ:OTEX,0.0
2021-07-26,12,AR1 alpha + Basic + One-Step,NASDAQ:OTEX,1.712621379420969e-08
2021-07-27,12,AR1 alpha + Basic + One-Step,NASDAQ:OTEX,1.5096043245181385e-06
2021-07-28,12,AR1 alpha + Basic + One-Step,NASDAQ:OTEX,0.0
2021-07-29,12,AR1 alpha + Basic + One-Step,NASDAQ:OTEX,0.0
2021-07-30,12,AR1 alpha + Basic + One-Step,NASDAQ:OTEX,0.0
2021-08-02,12,AR1 alpha + Basic + One-Step,NASDAQ:OTEX,0.0
2021-08-03,12,AR1 alpha + Basic + One-Step,NASDAQ:OTEX,0.0
2021-08-04,12,AR1 alpha + Basic + One-Step,NASDAQ:OTEX,6.678470319569178e-08
2021-08-05,12,AR1 alpha + Basic + One-Step,NASDAQ:OTEX,0.0
2021-08-06,12,AR1 alpha + Basic + One-Step,NASDAQ:OTEX,0.0
2021-08-09,12,AR1 alpha + Basic + One-Step,NASDAQ:OTEX,6.102671870163016e-07
2021-08-10,12,AR1 alpha + Basic + One-Step,NASDAQ:OTEX,3.7985106460395884e-07
2021-08-11,12,AR1 alpha + Basic + One-Step,NASDAQ:OTEX,1.1863544781363787e-06
2021-08-12,12,AR1 alpha + Basic + One-Step,NASDAQ:OTEX,0.0
2021-08-13,12,AR1 alpha + Basic + One-Step,NASDAQ:OTEX,0.0
2021-08-16,12,AR1 alpha + Basic + One-Step,NASDAQ:OTEX,0.0
2021-08-17,12,AR1 alpha + Basic + One-Step,NASDAQ:OTEX,2.1309165250201758e-07
2021-08-18,12,AR1 alpha + Basic + One-Step,NASDAQ:OTEX,0.0
2021-08-19,12,AR1 alpha + Basic + One-Step,NASDAQ:OTEX,0.0
2021-08-20,12,AR1 alpha + Basic + One-Step,NASDAQ:OTEX,0.0
2021-08-23,12,AR1 alpha + Basic + One-Step,NASDAQ:OTEX,0.0
2021-08-24,12,AR1 alpha + Basic + One-Step,NASDAQ:OTEX,3.952942480130676e-08
2021-08-25,12,AR1 alpha + Basic + One-Step,NASDAQ:OTEX,0.0
2021-08-26,12,AR1 alpha + Basic + One-Step,NASDAQ:OTEX,0.0
2021-08-27,12,AR1 alpha + Basic + One-Step,NASDAQ:OTEX,5.362527671937818e-07
2021-08-30,12,AR1 alpha + Basic + One-Step,NASDAQ:OTEX,3.8066528039048855e-07
2021-08-31,12,AR1 alpha + Basic + One-Step,NASDAQ:OTEX,0.0
2021-09-01,12,AR1 alpha + Basic + One-Step,NASDAQ:OTEX,0.0
2021-09-02,12,AR1 alpha + Basic + One-Step,NASDAQ:OTEX,0.0
2021-09-03,12,AR1 alpha + Basic + One-Step,NASDAQ:OTEX,0.0
2021-09-07,12,AR1 alpha + Basic + One-Step,NASDAQ:OTEX,0.0
2021-09-08,12,AR1 alpha + Basic + One-Step,NASDAQ:OTEX,0.0
2021-09-09,12,AR1 alpha + Basic + One-Step,NASDAQ:OTEX,1.9531376885250603e-07
2021-09-10,12,AR1 alpha + Basic + One-Step,NASDAQ:OTEX,0.0
2021-09-13,12,AR1 alpha + Basic + One-Step,NASDAQ:OTEX,0.0
2021-09-14,12,AR1 alpha + Basic + One-Step,NASDAQ:OTEX,5.977197433578587e-07
2021-09-15,12,AR1 alpha + Basic + One-Step,NASDAQ:OTEX,0.0
2021-09-16,12,AR1 alpha + Basic + One-Step,NASDAQ:OTEX,0.0
2021-09-17,12,AR1 alpha + Basic + One-Step,NASDAQ:OTEX,0.0
2021-09-20,12,AR1 alpha + Basic + One-Step,NASDAQ:OTEX,0.0
2021-09-21,12,AR1 alpha + Basic + One-Step,NASDAQ:OTEX,9.82942176591306e-08
2021-09-22,12,AR1 alpha + Basic + One-Step,NASDAQ:OTEX,0.0
2021-09-23,12,AR1 alpha + Basic + One-Step,NASDAQ:OTEX,0.0
2021-09-24,12,AR1 alpha + Basic + One-Step,NASDAQ:OTEX,0.0
2021-09-27,12,AR1 alpha + Basic + One-Step,NASDAQ:OTEX,0.0
2021-09-28,12,AR1 alpha + Basic + One-Step,NASDAQ:OTEX,0.0
2021-09-29,12,AR1 alpha + Basic + One-Step,NASDAQ:OTEX,0.0
2021-09-30,12,AR1 alpha + Basic + One-Step,NASDAQ:OTEX,0.0
2021-10-01,12,AR1 alpha + Basic + One-Step,NASDAQ:OTEX,0.0
2021-10-04,12,AR1 alpha + Basic + One-Step,NASDAQ:OTEX,0.0
2021-10-05,12,AR1 alpha + Basic + One-Step,NASDAQ:OTEX,0.0
2021-10-06,12,AR1 alpha + Basic + One-Step,NASDAQ:OTEX,0.0
2021-10-07,12,AR1 alpha + Basic + One-Step,NASDAQ:OTEX,0.0
2021-10-08,12,AR1 alpha + Basic + One-Step,NASDAQ:OTEX,0.0
2021-10-11,12,AR1 alpha + Basic + One-Step,NASDAQ:OTEX,0.0
2021-10-12,12,AR1 alpha + Basic + One-Step,NASDAQ:OTEX,0.0
2021-10-13,12,AR1 alpha + Basic + One-Step,NASDAQ:OTEX,0.0
2021-10-14,12,AR1 alpha + Basic + One-Step,NASDAQ:OTEX,0.0
2021-10-15,12,AR1 alpha + Basic + One-Step,NASDAQ:OTEX,0.0
2021-10-18,12,AR1 alpha + Basic + One-Step,NASDAQ:OTEX,0.0
2021-10-19,12,AR1 alpha + Basic + One-Step,NASDAQ:OTEX,8.467599832960871e-08
2021-10-20,12,AR1 alpha + Basic + One-Step,NASDAQ:OTEX,0.0
2021-10-21,12,AR1 alpha + Basic + One-Step,NASDAQ:OTEX,0.0
2021-10-22,12,AR1 alpha + Basic + One-Step,NASDAQ:OTEX,0.0
2021-10-25,12,AR1 alpha + Basic + One-Step,NASDAQ:OTEX,0.0
2021-10-26,12,AR1 alpha + Basic + One-Step,NASDAQ:OTEX,0.0
2021-10-27,12,AR1 alpha + Basic + One-Step,NASDAQ:OTEX,0.0
2021-10-28,12,AR1 alpha + Basic + One-Step,NASDAQ:OTEX,0.0
2021-10-29,12,AR1 alpha + Basic + One-Step,NASDAQ:OTEX,0.0
2021-11-01,12,AR1 alpha + Basic + One-Step,NASDAQ:OTEX,2.9741915956292464e-07
2021-11-02,12,AR1 alpha + Basic + One-Step,NASDAQ:OTEX,0.0
2021-11-03,12,AR1 alpha + Basic + One-Step,NASDAQ:OTEX,0.0
2021-11-04,12,AR1 alpha + Basic + One-Step,NASDAQ:OTEX,0.0
2021-11-05,12,AR1 alpha + Basic + One-Step,NASDAQ:OTEX,1.0996146709485018e-09
2021-11-08,12,AR1 alpha + Basic + One-Step,NASDAQ:OTEX,0.0
2021-11-09,12,AR1 alpha + Basic + One-Step,NASDAQ:OTEX,0.0
2021-11-10,12,AR1 alpha + Basic + One-Step,NASDAQ:OTEX,5.9186088298421694e-09
2021-11-11,12,AR1 alpha + Basic + One-Step,NASDAQ:OTEX,0.0
2021-11-12,12,AR1 alpha + Basic + One-Step,NASDAQ:OTEX,0.0
2021-11-15,12,AR1 alpha + Basic + One-Step,NASDAQ:OTEX,0.0
2021-11-16,12,AR1 alpha + Basic + One-Step,NASDAQ:OTEX,0.0
2021-11-17,12,AR1 alpha + Basic + One-Step,NASDAQ:OTEX,0.0
2021-11-18,12,AR1 alpha + Basic + One-Step,NASDAQ:OTEX,0.0
2021-11-19,12,AR1 alpha + Basic + One-Step,NASDAQ:OTEX,0.0
2021-11-22,12,AR1 alpha + Basic + One-Step,NASDAQ:OTEX,0.0
2021-11-23,12,AR1 alpha + Basic + One-Step,NASDAQ:OTEX,0.0
2021-11-24,12,AR1 alpha + Basic + One-Step,NASDAQ:OTEX,0.0
2021-11-26,12,AR1 alpha + Basic + One-Step,NASDAQ:OTEX,0.0
2021-11-29,12,AR1 alpha + Basic + One-Step,NASDAQ:OTEX,0.0
2021-11-30,12,AR1 alpha + Basic + One-Step,NASDAQ:OTEX,0.0
2021-12-01,12,AR1 alpha + Basic + One-Step,NASDAQ:OTEX,0.0
2021-12-02,12,AR1 alpha + Basic + One-Step,NASDAQ:OTEX,0.0
2021-12-03,12,AR1 alpha + Basic + One-Step,NASDAQ:OTEX,0.0
2021-12-06,12,AR1 alpha + Basic + One-Step,NASDAQ:OTEX,0.0
2021-12-07,12,AR1 alpha + Basic + One-Step,NASDAQ:OTEX,0.0
2021-12-08,12,AR1 alpha + Basic + One-Step,NASDAQ:OTEX,0.0
2021-12-09,12,AR1 alpha + Basic + One-Step,NASDAQ:OTEX,0.0
2021-12-10,12,AR1 alpha + Basic + One-Step,NASDAQ:OTEX,0.0
2021-12-13,12,AR1 alpha + Basic + One-Step,NASDAQ:OTEX,0.0
2021-12-14,12,AR1 alpha + Basic + One-Step,NASDAQ:OTEX,0.0
2021-12-15,12,AR1 alpha + Basic + One-Step,NASDAQ:OTEX,0.0
2021-12-16,12,AR1 alpha + Basic + One-Step,NASDAQ:OTEX,0.0
2021-12-17,12,AR1 alpha + Basic + One-Step,NASDAQ:OTEX,0.0
2021-12-20,12,AR1 alpha + Basic + One-Step,NASDAQ:OTEX,0.0
2021-12-21,12,AR1 alpha + Basic + One-Step,NASDAQ:OTEX,0.0
2021-12-22,12,AR1 alpha + Basic + One-Step,NASDAQ:OTEX,2.1753718786422829e-07
2021-12-23,12,AR1 alpha + Basic + One-Step,NASDAQ:OTEX,0.0
2021-12-27,12,AR1 alpha + Basic + One-Step,NASDAQ:OTEX,0.0
2021-12-28,12,AR1 alpha + Basic + One-Step,NASDAQ:OTEX,0.0
2021-12-29,12,AR1 alpha + Basic + One-Step,NASDAQ:OTEX,0.0
2021-12-30,12,AR1 alpha + Basic + One-Step,NASDAQ:OTEX,8.015102756126674e-07
2021-12-31,12,AR1 alpha + Basic + One-Step,NASDAQ:OTEX,3.425497375349427e-07
2022-01-03,12,AR1 alpha + Basic + One-Step,NASDAQ:OTEX,1.9328549293181524e-07
2022-01-04,12,AR1 alpha + Basic + One-Step,NASDAQ:OTEX,0.0
2022-01-05,12,AR1 alpha + Basic + One-Step,NASDAQ:OTEX,0.0
2022-01-06,12,AR1 alpha + Basic + One-Step,NASDAQ:OTEX,0.0
2022-01-07,12,AR1 alpha + Basic + One-Step,NASDAQ:OTEX,6.335775350743022e-08
2022-01-10,12,AR1 alpha + Basic + One-Step,NASDAQ:OTEX,0.0
2022-01-11,12,AR1 alpha + Basic + One-Step,NASDAQ:OTEX,0.0
2022-01-12,12,AR1 alpha + Basic + One-Step,NASDAQ:OTEX,0.0
2022-01-13,12,AR1 alpha + Basic + One-Step,NASDAQ:OTEX,1.807606054972607e-06
2022-01-14,12,AR1 alpha + Basic + One-Step,NASDAQ:OTEX,0.0
2022-01-18,12,AR1 alpha + Basic + One-Step,NASDAQ:OTEX,0.0
2022-01-19,12,AR1 alpha + Basic + One-Step,NASDAQ:OTEX,0.0
2022-01-20,12,AR1 alpha + Basic + One-Step,NASDAQ:OTEX,0.0
2022-01-21,12,AR1 alpha + Basic + One-Step,NASDAQ:OTEX,3.580052784128325e-07
2022-01-24,12,AR1 alpha + Basic + One-Step,NASDAQ:OTEX,0.0
2022-01-25,12,AR1 alpha + Basic + One-Step,NASDAQ:OTEX,0.0
2022-01-26,12,AR1 alpha + Basic + One-Step,NASDAQ:OTEX,4.450862441818226e-08
2022-01-27,12,AR1 alpha + Basic + One-Step,NASDAQ:OTEX,0.0
2022-01-28,12,AR1 alpha + Basic + One-Step,NASDAQ:OTEX,0.0
2022-01-31,12,AR1 alpha + Basic + One-Step,NASDAQ:OTEX,0.0
2022-02-01,12,AR1 alpha + Basic + One-Step,NASDAQ:OTEX,0.0
2022-02-02,12,AR1 alpha + Basic + One-Step,NASDAQ:OTEX,0.0
2022-02-03,12,AR1 alpha + Basic + One-Step,NASDAQ:OTEX,0.0
2022-02-04,12,AR1 alpha + Basic + One-Step,NASDAQ:OTEX,1.1254206305936911e-07
2022-02-07,12,AR1 alpha + Basic + One-Step,NASDAQ:OTEX,1.4788439557567126e-07
2022-02-08,12,AR1 alpha + Basic + One-Step,NASDAQ:OTEX,0.0
2022-02-09,12,AR1 alpha + Basic + One-Step,NASDAQ:OTEX,0.0
2022-02-10,12,AR1 alpha + Basic + One-Step,NASDAQ:OTEX,0.0
2022-02-11,12,AR1 alpha + Basic + One-Step,NASDAQ:OTEX,5.7397295296207824e-08
2022-02-14,12,AR1 alpha + Basic + One-Step,NASDAQ:OTEX,0.0
2022-02-15,12,AR1 alpha + Basic + One-Step,NASDAQ:OTEX,0.0
2022-02-16,12,AR1 alpha + Basic + One-Step,NASDAQ:OTEX,0.0
2022-02-17,12,AR1 alpha + Basic + One-Step,NASDAQ:OTEX,0.0
2022-02-18,12,AR1 alpha + Basic + One-Step,NASDAQ:OTEX,2.9943950788603394e-07
2022-02-22,12,AR1 alpha + Basic + One-Step,NASDAQ:OTEX,2.166635810321919e-07
2022-02-23,12,AR1 alpha + Basic + One-Step,NASDAQ:OTEX,0.0
2022-02-24,12,AR1 alpha + Basic + One-Step,NASDAQ:OTEX,0.0
2022-02-25,12,AR1 alpha + Basic + One-Step,NASDAQ:OTEX,1.6275411124464315e-08
2022-02-28,12,AR1 alpha + Basic + One-Step,NASDAQ:OTEX,0.0
2022-03-01,12,AR1 alpha + Basic + One-Step,NASDAQ:OTEX,3.734129227447424e-08
2022-03-02,12,AR1 alpha + Basic + One-Step,NASDAQ:OTEX,2.246800849096799e-09
2022-03-03,12,AR1 alpha + Basic + One-Step,NASDAQ:OTEX,0.0
2022-03-04,12,AR1 alpha + Basic + One-Step,NASDAQ:OTEX,0.0
2022-03-07,12,AR1 alpha + Basic + One-Step,NASDAQ:OTEX,2.5434602848833913e-09
2022-03-08,12,AR1 alpha + Basic + One-Step,NASDAQ:OTEX,1.367801490109063e-06
2022-03-09,12,AR1 alpha + Basic + One-Step,NASDAQ:OTEX,1.9445509908311624e-07
2022-03-10,12,AR1 alpha + Basic + One-Step,NASDAQ:OTEX,0.0
2022-03-11,12,AR1 alpha + Basic + One-Step,NASDAQ:OTEX,2.387391226604813e-07
2022-03-14,12,AR1 alpha + Basic + One-Step,NASDAQ:OTEX,0.0
2022-03-15,12,AR1 alpha + Basic + One-Step,NASDAQ:OTEX,0.0
2022-03-16,12,AR1 alpha + Basic + One-Step,NASDAQ:OTEX,0.0
2022-03-17,12,AR1 alpha + Basic + One-Step,NASDAQ:OTEX,0.0
2022-03-18,12,AR1 alpha + Basic + One-Step,NASDAQ:OTEX,0.0
2022-03-21,12,AR1 alpha + Basic + One-Step,NASDAQ:OTEX,0.0
2022-03-22,12,AR1 alpha + Basic + One-Step,NASDAQ:OTEX,0.0
2022-03-23,12,AR1 alpha + Basic + One-Step,NASDAQ:OTEX,0.0
2022-03-24,12,AR1 alpha + Basic + One-Step,NASDAQ:OTEX,6.968163415626167e-08
2022-03-25,12,AR1 alpha + Basic + One-Step,NASDAQ:OTEX,0.0
2022-03-28,12,AR1 alpha + Basic + One-Step,NASDAQ:OTEX,0.0
2022-03-29,12,AR1 alpha + Basic + One-Step,NASDAQ:OTEX,0.0
2022-03-30,12,AR1 alpha + Basic + One-Step,NASDAQ:OTEX,0.0
2022-03-31,12,AR1 alpha + Basic + One-Step,NASDAQ:OTEX,0.0
2022-04-01,12,AR1 alpha + Basic + One-Step,NASDAQ:OTEX,0.0
2022-04-04,12,AR1 alpha + Basic + One-Step,NASDAQ:OTEX,0.0
2022-04-05,12,AR1 alpha + Basic + One-Step,NASDAQ:OTEX,0.0
2022-04-06,12,AR1 alpha + Basic + One-Step,NASDAQ:OTEX,0.0
2022-04-07,12,AR1 alpha + Basic + One-Step,NASDAQ:OTEX,1.2192369222430375e-09
2022-04-08,12,AR1 alpha + Basic + One-Step,NASDAQ:OTEX,0.0
2022-04-11,12,AR1 alpha + Basic + One-Step,NASDAQ:OTEX,0.0
2022-04-12,12,AR1 alpha + Basic + One-Step,NASDAQ:OTEX,0.0
2022-04-13,12,AR1 alpha + Basic + One-Step,NASDAQ:OTEX,3.6974325969620697e-07
2022-04-14,12,AR1 alpha + Basic + One-Step,NASDAQ:OTEX,0.0
2022-04-18,12,AR1 alpha + Basic + One-Step,NASDAQ:OTEX,0.0
2022-04-19,12,AR1 alpha + Basic + One-Step,NASDAQ:OTEX,0.0
2022-04-20,12,AR1 alpha + Basic + One-Step,NASDAQ:OTEX,1.1959525936381978e-07
2022-04-21,12,AR1 alpha + Basic + One-Step,NASDAQ:OTEX,0.0
2022-04-22,12,AR1 alpha + Basic + One-Step,NASDAQ:OTEX,0.0
2022-04-25,12,AR1 alpha + Basic + One-Step,NASDAQ:OTEX,0.0
2022-04-26,12,AR1 alpha + Basic + One-Step,NASDAQ:OTEX,0.0
2022-04-27,12,AR1 alpha + Basic + One-Step,NASDAQ:OTEX,0.0
2022-04-28,12,AR1 alpha + Basic + One-Step,NASDAQ:OTEX,0.0
2022-04-29,12,AR1 alpha + Basic + One-Step,NASDAQ:OTEX,0.0
2022-05-02,12,AR1 alpha + Basic + One-Step,NASDAQ:OTEX,0.0
2022-05-03,12,AR1 alpha + Basic + One-Step,NASDAQ:OTEX,0.0
2022-05-04,12,AR1 alpha + Basic + One-Step,NASDAQ:OTEX,5.599110695180936e-07
2022-05-05,12,AR1 alpha + Basic + One-Step,NASDAQ:OTEX,0.0
2022-05-06,12,AR1 alpha + Basic + One-Step,NASDAQ:OTEX,1.3498202769749877e-09
2022-05-09,12,AR1 alpha + Basic + One-Step,NASDAQ:OTEX,0.0
2022-05-10,12,AR1 alpha + Basic + One-Step,NASDAQ:OTEX,0.0
2022-05-11,12,AR1 alpha + Basic + One-Step,NASDAQ:OTEX,0.0
2022-05-12,12,AR1 alpha + Basic + One-Step,NASDAQ:OTEX,0.0
2022-05-13,12,AR1 alpha + Basic + One-Step,NASDAQ:OTEX,0.0
2022-05-16,12,AR1 alpha + Basic + One-Step,NASDAQ:OTEX,5.753317981610894e-07
2022-05-17,12,AR1 alpha + Basic + One-Step,NASDAQ:OTEX,1.3856772031520975e-07
2022-05-18,12,AR1 alpha + Basic + One-Step,NASDAQ:OTEX,6.057232571616889e-07
2022-05-19,12,AR1 alpha + Basic + One-Step,NASDAQ:OTEX,0.0
2022-05-20,12,AR1 alpha + Basic + One-Step,NASDAQ:OTEX,0.0
2022-05-23,12,AR1 alpha + Basic + One-Step,NASDAQ:OTEX,3.253318866070411e-07
2022-05-24,12,AR1 alpha + Basic + One-Step,NASDAQ:OTEX,0.0
2022-05-25,12,AR1 alpha + Basic + One-Step,NASDAQ:OTEX,1.7285298690661673e-07
2022-05-26,12,AR1 alpha + Basic + One-Step,NASDAQ:OTEX,0.0
2022-05-27,12,AR1 alpha + Basic + One-Step,NASDAQ:OTEX,7.552366275144215e-09
2022-05-31,12,AR1 alpha + Basic + One-Step,NASDAQ:OTEX,0.0
2022-06-01,12,AR1 alpha + Basic + One-Step,NASDAQ:OTEX,0.0
2022-06-02,12,AR1 alpha + Basic + One-Step,NASDAQ:OTEX,0.0
2022-06-03,12,AR1 alpha + Basic + One-Step,NASDAQ:OTEX,0.0
2022-06-06,12,AR1 alpha + Basic + One-Step,NASDAQ:OTEX,0.0
2022-06-07,12,AR1 alpha + Basic + One-Step,NASDAQ:OTEX,0.0
2022-06-08,12,AR1 alpha + Basic + One-Step,NASDAQ:OTEX,2.2333309538009667e-07
2022-06-09,12,AR1 alpha + Basic + One-Step,NASDAQ:OTEX,0.0
2022-06-10,12,AR1 alpha + Basic + One-Step,NASDAQ:OTEX,8.592439243397998e-08
2022-06-13,12,AR1 alpha + Basic + One-Step,NASDAQ:OTEX,3.445534326635136e-07
2022-06-14,12,AR1 alpha + Basic + One-Step,NASDAQ:OTEX,2.419395907023152e-07
2022-06-15,12,AR1 alpha + Basic + One-Step,NASDAQ:OTEX,0.0
2022-06-16,12,AR1 alpha + Basic + One-Step,NASDAQ:OTEX,0.0
2022-06-17,12,AR1 alpha + Basic + One-Step,NASDAQ:OTEX,0.0
2022-06-21,12,AR1 alpha + Basic + One-Step,NASDAQ:OTEX,1.2277833613354484e-06
2022-06-22,12,AR1 alpha + Basic + One-Step,NASDAQ:OTEX,7.94522845138394e-07
2022-06-23,12,AR1 alpha + Basic + One-Step,NASDAQ:OTEX,0.0
2022-06-24,12,AR1 alpha + Basic + One-Step,NASDAQ:OTEX,0.0
2022-06-27,12,AR1 alpha + Basic + One-Step,NASDAQ:OTEX,0.0
2022-06-28,12,AR1 alpha + Basic + One-Step,NASDAQ:OTEX,0.0
2022-06-29,12,AR1 alpha + Basic + One-Step,NASDAQ:OTEX,0.0
2022-06-30,12,AR1 alpha + Basic + One-Step,NASDAQ:OTEX,0.0
2022-07-01,12,AR1 alpha + Basic + One-Step,NASDAQ:OTEX,0.0
2022-07-05,12,AR1 alpha + Basic + One-Step,NASDAQ:OTEX,0.0
2022-07-06,12,AR1 alpha + Basic + One-Step,NASDAQ:OTEX,0.0
2022-07-07,12,AR1 alpha + Basic + One-Step,NASDAQ:OTEX,0.0
2022-07-08,12,AR1 alpha + Basic + One-Step,NASDAQ:OTEX,0.0
2022-07-11,12,AR1 alpha + Basic + One-Step,NASDAQ:OTEX,0.0
2022-07-12,12,AR1 alpha + Basic + One-Step,NASDAQ:OTEX,4.00375874701878e-07
2022-07-13,12,AR1 alpha + Basic + One-Step,NASDAQ:OTEX,6.80973293541732e-07
2022-07-14,12,AR1 alpha + Basic + One-Step,NASDAQ:OTEX,0.0
2022-07-15,12,AR1 alpha + Basic + One-Step,NASDAQ:OTEX,0.0
2022-07-18,12,AR1 alpha + Basic + One-Step,NASDAQ:OTEX,3.255468963067351e-09
2022-07-19,12,AR1 alpha + Basic + One-Step,NASDAQ:OTEX,0.0
2022-07-20,12,AR1 alpha + Basic + One-Step,NASDAQ:OTEX,0.0
2022-07-21,12,AR1 alpha + Basic + One-Step,NASDAQ:OTEX,3.4333281140718365e-08
2022-07-22,12,AR1 alpha + Basic + One-Step,NASDAQ:OTEX,0.0
2022-07-25,12,AR1 alpha + Basic + One-Step,NASDAQ:OTEX,0.0
2022-07-26,12,AR1 alpha + Basic + One-Step,NASDAQ:OTEX,0.0
2022-07-27,12,AR1 alpha + Basic + One-Step,NASDAQ:OTEX,0.0
2022-07-28,12,AR1 alpha + Basic + One-Step,NASDAQ:OTEX,0.0
2022-07-29,12,AR1 alpha + Basic + One-Step,NASDAQ:OTEX,0.0
2022-08-01,12,AR1 alpha + Basic + One-Step,NASDAQ:OTEX,0.0
2022-08-02,12,AR1 alpha + Basic + One-Step,NASDAQ:OTEX,0.0
2022-08-03,12,AR1 alpha + Basic + One-Step,NASDAQ:OTEX,0.0
2022-08-04,12,AR1 alpha + Basic + One-Step,NASDAQ:OTEX,0.0
2022-08-05,12,AR1 alpha + Basic + One-Step,NASDAQ:OTEX,0.0
2022-08-08,12,AR1 alpha + Basic + One-Step,NASDAQ:OTEX,0.0
2022-08-09,12,AR1 alpha + Basic + One-Step,NASDAQ:OTEX,0.0
2022-08-10,12,AR1 alpha + Basic + One-Step,NASDAQ:OTEX,0.0
2022-08-11,12,AR1 alpha + Basic + One-Step,NASDAQ:OTEX,0.0
2022-08-12,12,AR1 alpha + Basic + One-Step,NASDAQ:OTEX,0.0
2022-08-15,12,AR1 alpha + Basic + One-Step,NASDAQ:OTEX,0.0
2022-08-16,12,AR1 alpha + Basic + One-Step,NASDAQ:OTEX,0.0
2022-08-17,12,AR1 alpha + Basic + One-Step,NASDAQ:OTEX,0.0
2022-08-18,12,AR1 alpha + Basic + One-Step,NASDAQ:OTEX,0.0
2022-08-19,12,AR1 alpha + Basic + One-Step,NASDAQ:OTEX,0.0
2022-08-22,12,AR1 alpha + Basic + One-Step,NASDAQ:OTEX,0.0
2022-08-23,12,AR1 alpha + Basic + One-Step,NASDAQ:OTEX,0.0
2022-08-24,12,AR1 alpha + Basic + One-Step,NASDAQ:OTEX,1.8043186157031312e-07
2022-08-25,12,AR1 alpha + Basic + One-Step,NASDAQ:OTEX,0.0
2022-08-26,12,AR1 alpha + Basic + One-Step,NASDAQ:OTEX,0.0
2022-08-29,12,AR1 alpha + Basic + One-Step,NASDAQ:OTEX,0.0
2022-08-30,12,AR1 alpha + Basic + One-Step,NASDAQ:OTEX,0.0
2022-08-31,12,AR1 alpha + Basic + One-Step,NASDAQ:OTEX,0.0
2022-09-01,12,AR1 alpha + Basic + One-Step,NASDAQ:OTEX,0.0
2022-09-02,12,AR1 alpha + Basic + One-Step,NASDAQ:OTEX,0.0
2022-09-06,12,AR1 alpha + Basic + One-Step,NASDAQ:OTEX,0.0
2022-09-07,12,AR1 alpha + Basic + One-Step,NASDAQ:OTEX,0.0
2022-09-08,12,AR1 alpha + Basic + One-Step,NASDAQ:OTEX,5.684357797048761e-07
2022-09-09,12,AR1 alpha + Basic + One-Step,NASDAQ:OTEX,0.0
2022-09-12,12,AR1 alpha + Basic + One-Step,NASDAQ:OTEX,0.0
2022-09-13,12,AR1 alpha + Basic + One-Step,NASDAQ:OTEX,0.0
2022-09-14,12,AR1 alpha + Basic + One-Step,NASDAQ:OTEX,1.369506602424071e-07
2022-09-15,12,AR1 alpha + Basic + One-Step,NASDAQ:OTEX,0.0
2022-09-16,12,AR1 alpha + Basic + One-Step,NASDAQ:OTEX,5.965514526993723e-08
2022-09-19,12,AR1 alpha + Basic + One-Step,NASDAQ:OTEX,0.0
2022-09-20,12,AR1 alpha + Basic + One-Step,NASDAQ:OTEX,3.7562848603619496e-08
2022-09-21,12,AR1 alpha + Basic + One-Step,NASDAQ:OTEX,0.0
2022-09-22,12,AR1 alpha + Basic + One-Step,NASDAQ:OTEX,0.0
2022-09-23,12,AR1 alpha + Basic + One-Step,NASDAQ:OTEX,0.0
2022-09-26,12,AR1 alpha + Basic + One-Step,NASDAQ:OTEX,5.087166498906966e-09
2022-09-27,12,AR1 alpha + Basic + One-Step,NASDAQ:OTEX,0.0
2022-09-28,12,AR1 alpha + Basic + One-Step,NASDAQ:OTEX,0.0
2022-09-29,12,AR1 alpha + Basic + One-Step,NASDAQ:OTEX,0.0
2022-09-30,12,AR1 alpha + Basic + One-Step,NASDAQ:OTEX,0.0
2022-10-03,12,AR1 alpha + Basic + One-Step,NASDAQ:OTEX,0.0
2022-10-04,12,AR1 alpha + Basic + One-Step,NASDAQ:OTEX,0.0
2022-10-05,12,AR1 alpha + Basic + One-Step,NASDAQ:OTEX,5.9204393898930995e-08
2022-10-06,12,AR1 alpha + Basic + One-Step,NASDAQ:OTEX,0.0
2022-10-07,12,AR1 alpha + Basic + One-Step,NASDAQ:OTEX,0.0
2022-10-10,12,AR1 alpha + Basic + One-Step,NASDAQ:OTEX,0.0
2022-10-11,12,AR1 alpha + Basic + One-Step,NASDAQ:OTEX,3.745196028276698e-07
2022-10-12,12,AR1 alpha + Basic + One-Step,NASDAQ:OTEX,2.115245841773155e-07
2022-10-13,12,AR1 alpha + Basic + One-Step,NASDAQ:OTEX,1.2582015482776393e-07
2022-10-14,12,AR1 alpha + Basic + One-Step,NASDAQ:OTEX,2.6063648635252235e-07
2022-10-17,12,AR1 alpha + Basic + One-Step,NASDAQ:OTEX,0.0
2022-10-18,12,AR1 alpha + Basic + One-Step,NASDAQ:OTEX,0.0
2022-10-19,12,AR1 alpha + Basic + One-Step,NASDAQ:OTEX,6.371648476139583e-09
2022-10-20,12,AR1 alpha + Basic + One-Step,NASDAQ:OTEX,0.0
2022-10-21,12,AR1 alpha + Basic + One-Step,NASDAQ:OTEX,3.803430847459018e-08
2022-10-24,12,AR1 alpha + Basic + One-Step,NASDAQ:OTEX,0.0
2022-10-25,12,AR1 alpha + Basic + One-Step,NASDAQ:OTEX,0.0
2022-10-26,12,AR1 alpha + Basic + One-Step,NASDAQ:OTEX,0.0
2022-10-27,12,AR1 alpha + Basic + One-Step,NASDAQ:OTEX,0.0
2022-10-28,12,AR1 alpha + Basic + One-Step,NASDAQ:OTEX,0.0
2022-10-31,12,AR1 alpha + Basic + One-Step,NASDAQ:OTEX,0.0
2022-11-01,12,AR1 alpha + Basic + One-Step,NASDAQ:OTEX,0.0
2022-11-02,12,AR1 alpha + Basic + One-Step,NASDAQ:OTEX,5.188889214759039e-07
2022-11-03,12,AR1 alpha + Basic + One-Step,NASDAQ:OTEX,1.3076398416859986e-06
2022-11-04,12,AR1 alpha + Basic + One-Step,NASDAQ:OTEX,9.263468267491126e-07
2022-11-07,12,AR1 alpha + Basic + One-Step,NASDAQ:OTEX,2.1038028111490383e-07
2022-11-08,12,AR1 alpha + Basic + One-Step,NASDAQ:OTEX,0.0
2022-11-09,12,AR1 alpha + Basic + One-Step,NASDAQ:OTEX,0.0
2022-11-10,12,AR1 alpha + Basic + One-Step,NASDAQ:OTEX,0.0
2022-11-11,12,AR1 alpha + Basic + One-Step,NASDAQ:OTEX,1.6628732405252112e-07
2022-11-14,12,AR1 alpha + Basic + One-Step,NASDAQ:OTEX,0.0
2022-11-15,12,AR1 alpha + Basic + One-Step,NASDAQ:OTEX,0.0
2022-11-16,12,AR1 alpha + Basic + One-Step,NASDAQ:OTEX,0.0
2022-11-17,12,AR1 alpha + Basic + One-Step,NASDAQ:OTEX,0.0
2022-11-18,12,AR1 alpha + Basic + One-Step,NASDAQ:OTEX,4.185888877353425e-07
2022-11-21,12,AR1 alpha + Basic + One-Step,NASDAQ:OTEX,5.694887596810026e-07
2022-11-22,12,AR1 alpha + Basic + One-Step,NASDAQ:OTEX,1.4023751289453256e-07
2022-11-23,12,AR1 alpha + Basic + One-Step,NASDAQ:OTEX,0.0
2022-11-25,12,AR1 alpha + Basic + One-Step,NASDAQ:OTEX,0.0
2022-11-28,12,AR1 alpha + Basic + One-Step,NASDAQ:OTEX,2.5126990875625892e-08
2022-11-29,12,AR1 alpha + Basic + One-Step,NASDAQ:OTEX,0.0
2022-11-30,12,AR1 alpha + Basic + One-Step,NASDAQ:OTEX,1.78411907171746e-08
2022-12-01,12,AR1 alpha + Basic + One-Step,NASDAQ:OTEX,0.0
2022-12-02,12,AR1 alpha + Basic + One-Step,NASDAQ:OTEX,0.0
2022-12-05,12,AR1 alpha + Basic + One-Step,NASDAQ:OTEX,0.0
2022-12-06,12,AR1 alpha + Basic + One-Step,NASDAQ:OTEX,0.0
2022-12-07,12,AR1 alpha + Basic + One-Step,NASDAQ:OTEX,0.0
2022-12-08,12,AR1 alpha + Basic + One-Step,NASDAQ:OTEX,0.0
2022-12-09,12,AR1 alpha + Basic + One-Step,NASDAQ:OTEX,0.0
2022-12-12,12,AR1 alpha + Basic + One-Step,NASDAQ:OTEX,2.3193506797090012e-08
2022-12-13,12,AR1 alpha + Basic + One-Step,NASDAQ:OTEX,5.610255109011176e-07
2022-12-14,12,AR1 alpha + Basic + One-Step,NASDAQ:OTEX,2.131310784535156e-07
2022-12-15,12,AR1 alpha + Basic + One-Step,NASDAQ:OTEX,0.0
2022-12-16,12,AR1 alpha + Basic + One-Step,NASDAQ:OTEX,0.0
2022-12-19,12,AR1 alpha + Basic + One-Step,NASDAQ:OTEX,0.0
2022-12-20,12,AR1 alpha + Basic + One-Step,NASDAQ:OTEX,0.0
2022-12-21,12,AR1 alpha + Basic + One-Step,NASDAQ:OTEX,0.0
2022-12-22,12,AR1 alpha + Basic + One-Step,NASDAQ:OTEX,0.0
2022-12-23,12,AR1 alpha + Basic + One-Step,NASDAQ:OTEX,0.0
2022-12-27,12,AR1 alpha + Basic + One-Step,NASDAQ:OTEX,2.6200772263374957e-07
2022-12-28,12,AR1 alpha + Basic + One-Step,NASDAQ:OTEX,0.0
2022-12-29,12,AR1 alpha + Basic + One-Step,NASDAQ:OTEX,2.998317458562058e-08
2022-12-30,12,AR1 alpha + Basic + One-Step,NASDAQ:OTEX,0.0
2023-01-03,12,AR1 alpha + Basic + One-Step,NASDAQ:OTEX,1.7731843426913425e-07
2023-01-04,12,AR1 alpha + Basic + One-Step,NASDAQ:OTEX,0.0
2023-01-05,12,AR1 alpha + Basic + One-Step,NASDAQ:OTEX,0.0
2023-01-06,12,AR1 alpha + Basic + One-Step,NASDAQ:OTEX,0.0
2023-01-09,12,AR1 alpha + Basic + One-Step,NASDAQ:OTEX,0.0
2023-01-10,12,AR1 alpha + Basic + One-Step,NASDAQ:OTEX,0.0
2023-01-11,12,AR1 alpha + Basic + One-Step,NASDAQ:OTEX,1.5969704722942824e-08
2023-01-12,12,AR1 alpha + Basic + One-Step,NASDAQ:OTEX,0.0
2023-01-13,12,AR1 alpha + Basic + One-Step,NASDAQ:OTEX,9.774674970692361e-09
2023-01-17,12,AR1 alpha + Basic + One-Step,NASDAQ:OTEX,0.0
2023-01-18,12,AR1 alpha + Basic + One-Step,NASDAQ:OTEX,0.0
2023-01-19,12,AR1 alpha + Basic + One-Step,NASDAQ:OTEX,0.0
2023-01-20,12,AR1 alpha + Basic + One-Step,NASDAQ:OTEX,0.0
2023-01-23,12,AR1 alpha + Basic + One-Step,NASDAQ:OTEX,0.0
2023-01-24,12,AR1 alpha + Basic + One-Step,NASDAQ:OTEX,0.0
2023-01-25,12,AR1 alpha + Basic + One-Step,NASDAQ:OTEX,0.0
2023-01-26,12,AR1 alpha + Basic + One-Step,NASDAQ:OTEX,0.0
2023-01-27,12,AR1 alpha + Basic + One-Step,NASDAQ:OTEX,0.0
2023-01-30,12,AR1 alpha + Basic + One-Step,NASDAQ:OTEX,0.0
2023-01-31,12,AR1 alpha + Basic + One-Step,NASDAQ:OTEX,0.0
2023-02-01,12,AR1 alpha + Basic + One-Step,NASDAQ:OTEX,0.0
2023-02-02,12,AR1 alpha + Basic + One-Step,NASDAQ:OTEX,7.256127420177014e-07
2023-02-03,12,AR1 alpha + Basic + One-Step,NASDAQ:OTEX,1.3703292277655148e-07
2023-02-06,12,AR1 alpha + Basic + One-Step,NASDAQ:OTEX,0.0
2023-02-07,12,AR1 alpha + Basic + One-Step,NASDAQ:OTEX,0.0
2023-02-08,12,AR1 alpha + Basic + One-Step,NASDAQ:OTEX,0.0
2023-02-09,12,AR1 alpha + Basic + One-Step,NASDAQ:OTEX,0.0
2023-02-10,12,AR1 alpha + Basic + One-Step,NASDAQ:OTEX,0.0
2023-02-13,12,AR1 alpha + Basic + One-Step,NASDAQ:OTEX,0.0
2023-02-14,12,AR1 alpha + Basic + One-Step,NASDAQ:OTEX,0.0
2023-02-15,12,AR1 alpha + Basic + One-Step,NASDAQ:OTEX,0.0
2023-02-16,12,AR1 alpha + Basic + One-Step,NASDAQ:OTEX,3.1467726282988367e-09
2023-02-17,12,AR1 alpha + Basic + One-Step,NASDAQ:OTEX,0.0
2023-02-21,12,AR1 alpha + Basic + One-Step,NASDAQ:OTEX,0.0
2023-02-22,12,AR1 alpha + Basic + One-Step,NASDAQ:OTEX,0.0
2023-02-23,12,AR1 alpha + Basic + One-Step,NASDAQ:OTEX,0.0
2023-02-24,12,AR1 alpha + Basic + One-Step,NASDAQ:OTEX,0.0
2023-02-27,12,AR1 alpha + Basic + One-Step,NASDAQ:OTEX,0.0
2023-02-28,12,AR1 alpha + Basic + One-Step,NASDAQ:OTEX,0.0
2023-03-01,12,AR1 alpha + Basic + One-Step,NASDAQ:OTEX,6.6047417332972694e-09
2023-03-02,12,AR1 alpha + Basic + One-Step,NASDAQ:OTEX,0.0
2023-03-03,12,AR1 alpha + Basic + One-Step,NASDAQ:OTEX,0.0
2023-03-06,12,AR1 alpha + Basic + One-Step,NASDAQ:OTEX,0.0
2023-03-07,12,AR1 alpha + Basic + One-Step,NASDAQ:OTEX,0.0
2023-03-08,12,AR1 alpha + Basic + One-Step,NASDAQ:OTEX,0.0
2023-03-09,12,AR1 alpha + Basic + One-Step,NASDAQ:OTEX,0.0
2023-03-10,12,AR1 alpha + Basic + One-Step,NASDAQ:OTEX,6.165776260637076e-09
2023-03-13,12,AR1 alpha + Basic + One-Step,NASDAQ:OTEX,2.561498317082876e-07
2023-03-14,12,AR1 alpha + Basic + One-Step,NASDAQ:OTEX,0.0
2023-03-15,12,AR1 alpha + Basic + One-Step,NASDAQ:OTEX,0.0
2023-03-16,12,AR1 alpha + Basic + One-Step,NASDAQ:OTEX,5.399419156654316e-08
2023-03-17,12,AR1 alpha + Basic + One-Step,NASDAQ:OTEX,0.0
2023-03-20,12,AR1 alpha + Basic + One-Step,NASDAQ:OTEX,2.393992899118376e-07
2023-03-21,12,AR1 alpha + Basic + One-Step,NASDAQ:OTEX,5.4341833305510154e-08
2023-03-22,12,AR1 alpha + Basic + One-Step,NASDAQ:OTEX,3.045644065640965e-08
2023-03-23,12,AR1 alpha + Basic + One-Step,NASDAQ:OTEX,7.377737433941394e-08
2023-03-24,12,AR1 alpha + Basic + One-Step,NASDAQ:OTEX,1.1775106236506639e-09
2023-03-27,12,AR1 alpha + Basic + One-Step,NASDAQ:OTEX,0.0
2023-03-28,12,AR1 alpha + Basic + One-Step,NASDAQ:OTEX,9.522565046042687e-09
2023-03-29,12,AR1 alpha + Basic + One-Step,NASDAQ:OTEX,0.0
2023-03-30,12,AR1 alpha + Basic + One-Step,NASDAQ:OTEX,0.0
2023-03-31,12,AR1 alpha + Basic + One-Step,NASDAQ:OTEX,2.438000665498279e-07
2023-04-03,12,AR1 alpha + Basic + One-Step,NASDAQ:OTEX,0.0
2023-04-04,12,AR1 alpha + Basic + One-Step,NASDAQ:OTEX,0.0
2023-04-05,12,AR1 alpha + Basic + One-Step,NASDAQ:OTEX,1.4823809360852787e-07
2023-04-06,12,AR1 alpha + Basic + One-Step,NASDAQ:OTEX,2.823253343377236e-07
2023-04-10,12,AR1 alpha + Basic + One-Step,NASDAQ:OTEX,0.0
2023-04-11,12,AR1 alpha + Basic + One-Step,NASDAQ:OTEX,0.0
2023-04-12,12,AR1 alpha + Basic + One-Step,NASDAQ:OTEX,0.0
2023-04-13,12,AR1 alpha + Basic + One-Step,NASDAQ:OTEX,5.403803553139608e-10
2023-04-14,12,AR1 alpha + Basic + One-Step,NASDAQ:OTEX,0.0
2023-04-17,12,AR1 alpha + Basic + One-Step,NASDAQ:OTEX,0.0
2023-04-18,12,AR1 alpha + Basic + One-Step,NASDAQ:OTEX,0.0
2023-04-19,12,AR1 alpha + Basic + One-Step,NASDAQ:OTEX,1.9157434562717997e-09
2023-04-20,12,AR1 alpha + Basic + One-Step,NASDAQ:OTEX,4.529408315526561e-09
2023-04-21,12,AR1 alpha + Basic + One-Step,NASDAQ:OTEX,3.044982973116501e-08
2023-04-24,12,AR1 alpha + Basic + One-Step,NASDAQ:OTEX,0.0
2023-04-25,12,AR1 alpha + Basic + One-Step,NASDAQ:OTEX,0.0
2023-04-26,12,AR1 alpha + Basic + One-Step,NASDAQ:OTEX,0.0
2023-04-27,12,AR1 alpha + Basic + One-Step,NASDAQ:OTEX,1.089181077271632e-07
2023-04-28,12,AR1 alpha + Basic + One-Step,NASDAQ:OTEX,6.337534948282802e-08
2023-05-01,12,AR1 alpha + Basic + One-Step,NASDAQ:OTEX,3.7266568342620844e-08
2023-05-02,12,AR1 alpha + Basic + One-Step,NASDAQ:OTEX,6.676249454592748e-08
2023-05-03,12,AR1 alpha + Basic + One-Step,NASDAQ:OTEX,0.0
2023-05-04,12,AR1 alpha + Basic + One-Step,NASDAQ:OTEX,0.0
2023-05-05,12,AR1 alpha + Basic + One-Step,NASDAQ:OTEX,1.2370126873254842e-07
2023-05-08,12,AR1 alpha + Basic + One-Step,NASDAQ:OTEX,6.810389868778023e-08
2023-05-09,12,AR1 alpha + Basic + One-Step,NASDAQ:OTEX,5.633753620672226e-09
2023-05-10,12,AR1 alpha + Basic + One-Step,NASDAQ:OTEX,8.51061216329048e-08
2023-05-11,12,AR1 alpha + Basic + One-Step,NASDAQ:OTEX,5.143138875836092e-07
2023-05-12,12,AR1 alpha + Basic + One-Step,NASDAQ:OTEX,9.013635375651732e-07
2023-05-15,12,AR1 alpha + Basic + One-Step,NASDAQ:OTEX,3.9686324374074104e-07
2023-05-16,12,AR1 alpha + Basic + One-Step,NASDAQ:OTEX,0.0
2023-05-17,12,AR1 alpha + Basic + One-Step,NASDAQ:OTEX,0.0
2023-05-18,12,AR1 alpha + Basic + One-Step,NASDAQ:OTEX,0.0
2023-05-19,12,AR1 alpha + Basic + One-Step,NASDAQ:OTEX,0.0
2023-05-22,12,AR1 alpha + Basic + One-Step,NASDAQ:OTEX,0.0
2023-05-23,12,AR1 alpha + Basic + One-Step,NASDAQ:OTEX,0.0
2023-05-24,12,AR1 alpha + Basic + One-Step,NASDAQ:OTEX,0.0
2023-05-25,12,AR1 alpha + Basic + One-Step,NASDAQ:OTEX,0.0
2023-05-26,12,AR1 alpha + Basic + One-Step,NASDAQ:OTEX,0.0
2023-05-30,12,AR1 alpha + Basic + One-Step,NASDAQ:OTEX,0.0
2023-05-31,12,AR1 alpha + Basic + One-Step,NASDAQ:OTEX,0.0
2023-06-01,12,AR1 alpha + Basic + One-Step,NASDAQ:OTEX,1.0413456158697325e-08
2023-06-02,12,AR1 alpha + Basic + One-Step,NASDAQ:OTEX,0.0
2023-06-05,12,AR1 alpha + Basic + One-Step,NASDAQ:OTEX,0.0
2023-06-06,12,AR1 alpha + Basic + One-Step,NASDAQ:OTEX,1.3643525033535212e-07
2023-06-07,12,AR1 alpha + Basic + One-Step,NASDAQ:OTEX,1.1775776794713155e-07
2023-06-08,12,AR1 alpha + Basic + One-Step,NASDAQ:OTEX,7.429383958143957e-08
2023-06-09,12,AR1 alpha + Basic + One-Step,NASDAQ:OTEX,9.717705117618628e-07
2023-06-12,12,AR1 alpha + Basic + One-Step,NASDAQ:OTEX,0.0
2023-06-13,12,AR1 alpha + Basic + One-Step,NASDAQ:OTEX,1.3818490337299825e-07
2023-06-14,12,AR1 alpha + Basic + One-Step,NASDAQ:OTEX,9.651696167000126e-08
2023-06-15,12,AR1 alpha + Basic + One-Step,NASDAQ:OTEX,0.0
2023-06-16,12,AR1 alpha + Basic + One-Step,NASDAQ:OTEX,1.8374685835157628e-08
2023-06-20,12,AR1 alpha + Basic + One-Step,NASDAQ:OTEX,0.0
2023-06-21,12,AR1 alpha + Basic + One-Step,NASDAQ:OTEX,0.0
2023-06-22,12,AR1 alpha + Basic + One-Step,NASDAQ:OTEX,0.0
2023-06-23,12,AR1 alpha + Basic + One-Step,NASDAQ:OTEX,0.0
2023-06-26,12,AR1 alpha + Basic + One-Step,NASDAQ:OTEX,2.9533607759454164e-07
2023-06-27,12,AR1 alpha + Basic + One-Step,NASDAQ:OTEX,0.0
2023-06-28,12,AR1 alpha + Basic + One-Step,NASDAQ:OTEX,0.0
2023-06-29,12,AR1 alpha + Basic + One-Step,NASDAQ:OTEX,0.0
2023-06-30,12,AR1 alpha + Basic + One-Step,NASDAQ:OTEX,0.0
2023-07-03,12,AR1 alpha + Basic + One-Step,NASDAQ:OTEX,0.0
2023-07-05,12,AR1 alpha + Basic + One-Step,NASDAQ:OTEX,1.1645435877012392e-06
2023-07-06,12,AR1 alpha + Basic + One-Step,NASDAQ:OTEX,0.0
2023-07-07,12,AR1 alpha + Basic + One-Step,NASDAQ:OTEX,0.0
2023-07-10,12,AR1 alpha + Basic + One-Step,NASDAQ:OTEX,1.8325286192977594e-06
2023-07-11,12,AR1 alpha + Basic + One-Step,NASDAQ:OTEX,0.0
2023-07-12,12,AR1 alpha + Basic + One-Step,NASDAQ:OTEX,0.0
2023-07-13,12,AR1 alpha + Basic + One-Step,NASDAQ:OTEX,0.0
2023-07-14,12,AR1 alpha + Basic + One-Step,NASDAQ:OTEX,1.7404240142989025e-07
2023-07-17,12,AR1 alpha + Basic + One-Step,NASDAQ:OTEX,8.932665684319354e-07
2023-07-18,12,AR1 alpha + Basic + One-Step,NASDAQ:OTEX,1.4783982401385937e-06
2023-07-19,12,AR1 alpha + Basic + One-Step,NASDAQ:OTEX,0.0
2023-07-20,12,AR1 alpha + Basic + One-Step,NASDAQ:OTEX,0.0
2023-07-21,12,AR1 alpha + Basic + One-Step,NASDAQ:OTEX,0.0
2023-07-24,12,AR1 alpha + Basic + One-Step,NASDAQ:OTEX,0.0
2023-07-25,12,AR1 alpha + Basic + One-Step,NASDAQ:OTEX,0.0
2023-07-26,12,AR1 alpha + Basic + One-Step,NASDAQ:OTEX,0.0
2023-07-27,12,AR1 alpha + Basic + One-Step,NASDAQ:OTEX,0.0
2023-07-28,12,AR1 alpha + Basic + One-Step,NASDAQ:OTEX,0.0
2023-07-31,12,AR1 alpha + Basic + One-Step,NASDAQ:OTEX,0.0
2023-08-01,12,AR1 alpha + Basic + One-Step,NASDAQ:OTEX,0.0
2023-08-02,12,AR1 alpha + Basic + One-Step,NASDAQ:OTEX,0.0
2023-08-03,12,AR1 alpha + Basic + One-Step,NASDAQ:OTEX,0.0
2023-08-04,12,AR1 alpha + Basic + One-Step,NASDAQ:OTEX,0.0
2023-08-07,12,AR1 alpha + Basic + One-Step,NASDAQ:OTEX,9.463227037012816e-10
2023-08-08,12,AR1 alpha + Basic + One-Step,NASDAQ:OTEX,0.0
2023-08-09,12,AR1 alpha + Basic + One-Step,NASDAQ:OTEX,0.0
2023-08-10,12,AR1 alpha + Basic + One-Step,NASDAQ:OTEX,0.0
2023-08-11,12,AR1 alpha + Basic + One-Step,NASDAQ:OTEX,2.769240315975556e-07
2023-08-14,12,AR1 alpha + Basic + One-Step,NASDAQ:OTEX,0.0
2023-08-15,12,AR1 alpha + Basic + One-Step,NASDAQ:OTEX,0.0
2023-08-16,12,AR1 alpha + Basic + One-Step,NASDAQ:OTEX,0.0
2023-08-17,12,AR1 alpha + Basic + One-Step,NASDAQ:OTEX,0.0
2023-08-18,12,AR1 alpha + Basic + One-Step,NASDAQ:OTEX,0.0
2023-08-21,12,AR1 alpha + Basic + One-Step,NASDAQ:OTEX,3.1040536907330036e-09
2023-08-22,12,AR1 alpha + Basic + One-Step,NASDAQ:OTEX,0.0
2023-08-23,12,AR1 alpha + Basic + One-Step,NASDAQ:OTEX,9.946674399198103e-08
2023-08-24,12,AR1 alpha + Basic + One-Step,NASDAQ:OTEX,0.0
2023-08-25,12,AR1 alpha + Basic + One-Step,NASDAQ:OTEX,1.0332166028615834e-07
2023-08-28,12,AR1 alpha + Basic + One-Step,NASDAQ:OTEX,0.0
2023-08-29,12,AR1 alpha + Basic + One-Step,NASDAQ:OTEX,0.0
2023-08-30,12,AR1 alpha + Basic + One-Step,NASDAQ:OTEX,0.0
2023-08-31,12,AR1 alpha + Basic + One-Step,NASDAQ:OTEX,1.1652039508976657e-08
2023-09-01,12,AR1 alpha + Basic + One-Step,NASDAQ:OTEX,0.0
2023-09-05,12,AR1 alpha + Basic + One-Step,NASDAQ:OTEX,0.0
2023-09-06,12,AR1 alpha + Basic + One-Step,NASDAQ:OTEX,6.7526470135349075e-09
2023-09-07,12,AR1 alpha + Basic + One-Step,NASDAQ:OTEX,2.0674476998687473e-06
2023-09-08,12,AR1 alpha + Basic + One-Step,NASDAQ:OTEX,0.014834106290905901
2023-09-11,12,AR1 alpha + Basic + One-Step,NASDAQ:OTEX,0.021607289825846955
2023-09-12,12,AR1 alpha + Basic + One-Step,NASDAQ:OTEX,0.038950459782075404
2023-09-13,12,AR1 alpha + Basic + One-Step,NASDAQ:OTEX,0.06772937678105435
2023-09-14,12,AR1 alpha + Basic + One-Step,NASDAQ:OTEX,0.052158146961030716
2023-09-15,12,AR1 alpha + Basic + One-Step,NASDAQ:OTEX,0.06143752826942115
2023-09-18,12,AR1 alpha + Basic + One-Step,NASDAQ:OTEX,0.036850370043964575
2023-09-19,12,AR1 alpha + Basic + One-Step,NASDAQ:OTEX,0.1000000177578293
2023-09-20,12,AR1 alpha + Basic + One-Step,NASDAQ:OTEX,0.09999912060831417
2023-09-21,12,AR1 alpha + Basic + One-Step,NASDAQ:OTEX,0.04330872849845648
2023-09-22,12,AR1 alpha + Basic + One-Step,NASDAQ:OTEX,0.02846148637710793
2023-09-25,12,AR1 alpha + Basic + One-Step,NASDAQ:OTEX,0.0656963184319687
2023-09-26,12,AR1 alpha + Basic + One-Step,NASDAQ:OTEX,0.04134332913761405
2023-09-27,12,AR1 alpha + Basic + One-Step,NASDAQ:OTEX,0.07909227871999411
2023-09-28,12,AR1 alpha + Basic + One-Step,NASDAQ:OTEX,0.04214192989496669
2023-09-29,12,AR1 alpha + Basic + One-Step,NASDAQ:OTEX,0.025565100392282807
2023-10-02,12,AR1 alpha + Basic + One-Step,NASDAQ:OTEX,0.05418914139451419
2023-10-03,12,AR1 alpha + Basic + One-Step,NASDAQ:OTEX,0.022220857186303247
2023-10-04,12,AR1 alpha + Basic + One-Step,NASDAQ:OTEX,0.057822820491244854
2023-10-05,12,AR1 alpha + Basic + One-Step,NASDAQ:OTEX,0.062013870053262476
2023-10-06,12,AR1 alpha + Basic + One-Step,NASDAQ:OTEX,0.054070542919336564
2023-10-09,12,AR1 alpha + Basic + One-Step,NASDAQ:OTEX,0.06887265878235893
2023-10-10,12,AR1 alpha + Basic + One-Step,NASDAQ:OTEX,0.09999703377202702
2023-10-11,12,AR1 alpha + Basic + One-Step,NASDAQ:OTEX,0.0922700476814704
2023-10-12,12,AR1 alpha + Basic + One-Step,NASDAQ:OTEX,0.07452247325988712
2023-10-13,12,AR1 alpha + Basic + One-Step,NASDAQ:OTEX,0.08689148042613765
2023-10-16,12,AR1 alpha + Basic + One-Step,NASDAQ:OTEX,0.09999972884020009
2023-10-17,12,AR1 alpha + Basic + One-Step,NASDAQ:OTEX,0.09999967334289746
2023-10-18,12,AR1 alpha + Basic + One-Step,NASDAQ:OTEX,0.018474049054069516
2023-10-19,12,AR1 alpha + Basic + One-Step,NASDAQ:OTEX,0.0012975398751945367
2023-10-20,12,AR1 alpha + Basic + One-Step,NASDAQ:OTEX,0.0
2023-10-23,12,AR1 alpha + Basic + One-Step,NASDAQ:OTEX,0.0
2023-10-24,12,AR1 alpha + Basic + One-Step,NASDAQ:OTEX,0.0
2023-10-25,12,AR1 alpha + Basic + One-Step,NASDAQ:OTEX,0.0
2023-10-26,12,AR1 alpha + Basic + One-Step,NASDAQ:OTEX,0.0
2023-10-27,12,AR1 alpha + Basic + One-Step,NASDAQ:OTEX,0.0
2023-10-30,12,AR1 alpha + Basic + One-Step,NASDAQ:OTEX,1.794430115259909e-08
2023-10-31,12,AR1 alpha + Basic + One-Step,NASDAQ:OTEX,2.367029672622614e-07
2023-11-01,12,AR1 alpha + Basic + One-Step,NASDAQ:OTEX,1.564786304535939e-07
2023-11-02,12,AR1 alpha + Basic + One-Step,NASDAQ:OTEX,0.014925779886046625
2023-11-03,12,AR1 alpha + Basic + One-Step,NASDAQ:OTEX,0.0
2023-11-06,12,AR1 alpha + Basic + One-Step,NASDAQ:OTEX,0.03039344473126139
2023-11-07,12,AR1 alpha + Basic + One-Step,NASDAQ:OTEX,0.09234669147020776
2023-11-08,12,AR1 alpha + Basic + One-Step,NASDAQ:OTEX,0.05500312641015504
2023-11-09,12,AR1 alpha + Basic + One-Step,NASDAQ:OTEX,0.05180981995594432
2023-11-10,12,AR1 alpha + Basic + One-Step,NASDAQ:OTEX,0.040539988314955616
2023-11-13,12,AR1 alpha + Basic + One-Step,NASDAQ:OTEX,0.016961249223073713
2023-11-14,12,AR1 alpha + Basic + One-Step,NASDAQ:OTEX,0.0
2023-11-15,12,AR1 alpha + Basic + One-Step,NASDAQ:OTEX,0.0
2023-11-16,12,AR1 alpha + Basic + One-Step,NASDAQ:OTEX,0.02532067876220077
2023-11-17,12,AR1 alpha + Basic + One-Step,NASDAQ:OTEX,0.025320837779456828
2023-11-20,12,AR1 alpha + Basic + One-Step,NASDAQ:OTEX,0.04314953881546806
2023-11-21,12,AR1 alpha + Basic + One-Step,NASDAQ:OTEX,0.08663644856567224
2023-11-22,12,AR1 alpha + Basic + One-Step,NASDAQ:OTEX,0.0668821814660287
2023-11-24,12,AR1 alpha + Basic + One-Step,NASDAQ:OTEX,0.08639054928178246
2023-11-27,12,AR1 alpha + Basic + One-Step,NASDAQ:OTEX,0.07679557392177691
2023-11-28,12,AR1 alpha + Basic + One-Step,NASDAQ:OTEX,0.10000037293364125
2023-11-29,12,AR1 alpha + Basic + One-Step,NASDAQ:OTEX,0.10000019193894512
2023-11-30,12,AR1 alpha + Basic + One-Step,NASDAQ:OTEX,0.09999997046615147
2023-12-01,12,AR1 alpha + Basic + One-Step,NASDAQ:OTEX,0.10000027913222906
2023-12-04,12,AR1 alpha + Basic + One-Step,NASDAQ:OTEX,0.09401616562714875
2023-12-05,12,AR1 alpha + Basic + One-Step,NASDAQ:OTEX,0.09999785636588168
2023-12-06,12,AR1 alpha + Basic + One-Step,NASDAQ:OTEX,0.09999865122133066
2023-12-07,12,AR1 alpha + Basic + One-Step,NASDAQ:OTEX,0.09999798605012705
2023-12-08,12,AR1 alpha + Basic + One-Step,NASDAQ:OTEX,0.09999337150662121
2023-12-11,12,AR1 alpha + Basic + One-Step,NASDAQ:OTEX,0.09999292421695359
2023-12-12,12,AR1 alpha + Basic + One-Step,NASDAQ:OTEX,0.09999080320884657
2023-12-13,12,AR1 alpha + Basic + One-Step,NASDAQ:OTEX,0.08820010425360307
2023-12-14,12,AR1 alpha + Basic + One-Step,NASDAQ:OTEX,0.08808381862670261
2023-12-15,12,AR1 alpha + Basic + One-Step,NASDAQ:OTEX,0.08553979054093798
2023-12-18,12,AR1 alpha + Basic + One-Step,NASDAQ:OTEX,0.0999940179268117
2023-12-19,12,AR1 alpha + Basic + One-Step,NASDAQ:OTEX,0.09023431133030071
2023-12-20,12,AR1 alpha + Basic + One-Step,NASDAQ:OTEX,0.09999449963967824
2023-12-21,12,AR1 alpha + Basic + One-Step,NASDAQ:OTEX,0.07491428882831178
2023-12-22,12,AR1 alpha + Basic + One-Step,NASDAQ:OTEX,0.07197179141486491
2023-12-26,12,AR1 alpha + Basic + One-Step,NASDAQ:OTEX,0.04973345381168125
2023-12-27,12,AR1 alpha + Basic + One-Step,NASDAQ:OTEX,0.02971462532409586
2023-12-28,12,AR1 alpha + Basic + One-Step,NASDAQ:OTEX,0.021277769173657046
2023-12-29,12,AR1 alpha + Basic + One-Step,NASDAQ:OTEX,0.039779075699471
2024-01-02,12,AR1 alpha + Basic + One-Step,NASDAQ:OTEX,0.09999564082692718
2024-01-03,12,AR1 alpha + Basic + One-Step,NASDAQ:OTEX,0.0999916587682727
2024-01-04,12,AR1 alpha + Basic + One-Step,NASDAQ:OTEX,0.0818662906211761
2024-01-05,12,AR1 alpha + Basic + One-Step,NASDAQ:OTEX,0.0749300925447872
2024-01-08,12,AR1 alpha + Basic + One-Step,NASDAQ:OTEX,0.09998685780344421
2024-01-09,12,AR1 alpha + Basic + One-Step,NASDAQ:OTEX,0.06393533469239764
2024-01-10,12,AR1 alpha + Basic + One-Step,NASDAQ:OTEX,0.09350773654377001
2024-01-11,12,AR1 alpha + Basic + One-Step,NASDAQ:OTEX,0.10000084701127958
2024-01-12,12,AR1 alpha + Basic + One-Step,NASDAQ:OTEX,0.07920303705298831
2024-01-16,12,AR1 alpha + Basic + One-Step,NASDAQ:OTEX,0.034629007216144404
2024-01-17,12,AR1 alpha + Basic + One-Step,NASDAQ:OTEX,0.027825563185005564
2024-01-18,12,AR1 alpha + Basic + One-Step,NASDAQ:OTEX,0.06237841059645313
2024-01-19,12,AR1 alpha + Basic + One-Step,NASDAQ:OTEX,0.021197833916655327
2024-01-22,12,AR1 alpha + Basic + One-Step,NASDAQ:OTEX,0.0
2024-01-23,12,AR1 alpha + Basic + One-Step,NASDAQ:OTEX,0.0
2024-01-24,12,AR1 alpha + Basic + One-Step,NASDAQ:OTEX,1.2553882030780654e-07
2024-01-25,12,AR1 alpha + Basic + One-Step,NASDAQ:OTEX,0.031234400097963546
2024-01-26,12,AR1 alpha + Basic + One-Step,NASDAQ:OTEX,0.05425533091108569
2024-01-29,12,AR1 alpha + Basic + One-Step,NASDAQ:OTEX,0.052649769628249125
2024-01-30,12,AR1 alpha + Basic + One-Step,NASDAQ:OTEX,0.057152956943892996
2024-01-31,12,AR1 alpha + Basic + One-Step,NASDAQ:OTEX,0.09488334159223488
2024-02-01,12,AR1 alpha + Basic + One-Step,NASDAQ:OTEX,0.061374981873936946
2024-02-02,12,AR1 alpha + Basic + One-Step,NASDAQ:OTEX,0.030784958622883246
2024-02-05,12,AR1 alpha + Basic + One-Step,NASDAQ:OTEX,0.0
2024-02-06,12,AR1 alpha + Basic + One-Step,NASDAQ:OTEX,0.0
2024-02-07,12,AR1 alpha + Basic + One-Step,NASDAQ:OTEX,2.744929510049163e-08
2024-02-08,12,AR1 alpha + Basic + One-Step,NASDAQ:OTEX,1.6848475167299852e-08
2024-02-09,12,AR1 alpha + Basic + One-Step,NASDAQ:OTEX,0.0
2024-02-12,12,AR1 alpha + Basic + One-Step,NASDAQ:OTEX,0.0
2024-02-13,12,AR1 alpha + Basic + One-Step,NASDAQ:OTEX,0.0
2024-02-14,12,AR1 alpha + Basic + One-Step,NASDAQ:OTEX,0.0
2024-02-15,12,AR1 alpha + Basic + One-Step,NASDAQ:OTEX,6.252895839447928e-09
2024-02-16,12,AR1 alpha + Basic + One-Step,NASDAQ:OTEX,0.0
2024-02-20,12,AR1 alpha + Basic + One-Step,NASDAQ:OTEX,0.0
2024-02-21,12,AR1 alpha + Basic + One-Step,NASDAQ:OTEX,0.0
2024-02-22,12,AR1 alpha + Basic + One-Step,NASDAQ:OTEX,0.0
2024-02-23,12,AR1 alpha + Basic + One-Step,NASDAQ:OTEX,0.0
2024-02-26,12,AR1 alpha + Basic + One-Step,NASDAQ:OTEX,0.0
2024-02-27,12,AR1 alpha + Basic + One-Step,NASDAQ:OTEX,0.0
2024-02-28,12,AR1 alpha + Basic + One-Step,NASDAQ:OTEX,0.0
2024-02-29,12,AR1 alpha + Basic + One-Step,NASDAQ:OTEX,0.0
2024-03-01,12,AR1 alpha + Basic + One-Step,NASDAQ:OTEX,0.0
2024-03-04,12,AR1 alpha + Basic + One-Step,NASDAQ:OTEX,0.0
2024-03-05,12,AR1 alpha + Basic + One-Step,NASDAQ:OTEX,0.0
2024-03-06,12,AR1 alpha + Basic + One-Step,NASDAQ:OTEX,0.0
2024-03-07,12,AR1 alpha + Basic + One-Step,NASDAQ:OTEX,0.0
2024-03-08,12,AR1 alpha + Basic + One-Step,NASDAQ:OTEX,0.0
2024-03-11,12,AR1 alpha + Basic + One-Step,NASDAQ:OTEX,0.0
2024-03-12,12,AR1 alpha + Basic + One-Step,NASDAQ:OTEX,0.0
2024-03-13,12,AR1 alpha + Basic + One-Step,NASDAQ:OTEX,0.0
2024-03-14,12,AR1 alpha + Basic + One-Step,NASDAQ:OTEX,1.483341680411752e-07
2024-03-15,12,AR1 alpha + Basic + One-Step,NASDAQ:OTEX,1.3074615770522853e-07
2024-03-18,12,AR1 alpha + Basic + One-Step,NASDAQ:OTEX,0.0
2024-03-19,12,AR1 alpha + Basic + One-Step,NASDAQ:OTEX,0.0
2024-03-20,12,AR1 alpha + Basic + One-Step,NASDAQ:OTEX,0.0
2024-03-21,12,AR1 alpha + Basic + One-Step,NASDAQ:OTEX,5.707512145225238e-08
2024-03-22,12,AR1 alpha + Basic + One-Step,NASDAQ:OTEX,1.1429241252925737e-08
2024-03-25,12,AR1 alpha + Basic + One-Step,NASDAQ:OTEX,0.0
2024-03-26,12,AR1 alpha + Basic + One-Step,NASDAQ:OTEX,0.0
2024-03-27,12,AR1 alpha + Basic + One-Step,NASDAQ:OTEX,0.0
2024-03-28,12,AR1 alpha + Basic + One-Step,NASDAQ:OTEX,0.0
2024-04-01,12,AR1 alpha + Basic + One-Step,NASDAQ:OTEX,1.0422017393107112e-06
2024-04-02,12,AR1 alpha + Basic + One-Step,NASDAQ:OTEX,0.0
2024-04-03,12,AR1 alpha + Basic + One-Step,NASDAQ:OTEX,0.0
2024-04-04,12,AR1 alpha + Basic + One-Step,NASDAQ:OTEX,0.0
2024-04-05,12,AR1 alpha + Basic + One-Step,NASDAQ:OTEX,0.0
2024-04-08,12,AR1 alpha + Basic + One-Step,NASDAQ:OTEX,0.0
2024-04-09,12,AR1 alpha + Basic + One-Step,NASDAQ:OTEX,0.0
2024-04-10,12,AR1 alpha + Basic + One-Step,NASDAQ:OTEX,4.916919043265749e-07
2024-04-11,12,AR1 alpha + Basic + One-Step,NASDAQ:OTEX,0.0
2024-04-12,12,AR1 alpha + Basic + One-Step,NASDAQ:OTEX,0.0
2024-04-15,12,AR1 alpha + Basic + One-Step,NASDAQ:OTEX,0.0
2024-04-16,12,AR1 alpha + Basic + One-Step,NASDAQ:OTEX,0.0
2024-04-17,12,AR1 alpha + Basic + One-Step,NASDAQ:OTEX,1.1268559878425017e-07
2024-04-18,12,AR1 alpha + Basic + One-Step,NASDAQ:OTEX,0.0
2024-04-19,12,AR1 alpha + Basic + One-Step,NASDAQ:OTEX,0.0
2020-03-25,12,AR1 alpha + Basic + One-Step,NYSE:RJF,0.02
2020-03-26,12,AR1 alpha + Basic + One-Step,NYSE:RJF,0.019999999999999997
2020-03-27,12,AR1 alpha + Basic + One-Step,NYSE:RJF,0.0
2020-03-30,12,AR1 alpha + Basic + One-Step,NYSE:RJF,0.0
2020-03-31,12,AR1 alpha + Basic + One-Step,NYSE:RJF,0.0
2020-04-01,12,AR1 alpha + Basic + One-Step,NYSE:RJF,0.0
2020-04-02,12,AR1 alpha + Basic + One-Step,NYSE:RJF,3.106468261559156e-09
2020-04-03,12,AR1 alpha + Basic + One-Step,NYSE:RJF,3.724629040521657e-08
2020-04-06,12,AR1 alpha + Basic + One-Step,NYSE:RJF,0.0
2020-04-07,12,AR1 alpha + Basic + One-Step,NYSE:RJF,4.796468595179835e-08
2020-04-08,12,AR1 alpha + Basic + One-Step,NYSE:RJF,0.0
2020-04-09,12,AR1 alpha + Basic + One-Step,NYSE:RJF,0.0
2020-04-13,12,AR1 alpha + Basic + One-Step,NYSE:RJF,0.0
2020-04-14,12,AR1 alpha + Basic + One-Step,NYSE:RJF,0.0
2020-04-15,12,AR1 alpha + Basic + One-Step,NYSE:RJF,0.0
2020-04-16,12,AR1 alpha + Basic + One-Step,NYSE:RJF,0.0
2020-04-17,12,AR1 alpha + Basic + One-Step,NYSE:RJF,0.0
2020-04-20,12,AR1 alpha + Basic + One-Step,NYSE:RJF,0.0
2020-04-21,12,AR1 alpha + Basic + One-Step,NYSE:RJF,0.0
2020-04-22,12,AR1 alpha + Basic + One-Step,NYSE:RJF,0.0
2020-04-23,12,AR1 alpha + Basic + One-Step,NYSE:RJF,0.0
2020-04-24,12,AR1 alpha + Basic + One-Step,NYSE:RJF,0.0
2020-04-27,12,AR1 alpha + Basic + One-Step,NYSE:RJF,0.0
2020-04-28,12,AR1 alpha + Basic + One-Step,NYSE:RJF,0.0
2020-04-29,12,AR1 alpha + Basic + One-Step,NYSE:RJF,4.854444343307086e-07
2020-04-30,12,AR1 alpha + Basic + One-Step,NYSE:RJF,0.0
2020-05-01,12,AR1 alpha + Basic + One-Step,NYSE:RJF,2.5428043250982796e-08
2020-05-04,12,AR1 alpha + Basic + One-Step,NYSE:RJF,0.0
2020-05-05,12,AR1 alpha + Basic + One-Step,NYSE:RJF,4.447147253988447e-07
2020-05-06,12,AR1 alpha + Basic + One-Step,NYSE:RJF,0.0
2020-05-07,12,AR1 alpha + Basic + One-Step,NYSE:RJF,0.0
2020-05-08,12,AR1 alpha + Basic + One-Step,NYSE:RJF,1.0242122185290791e-07
2020-05-11,12,AR1 alpha + Basic + One-Step,NYSE:RJF,1.1294776882895898e-07
2020-05-12,12,AR1 alpha + Basic + One-Step,NYSE:RJF,0.0
2020-05-13,12,AR1 alpha + Basic + One-Step,NYSE:RJF,0.0
2020-05-14,12,AR1 alpha + Basic + One-Step,NYSE:RJF,0.0
2020-05-15,12,AR1 alpha + Basic + One-Step,NYSE:RJF,1.245659106773518e-07
2020-05-18,12,AR1 alpha + Basic + One-Step,NYSE:RJF,0.0
2020-05-19,12,AR1 alpha + Basic + One-Step,NYSE:RJF,0.0
2020-05-20,12,AR1 alpha + Basic + One-Step,NYSE:RJF,0.0
2020-05-21,12,AR1 alpha + Basic + One-Step,NYSE:RJF,0.0
2020-05-22,12,AR1 alpha + Basic + One-Step,NYSE:RJF,1.5362958161919797e-07
2020-05-26,12,AR1 alpha + Basic + One-Step,NYSE:RJF,1.028636210493194e-07
2020-05-27,12,AR1 alpha + Basic + One-Step,NYSE:RJF,4.3350835827515674e-07
2020-05-28,12,AR1 alpha + Basic + One-Step,NYSE:RJF,0.0
2020-05-29,12,AR1 alpha + Basic + One-Step,NYSE:RJF,2.525584341113407e-09
2020-06-01,12,AR1 alpha + Basic + One-Step,NYSE:RJF,0.0
2020-06-02,12,AR1 alpha + Basic + One-Step,NYSE:RJF,3.7076487073474905e-07
2020-06-03,12,AR1 alpha + Basic + One-Step,NYSE:RJF,0.0
2020-06-04,12,AR1 alpha + Basic + One-Step,NYSE:RJF,0.0
2020-06-05,12,AR1 alpha + Basic + One-Step,NYSE:RJF,0.0
2020-06-08,12,AR1 alpha + Basic + One-Step,NYSE:RJF,0.0
2020-06-09,12,AR1 alpha + Basic + One-Step,NYSE:RJF,0.0
2020-06-10,12,AR1 alpha + Basic + One-Step,NYSE:RJF,0.0
2020-06-11,12,AR1 alpha + Basic + One-Step,NYSE:RJF,0.0
2020-06-12,12,AR1 alpha + Basic + One-Step,NYSE:RJF,5.6143394266975774e-08
2020-06-15,12,AR1 alpha + Basic + One-Step,NYSE:RJF,3.0968487447112935e-08
2020-06-16,12,AR1 alpha + Basic + One-Step,NYSE:RJF,0.0
2020-06-17,12,AR1 alpha + Basic + One-Step,NYSE:RJF,0.0
2020-06-18,12,AR1 alpha + Basic + One-Step,NYSE:RJF,0.0
2020-06-19,12,AR1 alpha + Basic + One-Step,NYSE:RJF,0.0
2020-06-22,12,AR1 alpha + Basic + One-Step,NYSE:RJF,0.0
2020-06-23,12,AR1 alpha + Basic + One-Step,NYSE:RJF,0.0
2020-06-24,12,AR1 alpha + Basic + One-Step,NYSE:RJF,0.0
2020-06-25,12,AR1 alpha + Basic + One-Step,NYSE:RJF,0.0
2020-06-26,12,AR1 alpha + Basic + One-Step,NYSE:RJF,0.0
2020-06-29,12,AR1 alpha + Basic + One-Step,NYSE:RJF,0.0
2020-06-30,12,AR1 alpha + Basic + One-Step,NYSE:RJF,1.5779335382524982e-08
2020-07-01,12,AR1 alpha + Basic + One-Step,NYSE:RJF,0.0
2020-07-02,12,AR1 alpha + Basic + One-Step,NYSE:RJF,0.0
2020-07-06,12,AR1 alpha + Basic + One-Step,NYSE:RJF,0.0
2020-07-07,12,AR1 alpha + Basic + One-Step,NYSE:RJF,0.0
2020-07-08,12,AR1 alpha + Basic + One-Step,NYSE:RJF,0.0
2020-07-09,12,AR1 alpha + Basic + One-Step,NYSE:RJF,5.861433644816948e-08
2020-07-10,12,AR1 alpha + Basic + One-Step,NYSE:RJF,0.0
2020-07-13,12,AR1 alpha + Basic + One-Step,NYSE:RJF,0.0
2020-07-14,12,AR1 alpha + Basic + One-Step,NYSE:RJF,0.0
2020-07-15,12,AR1 alpha + Basic + One-Step,NYSE:RJF,5.2791488966912894e-08
2020-07-16,12,AR1 alpha + Basic + One-Step,NYSE:RJF,0.0
2020-07-17,12,AR1 alpha + Basic + One-Step,NYSE:RJF,0.0
2020-07-20,12,AR1 alpha + Basic + One-Step,NYSE:RJF,1.537138514622204e-07
2020-07-21,12,AR1 alpha + Basic + One-Step,NYSE:RJF,0.0
2020-07-22,12,AR1 alpha + Basic + One-Step,NYSE:RJF,0.0
2020-07-23,12,AR1 alpha + Basic + One-Step,NYSE:RJF,0.0
2020-07-24,12,AR1 alpha + Basic + One-Step,NYSE:RJF,0.0
2020-07-27,12,AR1 alpha + Basic + One-Step,NYSE:RJF,1.3446838064815473e-07
2020-07-28,12,AR1 alpha + Basic + One-Step,NYSE:RJF,0.0
2020-07-29,12,AR1 alpha + Basic + One-Step,NYSE:RJF,0.0
2020-07-30,12,AR1 alpha + Basic + One-Step,NYSE:RJF,0.0
2020-07-31,12,AR1 alpha + Basic + One-Step,NYSE:RJF,0.0
2020-08-03,12,AR1 alpha + Basic + One-Step,NYSE:RJF,4.3568365592267245e-08
2020-08-04,12,AR1 alpha + Basic + One-Step,NYSE:RJF,0.0
2020-08-05,12,AR1 alpha + Basic + One-Step,NYSE:RJF,0.0
2020-08-06,12,AR1 alpha + Basic + One-Step,NYSE:RJF,0.0
2020-08-07,12,AR1 alpha + Basic + One-Step,NYSE:RJF,0.0
2020-08-10,12,AR1 alpha + Basic + One-Step,NYSE:RJF,0.0
2020-08-11,12,AR1 alpha + Basic + One-Step,NYSE:RJF,0.0
2020-08-12,12,AR1 alpha + Basic + One-Step,NYSE:RJF,0.0
2020-08-13,12,AR1 alpha + Basic + One-Step,NYSE:RJF,0.0
2020-08-14,12,AR1 alpha + Basic + One-Step,NYSE:RJF,0.0
2020-08-17,12,AR1 alpha + Basic + One-Step,NYSE:RJF,0.0
2020-08-18,12,AR1 alpha + Basic + One-Step,NYSE:RJF,0.0
2020-08-19,12,AR1 alpha + Basic + One-Step,NYSE:RJF,0.0
2020-08-20,12,AR1 alpha + Basic + One-Step,NYSE:RJF,1.413850438764797e-07
2020-08-21,12,AR1 alpha + Basic + One-Step,NYSE:RJF,0.0
2020-08-24,12,AR1 alpha + Basic + One-Step,NYSE:RJF,0.0
2020-08-25,12,AR1 alpha + Basic + One-Step,NYSE:RJF,0.0
2020-08-26,12,AR1 alpha + Basic + One-Step,NYSE:RJF,0.0
2020-08-27,12,AR1 alpha + Basic + One-Step,NYSE:RJF,0.0
2020-08-28,12,AR1 alpha + Basic + One-Step,NYSE:RJF,0.0
2020-08-31,12,AR1 alpha + Basic + One-Step,NYSE:RJF,0.0
2020-09-01,12,AR1 alpha + Basic + One-Step,NYSE:RJF,0.0
2020-09-02,12,AR1 alpha + Basic + One-Step,NYSE:RJF,0.0
2020-09-03,12,AR1 alpha + Basic + One-Step,NYSE:RJF,0.0
2020-09-04,12,AR1 alpha + Basic + One-Step,NYSE:RJF,0.0
2020-09-08,12,AR1 alpha + Basic + One-Step,NYSE:RJF,0.0
2020-09-09,12,AR1 alpha + Basic + One-Step,NYSE:RJF,1.4710648683771189e-08
2020-09-10,12,AR1 alpha + Basic + One-Step,NYSE:RJF,0.0
2020-09-11,12,AR1 alpha + Basic + One-Step,NYSE:RJF,0.0
2020-09-14,12,AR1 alpha + Basic + One-Step,NYSE:RJF,0.0
2020-09-15,12,AR1 alpha + Basic + One-Step,NYSE:RJF,0.0
2020-09-16,12,AR1 alpha + Basic + One-Step,NYSE:RJF,0.0
2020-09-17,12,AR1 alpha + Basic + One-Step,NYSE:RJF,0.0
2020-09-18,12,AR1 alpha + Basic + One-Step,NYSE:RJF,0.0
2020-09-21,12,AR1 alpha + Basic + One-Step,NYSE:RJF,0.0
2020-09-22,12,AR1 alpha + Basic + One-Step,NYSE:RJF,0.0
2020-09-23,12,AR1 alpha + Basic + One-Step,NYSE:RJF,1.8637241341444733e-09
2020-09-24,12,AR1 alpha + Basic + One-Step,NYSE:RJF,2.0822537762887209e-07
2020-09-25,12,AR1 alpha + Basic + One-Step,NYSE:RJF,0.0
2020-09-28,12,AR1 alpha + Basic + One-Step,NYSE:RJF,0.0
2020-09-29,12,AR1 alpha + Basic + One-Step,NYSE:RJF,0.0
2020-09-30,12,AR1 alpha + Basic + One-Step,NYSE:RJF,2.7733061429787117e-09
2020-10-01,12,AR1 alpha + Basic + One-Step,NYSE:RJF,3.323033519224985e-08
2020-10-02,12,AR1 alpha + Basic + One-Step,NYSE:RJF,0.0
2020-10-05,12,AR1 alpha + Basic + One-Step,NYSE:RJF,4.785509038968588e-09
2020-10-06,12,AR1 alpha + Basic + One-Step,NYSE:RJF,0.0
2020-10-07,12,AR1 alpha + Basic + One-Step,NYSE:RJF,2.0586676782463576e-07
2020-10-08,12,AR1 alpha + Basic + One-Step,NYSE:RJF,0.0
2020-10-09,12,AR1 alpha + Basic + One-Step,NYSE:RJF,0.0
2020-10-12,12,AR1 alpha + Basic + One-Step,NYSE:RJF,0.0
2020-10-13,12,AR1 alpha + Basic + One-Step,NYSE:RJF,0.0
2020-10-14,12,AR1 alpha + Basic + One-Step,NYSE:RJF,0.0
2020-10-15,12,AR1 alpha + Basic + One-Step,NYSE:RJF,0.0
2020-10-16,12,AR1 alpha + Basic + One-Step,NYSE:RJF,1.355430615468795e-07
2020-10-19,12,AR1 alpha + Basic + One-Step,NYSE:RJF,0.0
2020-10-20,12,AR1 alpha + Basic + One-Step,NYSE:RJF,0.0
2020-10-21,12,AR1 alpha + Basic + One-Step,NYSE:RJF,0.0
2020-10-22,12,AR1 alpha + Basic + One-Step,NYSE:RJF,0.0
2020-10-23,12,AR1 alpha + Basic + One-Step,NYSE:RJF,0.0
2020-10-26,12,AR1 alpha + Basic + One-Step,NYSE:RJF,0.0
2020-10-27,12,AR1 alpha + Basic + One-Step,NYSE:RJF,7.95468998826889e-09
2020-10-28,12,AR1 alpha + Basic + One-Step,NYSE:RJF,9.278128430978433e-09
2020-10-29,12,AR1 alpha + Basic + One-Step,NYSE:RJF,2.3108294620127174e-09
2020-10-30,12,AR1 alpha + Basic + One-Step,NYSE:RJF,0.0
2020-11-02,12,AR1 alpha + Basic + One-Step,NYSE:RJF,0.0
2020-11-03,12,AR1 alpha + Basic + One-Step,NYSE:RJF,0.0
2020-11-04,12,AR1 alpha + Basic + One-Step,NYSE:RJF,0.0
2020-11-05,12,AR1 alpha + Basic + One-Step,NYSE:RJF,0.0
2020-11-06,12,AR1 alpha + Basic + One-Step,NYSE:RJF,0.0
2020-11-09,12,AR1 alpha + Basic + One-Step,NYSE:RJF,0.0
2020-11-10,12,AR1 alpha + Basic + One-Step,NYSE:RJF,0.0
2020-11-11,12,AR1 alpha + Basic + One-Step,NYSE:RJF,0.0
2020-11-12,12,AR1 alpha + Basic + One-Step,NYSE:RJF,0.0
2020-11-13,12,AR1 alpha + Basic + One-Step,NYSE:RJF,0.0
2020-11-16,12,AR1 alpha + Basic + One-Step,NYSE:RJF,0.0
2020-11-17,12,AR1 alpha + Basic + One-Step,NYSE:RJF,0.0
2020-11-18,12,AR1 alpha + Basic + One-Step,NYSE:RJF,0.0
2020-11-19,12,AR1 alpha + Basic + One-Step,NYSE:RJF,3.7485347213837844e-08
2020-11-20,12,AR1 alpha + Basic + One-Step,NYSE:RJF,0.0
2020-11-23,12,AR1 alpha + Basic + One-Step,NYSE:RJF,0.0
2020-11-24,12,AR1 alpha + Basic + One-Step,NYSE:RJF,0.0
2020-11-25,12,AR1 alpha + Basic + One-Step,NYSE:RJF,0.0
2020-11-27,12,AR1 alpha + Basic + One-Step,NYSE:RJF,0.0
2020-11-30,12,AR1 alpha + Basic + One-Step,NYSE:RJF,3.2539752488390236e-09
2020-12-01,12,AR1 alpha + Basic + One-Step,NYSE:RJF,0.0
2020-12-02,12,AR1 alpha + Basic + One-Step,NYSE:RJF,0.0
2020-12-03,12,AR1 alpha + Basic + One-Step,NYSE:RJF,0.0
2020-12-04,12,AR1 alpha + Basic + One-Step,NYSE:RJF,9.895012907351934e-09
2020-12-07,12,AR1 alpha + Basic + One-Step,NYSE:RJF,0.0
2020-12-08,12,AR1 alpha + Basic + One-Step,NYSE:RJF,2.2351354444396534e-07
2020-12-09,12,AR1 alpha + Basic + One-Step,NYSE:RJF,0.0
2020-12-10,12,AR1 alpha + Basic + One-Step,NYSE:RJF,0.0
2020-12-11,12,AR1 alpha + Basic + One-Step,NYSE:RJF,5.115022334457027e-07
2020-12-14,12,AR1 alpha + Basic + One-Step,NYSE:RJF,7.193773933398076e-07
2020-12-15,12,AR1 alpha + Basic + One-Step,NYSE:RJF,0.0
2020-12-16,12,AR1 alpha + Basic + One-Step,NYSE:RJF,0.0
2020-12-17,12,AR1 alpha + Basic + One-Step,NYSE:RJF,0.0
2020-12-18,12,AR1 alpha + Basic + One-Step,NYSE:RJF,0.0
2020-12-21,12,AR1 alpha + Basic + One-Step,NYSE:RJF,1.0140681707654223e-06
2020-12-22,12,AR1 alpha + Basic + One-Step,NYSE:RJF,9.057873157362048e-07
2020-12-23,12,AR1 alpha + Basic + One-Step,NYSE:RJF,4.080348502267548e-07
2020-12-24,12,AR1 alpha + Basic + One-Step,NYSE:RJF,0.0
2020-12-28,12,AR1 alpha + Basic + One-Step,NYSE:RJF,0.0
2020-12-29,12,AR1 alpha + Basic + One-Step,NYSE:RJF,0.0
2020-12-30,12,AR1 alpha + Basic + One-Step,NYSE:RJF,0.0
2020-12-31,12,AR1 alpha + Basic + One-Step,NYSE:RJF,0.0
2021-01-04,12,AR1 alpha + Basic + One-Step,NYSE:RJF,0.0
2021-01-05,12,AR1 alpha + Basic + One-Step,NYSE:RJF,0.0
2021-01-06,12,AR1 alpha + Basic + One-Step,NYSE:RJF,0.0
2021-01-07,12,AR1 alpha + Basic + One-Step,NYSE:RJF,0.0
2021-01-08,12,AR1 alpha + Basic + One-Step,NYSE:RJF,0.0
2021-01-11,12,AR1 alpha + Basic + One-Step,NYSE:RJF,0.0
2021-01-12,12,AR1 alpha + Basic + One-Step,NYSE:RJF,0.0
2021-01-13,12,AR1 alpha + Basic + One-Step,NYSE:RJF,0.0
2021-01-14,12,AR1 alpha + Basic + One-Step,NYSE:RJF,0.0
2021-01-15,12,AR1 alpha + Basic + One-Step,NYSE:RJF,0.0
2021-01-19,12,AR1 alpha + Basic + One-Step,NYSE:RJF,0.0
2021-01-20,12,AR1 alpha + Basic + One-Step,NYSE:RJF,0.0
2021-01-21,12,AR1 alpha + Basic + One-Step,NYSE:RJF,0.0
2021-01-22,12,AR1 alpha + Basic + One-Step,NYSE:RJF,0.0
2021-01-25,12,AR1 alpha + Basic + One-Step,NYSE:RJF,0.0
2021-01-26,12,AR1 alpha + Basic + One-Step,NYSE:RJF,0.0
2021-01-27,12,AR1 alpha + Basic + One-Step,NYSE:RJF,0.0
2021-01-28,12,AR1 alpha + Basic + One-Step,NYSE:RJF,0.0
2021-01-29,12,AR1 alpha + Basic + One-Step,NYSE:RJF,0.0
2021-02-01,12,AR1 alpha + Basic + One-Step,NYSE:RJF,2.601916067975544e-07
2021-02-02,12,AR1 alpha + Basic + One-Step,NYSE:RJF,0.0
2021-02-03,12,AR1 alpha + Basic + One-Step,NYSE:RJF,0.0
2021-02-04,12,AR1 alpha + Basic + One-Step,NYSE:RJF,0.0
2021-02-05,12,AR1 alpha + Basic + One-Step,NYSE:RJF,0.0
2021-02-08,12,AR1 alpha + Basic + One-Step,NYSE:RJF,0.0
2021-02-09,12,AR1 alpha + Basic + One-Step,NYSE:RJF,0.0
2021-02-10,12,AR1 alpha + Basic + One-Step,NYSE:RJF,0.0
2021-02-11,12,AR1 alpha + Basic + One-Step,NYSE:RJF,0.0
2021-02-12,12,AR1 alpha + Basic + One-Step,NYSE:RJF,0.0
2021-02-16,12,AR1 alpha + Basic + One-Step,NYSE:RJF,0.0
2021-02-17,12,AR1 alpha + Basic + One-Step,NYSE:RJF,0.0
2021-02-18,12,AR1 alpha + Basic + One-Step,NYSE:RJF,0.0
2021-02-19,12,AR1 alpha + Basic + One-Step,NYSE:RJF,0.0
2021-02-22,12,AR1 alpha + Basic + One-Step,NYSE:RJF,1.7272428177906622e-07
2021-02-23,12,AR1 alpha + Basic + One-Step,NYSE:RJF,1.6209113519983964e-07
2021-02-24,12,AR1 alpha + Basic + One-Step,NYSE:RJF,0.0
2021-02-25,12,AR1 alpha + Basic + One-Step,NYSE:RJF,0.0
2021-02-26,12,AR1 alpha + Basic + One-Step,NYSE:RJF,1.009054198032725e-06
2021-03-01,12,AR1 alpha + Basic + One-Step,NYSE:RJF,0.0
2021-03-02,12,AR1 alpha + Basic + One-Step,NYSE:RJF,7.11135079569847e-09
2021-03-03,12,AR1 alpha + Basic + One-Step,NYSE:RJF,0.0
2021-03-04,12,AR1 alpha + Basic + One-Step,NYSE:RJF,0.0
2021-03-05,12,AR1 alpha + Basic + One-Step,NYSE:RJF,0.0
2021-03-08,12,AR1 alpha + Basic + One-Step,NYSE:RJF,0.0
2021-03-09,12,AR1 alpha + Basic + One-Step,NYSE:RJF,0.0
2021-03-10,12,AR1 alpha + Basic + One-Step,NYSE:RJF,0.0
2021-03-11,12,AR1 alpha + Basic + One-Step,NYSE:RJF,0.0
2021-03-12,12,AR1 alpha + Basic + One-Step,NYSE:RJF,0.0
2021-03-15,12,AR1 alpha + Basic + One-Step,NYSE:RJF,5.757796988992522e-10
2021-03-16,12,AR1 alpha + Basic + One-Step,NYSE:RJF,0.0
2021-03-17,12,AR1 alpha + Basic + One-Step,NYSE:RJF,0.0
2021-03-18,12,AR1 alpha + Basic + One-Step,NYSE:RJF,0.0
2021-03-19,12,AR1 alpha + Basic + One-Step,NYSE:RJF,0.0
2021-03-22,12,AR1 alpha + Basic + One-Step,NYSE:RJF,0.0
2021-03-23,12,AR1 alpha + Basic + One-Step,NYSE:RJF,0.0
2021-03-24,12,AR1 alpha + Basic + One-Step,NYSE:RJF,0.0
2021-03-25,12,AR1 alpha + Basic + One-Step,NYSE:RJF,0.0
2021-03-26,12,AR1 alpha + Basic + One-Step,NYSE:RJF,1.5881035183739404e-09
2021-03-29,12,AR1 alpha + Basic + One-Step,NYSE:RJF,0.0
2021-03-30,12,AR1 alpha + Basic + One-Step,NYSE:RJF,5.542636021316327e-07
2021-03-31,12,AR1 alpha + Basic + One-Step,NYSE:RJF,0.0
2021-04-01,12,AR1 alpha + Basic + One-Step,NYSE:RJF,0.0
2021-04-05,12,AR1 alpha + Basic + One-Step,NYSE:RJF,1.767498717497464e-06
2021-04-06,12,AR1 alpha + Basic + One-Step,NYSE:RJF,5.521688525606267e-07
2021-04-07,12,AR1 alpha + Basic + One-Step,NYSE:RJF,0.0
2021-04-08,12,AR1 alpha + Basic + One-Step,NYSE:RJF,3.167808362251618e-07
2021-04-09,12,AR1 alpha + Basic + One-Step,NYSE:RJF,0.0
2021-04-12,12,AR1 alpha + Basic + One-Step,NYSE:RJF,6.0181163007244096e-09
2021-04-13,12,AR1 alpha + Basic + One-Step,NYSE:RJF,0.0
2021-04-14,12,AR1 alpha + Basic + One-Step,NYSE:RJF,1.9823213955720085e-07
2021-04-15,12,AR1 alpha + Basic + One-Step,NYSE:RJF,0.0
2021-04-16,12,AR1 alpha + Basic + One-Step,NYSE:RJF,0.0
2021-04-19,12,AR1 alpha + Basic + One-Step,NYSE:RJF,2.3237227568580035e-08
2021-04-20,12,AR1 alpha + Basic + One-Step,NYSE:RJF,0.0
2021-04-21,12,AR1 alpha + Basic + One-Step,NYSE:RJF,0.0
2021-04-22,12,AR1 alpha + Basic + One-Step,NYSE:RJF,0.0
2021-04-23,12,AR1 alpha + Basic + One-Step,NYSE:RJF,0.0
2021-04-26,12,AR1 alpha + Basic + One-Step,NYSE:RJF,0.0
2021-04-27,12,AR1 alpha + Basic + One-Step,NYSE:RJF,6.014014794013748e-07
2021-04-28,12,AR1 alpha + Basic + One-Step,NYSE:RJF,0.0
2021-04-29,12,AR1 alpha + Basic + One-Step,NYSE:RJF,0.0
2021-04-30,12,AR1 alpha + Basic + One-Step,NYSE:RJF,0.0
2021-05-03,12,AR1 alpha + Basic + One-Step,NYSE:RJF,0.0
2021-05-04,12,AR1 alpha + Basic + One-Step,NYSE:RJF,3.427770335874357e-08
2021-05-05,12,AR1 alpha + Basic + One-Step,NYSE:RJF,0.0
2021-05-06,12,AR1 alpha + Basic + One-Step,NYSE:RJF,0.0
2021-05-07,12,AR1 alpha + Basic + One-Step,NYSE:RJF,0.0
2021-05-10,12,AR1 alpha + Basic + One-Step,NYSE:RJF,0.0
2021-05-11,12,AR1 alpha + Basic + One-Step,NYSE:RJF,0.0
2021-05-12,12,AR1 alpha + Basic + One-Step,NYSE:RJF,0.09363649698998171
2021-05-13,12,AR1 alpha + Basic + One-Step,NYSE:RJF,0.050092395225263375
2021-05-14,12,AR1 alpha + Basic + One-Step,NYSE:RJF,2.458886492783846e-07
2021-05-17,12,AR1 alpha + Basic + One-Step,NYSE:RJF,1.926523092540205e-07
2021-05-18,12,AR1 alpha + Basic + One-Step,NYSE:RJF,0.04688172318699891
2021-05-19,12,AR1 alpha + Basic + One-Step,NYSE:RJF,0.04688170049314729
2021-05-20,12,AR1 alpha + Basic + One-Step,NYSE:RJF,0.017251394832691773
2021-05-21,12,AR1 alpha + Basic + One-Step,NYSE:RJF,0.0016710962765359159
2021-05-24,12,AR1 alpha + Basic + One-Step,NYSE:RJF,0.0
2021-05-25,12,AR1 alpha + Basic + One-Step,NYSE:RJF,0.0
2021-05-26,12,AR1 alpha + Basic + One-Step,NYSE:RJF,0.0
2021-05-27,12,AR1 alpha + Basic + One-Step,NYSE:RJF,0.0122253835033623
2021-05-28,12,AR1 alpha + Basic + One-Step,NYSE:RJF,0.0
2021-06-01,12,AR1 alpha + Basic + One-Step,NYSE:RJF,0.0
2021-06-02,12,AR1 alpha + Basic + One-Step,NYSE:RJF,0.0
2021-06-03,12,AR1 alpha + Basic + One-Step,NYSE:RJF,0.0
2021-06-04,12,AR1 alpha + Basic + One-Step,NYSE:RJF,0.0
2021-06-07,12,AR1 alpha + Basic + One-Step,NYSE:RJF,0.09999971731557203
2021-06-08,12,AR1 alpha + Basic + One-Step,NYSE:RJF,2.767015257609648e-08
2021-06-09,12,AR1 alpha + Basic + One-Step,NYSE:RJF,0.044473089372451584
2021-06-10,12,AR1 alpha + Basic + One-Step,NYSE:RJF,0.0
2021-06-11,12,AR1 alpha + Basic + One-Step,NYSE:RJF,0.0
2021-06-14,12,AR1 alpha + Basic + One-Step,NYSE:RJF,0.0
2021-06-15,12,AR1 alpha + Basic + One-Step,NYSE:RJF,0.0
2021-06-16,12,AR1 alpha + Basic + One-Step,NYSE:RJF,0.0
2021-06-17,12,AR1 alpha + Basic + One-Step,NYSE:RJF,0.06004593644171334
2021-06-18,12,AR1 alpha + Basic + One-Step,NYSE:RJF,0.09999575548162912
2021-06-21,12,AR1 alpha + Basic + One-Step,NYSE:RJF,0.0
2021-06-22,12,AR1 alpha + Basic + One-Step,NYSE:RJF,1.3385753603161645e-07
2021-06-23,12,AR1 alpha + Basic + One-Step,NYSE:RJF,5.256963892287868e-07
2021-06-24,12,AR1 alpha + Basic + One-Step,NYSE:RJF,1.0395002631133427e-06
2021-06-25,12,AR1 alpha + Basic + One-Step,NYSE:RJF,0.0
2021-06-28,12,AR1 alpha + Basic + One-Step,NYSE:RJF,0.0
2021-06-29,12,AR1 alpha + Basic + One-Step,NYSE:RJF,0.0
2021-06-30,12,AR1 alpha + Basic + One-Step,NYSE:RJF,0.0
2021-07-01,12,AR1 alpha + Basic + One-Step,NYSE:RJF,0.0
2021-07-02,12,AR1 alpha + Basic + One-Step,NYSE:RJF,0.0
2021-07-06,12,AR1 alpha + Basic + One-Step,NYSE:RJF,0.0
2021-07-07,12,AR1 alpha + Basic + One-Step,NYSE:RJF,0.0
2021-07-08,12,AR1 alpha + Basic + One-Step,NYSE:RJF,0.09998753889274292
2021-07-09,12,AR1 alpha + Basic + One-Step,NYSE:RJF,0.0
2021-07-12,12,AR1 alpha + Basic + One-Step,NYSE:RJF,0.0
2021-07-13,12,AR1 alpha + Basic + One-Step,NYSE:RJF,7.229581891852642e-08
2021-07-14,12,AR1 alpha + Basic + One-Step,NYSE:RJF,0.0012663629601047809
2021-07-15,12,AR1 alpha + Basic + One-Step,NYSE:RJF,0.0
2021-07-16,12,AR1 alpha + Basic + One-Step,NYSE:RJF,0.03266646426955024
2021-07-19,12,AR1 alpha + Basic + One-Step,NYSE:RJF,0.09998712903156666
2021-07-20,12,AR1 alpha + Basic + One-Step,NYSE:RJF,0.08264032175860106
2021-07-21,12,AR1 alpha + Basic + One-Step,NYSE:RJF,0.0
2021-07-22,12,AR1 alpha + Basic + One-Step,NYSE:RJF,0.06282913425386576
2021-07-23,12,AR1 alpha + Basic + One-Step,NYSE:RJF,0.0568898064782743
2021-07-26,12,AR1 alpha + Basic + One-Step,NYSE:RJF,2.456301475712291e-07
2021-07-27,12,AR1 alpha + Basic + One-Step,NYSE:RJF,0.06825700137978383
2021-07-28,12,AR1 alpha + Basic + One-Step,NYSE:RJF,0.0
2021-07-29,12,AR1 alpha + Basic + One-Step,NYSE:RJF,0.0
2021-07-30,12,AR1 alpha + Basic + One-Step,NYSE:RJF,0.09998693712119669
2021-08-02,12,AR1 alpha + Basic + One-Step,NYSE:RJF,0.057720413202043616
2021-08-03,12,AR1 alpha + Basic + One-Step,NYSE:RJF,0.07010086196984029
2021-08-04,12,AR1 alpha + Basic + One-Step,NYSE:RJF,0.1000001442238406
2021-08-05,12,AR1 alpha + Basic + One-Step,NYSE:RJF,0.0
2021-08-06,12,AR1 alpha + Basic + One-Step,NYSE:RJF,0.0
2021-08-09,12,AR1 alpha + Basic + One-Step,NYSE:RJF,3.358321919812083e-07
2021-08-10,12,AR1 alpha + Basic + One-Step,NYSE:RJF,2.0399554256534441e-07
2021-08-11,12,AR1 alpha + Basic + One-Step,NYSE:RJF,2.3118129222898706e-07
2021-08-12,12,AR1 alpha + Basic + One-Step,NYSE:RJF,0.0
2021-08-13,12,AR1 alpha + Basic + One-Step,NYSE:RJF,0.0
2021-08-16,12,AR1 alpha + Basic + One-Step,NYSE:RJF,0.0
2021-08-17,12,AR1 alpha + Basic + One-Step,NYSE:RJF,0.05951722321577388
2021-08-18,12,AR1 alpha + Basic + One-Step,NYSE:RJF,0.05951282255270741
2021-08-19,12,AR1 alpha + Basic + One-Step,NYSE:RJF,0.09998545214795354
2021-08-20,12,AR1 alpha + Basic + One-Step,NYSE:RJF,0.09999030056419225
2021-08-23,12,AR1 alpha + Basic + One-Step,NYSE:RJF,0.09100757181596345
2021-08-24,12,AR1 alpha + Basic + One-Step,NYSE:RJF,0.02618235247365193
2021-08-25,12,AR1 alpha + Basic + One-Step,NYSE:RJF,0.0
2021-08-26,12,AR1 alpha + Basic + One-Step,NYSE:RJF,0.01414926464408518
2021-08-27,12,AR1 alpha + Basic + One-Step,NYSE:RJF,0.0
2021-08-30,12,AR1 alpha + Basic + One-Step,NYSE:RJF,0.05848217179358523
2021-08-31,12,AR1 alpha + Basic + One-Step,NYSE:RJF,0.09999904323369223
2021-09-01,12,AR1 alpha + Basic + One-Step,NYSE:RJF,0.09998601866812747
2021-09-02,12,AR1 alpha + Basic + One-Step,NYSE:RJF,0.09998961185544594
2021-09-03,12,AR1 alpha + Basic + One-Step,NYSE:RJF,0.09998499867471955
2021-09-07,12,AR1 alpha + Basic + One-Step,NYSE:RJF,0.09997831296291985
2021-09-08,12,AR1 alpha + Basic + One-Step,NYSE:RJF,0.09996879542286569
2021-09-09,12,AR1 alpha + Basic + One-Step,NYSE:RJF,0.09999790795018267
2021-09-10,12,AR1 alpha + Basic + One-Step,NYSE:RJF,0.0999964410530207
2021-09-13,12,AR1 alpha + Basic + One-Step,NYSE:RJF,0.0999969033536779
2021-09-14,12,AR1 alpha + Basic + One-Step,NYSE:RJF,0.07561571406178991
2021-09-15,12,AR1 alpha + Basic + One-Step,NYSE:RJF,0.08275875035493643
2021-09-16,12,AR1 alpha + Basic + One-Step,NYSE:RJF,0.09999655807725952
2021-09-17,12,AR1 alpha + Basic + One-Step,NYSE:RJF,0.09998983467721503
2021-09-20,12,AR1 alpha + Basic + One-Step,NYSE:RJF,0.09885063196444628
2021-09-21,12,AR1 alpha + Basic + One-Step,NYSE:RJF,0.10000090474674962
2021-09-22,12,AR1 alpha + Basic + One-Step,NYSE:RJF,0.09999245479377548
2021-09-23,12,AR1 alpha + Basic + One-Step,NYSE:RJF,0.0
2021-09-24,12,AR1 alpha + Basic + One-Step,NYSE:RJF,0.0
2021-09-27,12,AR1 alpha + Basic + One-Step,NYSE:RJF,0.0
2021-09-28,12,AR1 alpha + Basic + One-Step,NYSE:RJF,0.0
2021-09-29,12,AR1 alpha + Basic + One-Step,NYSE:RJF,0.0
2021-09-30,12,AR1 alpha + Basic + One-Step,NYSE:RJF,0.0
2021-10-01,12,AR1 alpha + Basic + One-Step,NYSE:RJF,1.438669576903766e-08
2021-10-04,12,AR1 alpha + Basic + One-Step,NYSE:RJF,0.0
2021-10-05,12,AR1 alpha + Basic + One-Step,NYSE:RJF,0.0
2021-10-06,12,AR1 alpha + Basic + One-Step,NYSE:RJF,1.2236005757698487e-06
2021-10-07,12,AR1 alpha + Basic + One-Step,NYSE:RJF,0.0
2021-10-08,12,AR1 alpha + Basic + One-Step,NYSE:RJF,0.0
2021-10-11,12,AR1 alpha + Basic + One-Step,NYSE:RJF,0.0
2021-10-12,12,AR1 alpha + Basic + One-Step,NYSE:RJF,0.0
2021-10-13,12,AR1 alpha + Basic + One-Step,NYSE:RJF,0.0
2021-10-14,12,AR1 alpha + Basic + One-Step,NYSE:RJF,0.0
2021-10-15,12,AR1 alpha + Basic + One-Step,NYSE:RJF,0.0
2021-10-18,12,AR1 alpha + Basic + One-Step,NYSE:RJF,0.0
2021-10-19,12,AR1 alpha + Basic + One-Step,NYSE:RJF,0.0
2021-10-20,12,AR1 alpha + Basic + One-Step,NYSE:RJF,0.0
2021-10-21,12,AR1 alpha + Basic + One-Step,NYSE:RJF,0.0
2021-10-22,12,AR1 alpha + Basic + One-Step,NYSE:RJF,0.0
2021-10-25,12,AR1 alpha + Basic + One-Step,NYSE:RJF,0.0
2021-10-26,12,AR1 alpha + Basic + One-Step,NYSE:RJF,0.0
2021-10-27,12,AR1 alpha + Basic + One-Step,NYSE:RJF,0.0
2021-10-28,12,AR1 alpha + Basic + One-Step,NYSE:RJF,0.09999830943912544
2021-10-29,12,AR1 alpha + Basic + One-Step,NYSE:RJF,0.09999483226562754
2021-11-01,12,AR1 alpha + Basic + One-Step,NYSE:RJF,0.05863433738836918
2021-11-02,12,AR1 alpha + Basic + One-Step,NYSE:RJF,0.0
2021-11-03,12,AR1 alpha + Basic + One-Step,NYSE:RJF,0.0
2021-11-04,12,AR1 alpha + Basic + One-Step,NYSE:RJF,0.0003506606683419771
2021-11-05,12,AR1 alpha + Basic + One-Step,NYSE:RJF,0.00035060991440701147
2021-11-08,12,AR1 alpha + Basic + One-Step,NYSE:RJF,0.02781675699386541
2021-11-09,12,AR1 alpha + Basic + One-Step,NYSE:RJF,3.2983922102370303e-07
2021-11-10,12,AR1 alpha + Basic + One-Step,NYSE:RJF,2.2449617906355464e-07
2021-11-11,12,AR1 alpha + Basic + One-Step,NYSE:RJF,6.330851841896399e-09
2021-11-12,12,AR1 alpha + Basic + One-Step,NYSE:RJF,0.014391381680585347
2021-11-15,12,AR1 alpha + Basic + One-Step,NYSE:RJF,0.00204569716408015
2021-11-16,12,AR1 alpha + Basic + One-Step,NYSE:RJF,0.0020442515510564457
2021-11-17,12,AR1 alpha + Basic + One-Step,NYSE:RJF,0.03181361134040105
2021-11-18,12,AR1 alpha + Basic + One-Step,NYSE:RJF,0.010599741000677601
2021-11-19,12,AR1 alpha + Basic + One-Step,NYSE:RJF,0.0
2021-11-22,12,AR1 alpha + Basic + One-Step,NYSE:RJF,0.018437296248626108
2021-11-23,12,AR1 alpha + Basic + One-Step,NYSE:RJF,0.0
2021-11-24,12,AR1 alpha + Basic + One-Step,NYSE:RJF,0.0
2021-11-26,12,AR1 alpha + Basic + One-Step,NYSE:RJF,0.0
2021-11-29,12,AR1 alpha + Basic + One-Step,NYSE:RJF,0.0
2021-11-30,12,AR1 alpha + Basic + One-Step,NYSE:RJF,0.0
2021-12-01,12,AR1 alpha + Basic + One-Step,NYSE:RJF,0.03162520276180357
2021-12-02,12,AR1 alpha + Basic + One-Step,NYSE:RJF,0.0
2021-12-03,12,AR1 alpha + Basic + One-Step,NYSE:RJF,0.09999964149639813
2021-12-06,12,AR1 alpha + Basic + One-Step,NYSE:RJF,0.0
2021-12-07,12,AR1 alpha + Basic + One-Step,NYSE:RJF,0.013950638615928218
2021-12-08,12,AR1 alpha + Basic + One-Step,NYSE:RJF,0.0
2021-12-09,12,AR1 alpha + Basic + One-Step,NYSE:RJF,0.07719079990669143
2021-12-10,12,AR1 alpha + Basic + One-Step,NYSE:RJF,0.08007141652880924
2021-12-13,12,AR1 alpha + Basic + One-Step,NYSE:RJF,0.09999003083690268
2021-12-14,12,AR1 alpha + Basic + One-Step,NYSE:RJF,0.0999933802717096
2021-12-15,12,AR1 alpha + Basic + One-Step,NYSE:RJF,0.06482553187940598
2021-12-16,12,AR1 alpha + Basic + One-Step,NYSE:RJF,0.0
2021-12-17,12,AR1 alpha + Basic + One-Step,NYSE:RJF,0.041688300898842276
2021-12-20,12,AR1 alpha + Basic + One-Step,NYSE:RJF,0.08467441836816485
2021-12-21,12,AR1 alpha + Basic + One-Step,NYSE:RJF,0.09998467698918291
2021-12-22,12,AR1 alpha + Basic + One-Step,NYSE:RJF,0.1000005948217518
2021-12-23,12,AR1 alpha + Basic + One-Step,NYSE:RJF,0.054176656206494686
2021-12-27,12,AR1 alpha + Basic + One-Step,NYSE:RJF,0.0
2021-12-28,12,AR1 alpha + Basic + One-Step,NYSE:RJF,0.0
2021-12-29,12,AR1 alpha + Basic + One-Step,NYSE:RJF,0.0
2021-12-30,12,AR1 alpha + Basic + One-Step,NYSE:RJF,0.08197807541700824
2021-12-31,12,AR1 alpha + Basic + One-Step,NYSE:RJF,0.08901756847455562
2022-01-03,12,AR1 alpha + Basic + One-Step,NYSE:RJF,0.0
2022-01-04,12,AR1 alpha + Basic + One-Step,NYSE:RJF,0.0
2022-01-05,12,AR1 alpha + Basic + One-Step,NYSE:RJF,0.0
2022-01-06,12,AR1 alpha + Basic + One-Step,NYSE:RJF,0.0
2022-01-07,12,AR1 alpha + Basic + One-Step,NYSE:RJF,6.878058090506091e-08
2022-01-10,12,AR1 alpha + Basic + One-Step,NYSE:RJF,0.0
2022-01-11,12,AR1 alpha + Basic + One-Step,NYSE:RJF,0.0
2022-01-12,12,AR1 alpha + Basic + One-Step,NYSE:RJF,0.0
2022-01-13,12,AR1 alpha + Basic + One-Step,NYSE:RJF,0.043896539875777754
2022-01-14,12,AR1 alpha + Basic + One-Step,NYSE:RJF,0.06212587099325925
2022-01-18,12,AR1 alpha + Basic + One-Step,NYSE:RJF,0.09999360262104545
2022-01-19,12,AR1 alpha + Basic + One-Step,NYSE:RJF,0.09998797747417466
2022-01-20,12,AR1 alpha + Basic + One-Step,NYSE:RJF,0.09998314199199304
2022-01-21,12,AR1 alpha + Basic + One-Step,NYSE:RJF,0.10000125377910696
2022-01-24,12,AR1 alpha + Basic + One-Step,NYSE:RJF,0.09999959652599723
2022-01-25,12,AR1 alpha + Basic + One-Step,NYSE:RJF,0.09999293673860062
2022-01-26,12,AR1 alpha + Basic + One-Step,NYSE:RJF,0.09999531393271206
2022-01-27,12,AR1 alpha + Basic + One-Step,NYSE:RJF,0.09999436423555795
2022-01-28,12,AR1 alpha + Basic + One-Step,NYSE:RJF,0.06026756245050399
2022-01-31,12,AR1 alpha + Basic + One-Step,NYSE:RJF,0.0
2022-02-01,12,AR1 alpha + Basic + One-Step,NYSE:RJF,0.0
2022-02-02,12,AR1 alpha + Basic + One-Step,NYSE:RJF,0.0
2022-02-03,12,AR1 alpha + Basic + One-Step,NYSE:RJF,0.03245949268207955
2022-02-04,12,AR1 alpha + Basic + One-Step,NYSE:RJF,2.5592063228410136e-07
2022-02-07,12,AR1 alpha + Basic + One-Step,NYSE:RJF,1.7007231750526574e-07
2022-02-08,12,AR1 alpha + Basic + One-Step,NYSE:RJF,0.0
2022-02-09,12,AR1 alpha + Basic + One-Step,NYSE:RJF,9.1038046738253e-11
2022-02-10,12,AR1 alpha + Basic + One-Step,NYSE:RJF,1.2420973564942703e-08
2022-02-11,12,AR1 alpha + Basic + One-Step,NYSE:RJF,0.09999999820999986
2022-02-14,12,AR1 alpha + Basic + One-Step,NYSE:RJF,0.09999929414058127
2022-02-15,12,AR1 alpha + Basic + One-Step,NYSE:RJF,0.0
2022-02-16,12,AR1 alpha + Basic + One-Step,NYSE:RJF,0.0
2022-02-17,12,AR1 alpha + Basic + One-Step,NYSE:RJF,0.09999804361866049
2022-02-18,12,AR1 alpha + Basic + One-Step,NYSE:RJF,0.08801434960018058
2022-02-22,12,AR1 alpha + Basic + One-Step,NYSE:RJF,0.07415016539046618
2022-02-23,12,AR1 alpha + Basic + One-Step,NYSE:RJF,0.10000000000000005
2022-02-24,12,AR1 alpha + Basic + One-Step,NYSE:RJF,0.10000000000000003
2022-02-25,12,AR1 alpha + Basic + One-Step,NYSE:RJF,0.015861601759090863
2022-02-28,12,AR1 alpha + Basic + One-Step,NYSE:RJF,0.07570481978769221
2022-03-01,12,AR1 alpha + Basic + One-Step,NYSE:RJF,2.994848850476646e-07
2022-03-02,12,AR1 alpha + Basic + One-Step,NYSE:RJF,9.066223191718792e-08
2022-03-03,12,AR1 alpha + Basic + One-Step,NYSE:RJF,0.06446610144405698
2022-03-04,12,AR1 alpha + Basic + One-Step,NYSE:RJF,0.050017220863214785
2022-03-07,12,AR1 alpha + Basic + One-Step,NYSE:RJF,1.4600485968133161e-08
2022-03-08,12,AR1 alpha + Basic + One-Step,NYSE:RJF,1.485493090596019e-06
2022-03-09,12,AR1 alpha + Basic + One-Step,NYSE:RJF,1.5965311911700578e-07
2022-03-10,12,AR1 alpha + Basic + One-Step,NYSE:RJF,7.918832513433419e-08
2022-03-11,12,AR1 alpha + Basic + One-Step,NYSE:RJF,3.267142535357507e-07
2022-03-14,12,AR1 alpha + Basic + One-Step,NYSE:RJF,0.0
2022-03-15,12,AR1 alpha + Basic + One-Step,NYSE:RJF,0.0
2022-03-16,12,AR1 alpha + Basic + One-Step,NYSE:RJF,0.10000000000000003
2022-03-17,12,AR1 alpha + Basic + One-Step,NYSE:RJF,0.09999431964620006
2022-03-18,12,AR1 alpha + Basic + One-Step,NYSE:RJF,0.09998965344455103
2022-03-21,12,AR1 alpha + Basic + One-Step,NYSE:RJF,0.0999918232385855
2022-03-22,12,AR1 alpha + Basic + One-Step,NYSE:RJF,0.09999080400962583
2022-03-23,12,AR1 alpha + Basic + One-Step,NYSE:RJF,0.023716107334508508
2022-03-24,12,AR1 alpha + Basic + One-Step,NYSE:RJF,0.06312202892228325
2022-03-25,12,AR1 alpha + Basic + One-Step,NYSE:RJF,0.10000049473644772
2022-03-28,12,AR1 alpha + Basic + One-Step,NYSE:RJF,0.09999820759837275
2022-03-29,12,AR1 alpha + Basic + One-Step,NYSE:RJF,0.09999222876842442
2022-03-30,12,AR1 alpha + Basic + One-Step,NYSE:RJF,0.09999275341966418
2022-03-31,12,AR1 alpha + Basic + One-Step,NYSE:RJF,0.0
2022-04-01,12,AR1 alpha + Basic + One-Step,NYSE:RJF,0.0
2022-04-04,12,AR1 alpha + Basic + One-Step,NYSE:RJF,0.0
2022-04-05,12,AR1 alpha + Basic + One-Step,NYSE:RJF,0.0
2022-04-06,12,AR1 alpha + Basic + One-Step,NYSE:RJF,0.0
2022-04-07,12,AR1 alpha + Basic + One-Step,NYSE:RJF,0.0
2022-04-08,12,AR1 alpha + Basic + One-Step,NYSE:RJF,0.0
2022-04-11,12,AR1 alpha + Basic + One-Step,NYSE:RJF,0.0
2022-04-12,12,AR1 alpha + Basic + One-Step,NYSE:RJF,0.0
2022-04-13,12,AR1 alpha + Basic + One-Step,NYSE:RJF,0.07250416848991834
2022-04-14,12,AR1 alpha + Basic + One-Step,NYSE:RJF,0.051652158445382484
2022-04-18,12,AR1 alpha + Basic + One-Step,NYSE:RJF,0.036517845654487055
2022-04-19,12,AR1 alpha + Basic + One-Step,NYSE:RJF,0.02479361824309399
2022-04-20,12,AR1 alpha + Basic + One-Step,NYSE:RJF,0.008572351617265548
2022-04-21,12,AR1 alpha + Basic + One-Step,NYSE:RJF,0.0
2022-04-22,12,AR1 alpha + Basic + One-Step,NYSE:RJF,0.0
2022-04-25,12,AR1 alpha + Basic + One-Step,NYSE:RJF,0.0
2022-04-26,12,AR1 alpha + Basic + One-Step,NYSE:RJF,0.0
2022-04-27,12,AR1 alpha + Basic + One-Step,NYSE:RJF,0.0
2022-04-28,12,AR1 alpha + Basic + One-Step,NYSE:RJF,0.0
2022-04-29,12,AR1 alpha + Basic + One-Step,NYSE:RJF,0.0
2022-05-02,12,AR1 alpha + Basic + One-Step,NYSE:RJF,0.0
2022-05-03,12,AR1 alpha + Basic + One-Step,NYSE:RJF,0.0
2022-05-04,12,AR1 alpha + Basic + One-Step,NYSE:RJF,6.812731381671565e-07
2022-05-05,12,AR1 alpha + Basic + One-Step,NYSE:RJF,0.0
2022-05-06,12,AR1 alpha + Basic + One-Step,NYSE:RJF,6.833960577124324e-09
2022-05-09,12,AR1 alpha + Basic + One-Step,NYSE:RJF,0.0
2022-05-10,12,AR1 alpha + Basic + One-Step,NYSE:RJF,0.0
2022-05-11,12,AR1 alpha + Basic + One-Step,NYSE:RJF,0.0
2022-05-12,12,AR1 alpha + Basic + One-Step,NYSE:RJF,4.228184012382692e-08
2022-05-13,12,AR1 alpha + Basic + One-Step,NYSE:RJF,0.0
2022-05-16,12,AR1 alpha + Basic + One-Step,NYSE:RJF,5.994298332515938e-07
2022-05-17,12,AR1 alpha + Basic + One-Step,NYSE:RJF,3.1199846370015666e-07
2022-05-18,12,AR1 alpha + Basic + One-Step,NYSE:RJF,9.789704537020626e-07
2022-05-19,12,AR1 alpha + Basic + One-Step,NYSE:RJF,0.0
2022-05-20,12,AR1 alpha + Basic + One-Step,NYSE:RJF,0.0
2022-05-23,12,AR1 alpha + Basic + One-Step,NYSE:RJF,2.731021883382969e-07
2022-05-24,12,AR1 alpha + Basic + One-Step,NYSE:RJF,0.0
2022-05-25,12,AR1 alpha + Basic + One-Step,NYSE:RJF,2.12040248650875e-07
2022-05-26,12,AR1 alpha + Basic + One-Step,NYSE:RJF,0.0
2022-05-27,12,AR1 alpha + Basic + One-Step,NYSE:RJF,2.0827242398132272e-08
2022-05-31,12,AR1 alpha + Basic + One-Step,NYSE:RJF,0.0
2022-06-01,12,AR1 alpha + Basic + One-Step,NYSE:RJF,0.0
2022-06-02,12,AR1 alpha + Basic + One-Step,NYSE:RJF,0.0
2022-06-03,12,AR1 alpha + Basic + One-Step,NYSE:RJF,0.0
2022-06-06,12,AR1 alpha + Basic + One-Step,NYSE:RJF,1.9764634131518645e-07
2022-06-07,12,AR1 alpha + Basic + One-Step,NYSE:RJF,0.0
2022-06-08,12,AR1 alpha + Basic + One-Step,NYSE:RJF,0.0
2022-06-09,12,AR1 alpha + Basic + One-Step,NYSE:RJF,0.0
2022-06-10,12,AR1 alpha + Basic + One-Step,NYSE:RJF,1.0578564523389337e-07
2022-06-13,12,AR1 alpha + Basic + One-Step,NYSE:RJF,3.176477323717721e-07
2022-06-14,12,AR1 alpha + Basic + One-Step,NYSE:RJF,2.497755619806123e-07
2022-06-15,12,AR1 alpha + Basic + One-Step,NYSE:RJF,0.0
2022-06-16,12,AR1 alpha + Basic + One-Step,NYSE:RJF,0.0
2022-06-17,12,AR1 alpha + Basic + One-Step,NYSE:RJF,0.0
2022-06-21,12,AR1 alpha + Basic + One-Step,NYSE:RJF,1.2551815868054802e-06
2022-06-22,12,AR1 alpha + Basic + One-Step,NYSE:RJF,6.3292506592022e-07
2022-06-23,12,AR1 alpha + Basic + One-Step,NYSE:RJF,0.0
2022-06-24,12,AR1 alpha + Basic + One-Step,NYSE:RJF,0.017702471766486597
2022-06-27,12,AR1 alpha + Basic + One-Step,NYSE:RJF,0.016911930432154717
2022-06-28,12,AR1 alpha + Basic + One-Step,NYSE:RJF,0.0
2022-06-29,12,AR1 alpha + Basic + One-Step,NYSE:RJF,0.0
2022-06-30,12,AR1 alpha + Basic + One-Step,NYSE:RJF,0.0
2022-07-01,12,AR1 alpha + Basic + One-Step,NYSE:RJF,0.0
2022-07-05,12,AR1 alpha + Basic + One-Step,NYSE:RJF,0.0
2022-07-06,12,AR1 alpha + Basic + One-Step,NYSE:RJF,0.0
2022-07-07,12,AR1 alpha + Basic + One-Step,NYSE:RJF,0.0
2022-07-08,12,AR1 alpha + Basic + One-Step,NYSE:RJF,0.0
2022-07-11,12,AR1 alpha + Basic + One-Step,NYSE:RJF,0.0
2022-07-12,12,AR1 alpha + Basic + One-Step,NYSE:RJF,3.905763420891623e-07
2022-07-13,12,AR1 alpha + Basic + One-Step,NYSE:RJF,4.965055597341664e-07
2022-07-14,12,AR1 alpha + Basic + One-Step,NYSE:RJF,0.0
2022-07-15,12,AR1 alpha + Basic + One-Step,NYSE:RJF,0.0
2022-07-18,12,AR1 alpha + Basic + One-Step,NYSE:RJF,0.0
2022-07-19,12,AR1 alpha + Basic + One-Step,NYSE:RJF,0.0
2022-07-20,12,AR1 alpha + Basic + One-Step,NYSE:RJF,0.0
2022-07-21,12,AR1 alpha + Basic + One-Step,NYSE:RJF,0.02580516282787371
2022-07-22,12,AR1 alpha + Basic + One-Step,NYSE:RJF,0.0
2022-07-25,12,AR1 alpha + Basic + One-Step,NYSE:RJF,0.0
2022-07-26,12,AR1 alpha + Basic + One-Step,NYSE:RJF,0.0
2022-07-27,12,AR1 alpha + Basic + One-Step,NYSE:RJF,0.0
2022-07-28,12,AR1 alpha + Basic + One-Step,NYSE:RJF,0.0
2022-07-29,12,AR1 alpha + Basic + One-Step,NYSE:RJF,0.0
2022-08-01,12,AR1 alpha + Basic + One-Step,NYSE:RJF,0.0
2022-08-02,12,AR1 alpha + Basic + One-Step,NYSE:RJF,0.0
2022-08-03,12,AR1 alpha + Basic + One-Step,NYSE:RJF,0.0
2022-08-04,12,AR1 alpha + Basic + One-Step,NYSE:RJF,0.0
2022-08-05,12,AR1 alpha + Basic + One-Step,NYSE:RJF,0.0
2022-08-08,12,AR1 alpha + Basic + One-Step,NYSE:RJF,0.0
2022-08-09,12,AR1 alpha + Basic + One-Step,NYSE:RJF,0.0
2022-08-10,12,AR1 alpha + Basic + One-Step,NYSE:RJF,0.0
2022-08-11,12,AR1 alpha + Basic + One-Step,NYSE:RJF,0.0
2022-08-12,12,AR1 alpha + Basic + One-Step,NYSE:RJF,0.0
2022-08-15,12,AR1 alpha + Basic + One-Step,NYSE:RJF,0.0
2022-08-16,12,AR1 alpha + Basic + One-Step,NYSE:RJF,0.0
2022-08-17,12,AR1 alpha + Basic + One-Step,NYSE:RJF,0.0
2022-08-18,12,AR1 alpha + Basic + One-Step,NYSE:RJF,0.0
2022-08-19,12,AR1 alpha + Basic + One-Step,NYSE:RJF,0.0
2022-08-22,12,AR1 alpha + Basic + One-Step,NYSE:RJF,0.0
2022-08-23,12,AR1 alpha + Basic + One-Step,NYSE:RJF,0.0
2022-08-24,12,AR1 alpha + Basic + One-Step,NYSE:RJF,1.2162909393937177e-07
2022-08-25,12,AR1 alpha + Basic + One-Step,NYSE:RJF,0.0
2022-08-26,12,AR1 alpha + Basic + One-Step,NYSE:RJF,0.0
2022-08-29,12,AR1 alpha + Basic + One-Step,NYSE:RJF,0.0
2022-08-30,12,AR1 alpha + Basic + One-Step,NYSE:RJF,0.0
2022-08-31,12,AR1 alpha + Basic + One-Step,NYSE:RJF,0.0
2022-09-01,12,AR1 alpha + Basic + One-Step,NYSE:RJF,0.0
2022-09-02,12,AR1 alpha + Basic + One-Step,NYSE:RJF,0.0
2022-09-06,12,AR1 alpha + Basic + One-Step,NYSE:RJF,0.0
2022-09-07,12,AR1 alpha + Basic + One-Step,NYSE:RJF,0.0
2022-09-08,12,AR1 alpha + Basic + One-Step,NYSE:RJF,0.017981209303029433
2022-09-09,12,AR1 alpha + Basic + One-Step,NYSE:RJF,0.039418849466312474
2022-09-12,12,AR1 alpha + Basic + One-Step,NYSE:RJF,0.039488628134235884
2022-09-13,12,AR1 alpha + Basic + One-Step,NYSE:RJF,0.0
2022-09-14,12,AR1 alpha + Basic + One-Step,NYSE:RJF,0.0056549170435300925
2022-09-15,12,AR1 alpha + Basic + One-Step,NYSE:RJF,0.08031968808481602
2022-09-16,12,AR1 alpha + Basic + One-Step,NYSE:RJF,0.058923808172902666
2022-09-19,12,AR1 alpha + Basic + One-Step,NYSE:RJF,0.09999635800457951
2022-09-20,12,AR1 alpha + Basic + One-Step,NYSE:RJF,0.07177804566903924
2022-09-21,12,AR1 alpha + Basic + One-Step,NYSE:RJF,0.050014107580441176
2022-09-22,12,AR1 alpha + Basic + One-Step,NYSE:RJF,0.0
2022-09-23,12,AR1 alpha + Basic + One-Step,NYSE:RJF,0.0
2022-09-26,12,AR1 alpha + Basic + One-Step,NYSE:RJF,6.458690899073186e-09
2022-09-27,12,AR1 alpha + Basic + One-Step,NYSE:RJF,0.0
2022-09-28,12,AR1 alpha + Basic + One-Step,NYSE:RJF,0.0
2022-09-29,12,AR1 alpha + Basic + One-Step,NYSE:RJF,0.0
2022-09-30,12,AR1 alpha + Basic + One-Step,NYSE:RJF,0.0
2022-10-03,12,AR1 alpha + Basic + One-Step,NYSE:RJF,0.0
2022-10-04,12,AR1 alpha + Basic + One-Step,NYSE:RJF,0.09999831402796006
2022-10-05,12,AR1 alpha + Basic + One-Step,NYSE:RJF,0.09999889517833845
2022-10-06,12,AR1 alpha + Basic + One-Step,NYSE:RJF,0.0999953002618885
2022-10-07,12,AR1 alpha + Basic + One-Step,NYSE:RJF,0.09999747587202332
2022-10-10,12,AR1 alpha + Basic + One-Step,NYSE:RJF,0.09999846845079277
2022-10-11,12,AR1 alpha + Basic + One-Step,NYSE:RJF,0.0
2022-10-12,12,AR1 alpha + Basic + One-Step,NYSE:RJF,4.790393526860681e-08
2022-10-13,12,AR1 alpha + Basic + One-Step,NYSE:RJF,0.0896488418950566
2022-10-14,12,AR1 alpha + Basic + One-Step,NYSE:RJF,1.546411417255366e-06
2022-10-17,12,AR1 alpha + Basic + One-Step,NYSE:RJF,0.0
2022-10-18,12,AR1 alpha + Basic + One-Step,NYSE:RJF,0.0
2022-10-19,12,AR1 alpha + Basic + One-Step,NYSE:RJF,7.821335013033035e-09
2022-10-20,12,AR1 alpha + Basic + One-Step,NYSE:RJF,0.0
2022-10-21,12,AR1 alpha + Basic + One-Step,NYSE:RJF,8.693165961083178e-08
2022-10-24,12,AR1 alpha + Basic + One-Step,NYSE:RJF,0.0
2022-10-25,12,AR1 alpha + Basic + One-Step,NYSE:RJF,0.0
2022-10-26,12,AR1 alpha + Basic + One-Step,NYSE:RJF,0.0
2022-10-27,12,AR1 alpha + Basic + One-Step,NYSE:RJF,0.09999974794165245
2022-10-28,12,AR1 alpha + Basic + One-Step,NYSE:RJF,0.09999978896703189
2022-10-31,12,AR1 alpha + Basic + One-Step,NYSE:RJF,0.09999988890973086
2022-11-01,12,AR1 alpha + Basic + One-Step,NYSE:RJF,0.09999686415315574
2022-11-02,12,AR1 alpha + Basic + One-Step,NYSE:RJF,0.09999919982130344
2022-11-03,12,AR1 alpha + Basic + One-Step,NYSE:RJF,0.10000047383892069
2022-11-04,12,AR1 alpha + Basic + One-Step,NYSE:RJF,0.1000006317837217
2022-11-07,12,AR1 alpha + Basic + One-Step,NYSE:RJF,0.10000009846082486
2022-11-08,12,AR1 alpha + Basic + One-Step,NYSE:RJF,0.09999777595207197
2022-11-09,12,AR1 alpha + Basic + One-Step,NYSE:RJF,0.09999362862520059
2022-11-10,12,AR1 alpha + Basic + One-Step,NYSE:RJF,0.09999580889523009
2022-11-11,12,AR1 alpha + Basic + One-Step,NYSE:RJF,0.09999798534572266
2022-11-14,12,AR1 alpha + Basic + One-Step,NYSE:RJF,0.09999275305706176
2022-11-15,12,AR1 alpha + Basic + One-Step,NYSE:RJF,0.09999153729097443
2022-11-16,12,AR1 alpha + Basic + One-Step,NYSE:RJF,0.07092317023450456
2022-11-17,12,AR1 alpha + Basic + One-Step,NYSE:RJF,0.0
2022-11-18,12,AR1 alpha + Basic + One-Step,NYSE:RJF,0.10000123671094478
2022-11-21,12,AR1 alpha + Basic + One-Step,NYSE:RJF,0.10000094136437546
2022-11-22,12,AR1 alpha + Basic + One-Step,NYSE:RJF,0.10000030349111345
2022-11-23,12,AR1 alpha + Basic + One-Step,NYSE:RJF,0.020797932125212745
2022-11-25,12,AR1 alpha + Basic + One-Step,NYSE:RJF,0.014085514066748761
2022-11-28,12,AR1 alpha + Basic + One-Step,NYSE:RJF,0.0
2022-11-29,12,AR1 alpha + Basic + One-Step,NYSE:RJF,0.0
2022-11-30,12,AR1 alpha + Basic + One-Step,NYSE:RJF,0.0
2022-12-01,12,AR1 alpha + Basic + One-Step,NYSE:RJF,2.958588611946413e-08
2022-12-02,12,AR1 alpha + Basic + One-Step,NYSE:RJF,0.015242329058113136
2022-12-05,12,AR1 alpha + Basic + One-Step,NYSE:RJF,0.0
2022-12-06,12,AR1 alpha + Basic + One-Step,NYSE:RJF,0.0
2022-12-07,12,AR1 alpha + Basic + One-Step,NYSE:RJF,0.0
2022-12-08,12,AR1 alpha + Basic + One-Step,NYSE:RJF,0.0
2022-12-09,12,AR1 alpha + Basic + One-Step,NYSE:RJF,0.0
2022-12-12,12,AR1 alpha + Basic + One-Step,NYSE:RJF,1.767352733992627e-08
2022-12-13,12,AR1 alpha + Basic + One-Step,NYSE:RJF,0.0
2022-12-14,12,AR1 alpha + Basic + One-Step,NYSE:RJF,1.2653873991328085e-07
2022-12-15,12,AR1 alpha + Basic + One-Step,NYSE:RJF,0.0
2022-12-16,12,AR1 alpha + Basic + One-Step,NYSE:RJF,0.0
2022-12-19,12,AR1 alpha + Basic + One-Step,NYSE:RJF,0.0
2022-12-20,12,AR1 alpha + Basic + One-Step,NYSE:RJF,0.0
2022-12-21,12,AR1 alpha + Basic + One-Step,NYSE:RJF,5.633969191201732e-10
2022-12-22,12,AR1 alpha + Basic + One-Step,NYSE:RJF,0.0
2022-12-23,12,AR1 alpha + Basic + One-Step,NYSE:RJF,0.0
2022-12-27,12,AR1 alpha + Basic + One-Step,NYSE:RJF,3.6990638211704266e-07
2022-12-28,12,AR1 alpha + Basic + One-Step,NYSE:RJF,0.0
2022-12-29,12,AR1 alpha + Basic + One-Step,NYSE:RJF,6.771107243855193e-08
2022-12-30,12,AR1 alpha + Basic + One-Step,NYSE:RJF,0.0
2023-01-03,12,AR1 alpha + Basic + One-Step,NYSE:RJF,8.745466427871072e-08
2023-01-04,12,AR1 alpha + Basic + One-Step,NYSE:RJF,0.0
2023-01-05,12,AR1 alpha + Basic + One-Step,NYSE:RJF,0.0
2023-01-06,12,AR1 alpha + Basic + One-Step,NYSE:RJF,0.0999999811201699
2023-01-09,12,AR1 alpha + Basic + One-Step,NYSE:RJF,0.09999726029124108
2023-01-10,12,AR1 alpha + Basic + One-Step,NYSE:RJF,0.09786475399755086
2023-01-11,12,AR1 alpha + Basic + One-Step,NYSE:RJF,0.1000000676344823
2023-01-12,12,AR1 alpha + Basic + One-Step,NYSE:RJF,0.09999797475482365
2023-01-13,12,AR1 alpha + Basic + One-Step,NYSE:RJF,0.09999895641656328
2023-01-17,12,AR1 alpha + Basic + One-Step,NYSE:RJF,0.09999625404656372
2023-01-18,12,AR1 alpha + Basic + One-Step,NYSE:RJF,0.010228967159476899
2023-01-19,12,AR1 alpha + Basic + One-Step,NYSE:RJF,0.0
2023-01-20,12,AR1 alpha + Basic + One-Step,NYSE:RJF,0.0
2023-01-23,12,AR1 alpha + Basic + One-Step,NYSE:RJF,0.09556488688966851
2023-01-24,12,AR1 alpha + Basic + One-Step,NYSE:RJF,0.09999188257577254
2023-01-25,12,AR1 alpha + Basic + One-Step,NYSE:RJF,0.09999651901719728
2023-01-26,12,AR1 alpha + Basic + One-Step,NYSE:RJF,0.0
2023-01-27,12,AR1 alpha + Basic + One-Step,NYSE:RJF,0.0
2023-01-30,12,AR1 alpha + Basic + One-Step,NYSE:RJF,0.0
2023-01-31,12,AR1 alpha + Basic + One-Step,NYSE:RJF,0.0
2023-02-01,12,AR1 alpha + Basic + One-Step,NYSE:RJF,0.0
2023-02-02,12,AR1 alpha + Basic + One-Step,NYSE:RJF,5.255694182432822e-07
2023-02-03,12,AR1 alpha + Basic + One-Step,NYSE:RJF,7.066287637706154e-08
2023-02-06,12,AR1 alpha + Basic + One-Step,NYSE:RJF,0.0
2023-02-07,12,AR1 alpha + Basic + One-Step,NYSE:RJF,0.0
2023-02-08,12,AR1 alpha + Basic + One-Step,NYSE:RJF,0.0
2023-02-09,12,AR1 alpha + Basic + One-Step,NYSE:RJF,0.0
2023-02-10,12,AR1 alpha + Basic + One-Step,NYSE:RJF,0.0
2023-02-13,12,AR1 alpha + Basic + One-Step,NYSE:RJF,0.0
2023-02-14,12,AR1 alpha + Basic + One-Step,NYSE:RJF,0.0
2023-02-15,12,AR1 alpha + Basic + One-Step,NYSE:RJF,0.0
2023-02-16,12,AR1 alpha + Basic + One-Step,NYSE:RJF,9.811203279632336e-09
2023-02-17,12,AR1 alpha + Basic + One-Step,NYSE:RJF,0.0
2023-02-21,12,AR1 alpha + Basic + One-Step,NYSE:RJF,0.0
2023-02-22,12,AR1 alpha + Basic + One-Step,NYSE:RJF,0.0
2023-02-23,12,AR1 alpha + Basic + One-Step,NYSE:RJF,1.3861839954134482e-08
2023-02-24,12,AR1 alpha + Basic + One-Step,NYSE:RJF,0.0
2023-02-27,12,AR1 alpha + Basic + One-Step,NYSE:RJF,0.0
2023-02-28,12,AR1 alpha + Basic + One-Step,NYSE:RJF,0.0
2023-03-01,12,AR1 alpha + Basic + One-Step,NYSE:RJF,0.0
2023-03-02,12,AR1 alpha + Basic + One-Step,NYSE:RJF,6.015891412306543e-08
2023-03-03,12,AR1 alpha + Basic + One-Step,NYSE:RJF,0.0
2023-03-06,12,AR1 alpha + Basic + One-Step,NYSE:RJF,0.0
2023-03-07,12,AR1 alpha + Basic + One-Step,NYSE:RJF,0.0
2023-03-08,12,AR1 alpha + Basic + One-Step,NYSE:RJF,0.0
2023-03-09,12,AR1 alpha + Basic + One-Step,NYSE:RJF,0.0
2023-03-10,12,AR1 alpha + Basic + One-Step,NYSE:RJF,1.3938083071932839e-08
2023-03-13,12,AR1 alpha + Basic + One-Step,NYSE:RJF,1.7730742992377607e-07
2023-03-14,12,AR1 alpha + Basic + One-Step,NYSE:RJF,0.0
2023-03-15,12,AR1 alpha + Basic + One-Step,NYSE:RJF,1.5198590544071182e-07
2023-03-16,12,AR1 alpha + Basic + One-Step,NYSE:RJF,1.9119414672093617e-07
2023-03-17,12,AR1 alpha + Basic + One-Step,NYSE:RJF,1.4936742214158213e-08
2023-03-20,12,AR1 alpha + Basic + One-Step,NYSE:RJF,4.425625366060925e-07
2023-03-21,12,AR1 alpha + Basic + One-Step,NYSE:RJF,1.1236297278829462e-07
2023-03-22,12,AR1 alpha + Basic + One-Step,NYSE:RJF,7.673312205604704e-08
2023-03-23,12,AR1 alpha + Basic + One-Step,NYSE:RJF,9.956183877127407e-08
2023-03-24,12,AR1 alpha + Basic + One-Step,NYSE:RJF,4.919051265790941e-08
2023-03-27,12,AR1 alpha + Basic + One-Step,NYSE:RJF,0.0
2023-03-28,12,AR1 alpha + Basic + One-Step,NYSE:RJF,2.105124593397729e-09
2023-03-29,12,AR1 alpha + Basic + One-Step,NYSE:RJF,0.0
2023-03-30,12,AR1 alpha + Basic + One-Step,NYSE:RJF,0.0
2023-03-31,12,AR1 alpha + Basic + One-Step,NYSE:RJF,2.5971105812331763e-07
2023-04-03,12,AR1 alpha + Basic + One-Step,NYSE:RJF,0.0
2023-04-04,12,AR1 alpha + Basic + One-Step,NYSE:RJF,0.0
2023-04-05,12,AR1 alpha + Basic + One-Step,NYSE:RJF,1.8121655651105334e-07
2023-04-06,12,AR1 alpha + Basic + One-Step,NYSE:RJF,3.197962478590037e-07
2023-04-10,12,AR1 alpha + Basic + One-Step,NYSE:RJF,0.0
2023-04-11,12,AR1 alpha + Basic + One-Step,NYSE:RJF,0.0
2023-04-12,12,AR1 alpha + Basic + One-Step,NYSE:RJF,3.7366032406074903e-07
2023-04-13,12,AR1 alpha + Basic + One-Step,NYSE:RJF,1.7289460774454958e-07
2023-04-14,12,AR1 alpha + Basic + One-Step,NYSE:RJF,4.271825594050306e-08
2023-04-17,12,AR1 alpha + Basic + One-Step,NYSE:RJF,0.0
2023-04-18,12,AR1 alpha + Basic + One-Step,NYSE:RJF,2.458203694862595e-07
2023-04-19,12,AR1 alpha + Basic + One-Step,NYSE:RJF,1.1268970476694882e-07
2023-04-20,12,AR1 alpha + Basic + One-Step,NYSE:RJF,5.124073896333433e-08
2023-04-21,12,AR1 alpha + Basic + One-Step,NYSE:RJF,9.93244024812189e-08
2023-04-24,12,AR1 alpha + Basic + One-Step,NYSE:RJF,0.0
2023-04-25,12,AR1 alpha + Basic + One-Step,NYSE:RJF,0.0
2023-04-26,12,AR1 alpha + Basic + One-Step,NYSE:RJF,9.43474496375106e-10
2023-04-27,12,AR1 alpha + Basic + One-Step,NYSE:RJF,5.58835855275555e-07
2023-04-28,12,AR1 alpha + Basic + One-Step,NYSE:RJF,2.2749928626114256e-07
2023-05-01,12,AR1 alpha + Basic + One-Step,NYSE:RJF,1.0881313967140127e-07
2023-05-02,12,AR1 alpha + Basic + One-Step,NYSE:RJF,1.0426231174075379e-07
2023-05-03,12,AR1 alpha + Basic + One-Step,NYSE:RJF,1.280327719074632e-07
2023-05-04,12,AR1 alpha + Basic + One-Step,NYSE:RJF,0.0
2023-05-05,12,AR1 alpha + Basic + One-Step,NYSE:RJF,1.423544884274263e-07
2023-05-08,12,AR1 alpha + Basic + One-Step,NYSE:RJF,9.786111261706161e-08
2023-05-09,12,AR1 alpha + Basic + One-Step,NYSE:RJF,5.2215161343001515e-08
2023-05-10,12,AR1 alpha + Basic + One-Step,NYSE:RJF,9.54588670231424e-08
2023-05-11,12,AR1 alpha + Basic + One-Step,NYSE:RJF,4.895849460347438e-07
2023-05-12,12,AR1 alpha + Basic + One-Step,NYSE:RJF,1.1957576822671627e-06
2023-05-15,12,AR1 alpha + Basic + One-Step,NYSE:RJF,6.459247007949509e-07
2023-05-16,12,AR1 alpha + Basic + One-Step,NYSE:RJF,0.0
2023-05-17,12,AR1 alpha + Basic + One-Step,NYSE:RJF,0.0
2023-05-18,12,AR1 alpha + Basic + One-Step,NYSE:RJF,0.0
2023-05-19,12,AR1 alpha + Basic + One-Step,NYSE:RJF,0.0
2023-05-22,12,AR1 alpha + Basic + One-Step,NYSE:RJF,0.0
2023-05-23,12,AR1 alpha + Basic + One-Step,NYSE:RJF,5.817462063808643e-08
2023-05-24,12,AR1 alpha + Basic + One-Step,NYSE:RJF,0.0
2023-05-25,12,AR1 alpha + Basic + One-Step,NYSE:RJF,0.0
2023-05-26,12,AR1 alpha + Basic + One-Step,NYSE:RJF,0.0
2023-05-30,12,AR1 alpha + Basic + One-Step,NYSE:RJF,0.0
2023-05-31,12,AR1 alpha + Basic + One-Step,NYSE:RJF,0.0
2023-06-01,12,AR1 alpha + Basic + One-Step,NYSE:RJF,0.0
2023-06-02,12,AR1 alpha + Basic + One-Step,NYSE:RJF,0.0
2023-06-05,12,AR1 alpha + Basic + One-Step,NYSE:RJF,0.0
2023-06-06,12,AR1 alpha + Basic + One-Step,NYSE:RJF,1.3934385688139146e-06
2023-06-07,12,AR1 alpha + Basic + One-Step,NYSE:RJF,7.26674438013364e-07
2023-06-08,12,AR1 alpha + Basic + One-Step,NYSE:RJF,4.197223448299927e-07
2023-06-09,12,AR1 alpha + Basic + One-Step,NYSE:RJF,1.4171284510330607e-06
2023-06-12,12,AR1 alpha + Basic + One-Step,NYSE:RJF,0.0
2023-06-13,12,AR1 alpha + Basic + One-Step,NYSE:RJF,1.615953632196912e-07
2023-06-14,12,AR1 alpha + Basic + One-Step,NYSE:RJF,1.3478627526000795e-07
2023-06-15,12,AR1 alpha + Basic + One-Step,NYSE:RJF,0.0
2023-06-16,12,AR1 alpha + Basic + One-Step,NYSE:RJF,3.36735665223366e-08
2023-06-20,12,AR1 alpha + Basic + One-Step,NYSE:RJF,0.0
2023-06-21,12,AR1 alpha + Basic + One-Step,NYSE:RJF,0.0
2023-06-22,12,AR1 alpha + Basic + One-Step,NYSE:RJF,0.0
2023-06-23,12,AR1 alpha + Basic + One-Step,NYSE:RJF,0.0
2023-06-26,12,AR1 alpha + Basic + One-Step,NYSE:RJF,7.114179160361598e-07
2023-06-27,12,AR1 alpha + Basic + One-Step,NYSE:RJF,0.0
2023-06-28,12,AR1 alpha + Basic + One-Step,NYSE:RJF,0.0
2023-06-29,12,AR1 alpha + Basic + One-Step,NYSE:RJF,0.0
2023-06-30,12,AR1 alpha + Basic + One-Step,NYSE:RJF,0.0
2023-07-03,12,AR1 alpha + Basic + One-Step,NYSE:RJF,0.0
2023-07-05,12,AR1 alpha + Basic + One-Step,NYSE:RJF,1.3790363121416384e-06
2023-07-06,12,AR1 alpha + Basic + One-Step,NYSE:RJF,0.0
2023-07-07,12,AR1 alpha + Basic + One-Step,NYSE:RJF,0.0
2023-07-10,12,AR1 alpha + Basic + One-Step,NYSE:RJF,1.747660166407198e-06
2023-07-11,12,AR1 alpha + Basic + One-Step,NYSE:RJF,0.0
2023-07-12,12,AR1 alpha + Basic + One-Step,NYSE:RJF,0.0
2023-07-13,12,AR1 alpha + Basic + One-Step,NYSE:RJF,0.0
2023-07-14,12,AR1 alpha + Basic + One-Step,NYSE:RJF,2.1335106727049425e-07
2023-07-17,12,AR1 alpha + Basic + One-Step,NYSE:RJF,1.2187838373485763e-06
2023-07-18,12,AR1 alpha + Basic + One-Step,NYSE:RJF,1.4683886860963174e-06
2023-07-19,12,AR1 alpha + Basic + One-Step,NYSE:RJF,0.0
2023-07-20,12,AR1 alpha + Basic + One-Step,NYSE:RJF,0.0
2023-07-21,12,AR1 alpha + Basic + One-Step,NYSE:RJF,0.0
2023-07-24,12,AR1 alpha + Basic + One-Step,NYSE:RJF,0.0
2023-07-25,12,AR1 alpha + Basic + One-Step,NYSE:RJF,0.0
2023-07-26,12,AR1 alpha + Basic + One-Step,NYSE:RJF,0.0
2023-07-27,12,AR1 alpha + Basic + One-Step,NYSE:RJF,0.0
2023-07-28,12,AR1 alpha + Basic + One-Step,NYSE:RJF,0.0
2023-07-31,12,AR1 alpha + Basic + One-Step,NYSE:RJF,0.0
2023-08-01,12,AR1 alpha + Basic + One-Step,NYSE:RJF,0.0
2023-08-02,12,AR1 alpha + Basic + One-Step,NYSE:RJF,0.0
2023-08-03,12,AR1 alpha + Basic + One-Step,NYSE:RJF,0.0
2023-08-04,12,AR1 alpha + Basic + One-Step,NYSE:RJF,0.0
2023-08-07,12,AR1 alpha + Basic + One-Step,NYSE:RJF,1.4852274038580587e-09
2023-08-08,12,AR1 alpha + Basic + One-Step,NYSE:RJF,0.0
2023-08-09,12,AR1 alpha + Basic + One-Step,NYSE:RJF,0.0
2023-08-10,12,AR1 alpha + Basic + One-Step,NYSE:RJF,0.0
2023-08-11,12,AR1 alpha + Basic + One-Step,NYSE:RJF,2.256910332531455e-07
2023-08-14,12,AR1 alpha + Basic + One-Step,NYSE:RJF,0.0
2023-08-15,12,AR1 alpha + Basic + One-Step,NYSE:RJF,0.0
2023-08-16,12,AR1 alpha + Basic + One-Step,NYSE:RJF,0.0
2023-08-17,12,AR1 alpha + Basic + One-Step,NYSE:RJF,0.0
2023-08-18,12,AR1 alpha + Basic + One-Step,NYSE:RJF,0.0
2023-08-21,12,AR1 alpha + Basic + One-Step,NYSE:RJF,3.145513836380163e-09
2023-08-22,12,AR1 alpha + Basic + One-Step,NYSE:RJF,0.0
2023-08-23,12,AR1 alpha + Basic + One-Step,NYSE:RJF,1.05641248728736e-07
2023-08-24,12,AR1 alpha + Basic + One-Step,NYSE:RJF,0.0
2023-08-25,12,AR1 alpha + Basic + One-Step,NYSE:RJF,1.218174927145612e-07
2023-08-28,12,AR1 alpha + Basic + One-Step,NYSE:RJF,0.0
2023-08-29,12,AR1 alpha + Basic + One-Step,NYSE:RJF,0.0
2023-08-30,12,AR1 alpha + Basic + One-Step,NYSE:RJF,0.0
2023-08-31,12,AR1 alpha + Basic + One-Step,NYSE:RJF,1.1968427579174213e-09
2023-09-01,12,AR1 alpha + Basic + One-Step,NYSE:RJF,0.0
2023-09-05,12,AR1 alpha + Basic + One-Step,NYSE:RJF,0.0
2023-09-06,12,AR1 alpha + Basic + One-Step,NYSE:RJF,1.1578791777468734e-08
2023-09-07,12,AR1 alpha + Basic + One-Step,NYSE:RJF,1.8511053476684593e-06
2023-09-08,12,AR1 alpha + Basic + One-Step,NYSE:RJF,1.9379827099943974e-06
2023-09-11,12,AR1 alpha + Basic + One-Step,NYSE:RJF,8.792815903595527e-07
2023-09-12,12,AR1 alpha + Basic + One-Step,NYSE:RJF,2.5761327218356545e-06
2023-09-13,12,AR1 alpha + Basic + One-Step,NYSE:RJF,0.0
2023-09-14,12,AR1 alpha + Basic + One-Step,NYSE:RJF,0.0
2023-09-15,12,AR1 alpha + Basic + One-Step,NYSE:RJF,0.0
2023-09-18,12,AR1 alpha + Basic + One-Step,NYSE:RJF,0.0
2023-09-19,12,AR1 alpha + Basic + One-Step,NYSE:RJF,1.2142155137357033e-08
2023-09-20,12,AR1 alpha + Basic + One-Step,NYSE:RJF,0.0
2023-09-21,12,AR1 alpha + Basic + One-Step,NYSE:RJF,0.0
2023-09-22,12,AR1 alpha + Basic + One-Step,NYSE:RJF,0.0
2023-09-25,12,AR1 alpha + Basic + One-Step,NYSE:RJF,0.0
2023-09-26,12,AR1 alpha + Basic + One-Step,NYSE:RJF,0.0
2023-09-27,12,AR1 alpha + Basic + One-Step,NYSE:RJF,0.0
2023-09-28,12,AR1 alpha + Basic + One-Step,NYSE:RJF,1.509609701953827e-08
2023-09-29,12,AR1 alpha + Basic + One-Step,NYSE:RJF,9.36193164391201e-09
2023-10-02,12,AR1 alpha + Basic + One-Step,NYSE:RJF,0.0
2023-10-03,12,AR1 alpha + Basic + One-Step,NYSE:RJF,0.0
2023-10-04,12,AR1 alpha + Basic + One-Step,NYSE:RJF,0.0
2023-10-05,12,AR1 alpha + Basic + One-Step,NYSE:RJF,0.0
2023-10-06,12,AR1 alpha + Basic + One-Step,NYSE:RJF,0.0
2023-10-09,12,AR1 alpha + Basic + One-Step,NYSE:RJF,2.5796846676630217e-08
2023-10-10,12,AR1 alpha + Basic + One-Step,NYSE:RJF,0.0
2023-10-11,12,AR1 alpha + Basic + One-Step,NYSE:RJF,1.4628386901213275e-08
2023-10-12,12,AR1 alpha + Basic + One-Step,NYSE:RJF,0.0
2023-10-13,12,AR1 alpha + Basic + One-Step,NYSE:RJF,0.0
2023-10-16,12,AR1 alpha + Basic + One-Step,NYSE:RJF,0.0
2023-10-17,12,AR1 alpha + Basic + One-Step,NYSE:RJF,9.159935372082863e-07
2023-10-18,12,AR1 alpha + Basic + One-Step,NYSE:RJF,0.0
2023-10-19,12,AR1 alpha + Basic + One-Step,NYSE:RJF,0.0
2023-10-20,12,AR1 alpha + Basic + One-Step,NYSE:RJF,0.0
2023-10-23,12,AR1 alpha + Basic + One-Step,NYSE:RJF,0.0
2023-10-24,12,AR1 alpha + Basic + One-Step,NYSE:RJF,0.0
2023-10-25,12,AR1 alpha + Basic + One-Step,NYSE:RJF,0.0
2023-10-26,12,AR1 alpha + Basic + One-Step,NYSE:RJF,0.0
2023-10-27,12,AR1 alpha + Basic + One-Step,NYSE:RJF,0.0
2023-10-30,12,AR1 alpha + Basic + One-Step,NYSE:RJF,2.2802454373474253e-10
2023-10-31,12,AR1 alpha + Basic + One-Step,NYSE:RJF,4.0036246256596984e-07
2023-11-01,12,AR1 alpha + Basic + One-Step,NYSE:RJF,0.0
2023-11-02,12,AR1 alpha + Basic + One-Step,NYSE:RJF,0.0
2023-11-03,12,AR1 alpha + Basic + One-Step,NYSE:RJF,0.0
2023-11-06,12,AR1 alpha + Basic + One-Step,NYSE:RJF,0.0
2023-11-07,12,AR1 alpha + Basic + One-Step,NYSE:RJF,1.3802299256091363e-08
2023-11-08,12,AR1 alpha + Basic + One-Step,NYSE:RJF,2.796072160750315e-08
2023-11-09,12,AR1 alpha + Basic + One-Step,NYSE:RJF,0.0
2023-11-10,12,AR1 alpha + Basic + One-Step,NYSE:RJF,0.0
2023-11-13,12,AR1 alpha + Basic + One-Step,NYSE:RJF,0.0
2023-11-14,12,AR1 alpha + Basic + One-Step,NYSE:RJF,0.0
2023-11-15,12,AR1 alpha + Basic + One-Step,NYSE:RJF,0.0
2023-11-16,12,AR1 alpha + Basic + One-Step,NYSE:RJF,0.0
2023-11-17,12,AR1 alpha + Basic + One-Step,NYSE:RJF,6.100002126079303e-08
2023-11-20,12,AR1 alpha + Basic + One-Step,NYSE:RJF,0.0
2023-11-21,12,AR1 alpha + Basic + One-Step,NYSE:RJF,0.0
2023-11-22,12,AR1 alpha + Basic + One-Step,NYSE:RJF,0.0
2023-11-24,12,AR1 alpha + Basic + One-Step,NYSE:RJF,0.0
2023-11-27,12,AR1 alpha + Basic + One-Step,NYSE:RJF,0.0
2023-11-28,12,AR1 alpha + Basic + One-Step,NYSE:RJF,3.3319847795652006e-08
2023-11-29,12,AR1 alpha + Basic + One-Step,NYSE:RJF,9.609050274447813e-09
2023-11-30,12,AR1 alpha + Basic + One-Step,NYSE:RJF,0.0
2023-12-01,12,AR1 alpha + Basic + One-Step,NYSE:RJF,4.990724876291658e-07
2023-12-04,12,AR1 alpha + Basic + One-Step,NYSE:RJF,0.0
2023-12-05,12,AR1 alpha + Basic + One-Step,NYSE:RJF,0.0
2023-12-06,12,AR1 alpha + Basic + One-Step,NYSE:RJF,0.0
2023-12-07,12,AR1 alpha + Basic + One-Step,NYSE:RJF,0.0
2023-12-08,12,AR1 alpha + Basic + One-Step,NYSE:RJF,0.0
2023-12-11,12,AR1 alpha + Basic + One-Step,NYSE:RJF,0.0
2023-12-12,12,AR1 alpha + Basic + One-Step,NYSE:RJF,0.0
2023-12-13,12,AR1 alpha + Basic + One-Step,NYSE:RJF,0.0
2023-12-14,12,AR1 alpha + Basic + One-Step,NYSE:RJF,0.0
2023-12-15,12,AR1 alpha + Basic + One-Step,NYSE:RJF,0.0
2023-12-18,12,AR1 alpha + Basic + One-Step,NYSE:RJF,0.0
2023-12-19,12,AR1 alpha + Basic + One-Step,NYSE:RJF,0.0
2023-12-20,12,AR1 alpha + Basic + One-Step,NYSE:RJF,0.0
2023-12-21,12,AR1 alpha + Basic + One-Step,NYSE:RJF,0.0
2023-12-22,12,AR1 alpha + Basic + One-Step,NYSE:RJF,4.778399106662588e-07
2023-12-26,12,AR1 alpha + Basic + One-Step,NYSE:RJF,0.0
2023-12-27,12,AR1 alpha + Basic + One-Step,NYSE:RJF,8.594883085865691e-09
2023-12-28,12,AR1 alpha + Basic + One-Step,NYSE:RJF,0.0
2023-12-29,12,AR1 alpha + Basic + One-Step,NYSE:RJF,0.0
2024-01-02,12,AR1 alpha + Basic + One-Step,NYSE:RJF,0.0
2024-01-03,12,AR1 alpha + Basic + One-Step,NYSE:RJF,0.0
2024-01-04,12,AR1 alpha + Basic + One-Step,NYSE:RJF,0.0
2024-01-05,12,AR1 alpha + Basic + One-Step,NYSE:RJF,0.0
2024-01-08,12,AR1 alpha + Basic + One-Step,NYSE:RJF,0.0
2024-01-09,12,AR1 alpha + Basic + One-Step,NYSE:RJF,0.0
2024-01-10,12,AR1 alpha + Basic + One-Step,NYSE:RJF,0.0
2024-01-11,12,AR1 alpha + Basic + One-Step,NYSE:RJF,2.597670284832434e-07
2024-01-12,12,AR1 alpha + Basic + One-Step,NYSE:RJF,2.089752267835827e-23
2024-01-16,12,AR1 alpha + Basic + One-Step,NYSE:RJF,0.0
2024-01-17,12,AR1 alpha + Basic + One-Step,NYSE:RJF,0.0
2024-01-18,12,AR1 alpha + Basic + One-Step,NYSE:RJF,6.735140406194354e-07
2024-01-19,12,AR1 alpha + Basic + One-Step,NYSE:RJF,0.0
2024-01-22,12,AR1 alpha + Basic + One-Step,NYSE:RJF,0.0
2024-01-23,12,AR1 alpha + Basic + One-Step,NYSE:RJF,0.0
2024-01-24,12,AR1 alpha + Basic + One-Step,NYSE:RJF,1.5837453369750586e-07
2024-01-25,12,AR1 alpha + Basic + One-Step,NYSE:RJF,4.302388487816569e-08
2024-01-26,12,AR1 alpha + Basic + One-Step,NYSE:RJF,0.0
2024-01-29,12,AR1 alpha + Basic + One-Step,NYSE:RJF,0.0
2024-01-30,12,AR1 alpha + Basic + One-Step,NYSE:RJF,0.0
2024-01-31,12,AR1 alpha + Basic + One-Step,NYSE:RJF,1.1607879614498374e-09
2024-02-01,12,AR1 alpha + Basic + One-Step,NYSE:RJF,0.0
2024-02-02,12,AR1 alpha + Basic + One-Step,NYSE:RJF,0.0
2024-02-05,12,AR1 alpha + Basic + One-Step,NYSE:RJF,0.0
2024-02-06,12,AR1 alpha + Basic + One-Step,NYSE:RJF,0.0
2024-02-07,12,AR1 alpha + Basic + One-Step,NYSE:RJF,2.8992216538692227e-08
2024-02-08,12,AR1 alpha + Basic + One-Step,NYSE:RJF,1.6869160125305123e-08
2024-02-09,12,AR1 alpha + Basic + One-Step,NYSE:RJF,0.0
2024-02-12,12,AR1 alpha + Basic + One-Step,NYSE:RJF,0.0
2024-02-13,12,AR1 alpha + Basic + One-Step,NYSE:RJF,0.0
2024-02-14,12,AR1 alpha + Basic + One-Step,NYSE:RJF,0.0
2024-02-15,12,AR1 alpha + Basic + One-Step,NYSE:RJF,2.4159685526597463e-08
2024-02-16,12,AR1 alpha + Basic + One-Step,NYSE:RJF,0.0
2024-02-20,12,AR1 alpha + Basic + One-Step,NYSE:RJF,0.0
2024-02-21,12,AR1 alpha + Basic + One-Step,NYSE:RJF,0.0
2024-02-22,12,AR1 alpha + Basic + One-Step,NYSE:RJF,0.0
2024-02-23,12,AR1 alpha + Basic + One-Step,NYSE:RJF,0.0
2024-02-26,12,AR1 alpha + Basic + One-Step,NYSE:RJF,0.0
2024-02-27,12,AR1 alpha + Basic + One-Step,NYSE:RJF,0.0
2024-02-28,12,AR1 alpha + Basic + One-Step,NYSE:RJF,0.0
2024-02-29,12,AR1 alpha + Basic + One-Step,NYSE:RJF,0.0
2024-03-01,12,AR1 alpha + Basic + One-Step,NYSE:RJF,0.0
2024-03-04,12,AR1 alpha + Basic + One-Step,NYSE:RJF,0.0
2024-03-05,12,AR1 alpha + Basic + One-Step,NYSE:RJF,0.0
2024-03-06,12,AR1 alpha + Basic + One-Step,NYSE:RJF,0.0
2024-03-07,12,AR1 alpha + Basic + One-Step,NYSE:RJF,0.0
2024-03-08,12,AR1 alpha + Basic + One-Step,NYSE:RJF,0.0
2024-03-11,12,AR1 alpha + Basic + One-Step,NYSE:RJF,0.0
2024-03-12,12,AR1 alpha + Basic + One-Step,NYSE:RJF,0.0
2024-03-13,12,AR1 alpha + Basic + One-Step,NYSE:RJF,0.0
2024-03-14,12,AR1 alpha + Basic + One-Step,NYSE:RJF,1.829654756808272e-07
2024-03-15,12,AR1 alpha + Basic + One-Step,NYSE:RJF,1.899196802823828e-07
2024-03-18,12,AR1 alpha + Basic + One-Step,NYSE:RJF,0.0
2024-03-19,12,AR1 alpha + Basic + One-Step,NYSE:RJF,0.0
2024-03-20,12,AR1 alpha + Basic + One-Step,NYSE:RJF,0.0
2024-03-21,12,AR1 alpha + Basic + One-Step,NYSE:RJF,5.865024094315797e-08
2024-03-22,12,AR1 alpha + Basic + One-Step,NYSE:RJF,7.99565073037813e-09
2024-03-25,12,AR1 alpha + Basic + One-Step,NYSE:RJF,0.0
2024-03-26,12,AR1 alpha + Basic + One-Step,NYSE:RJF,0.0
2024-03-27,12,AR1 alpha + Basic + One-Step,NYSE:RJF,0.0
2024-03-28,12,AR1 alpha + Basic + One-Step,NYSE:RJF,0.0
2024-04-01,12,AR1 alpha + Basic + One-Step,NYSE:RJF,1.6466963420569692e-06
2024-04-02,12,AR1 alpha + Basic + One-Step,NYSE:RJF,0.0
2024-04-03,12,AR1 alpha + Basic + One-Step,NYSE:RJF,0.0
2024-04-04,12,AR1 alpha + Basic + One-Step,NYSE:RJF,0.0848831617786758
2024-04-05,12,AR1 alpha + Basic + One-Step,NYSE:RJF,0.043408827194578815
2024-04-08,12,AR1 alpha + Basic + One-Step,NYSE:RJF,0.0
2024-04-09,12,AR1 alpha + Basic + One-Step,NYSE:RJF,0.0339407662496726
2024-04-10,12,AR1 alpha + Basic + One-Step,NYSE:RJF,0.01758573173277463
2024-04-11,12,AR1 alpha + Basic + One-Step,NYSE:RJF,0.008947009249369415
2024-04-12,12,AR1 alpha + Basic + One-Step,NYSE:RJF,0.09999109292361176
2024-04-15,12,AR1 alpha + Basic + One-Step,NYSE:RJF,0.099992449863255
2024-04-16,12,AR1 alpha + Basic + One-Step,NYSE:RJF,0.09108880729847567
2024-04-17,12,AR1 alpha + Basic + One-Step,NYSE:RJF,0.09013794683211293
2024-04-18,12,AR1 alpha + Basic + One-Step,NYSE:RJF,0.0872477730884281
2024-04-19,12,AR1 alpha + Basic + One-Step,NYSE:RJF,0.06974830699343962
2020-03-25,12,AR1 alpha + Basic + One-Step,NYSE:KMT,0.02
2020-03-26,12,AR1 alpha + Basic + One-Step,NYSE:KMT,0.019999999999999997
2020-03-27,12,AR1 alpha + Basic + One-Step,NYSE:KMT,0.0
2020-03-30,12,AR1 alpha + Basic + One-Step,NYSE:KMT,8.712366110112601e-07
2020-03-31,12,AR1 alpha + Basic + One-Step,NYSE:KMT,2.749090059660528e-07
2020-04-01,12,AR1 alpha + Basic + One-Step,NYSE:KMT,0.0
2020-04-02,12,AR1 alpha + Basic + One-Step,NYSE:KMT,0.0
2020-04-03,12,AR1 alpha + Basic + One-Step,NYSE:KMT,4.631887291062178e-08
2020-04-06,12,AR1 alpha + Basic + One-Step,NYSE:KMT,0.0
2020-04-07,12,AR1 alpha + Basic + One-Step,NYSE:KMT,4.0741050821901106e-08
2020-04-08,12,AR1 alpha + Basic + One-Step,NYSE:KMT,2.8196389144799125e-09
2020-04-09,12,AR1 alpha + Basic + One-Step,NYSE:KMT,0.0
2020-04-13,12,AR1 alpha + Basic + One-Step,NYSE:KMT,0.0
2020-04-14,12,AR1 alpha + Basic + One-Step,NYSE:KMT,0.0
2020-04-15,12,AR1 alpha + Basic + One-Step,NYSE:KMT,0.0
2020-04-16,12,AR1 alpha + Basic + One-Step,NYSE:KMT,0.014635459403699931
2020-04-17,12,AR1 alpha + Basic + One-Step,NYSE:KMT,0.0
2020-04-20,12,AR1 alpha + Basic + One-Step,NYSE:KMT,0.0
2020-04-21,12,AR1 alpha + Basic + One-Step,NYSE:KMT,0.0
2020-04-22,12,AR1 alpha + Basic + One-Step,NYSE:KMT,0.018788526607361994
2020-04-23,12,AR1 alpha + Basic + One-Step,NYSE:KMT,0.0
2020-04-24,12,AR1 alpha + Basic + One-Step,NYSE:KMT,0.03854800303485595
2020-04-27,12,AR1 alpha + Basic + One-Step,NYSE:KMT,0.0
2020-04-28,12,AR1 alpha + Basic + One-Step,NYSE:KMT,0.0
2020-04-29,12,AR1 alpha + Basic + One-Step,NYSE:KMT,3.717531510719179e-07
2020-04-30,12,AR1 alpha + Basic + One-Step,NYSE:KMT,0.0
2020-05-01,12,AR1 alpha + Basic + One-Step,NYSE:KMT,0.10000006313528444
2020-05-04,12,AR1 alpha + Basic + One-Step,NYSE:KMT,0.09999558202802482
2020-05-05,12,AR1 alpha + Basic + One-Step,NYSE:KMT,0.0666332095863696
2020-05-06,12,AR1 alpha + Basic + One-Step,NYSE:KMT,0.0999980135473779
2020-05-07,12,AR1 alpha + Basic + One-Step,NYSE:KMT,0.09999866617484454
2020-05-08,12,AR1 alpha + Basic + One-Step,NYSE:KMT,6.721336659834173e-08
2020-05-11,12,AR1 alpha + Basic + One-Step,NYSE:KMT,2.3340064277942464e-07
2020-05-12,12,AR1 alpha + Basic + One-Step,NYSE:KMT,0.09999706846677175
2020-05-13,12,AR1 alpha + Basic + One-Step,NYSE:KMT,0.05371253214239504
2020-05-14,12,AR1 alpha + Basic + One-Step,NYSE:KMT,0.0
2020-05-15,12,AR1 alpha + Basic + One-Step,NYSE:KMT,0.0
2020-05-18,12,AR1 alpha + Basic + One-Step,NYSE:KMT,0.0
2020-05-19,12,AR1 alpha + Basic + One-Step,NYSE:KMT,0.0
2020-05-20,12,AR1 alpha + Basic + One-Step,NYSE:KMT,0.0
2020-05-21,12,AR1 alpha + Basic + One-Step,NYSE:KMT,0.0
2020-05-22,12,AR1 alpha + Basic + One-Step,NYSE:KMT,1.505169687517497e-08
2020-05-26,12,AR1 alpha + Basic + One-Step,NYSE:KMT,6.691889534716361e-09
2020-05-27,12,AR1 alpha + Basic + One-Step,NYSE:KMT,8.752447495560987e-08
2020-05-28,12,AR1 alpha + Basic + One-Step,NYSE:KMT,1.829953514241729e-22
2020-05-29,12,AR1 alpha + Basic + One-Step,NYSE:KMT,3.549030208662938e-11
2020-06-01,12,AR1 alpha + Basic + One-Step,NYSE:KMT,0.0
2020-06-02,12,AR1 alpha + Basic + One-Step,NYSE:KMT,1.8367269917145239e-07
2020-06-03,12,AR1 alpha + Basic + One-Step,NYSE:KMT,0.0
2020-06-04,12,AR1 alpha + Basic + One-Step,NYSE:KMT,0.0
2020-06-05,12,AR1 alpha + Basic + One-Step,NYSE:KMT,0.0
2020-06-08,12,AR1 alpha + Basic + One-Step,NYSE:KMT,0.0
2020-06-09,12,AR1 alpha + Basic + One-Step,NYSE:KMT,0.0
2020-06-10,12,AR1 alpha + Basic + One-Step,NYSE:KMT,0.021280765668870976
2020-06-11,12,AR1 alpha + Basic + One-Step,NYSE:KMT,0.0692518899874858
2020-06-12,12,AR1 alpha + Basic + One-Step,NYSE:KMT,0.059625039722483154
2020-06-15,12,AR1 alpha + Basic + One-Step,NYSE:KMT,0.016321464091874665
2020-06-16,12,AR1 alpha + Basic + One-Step,NYSE:KMT,0.0
2020-06-17,12,AR1 alpha + Basic + One-Step,NYSE:KMT,0.0
2020-06-18,12,AR1 alpha + Basic + One-Step,NYSE:KMT,0.008922229566374711
2020-06-19,12,AR1 alpha + Basic + One-Step,NYSE:KMT,0.0
2020-06-22,12,AR1 alpha + Basic + One-Step,NYSE:KMT,0.02545285287183797
2020-06-23,12,AR1 alpha + Basic + One-Step,NYSE:KMT,0.00428630113968518
2020-06-24,12,AR1 alpha + Basic + One-Step,NYSE:KMT,0.09999980342830334
2020-06-25,12,AR1 alpha + Basic + One-Step,NYSE:KMT,0.05952520839884728
2020-06-26,12,AR1 alpha + Basic + One-Step,NYSE:KMT,0.0693710970621125
2020-06-29,12,AR1 alpha + Basic + One-Step,NYSE:KMT,0.0
2020-06-30,12,AR1 alpha + Basic + One-Step,NYSE:KMT,0.0014000567523993397
2020-07-01,12,AR1 alpha + Basic + One-Step,NYSE:KMT,0.0933703404620536
2020-07-02,12,AR1 alpha + Basic + One-Step,NYSE:KMT,0.014576700498333544
2020-07-06,12,AR1 alpha + Basic + One-Step,NYSE:KMT,0.0
2020-07-07,12,AR1 alpha + Basic + One-Step,NYSE:KMT,0.03402116404538615
2020-07-08,12,AR1 alpha + Basic + One-Step,NYSE:KMT,0.09999988598436321
2020-07-09,12,AR1 alpha + Basic + One-Step,NYSE:KMT,0.09999994225476684
2020-07-10,12,AR1 alpha + Basic + One-Step,NYSE:KMT,0.04120916980363463
2020-07-13,12,AR1 alpha + Basic + One-Step,NYSE:KMT,4.94920039196806e-07
2020-07-14,12,AR1 alpha + Basic + One-Step,NYSE:KMT,0.0
2020-07-15,12,AR1 alpha + Basic + One-Step,NYSE:KMT,5.073952340460348e-08
2020-07-16,12,AR1 alpha + Basic + One-Step,NYSE:KMT,0.0
2020-07-17,12,AR1 alpha + Basic + One-Step,NYSE:KMT,0.0
2020-07-20,12,AR1 alpha + Basic + One-Step,NYSE:KMT,0.06087974931798533
2020-07-21,12,AR1 alpha + Basic + One-Step,NYSE:KMT,0.0
2020-07-22,12,AR1 alpha + Basic + One-Step,NYSE:KMT,0.0
2020-07-23,12,AR1 alpha + Basic + One-Step,NYSE:KMT,0.0
2020-07-24,12,AR1 alpha + Basic + One-Step,NYSE:KMT,2.1817694008927756e-08
2020-07-27,12,AR1 alpha + Basic + One-Step,NYSE:KMT,1.1730715771783278e-07
2020-07-28,12,AR1 alpha + Basic + One-Step,NYSE:KMT,0.0
2020-07-29,12,AR1 alpha + Basic + One-Step,NYSE:KMT,0.0
2020-07-30,12,AR1 alpha + Basic + One-Step,NYSE:KMT,0.0
2020-07-31,12,AR1 alpha + Basic + One-Step,NYSE:KMT,0.0
2020-08-03,12,AR1 alpha + Basic + One-Step,NYSE:KMT,4.199967713933985e-08
2020-08-04,12,AR1 alpha + Basic + One-Step,NYSE:KMT,0.08880090305083575
2020-08-05,12,AR1 alpha + Basic + One-Step,NYSE:KMT,0.0
2020-08-06,12,AR1 alpha + Basic + One-Step,NYSE:KMT,0.0
2020-08-07,12,AR1 alpha + Basic + One-Step,NYSE:KMT,0.0
2020-08-10,12,AR1 alpha + Basic + One-Step,NYSE:KMT,0.0
2020-08-11,12,AR1 alpha + Basic + One-Step,NYSE:KMT,0.0
2020-08-12,12,AR1 alpha + Basic + One-Step,NYSE:KMT,0.0
2020-08-13,12,AR1 alpha + Basic + One-Step,NYSE:KMT,0.0
2020-08-14,12,AR1 alpha + Basic + One-Step,NYSE:KMT,0.0
2020-08-17,12,AR1 alpha + Basic + One-Step,NYSE:KMT,0.0
2020-08-18,12,AR1 alpha + Basic + One-Step,NYSE:KMT,0.029441558453483882
2020-08-19,12,AR1 alpha + Basic + One-Step,NYSE:KMT,0.0658949933166597
2020-08-20,12,AR1 alpha + Basic + One-Step,NYSE:KMT,0.03607233021827512
2020-08-21,12,AR1 alpha + Basic + One-Step,NYSE:KMT,0.08968896731602284
2020-08-24,12,AR1 alpha + Basic + One-Step,NYSE:KMT,0.0
2020-08-25,12,AR1 alpha + Basic + One-Step,NYSE:KMT,0.0
2020-08-26,12,AR1 alpha + Basic + One-Step,NYSE:KMT,0.0
2020-08-27,12,AR1 alpha + Basic + One-Step,NYSE:KMT,0.0
2020-08-28,12,AR1 alpha + Basic + One-Step,NYSE:KMT,0.0
2020-08-31,12,AR1 alpha + Basic + One-Step,NYSE:KMT,0.004229451800410644
2020-09-01,12,AR1 alpha + Basic + One-Step,NYSE:KMT,0.0
2020-09-02,12,AR1 alpha + Basic + One-Step,NYSE:KMT,0.0
2020-09-03,12,AR1 alpha + Basic + One-Step,NYSE:KMT,0.0
2020-09-04,12,AR1 alpha + Basic + One-Step,NYSE:KMT,0.0
2020-09-08,12,AR1 alpha + Basic + One-Step,NYSE:KMT,0.0
2020-09-09,12,AR1 alpha + Basic + One-Step,NYSE:KMT,2.292436007410069e-08
2020-09-10,12,AR1 alpha + Basic + One-Step,NYSE:KMT,0.0
2020-09-11,12,AR1 alpha + Basic + One-Step,NYSE:KMT,0.0
2020-09-14,12,AR1 alpha + Basic + One-Step,NYSE:KMT,0.0
2020-09-15,12,AR1 alpha + Basic + One-Step,NYSE:KMT,0.0
2020-09-16,12,AR1 alpha + Basic + One-Step,NYSE:KMT,0.0
2020-09-17,12,AR1 alpha + Basic + One-Step,NYSE:KMT,0.0
2020-09-18,12,AR1 alpha + Basic + One-Step,NYSE:KMT,0.0
2020-09-21,12,AR1 alpha + Basic + One-Step,NYSE:KMT,0.09999995631649196
2020-09-22,12,AR1 alpha + Basic + One-Step,NYSE:KMT,0.09999814935088623
2020-09-23,12,AR1 alpha + Basic + One-Step,NYSE:KMT,0.0999993289645928
2020-09-24,12,AR1 alpha + Basic + One-Step,NYSE:KMT,0.09999993793885832
2020-09-25,12,AR1 alpha + Basic + One-Step,NYSE:KMT,0.09999567146499179
2020-09-28,12,AR1 alpha + Basic + One-Step,NYSE:KMT,0.03054758933064239
2020-09-29,12,AR1 alpha + Basic + One-Step,NYSE:KMT,0.063859153974836
2020-09-30,12,AR1 alpha + Basic + One-Step,NYSE:KMT,0.06446009881096251
2020-10-01,12,AR1 alpha + Basic + One-Step,NYSE:KMT,0.06445983317739219
2020-10-02,12,AR1 alpha + Basic + One-Step,NYSE:KMT,0.0
2020-10-05,12,AR1 alpha + Basic + One-Step,NYSE:KMT,2.660700835154574e-10
2020-10-06,12,AR1 alpha + Basic + One-Step,NYSE:KMT,4.224655418470772e-08
2020-10-07,12,AR1 alpha + Basic + One-Step,NYSE:KMT,2.3392178860771286e-07
2020-10-08,12,AR1 alpha + Basic + One-Step,NYSE:KMT,0.0
2020-10-09,12,AR1 alpha + Basic + One-Step,NYSE:KMT,0.0
2020-10-12,12,AR1 alpha + Basic + One-Step,NYSE:KMT,0.0
2020-10-13,12,AR1 alpha + Basic + One-Step,NYSE:KMT,0.0
2020-10-14,12,AR1 alpha + Basic + One-Step,NYSE:KMT,0.0
2020-10-15,12,AR1 alpha + Basic + One-Step,NYSE:KMT,0.0
2020-10-16,12,AR1 alpha + Basic + One-Step,NYSE:KMT,8.72276595951834e-08
2020-10-19,12,AR1 alpha + Basic + One-Step,NYSE:KMT,0.0
2020-10-20,12,AR1 alpha + Basic + One-Step,NYSE:KMT,0.0
2020-10-21,12,AR1 alpha + Basic + One-Step,NYSE:KMT,0.0997577072919775
2020-10-22,12,AR1 alpha + Basic + One-Step,NYSE:KMT,0.0
2020-10-23,12,AR1 alpha + Basic + One-Step,NYSE:KMT,0.0
2020-10-26,12,AR1 alpha + Basic + One-Step,NYSE:KMT,0.06988131882514023
2020-10-27,12,AR1 alpha + Basic + One-Step,NYSE:KMT,0.10000001151285419
2020-10-28,12,AR1 alpha + Basic + One-Step,NYSE:KMT,0.10000000153413253
2020-10-29,12,AR1 alpha + Basic + One-Step,NYSE:KMT,0.09999999606626626
2020-10-30,12,AR1 alpha + Basic + One-Step,NYSE:KMT,0.02469705035545202
2020-11-02,12,AR1 alpha + Basic + One-Step,NYSE:KMT,0.0
2020-11-03,12,AR1 alpha + Basic + One-Step,NYSE:KMT,0.09999933852863306
2020-11-04,12,AR1 alpha + Basic + One-Step,NYSE:KMT,0.09999767970471768
2020-11-05,12,AR1 alpha + Basic + One-Step,NYSE:KMT,0.029309617071755768
2020-11-06,12,AR1 alpha + Basic + One-Step,NYSE:KMT,0.018923625160657518
2020-11-09,12,AR1 alpha + Basic + One-Step,NYSE:KMT,0.0
2020-11-10,12,AR1 alpha + Basic + One-Step,NYSE:KMT,0.0
2020-11-11,12,AR1 alpha + Basic + One-Step,NYSE:KMT,5.418388364845273e-09
2020-11-12,12,AR1 alpha + Basic + One-Step,NYSE:KMT,0.0
2020-11-13,12,AR1 alpha + Basic + One-Step,NYSE:KMT,0.0
2020-11-16,12,AR1 alpha + Basic + One-Step,NYSE:KMT,0.0
2020-11-17,12,AR1 alpha + Basic + One-Step,NYSE:KMT,0.0
2020-11-18,12,AR1 alpha + Basic + One-Step,NYSE:KMT,0.0
2020-11-19,12,AR1 alpha + Basic + One-Step,NYSE:KMT,3.274747371120071e-08
2020-11-20,12,AR1 alpha + Basic + One-Step,NYSE:KMT,0.0
2020-11-23,12,AR1 alpha + Basic + One-Step,NYSE:KMT,0.0
2020-11-24,12,AR1 alpha + Basic + One-Step,NYSE:KMT,0.0
2020-11-25,12,AR1 alpha + Basic + One-Step,NYSE:KMT,0.0
2020-11-27,12,AR1 alpha + Basic + One-Step,NYSE:KMT,0.0
2020-11-30,12,AR1 alpha + Basic + One-Step,NYSE:KMT,6.7106806330796504e-09
2020-12-01,12,AR1 alpha + Basic + One-Step,NYSE:KMT,7.51577872486415e-09
2020-12-02,12,AR1 alpha + Basic + One-Step,NYSE:KMT,0.0
2020-12-03,12,AR1 alpha + Basic + One-Step,NYSE:KMT,0.0
2020-12-04,12,AR1 alpha + Basic + One-Step,NYSE:KMT,4.642292789119349e-09
2020-12-07,12,AR1 alpha + Basic + One-Step,NYSE:KMT,0.0
2020-12-08,12,AR1 alpha + Basic + One-Step,NYSE:KMT,1.2170668549997066e-07
2020-12-09,12,AR1 alpha + Basic + One-Step,NYSE:KMT,0.0
2020-12-10,12,AR1 alpha + Basic + One-Step,NYSE:KMT,0.0
2020-12-11,12,AR1 alpha + Basic + One-Step,NYSE:KMT,1.5408553084857837e-07
2020-12-14,12,AR1 alpha + Basic + One-Step,NYSE:KMT,7.434241027212124e-08
2020-12-15,12,AR1 alpha + Basic + One-Step,NYSE:KMT,0.0
2020-12-16,12,AR1 alpha + Basic + One-Step,NYSE:KMT,0.0
2020-12-17,12,AR1 alpha + Basic + One-Step,NYSE:KMT,0.0
2020-12-18,12,AR1 alpha + Basic + One-Step,NYSE:KMT,0.003481143778895014
2020-12-21,12,AR1 alpha + Basic + One-Step,NYSE:KMT,9.292496016083141e-07
2020-12-22,12,AR1 alpha + Basic + One-Step,NYSE:KMT,8.486219799078137e-07
2020-12-23,12,AR1 alpha + Basic + One-Step,NYSE:KMT,1.378360529906222e-07
2020-12-24,12,AR1 alpha + Basic + One-Step,NYSE:KMT,0.0
2020-12-28,12,AR1 alpha + Basic + One-Step,NYSE:KMT,0.03052182137883578
2020-12-29,12,AR1 alpha + Basic + One-Step,NYSE:KMT,0.05329073628814366
2020-12-30,12,AR1 alpha + Basic + One-Step,NYSE:KMT,0.0
2020-12-31,12,AR1 alpha + Basic + One-Step,NYSE:KMT,0.0
2021-01-04,12,AR1 alpha + Basic + One-Step,NYSE:KMT,0.015946564801432812
2021-01-05,12,AR1 alpha + Basic + One-Step,NYSE:KMT,4.6284980715301616e-08
2021-01-06,12,AR1 alpha + Basic + One-Step,NYSE:KMT,0.0
2021-01-07,12,AR1 alpha + Basic + One-Step,NYSE:KMT,0.0
2021-01-08,12,AR1 alpha + Basic + One-Step,NYSE:KMT,0.0
2021-01-11,12,AR1 alpha + Basic + One-Step,NYSE:KMT,0.0
2021-01-12,12,AR1 alpha + Basic + One-Step,NYSE:KMT,0.0
2021-01-13,12,AR1 alpha + Basic + One-Step,NYSE:KMT,0.0
2021-01-14,12,AR1 alpha + Basic + One-Step,NYSE:KMT,0.0
2021-01-15,12,AR1 alpha + Basic + One-Step,NYSE:KMT,0.0
2021-01-19,12,AR1 alpha + Basic + One-Step,NYSE:KMT,2.8670472988230163e-08
2021-01-20,12,AR1 alpha + Basic + One-Step,NYSE:KMT,0.0
2021-01-21,12,AR1 alpha + Basic + One-Step,NYSE:KMT,0.0
2021-01-22,12,AR1 alpha + Basic + One-Step,NYSE:KMT,0.0
2021-01-25,12,AR1 alpha + Basic + One-Step,NYSE:KMT,0.0
2021-01-26,12,AR1 alpha + Basic + One-Step,NYSE:KMT,0.0
2021-01-27,12,AR1 alpha + Basic + One-Step,NYSE:KMT,0.0
2021-01-28,12,AR1 alpha + Basic + One-Step,NYSE:KMT,0.0
2021-01-29,12,AR1 alpha + Basic + One-Step,NYSE:KMT,0.0
2021-02-01,12,AR1 alpha + Basic + One-Step,NYSE:KMT,1.453676868574313e-07
2021-02-02,12,AR1 alpha + Basic + One-Step,NYSE:KMT,0.08223370951206818
2021-02-03,12,AR1 alpha + Basic + One-Step,NYSE:KMT,0.009991324838436897
2021-02-04,12,AR1 alpha + Basic + One-Step,NYSE:KMT,0.03279060648895678
2021-02-05,12,AR1 alpha + Basic + One-Step,NYSE:KMT,0.0
2021-02-08,12,AR1 alpha + Basic + One-Step,NYSE:KMT,0.0
2021-02-09,12,AR1 alpha + Basic + One-Step,NYSE:KMT,0.0
2021-02-10,12,AR1 alpha + Basic + One-Step,NYSE:KMT,0.0
2021-02-11,12,AR1 alpha + Basic + One-Step,NYSE:KMT,0.0
2021-02-12,12,AR1 alpha + Basic + One-Step,NYSE:KMT,0.0
2021-02-16,12,AR1 alpha + Basic + One-Step,NYSE:KMT,0.0
2021-02-17,12,AR1 alpha + Basic + One-Step,NYSE:KMT,0.0
2021-02-18,12,AR1 alpha + Basic + One-Step,NYSE:KMT,0.0
2021-02-19,12,AR1 alpha + Basic + One-Step,NYSE:KMT,0.0
2021-02-22,12,AR1 alpha + Basic + One-Step,NYSE:KMT,1.944745685446517e-07
2021-02-23,12,AR1 alpha + Basic + One-Step,NYSE:KMT,1.136847126383934e-07
2021-02-24,12,AR1 alpha + Basic + One-Step,NYSE:KMT,0.0
2021-02-25,12,AR1 alpha + Basic + One-Step,NYSE:KMT,0.0
2021-02-26,12,AR1 alpha + Basic + One-Step,NYSE:KMT,9.518590415379101e-07
2021-03-01,12,AR1 alpha + Basic + One-Step,NYSE:KMT,0.0
2021-03-02,12,AR1 alpha + Basic + One-Step,NYSE:KMT,1.92716481688431e-08
2021-03-03,12,AR1 alpha + Basic + One-Step,NYSE:KMT,0.0
2021-03-04,12,AR1 alpha + Basic + One-Step,NYSE:KMT,0.0
2021-03-05,12,AR1 alpha + Basic + One-Step,NYSE:KMT,0.0
2021-03-08,12,AR1 alpha + Basic + One-Step,NYSE:KMT,0.0
2021-03-09,12,AR1 alpha + Basic + One-Step,NYSE:KMT,0.0
2021-03-10,12,AR1 alpha + Basic + One-Step,NYSE:KMT,0.0
2021-03-11,12,AR1 alpha + Basic + One-Step,NYSE:KMT,0.0
2021-03-12,12,AR1 alpha + Basic + One-Step,NYSE:KMT,0.0
2021-03-15,12,AR1 alpha + Basic + One-Step,NYSE:KMT,4.0411624407959894e-10
2021-03-16,12,AR1 alpha + Basic + One-Step,NYSE:KMT,0.0
2021-03-17,12,AR1 alpha + Basic + One-Step,NYSE:KMT,0.0
2021-03-18,12,AR1 alpha + Basic + One-Step,NYSE:KMT,0.0
2021-03-19,12,AR1 alpha + Basic + One-Step,NYSE:KMT,0.0
2021-03-22,12,AR1 alpha + Basic + One-Step,NYSE:KMT,0.0
2021-03-23,12,AR1 alpha + Basic + One-Step,NYSE:KMT,0.03402911134858569
2021-03-24,12,AR1 alpha + Basic + One-Step,NYSE:KMT,0.020198270728785064
2021-03-25,12,AR1 alpha + Basic + One-Step,NYSE:KMT,0.0
2021-03-26,12,AR1 alpha + Basic + One-Step,NYSE:KMT,1.2425643470701745e-09
2021-03-29,12,AR1 alpha + Basic + One-Step,NYSE:KMT,0.0
2021-03-30,12,AR1 alpha + Basic + One-Step,NYSE:KMT,3.5103183321230703e-07
2021-03-31,12,AR1 alpha + Basic + One-Step,NYSE:KMT,1.3235814746157868e-09
2021-04-01,12,AR1 alpha + Basic + One-Step,NYSE:KMT,0.0
2021-04-05,12,AR1 alpha + Basic + One-Step,NYSE:KMT,1.0678668223142665e-06
2021-04-06,12,AR1 alpha + Basic + One-Step,NYSE:KMT,0.0
2021-04-07,12,AR1 alpha + Basic + One-Step,NYSE:KMT,0.0
2021-04-08,12,AR1 alpha + Basic + One-Step,NYSE:KMT,1.3850463882497498e-07
2021-04-09,12,AR1 alpha + Basic + One-Step,NYSE:KMT,0.0
2021-04-12,12,AR1 alpha + Basic + One-Step,NYSE:KMT,2.6330269343284274e-09
2021-04-13,12,AR1 alpha + Basic + One-Step,NYSE:KMT,0.0
2021-04-14,12,AR1 alpha + Basic + One-Step,NYSE:KMT,1.5218697072635927e-07
2021-04-15,12,AR1 alpha + Basic + One-Step,NYSE:KMT,0.0
2021-04-16,12,AR1 alpha + Basic + One-Step,NYSE:KMT,0.0
2021-04-19,12,AR1 alpha + Basic + One-Step,NYSE:KMT,8.49977943342884e-09
2021-04-20,12,AR1 alpha + Basic + One-Step,NYSE:KMT,0.0
2021-04-21,12,AR1 alpha + Basic + One-Step,NYSE:KMT,0.0
2021-04-22,12,AR1 alpha + Basic + One-Step,NYSE:KMT,0.0
2021-04-23,12,AR1 alpha + Basic + One-Step,NYSE:KMT,0.0
2021-04-26,12,AR1 alpha + Basic + One-Step,NYSE:KMT,0.0
2021-04-27,12,AR1 alpha + Basic + One-Step,NYSE:KMT,1.6207103201421579e-07
2021-04-28,12,AR1 alpha + Basic + One-Step,NYSE:KMT,5.859932560605738e-08
2021-04-29,12,AR1 alpha + Basic + One-Step,NYSE:KMT,0.0
2021-04-30,12,AR1 alpha + Basic + One-Step,NYSE:KMT,0.0
2021-05-03,12,AR1 alpha + Basic + One-Step,NYSE:KMT,0.0
2021-05-04,12,AR1 alpha + Basic + One-Step,NYSE:KMT,3.0692915236024737e-09
2021-05-05,12,AR1 alpha + Basic + One-Step,NYSE:KMT,0.0
2021-05-06,12,AR1 alpha + Basic + One-Step,NYSE:KMT,0.0
2021-05-07,12,AR1 alpha + Basic + One-Step,NYSE:KMT,0.0
2021-05-10,12,AR1 alpha + Basic + One-Step,NYSE:KMT,0.0
2021-05-11,12,AR1 alpha + Basic + One-Step,NYSE:KMT,0.0
2021-05-12,12,AR1 alpha + Basic + One-Step,NYSE:KMT,0.0
2021-05-13,12,AR1 alpha + Basic + One-Step,NYSE:KMT,0.0
2021-05-14,12,AR1 alpha + Basic + One-Step,NYSE:KMT,0.0
2021-05-17,12,AR1 alpha + Basic + One-Step,NYSE:KMT,0.0
2021-05-18,12,AR1 alpha + Basic + One-Step,NYSE:KMT,0.0
2021-05-19,12,AR1 alpha + Basic + One-Step,NYSE:KMT,0.0
2021-05-20,12,AR1 alpha + Basic + One-Step,NYSE:KMT,4.237980385971983e-08
2021-05-21,12,AR1 alpha + Basic + One-Step,NYSE:KMT,0.0
2021-05-24,12,AR1 alpha + Basic + One-Step,NYSE:KMT,0.0
2021-05-25,12,AR1 alpha + Basic + One-Step,NYSE:KMT,0.0
2021-05-26,12,AR1 alpha + Basic + One-Step,NYSE:KMT,0.0
2021-05-27,12,AR1 alpha + Basic + One-Step,NYSE:KMT,0.0
2021-05-28,12,AR1 alpha + Basic + One-Step,NYSE:KMT,0.0
2021-06-01,12,AR1 alpha + Basic + One-Step,NYSE:KMT,0.0
2021-06-02,12,AR1 alpha + Basic + One-Step,NYSE:KMT,0.0
2021-06-03,12,AR1 alpha + Basic + One-Step,NYSE:KMT,0.0
2021-06-04,12,AR1 alpha + Basic + One-Step,NYSE:KMT,0.0
2021-06-07,12,AR1 alpha + Basic + One-Step,NYSE:KMT,1.8758362207741178e-08
2021-06-08,12,AR1 alpha + Basic + One-Step,NYSE:KMT,0.0
2021-06-09,12,AR1 alpha + Basic + One-Step,NYSE:KMT,0.0
2021-06-10,12,AR1 alpha + Basic + One-Step,NYSE:KMT,4.830051166645295e-08
2021-06-11,12,AR1 alpha + Basic + One-Step,NYSE:KMT,0.0
2021-06-14,12,AR1 alpha + Basic + One-Step,NYSE:KMT,5.803858210666896e-08
2021-06-15,12,AR1 alpha + Basic + One-Step,NYSE:KMT,0.0
2021-06-16,12,AR1 alpha + Basic + One-Step,NYSE:KMT,0.0
2021-06-17,12,AR1 alpha + Basic + One-Step,NYSE:KMT,0.0
2021-06-18,12,AR1 alpha + Basic + One-Step,NYSE:KMT,0.0
2021-06-21,12,AR1 alpha + Basic + One-Step,NYSE:KMT,0.0
2021-06-22,12,AR1 alpha + Basic + One-Step,NYSE:KMT,7.039023168667336e-07
2021-06-23,12,AR1 alpha + Basic + One-Step,NYSE:KMT,4.088864355846203e-07
2021-06-24,12,AR1 alpha + Basic + One-Step,NYSE:KMT,5.626516432207879e-07
2021-06-25,12,AR1 alpha + Basic + One-Step,NYSE:KMT,0.0
2021-06-28,12,AR1 alpha + Basic + One-Step,NYSE:KMT,0.0
2021-06-29,12,AR1 alpha + Basic + One-Step,NYSE:KMT,0.0
2021-06-30,12,AR1 alpha + Basic + One-Step,NYSE:KMT,0.0
2021-07-01,12,AR1 alpha + Basic + One-Step,NYSE:KMT,0.0
2021-07-02,12,AR1 alpha + Basic + One-Step,NYSE:KMT,0.0
2021-07-06,12,AR1 alpha + Basic + One-Step,NYSE:KMT,0.0
2021-07-07,12,AR1 alpha + Basic + One-Step,NYSE:KMT,0.0
2021-07-08,12,AR1 alpha + Basic + One-Step,NYSE:KMT,0.0
2021-07-09,12,AR1 alpha + Basic + One-Step,NYSE:KMT,0.0
2021-07-12,12,AR1 alpha + Basic + One-Step,NYSE:KMT,0.0
2021-07-13,12,AR1 alpha + Basic + One-Step,NYSE:KMT,3.878882761518595e-08
2021-07-14,12,AR1 alpha + Basic + One-Step,NYSE:KMT,0.0
2021-07-15,12,AR1 alpha + Basic + One-Step,NYSE:KMT,0.0
2021-07-16,12,AR1 alpha + Basic + One-Step,NYSE:KMT,0.0
2021-07-19,12,AR1 alpha + Basic + One-Step,NYSE:KMT,0.0
2021-07-20,12,AR1 alpha + Basic + One-Step,NYSE:KMT,0.0
2021-07-21,12,AR1 alpha + Basic + One-Step,NYSE:KMT,0.0
2021-07-22,12,AR1 alpha + Basic + One-Step,NYSE:KMT,0.0
2021-07-23,12,AR1 alpha + Basic + One-Step,NYSE:KMT,0.0
2021-07-26,12,AR1 alpha + Basic + One-Step,NYSE:KMT,2.2917484754561308e-07
2021-07-27,12,AR1 alpha + Basic + One-Step,NYSE:KMT,2.2458403829778846e-06
2021-07-28,12,AR1 alpha + Basic + One-Step,NYSE:KMT,0.0
2021-07-29,12,AR1 alpha + Basic + One-Step,NYSE:KMT,0.0
2021-07-30,12,AR1 alpha + Basic + One-Step,NYSE:KMT,2.6914690526802255e-07
2021-08-02,12,AR1 alpha + Basic + One-Step,NYSE:KMT,2.6867282123081515e-07
2021-08-03,12,AR1 alpha + Basic + One-Step,NYSE:KMT,6.84754946297561e-08
2021-08-04,12,AR1 alpha + Basic + One-Step,NYSE:KMT,5.558913970983764e-08
2021-08-05,12,AR1 alpha + Basic + One-Step,NYSE:KMT,1.0288099829734758e-07
2021-08-06,12,AR1 alpha + Basic + One-Step,NYSE:KMT,0.0
2021-08-09,12,AR1 alpha + Basic + One-Step,NYSE:KMT,2.19122228789072e-07
2021-08-10,12,AR1 alpha + Basic + One-Step,NYSE:KMT,9.925089306743818e-08
2021-08-11,12,AR1 alpha + Basic + One-Step,NYSE:KMT,1.1877154280732685e-07
2021-08-12,12,AR1 alpha + Basic + One-Step,NYSE:KMT,2.6080157812107527e-07
2021-08-13,12,AR1 alpha + Basic + One-Step,NYSE:KMT,0.0
2021-08-16,12,AR1 alpha + Basic + One-Step,NYSE:KMT,0.0
2021-08-17,12,AR1 alpha + Basic + One-Step,NYSE:KMT,5.4068977592505015e-08
2021-08-18,12,AR1 alpha + Basic + One-Step,NYSE:KMT,0.0
2021-08-19,12,AR1 alpha + Basic + One-Step,NYSE:KMT,0.0
2021-08-20,12,AR1 alpha + Basic + One-Step,NYSE:KMT,4.0043868418753973e-08
2021-08-23,12,AR1 alpha + Basic + One-Step,NYSE:KMT,0.0
2021-08-24,12,AR1 alpha + Basic + One-Step,NYSE:KMT,0.0
2021-08-25,12,AR1 alpha + Basic + One-Step,NYSE:KMT,0.0
2021-08-26,12,AR1 alpha + Basic + One-Step,NYSE:KMT,3.329019544582937e-08
2021-08-27,12,AR1 alpha + Basic + One-Step,NYSE:KMT,0.0
2021-08-30,12,AR1 alpha + Basic + One-Step,NYSE:KMT,0.0
2021-08-31,12,AR1 alpha + Basic + One-Step,NYSE:KMT,3.8864482003375774e-07
2021-09-01,12,AR1 alpha + Basic + One-Step,NYSE:KMT,2.469187868580802e-07
2021-09-02,12,AR1 alpha + Basic + One-Step,NYSE:KMT,0.0
2021-09-03,12,AR1 alpha + Basic + One-Step,NYSE:KMT,0.0
2021-09-07,12,AR1 alpha + Basic + One-Step,NYSE:KMT,0.0
2021-09-08,12,AR1 alpha + Basic + One-Step,NYSE:KMT,0.0
2021-09-09,12,AR1 alpha + Basic + One-Step,NYSE:KMT,0.0
2021-09-10,12,AR1 alpha + Basic + One-Step,NYSE:KMT,2.4118575760882496e-07
2021-09-13,12,AR1 alpha + Basic + One-Step,NYSE:KMT,0.0
2021-09-14,12,AR1 alpha + Basic + One-Step,NYSE:KMT,0.0
2021-09-15,12,AR1 alpha + Basic + One-Step,NYSE:KMT,9.863579694042413e-08
2021-09-16,12,AR1 alpha + Basic + One-Step,NYSE:KMT,0.0
2021-09-17,12,AR1 alpha + Basic + One-Step,NYSE:KMT,0.0
2021-09-20,12,AR1 alpha + Basic + One-Step,NYSE:KMT,0.0
2021-09-21,12,AR1 alpha + Basic + One-Step,NYSE:KMT,1.6174452889025114e-07
2021-09-22,12,AR1 alpha + Basic + One-Step,NYSE:KMT,0.0
2021-09-23,12,AR1 alpha + Basic + One-Step,NYSE:KMT,0.0
2021-09-24,12,AR1 alpha + Basic + One-Step,NYSE:KMT,0.0
2021-09-27,12,AR1 alpha + Basic + One-Step,NYSE:KMT,0.0
2021-09-28,12,AR1 alpha + Basic + One-Step,NYSE:KMT,0.0
2021-09-29,12,AR1 alpha + Basic + One-Step,NYSE:KMT,0.0
2021-09-30,12,AR1 alpha + Basic + One-Step,NYSE:KMT,0.0
2021-10-01,12,AR1 alpha + Basic + One-Step,NYSE:KMT,0.0
2021-10-04,12,AR1 alpha + Basic + One-Step,NYSE:KMT,0.0
2021-10-05,12,AR1 alpha + Basic + One-Step,NYSE:KMT,0.0
2021-10-06,12,AR1 alpha + Basic + One-Step,NYSE:KMT,1.755620805721851e-07
2021-10-07,12,AR1 alpha + Basic + One-Step,NYSE:KMT,0.0
2021-10-08,12,AR1 alpha + Basic + One-Step,NYSE:KMT,0.0
2021-10-11,12,AR1 alpha + Basic + One-Step,NYSE:KMT,0.0
2021-10-12,12,AR1 alpha + Basic + One-Step,NYSE:KMT,0.0
2021-10-13,12,AR1 alpha + Basic + One-Step,NYSE:KMT,0.0
2021-10-14,12,AR1 alpha + Basic + One-Step,NYSE:KMT,0.0
2021-10-15,12,AR1 alpha + Basic + One-Step,NYSE:KMT,0.0
2021-10-18,12,AR1 alpha + Basic + One-Step,NYSE:KMT,0.0
2021-10-19,12,AR1 alpha + Basic + One-Step,NYSE:KMT,0.0
2021-10-20,12,AR1 alpha + Basic + One-Step,NYSE:KMT,0.0
2021-10-21,12,AR1 alpha + Basic + One-Step,NYSE:KMT,0.0
2021-10-22,12,AR1 alpha + Basic + One-Step,NYSE:KMT,0.0
2021-10-25,12,AR1 alpha + Basic + One-Step,NYSE:KMT,0.0
2021-10-26,12,AR1 alpha + Basic + One-Step,NYSE:KMT,0.0
2021-10-27,12,AR1 alpha + Basic + One-Step,NYSE:KMT,0.0
2021-10-28,12,AR1 alpha + Basic + One-Step,NYSE:KMT,0.0
2021-10-29,12,AR1 alpha + Basic + One-Step,NYSE:KMT,0.0
2021-11-01,12,AR1 alpha + Basic + One-Step,NYSE:KMT,3.4852680530667486e-07
2021-11-02,12,AR1 alpha + Basic + One-Step,NYSE:KMT,0.0
2021-11-03,12,AR1 alpha + Basic + One-Step,NYSE:KMT,0.0
2021-11-04,12,AR1 alpha + Basic + One-Step,NYSE:KMT,0.0
2021-11-05,12,AR1 alpha + Basic + One-Step,NYSE:KMT,0.0
2021-11-08,12,AR1 alpha + Basic + One-Step,NYSE:KMT,0.0
2021-11-09,12,AR1 alpha + Basic + One-Step,NYSE:KMT,3.847120201114803e-08
2021-11-10,12,AR1 alpha + Basic + One-Step,NYSE:KMT,4.40257695928525e-08
2021-11-11,12,AR1 alpha + Basic + One-Step,NYSE:KMT,0.0
2021-11-12,12,AR1 alpha + Basic + One-Step,NYSE:KMT,0.0
2021-11-15,12,AR1 alpha + Basic + One-Step,NYSE:KMT,0.0
2021-11-16,12,AR1 alpha + Basic + One-Step,NYSE:KMT,0.0
2021-11-17,12,AR1 alpha + Basic + One-Step,NYSE:KMT,0.0
2021-11-18,12,AR1 alpha + Basic + One-Step,NYSE:KMT,0.0
2021-11-19,12,AR1 alpha + Basic + One-Step,NYSE:KMT,0.0
2021-11-22,12,AR1 alpha + Basic + One-Step,NYSE:KMT,0.0
2021-11-23,12,AR1 alpha + Basic + One-Step,NYSE:KMT,0.0
2021-11-24,12,AR1 alpha + Basic + One-Step,NYSE:KMT,0.0
2021-11-26,12,AR1 alpha + Basic + One-Step,NYSE:KMT,0.0
2021-11-29,12,AR1 alpha + Basic + One-Step,NYSE:KMT,0.0
2021-11-30,12,AR1 alpha + Basic + One-Step,NYSE:KMT,0.0
2021-12-01,12,AR1 alpha + Basic + One-Step,NYSE:KMT,0.0
2021-12-02,12,AR1 alpha + Basic + One-Step,NYSE:KMT,0.0
2021-12-03,12,AR1 alpha + Basic + One-Step,NYSE:KMT,0.0
2021-12-06,12,AR1 alpha + Basic + One-Step,NYSE:KMT,0.0
2021-12-07,12,AR1 alpha + Basic + One-Step,NYSE:KMT,0.0
2021-12-08,12,AR1 alpha + Basic + One-Step,NYSE:KMT,0.0
2021-12-09,12,AR1 alpha + Basic + One-Step,NYSE:KMT,0.0
2021-12-10,12,AR1 alpha + Basic + One-Step,NYSE:KMT,1.0323241087996287e-07
2021-12-13,12,AR1 alpha + Basic + One-Step,NYSE:KMT,0.0
2021-12-14,12,AR1 alpha + Basic + One-Step,NYSE:KMT,4.157465546356349e-08
2021-12-15,12,AR1 alpha + Basic + One-Step,NYSE:KMT,0.0
2021-12-16,12,AR1 alpha + Basic + One-Step,NYSE:KMT,0.0
2021-12-17,12,AR1 alpha + Basic + One-Step,NYSE:KMT,0.0
2021-12-20,12,AR1 alpha + Basic + One-Step,NYSE:KMT,0.0
2021-12-21,12,AR1 alpha + Basic + One-Step,NYSE:KMT,0.0
2021-12-22,12,AR1 alpha + Basic + One-Step,NYSE:KMT,1.8890339391424308e-07
2021-12-23,12,AR1 alpha + Basic + One-Step,NYSE:KMT,0.0
2021-12-27,12,AR1 alpha + Basic + One-Step,NYSE:KMT,0.0
2021-12-28,12,AR1 alpha + Basic + One-Step,NYSE:KMT,0.0
2021-12-29,12,AR1 alpha + Basic + One-Step,NYSE:KMT,0.0
2021-12-30,12,AR1 alpha + Basic + One-Step,NYSE:KMT,9.099854490491468e-07
2021-12-31,12,AR1 alpha + Basic + One-Step,NYSE:KMT,3.2962783445599934e-07
2022-01-03,12,AR1 alpha + Basic + One-Step,NYSE:KMT,2.6310831896080654e-07
2022-01-04,12,AR1 alpha + Basic + One-Step,NYSE:KMT,0.0
2022-01-05,12,AR1 alpha + Basic + One-Step,NYSE:KMT,0.0
2022-01-06,12,AR1 alpha + Basic + One-Step,NYSE:KMT,0.0
2022-01-07,12,AR1 alpha + Basic + One-Step,NYSE:KMT,6.246980384664126e-08
2022-01-10,12,AR1 alpha + Basic + One-Step,NYSE:KMT,0.0
2022-01-11,12,AR1 alpha + Basic + One-Step,NYSE:KMT,0.0
2022-01-12,12,AR1 alpha + Basic + One-Step,NYSE:KMT,0.0
2022-01-13,12,AR1 alpha + Basic + One-Step,NYSE:KMT,7.02536818586441e-07
2022-01-14,12,AR1 alpha + Basic + One-Step,NYSE:KMT,0.0
2022-01-18,12,AR1 alpha + Basic + One-Step,NYSE:KMT,0.0
2022-01-19,12,AR1 alpha + Basic + One-Step,NYSE:KMT,0.0
2022-01-20,12,AR1 alpha + Basic + One-Step,NYSE:KMT,0.0
2022-01-21,12,AR1 alpha + Basic + One-Step,NYSE:KMT,3.2849501551643486e-07
2022-01-24,12,AR1 alpha + Basic + One-Step,NYSE:KMT,0.0
2022-01-25,12,AR1 alpha + Basic + One-Step,NYSE:KMT,0.0
2022-01-26,12,AR1 alpha + Basic + One-Step,NYSE:KMT,0.0
2022-01-27,12,AR1 alpha + Basic + One-Step,NYSE:KMT,0.0
2022-01-28,12,AR1 alpha + Basic + One-Step,NYSE:KMT,2.6359234855119365e-09
2022-01-31,12,AR1 alpha + Basic + One-Step,NYSE:KMT,0.0
2022-02-01,12,AR1 alpha + Basic + One-Step,NYSE:KMT,0.0
2022-02-02,12,AR1 alpha + Basic + One-Step,NYSE:KMT,0.0
2022-02-03,12,AR1 alpha + Basic + One-Step,NYSE:KMT,0.0
2022-02-04,12,AR1 alpha + Basic + One-Step,NYSE:KMT,1.597673630876062e-08
2022-02-07,12,AR1 alpha + Basic + One-Step,NYSE:KMT,4.151388113027925e-08
2022-02-08,12,AR1 alpha + Basic + One-Step,NYSE:KMT,0.0
2022-02-09,12,AR1 alpha + Basic + One-Step,NYSE:KMT,0.0
2022-02-10,12,AR1 alpha + Basic + One-Step,NYSE:KMT,3.2201087522281743e-09
2022-02-11,12,AR1 alpha + Basic + One-Step,NYSE:KMT,8.224696997275719e-08
2022-02-14,12,AR1 alpha + Basic + One-Step,NYSE:KMT,8.024535879469685e-08
2022-02-15,12,AR1 alpha + Basic + One-Step,NYSE:KMT,0.0
2022-02-16,12,AR1 alpha + Basic + One-Step,NYSE:KMT,0.0
2022-02-17,12,AR1 alpha + Basic + One-Step,NYSE:KMT,0.0
2022-02-18,12,AR1 alpha + Basic + One-Step,NYSE:KMT,2.8225444478673125e-07
2022-02-22,12,AR1 alpha + Basic + One-Step,NYSE:KMT,1.3627867986723918e-07
2022-02-23,12,AR1 alpha + Basic + One-Step,NYSE:KMT,0.0
2022-02-24,12,AR1 alpha + Basic + One-Step,NYSE:KMT,0.0
2022-02-25,12,AR1 alpha + Basic + One-Step,NYSE:KMT,0.0
2022-02-28,12,AR1 alpha + Basic + One-Step,NYSE:KMT,0.0
2022-03-01,12,AR1 alpha + Basic + One-Step,NYSE:KMT,9.34566712072197e-08
2022-03-02,12,AR1 alpha + Basic + One-Step,NYSE:KMT,0.0
2022-03-03,12,AR1 alpha + Basic + One-Step,NYSE:KMT,0.0
2022-03-04,12,AR1 alpha + Basic + One-Step,NYSE:KMT,0.0
2022-03-07,12,AR1 alpha + Basic + One-Step,NYSE:KMT,0.0
2022-03-08,12,AR1 alpha + Basic + One-Step,NYSE:KMT,1.231444622196742e-06
2022-03-09,12,AR1 alpha + Basic + One-Step,NYSE:KMT,1.3385928920466247e-08
2022-03-10,12,AR1 alpha + Basic + One-Step,NYSE:KMT,0.0
2022-03-11,12,AR1 alpha + Basic + One-Step,NYSE:KMT,2.020050195536539e-07
2022-03-14,12,AR1 alpha + Basic + One-Step,NYSE:KMT,0.0
2022-03-15,12,AR1 alpha + Basic + One-Step,NYSE:KMT,0.0
2022-03-16,12,AR1 alpha + Basic + One-Step,NYSE:KMT,0.0
2022-03-17,12,AR1 alpha + Basic + One-Step,NYSE:KMT,0.0
2022-03-18,12,AR1 alpha + Basic + One-Step,NYSE:KMT,0.0
2022-03-21,12,AR1 alpha + Basic + One-Step,NYSE:KMT,0.0
2022-03-22,12,AR1 alpha + Basic + One-Step,NYSE:KMT,0.0
2022-03-23,12,AR1 alpha + Basic + One-Step,NYSE:KMT,0.0
2022-03-24,12,AR1 alpha + Basic + One-Step,NYSE:KMT,7.15598556985488e-08
2022-03-25,12,AR1 alpha + Basic + One-Step,NYSE:KMT,0.0
2022-03-28,12,AR1 alpha + Basic + One-Step,NYSE:KMT,0.0
2022-03-29,12,AR1 alpha + Basic + One-Step,NYSE:KMT,0.0
2022-03-30,12,AR1 alpha + Basic + One-Step,NYSE:KMT,4.737886971481154e-07
2022-03-31,12,AR1 alpha + Basic + One-Step,NYSE:KMT,0.0
2022-04-01,12,AR1 alpha + Basic + One-Step,NYSE:KMT,0.0
2022-04-04,12,AR1 alpha + Basic + One-Step,NYSE:KMT,0.0
2022-04-05,12,AR1 alpha + Basic + One-Step,NYSE:KMT,0.0
2022-04-06,12,AR1 alpha + Basic + One-Step,NYSE:KMT,0.0
2022-04-07,12,AR1 alpha + Basic + One-Step,NYSE:KMT,0.0
2022-04-08,12,AR1 alpha + Basic + One-Step,NYSE:KMT,0.0
2022-04-11,12,AR1 alpha + Basic + One-Step,NYSE:KMT,0.0
2022-04-12,12,AR1 alpha + Basic + One-Step,NYSE:KMT,0.0
2022-04-13,12,AR1 alpha + Basic + One-Step,NYSE:KMT,3.45983457646472e-07
2022-04-14,12,AR1 alpha + Basic + One-Step,NYSE:KMT,5.922771965799675e-09
2022-04-18,12,AR1 alpha + Basic + One-Step,NYSE:KMT,0.0
2022-04-19,12,AR1 alpha + Basic + One-Step,NYSE:KMT,0.0
2022-04-20,12,AR1 alpha + Basic + One-Step,NYSE:KMT,8.365989036159436e-08
2022-04-21,12,AR1 alpha + Basic + One-Step,NYSE:KMT,0.0
2022-04-22,12,AR1 alpha + Basic + One-Step,NYSE:KMT,0.0
2022-04-25,12,AR1 alpha + Basic + One-Step,NYSE:KMT,0.0
2022-04-26,12,AR1 alpha + Basic + One-Step,NYSE:KMT,0.0
2022-04-27,12,AR1 alpha + Basic + One-Step,NYSE:KMT,0.0
2022-04-28,12,AR1 alpha + Basic + One-Step,NYSE:KMT,0.0
2022-04-29,12,AR1 alpha + Basic + One-Step,NYSE:KMT,0.0
2022-05-02,12,AR1 alpha + Basic + One-Step,NYSE:KMT,0.0
2022-05-03,12,AR1 alpha + Basic + One-Step,NYSE:KMT,0.0
2022-05-04,12,AR1 alpha + Basic + One-Step,NYSE:KMT,7.490450769891027e-07
2022-05-05,12,AR1 alpha + Basic + One-Step,NYSE:KMT,0.0
2022-05-06,12,AR1 alpha + Basic + One-Step,NYSE:KMT,2.8838504005321876e-09
2022-05-09,12,AR1 alpha + Basic + One-Step,NYSE:KMT,0.0
2022-05-10,12,AR1 alpha + Basic + One-Step,NYSE:KMT,0.0
2022-05-11,12,AR1 alpha + Basic + One-Step,NYSE:KMT,0.0
2022-05-12,12,AR1 alpha + Basic + One-Step,NYSE:KMT,7.895653677774328e-08
2022-05-13,12,AR1 alpha + Basic + One-Step,NYSE:KMT,0.0
2022-05-16,12,AR1 alpha + Basic + One-Step,NYSE:KMT,5.846388358146598e-07
2022-05-17,12,AR1 alpha + Basic + One-Step,NYSE:KMT,1.8997843546765655e-07
2022-05-18,12,AR1 alpha + Basic + One-Step,NYSE:KMT,4.754689568567572e-08
2022-05-19,12,AR1 alpha + Basic + One-Step,NYSE:KMT,0.0
2022-05-20,12,AR1 alpha + Basic + One-Step,NYSE:KMT,0.0
2022-05-23,12,AR1 alpha + Basic + One-Step,NYSE:KMT,0.0
2022-05-24,12,AR1 alpha + Basic + One-Step,NYSE:KMT,0.0
2022-05-25,12,AR1 alpha + Basic + One-Step,NYSE:KMT,2.3131542791855828e-07
2022-05-26,12,AR1 alpha + Basic + One-Step,NYSE:KMT,0.0
2022-05-27,12,AR1 alpha + Basic + One-Step,NYSE:KMT,6.2878118501558336e-09
2022-05-31,12,AR1 alpha + Basic + One-Step,NYSE:KMT,0.0
2022-06-01,12,AR1 alpha + Basic + One-Step,NYSE:KMT,0.0
2022-06-02,12,AR1 alpha + Basic + One-Step,NYSE:KMT,0.0
2022-06-03,12,AR1 alpha + Basic + One-Step,NYSE:KMT,0.0
2022-06-06,12,AR1 alpha + Basic + One-Step,NYSE:KMT,0.0
2022-06-07,12,AR1 alpha + Basic + One-Step,NYSE:KMT,0.0
2022-06-08,12,AR1 alpha + Basic + One-Step,NYSE:KMT,0.0
2022-06-09,12,AR1 alpha + Basic + One-Step,NYSE:KMT,0.0
2022-06-10,12,AR1 alpha + Basic + One-Step,NYSE:KMT,1.004752857723021e-07
2022-06-13,12,AR1 alpha + Basic + One-Step,NYSE:KMT,3.3863063961552883e-07
2022-06-14,12,AR1 alpha + Basic + One-Step,NYSE:KMT,2.2871862101323484e-07
2022-06-15,12,AR1 alpha + Basic + One-Step,NYSE:KMT,0.0
2022-06-16,12,AR1 alpha + Basic + One-Step,NYSE:KMT,0.0
2022-06-17,12,AR1 alpha + Basic + One-Step,NYSE:KMT,0.0
2022-06-21,12,AR1 alpha + Basic + One-Step,NYSE:KMT,9.378698500915483e-07
2022-06-22,12,AR1 alpha + Basic + One-Step,NYSE:KMT,4.3648197093248476e-07
2022-06-23,12,AR1 alpha + Basic + One-Step,NYSE:KMT,0.0
2022-06-24,12,AR1 alpha + Basic + One-Step,NYSE:KMT,0.0
2022-06-27,12,AR1 alpha + Basic + One-Step,NYSE:KMT,0.0
2022-06-28,12,AR1 alpha + Basic + One-Step,NYSE:KMT,0.0
2022-06-29,12,AR1 alpha + Basic + One-Step,NYSE:KMT,0.0
2022-06-30,12,AR1 alpha + Basic + One-Step,NYSE:KMT,0.0
2022-07-01,12,AR1 alpha + Basic + One-Step,NYSE:KMT,0.0
2022-07-05,12,AR1 alpha + Basic + One-Step,NYSE:KMT,0.0
2022-07-06,12,AR1 alpha + Basic + One-Step,NYSE:KMT,0.0
2022-07-07,12,AR1 alpha + Basic + One-Step,NYSE:KMT,0.0
2022-07-08,12,AR1 alpha + Basic + One-Step,NYSE:KMT,0.0
2022-07-11,12,AR1 alpha + Basic + One-Step,NYSE:KMT,0.0
2022-07-12,12,AR1 alpha + Basic + One-Step,NYSE:KMT,3.247700771298026e-07
2022-07-13,12,AR1 alpha + Basic + One-Step,NYSE:KMT,3.8333181155357477e-07
2022-07-14,12,AR1 alpha + Basic + One-Step,NYSE:KMT,0.0
2022-07-15,12,AR1 alpha + Basic + One-Step,NYSE:KMT,0.0
2022-07-18,12,AR1 alpha + Basic + One-Step,NYSE:KMT,4.7796430242429755e-09
2022-07-19,12,AR1 alpha + Basic + One-Step,NYSE:KMT,0.0
2022-07-20,12,AR1 alpha + Basic + One-Step,NYSE:KMT,2.064760917149043e-07
2022-07-21,12,AR1 alpha + Basic + One-Step,NYSE:KMT,1.0105823813996946e-07
2022-07-22,12,AR1 alpha + Basic + One-Step,NYSE:KMT,0.0
2022-07-25,12,AR1 alpha + Basic + One-Step,NYSE:KMT,0.0
2022-07-26,12,AR1 alpha + Basic + One-Step,NYSE:KMT,0.0
2022-07-27,12,AR1 alpha + Basic + One-Step,NYSE:KMT,0.0
2022-07-28,12,AR1 alpha + Basic + One-Step,NYSE:KMT,0.0
2022-07-29,12,AR1 alpha + Basic + One-Step,NYSE:KMT,0.0
2022-08-01,12,AR1 alpha + Basic + One-Step,NYSE:KMT,0.0
2022-08-02,12,AR1 alpha + Basic + One-Step,NYSE:KMT,0.0
2022-08-03,12,AR1 alpha + Basic + One-Step,NYSE:KMT,0.0
2022-08-04,12,AR1 alpha + Basic + One-Step,NYSE:KMT,0.0
2022-08-05,12,AR1 alpha + Basic + One-Step,NYSE:KMT,0.0
2022-08-08,12,AR1 alpha + Basic + One-Step,NYSE:KMT,0.0
2022-08-09,12,AR1 alpha + Basic + One-Step,NYSE:KMT,0.0
2022-08-10,12,AR1 alpha + Basic + One-Step,NYSE:KMT,0.0
2022-08-11,12,AR1 alpha + Basic + One-Step,NYSE:KMT,0.0
2022-08-12,12,AR1 alpha + Basic + One-Step,NYSE:KMT,0.0
2022-08-15,12,AR1 alpha + Basic + One-Step,NYSE:KMT,0.0
2022-08-16,12,AR1 alpha + Basic + One-Step,NYSE:KMT,0.0
2022-08-17,12,AR1 alpha + Basic + One-Step,NYSE:KMT,2.9957554599443433e-10
2022-08-18,12,AR1 alpha + Basic + One-Step,NYSE:KMT,0.0
2022-08-19,12,AR1 alpha + Basic + One-Step,NYSE:KMT,0.0
2022-08-22,12,AR1 alpha + Basic + One-Step,NYSE:KMT,0.0
2022-08-23,12,AR1 alpha + Basic + One-Step,NYSE:KMT,0.0
2022-08-24,12,AR1 alpha + Basic + One-Step,NYSE:KMT,2.1041030457225806e-07
2022-08-25,12,AR1 alpha + Basic + One-Step,NYSE:KMT,0.0
2022-08-26,12,AR1 alpha + Basic + One-Step,NYSE:KMT,0.0
2022-08-29,12,AR1 alpha + Basic + One-Step,NYSE:KMT,0.0
2022-08-30,12,AR1 alpha + Basic + One-Step,NYSE:KMT,0.0
2022-08-31,12,AR1 alpha + Basic + One-Step,NYSE:KMT,0.0
2022-09-01,12,AR1 alpha + Basic + One-Step,NYSE:KMT,0.0
2022-09-02,12,AR1 alpha + Basic + One-Step,NYSE:KMT,0.0
2022-09-06,12,AR1 alpha + Basic + One-Step,NYSE:KMT,0.0
2022-09-07,12,AR1 alpha + Basic + One-Step,NYSE:KMT,0.0
2022-09-08,12,AR1 alpha + Basic + One-Step,NYSE:KMT,1.475484962119391e-07
2022-09-09,12,AR1 alpha + Basic + One-Step,NYSE:KMT,3.043273474746579e-07
2022-09-12,12,AR1 alpha + Basic + One-Step,NYSE:KMT,0.0
2022-09-13,12,AR1 alpha + Basic + One-Step,NYSE:KMT,0.0
2022-09-14,12,AR1 alpha + Basic + One-Step,NYSE:KMT,1.4855348329578834e-08
2022-09-15,12,AR1 alpha + Basic + One-Step,NYSE:KMT,7.509843202582291e-09
2022-09-16,12,AR1 alpha + Basic + One-Step,NYSE:KMT,2.7110636396500748e-08
2022-09-19,12,AR1 alpha + Basic + One-Step,NYSE:KMT,0.0
2022-09-20,12,AR1 alpha + Basic + One-Step,NYSE:KMT,2.857609056350731e-07
2022-09-21,12,AR1 alpha + Basic + One-Step,NYSE:KMT,0.0
2022-09-22,12,AR1 alpha + Basic + One-Step,NYSE:KMT,0.0
2022-09-23,12,AR1 alpha + Basic + One-Step,NYSE:KMT,0.0
2022-09-26,12,AR1 alpha + Basic + One-Step,NYSE:KMT,3.7011816231015327e-09
2022-09-27,12,AR1 alpha + Basic + One-Step,NYSE:KMT,0.0
2022-09-28,12,AR1 alpha + Basic + One-Step,NYSE:KMT,0.0
2022-09-29,12,AR1 alpha + Basic + One-Step,NYSE:KMT,0.0
2022-09-30,12,AR1 alpha + Basic + One-Step,NYSE:KMT,0.0
2022-10-03,12,AR1 alpha + Basic + One-Step,NYSE:KMT,0.0
2022-10-04,12,AR1 alpha + Basic + One-Step,NYSE:KMT,0.0
2022-10-05,12,AR1 alpha + Basic + One-Step,NYSE:KMT,0.0
2022-10-06,12,AR1 alpha + Basic + One-Step,NYSE:KMT,0.0
2022-10-07,12,AR1 alpha + Basic + One-Step,NYSE:KMT,0.0
2022-10-10,12,AR1 alpha + Basic + One-Step,NYSE:KMT,0.0
2022-10-11,12,AR1 alpha + Basic + One-Step,NYSE:KMT,5.074526323257206e-07
2022-10-12,12,AR1 alpha + Basic + One-Step,NYSE:KMT,2.545101658009939e-07
2022-10-13,12,AR1 alpha + Basic + One-Step,NYSE:KMT,0.0
2022-10-14,12,AR1 alpha + Basic + One-Step,NYSE:KMT,4.5387329316598844e-08
2022-10-17,12,AR1 alpha + Basic + One-Step,NYSE:KMT,0.0
2022-10-18,12,AR1 alpha + Basic + One-Step,NYSE:KMT,0.0
2022-10-19,12,AR1 alpha + Basic + One-Step,NYSE:KMT,1.5038673841723237e-08
2022-10-20,12,AR1 alpha + Basic + One-Step,NYSE:KMT,8.411805071228142e-10
2022-10-21,12,AR1 alpha + Basic + One-Step,NYSE:KMT,7.25783816935546e-08
2022-10-24,12,AR1 alpha + Basic + One-Step,NYSE:KMT,0.0
2022-10-25,12,AR1 alpha + Basic + One-Step,NYSE:KMT,0.0
2022-10-26,12,AR1 alpha + Basic + One-Step,NYSE:KMT,0.0
2022-10-27,12,AR1 alpha + Basic + One-Step,NYSE:KMT,0.0
2022-10-28,12,AR1 alpha + Basic + One-Step,NYSE:KMT,0.0
2022-10-31,12,AR1 alpha + Basic + One-Step,NYSE:KMT,0.0
2022-11-01,12,AR1 alpha + Basic + One-Step,NYSE:KMT,0.0
2022-11-02,12,AR1 alpha + Basic + One-Step,NYSE:KMT,5.088938590299188e-07
2022-11-03,12,AR1 alpha + Basic + One-Step,NYSE:KMT,9.760622820121617e-07
2022-11-04,12,AR1 alpha + Basic + One-Step,NYSE:KMT,7.254999197824044e-07
2022-11-07,12,AR1 alpha + Basic + One-Step,NYSE:KMT,1.714139477722312e-07
2022-11-08,12,AR1 alpha + Basic + One-Step,NYSE:KMT,0.0
2022-11-09,12,AR1 alpha + Basic + One-Step,NYSE:KMT,0.0
2022-11-10,12,AR1 alpha + Basic + One-Step,NYSE:KMT,0.0
2022-11-11,12,AR1 alpha + Basic + One-Step,NYSE:KMT,1.9533345751749566e-07
2022-11-14,12,AR1 alpha + Basic + One-Step,NYSE:KMT,0.0
2022-11-15,12,AR1 alpha + Basic + One-Step,NYSE:KMT,0.0
2022-11-16,12,AR1 alpha + Basic + One-Step,NYSE:KMT,0.0
2022-11-17,12,AR1 alpha + Basic + One-Step,NYSE:KMT,0.0
2022-11-18,12,AR1 alpha + Basic + One-Step,NYSE:KMT,3.5551827237325473e-07
2022-11-21,12,AR1 alpha + Basic + One-Step,NYSE:KMT,4.1093414004573493e-07
2022-11-22,12,AR1 alpha + Basic + One-Step,NYSE:KMT,7.722732553807296e-08
2022-11-23,12,AR1 alpha + Basic + One-Step,NYSE:KMT,0.0
2022-11-25,12,AR1 alpha + Basic + One-Step,NYSE:KMT,0.0
2022-11-28,12,AR1 alpha + Basic + One-Step,NYSE:KMT,4.411462965502518e-08
2022-11-29,12,AR1 alpha + Basic + One-Step,NYSE:KMT,0.0
2022-11-30,12,AR1 alpha + Basic + One-Step,NYSE:KMT,3.7022865029230137e-09
2022-12-01,12,AR1 alpha + Basic + One-Step,NYSE:KMT,1.3355430532699257e-07
2022-12-02,12,AR1 alpha + Basic + One-Step,NYSE:KMT,0.0
2022-12-05,12,AR1 alpha + Basic + One-Step,NYSE:KMT,0.0
2022-12-06,12,AR1 alpha + Basic + One-Step,NYSE:KMT,0.0
2022-12-07,12,AR1 alpha + Basic + One-Step,NYSE:KMT,0.0
2022-12-08,12,AR1 alpha + Basic + One-Step,NYSE:KMT,0.0
2022-12-09,12,AR1 alpha + Basic + One-Step,NYSE:KMT,0.0
2022-12-12,12,AR1 alpha + Basic + One-Step,NYSE:KMT,9.54329537039008e-09
2022-12-13,12,AR1 alpha + Basic + One-Step,NYSE:KMT,0.0
2022-12-14,12,AR1 alpha + Basic + One-Step,NYSE:KMT,3.89724085387489e-08
2022-12-15,12,AR1 alpha + Basic + One-Step,NYSE:KMT,0.0
2022-12-16,12,AR1 alpha + Basic + One-Step,NYSE:KMT,0.0
2022-12-19,12,AR1 alpha + Basic + One-Step,NYSE:KMT,0.0
2022-12-20,12,AR1 alpha + Basic + One-Step,NYSE:KMT,0.0
2022-12-21,12,AR1 alpha + Basic + One-Step,NYSE:KMT,0.0
2022-12-22,12,AR1 alpha + Basic + One-Step,NYSE:KMT,0.0
2022-12-23,12,AR1 alpha + Basic + One-Step,NYSE:KMT,0.0
2022-12-27,12,AR1 alpha + Basic + One-Step,NYSE:KMT,2.6634070313958007e-07
2022-12-28,12,AR1 alpha + Basic + One-Step,NYSE:KMT,0.0
2022-12-29,12,AR1 alpha + Basic + One-Step,NYSE:KMT,2.2137274833725864e-08
2022-12-30,12,AR1 alpha + Basic + One-Step,NYSE:KMT,0.0
2023-01-03,12,AR1 alpha + Basic + One-Step,NYSE:KMT,1.3261002981276143e-07
2023-01-04,12,AR1 alpha + Basic + One-Step,NYSE:KMT,0.0
2023-01-05,12,AR1 alpha + Basic + One-Step,NYSE:KMT,0.0
2023-01-06,12,AR1 alpha + Basic + One-Step,NYSE:KMT,0.0
2023-01-09,12,AR1 alpha + Basic + One-Step,NYSE:KMT,0.0
2023-01-10,12,AR1 alpha + Basic + One-Step,NYSE:KMT,0.0
2023-01-11,12,AR1 alpha + Basic + One-Step,NYSE:KMT,1.4349478261699369e-08
2023-01-12,12,AR1 alpha + Basic + One-Step,NYSE:KMT,0.0
2023-01-13,12,AR1 alpha + Basic + One-Step,NYSE:KMT,1.3371156081143448e-08
2023-01-17,12,AR1 alpha + Basic + One-Step,NYSE:KMT,0.0
2023-01-18,12,AR1 alpha + Basic + One-Step,NYSE:KMT,0.0
2023-01-19,12,AR1 alpha + Basic + One-Step,NYSE:KMT,0.0
2023-01-20,12,AR1 alpha + Basic + One-Step,NYSE:KMT,0.0
2023-01-23,12,AR1 alpha + Basic + One-Step,NYSE:KMT,0.0
2023-01-24,12,AR1 alpha + Basic + One-Step,NYSE:KMT,0.0
2023-01-25,12,AR1 alpha + Basic + One-Step,NYSE:KMT,0.0
2023-01-26,12,AR1 alpha + Basic + One-Step,NYSE:KMT,0.0
2023-01-27,12,AR1 alpha + Basic + One-Step,NYSE:KMT,0.0
2023-01-30,12,AR1 alpha + Basic + One-Step,NYSE:KMT,0.0
2023-01-31,12,AR1 alpha + Basic + One-Step,NYSE:KMT,0.0
2023-02-01,12,AR1 alpha + Basic + One-Step,NYSE:KMT,0.0
2023-02-02,12,AR1 alpha + Basic + One-Step,NYSE:KMT,4.415595205946614e-07
2023-02-03,12,AR1 alpha + Basic + One-Step,NYSE:KMT,0.0
2023-02-06,12,AR1 alpha + Basic + One-Step,NYSE:KMT,0.0
2023-02-07,12,AR1 alpha + Basic + One-Step,NYSE:KMT,0.0
2023-02-08,12,AR1 alpha + Basic + One-Step,NYSE:KMT,0.0
2023-02-09,12,AR1 alpha + Basic + One-Step,NYSE:KMT,0.0
2023-02-10,12,AR1 alpha + Basic + One-Step,NYSE:KMT,0.0
2023-02-13,12,AR1 alpha + Basic + One-Step,NYSE:KMT,0.0
2023-02-14,12,AR1 alpha + Basic + One-Step,NYSE:KMT,0.0
2023-02-15,12,AR1 alpha + Basic + One-Step,NYSE:KMT,0.0
2023-02-16,12,AR1 alpha + Basic + One-Step,NYSE:KMT,0.0
2023-02-17,12,AR1 alpha + Basic + One-Step,NYSE:KMT,0.0
2023-02-21,12,AR1 alpha + Basic + One-Step,NYSE:KMT,1.5259146246920316e-08
2023-02-22,12,AR1 alpha + Basic + One-Step,NYSE:KMT,0.0
2023-02-23,12,AR1 alpha + Basic + One-Step,NYSE:KMT,0.0
2023-02-24,12,AR1 alpha + Basic + One-Step,NYSE:KMT,0.0
2023-02-27,12,AR1 alpha + Basic + One-Step,NYSE:KMT,0.0
2023-02-28,12,AR1 alpha + Basic + One-Step,NYSE:KMT,0.0
2023-03-01,12,AR1 alpha + Basic + One-Step,NYSE:KMT,2.1939198717910102e-08
2023-03-02,12,AR1 alpha + Basic + One-Step,NYSE:KMT,0.0
2023-03-03,12,AR1 alpha + Basic + One-Step,NYSE:KMT,0.0
2023-03-06,12,AR1 alpha + Basic + One-Step,NYSE:KMT,0.0
2023-03-07,12,AR1 alpha + Basic + One-Step,NYSE:KMT,0.0
2023-03-08,12,AR1 alpha + Basic + One-Step,NYSE:KMT,3.1174213319876175e-09
2023-03-09,12,AR1 alpha + Basic + One-Step,NYSE:KMT,0.0
2023-03-10,12,AR1 alpha + Basic + One-Step,NYSE:KMT,2.239649156812412e-09
2023-03-13,12,AR1 alpha + Basic + One-Step,NYSE:KMT,2.6578732309348933e-07
2023-03-14,12,AR1 alpha + Basic + One-Step,NYSE:KMT,0.0
2023-03-15,12,AR1 alpha + Basic + One-Step,NYSE:KMT,1.1404868249334805e-09
2023-03-16,12,AR1 alpha + Basic + One-Step,NYSE:KMT,3.6740524802331814e-08
2023-03-17,12,AR1 alpha + Basic + One-Step,NYSE:KMT,0.0
2023-03-20,12,AR1 alpha + Basic + One-Step,NYSE:KMT,9.343512626025807e-08
2023-03-21,12,AR1 alpha + Basic + One-Step,NYSE:KMT,2.705948298788453e-10
2023-03-22,12,AR1 alpha + Basic + One-Step,NYSE:KMT,0.0
2023-03-23,12,AR1 alpha + Basic + One-Step,NYSE:KMT,2.8708652160112706e-08
2023-03-24,12,AR1 alpha + Basic + One-Step,NYSE:KMT,0.0
2023-03-27,12,AR1 alpha + Basic + One-Step,NYSE:KMT,0.0
2023-03-28,12,AR1 alpha + Basic + One-Step,NYSE:KMT,0.0
2023-03-29,12,AR1 alpha + Basic + One-Step,NYSE:KMT,0.0
2023-03-30,12,AR1 alpha + Basic + One-Step,NYSE:KMT,0.0
2023-03-31,12,AR1 alpha + Basic + One-Step,NYSE:KMT,2.702474624092353e-07
2023-04-03,12,AR1 alpha + Basic + One-Step,NYSE:KMT,0.0
2023-04-04,12,AR1 alpha + Basic + One-Step,NYSE:KMT,0.0
2023-04-05,12,AR1 alpha + Basic + One-Step,NYSE:KMT,1.2029137940445175e-07
2023-04-06,12,AR1 alpha + Basic + One-Step,NYSE:KMT,2.985362259166857e-07
2023-04-10,12,AR1 alpha + Basic + One-Step,NYSE:KMT,1.5431399834147568e-07
2023-04-11,12,AR1 alpha + Basic + One-Step,NYSE:KMT,2.113589405745271e-08
2023-04-12,12,AR1 alpha + Basic + One-Step,NYSE:KMT,0.0
2023-04-13,12,AR1 alpha + Basic + One-Step,NYSE:KMT,5.639979970054141e-09
2023-04-14,12,AR1 alpha + Basic + One-Step,NYSE:KMT,0.0
2023-04-17,12,AR1 alpha + Basic + One-Step,NYSE:KMT,0.0
2023-04-18,12,AR1 alpha + Basic + One-Step,NYSE:KMT,0.0
2023-04-19,12,AR1 alpha + Basic + One-Step,NYSE:KMT,2.6094056987711267e-09
2023-04-20,12,AR1 alpha + Basic + One-Step,NYSE:KMT,2.00157826272564e-09
2023-04-21,12,AR1 alpha + Basic + One-Step,NYSE:KMT,1.3766222922407697e-07
2023-04-24,12,AR1 alpha + Basic + One-Step,NYSE:KMT,0.0
2023-04-25,12,AR1 alpha + Basic + One-Step,NYSE:KMT,0.0
2023-04-26,12,AR1 alpha + Basic + One-Step,NYSE:KMT,1.095775150934996e-09
2023-04-27,12,AR1 alpha + Basic + One-Step,NYSE:KMT,1.5711194701861556e-07
2023-04-28,12,AR1 alpha + Basic + One-Step,NYSE:KMT,4.7249315840986296e-08
2023-05-01,12,AR1 alpha + Basic + One-Step,NYSE:KMT,2.7692267374668715e-08
2023-05-02,12,AR1 alpha + Basic + One-Step,NYSE:KMT,7.256386606262897e-08
2023-05-03,12,AR1 alpha + Basic + One-Step,NYSE:KMT,0.0
2023-05-04,12,AR1 alpha + Basic + One-Step,NYSE:KMT,0.0
2023-05-05,12,AR1 alpha + Basic + One-Step,NYSE:KMT,1.1877814825869483e-07
2023-05-08,12,AR1 alpha + Basic + One-Step,NYSE:KMT,1.1959596564189048e-08
2023-05-09,12,AR1 alpha + Basic + One-Step,NYSE:KMT,0.0
2023-05-10,12,AR1 alpha + Basic + One-Step,NYSE:KMT,1.5065709710556284e-07
2023-05-11,12,AR1 alpha + Basic + One-Step,NYSE:KMT,5.543217814979972e-07
2023-05-12,12,AR1 alpha + Basic + One-Step,NYSE:KMT,8.721938651182294e-07
2023-05-15,12,AR1 alpha + Basic + One-Step,NYSE:KMT,3.4704077113425833e-07
2023-05-16,12,AR1 alpha + Basic + One-Step,NYSE:KMT,0.0
2023-05-17,12,AR1 alpha + Basic + One-Step,NYSE:KMT,2.2105405476618043e-08
2023-05-18,12,AR1 alpha + Basic + One-Step,NYSE:KMT,0.0
2023-05-19,12,AR1 alpha + Basic + One-Step,NYSE:KMT,0.0
2023-05-22,12,AR1 alpha + Basic + One-Step,NYSE:KMT,0.0
2023-05-23,12,AR1 alpha + Basic + One-Step,NYSE:KMT,0.0
2023-05-24,12,AR1 alpha + Basic + One-Step,NYSE:KMT,0.0
2023-05-25,12,AR1 alpha + Basic + One-Step,NYSE:KMT,0.0
2023-05-26,12,AR1 alpha + Basic + One-Step,NYSE:KMT,0.0
2023-05-30,12,AR1 alpha + Basic + One-Step,NYSE:KMT,0.0
2023-05-31,12,AR1 alpha + Basic + One-Step,NYSE:KMT,0.0
2023-06-01,12,AR1 alpha + Basic + One-Step,NYSE:KMT,1.505710036670918e-09
2023-06-02,12,AR1 alpha + Basic + One-Step,NYSE:KMT,0.0
2023-06-05,12,AR1 alpha + Basic + One-Step,NYSE:KMT,0.0
2023-06-06,12,AR1 alpha + Basic + One-Step,NYSE:KMT,5.13412305269603e-07
2023-06-07,12,AR1 alpha + Basic + One-Step,NYSE:KMT,2.4971497792643696e-08
2023-06-08,12,AR1 alpha + Basic + One-Step,NYSE:KMT,2.0621441456768606e-08
2023-06-09,12,AR1 alpha + Basic + One-Step,NYSE:KMT,1.0455152297950822e-06
2023-06-12,12,AR1 alpha + Basic + One-Step,NYSE:KMT,0.0
2023-06-13,12,AR1 alpha + Basic + One-Step,NYSE:KMT,7.918378712052389e-08
2023-06-14,12,AR1 alpha + Basic + One-Step,NYSE:KMT,0.0
2023-06-15,12,AR1 alpha + Basic + One-Step,NYSE:KMT,0.0
2023-06-16,12,AR1 alpha + Basic + One-Step,NYSE:KMT,1.6290470281151044e-08
2023-06-20,12,AR1 alpha + Basic + One-Step,NYSE:KMT,0.0
2023-06-21,12,AR1 alpha + Basic + One-Step,NYSE:KMT,0.0
2023-06-22,12,AR1 alpha + Basic + One-Step,NYSE:KMT,0.0
2023-06-23,12,AR1 alpha + Basic + One-Step,NYSE:KMT,0.0
2023-06-26,12,AR1 alpha + Basic + One-Step,NYSE:KMT,1.4050455108192144e-07
2023-06-27,12,AR1 alpha + Basic + One-Step,NYSE:KMT,0.0
2023-06-28,12,AR1 alpha + Basic + One-Step,NYSE:KMT,0.0
2023-06-29,12,AR1 alpha + Basic + One-Step,NYSE:KMT,0.0
2023-06-30,12,AR1 alpha + Basic + One-Step,NYSE:KMT,0.0
2023-07-03,12,AR1 alpha + Basic + One-Step,NYSE:KMT,0.0
2023-07-05,12,AR1 alpha + Basic + One-Step,NYSE:KMT,4.5784784773646964e-07
2023-07-06,12,AR1 alpha + Basic + One-Step,NYSE:KMT,0.0
2023-07-07,12,AR1 alpha + Basic + One-Step,NYSE:KMT,0.0
2023-07-10,12,AR1 alpha + Basic + One-Step,NYSE:KMT,7.312132137183419e-07
2023-07-11,12,AR1 alpha + Basic + One-Step,NYSE:KMT,0.0
2023-07-12,12,AR1 alpha + Basic + One-Step,NYSE:KMT,0.0
2023-07-13,12,AR1 alpha + Basic + One-Step,NYSE:KMT,0.0
2023-07-14,12,AR1 alpha + Basic + One-Step,NYSE:KMT,1.1546688515225457e-07
2023-07-17,12,AR1 alpha + Basic + One-Step,NYSE:KMT,9.685946087781586e-07
2023-07-18,12,AR1 alpha + Basic + One-Step,NYSE:KMT,1.0931962640053767e-06
2023-07-19,12,AR1 alpha + Basic + One-Step,NYSE:KMT,0.0
2023-07-20,12,AR1 alpha + Basic + One-Step,NYSE:KMT,4.851168637819661e-23
2023-07-21,12,AR1 alpha + Basic + One-Step,NYSE:KMT,0.0
2023-07-24,12,AR1 alpha + Basic + One-Step,NYSE:KMT,0.0
2023-07-25,12,AR1 alpha + Basic + One-Step,NYSE:KMT,0.0
2023-07-26,12,AR1 alpha + Basic + One-Step,NYSE:KMT,0.0
2023-07-27,12,AR1 alpha + Basic + One-Step,NYSE:KMT,0.0
2023-07-28,12,AR1 alpha + Basic + One-Step,NYSE:KMT,0.0
2023-07-31,12,AR1 alpha + Basic + One-Step,NYSE:KMT,0.0
2023-08-01,12,AR1 alpha + Basic + One-Step,NYSE:KMT,0.0
2023-08-02,12,AR1 alpha + Basic + One-Step,NYSE:KMT,0.0
2023-08-03,12,AR1 alpha + Basic + One-Step,NYSE:KMT,0.0
2023-08-04,12,AR1 alpha + Basic + One-Step,NYSE:KMT,0.0
2023-08-07,12,AR1 alpha + Basic + One-Step,NYSE:KMT,1.956155012044037e-09
2023-08-08,12,AR1 alpha + Basic + One-Step,NYSE:KMT,0.0
2023-08-09,12,AR1 alpha + Basic + One-Step,NYSE:KMT,0.0
2023-08-10,12,AR1 alpha + Basic + One-Step,NYSE:KMT,0.0
2023-08-11,12,AR1 alpha + Basic + One-Step,NYSE:KMT,3.1152934804109375e-07
2023-08-14,12,AR1 alpha + Basic + One-Step,NYSE:KMT,0.0
2023-08-15,12,AR1 alpha + Basic + One-Step,NYSE:KMT,0.0
2023-08-16,12,AR1 alpha + Basic + One-Step,NYSE:KMT,0.0
2023-08-17,12,AR1 alpha + Basic + One-Step,NYSE:KMT,0.0
2023-08-18,12,AR1 alpha + Basic + One-Step,NYSE:KMT,0.0
2023-08-21,12,AR1 alpha + Basic + One-Step,NYSE:KMT,2.8820596757595782e-09
2023-08-22,12,AR1 alpha + Basic + One-Step,NYSE:KMT,0.0
2023-08-23,12,AR1 alpha + Basic + One-Step,NYSE:KMT,6.778387573018063e-08
2023-08-24,12,AR1 alpha + Basic + One-Step,NYSE:KMT,0.0
2023-08-25,12,AR1 alpha + Basic + One-Step,NYSE:KMT,6.93401402056958e-08
2023-08-28,12,AR1 alpha + Basic + One-Step,NYSE:KMT,0.0
2023-08-29,12,AR1 alpha + Basic + One-Step,NYSE:KMT,0.0
2023-08-30,12,AR1 alpha + Basic + One-Step,NYSE:KMT,0.0
2023-08-31,12,AR1 alpha + Basic + One-Step,NYSE:KMT,0.0
2023-09-01,12,AR1 alpha + Basic + One-Step,NYSE:KMT,8.71156651994777e-09
2023-09-05,12,AR1 alpha + Basic + One-Step,NYSE:KMT,0.0
2023-09-06,12,AR1 alpha + Basic + One-Step,NYSE:KMT,4.851824950364857e-09
2023-09-07,12,AR1 alpha + Basic + One-Step,NYSE:KMT,1.5078138562542415e-06
2023-09-08,12,AR1 alpha + Basic + One-Step,NYSE:KMT,1.2833604246660886e-06
2023-09-11,12,AR1 alpha + Basic + One-Step,NYSE:KMT,4.2305435175010144e-07
2023-09-12,12,AR1 alpha + Basic + One-Step,NYSE:KMT,6.095979118823044e-07
2023-09-13,12,AR1 alpha + Basic + One-Step,NYSE:KMT,0.0
2023-09-14,12,AR1 alpha + Basic + One-Step,NYSE:KMT,0.0
2023-09-15,12,AR1 alpha + Basic + One-Step,NYSE:KMT,0.0
2023-09-18,12,AR1 alpha + Basic + One-Step,NYSE:KMT,0.0
2023-09-19,12,AR1 alpha + Basic + One-Step,NYSE:KMT,6.913135171408083e-09
2023-09-20,12,AR1 alpha + Basic + One-Step,NYSE:KMT,0.0
2023-09-21,12,AR1 alpha + Basic + One-Step,NYSE:KMT,1.8500279035256358e-06
2023-09-22,12,AR1 alpha + Basic + One-Step,NYSE:KMT,0.0
2023-09-25,12,AR1 alpha + Basic + One-Step,NYSE:KMT,0.0
2023-09-26,12,AR1 alpha + Basic + One-Step,NYSE:KMT,0.0
2023-09-27,12,AR1 alpha + Basic + One-Step,NYSE:KMT,0.0
2023-09-28,12,AR1 alpha + Basic + One-Step,NYSE:KMT,0.0
2023-09-29,12,AR1 alpha + Basic + One-Step,NYSE:KMT,3.104963076314349e-10
2023-10-02,12,AR1 alpha + Basic + One-Step,NYSE:KMT,0.0
2023-10-03,12,AR1 alpha + Basic + One-Step,NYSE:KMT,0.0
2023-10-04,12,AR1 alpha + Basic + One-Step,NYSE:KMT,0.0
2023-10-05,12,AR1 alpha + Basic + One-Step,NYSE:KMT,0.0
2023-10-06,12,AR1 alpha + Basic + One-Step,NYSE:KMT,0.0
2023-10-09,12,AR1 alpha + Basic + One-Step,NYSE:KMT,0.0
2023-10-10,12,AR1 alpha + Basic + One-Step,NYSE:KMT,0.0
2023-10-11,12,AR1 alpha + Basic + One-Step,NYSE:KMT,9.998207484476546e-09
2023-10-12,12,AR1 alpha + Basic + One-Step,NYSE:KMT,0.0
2023-10-13,12,AR1 alpha + Basic + One-Step,NYSE:KMT,0.0
2023-10-16,12,AR1 alpha + Basic + One-Step,NYSE:KMT,0.0
2023-10-17,12,AR1 alpha + Basic + One-Step,NYSE:KMT,3.4216429880454997e-07
2023-10-18,12,AR1 alpha + Basic + One-Step,NYSE:KMT,0.0
2023-10-19,12,AR1 alpha + Basic + One-Step,NYSE:KMT,0.0
2023-10-20,12,AR1 alpha + Basic + One-Step,NYSE:KMT,0.0
2023-10-23,12,AR1 alpha + Basic + One-Step,NYSE:KMT,0.0
2023-10-24,12,AR1 alpha + Basic + One-Step,NYSE:KMT,0.0
2023-10-25,12,AR1 alpha + Basic + One-Step,NYSE:KMT,0.0
2023-10-26,12,AR1 alpha + Basic + One-Step,NYSE:KMT,0.0
2023-10-27,12,AR1 alpha + Basic + One-Step,NYSE:KMT,0.0
2023-10-30,12,AR1 alpha + Basic + One-Step,NYSE:KMT,0.0
2023-10-31,12,AR1 alpha + Basic + One-Step,NYSE:KMT,0.0
2023-11-01,12,AR1 alpha + Basic + One-Step,NYSE:KMT,0.0
2023-11-02,12,AR1 alpha + Basic + One-Step,NYSE:KMT,0.0
2023-11-03,12,AR1 alpha + Basic + One-Step,NYSE:KMT,0.0
2023-11-06,12,AR1 alpha + Basic + One-Step,NYSE:KMT,0.0
2023-11-07,12,AR1 alpha + Basic + One-Step,NYSE:KMT,1.1780570773537267e-08
2023-11-08,12,AR1 alpha + Basic + One-Step,NYSE:KMT,2.0536453661341784e-08
2023-11-09,12,AR1 alpha + Basic + One-Step,NYSE:KMT,0.0
2023-11-10,12,AR1 alpha + Basic + One-Step,NYSE:KMT,0.0
2023-11-13,12,AR1 alpha + Basic + One-Step,NYSE:KMT,0.0
2023-11-14,12,AR1 alpha + Basic + One-Step,NYSE:KMT,0.0
2023-11-15,12,AR1 alpha + Basic + One-Step,NYSE:KMT,0.0
2023-11-16,12,AR1 alpha + Basic + One-Step,NYSE:KMT,0.0
2023-11-17,12,AR1 alpha + Basic + One-Step,NYSE:KMT,1.0632035498189495e-09
2023-11-20,12,AR1 alpha + Basic + One-Step,NYSE:KMT,0.0
2023-11-21,12,AR1 alpha + Basic + One-Step,NYSE:KMT,0.0
2023-11-22,12,AR1 alpha + Basic + One-Step,NYSE:KMT,0.0
2023-11-24,12,AR1 alpha + Basic + One-Step,NYSE:KMT,0.0
2023-11-27,12,AR1 alpha + Basic + One-Step,NYSE:KMT,0.0
2023-11-28,12,AR1 alpha + Basic + One-Step,NYSE:KMT,2.465888025343408e-08
2023-11-29,12,AR1 alpha + Basic + One-Step,NYSE:KMT,7.802773927893696e-09
2023-11-30,12,AR1 alpha + Basic + One-Step,NYSE:KMT,0.0
2023-12-01,12,AR1 alpha + Basic + One-Step,NYSE:KMT,3.3678072247442945e-07
2023-12-04,12,AR1 alpha + Basic + One-Step,NYSE:KMT,0.0
2023-12-05,12,AR1 alpha + Basic + One-Step,NYSE:KMT,0.0
2023-12-06,12,AR1 alpha + Basic + One-Step,NYSE:KMT,0.0
2023-12-07,12,AR1 alpha + Basic + One-Step,NYSE:KMT,0.0
2023-12-08,12,AR1 alpha + Basic + One-Step,NYSE:KMT,0.0
2023-12-11,12,AR1 alpha + Basic + One-Step,NYSE:KMT,0.0
2023-12-12,12,AR1 alpha + Basic + One-Step,NYSE:KMT,0.0
2023-12-13,12,AR1 alpha + Basic + One-Step,NYSE:KMT,0.0
2023-12-14,12,AR1 alpha + Basic + One-Step,NYSE:KMT,0.0
2023-12-15,12,AR1 alpha + Basic + One-Step,NYSE:KMT,0.0
2023-12-18,12,AR1 alpha + Basic + One-Step,NYSE:KMT,0.0
2023-12-19,12,AR1 alpha + Basic + One-Step,NYSE:KMT,0.0
2023-12-20,12,AR1 alpha + Basic + One-Step,NYSE:KMT,0.0
2023-12-21,12,AR1 alpha + Basic + One-Step,NYSE:KMT,0.0
2023-12-22,12,AR1 alpha + Basic + One-Step,NYSE:KMT,4.294693073751072e-07
2023-12-26,12,AR1 alpha + Basic + One-Step,NYSE:KMT,0.0
2023-12-27,12,AR1 alpha + Basic + One-Step,NYSE:KMT,1.727899119462277e-09
2023-12-28,12,AR1 alpha + Basic + One-Step,NYSE:KMT,0.0
2023-12-29,12,AR1 alpha + Basic + One-Step,NYSE:KMT,0.0
2024-01-02,12,AR1 alpha + Basic + One-Step,NYSE:KMT,0.0
2024-01-03,12,AR1 alpha + Basic + One-Step,NYSE:KMT,0.0
2024-01-04,12,AR1 alpha + Basic + One-Step,NYSE:KMT,0.0
2024-01-05,12,AR1 alpha + Basic + One-Step,NYSE:KMT,0.0
2024-01-08,12,AR1 alpha + Basic + One-Step,NYSE:KMT,0.0
2024-01-09,12,AR1 alpha + Basic + One-Step,NYSE:KMT,0.0
2024-01-10,12,AR1 alpha + Basic + One-Step,NYSE:KMT,0.0
2024-01-11,12,AR1 alpha + Basic + One-Step,NYSE:KMT,2.58331429818115e-07
2024-01-12,12,AR1 alpha + Basic + One-Step,NYSE:KMT,3.5344459712834874e-23
2024-01-16,12,AR1 alpha + Basic + One-Step,NYSE:KMT,0.0
2024-01-17,12,AR1 alpha + Basic + One-Step,NYSE:KMT,0.0
2024-01-18,12,AR1 alpha + Basic + One-Step,NYSE:KMT,5.972540829820043e-07
2024-01-19,12,AR1 alpha + Basic + One-Step,NYSE:KMT,0.0
2024-01-22,12,AR1 alpha + Basic + One-Step,NYSE:KMT,0.0
2024-01-23,12,AR1 alpha + Basic + One-Step,NYSE:KMT,0.0
2024-01-24,12,AR1 alpha + Basic + One-Step,NYSE:KMT,1.846393837206479e-07
2024-01-25,12,AR1 alpha + Basic + One-Step,NYSE:KMT,5.8481949787277116e-08
2024-01-26,12,AR1 alpha + Basic + One-Step,NYSE:KMT,0.0
2024-01-29,12,AR1 alpha + Basic + One-Step,NYSE:KMT,0.0
2024-01-30,12,AR1 alpha + Basic + One-Step,NYSE:KMT,0.0
2024-01-31,12,AR1 alpha + Basic + One-Step,NYSE:KMT,0.0
2024-02-01,12,AR1 alpha + Basic + One-Step,NYSE:KMT,0.0
2024-02-02,12,AR1 alpha + Basic + One-Step,NYSE:KMT,0.0
2024-02-05,12,AR1 alpha + Basic + One-Step,NYSE:KMT,0.0
2024-02-06,12,AR1 alpha + Basic + One-Step,NYSE:KMT,0.0
2024-02-07,12,AR1 alpha + Basic + One-Step,NYSE:KMT,2.3904221794271114e-08
2024-02-08,12,AR1 alpha + Basic + One-Step,NYSE:KMT,1.1528864625891478e-08
2024-02-09,12,AR1 alpha + Basic + One-Step,NYSE:KMT,0.0
2024-02-12,12,AR1 alpha + Basic + One-Step,NYSE:KMT,0.0
2024-02-13,12,AR1 alpha + Basic + One-Step,NYSE:KMT,0.0
2024-02-14,12,AR1 alpha + Basic + One-Step,NYSE:KMT,0.0
2024-02-15,12,AR1 alpha + Basic + One-Step,NYSE:KMT,2.899166848473588e-08
2024-02-16,12,AR1 alpha + Basic + One-Step,NYSE:KMT,0.0
2024-02-20,12,AR1 alpha + Basic + One-Step,NYSE:KMT,0.0
2024-02-21,12,AR1 alpha + Basic + One-Step,NYSE:KMT,2.4314372947929717e-08
2024-02-22,12,AR1 alpha + Basic + One-Step,NYSE:KMT,0.0
2024-02-23,12,AR1 alpha + Basic + One-Step,NYSE:KMT,0.0
2024-02-26,12,AR1 alpha + Basic + One-Step,NYSE:KMT,0.0
2024-02-27,12,AR1 alpha + Basic + One-Step,NYSE:KMT,0.0
2024-02-28,12,AR1 alpha + Basic + One-Step,NYSE:KMT,0.0
2024-02-29,12,AR1 alpha + Basic + One-Step,NYSE:KMT,0.0
2024-03-01,12,AR1 alpha + Basic + One-Step,NYSE:KMT,0.0
2024-03-04,12,AR1 alpha + Basic + One-Step,NYSE:KMT,0.0
2024-03-05,12,AR1 alpha + Basic + One-Step,NYSE:KMT,0.0
2024-03-06,12,AR1 alpha + Basic + One-Step,NYSE:KMT,0.0
2024-03-07,12,AR1 alpha + Basic + One-Step,NYSE:KMT,0.0
2024-03-08,12,AR1 alpha + Basic + One-Step,NYSE:KMT,0.0
2024-03-11,12,AR1 alpha + Basic + One-Step,NYSE:KMT,0.0
2024-03-12,12,AR1 alpha + Basic + One-Step,NYSE:KMT,0.0
2024-03-13,12,AR1 alpha + Basic + One-Step,NYSE:KMT,0.0
2024-03-14,12,AR1 alpha + Basic + One-Step,NYSE:KMT,1.7447373364629666e-07
2024-03-15,12,AR1 alpha + Basic + One-Step,NYSE:KMT,1.4579102577928222e-07
2024-03-18,12,AR1 alpha + Basic + One-Step,NYSE:KMT,0.0
2024-03-19,12,AR1 alpha + Basic + One-Step,NYSE:KMT,0.0
2024-03-20,12,AR1 alpha + Basic + One-Step,NYSE:KMT,0.0
2024-03-21,12,AR1 alpha + Basic + One-Step,NYSE:KMT,5.0688532781935455e-08
2024-03-22,12,AR1 alpha + Basic + One-Step,NYSE:KMT,0.0
2024-03-25,12,AR1 alpha + Basic + One-Step,NYSE:KMT,0.0
2024-03-26,12,AR1 alpha + Basic + One-Step,NYSE:KMT,0.0
2024-03-27,12,AR1 alpha + Basic + One-Step,NYSE:KMT,0.0
2024-03-28,12,AR1 alpha + Basic + One-Step,NYSE:KMT,0.0
2024-04-01,12,AR1 alpha + Basic + One-Step,NYSE:KMT,1.6317450564911535e-06
2024-04-02,12,AR1 alpha + Basic + One-Step,NYSE:KMT,0.0
2024-04-03,12,AR1 alpha + Basic + One-Step,NYSE:KMT,0.0
2024-04-04,12,AR1 alpha + Basic + One-Step,NYSE:KMT,0.0
2024-04-05,12,AR1 alpha + Basic + One-Step,NYSE:KMT,0.0
2024-04-08,12,AR1 alpha + Basic + One-Step,NYSE:KMT,0.0
2024-04-09,12,AR1 alpha + Basic + One-Step,NYSE:KMT,0.0
2024-04-10,12,AR1 alpha + Basic + One-Step,NYSE:KMT,6.461919747111644e-07
2024-04-11,12,AR1 alpha + Basic + One-Step,NYSE:KMT,0.0
2024-04-12,12,AR1 alpha + Basic + One-Step,NYSE:KMT,0.0
2024-04-15,12,AR1 alpha + Basic + One-Step,NYSE:KMT,0.0
2024-04-16,12,AR1 alpha + Basic + One-Step,NYSE:KMT,0.0
2024-04-17,12,AR1 alpha + Basic + One-Step,NYSE:KMT,1.1371840745759993e-07
2024-04-18,12,AR1 alpha + Basic + One-Step,NYSE:KMT,0.0
2024-04-19,12,AR1 alpha + Basic + One-Step,NYSE:KMT,0.0
2020-03-25,12,AR1 alpha + Basic + One-Step,NYSE:QTWO,0.02
2020-03-26,12,AR1 alpha + Basic + One-Step,NYSE:QTWO,0.019999999999999997
2020-03-27,12,AR1 alpha + Basic + One-Step,NYSE:QTWO,0.0
2020-03-30,12,AR1 alpha + Basic + One-Step,NYSE:QTWO,0.0
2020-03-31,12,AR1 alpha + Basic + One-Step,NYSE:QTWO,0.0
2020-04-01,12,AR1 alpha + Basic + One-Step,NYSE:QTWO,0.0
2020-04-02,12,AR1 alpha + Basic + One-Step,NYSE:QTWO,0.0
2020-04-03,12,AR1 alpha + Basic + One-Step,NYSE:QTWO,1.9186332421757623e-08
2020-04-06,12,AR1 alpha + Basic + One-Step,NYSE:QTWO,0.0
2020-04-07,12,AR1 alpha + Basic + One-Step,NYSE:QTWO,4.664013967532537e-08
2020-04-08,12,AR1 alpha + Basic + One-Step,NYSE:QTWO,0.0
2020-04-09,12,AR1 alpha + Basic + One-Step,NYSE:QTWO,0.0
2020-04-13,12,AR1 alpha + Basic + One-Step,NYSE:QTWO,0.0
2020-04-14,12,AR1 alpha + Basic + One-Step,NYSE:QTWO,0.0
2020-04-15,12,AR1 alpha + Basic + One-Step,NYSE:QTWO,0.0
2020-04-16,12,AR1 alpha + Basic + One-Step,NYSE:QTWO,0.0
2020-04-17,12,AR1 alpha + Basic + One-Step,NYSE:QTWO,0.0
2020-04-20,12,AR1 alpha + Basic + One-Step,NYSE:QTWO,0.0
2020-04-21,12,AR1 alpha + Basic + One-Step,NYSE:QTWO,0.0
2020-04-22,12,AR1 alpha + Basic + One-Step,NYSE:QTWO,0.0
2020-04-23,12,AR1 alpha + Basic + One-Step,NYSE:QTWO,0.0
2020-04-24,12,AR1 alpha + Basic + One-Step,NYSE:QTWO,0.0
2020-04-27,12,AR1 alpha + Basic + One-Step,NYSE:QTWO,0.0
2020-04-28,12,AR1 alpha + Basic + One-Step,NYSE:QTWO,0.0
2020-04-29,12,AR1 alpha + Basic + One-Step,NYSE:QTWO,2.8295060562081723e-07
2020-04-30,12,AR1 alpha + Basic + One-Step,NYSE:QTWO,0.0
2020-05-01,12,AR1 alpha + Basic + One-Step,NYSE:QTWO,2.1335065147868384e-08
2020-05-04,12,AR1 alpha + Basic + One-Step,NYSE:QTWO,0.0
2020-05-05,12,AR1 alpha + Basic + One-Step,NYSE:QTWO,5.811789701538085e-07
2020-05-06,12,AR1 alpha + Basic + One-Step,NYSE:QTWO,0.0
2020-05-07,12,AR1 alpha + Basic + One-Step,NYSE:QTWO,0.0
2020-05-08,12,AR1 alpha + Basic + One-Step,NYSE:QTWO,0.06415857673002355
2020-05-11,12,AR1 alpha + Basic + One-Step,NYSE:QTWO,0.10000012260661333
2020-05-12,12,AR1 alpha + Basic + One-Step,NYSE:QTWO,0.09999702643304857
2020-05-13,12,AR1 alpha + Basic + One-Step,NYSE:QTWO,0.09999685068462678
2020-05-14,12,AR1 alpha + Basic + One-Step,NYSE:QTWO,0.08089408877211672
2020-05-15,12,AR1 alpha + Basic + One-Step,NYSE:QTWO,0.1000001865567353
2020-05-18,12,AR1 alpha + Basic + One-Step,NYSE:QTWO,0.09999854708087993
2020-05-19,12,AR1 alpha + Basic + One-Step,NYSE:QTWO,0.0999988182688307
2020-05-20,12,AR1 alpha + Basic + One-Step,NYSE:QTWO,0.09999663433312345
2020-05-21,12,AR1 alpha + Basic + One-Step,NYSE:QTWO,0.09999581894867919
2020-05-22,12,AR1 alpha + Basic + One-Step,NYSE:QTWO,0.09999809970832968
2020-05-26,12,AR1 alpha + Basic + One-Step,NYSE:QTWO,0.09999912180562706
2020-05-27,12,AR1 alpha + Basic + One-Step,NYSE:QTWO,0.05907924454543069
2020-05-28,12,AR1 alpha + Basic + One-Step,NYSE:QTWO,0.1
2020-05-29,12,AR1 alpha + Basic + One-Step,NYSE:QTWO,0.09999998329815016
2020-06-01,12,AR1 alpha + Basic + One-Step,NYSE:QTWO,0.09999793468627009
2020-06-02,12,AR1 alpha + Basic + One-Step,NYSE:QTWO,0.09999933008988078
2020-06-03,12,AR1 alpha + Basic + One-Step,NYSE:QTWO,0.09999657816770462
2020-06-04,12,AR1 alpha + Basic + One-Step,NYSE:QTWO,0.09999626389387854
2020-06-05,12,AR1 alpha + Basic + One-Step,NYSE:QTWO,0.09999781294739624
2020-06-08,12,AR1 alpha + Basic + One-Step,NYSE:QTWO,0.09999835996010388
2020-06-09,12,AR1 alpha + Basic + One-Step,NYSE:QTWO,0.09999563613390008
2020-06-10,12,AR1 alpha + Basic + One-Step,NYSE:QTWO,0.09998992952133755
2020-06-11,12,AR1 alpha + Basic + One-Step,NYSE:QTWO,0.09999264508139438
2020-06-12,12,AR1 alpha + Basic + One-Step,NYSE:QTWO,0.09999619678801225
2020-06-15,12,AR1 alpha + Basic + One-Step,NYSE:QTWO,0.09999809575291409
2020-06-16,12,AR1 alpha + Basic + One-Step,NYSE:QTWO,0.09999814757053506
2020-06-17,12,AR1 alpha + Basic + One-Step,NYSE:QTWO,0.09999659318212065
2020-06-18,12,AR1 alpha + Basic + One-Step,NYSE:QTWO,0.05614258094352046
2020-06-19,12,AR1 alpha + Basic + One-Step,NYSE:QTWO,0.09999823174187689
2020-06-22,12,AR1 alpha + Basic + One-Step,NYSE:QTWO,0.0
2020-06-23,12,AR1 alpha + Basic + One-Step,NYSE:QTWO,0.06524910328621074
2020-06-24,12,AR1 alpha + Basic + One-Step,NYSE:QTWO,0.0
2020-06-25,12,AR1 alpha + Basic + One-Step,NYSE:QTWO,0.0
2020-06-26,12,AR1 alpha + Basic + One-Step,NYSE:QTWO,0.0
2020-06-29,12,AR1 alpha + Basic + One-Step,NYSE:QTWO,0.09999311097969442
2020-06-30,12,AR1 alpha + Basic + One-Step,NYSE:QTWO,0.09854451379783652
2020-07-01,12,AR1 alpha + Basic + One-Step,NYSE:QTWO,0.0
2020-07-02,12,AR1 alpha + Basic + One-Step,NYSE:QTWO,0.00817177329926933
2020-07-06,12,AR1 alpha + Basic + One-Step,NYSE:QTWO,0.0
2020-07-07,12,AR1 alpha + Basic + One-Step,NYSE:QTWO,0.0
2020-07-08,12,AR1 alpha + Basic + One-Step,NYSE:QTWO,3.45069035902999e-08
2020-07-09,12,AR1 alpha + Basic + One-Step,NYSE:QTWO,4.901074051773272e-07
2020-07-10,12,AR1 alpha + Basic + One-Step,NYSE:QTWO,0.07328434137277742
2020-07-13,12,AR1 alpha + Basic + One-Step,NYSE:QTWO,0.09999990588915268
2020-07-14,12,AR1 alpha + Basic + One-Step,NYSE:QTWO,0.09999557025314121
2020-07-15,12,AR1 alpha + Basic + One-Step,NYSE:QTWO,0.09999782825363873
2020-07-16,12,AR1 alpha + Basic + One-Step,NYSE:QTWO,0.09999409818363049
2020-07-17,12,AR1 alpha + Basic + One-Step,NYSE:QTWO,0.09999655567914051
2020-07-20,12,AR1 alpha + Basic + One-Step,NYSE:QTWO,4.084333800359675e-07
2020-07-21,12,AR1 alpha + Basic + One-Step,NYSE:QTWO,0.012652299862412156
2020-07-22,12,AR1 alpha + Basic + One-Step,NYSE:QTWO,0.0
2020-07-23,12,AR1 alpha + Basic + One-Step,NYSE:QTWO,0.04734900821295999
2020-07-24,12,AR1 alpha + Basic + One-Step,NYSE:QTWO,0.10000109386604139
2020-07-27,12,AR1 alpha + Basic + One-Step,NYSE:QTWO,0.08249745726255811
2020-07-28,12,AR1 alpha + Basic + One-Step,NYSE:QTWO,0.09999728635146578
2020-07-29,12,AR1 alpha + Basic + One-Step,NYSE:QTWO,0.09999683353441352
2020-07-30,12,AR1 alpha + Basic + One-Step,NYSE:QTWO,0.09999801994059399
2020-07-31,12,AR1 alpha + Basic + One-Step,NYSE:QTWO,0.09999558872304355
2020-08-03,12,AR1 alpha + Basic + One-Step,NYSE:QTWO,0.0
2020-08-04,12,AR1 alpha + Basic + One-Step,NYSE:QTWO,0.09999753417015365
2020-08-05,12,AR1 alpha + Basic + One-Step,NYSE:QTWO,0.03834019904247667
2020-08-06,12,AR1 alpha + Basic + One-Step,NYSE:QTWO,0.0
2020-08-07,12,AR1 alpha + Basic + One-Step,NYSE:QTWO,0.0999967632537712
2020-08-10,12,AR1 alpha + Basic + One-Step,NYSE:QTWO,0.0999968244837177
2020-08-11,12,AR1 alpha + Basic + One-Step,NYSE:QTWO,0.0999978097242807
2020-08-12,12,AR1 alpha + Basic + One-Step,NYSE:QTWO,0.09999291127724098
2020-08-13,12,AR1 alpha + Basic + One-Step,NYSE:QTWO,0.09999115679410567
2020-08-14,12,AR1 alpha + Basic + One-Step,NYSE:QTWO,0.09999377369035424
2020-08-17,12,AR1 alpha + Basic + One-Step,NYSE:QTWO,0.09998948948167179
2020-08-18,12,AR1 alpha + Basic + One-Step,NYSE:QTWO,0.09998208634534785
2020-08-19,12,AR1 alpha + Basic + One-Step,NYSE:QTWO,0.09998325946585146
2020-08-20,12,AR1 alpha + Basic + One-Step,NYSE:QTWO,0.10000003998337988
2020-08-21,12,AR1 alpha + Basic + One-Step,NYSE:QTWO,0.09999957848133037
2020-08-24,12,AR1 alpha + Basic + One-Step,NYSE:QTWO,0.09999744067041888
2020-08-25,12,AR1 alpha + Basic + One-Step,NYSE:QTWO,0.09999481097219212
2020-08-26,12,AR1 alpha + Basic + One-Step,NYSE:QTWO,0.09999156128769143
2020-08-27,12,AR1 alpha + Basic + One-Step,NYSE:QTWO,0.09999167207691335
2020-08-28,12,AR1 alpha + Basic + One-Step,NYSE:QTWO,0.09998970276439549
2020-08-31,12,AR1 alpha + Basic + One-Step,NYSE:QTWO,0.09999061470444529
2020-09-01,12,AR1 alpha + Basic + One-Step,NYSE:QTWO,0.060841483229966214
2020-09-02,12,AR1 alpha + Basic + One-Step,NYSE:QTWO,0.09999483241068477
2020-09-03,12,AR1 alpha + Basic + One-Step,NYSE:QTWO,0.09999295113543873
2020-09-04,12,AR1 alpha + Basic + One-Step,NYSE:QTWO,0.09999439402511023
2020-09-08,12,AR1 alpha + Basic + One-Step,NYSE:QTWO,0.09999331887378689
2020-09-09,12,AR1 alpha + Basic + One-Step,NYSE:QTWO,0.09999624376544852
2020-09-10,12,AR1 alpha + Basic + One-Step,NYSE:QTWO,0.09999767530393111
2020-09-11,12,AR1 alpha + Basic + One-Step,NYSE:QTWO,0.09999580710277185
2020-09-14,12,AR1 alpha + Basic + One-Step,NYSE:QTWO,0.09999749755880209
2020-09-15,12,AR1 alpha + Basic + One-Step,NYSE:QTWO,0.09999544596072919
2020-09-16,12,AR1 alpha + Basic + One-Step,NYSE:QTWO,0.09999659796247783
2020-09-17,12,AR1 alpha + Basic + One-Step,NYSE:QTWO,0.0999957176293149
2020-09-18,12,AR1 alpha + Basic + One-Step,NYSE:QTWO,0.0
2020-09-21,12,AR1 alpha + Basic + One-Step,NYSE:QTWO,0.0
2020-09-22,12,AR1 alpha + Basic + One-Step,NYSE:QTWO,0.0
2020-09-23,12,AR1 alpha + Basic + One-Step,NYSE:QTWO,0.012974829778307054
2020-09-24,12,AR1 alpha + Basic + One-Step,NYSE:QTWO,0.0523146558475866
2020-09-25,12,AR1 alpha + Basic + One-Step,NYSE:QTWO,0.0
2020-09-28,12,AR1 alpha + Basic + One-Step,NYSE:QTWO,0.0
2020-09-29,12,AR1 alpha + Basic + One-Step,NYSE:QTWO,0.08463415020257574
2020-09-30,12,AR1 alpha + Basic + One-Step,NYSE:QTWO,0.1000000152647489
2020-10-01,12,AR1 alpha + Basic + One-Step,NYSE:QTWO,0.0
2020-10-02,12,AR1 alpha + Basic + One-Step,NYSE:QTWO,0.09087737567692437
2020-10-05,12,AR1 alpha + Basic + One-Step,NYSE:QTWO,0.0007863659608418126
2020-10-06,12,AR1 alpha + Basic + One-Step,NYSE:QTWO,0.0
2020-10-07,12,AR1 alpha + Basic + One-Step,NYSE:QTWO,2.5871517355806886e-07
2020-10-08,12,AR1 alpha + Basic + One-Step,NYSE:QTWO,0.0
2020-10-09,12,AR1 alpha + Basic + One-Step,NYSE:QTWO,0.0
2020-10-12,12,AR1 alpha + Basic + One-Step,NYSE:QTWO,0.04892942003384356
2020-10-13,12,AR1 alpha + Basic + One-Step,NYSE:QTWO,0.0
2020-10-14,12,AR1 alpha + Basic + One-Step,NYSE:QTWO,0.09999842234433995
2020-10-15,12,AR1 alpha + Basic + One-Step,NYSE:QTWO,0.09999350144995725
2020-10-16,12,AR1 alpha + Basic + One-Step,NYSE:QTWO,0.09999669947325969
2020-10-19,12,AR1 alpha + Basic + One-Step,NYSE:QTWO,0.09999030851188526
2020-10-20,12,AR1 alpha + Basic + One-Step,NYSE:QTWO,0.09998838035884638
2020-10-21,12,AR1 alpha + Basic + One-Step,NYSE:QTWO,0.09998803062912098
2020-10-22,12,AR1 alpha + Basic + One-Step,NYSE:QTWO,0.08129362966501334
2020-10-23,12,AR1 alpha + Basic + One-Step,NYSE:QTWO,0.09999284081254578
2020-10-26,12,AR1 alpha + Basic + One-Step,NYSE:QTWO,0.09999549079930913
2020-10-27,12,AR1 alpha + Basic + One-Step,NYSE:QTWO,0.09697207675508027
2020-10-28,12,AR1 alpha + Basic + One-Step,NYSE:QTWO,0.09999999130964649
2020-10-29,12,AR1 alpha + Basic + One-Step,NYSE:QTWO,0.043712472211941
2020-10-30,12,AR1 alpha + Basic + One-Step,NYSE:QTWO,0.09999941054402971
2020-11-02,12,AR1 alpha + Basic + One-Step,NYSE:QTWO,0.09999927950905413
2020-11-03,12,AR1 alpha + Basic + One-Step,NYSE:QTWO,0.004601632903508573
2020-11-04,12,AR1 alpha + Basic + One-Step,NYSE:QTWO,0.0
2020-11-05,12,AR1 alpha + Basic + One-Step,NYSE:QTWO,0.0
2020-11-06,12,AR1 alpha + Basic + One-Step,NYSE:QTWO,1.0798884169704596e-07
2020-11-09,12,AR1 alpha + Basic + One-Step,NYSE:QTWO,0.0
2020-11-10,12,AR1 alpha + Basic + One-Step,NYSE:QTWO,0.0
2020-11-11,12,AR1 alpha + Basic + One-Step,NYSE:QTWO,0.0
2020-11-12,12,AR1 alpha + Basic + One-Step,NYSE:QTWO,0.0
2020-11-13,12,AR1 alpha + Basic + One-Step,NYSE:QTWO,0.0
2020-11-16,12,AR1 alpha + Basic + One-Step,NYSE:QTWO,0.0
2020-11-17,12,AR1 alpha + Basic + One-Step,NYSE:QTWO,0.0
2020-11-18,12,AR1 alpha + Basic + One-Step,NYSE:QTWO,0.0
2020-11-19,12,AR1 alpha + Basic + One-Step,NYSE:QTWO,4.54517862187851e-08
2020-11-20,12,AR1 alpha + Basic + One-Step,NYSE:QTWO,0.0
2020-11-23,12,AR1 alpha + Basic + One-Step,NYSE:QTWO,0.0
2020-11-24,12,AR1 alpha + Basic + One-Step,NYSE:QTWO,0.0
2020-11-25,12,AR1 alpha + Basic + One-Step,NYSE:QTWO,1.2172774060685805e-07
2020-11-27,12,AR1 alpha + Basic + One-Step,NYSE:QTWO,0.0
2020-11-30,12,AR1 alpha + Basic + One-Step,NYSE:QTWO,0.09999993479814986
2020-12-01,12,AR1 alpha + Basic + One-Step,NYSE:QTWO,0.09999941745990905
2020-12-02,12,AR1 alpha + Basic + One-Step,NYSE:QTWO,0.09399524474405149
2020-12-03,12,AR1 alpha + Basic + One-Step,NYSE:QTWO,5.356390622537854e-08
2020-12-04,12,AR1 alpha + Basic + One-Step,NYSE:QTWO,0.028276094807871577
2020-12-07,12,AR1 alpha + Basic + One-Step,NYSE:QTWO,0.09999754415134246
2020-12-08,12,AR1 alpha + Basic + One-Step,NYSE:QTWO,0.09999886493005802
2020-12-09,12,AR1 alpha + Basic + One-Step,NYSE:QTWO,0.09751487551755725
2020-12-10,12,AR1 alpha + Basic + One-Step,NYSE:QTWO,0.006978437007394707
2020-12-11,12,AR1 alpha + Basic + One-Step,NYSE:QTWO,1.2823939901387912e-06
2020-12-14,12,AR1 alpha + Basic + One-Step,NYSE:QTWO,1.2598316448585242e-06
2020-12-15,12,AR1 alpha + Basic + One-Step,NYSE:QTWO,0.0
2020-12-16,12,AR1 alpha + Basic + One-Step,NYSE:QTWO,0.0012250575246064742
2020-12-17,12,AR1 alpha + Basic + One-Step,NYSE:QTWO,0.0
2020-12-18,12,AR1 alpha + Basic + One-Step,NYSE:QTWO,0.0
2020-12-21,12,AR1 alpha + Basic + One-Step,NYSE:QTWO,3.147880218037392e-07
2020-12-22,12,AR1 alpha + Basic + One-Step,NYSE:QTWO,0.0
2020-12-23,12,AR1 alpha + Basic + One-Step,NYSE:QTWO,9.086248503992221e-08
2020-12-24,12,AR1 alpha + Basic + One-Step,NYSE:QTWO,0.0
2020-12-28,12,AR1 alpha + Basic + One-Step,NYSE:QTWO,0.07325119364342914
2020-12-29,12,AR1 alpha + Basic + One-Step,NYSE:QTWO,0.08488586968315123
2020-12-30,12,AR1 alpha + Basic + One-Step,NYSE:QTWO,0.04846349888221418
2020-12-31,12,AR1 alpha + Basic + One-Step,NYSE:QTWO,0.09999857620035044
2021-01-04,12,AR1 alpha + Basic + One-Step,NYSE:QTWO,0.09999444919907677
2021-01-05,12,AR1 alpha + Basic + One-Step,NYSE:QTWO,0.0999966311120254
2021-01-06,12,AR1 alpha + Basic + One-Step,NYSE:QTWO,0.09999763883326207
2021-01-07,12,AR1 alpha + Basic + One-Step,NYSE:QTWO,0.09999141449005185
2021-01-08,12,AR1 alpha + Basic + One-Step,NYSE:QTWO,0.09999354677093494
2021-01-11,12,AR1 alpha + Basic + One-Step,NYSE:QTWO,0.09229731085861174
2021-01-12,12,AR1 alpha + Basic + One-Step,NYSE:QTWO,0.08064224000631601
2021-01-13,12,AR1 alpha + Basic + One-Step,NYSE:QTWO,0.033730590893346124
2021-01-14,12,AR1 alpha + Basic + One-Step,NYSE:QTWO,0.0
2021-01-15,12,AR1 alpha + Basic + One-Step,NYSE:QTWO,0.027339798589613214
2021-01-19,12,AR1 alpha + Basic + One-Step,NYSE:QTWO,0.006726438475358083
2021-01-20,12,AR1 alpha + Basic + One-Step,NYSE:QTWO,0.0
2021-01-21,12,AR1 alpha + Basic + One-Step,NYSE:QTWO,0.0
2021-01-22,12,AR1 alpha + Basic + One-Step,NYSE:QTWO,0.0
2021-01-25,12,AR1 alpha + Basic + One-Step,NYSE:QTWO,0.0
2021-01-26,12,AR1 alpha + Basic + One-Step,NYSE:QTWO,0.0
2021-01-27,12,AR1 alpha + Basic + One-Step,NYSE:QTWO,0.0
2021-01-28,12,AR1 alpha + Basic + One-Step,NYSE:QTWO,0.09999135342439135
2021-01-29,12,AR1 alpha + Basic + One-Step,NYSE:QTWO,0.09999359677520107
2021-02-01,12,AR1 alpha + Basic + One-Step,NYSE:QTWO,0.09999655318014276
2021-02-02,12,AR1 alpha + Basic + One-Step,NYSE:QTWO,2.3462546268178583e-08
2021-02-03,12,AR1 alpha + Basic + One-Step,NYSE:QTWO,0.0
2021-02-04,12,AR1 alpha + Basic + One-Step,NYSE:QTWO,0.0
2021-02-05,12,AR1 alpha + Basic + One-Step,NYSE:QTWO,0.0
2021-02-08,12,AR1 alpha + Basic + One-Step,NYSE:QTWO,5.943941448370861e-07
2021-02-09,12,AR1 alpha + Basic + One-Step,NYSE:QTWO,0.0
2021-02-10,12,AR1 alpha + Basic + One-Step,NYSE:QTWO,0.0
2021-02-11,12,AR1 alpha + Basic + One-Step,NYSE:QTWO,0.09999511580809832
2021-02-12,12,AR1 alpha + Basic + One-Step,NYSE:QTWO,0.09998458385296606
2021-02-16,12,AR1 alpha + Basic + One-Step,NYSE:QTWO,0.06910784802525488
2021-02-17,12,AR1 alpha + Basic + One-Step,NYSE:QTWO,0.09999515610487947
2021-02-18,12,AR1 alpha + Basic + One-Step,NYSE:QTWO,0.09999677546960234
2021-02-19,12,AR1 alpha + Basic + One-Step,NYSE:QTWO,0.09999341713241056
2021-02-22,12,AR1 alpha + Basic + One-Step,NYSE:QTWO,0.09999719447237379
2021-02-23,12,AR1 alpha + Basic + One-Step,NYSE:QTWO,0.09999838653785677
2021-02-24,12,AR1 alpha + Basic + One-Step,NYSE:QTWO,0.09999743351165688
2021-02-25,12,AR1 alpha + Basic + One-Step,NYSE:QTWO,0.09999628101267882
2021-02-26,12,AR1 alpha + Basic + One-Step,NYSE:QTWO,0.09999752503024995
2021-03-01,12,AR1 alpha + Basic + One-Step,NYSE:QTWO,0.09999564899351308
2021-03-02,12,AR1 alpha + Basic + One-Step,NYSE:QTWO,0.09999738725795534
2021-03-03,12,AR1 alpha + Basic + One-Step,NYSE:QTWO,0.09999250514549163
2021-03-04,12,AR1 alpha + Basic + One-Step,NYSE:QTWO,0.09999033250868909
2021-03-05,12,AR1 alpha + Basic + One-Step,NYSE:QTWO,0.09999079712329945
2021-03-08,12,AR1 alpha + Basic + One-Step,NYSE:QTWO,0.09999408517984307
2021-03-09,12,AR1 alpha + Basic + One-Step,NYSE:QTWO,0.0999913543317278
2021-03-10,12,AR1 alpha + Basic + One-Step,NYSE:QTWO,0.09999023995535015
2021-03-11,12,AR1 alpha + Basic + One-Step,NYSE:QTWO,0.0
2021-03-12,12,AR1 alpha + Basic + One-Step,NYSE:QTWO,0.0
2021-03-15,12,AR1 alpha + Basic + One-Step,NYSE:QTWO,1.504038988291168e-09
2021-03-16,12,AR1 alpha + Basic + One-Step,NYSE:QTWO,0.0
2021-03-17,12,AR1 alpha + Basic + One-Step,NYSE:QTWO,0.0
2021-03-18,12,AR1 alpha + Basic + One-Step,NYSE:QTWO,0.07578193893543941
2021-03-19,12,AR1 alpha + Basic + One-Step,NYSE:QTWO,0.0
2021-03-22,12,AR1 alpha + Basic + One-Step,NYSE:QTWO,0.0
2021-03-23,12,AR1 alpha + Basic + One-Step,NYSE:QTWO,0.0
2021-03-24,12,AR1 alpha + Basic + One-Step,NYSE:QTWO,0.0342892551109802
2021-03-25,12,AR1 alpha + Basic + One-Step,NYSE:QTWO,0.03939370741647075
2021-03-26,12,AR1 alpha + Basic + One-Step,NYSE:QTWO,0.019194698359359864
2021-03-29,12,AR1 alpha + Basic + One-Step,NYSE:QTWO,0.0200346037231964
2021-03-30,12,AR1 alpha + Basic + One-Step,NYSE:QTWO,0.012339885922461226
2021-03-31,12,AR1 alpha + Basic + One-Step,NYSE:QTWO,0.0
2021-04-01,12,AR1 alpha + Basic + One-Step,NYSE:QTWO,0.0
2021-04-05,12,AR1 alpha + Basic + One-Step,NYSE:QTWO,1.8608534903909657e-06
2021-04-06,12,AR1 alpha + Basic + One-Step,NYSE:QTWO,1.1011670661985787e-06
2021-04-07,12,AR1 alpha + Basic + One-Step,NYSE:QTWO,0.0
2021-04-08,12,AR1 alpha + Basic + One-Step,NYSE:QTWO,4.789771450241506e-07
2021-04-09,12,AR1 alpha + Basic + One-Step,NYSE:QTWO,0.0
2021-04-12,12,AR1 alpha + Basic + One-Step,NYSE:QTWO,5.049638249933816e-09
2021-04-13,12,AR1 alpha + Basic + One-Step,NYSE:QTWO,0.0
2021-04-14,12,AR1 alpha + Basic + One-Step,NYSE:QTWO,0.0
2021-04-15,12,AR1 alpha + Basic + One-Step,NYSE:QTWO,0.0
2021-04-16,12,AR1 alpha + Basic + One-Step,NYSE:QTWO,0.0
2021-04-19,12,AR1 alpha + Basic + One-Step,NYSE:QTWO,2.213643230012714e-08
2021-04-20,12,AR1 alpha + Basic + One-Step,NYSE:QTWO,0.0
2021-04-21,12,AR1 alpha + Basic + One-Step,NYSE:QTWO,0.0
2021-04-22,12,AR1 alpha + Basic + One-Step,NYSE:QTWO,3.283106774029016e-07
2021-04-23,12,AR1 alpha + Basic + One-Step,NYSE:QTWO,0.0
2021-04-26,12,AR1 alpha + Basic + One-Step,NYSE:QTWO,0.0
2021-04-27,12,AR1 alpha + Basic + One-Step,NYSE:QTWO,9.837843695250342e-07
2021-04-28,12,AR1 alpha + Basic + One-Step,NYSE:QTWO,0.0
2021-04-29,12,AR1 alpha + Basic + One-Step,NYSE:QTWO,0.0
2021-04-30,12,AR1 alpha + Basic + One-Step,NYSE:QTWO,2.4106690763786614e-10
2021-05-03,12,AR1 alpha + Basic + One-Step,NYSE:QTWO,0.0
2021-05-04,12,AR1 alpha + Basic + One-Step,NYSE:QTWO,0.0
2021-05-05,12,AR1 alpha + Basic + One-Step,NYSE:QTWO,0.0
2021-05-06,12,AR1 alpha + Basic + One-Step,NYSE:QTWO,0.0
2021-05-07,12,AR1 alpha + Basic + One-Step,NYSE:QTWO,0.0
2021-05-10,12,AR1 alpha + Basic + One-Step,NYSE:QTWO,0.0
2021-05-11,12,AR1 alpha + Basic + One-Step,NYSE:QTWO,0.0
2021-05-12,12,AR1 alpha + Basic + One-Step,NYSE:QTWO,0.0
2021-05-13,12,AR1 alpha + Basic + One-Step,NYSE:QTWO,2.041409740621189e-07
2021-05-14,12,AR1 alpha + Basic + One-Step,NYSE:QTWO,1.275286720296111e-07
2021-05-17,12,AR1 alpha + Basic + One-Step,NYSE:QTWO,1.6603312340967816e-07
2021-05-18,12,AR1 alpha + Basic + One-Step,NYSE:QTWO,1.3176904333884703e-06
2021-05-19,12,AR1 alpha + Basic + One-Step,NYSE:QTWO,7.805692653013233e-07
2021-05-20,12,AR1 alpha + Basic + One-Step,NYSE:QTWO,4.687665760306235e-07
2021-05-21,12,AR1 alpha + Basic + One-Step,NYSE:QTWO,1.8929434581622314e-06
2021-05-24,12,AR1 alpha + Basic + One-Step,NYSE:QTWO,0.0
2021-05-25,12,AR1 alpha + Basic + One-Step,NYSE:QTWO,0.0
2021-05-26,12,AR1 alpha + Basic + One-Step,NYSE:QTWO,0.0
2021-05-27,12,AR1 alpha + Basic + One-Step,NYSE:QTWO,5.161876858556021e-08
2021-05-28,12,AR1 alpha + Basic + One-Step,NYSE:QTWO,0.0
2021-06-01,12,AR1 alpha + Basic + One-Step,NYSE:QTWO,0.0
2021-06-02,12,AR1 alpha + Basic + One-Step,NYSE:QTWO,0.0
2021-06-03,12,AR1 alpha + Basic + One-Step,NYSE:QTWO,0.0
2021-06-04,12,AR1 alpha + Basic + One-Step,NYSE:QTWO,0.0
2021-06-07,12,AR1 alpha + Basic + One-Step,NYSE:QTWO,0.0
2021-06-08,12,AR1 alpha + Basic + One-Step,NYSE:QTWO,4.271085892736883e-09
2021-06-09,12,AR1 alpha + Basic + One-Step,NYSE:QTWO,2.2536316425076936e-07
2021-06-10,12,AR1 alpha + Basic + One-Step,NYSE:QTWO,1.8182182409454698e-07
2021-06-11,12,AR1 alpha + Basic + One-Step,NYSE:QTWO,0.0
2021-06-14,12,AR1 alpha + Basic + One-Step,NYSE:QTWO,0.0
2021-06-15,12,AR1 alpha + Basic + One-Step,NYSE:QTWO,0.0
2021-06-16,12,AR1 alpha + Basic + One-Step,NYSE:QTWO,0.0
2021-06-17,12,AR1 alpha + Basic + One-Step,NYSE:QTWO,0.0
2021-06-18,12,AR1 alpha + Basic + One-Step,NYSE:QTWO,0.0
2021-06-21,12,AR1 alpha + Basic + One-Step,NYSE:QTWO,0.0
2021-06-22,12,AR1 alpha + Basic + One-Step,NYSE:QTWO,1.291065915732571e-07
2021-06-23,12,AR1 alpha + Basic + One-Step,NYSE:QTWO,4.057034709449449e-07
2021-06-24,12,AR1 alpha + Basic + One-Step,NYSE:QTWO,9.694172453725928e-07
2021-06-25,12,AR1 alpha + Basic + One-Step,NYSE:QTWO,0.0
2021-06-28,12,AR1 alpha + Basic + One-Step,NYSE:QTWO,0.0
2021-06-29,12,AR1 alpha + Basic + One-Step,NYSE:QTWO,0.0
2021-06-30,12,AR1 alpha + Basic + One-Step,NYSE:QTWO,0.0
2021-07-01,12,AR1 alpha + Basic + One-Step,NYSE:QTWO,0.0
2021-07-02,12,AR1 alpha + Basic + One-Step,NYSE:QTWO,0.0
2021-07-06,12,AR1 alpha + Basic + One-Step,NYSE:QTWO,0.0
2021-07-07,12,AR1 alpha + Basic + One-Step,NYSE:QTWO,0.0
2021-07-08,12,AR1 alpha + Basic + One-Step,NYSE:QTWO,0.0
2021-07-09,12,AR1 alpha + Basic + One-Step,NYSE:QTWO,0.0
2021-07-12,12,AR1 alpha + Basic + One-Step,NYSE:QTWO,0.0
2021-07-13,12,AR1 alpha + Basic + One-Step,NYSE:QTWO,1.0628175752591172e-07
2021-07-14,12,AR1 alpha + Basic + One-Step,NYSE:QTWO,0.0
2021-07-15,12,AR1 alpha + Basic + One-Step,NYSE:QTWO,0.0
2021-07-16,12,AR1 alpha + Basic + One-Step,NYSE:QTWO,4.788298501575227e-06
2021-07-19,12,AR1 alpha + Basic + One-Step,NYSE:QTWO,5.045208749568296e-07
2021-07-20,12,AR1 alpha + Basic + One-Step,NYSE:QTWO,0.0
2021-07-21,12,AR1 alpha + Basic + One-Step,NYSE:QTWO,0.0
2021-07-22,12,AR1 alpha + Basic + One-Step,NYSE:QTWO,0.0
2021-07-23,12,AR1 alpha + Basic + One-Step,NYSE:QTWO,0.0
2021-07-26,12,AR1 alpha + Basic + One-Step,NYSE:QTWO,1.3924685556589105e-07
2021-07-27,12,AR1 alpha + Basic + One-Step,NYSE:QTWO,1.1961033617974333e-06
2021-07-28,12,AR1 alpha + Basic + One-Step,NYSE:QTWO,0.0
2021-07-29,12,AR1 alpha + Basic + One-Step,NYSE:QTWO,0.0
2021-07-30,12,AR1 alpha + Basic + One-Step,NYSE:QTWO,0.0
2021-08-02,12,AR1 alpha + Basic + One-Step,NYSE:QTWO,0.0
2021-08-03,12,AR1 alpha + Basic + One-Step,NYSE:QTWO,0.0
2021-08-04,12,AR1 alpha + Basic + One-Step,NYSE:QTWO,5.33298707093987e-08
2021-08-05,12,AR1 alpha + Basic + One-Step,NYSE:QTWO,0.0
2021-08-06,12,AR1 alpha + Basic + One-Step,NYSE:QTWO,0.0
2021-08-09,12,AR1 alpha + Basic + One-Step,NYSE:QTWO,7.153515895576681e-07
2021-08-10,12,AR1 alpha + Basic + One-Step,NYSE:QTWO,4.2984442892360336e-07
2021-08-11,12,AR1 alpha + Basic + One-Step,NYSE:QTWO,2.3479335532348069e-07
2021-08-12,12,AR1 alpha + Basic + One-Step,NYSE:QTWO,0.0
2021-08-13,12,AR1 alpha + Basic + One-Step,NYSE:QTWO,0.0
2021-08-16,12,AR1 alpha + Basic + One-Step,NYSE:QTWO,0.0
2021-08-17,12,AR1 alpha + Basic + One-Step,NYSE:QTWO,1.6214512686388695e-08
2021-08-18,12,AR1 alpha + Basic + One-Step,NYSE:QTWO,0.0
2021-08-19,12,AR1 alpha + Basic + One-Step,NYSE:QTWO,0.0
2021-08-20,12,AR1 alpha + Basic + One-Step,NYSE:QTWO,0.0
2021-08-23,12,AR1 alpha + Basic + One-Step,NYSE:QTWO,0.0
2021-08-24,12,AR1 alpha + Basic + One-Step,NYSE:QTWO,1.895867267537297e-07
2021-08-25,12,AR1 alpha + Basic + One-Step,NYSE:QTWO,0.0
2021-08-26,12,AR1 alpha + Basic + One-Step,NYSE:QTWO,0.0
2021-08-27,12,AR1 alpha + Basic + One-Step,NYSE:QTWO,1.5501372744638104e-06
2021-08-30,12,AR1 alpha + Basic + One-Step,NYSE:QTWO,1.0022282355401e-06
2021-08-31,12,AR1 alpha + Basic + One-Step,NYSE:QTWO,0.0
2021-09-01,12,AR1 alpha + Basic + One-Step,NYSE:QTWO,0.0
2021-09-02,12,AR1 alpha + Basic + One-Step,NYSE:QTWO,0.0
2021-09-03,12,AR1 alpha + Basic + One-Step,NYSE:QTWO,0.0
2021-09-07,12,AR1 alpha + Basic + One-Step,NYSE:QTWO,0.0
2021-09-08,12,AR1 alpha + Basic + One-Step,NYSE:QTWO,0.0
2021-09-09,12,AR1 alpha + Basic + One-Step,NYSE:QTWO,1.9523935867428388e-07
2021-09-10,12,AR1 alpha + Basic + One-Step,NYSE:QTWO,0.0
2021-09-13,12,AR1 alpha + Basic + One-Step,NYSE:QTWO,0.0
2021-09-14,12,AR1 alpha + Basic + One-Step,NYSE:QTWO,6.403683986297045e-07
2021-09-15,12,AR1 alpha + Basic + One-Step,NYSE:QTWO,0.0
2021-09-16,12,AR1 alpha + Basic + One-Step,NYSE:QTWO,0.0
2021-09-17,12,AR1 alpha + Basic + One-Step,NYSE:QTWO,0.0
2021-09-20,12,AR1 alpha + Basic + One-Step,NYSE:QTWO,0.0
2021-09-21,12,AR1 alpha + Basic + One-Step,NYSE:QTWO,8.263931072961579e-08
2021-09-22,12,AR1 alpha + Basic + One-Step,NYSE:QTWO,0.0
2021-09-23,12,AR1 alpha + Basic + One-Step,NYSE:QTWO,0.0
2021-09-24,12,AR1 alpha + Basic + One-Step,NYSE:QTWO,0.0
2021-09-27,12,AR1 alpha + Basic + One-Step,NYSE:QTWO,0.0
2021-09-28,12,AR1 alpha + Basic + One-Step,NYSE:QTWO,0.0
2021-09-29,12,AR1 alpha + Basic + One-Step,NYSE:QTWO,0.0
2021-09-30,12,AR1 alpha + Basic + One-Step,NYSE:QTWO,0.0
2021-10-01,12,AR1 alpha + Basic + One-Step,NYSE:QTWO,0.0
2021-10-04,12,AR1 alpha + Basic + One-Step,NYSE:QTWO,0.0
2021-10-05,12,AR1 alpha + Basic + One-Step,NYSE:QTWO,0.0
2021-10-06,12,AR1 alpha + Basic + One-Step,NYSE:QTWO,0.0
2021-10-07,12,AR1 alpha + Basic + One-Step,NYSE:QTWO,0.0
2021-10-08,12,AR1 alpha + Basic + One-Step,NYSE:QTWO,0.0
2021-10-11,12,AR1 alpha + Basic + One-Step,NYSE:QTWO,0.0
2021-10-12,12,AR1 alpha + Basic + One-Step,NYSE:QTWO,0.0
2021-10-13,12,AR1 alpha + Basic + One-Step,NYSE:QTWO,3.5634494345753335e-08
2021-10-14,12,AR1 alpha + Basic + One-Step,NYSE:QTWO,0.0
2021-10-15,12,AR1 alpha + Basic + One-Step,NYSE:QTWO,0.0
2021-10-18,12,AR1 alpha + Basic + One-Step,NYSE:QTWO,0.0
2021-10-19,12,AR1 alpha + Basic + One-Step,NYSE:QTWO,0.0
2021-10-20,12,AR1 alpha + Basic + One-Step,NYSE:QTWO,0.0
2021-10-21,12,AR1 alpha + Basic + One-Step,NYSE:QTWO,0.0
2021-10-22,12,AR1 alpha + Basic + One-Step,NYSE:QTWO,0.0
2021-10-25,12,AR1 alpha + Basic + One-Step,NYSE:QTWO,0.0
2021-10-26,12,AR1 alpha + Basic + One-Step,NYSE:QTWO,0.0
2021-10-27,12,AR1 alpha + Basic + One-Step,NYSE:QTWO,0.0
2021-10-28,12,AR1 alpha + Basic + One-Step,NYSE:QTWO,0.0
2021-10-29,12,AR1 alpha + Basic + One-Step,NYSE:QTWO,0.0
2021-11-01,12,AR1 alpha + Basic + One-Step,NYSE:QTWO,2.155056980256854e-07
2021-11-02,12,AR1 alpha + Basic + One-Step,NYSE:QTWO,0.0
2021-11-03,12,AR1 alpha + Basic + One-Step,NYSE:QTWO,0.0
2021-11-04,12,AR1 alpha + Basic + One-Step,NYSE:QTWO,0.09999022811031312
2021-11-05,12,AR1 alpha + Basic + One-Step,NYSE:QTWO,1.394663683186456e-07
2021-11-08,12,AR1 alpha + Basic + One-Step,NYSE:QTWO,0.0
2021-11-09,12,AR1 alpha + Basic + One-Step,NYSE:QTWO,0.0
2021-11-10,12,AR1 alpha + Basic + One-Step,NYSE:QTWO,0.0
2021-11-11,12,AR1 alpha + Basic + One-Step,NYSE:QTWO,0.0
2021-11-12,12,AR1 alpha + Basic + One-Step,NYSE:QTWO,0.0
2021-11-15,12,AR1 alpha + Basic + One-Step,NYSE:QTWO,0.0
2021-11-16,12,AR1 alpha + Basic + One-Step,NYSE:QTWO,0.0
2021-11-17,12,AR1 alpha + Basic + One-Step,NYSE:QTWO,0.0
2021-11-18,12,AR1 alpha + Basic + One-Step,NYSE:QTWO,0.0
2021-11-19,12,AR1 alpha + Basic + One-Step,NYSE:QTWO,0.0
2021-11-22,12,AR1 alpha + Basic + One-Step,NYSE:QTWO,0.0
2021-11-23,12,AR1 alpha + Basic + One-Step,NYSE:QTWO,0.0
2021-11-24,12,AR1 alpha + Basic + One-Step,NYSE:QTWO,0.0
2021-11-26,12,AR1 alpha + Basic + One-Step,NYSE:QTWO,1.0256308271067651e-07
2021-11-29,12,AR1 alpha + Basic + One-Step,NYSE:QTWO,0.0
2021-11-30,12,AR1 alpha + Basic + One-Step,NYSE:QTWO,0.0
2021-12-01,12,AR1 alpha + Basic + One-Step,NYSE:QTWO,0.0
2021-12-02,12,AR1 alpha + Basic + One-Step,NYSE:QTWO,0.0
2021-12-03,12,AR1 alpha + Basic + One-Step,NYSE:QTWO,0.0
2021-12-06,12,AR1 alpha + Basic + One-Step,NYSE:QTWO,0.0
2021-12-07,12,AR1 alpha + Basic + One-Step,NYSE:QTWO,2.3811723100471448e-07
2021-12-08,12,AR1 alpha + Basic + One-Step,NYSE:QTWO,0.0
2021-12-09,12,AR1 alpha + Basic + One-Step,NYSE:QTWO,0.0
2021-12-10,12,AR1 alpha + Basic + One-Step,NYSE:QTWO,0.0
2021-12-13,12,AR1 alpha + Basic + One-Step,NYSE:QTWO,0.0
2021-12-14,12,AR1 alpha + Basic + One-Step,NYSE:QTWO,0.0
2021-12-15,12,AR1 alpha + Basic + One-Step,NYSE:QTWO,0.0
2021-12-16,12,AR1 alpha + Basic + One-Step,NYSE:QTWO,0.0
2021-12-17,12,AR1 alpha + Basic + One-Step,NYSE:QTWO,0.0
2021-12-20,12,AR1 alpha + Basic + One-Step,NYSE:QTWO,0.0
2021-12-21,12,AR1 alpha + Basic + One-Step,NYSE:QTWO,0.0
2021-12-22,12,AR1 alpha + Basic + One-Step,NYSE:QTWO,1.8666718858136803e-07
2021-12-23,12,AR1 alpha + Basic + One-Step,NYSE:QTWO,0.0
2021-12-27,12,AR1 alpha + Basic + One-Step,NYSE:QTWO,0.0
2021-12-28,12,AR1 alpha + Basic + One-Step,NYSE:QTWO,0.0
2021-12-29,12,AR1 alpha + Basic + One-Step,NYSE:QTWO,0.0
2021-12-30,12,AR1 alpha + Basic + One-Step,NYSE:QTWO,4.76719405385032e-07
2021-12-31,12,AR1 alpha + Basic + One-Step,NYSE:QTWO,1.3276105289130046e-07
2022-01-03,12,AR1 alpha + Basic + One-Step,NYSE:QTWO,0.0
2022-01-04,12,AR1 alpha + Basic + One-Step,NYSE:QTWO,0.0
2022-01-05,12,AR1 alpha + Basic + One-Step,NYSE:QTWO,0.0
2022-01-06,12,AR1 alpha + Basic + One-Step,NYSE:QTWO,0.0
2022-01-07,12,AR1 alpha + Basic + One-Step,NYSE:QTWO,5.1226317113829545e-08
2022-01-10,12,AR1 alpha + Basic + One-Step,NYSE:QTWO,0.0
2022-01-11,12,AR1 alpha + Basic + One-Step,NYSE:QTWO,0.0
2022-01-12,12,AR1 alpha + Basic + One-Step,NYSE:QTWO,0.0
2022-01-13,12,AR1 alpha + Basic + One-Step,NYSE:QTWO,1.4807191581023587e-06
2022-01-14,12,AR1 alpha + Basic + One-Step,NYSE:QTWO,0.0
2022-01-18,12,AR1 alpha + Basic + One-Step,NYSE:QTWO,0.0
2022-01-19,12,AR1 alpha + Basic + One-Step,NYSE:QTWO,0.0
2022-01-20,12,AR1 alpha + Basic + One-Step,NYSE:QTWO,0.0
2022-01-21,12,AR1 alpha + Basic + One-Step,NYSE:QTWO,3.004903502046839e-07
2022-01-24,12,AR1 alpha + Basic + One-Step,NYSE:QTWO,0.0
2022-01-25,12,AR1 alpha + Basic + One-Step,NYSE:QTWO,0.0
2022-01-26,12,AR1 alpha + Basic + One-Step,NYSE:QTWO,2.987213196493522e-09
2022-01-27,12,AR1 alpha + Basic + One-Step,NYSE:QTWO,0.0
2022-01-28,12,AR1 alpha + Basic + One-Step,NYSE:QTWO,0.0
2022-01-31,12,AR1 alpha + Basic + One-Step,NYSE:QTWO,0.0
2022-02-01,12,AR1 alpha + Basic + One-Step,NYSE:QTWO,0.0
2022-02-02,12,AR1 alpha + Basic + One-Step,NYSE:QTWO,0.0
2022-02-03,12,AR1 alpha + Basic + One-Step,NYSE:QTWO,0.0
2022-02-04,12,AR1 alpha + Basic + One-Step,NYSE:QTWO,1.2728878598586605e-07
2022-02-07,12,AR1 alpha + Basic + One-Step,NYSE:QTWO,1.8381791404988938e-07
2022-02-08,12,AR1 alpha + Basic + One-Step,NYSE:QTWO,8.449787745376536e-07
2022-02-09,12,AR1 alpha + Basic + One-Step,NYSE:QTWO,0.0
2022-02-10,12,AR1 alpha + Basic + One-Step,NYSE:QTWO,0.0
2022-02-11,12,AR1 alpha + Basic + One-Step,NYSE:QTWO,0.0
2022-02-14,12,AR1 alpha + Basic + One-Step,NYSE:QTWO,0.0
2022-02-15,12,AR1 alpha + Basic + One-Step,NYSE:QTWO,0.0
2022-02-16,12,AR1 alpha + Basic + One-Step,NYSE:QTWO,0.0
2022-02-17,12,AR1 alpha + Basic + One-Step,NYSE:QTWO,0.0
2022-02-18,12,AR1 alpha + Basic + One-Step,NYSE:QTWO,1.6404950922855536e-07
2022-02-22,12,AR1 alpha + Basic + One-Step,NYSE:QTWO,2.8850740487921326e-08
2022-02-23,12,AR1 alpha + Basic + One-Step,NYSE:QTWO,0.0
2022-02-24,12,AR1 alpha + Basic + One-Step,NYSE:QTWO,0.0
2022-02-25,12,AR1 alpha + Basic + One-Step,NYSE:QTWO,0.0
2022-02-28,12,AR1 alpha + Basic + One-Step,NYSE:QTWO,0.0
2022-03-01,12,AR1 alpha + Basic + One-Step,NYSE:QTWO,2.1989931557076084e-08
2022-03-02,12,AR1 alpha + Basic + One-Step,NYSE:QTWO,4.725975421427323e-08
2022-03-03,12,AR1 alpha + Basic + One-Step,NYSE:QTWO,0.0
2022-03-04,12,AR1 alpha + Basic + One-Step,NYSE:QTWO,0.0
2022-03-07,12,AR1 alpha + Basic + One-Step,NYSE:QTWO,5.433239191201195e-10
2022-03-08,12,AR1 alpha + Basic + One-Step,NYSE:QTWO,4.3341878042310036e-07
2022-03-09,12,AR1 alpha + Basic + One-Step,NYSE:QTWO,0.0
2022-03-10,12,AR1 alpha + Basic + One-Step,NYSE:QTWO,0.0
2022-03-11,12,AR1 alpha + Basic + One-Step,NYSE:QTWO,0.0
2022-03-14,12,AR1 alpha + Basic + One-Step,NYSE:QTWO,0.0
2022-03-15,12,AR1 alpha + Basic + One-Step,NYSE:QTWO,0.0
2022-03-16,12,AR1 alpha + Basic + One-Step,NYSE:QTWO,0.0
2022-03-17,12,AR1 alpha + Basic + One-Step,NYSE:QTWO,0.0
2022-03-18,12,AR1 alpha + Basic + One-Step,NYSE:QTWO,0.0
2022-03-21,12,AR1 alpha + Basic + One-Step,NYSE:QTWO,0.0
2022-03-22,12,AR1 alpha + Basic + One-Step,NYSE:QTWO,2.3369344792578554e-09
2022-03-23,12,AR1 alpha + Basic + One-Step,NYSE:QTWO,0.0
2022-03-24,12,AR1 alpha + Basic + One-Step,NYSE:QTWO,2.1463474843098973e-08
2022-03-25,12,AR1 alpha + Basic + One-Step,NYSE:QTWO,0.0
2022-03-28,12,AR1 alpha + Basic + One-Step,NYSE:QTWO,0.0
2022-03-29,12,AR1 alpha + Basic + One-Step,NYSE:QTWO,0.0
2022-03-30,12,AR1 alpha + Basic + One-Step,NYSE:QTWO,0.0
2022-03-31,12,AR1 alpha + Basic + One-Step,NYSE:QTWO,0.0
2022-04-01,12,AR1 alpha + Basic + One-Step,NYSE:QTWO,0.0
2022-04-04,12,AR1 alpha + Basic + One-Step,NYSE:QTWO,0.0
2022-04-05,12,AR1 alpha + Basic + One-Step,NYSE:QTWO,0.0
2022-04-06,12,AR1 alpha + Basic + One-Step,NYSE:QTWO,0.0
2022-04-07,12,AR1 alpha + Basic + One-Step,NYSE:QTWO,0.0
2022-04-08,12,AR1 alpha + Basic + One-Step,NYSE:QTWO,0.0
2022-04-11,12,AR1 alpha + Basic + One-Step,NYSE:QTWO,0.0
2022-04-12,12,AR1 alpha + Basic + One-Step,NYSE:QTWO,0.0
2022-04-13,12,AR1 alpha + Basic + One-Step,NYSE:QTWO,2.3195493336751342e-07
2022-04-14,12,AR1 alpha + Basic + One-Step,NYSE:QTWO,1.5122202828394506e-08
2022-04-18,12,AR1 alpha + Basic + One-Step,NYSE:QTWO,0.0
2022-04-19,12,AR1 alpha + Basic + One-Step,NYSE:QTWO,0.0
2022-04-20,12,AR1 alpha + Basic + One-Step,NYSE:QTWO,4.423589455600177e-08
2022-04-21,12,AR1 alpha + Basic + One-Step,NYSE:QTWO,0.0
2022-04-22,12,AR1 alpha + Basic + One-Step,NYSE:QTWO,0.0
2022-04-25,12,AR1 alpha + Basic + One-Step,NYSE:QTWO,0.0
2022-04-26,12,AR1 alpha + Basic + One-Step,NYSE:QTWO,0.0
2022-04-27,12,AR1 alpha + Basic + One-Step,NYSE:QTWO,0.0
2022-04-28,12,AR1 alpha + Basic + One-Step,NYSE:QTWO,0.0
2022-04-29,12,AR1 alpha + Basic + One-Step,NYSE:QTWO,0.0
2022-05-02,12,AR1 alpha + Basic + One-Step,NYSE:QTWO,0.0
2022-05-03,12,AR1 alpha + Basic + One-Step,NYSE:QTWO,0.0
2022-05-04,12,AR1 alpha + Basic + One-Step,NYSE:QTWO,4.61033898242426e-07
2022-05-05,12,AR1 alpha + Basic + One-Step,NYSE:QTWO,0.0
2022-05-06,12,AR1 alpha + Basic + One-Step,NYSE:QTWO,0.0
2022-05-09,12,AR1 alpha + Basic + One-Step,NYSE:QTWO,0.0
2022-05-10,12,AR1 alpha + Basic + One-Step,NYSE:QTWO,5.908698932275041e-07
2022-05-11,12,AR1 alpha + Basic + One-Step,NYSE:QTWO,0.0
2022-05-12,12,AR1 alpha + Basic + One-Step,NYSE:QTWO,1.3957141261540142e-07
2022-05-13,12,AR1 alpha + Basic + One-Step,NYSE:QTWO,0.0
2022-05-16,12,AR1 alpha + Basic + One-Step,NYSE:QTWO,2.3830507966065977e-07
2022-05-17,12,AR1 alpha + Basic + One-Step,NYSE:QTWO,1.9727657576050825e-08
2022-05-18,12,AR1 alpha + Basic + One-Step,NYSE:QTWO,5.614779768190697e-07
2022-05-19,12,AR1 alpha + Basic + One-Step,NYSE:QTWO,0.0
2022-05-20,12,AR1 alpha + Basic + One-Step,NYSE:QTWO,0.0
2022-05-23,12,AR1 alpha + Basic + One-Step,NYSE:QTWO,1.382641011657774e-07
2022-05-24,12,AR1 alpha + Basic + One-Step,NYSE:QTWO,0.0
2022-05-25,12,AR1 alpha + Basic + One-Step,NYSE:QTWO,4.127039652123119e-08
2022-05-26,12,AR1 alpha + Basic + One-Step,NYSE:QTWO,0.0
2022-05-27,12,AR1 alpha + Basic + One-Step,NYSE:QTWO,4.303917394802538e-09
2022-05-31,12,AR1 alpha + Basic + One-Step,NYSE:QTWO,0.0
2022-06-01,12,AR1 alpha + Basic + One-Step,NYSE:QTWO,0.0
2022-06-02,12,AR1 alpha + Basic + One-Step,NYSE:QTWO,0.0
2022-06-03,12,AR1 alpha + Basic + One-Step,NYSE:QTWO,0.0
2022-06-06,12,AR1 alpha + Basic + One-Step,NYSE:QTWO,0.0
2022-06-07,12,AR1 alpha + Basic + One-Step,NYSE:QTWO,0.0
2022-06-08,12,AR1 alpha + Basic + One-Step,NYSE:QTWO,0.0
2022-06-09,12,AR1 alpha + Basic + One-Step,NYSE:QTWO,9.399001987957636e-09
2022-06-10,12,AR1 alpha + Basic + One-Step,NYSE:QTWO,0.0
2022-06-13,12,AR1 alpha + Basic + One-Step,NYSE:QTWO,2.205173454645828e-07
2022-06-14,12,AR1 alpha + Basic + One-Step,NYSE:QTWO,7.3155920728922e-08
2022-06-15,12,AR1 alpha + Basic + One-Step,NYSE:QTWO,0.0
2022-06-16,12,AR1 alpha + Basic + One-Step,NYSE:QTWO,0.0
2022-06-17,12,AR1 alpha + Basic + One-Step,NYSE:QTWO,0.0
2022-06-21,12,AR1 alpha + Basic + One-Step,NYSE:QTWO,2.2746888324678586e-07
2022-06-22,12,AR1 alpha + Basic + One-Step,NYSE:QTWO,6.830962169391748e-08
2022-06-23,12,AR1 alpha + Basic + One-Step,NYSE:QTWO,0.0
2022-06-24,12,AR1 alpha + Basic + One-Step,NYSE:QTWO,0.0
2022-06-27,12,AR1 alpha + Basic + One-Step,NYSE:QTWO,0.0
2022-06-28,12,AR1 alpha + Basic + One-Step,NYSE:QTWO,0.0
2022-06-29,12,AR1 alpha + Basic + One-Step,NYSE:QTWO,0.0
2022-06-30,12,AR1 alpha + Basic + One-Step,NYSE:QTWO,0.0
2022-07-01,12,AR1 alpha + Basic + One-Step,NYSE:QTWO,0.0
2022-07-05,12,AR1 alpha + Basic + One-Step,NYSE:QTWO,0.0
2022-07-06,12,AR1 alpha + Basic + One-Step,NYSE:QTWO,0.0
2022-07-07,12,AR1 alpha + Basic + One-Step,NYSE:QTWO,0.0
2022-07-08,12,AR1 alpha + Basic + One-Step,NYSE:QTWO,0.0
2022-07-11,12,AR1 alpha + Basic + One-Step,NYSE:QTWO,0.0
2022-07-12,12,AR1 alpha + Basic + One-Step,NYSE:QTWO,2.477285040315378e-07
2022-07-13,12,AR1 alpha + Basic + One-Step,NYSE:QTWO,2.5670227740021435e-07
2022-07-14,12,AR1 alpha + Basic + One-Step,NYSE:QTWO,0.0
2022-07-15,12,AR1 alpha + Basic + One-Step,NYSE:QTWO,7.14208014300958e-08
2022-07-18,12,AR1 alpha + Basic + One-Step,NYSE:QTWO,1.544951362462756e-08
2022-07-19,12,AR1 alpha + Basic + One-Step,NYSE:QTWO,0.0
2022-07-20,12,AR1 alpha + Basic + One-Step,NYSE:QTWO,0.0
2022-07-21,12,AR1 alpha + Basic + One-Step,NYSE:QTWO,3.8866671200752146e-08
2022-07-22,12,AR1 alpha + Basic + One-Step,NYSE:QTWO,0.0
2022-07-25,12,AR1 alpha + Basic + One-Step,NYSE:QTWO,0.0
2022-07-26,12,AR1 alpha + Basic + One-Step,NYSE:QTWO,0.0
2022-07-27,12,AR1 alpha + Basic + One-Step,NYSE:QTWO,0.0
2022-07-28,12,AR1 alpha + Basic + One-Step,NYSE:QTWO,0.0
2022-07-29,12,AR1 alpha + Basic + One-Step,NYSE:QTWO,0.0
2022-08-01,12,AR1 alpha + Basic + One-Step,NYSE:QTWO,0.0
2022-08-02,12,AR1 alpha + Basic + One-Step,NYSE:QTWO,0.0
2022-08-03,12,AR1 alpha + Basic + One-Step,NYSE:QTWO,0.0
2022-08-04,12,AR1 alpha + Basic + One-Step,NYSE:QTWO,0.0
2022-08-05,12,AR1 alpha + Basic + One-Step,NYSE:QTWO,0.0
2022-08-08,12,AR1 alpha + Basic + One-Step,NYSE:QTWO,0.0
2022-08-09,12,AR1 alpha + Basic + One-Step,NYSE:QTWO,0.0
2022-08-10,12,AR1 alpha + Basic + One-Step,NYSE:QTWO,0.0
2022-08-11,12,AR1 alpha + Basic + One-Step,NYSE:QTWO,0.0
2022-08-12,12,AR1 alpha + Basic + One-Step,NYSE:QTWO,0.0
2022-08-15,12,AR1 alpha + Basic + One-Step,NYSE:QTWO,0.0
2022-08-16,12,AR1 alpha + Basic + One-Step,NYSE:QTWO,0.0
2022-08-17,12,AR1 alpha + Basic + One-Step,NYSE:QTWO,0.0
2022-08-18,12,AR1 alpha + Basic + One-Step,NYSE:QTWO,0.0
2022-08-19,12,AR1 alpha + Basic + One-Step,NYSE:QTWO,1.069337550121059e-09
2022-08-22,12,AR1 alpha + Basic + One-Step,NYSE:QTWO,0.0
2022-08-23,12,AR1 alpha + Basic + One-Step,NYSE:QTWO,0.0
2022-08-24,12,AR1 alpha + Basic + One-Step,NYSE:QTWO,2.968085782214879e-08
2022-08-25,12,AR1 alpha + Basic + One-Step,NYSE:QTWO,0.0
2022-08-26,12,AR1 alpha + Basic + One-Step,NYSE:QTWO,0.0
2022-08-29,12,AR1 alpha + Basic + One-Step,NYSE:QTWO,0.0
2022-08-30,12,AR1 alpha + Basic + One-Step,NYSE:QTWO,0.0
2022-08-31,12,AR1 alpha + Basic + One-Step,NYSE:QTWO,0.0
2022-09-01,12,AR1 alpha + Basic + One-Step,NYSE:QTWO,1.4180512369267364e-09
2022-09-02,12,AR1 alpha + Basic + One-Step,NYSE:QTWO,0.0
2022-09-06,12,AR1 alpha + Basic + One-Step,NYSE:QTWO,0.0
2022-09-07,12,AR1 alpha + Basic + One-Step,NYSE:QTWO,0.0
2022-09-08,12,AR1 alpha + Basic + One-Step,NYSE:QTWO,4.282736836191064e-07
2022-09-09,12,AR1 alpha + Basic + One-Step,NYSE:QTWO,0.0
2022-09-12,12,AR1 alpha + Basic + One-Step,NYSE:QTWO,0.0
2022-09-13,12,AR1 alpha + Basic + One-Step,NYSE:QTWO,1.0563805426091065e-08
2022-09-14,12,AR1 alpha + Basic + One-Step,NYSE:QTWO,1.035188525772397e-07
2022-09-15,12,AR1 alpha + Basic + One-Step,NYSE:QTWO,0.0
2022-09-16,12,AR1 alpha + Basic + One-Step,NYSE:QTWO,7.009351775420458e-08
2022-09-19,12,AR1 alpha + Basic + One-Step,NYSE:QTWO,0.0
2022-09-20,12,AR1 alpha + Basic + One-Step,NYSE:QTWO,0.0
2022-09-21,12,AR1 alpha + Basic + One-Step,NYSE:QTWO,0.0
2022-09-22,12,AR1 alpha + Basic + One-Step,NYSE:QTWO,0.0
2022-09-23,12,AR1 alpha + Basic + One-Step,NYSE:QTWO,0.0
2022-09-26,12,AR1 alpha + Basic + One-Step,NYSE:QTWO,2.515844451192387e-09
2022-09-27,12,AR1 alpha + Basic + One-Step,NYSE:QTWO,0.0
2022-09-28,12,AR1 alpha + Basic + One-Step,NYSE:QTWO,0.0
2022-09-29,12,AR1 alpha + Basic + One-Step,NYSE:QTWO,0.0
2022-09-30,12,AR1 alpha + Basic + One-Step,NYSE:QTWO,0.0
2022-10-03,12,AR1 alpha + Basic + One-Step,NYSE:QTWO,0.0
2022-10-04,12,AR1 alpha + Basic + One-Step,NYSE:QTWO,0.0
2022-10-05,12,AR1 alpha + Basic + One-Step,NYSE:QTWO,1.59181709301126e-07
2022-10-06,12,AR1 alpha + Basic + One-Step,NYSE:QTWO,0.0
2022-10-07,12,AR1 alpha + Basic + One-Step,NYSE:QTWO,0.0
2022-10-10,12,AR1 alpha + Basic + One-Step,NYSE:QTWO,0.0
2022-10-11,12,AR1 alpha + Basic + One-Step,NYSE:QTWO,0.0
2022-10-12,12,AR1 alpha + Basic + One-Step,NYSE:QTWO,0.0
2022-10-13,12,AR1 alpha + Basic + One-Step,NYSE:QTWO,1.4719862292861246e-07
2022-10-14,12,AR1 alpha + Basic + One-Step,NYSE:QTWO,4.729765925088788e-09
2022-10-17,12,AR1 alpha + Basic + One-Step,NYSE:QTWO,0.0
2022-10-18,12,AR1 alpha + Basic + One-Step,NYSE:QTWO,0.0
2022-10-19,12,AR1 alpha + Basic + One-Step,NYSE:QTWO,0.0
2022-10-20,12,AR1 alpha + Basic + One-Step,NYSE:QTWO,0.0
2022-10-21,12,AR1 alpha + Basic + One-Step,NYSE:QTWO,0.0
2022-10-24,12,AR1 alpha + Basic + One-Step,NYSE:QTWO,0.0
2022-10-25,12,AR1 alpha + Basic + One-Step,NYSE:QTWO,0.0
2022-10-26,12,AR1 alpha + Basic + One-Step,NYSE:QTWO,0.0
2022-10-27,12,AR1 alpha + Basic + One-Step,NYSE:QTWO,0.0
2022-10-28,12,AR1 alpha + Basic + One-Step,NYSE:QTWO,0.0
2022-10-31,12,AR1 alpha + Basic + One-Step,NYSE:QTWO,0.0
2022-11-01,12,AR1 alpha + Basic + One-Step,NYSE:QTWO,0.0
2022-11-02,12,AR1 alpha + Basic + One-Step,NYSE:QTWO,9.135509434001452e-08
2022-11-03,12,AR1 alpha + Basic + One-Step,NYSE:QTWO,3.7954344249865747e-07
2022-11-04,12,AR1 alpha + Basic + One-Step,NYSE:QTWO,2.39527774679183e-08
2022-11-07,12,AR1 alpha + Basic + One-Step,NYSE:QTWO,0.0
2022-11-08,12,AR1 alpha + Basic + One-Step,NYSE:QTWO,0.0
2022-11-09,12,AR1 alpha + Basic + One-Step,NYSE:QTWO,0.0
2022-11-10,12,AR1 alpha + Basic + One-Step,NYSE:QTWO,0.0
2022-11-11,12,AR1 alpha + Basic + One-Step,NYSE:QTWO,1.0883000993185857e-07
2022-11-14,12,AR1 alpha + Basic + One-Step,NYSE:QTWO,0.0
2022-11-15,12,AR1 alpha + Basic + One-Step,NYSE:QTWO,0.0
2022-11-16,12,AR1 alpha + Basic + One-Step,NYSE:QTWO,0.0
2022-11-17,12,AR1 alpha + Basic + One-Step,NYSE:QTWO,0.0
2022-11-18,12,AR1 alpha + Basic + One-Step,NYSE:QTWO,1.2350595385196242e-07
2022-11-21,12,AR1 alpha + Basic + One-Step,NYSE:QTWO,1.608706636013815e-07
2022-11-22,12,AR1 alpha + Basic + One-Step,NYSE:QTWO,0.0
2022-11-23,12,AR1 alpha + Basic + One-Step,NYSE:QTWO,0.0
2022-11-25,12,AR1 alpha + Basic + One-Step,NYSE:QTWO,1.2108604676265782e-08
2022-11-28,12,AR1 alpha + Basic + One-Step,NYSE:QTWO,0.0
2022-11-29,12,AR1 alpha + Basic + One-Step,NYSE:QTWO,0.0
2022-11-30,12,AR1 alpha + Basic + One-Step,NYSE:QTWO,0.0
2022-12-01,12,AR1 alpha + Basic + One-Step,NYSE:QTWO,0.0
2022-12-02,12,AR1 alpha + Basic + One-Step,NYSE:QTWO,0.0
2022-12-05,12,AR1 alpha + Basic + One-Step,NYSE:QTWO,0.0
2022-12-06,12,AR1 alpha + Basic + One-Step,NYSE:QTWO,0.0
2022-12-07,12,AR1 alpha + Basic + One-Step,NYSE:QTWO,0.0
2022-12-08,12,AR1 alpha + Basic + One-Step,NYSE:QTWO,0.0
2022-12-09,12,AR1 alpha + Basic + One-Step,NYSE:QTWO,0.0
2022-12-12,12,AR1 alpha + Basic + One-Step,NYSE:QTWO,1.1621671165867551e-08
2022-12-13,12,AR1 alpha + Basic + One-Step,NYSE:QTWO,6.923917844953188e-07
2022-12-14,12,AR1 alpha + Basic + One-Step,NYSE:QTWO,2.0959182527775828e-08
2022-12-15,12,AR1 alpha + Basic + One-Step,NYSE:QTWO,0.0
2022-12-16,12,AR1 alpha + Basic + One-Step,NYSE:QTWO,0.0
2022-12-19,12,AR1 alpha + Basic + One-Step,NYSE:QTWO,0.0
2022-12-20,12,AR1 alpha + Basic + One-Step,NYSE:QTWO,0.0
2022-12-21,12,AR1 alpha + Basic + One-Step,NYSE:QTWO,0.0
2022-12-22,12,AR1 alpha + Basic + One-Step,NYSE:QTWO,0.0
2022-12-23,12,AR1 alpha + Basic + One-Step,NYSE:QTWO,0.0
2022-12-27,12,AR1 alpha + Basic + One-Step,NYSE:QTWO,3.517625939846842e-08
2022-12-28,12,AR1 alpha + Basic + One-Step,NYSE:QTWO,0.0
2022-12-29,12,AR1 alpha + Basic + One-Step,NYSE:QTWO,7.487656257654372e-10
2022-12-30,12,AR1 alpha + Basic + One-Step,NYSE:QTWO,0.0
2023-01-03,12,AR1 alpha + Basic + One-Step,NYSE:QTWO,2.0023658509639357e-08
2023-01-04,12,AR1 alpha + Basic + One-Step,NYSE:QTWO,0.0
2023-01-05,12,AR1 alpha + Basic + One-Step,NYSE:QTWO,0.0
2023-01-06,12,AR1 alpha + Basic + One-Step,NYSE:QTWO,0.0
2023-01-09,12,AR1 alpha + Basic + One-Step,NYSE:QTWO,0.0
2023-01-10,12,AR1 alpha + Basic + One-Step,NYSE:QTWO,0.0
2023-01-11,12,AR1 alpha + Basic + One-Step,NYSE:QTWO,7.677972712174481e-09
2023-01-12,12,AR1 alpha + Basic + One-Step,NYSE:QTWO,0.0
2023-01-13,12,AR1 alpha + Basic + One-Step,NYSE:QTWO,5.0401585762074865e-09
2023-01-17,12,AR1 alpha + Basic + One-Step,NYSE:QTWO,0.0
2023-01-18,12,AR1 alpha + Basic + One-Step,NYSE:QTWO,0.0
2023-01-19,12,AR1 alpha + Basic + One-Step,NYSE:QTWO,0.0
2023-01-20,12,AR1 alpha + Basic + One-Step,NYSE:QTWO,0.0
2023-01-23,12,AR1 alpha + Basic + One-Step,NYSE:QTWO,1.0856281184431802e-08
2023-01-24,12,AR1 alpha + Basic + One-Step,NYSE:QTWO,0.0
2023-01-25,12,AR1 alpha + Basic + One-Step,NYSE:QTWO,0.0
2023-01-26,12,AR1 alpha + Basic + One-Step,NYSE:QTWO,0.0
2023-01-27,12,AR1 alpha + Basic + One-Step,NYSE:QTWO,0.0
2023-01-30,12,AR1 alpha + Basic + One-Step,NYSE:QTWO,0.0
2023-01-31,12,AR1 alpha + Basic + One-Step,NYSE:QTWO,0.0
2023-02-01,12,AR1 alpha + Basic + One-Step,NYSE:QTWO,0.0
2023-02-02,12,AR1 alpha + Basic + One-Step,NYSE:QTWO,2.5970087931426276e-07
2023-02-03,12,AR1 alpha + Basic + One-Step,NYSE:QTWO,0.0
2023-02-06,12,AR1 alpha + Basic + One-Step,NYSE:QTWO,0.0
2023-02-07,12,AR1 alpha + Basic + One-Step,NYSE:QTWO,0.0
2023-02-08,12,AR1 alpha + Basic + One-Step,NYSE:QTWO,0.0
2023-02-09,12,AR1 alpha + Basic + One-Step,NYSE:QTWO,0.0
2023-02-10,12,AR1 alpha + Basic + One-Step,NYSE:QTWO,0.0
2023-02-13,12,AR1 alpha + Basic + One-Step,NYSE:QTWO,0.0
2023-02-14,12,AR1 alpha + Basic + One-Step,NYSE:QTWO,0.0
2023-02-15,12,AR1 alpha + Basic + One-Step,NYSE:QTWO,0.0
2023-02-16,12,AR1 alpha + Basic + One-Step,NYSE:QTWO,0.0
2023-02-17,12,AR1 alpha + Basic + One-Step,NYSE:QTWO,0.0
2023-02-21,12,AR1 alpha + Basic + One-Step,NYSE:QTWO,0.0
2023-02-22,12,AR1 alpha + Basic + One-Step,NYSE:QTWO,0.0
2023-02-23,12,AR1 alpha + Basic + One-Step,NYSE:QTWO,0.0
2023-02-24,12,AR1 alpha + Basic + One-Step,NYSE:QTWO,1.008275210544182e-07
2023-02-27,12,AR1 alpha + Basic + One-Step,NYSE:QTWO,3.9356684929913855e-08
2023-02-28,12,AR1 alpha + Basic + One-Step,NYSE:QTWO,8.194918523287891e-08
2023-03-01,12,AR1 alpha + Basic + One-Step,NYSE:QTWO,3.226223162094085e-08
2023-03-02,12,AR1 alpha + Basic + One-Step,NYSE:QTWO,0.0
2023-03-03,12,AR1 alpha + Basic + One-Step,NYSE:QTWO,0.0
2023-03-06,12,AR1 alpha + Basic + One-Step,NYSE:QTWO,0.0
2023-03-07,12,AR1 alpha + Basic + One-Step,NYSE:QTWO,0.0
2023-03-08,12,AR1 alpha + Basic + One-Step,NYSE:QTWO,1.6769011894671408e-09
2023-03-09,12,AR1 alpha + Basic + One-Step,NYSE:QTWO,1.9193063376953062e-07
2023-03-10,12,AR1 alpha + Basic + One-Step,NYSE:QTWO,4.91699047787715e-08
2023-03-13,12,AR1 alpha + Basic + One-Step,NYSE:QTWO,2.3434262549730746e-07
2023-03-14,12,AR1 alpha + Basic + One-Step,NYSE:QTWO,0.0
2023-03-15,12,AR1 alpha + Basic + One-Step,NYSE:QTWO,0.0
2023-03-16,12,AR1 alpha + Basic + One-Step,NYSE:QTWO,0.0
2023-03-17,12,AR1 alpha + Basic + One-Step,NYSE:QTWO,6.2131831404617394e-09
2023-03-20,12,AR1 alpha + Basic + One-Step,NYSE:QTWO,0.0
2023-03-21,12,AR1 alpha + Basic + One-Step,NYSE:QTWO,2.689704372835048e-09
2023-03-22,12,AR1 alpha + Basic + One-Step,NYSE:QTWO,0.0
2023-03-23,12,AR1 alpha + Basic + One-Step,NYSE:QTWO,0.0
2023-03-24,12,AR1 alpha + Basic + One-Step,NYSE:QTWO,0.0
2023-03-27,12,AR1 alpha + Basic + One-Step,NYSE:QTWO,5.215108440967641e-08
2023-03-28,12,AR1 alpha + Basic + One-Step,NYSE:QTWO,0.0
2023-03-29,12,AR1 alpha + Basic + One-Step,NYSE:QTWO,0.0
2023-03-30,12,AR1 alpha + Basic + One-Step,NYSE:QTWO,0.0
2023-03-31,12,AR1 alpha + Basic + One-Step,NYSE:QTWO,7.536359808003523e-08
2023-04-03,12,AR1 alpha + Basic + One-Step,NYSE:QTWO,0.0
2023-04-04,12,AR1 alpha + Basic + One-Step,NYSE:QTWO,0.0
2023-04-05,12,AR1 alpha + Basic + One-Step,NYSE:QTWO,5.6394654014351907e-08
2023-04-06,12,AR1 alpha + Basic + One-Step,NYSE:QTWO,1.1936489159466558e-07
2023-04-10,12,AR1 alpha + Basic + One-Step,NYSE:QTWO,1.2064995345818079e-06
2023-04-11,12,AR1 alpha + Basic + One-Step,NYSE:QTWO,1.8310976089237966e-07
2023-04-12,12,AR1 alpha + Basic + One-Step,NYSE:QTWO,8.365200704016594e-08
2023-04-13,12,AR1 alpha + Basic + One-Step,NYSE:QTWO,2.3957527505174986e-08
2023-04-14,12,AR1 alpha + Basic + One-Step,NYSE:QTWO,6.332884161150444e-09
2023-04-17,12,AR1 alpha + Basic + One-Step,NYSE:QTWO,4.190699727784769e-11
2023-04-18,12,AR1 alpha + Basic + One-Step,NYSE:QTWO,0.0
2023-04-19,12,AR1 alpha + Basic + One-Step,NYSE:QTWO,1.4279851995382418e-09
2023-04-20,12,AR1 alpha + Basic + One-Step,NYSE:QTWO,1.2331286079765516e-10
2023-04-21,12,AR1 alpha + Basic + One-Step,NYSE:QTWO,1.1974043944550293e-08
2023-04-24,12,AR1 alpha + Basic + One-Step,NYSE:QTWO,1.154822628675783e-06
2023-04-25,12,AR1 alpha + Basic + One-Step,NYSE:QTWO,0.0
2023-04-26,12,AR1 alpha + Basic + One-Step,NYSE:QTWO,0.0
2023-04-27,12,AR1 alpha + Basic + One-Step,NYSE:QTWO,0.0
2023-04-28,12,AR1 alpha + Basic + One-Step,NYSE:QTWO,1.3075684967833698e-08
2023-05-01,12,AR1 alpha + Basic + One-Step,NYSE:QTWO,3.829176275780613e-09
2023-05-02,12,AR1 alpha + Basic + One-Step,NYSE:QTWO,4.045724340450777e-08
2023-05-03,12,AR1 alpha + Basic + One-Step,NYSE:QTWO,0.0
2023-05-04,12,AR1 alpha + Basic + One-Step,NYSE:QTWO,0.0
2023-05-05,12,AR1 alpha + Basic + One-Step,NYSE:QTWO,1.8873873872744295e-08
2023-05-08,12,AR1 alpha + Basic + One-Step,NYSE:QTWO,0.0
2023-05-09,12,AR1 alpha + Basic + One-Step,NYSE:QTWO,0.0
2023-05-10,12,AR1 alpha + Basic + One-Step,NYSE:QTWO,1.1557575564171474e-07
2023-05-11,12,AR1 alpha + Basic + One-Step,NYSE:QTWO,3.4245031901135013e-07
2023-05-12,12,AR1 alpha + Basic + One-Step,NYSE:QTWO,4.6130827927973215e-07
2023-05-15,12,AR1 alpha + Basic + One-Step,NYSE:QTWO,6.896017677652368e-08
2023-05-16,12,AR1 alpha + Basic + One-Step,NYSE:QTWO,0.0
2023-05-17,12,AR1 alpha + Basic + One-Step,NYSE:QTWO,3.6896924176192235e-08
2023-05-18,12,AR1 alpha + Basic + One-Step,NYSE:QTWO,0.0
2023-05-19,12,AR1 alpha + Basic + One-Step,NYSE:QTWO,7.674451425608615e-09
2023-05-22,12,AR1 alpha + Basic + One-Step,NYSE:QTWO,0.0
2023-05-23,12,AR1 alpha + Basic + One-Step,NYSE:QTWO,0.0
2023-05-24,12,AR1 alpha + Basic + One-Step,NYSE:QTWO,2.9121982204862485e-09
2023-05-25,12,AR1 alpha + Basic + One-Step,NYSE:QTWO,0.0
2023-05-26,12,AR1 alpha + Basic + One-Step,NYSE:QTWO,0.0
2023-05-30,12,AR1 alpha + Basic + One-Step,NYSE:QTWO,0.0
2023-05-31,12,AR1 alpha + Basic + One-Step,NYSE:QTWO,2.0468998840247534e-08
2023-06-01,12,AR1 alpha + Basic + One-Step,NYSE:QTWO,5.5387681112587385e-09
2023-06-02,12,AR1 alpha + Basic + One-Step,NYSE:QTWO,0.0
2023-06-05,12,AR1 alpha + Basic + One-Step,NYSE:QTWO,1.5310155283303817e-07
2023-06-06,12,AR1 alpha + Basic + One-Step,NYSE:QTWO,0.0
2023-06-07,12,AR1 alpha + Basic + One-Step,NYSE:QTWO,7.079322530088742e-08
2023-06-08,12,AR1 alpha + Basic + One-Step,NYSE:QTWO,0.0
2023-06-09,12,AR1 alpha + Basic + One-Step,NYSE:QTWO,6.389284941357961e-07
2023-06-12,12,AR1 alpha + Basic + One-Step,NYSE:QTWO,0.0
2023-06-13,12,AR1 alpha + Basic + One-Step,NYSE:QTWO,1.3050288198722323e-07
2023-06-14,12,AR1 alpha + Basic + One-Step,NYSE:QTWO,0.0
2023-06-15,12,AR1 alpha + Basic + One-Step,NYSE:QTWO,0.0
2023-06-16,12,AR1 alpha + Basic + One-Step,NYSE:QTWO,0.0
2023-06-20,12,AR1 alpha + Basic + One-Step,NYSE:QTWO,0.0
2023-06-21,12,AR1 alpha + Basic + One-Step,NYSE:QTWO,0.0
2023-06-22,12,AR1 alpha + Basic + One-Step,NYSE:QTWO,5.37954195909391e-09
2023-06-23,12,AR1 alpha + Basic + One-Step,NYSE:QTWO,0.0
2023-06-26,12,AR1 alpha + Basic + One-Step,NYSE:QTWO,0.0
2023-06-27,12,AR1 alpha + Basic + One-Step,NYSE:QTWO,0.0
2023-06-28,12,AR1 alpha + Basic + One-Step,NYSE:QTWO,1.1922222501903793e-09
2023-06-29,12,AR1 alpha + Basic + One-Step,NYSE:QTWO,0.0
2023-06-30,12,AR1 alpha + Basic + One-Step,NYSE:QTWO,0.0
2023-07-03,12,AR1 alpha + Basic + One-Step,NYSE:QTWO,0.0
2023-07-05,12,AR1 alpha + Basic + One-Step,NYSE:QTWO,4.3466543929601195e-07
2023-07-06,12,AR1 alpha + Basic + One-Step,NYSE:QTWO,0.0
2023-07-07,12,AR1 alpha + Basic + One-Step,NYSE:QTWO,0.0
2023-07-10,12,AR1 alpha + Basic + One-Step,NYSE:QTWO,0.0
2023-07-11,12,AR1 alpha + Basic + One-Step,NYSE:QTWO,8.195683701666737e-09
2023-07-12,12,AR1 alpha + Basic + One-Step,NYSE:QTWO,0.0
2023-07-13,12,AR1 alpha + Basic + One-Step,NYSE:QTWO,1.2311082971881926e-08
2023-07-14,12,AR1 alpha + Basic + One-Step,NYSE:QTWO,7.94305441068027e-08
2023-07-17,12,AR1 alpha + Basic + One-Step,NYSE:QTWO,1.787648683976809e-07
2023-07-18,12,AR1 alpha + Basic + One-Step,NYSE:QTWO,5.130160700602473e-07
2023-07-19,12,AR1 alpha + Basic + One-Step,NYSE:QTWO,0.0
2023-07-20,12,AR1 alpha + Basic + One-Step,NYSE:QTWO,0.0
2023-07-21,12,AR1 alpha + Basic + One-Step,NYSE:QTWO,0.0
2023-07-24,12,AR1 alpha + Basic + One-Step,NYSE:QTWO,0.0
2023-07-25,12,AR1 alpha + Basic + One-Step,NYSE:QTWO,0.0
2023-07-26,12,AR1 alpha + Basic + One-Step,NYSE:QTWO,0.0
2023-07-27,12,AR1 alpha + Basic + One-Step,NYSE:QTWO,0.0
2023-07-28,12,AR1 alpha + Basic + One-Step,NYSE:QTWO,0.0
2023-07-31,12,AR1 alpha + Basic + One-Step,NYSE:QTWO,0.0
2023-08-01,12,AR1 alpha + Basic + One-Step,NYSE:QTWO,0.0
2023-08-02,12,AR1 alpha + Basic + One-Step,NYSE:QTWO,0.0
2023-08-03,12,AR1 alpha + Basic + One-Step,NYSE:QTWO,0.0
2023-08-04,12,AR1 alpha + Basic + One-Step,NYSE:QTWO,0.0
2023-08-07,12,AR1 alpha + Basic + One-Step,NYSE:QTWO,1.614010332734545e-09
2023-08-08,12,AR1 alpha + Basic + One-Step,NYSE:QTWO,0.0
2023-08-09,12,AR1 alpha + Basic + One-Step,NYSE:QTWO,0.0
2023-08-10,12,AR1 alpha + Basic + One-Step,NYSE:QTWO,0.0
2023-08-11,12,AR1 alpha + Basic + One-Step,NYSE:QTWO,3.740693771337729e-07
2023-08-14,12,AR1 alpha + Basic + One-Step,NYSE:QTWO,1.4434960468390688e-07
2023-08-15,12,AR1 alpha + Basic + One-Step,NYSE:QTWO,0.0
2023-08-16,12,AR1 alpha + Basic + One-Step,NYSE:QTWO,0.0
2023-08-17,12,AR1 alpha + Basic + One-Step,NYSE:QTWO,0.0
2023-08-18,12,AR1 alpha + Basic + One-Step,NYSE:QTWO,0.0
2023-08-21,12,AR1 alpha + Basic + One-Step,NYSE:QTWO,1.3860174052025381e-09
2023-08-22,12,AR1 alpha + Basic + One-Step,NYSE:QTWO,0.0
2023-08-23,12,AR1 alpha + Basic + One-Step,NYSE:QTWO,5.110753473946787e-08
2023-08-24,12,AR1 alpha + Basic + One-Step,NYSE:QTWO,0.0
2023-08-25,12,AR1 alpha + Basic + One-Step,NYSE:QTWO,1.9122399349478712e-08
2023-08-28,12,AR1 alpha + Basic + One-Step,NYSE:QTWO,4.975916356776542e-08
2023-08-29,12,AR1 alpha + Basic + One-Step,NYSE:QTWO,1.5866920040788385e-08
2023-08-30,12,AR1 alpha + Basic + One-Step,NYSE:QTWO,3.2804433079266994e-08
2023-08-31,12,AR1 alpha + Basic + One-Step,NYSE:QTWO,0.0
2023-09-01,12,AR1 alpha + Basic + One-Step,NYSE:QTWO,4.123718009972214e-09
2023-09-05,12,AR1 alpha + Basic + One-Step,NYSE:QTWO,0.0
2023-09-06,12,AR1 alpha + Basic + One-Step,NYSE:QTWO,0.0
2023-09-07,12,AR1 alpha + Basic + One-Step,NYSE:QTWO,8.774887873412789e-07
2023-09-08,12,AR1 alpha + Basic + One-Step,NYSE:QTWO,8.075353760167611e-07
2023-09-11,12,AR1 alpha + Basic + One-Step,NYSE:QTWO,5.791369203065652e-09
2023-09-12,12,AR1 alpha + Basic + One-Step,NYSE:QTWO,0.0
2023-09-13,12,AR1 alpha + Basic + One-Step,NYSE:QTWO,1.7651684378174618e-08
2023-09-14,12,AR1 alpha + Basic + One-Step,NYSE:QTWO,0.0
2023-09-15,12,AR1 alpha + Basic + One-Step,NYSE:QTWO,7.183924576140911e-08
2023-09-18,12,AR1 alpha + Basic + One-Step,NYSE:QTWO,1.594482044319125e-08
2023-09-19,12,AR1 alpha + Basic + One-Step,NYSE:QTWO,5.2802919382301335e-09
2023-09-20,12,AR1 alpha + Basic + One-Step,NYSE:QTWO,0.0
2023-09-21,12,AR1 alpha + Basic + One-Step,NYSE:QTWO,2.816304591111791e-06
2023-09-22,12,AR1 alpha + Basic + One-Step,NYSE:QTWO,0.0
2023-09-25,12,AR1 alpha + Basic + One-Step,NYSE:QTWO,0.0
2023-09-26,12,AR1 alpha + Basic + One-Step,NYSE:QTWO,0.0
2023-09-27,12,AR1 alpha + Basic + One-Step,NYSE:QTWO,1.5762194572106726e-07
2023-09-28,12,AR1 alpha + Basic + One-Step,NYSE:QTWO,1.0228825523216099e-07
2023-09-29,12,AR1 alpha + Basic + One-Step,NYSE:QTWO,2.2919625516869307e-08
2023-10-02,12,AR1 alpha + Basic + One-Step,NYSE:QTWO,0.0
2023-10-03,12,AR1 alpha + Basic + One-Step,NYSE:QTWO,0.0
2023-10-04,12,AR1 alpha + Basic + One-Step,NYSE:QTWO,0.0
2023-10-05,12,AR1 alpha + Basic + One-Step,NYSE:QTWO,0.0
2023-10-06,12,AR1 alpha + Basic + One-Step,NYSE:QTWO,0.0
2023-10-09,12,AR1 alpha + Basic + One-Step,NYSE:QTWO,0.0
2023-10-10,12,AR1 alpha + Basic + One-Step,NYSE:QTWO,0.0
2023-10-11,12,AR1 alpha + Basic + One-Step,NYSE:QTWO,5.525997054121484e-09
2023-10-12,12,AR1 alpha + Basic + One-Step,NYSE:QTWO,0.0
2023-10-13,12,AR1 alpha + Basic + One-Step,NYSE:QTWO,1.7894602027439523e-09
2023-10-16,12,AR1 alpha + Basic + One-Step,NYSE:QTWO,8.147962258063332e-10
2023-10-17,12,AR1 alpha + Basic + One-Step,NYSE:QTWO,0.0
2023-10-18,12,AR1 alpha + Basic + One-Step,NYSE:QTWO,0.0
2023-10-19,12,AR1 alpha + Basic + One-Step,NYSE:QTWO,0.0
2023-10-20,12,AR1 alpha + Basic + One-Step,NYSE:QTWO,0.0
2023-10-23,12,AR1 alpha + Basic + One-Step,NYSE:QTWO,0.0
2023-10-24,12,AR1 alpha + Basic + One-Step,NYSE:QTWO,0.0
2023-10-25,12,AR1 alpha + Basic + One-Step,NYSE:QTWO,0.0
2023-10-26,12,AR1 alpha + Basic + One-Step,NYSE:QTWO,0.0
2023-10-27,12,AR1 alpha + Basic + One-Step,NYSE:QTWO,0.0
2023-10-30,12,AR1 alpha + Basic + One-Step,NYSE:QTWO,0.0
2023-10-31,12,AR1 alpha + Basic + One-Step,NYSE:QTWO,0.0
2023-11-01,12,AR1 alpha + Basic + One-Step,NYSE:QTWO,0.0
2023-11-02,12,AR1 alpha + Basic + One-Step,NYSE:QTWO,0.0
2023-11-03,12,AR1 alpha + Basic + One-Step,NYSE:QTWO,0.0
2023-11-06,12,AR1 alpha + Basic + One-Step,NYSE:QTWO,0.0
2023-11-07,12,AR1 alpha + Basic + One-Step,NYSE:QTWO,6.630963780936819e-09
2023-11-08,12,AR1 alpha + Basic + One-Step,NYSE:QTWO,1.0063363884743247e-08
2023-11-09,12,AR1 alpha + Basic + One-Step,NYSE:QTWO,0.0
2023-11-10,12,AR1 alpha + Basic + One-Step,NYSE:QTWO,0.0
2023-11-13,12,AR1 alpha + Basic + One-Step,NYSE:QTWO,0.0
2023-11-14,12,AR1 alpha + Basic + One-Step,NYSE:QTWO,0.0
2023-11-15,12,AR1 alpha + Basic + One-Step,NYSE:QTWO,0.0
2023-11-16,12,AR1 alpha + Basic + One-Step,NYSE:QTWO,0.0
2023-11-17,12,AR1 alpha + Basic + One-Step,NYSE:QTWO,4.727655704623122e-08
2023-11-20,12,AR1 alpha + Basic + One-Step,NYSE:QTWO,0.0
2023-11-21,12,AR1 alpha + Basic + One-Step,NYSE:QTWO,0.0
2023-11-22,12,AR1 alpha + Basic + One-Step,NYSE:QTWO,0.0
2023-11-24,12,AR1 alpha + Basic + One-Step,NYSE:QTWO,0.0
2023-11-27,12,AR1 alpha + Basic + One-Step,NYSE:QTWO,0.0
2023-11-28,12,AR1 alpha + Basic + One-Step,NYSE:QTWO,0.0
2023-11-29,12,AR1 alpha + Basic + One-Step,NYSE:QTWO,0.0
2023-11-30,12,AR1 alpha + Basic + One-Step,NYSE:QTWO,0.0
2023-12-01,12,AR1 alpha + Basic + One-Step,NYSE:QTWO,0.0
2023-12-04,12,AR1 alpha + Basic + One-Step,NYSE:QTWO,0.0
2023-12-05,12,AR1 alpha + Basic + One-Step,NYSE:QTWO,0.0
2023-12-06,12,AR1 alpha + Basic + One-Step,NYSE:QTWO,0.0
2023-12-07,12,AR1 alpha + Basic + One-Step,NYSE:QTWO,1.9783261373671592e-08
2023-12-08,12,AR1 alpha + Basic + One-Step,NYSE:QTWO,0.0
2023-12-11,12,AR1 alpha + Basic + One-Step,NYSE:QTWO,0.0
2023-12-12,12,AR1 alpha + Basic + One-Step,NYSE:QTWO,0.0
2023-12-13,12,AR1 alpha + Basic + One-Step,NYSE:QTWO,9.15275771190007e-08
2023-12-14,12,AR1 alpha + Basic + One-Step,NYSE:QTWO,0.0
2023-12-15,12,AR1 alpha + Basic + One-Step,NYSE:QTWO,0.0
2023-12-18,12,AR1 alpha + Basic + One-Step,NYSE:QTWO,0.0
2023-12-19,12,AR1 alpha + Basic + One-Step,NYSE:QTWO,0.0
2023-12-20,12,AR1 alpha + Basic + One-Step,NYSE:QTWO,0.0
2023-12-21,12,AR1 alpha + Basic + One-Step,NYSE:QTWO,0.0
2023-12-22,12,AR1 alpha + Basic + One-Step,NYSE:QTWO,3.0695242313963103e-07
2023-12-26,12,AR1 alpha + Basic + One-Step,NYSE:QTWO,0.0
2023-12-27,12,AR1 alpha + Basic + One-Step,NYSE:QTWO,0.0
2023-12-28,12,AR1 alpha + Basic + One-Step,NYSE:QTWO,0.0
2023-12-29,12,AR1 alpha + Basic + One-Step,NYSE:QTWO,0.0
2024-01-02,12,AR1 alpha + Basic + One-Step,NYSE:QTWO,0.09999661723691915
2024-01-03,12,AR1 alpha + Basic + One-Step,NYSE:QTWO,0.09999351299698427
2024-01-04,12,AR1 alpha + Basic + One-Step,NYSE:QTWO,0.0999963267136821
2024-01-05,12,AR1 alpha + Basic + One-Step,NYSE:QTWO,0.0999954176787166
2024-01-08,12,AR1 alpha + Basic + One-Step,NYSE:QTWO,0.0
2024-01-09,12,AR1 alpha + Basic + One-Step,NYSE:QTWO,0.0
2024-01-10,12,AR1 alpha + Basic + One-Step,NYSE:QTWO,0.0
2024-01-11,12,AR1 alpha + Basic + One-Step,NYSE:QTWO,1.9863356704480724e-07
2024-01-12,12,AR1 alpha + Basic + One-Step,NYSE:QTWO,7.290344602236484e-23
2024-01-16,12,AR1 alpha + Basic + One-Step,NYSE:QTWO,0.0
2024-01-17,12,AR1 alpha + Basic + One-Step,NYSE:QTWO,0.0
2024-01-18,12,AR1 alpha + Basic + One-Step,NYSE:QTWO,3.927915549585233e-07
2024-01-19,12,AR1 alpha + Basic + One-Step,NYSE:QTWO,0.0
2024-01-22,12,AR1 alpha + Basic + One-Step,NYSE:QTWO,0.0
2024-01-23,12,AR1 alpha + Basic + One-Step,NYSE:QTWO,0.0
2024-01-24,12,AR1 alpha + Basic + One-Step,NYSE:QTWO,9.693475055578109e-08
2024-01-25,12,AR1 alpha + Basic + One-Step,NYSE:QTWO,1.2771999947085943e-08
2024-01-26,12,AR1 alpha + Basic + One-Step,NYSE:QTWO,0.0005596352116715278
2024-01-29,12,AR1 alpha + Basic + One-Step,NYSE:QTWO,0.0
2024-01-30,12,AR1 alpha + Basic + One-Step,NYSE:QTWO,0.0
2024-01-31,12,AR1 alpha + Basic + One-Step,NYSE:QTWO,0.07385204948663629
2024-02-01,12,AR1 alpha + Basic + One-Step,NYSE:QTWO,0.0738507062344281
2024-02-02,12,AR1 alpha + Basic + One-Step,NYSE:QTWO,0.023050799833514254
2024-02-05,12,AR1 alpha + Basic + One-Step,NYSE:QTWO,0.09377578289117582
2024-02-06,12,AR1 alpha + Basic + One-Step,NYSE:QTWO,0.005977789809258884
2024-02-07,12,AR1 alpha + Basic + One-Step,NYSE:QTWO,0.04622651499689893
2024-02-08,12,AR1 alpha + Basic + One-Step,NYSE:QTWO,5.594789285866087e-10
2024-02-09,12,AR1 alpha + Basic + One-Step,NYSE:QTWO,0.0
2024-02-12,12,AR1 alpha + Basic + One-Step,NYSE:QTWO,0.0
2024-02-13,12,AR1 alpha + Basic + One-Step,NYSE:QTWO,0.019983783457489912
2024-02-14,12,AR1 alpha + Basic + One-Step,NYSE:QTWO,0.0
2024-02-15,12,AR1 alpha + Basic + One-Step,NYSE:QTWO,2.5849807616860014e-08
2024-02-16,12,AR1 alpha + Basic + One-Step,NYSE:QTWO,0.0
2024-02-20,12,AR1 alpha + Basic + One-Step,NYSE:QTWO,0.030568599436194027
2024-02-21,12,AR1 alpha + Basic + One-Step,NYSE:QTWO,0.06507750842624968
2024-02-22,12,AR1 alpha + Basic + One-Step,NYSE:QTWO,0.0
2024-02-23,12,AR1 alpha + Basic + One-Step,NYSE:QTWO,0.0
2024-02-26,12,AR1 alpha + Basic + One-Step,NYSE:QTWO,0.0
2024-02-27,12,AR1 alpha + Basic + One-Step,NYSE:QTWO,0.0
2024-02-28,12,AR1 alpha + Basic + One-Step,NYSE:QTWO,0.0
2024-02-29,12,AR1 alpha + Basic + One-Step,NYSE:QTWO,0.0
2024-03-01,12,AR1 alpha + Basic + One-Step,NYSE:QTWO,0.0
2024-03-04,12,AR1 alpha + Basic + One-Step,NYSE:QTWO,0.0
2024-03-05,12,AR1 alpha + Basic + One-Step,NYSE:QTWO,0.0
2024-03-06,12,AR1 alpha + Basic + One-Step,NYSE:QTWO,0.0
2024-03-07,12,AR1 alpha + Basic + One-Step,NYSE:QTWO,0.0
2024-03-08,12,AR1 alpha + Basic + One-Step,NYSE:QTWO,0.0
2024-03-11,12,AR1 alpha + Basic + One-Step,NYSE:QTWO,0.0
2024-03-12,12,AR1 alpha + Basic + One-Step,NYSE:QTWO,0.0
2024-03-13,12,AR1 alpha + Basic + One-Step,NYSE:QTWO,0.0
2024-03-14,12,AR1 alpha + Basic + One-Step,NYSE:QTWO,9.837273677505664e-08
2024-03-15,12,AR1 alpha + Basic + One-Step,NYSE:QTWO,0.08438226545469714
2024-03-18,12,AR1 alpha + Basic + One-Step,NYSE:QTWO,0.04044346984971106
2024-03-19,12,AR1 alpha + Basic + One-Step,NYSE:QTWO,0.026828145541134503
2024-03-20,12,AR1 alpha + Basic + One-Step,NYSE:QTWO,0.02781322952929265
2024-03-21,12,AR1 alpha + Basic + One-Step,NYSE:QTWO,8.256246450522006e-08
2024-03-22,12,AR1 alpha + Basic + One-Step,NYSE:QTWO,0.07668603886858436
2024-03-25,12,AR1 alpha + Basic + One-Step,NYSE:QTWO,0.09999516746445362
2024-03-26,12,AR1 alpha + Basic + One-Step,NYSE:QTWO,0.09999572828205489
2024-03-27,12,AR1 alpha + Basic + One-Step,NYSE:QTWO,0.09999706548040946
2024-03-28,12,AR1 alpha + Basic + One-Step,NYSE:QTWO,0.09999811980668681
2024-04-01,12,AR1 alpha + Basic + One-Step,NYSE:QTWO,0.10000040815969687
2024-04-02,12,AR1 alpha + Basic + One-Step,NYSE:QTWO,0.09999351479998464
2024-04-03,12,AR1 alpha + Basic + One-Step,NYSE:QTWO,0.0999959286595041
2024-04-04,12,AR1 alpha + Basic + One-Step,NYSE:QTWO,0.09999625623607994
2024-04-05,12,AR1 alpha + Basic + One-Step,NYSE:QTWO,0.09999274527804641
2024-04-08,12,AR1 alpha + Basic + One-Step,NYSE:QTWO,0.09999316526807601
2024-04-09,12,AR1 alpha + Basic + One-Step,NYSE:QTWO,0.09998965565840809
2024-04-10,12,AR1 alpha + Basic + One-Step,NYSE:QTWO,0.10000120931236671
2024-04-11,12,AR1 alpha + Basic + One-Step,NYSE:QTWO,0.09999548177367516
2024-04-12,12,AR1 alpha + Basic + One-Step,NYSE:QTWO,0.09999137725700033
2024-04-15,12,AR1 alpha + Basic + One-Step,NYSE:QTWO,0.09999450886397049
2024-04-16,12,AR1 alpha + Basic + One-Step,NYSE:QTWO,0.09999692085506995
2024-04-17,12,AR1 alpha + Basic + One-Step,NYSE:QTWO,0.09999860040986565
2024-04-18,12,AR1 alpha + Basic + One-Step,NYSE:QTWO,0.09999880966660897
2024-04-19,12,AR1 alpha + Basic + One-Step,NYSE:QTWO,0.09999912968741306
2020-03-25,12,AR1 alpha + Basic + One-Step,NASDAQ:TER,0.02
2020-03-26,12,AR1 alpha + Basic + One-Step,NASDAQ:TER,0.019999999999999997
2020-03-27,12,AR1 alpha + Basic + One-Step,NASDAQ:TER,0.0
2020-03-30,12,AR1 alpha + Basic + One-Step,NASDAQ:TER,7.277783574791826e-08
2020-03-31,12,AR1 alpha + Basic + One-Step,NASDAQ:TER,0.0
2020-04-01,12,AR1 alpha + Basic + One-Step,NASDAQ:TER,0.0
2020-04-02,12,AR1 alpha + Basic + One-Step,NASDAQ:TER,0.0
2020-04-03,12,AR1 alpha + Basic + One-Step,NASDAQ:TER,3.9588769675163855e-08
2020-04-06,12,AR1 alpha + Basic + One-Step,NASDAQ:TER,0.0
2020-04-07,12,AR1 alpha + Basic + One-Step,NASDAQ:TER,4.9871954623767745e-08
2020-04-08,12,AR1 alpha + Basic + One-Step,NASDAQ:TER,0.0
2020-04-09,12,AR1 alpha + Basic + One-Step,NASDAQ:TER,0.0
2020-04-13,12,AR1 alpha + Basic + One-Step,NASDAQ:TER,0.0
2020-04-14,12,AR1 alpha + Basic + One-Step,NASDAQ:TER,0.0
2020-04-15,12,AR1 alpha + Basic + One-Step,NASDAQ:TER,0.0
2020-04-16,12,AR1 alpha + Basic + One-Step,NASDAQ:TER,0.0
2020-04-17,12,AR1 alpha + Basic + One-Step,NASDAQ:TER,0.0
2020-04-20,12,AR1 alpha + Basic + One-Step,NASDAQ:TER,0.0
2020-04-21,12,AR1 alpha + Basic + One-Step,NASDAQ:TER,0.0
2020-04-22,12,AR1 alpha + Basic + One-Step,NASDAQ:TER,0.0
2020-04-23,12,AR1 alpha + Basic + One-Step,NASDAQ:TER,0.0
2020-04-24,12,AR1 alpha + Basic + One-Step,NASDAQ:TER,6.842502840612973e-08
2020-04-27,12,AR1 alpha + Basic + One-Step,NASDAQ:TER,0.0
2020-04-28,12,AR1 alpha + Basic + One-Step,NASDAQ:TER,0.0
2020-04-29,12,AR1 alpha + Basic + One-Step,NASDAQ:TER,3.567299331527991e-07
2020-04-30,12,AR1 alpha + Basic + One-Step,NASDAQ:TER,0.0
2020-05-01,12,AR1 alpha + Basic + One-Step,NASDAQ:TER,0.040495964317035706
2020-05-04,12,AR1 alpha + Basic + One-Step,NASDAQ:TER,0.0
2020-05-05,12,AR1 alpha + Basic + One-Step,NASDAQ:TER,1.0811752059549255e-06
2020-05-06,12,AR1 alpha + Basic + One-Step,NASDAQ:TER,0.0
2020-05-07,12,AR1 alpha + Basic + One-Step,NASDAQ:TER,0.0
2020-05-08,12,AR1 alpha + Basic + One-Step,NASDAQ:TER,7.739318863729236e-08
2020-05-11,12,AR1 alpha + Basic + One-Step,NASDAQ:TER,0.0
2020-05-12,12,AR1 alpha + Basic + One-Step,NASDAQ:TER,0.0
2020-05-13,12,AR1 alpha + Basic + One-Step,NASDAQ:TER,6.526594074406871e-08
2020-05-14,12,AR1 alpha + Basic + One-Step,NASDAQ:TER,4.321593916428083e-08
2020-05-15,12,AR1 alpha + Basic + One-Step,NASDAQ:TER,1.5670019919792116e-07
2020-05-18,12,AR1 alpha + Basic + One-Step,NASDAQ:TER,0.0
2020-05-19,12,AR1 alpha + Basic + One-Step,NASDAQ:TER,0.0
2020-05-20,12,AR1 alpha + Basic + One-Step,NASDAQ:TER,0.0
2020-05-21,12,AR1 alpha + Basic + One-Step,NASDAQ:TER,0.0
2020-05-22,12,AR1 alpha + Basic + One-Step,NASDAQ:TER,0.0
2020-05-26,12,AR1 alpha + Basic + One-Step,NASDAQ:TER,2.3161318058905662e-08
2020-05-27,12,AR1 alpha + Basic + One-Step,NASDAQ:TER,3.974565271976671e-07
2020-05-28,12,AR1 alpha + Basic + One-Step,NASDAQ:TER,0.0
2020-05-29,12,AR1 alpha + Basic + One-Step,NASDAQ:TER,0.0
2020-06-01,12,AR1 alpha + Basic + One-Step,NASDAQ:TER,0.0
2020-06-02,12,AR1 alpha + Basic + One-Step,NASDAQ:TER,2.811225614567826e-07
2020-06-03,12,AR1 alpha + Basic + One-Step,NASDAQ:TER,0.0
2020-06-04,12,AR1 alpha + Basic + One-Step,NASDAQ:TER,0.0
2020-06-05,12,AR1 alpha + Basic + One-Step,NASDAQ:TER,0.0
2020-06-08,12,AR1 alpha + Basic + One-Step,NASDAQ:TER,0.0
2020-06-09,12,AR1 alpha + Basic + One-Step,NASDAQ:TER,0.0
2020-06-10,12,AR1 alpha + Basic + One-Step,NASDAQ:TER,0.0
2020-06-11,12,AR1 alpha + Basic + One-Step,NASDAQ:TER,0.0
2020-06-12,12,AR1 alpha + Basic + One-Step,NASDAQ:TER,3.009260419088244e-08
2020-06-15,12,AR1 alpha + Basic + One-Step,NASDAQ:TER,1.968928670577303e-08
2020-06-16,12,AR1 alpha + Basic + One-Step,NASDAQ:TER,0.0
2020-06-17,12,AR1 alpha + Basic + One-Step,NASDAQ:TER,0.0
2020-06-18,12,AR1 alpha + Basic + One-Step,NASDAQ:TER,0.0
2020-06-19,12,AR1 alpha + Basic + One-Step,NASDAQ:TER,0.0
2020-06-22,12,AR1 alpha + Basic + One-Step,NASDAQ:TER,0.0
2020-06-23,12,AR1 alpha + Basic + One-Step,NASDAQ:TER,0.0
2020-06-24,12,AR1 alpha + Basic + One-Step,NASDAQ:TER,0.0
2020-06-25,12,AR1 alpha + Basic + One-Step,NASDAQ:TER,0.0
2020-06-26,12,AR1 alpha + Basic + One-Step,NASDAQ:TER,0.09063256312877134
2020-06-29,12,AR1 alpha + Basic + One-Step,NASDAQ:TER,0.09999332941696686
2020-06-30,12,AR1 alpha + Basic + One-Step,NASDAQ:TER,0.09999669065854488
2020-07-01,12,AR1 alpha + Basic + One-Step,NASDAQ:TER,0.09999495426015566
2020-07-02,12,AR1 alpha + Basic + One-Step,NASDAQ:TER,0.09999745885669437
2020-07-06,12,AR1 alpha + Basic + One-Step,NASDAQ:TER,0.0
2020-07-07,12,AR1 alpha + Basic + One-Step,NASDAQ:TER,0.09999547145594674
2020-07-08,12,AR1 alpha + Basic + One-Step,NASDAQ:TER,0.04414548640761911
2020-07-09,12,AR1 alpha + Basic + One-Step,NASDAQ:TER,0.029744783591271518
2020-07-10,12,AR1 alpha + Basic + One-Step,NASDAQ:TER,0.09999994599587303
2020-07-13,12,AR1 alpha + Basic + One-Step,NASDAQ:TER,0.09999991325191754
2020-07-14,12,AR1 alpha + Basic + One-Step,NASDAQ:TER,0.0999953968899508
2020-07-15,12,AR1 alpha + Basic + One-Step,NASDAQ:TER,0.09999776441055717
2020-07-16,12,AR1 alpha + Basic + One-Step,NASDAQ:TER,0.09999411053023088
2020-07-17,12,AR1 alpha + Basic + One-Step,NASDAQ:TER,0.09999668023484118
2020-07-20,12,AR1 alpha + Basic + One-Step,NASDAQ:TER,0.09999849301585213
2020-07-21,12,AR1 alpha + Basic + One-Step,NASDAQ:TER,0.0999963566371636
2020-07-22,12,AR1 alpha + Basic + One-Step,NASDAQ:TER,0.09999524820476569
2020-07-23,12,AR1 alpha + Basic + One-Step,NASDAQ:TER,0.0999975364678221
2020-07-24,12,AR1 alpha + Basic + One-Step,NASDAQ:TER,0.09999890522827584
2020-07-27,12,AR1 alpha + Basic + One-Step,NASDAQ:TER,0.09999945370557713
2020-07-28,12,AR1 alpha + Basic + One-Step,NASDAQ:TER,0.09999713692200718
2020-07-29,12,AR1 alpha + Basic + One-Step,NASDAQ:TER,0.09999685011584572
2020-07-30,12,AR1 alpha + Basic + One-Step,NASDAQ:TER,0.0999980987567694
2020-07-31,12,AR1 alpha + Basic + One-Step,NASDAQ:TER,0.09999568147494485
2020-08-03,12,AR1 alpha + Basic + One-Step,NASDAQ:TER,0.0999966151526884
2020-08-04,12,AR1 alpha + Basic + One-Step,NASDAQ:TER,0.09999606520467023
2020-08-05,12,AR1 alpha + Basic + One-Step,NASDAQ:TER,0.09999431431165891
2020-08-06,12,AR1 alpha + Basic + One-Step,NASDAQ:TER,0.09998764547752084
2020-08-07,12,AR1 alpha + Basic + One-Step,NASDAQ:TER,0.09999004368957516
2020-08-10,12,AR1 alpha + Basic + One-Step,NASDAQ:TER,0.09999319227242902
2020-08-11,12,AR1 alpha + Basic + One-Step,NASDAQ:TER,0.09999581429070174
2020-08-12,12,AR1 alpha + Basic + One-Step,NASDAQ:TER,0.09999179484938149
2020-08-13,12,AR1 alpha + Basic + One-Step,NASDAQ:TER,0.09999044862871435
2020-08-14,12,AR1 alpha + Basic + One-Step,NASDAQ:TER,0.09999329127617738
2020-08-17,12,AR1 alpha + Basic + One-Step,NASDAQ:TER,0.06558807521127398
2020-08-18,12,AR1 alpha + Basic + One-Step,NASDAQ:TER,0.09998509252159675
2020-08-19,12,AR1 alpha + Basic + One-Step,NASDAQ:TER,0.09998485649039907
2020-08-20,12,AR1 alpha + Basic + One-Step,NASDAQ:TER,0.10000021391572475
2020-08-21,12,AR1 alpha + Basic + One-Step,NASDAQ:TER,0.09999968116521576
2020-08-24,12,AR1 alpha + Basic + One-Step,NASDAQ:TER,0.09999725619780628
2020-08-25,12,AR1 alpha + Basic + One-Step,NASDAQ:TER,0.09999468915527575
2020-08-26,12,AR1 alpha + Basic + One-Step,NASDAQ:TER,0.09999138276283132
2020-08-27,12,AR1 alpha + Basic + One-Step,NASDAQ:TER,0.0999917080327289
2020-08-28,12,AR1 alpha + Basic + One-Step,NASDAQ:TER,0.09998975820503297
2020-08-31,12,AR1 alpha + Basic + One-Step,NASDAQ:TER,0.0999907761037403
2020-09-01,12,AR1 alpha + Basic + One-Step,NASDAQ:TER,0.09998690604362666
2020-09-02,12,AR1 alpha + Basic + One-Step,NASDAQ:TER,0.0999888611433888
2020-09-03,12,AR1 alpha + Basic + One-Step,NASDAQ:TER,0.09998968053029117
2020-09-04,12,AR1 alpha + Basic + One-Step,NASDAQ:TER,0.09999265372971439
2020-09-08,12,AR1 alpha + Basic + One-Step,NASDAQ:TER,0.09999244135050088
2020-09-09,12,AR1 alpha + Basic + One-Step,NASDAQ:TER,0.0999958851534294
2020-09-10,12,AR1 alpha + Basic + One-Step,NASDAQ:TER,0.09999751818638052
2020-09-11,12,AR1 alpha + Basic + One-Step,NASDAQ:TER,0.09999579630807201
2020-09-14,12,AR1 alpha + Basic + One-Step,NASDAQ:TER,0.028826967099571936
2020-09-15,12,AR1 alpha + Basic + One-Step,NASDAQ:TER,0.028825447978969902
2020-09-16,12,AR1 alpha + Basic + One-Step,NASDAQ:TER,0.013124578459977304
2020-09-17,12,AR1 alpha + Basic + One-Step,NASDAQ:TER,0.0
2020-09-18,12,AR1 alpha + Basic + One-Step,NASDAQ:TER,0.014512252367856762
2020-09-21,12,AR1 alpha + Basic + One-Step,NASDAQ:TER,0.0
2020-09-22,12,AR1 alpha + Basic + One-Step,NASDAQ:TER,0.0
2020-09-23,12,AR1 alpha + Basic + One-Step,NASDAQ:TER,0.0
2020-09-24,12,AR1 alpha + Basic + One-Step,NASDAQ:TER,2.112654050719581e-07
2020-09-25,12,AR1 alpha + Basic + One-Step,NASDAQ:TER,0.0
2020-09-28,12,AR1 alpha + Basic + One-Step,NASDAQ:TER,0.0
2020-09-29,12,AR1 alpha + Basic + One-Step,NASDAQ:TER,4.389539907297739e-08
2020-09-30,12,AR1 alpha + Basic + One-Step,NASDAQ:TER,3.0071805615765934e-08
2020-10-01,12,AR1 alpha + Basic + One-Step,NASDAQ:TER,0.0
2020-10-02,12,AR1 alpha + Basic + One-Step,NASDAQ:TER,0.0
2020-10-05,12,AR1 alpha + Basic + One-Step,NASDAQ:TER,7.895963702915855e-09
2020-10-06,12,AR1 alpha + Basic + One-Step,NASDAQ:TER,0.0
2020-10-07,12,AR1 alpha + Basic + One-Step,NASDAQ:TER,1.024699532768044e-07
2020-10-08,12,AR1 alpha + Basic + One-Step,NASDAQ:TER,0.0
2020-10-09,12,AR1 alpha + Basic + One-Step,NASDAQ:TER,0.0
2020-10-12,12,AR1 alpha + Basic + One-Step,NASDAQ:TER,0.0
2020-10-13,12,AR1 alpha + Basic + One-Step,NASDAQ:TER,0.0
2020-10-14,12,AR1 alpha + Basic + One-Step,NASDAQ:TER,0.0
2020-10-15,12,AR1 alpha + Basic + One-Step,NASDAQ:TER,0.0
2020-10-16,12,AR1 alpha + Basic + One-Step,NASDAQ:TER,1.2287729338273475e-07
2020-10-19,12,AR1 alpha + Basic + One-Step,NASDAQ:TER,0.0
2020-10-20,12,AR1 alpha + Basic + One-Step,NASDAQ:TER,0.0
2020-10-21,12,AR1 alpha + Basic + One-Step,NASDAQ:TER,0.0
2020-10-22,12,AR1 alpha + Basic + One-Step,NASDAQ:TER,0.0
2020-10-23,12,AR1 alpha + Basic + One-Step,NASDAQ:TER,0.0
2020-10-26,12,AR1 alpha + Basic + One-Step,NASDAQ:TER,0.0
2020-10-27,12,AR1 alpha + Basic + One-Step,NASDAQ:TER,0.07501948657751742
2020-10-28,12,AR1 alpha + Basic + One-Step,NASDAQ:TER,0.09630025965939971
2020-10-29,12,AR1 alpha + Basic + One-Step,NASDAQ:TER,0.0
2020-10-30,12,AR1 alpha + Basic + One-Step,NASDAQ:TER,0.0
2020-11-02,12,AR1 alpha + Basic + One-Step,NASDAQ:TER,0.0
2020-11-03,12,AR1 alpha + Basic + One-Step,NASDAQ:TER,0.0
2020-11-04,12,AR1 alpha + Basic + One-Step,NASDAQ:TER,0.0
2020-11-05,12,AR1 alpha + Basic + One-Step,NASDAQ:TER,0.0
2020-11-06,12,AR1 alpha + Basic + One-Step,NASDAQ:TER,7.65383939369571e-08
2020-11-09,12,AR1 alpha + Basic + One-Step,NASDAQ:TER,0.0
2020-11-10,12,AR1 alpha + Basic + One-Step,NASDAQ:TER,0.0
2020-11-11,12,AR1 alpha + Basic + One-Step,NASDAQ:TER,0.0
2020-11-12,12,AR1 alpha + Basic + One-Step,NASDAQ:TER,0.0
2020-11-13,12,AR1 alpha + Basic + One-Step,NASDAQ:TER,0.0
2020-11-16,12,AR1 alpha + Basic + One-Step,NASDAQ:TER,0.0
2020-11-17,12,AR1 alpha + Basic + One-Step,NASDAQ:TER,0.0
2020-11-18,12,AR1 alpha + Basic + One-Step,NASDAQ:TER,0.0012228391323339941
2020-11-19,12,AR1 alpha + Basic + One-Step,NASDAQ:TER,1.3033091050078424e-07
2020-11-20,12,AR1 alpha + Basic + One-Step,NASDAQ:TER,0.013495760483673062
2020-11-23,12,AR1 alpha + Basic + One-Step,NASDAQ:TER,0.0
2020-11-24,12,AR1 alpha + Basic + One-Step,NASDAQ:TER,0.0
2020-11-25,12,AR1 alpha + Basic + One-Step,NASDAQ:TER,0.04022810895667999
2020-11-27,12,AR1 alpha + Basic + One-Step,NASDAQ:TER,0.022645731530837702
2020-11-30,12,AR1 alpha + Basic + One-Step,NASDAQ:TER,0.0
2020-12-01,12,AR1 alpha + Basic + One-Step,NASDAQ:TER,0.0
2020-12-02,12,AR1 alpha + Basic + One-Step,NASDAQ:TER,0.0
2020-12-03,12,AR1 alpha + Basic + One-Step,NASDAQ:TER,0.017899830375311596
2020-12-04,12,AR1 alpha + Basic + One-Step,NASDAQ:TER,0.0
2020-12-07,12,AR1 alpha + Basic + One-Step,NASDAQ:TER,0.0
2020-12-08,12,AR1 alpha + Basic + One-Step,NASDAQ:TER,2.7690168750712236e-07
2020-12-09,12,AR1 alpha + Basic + One-Step,NASDAQ:TER,0.09999597833160928
2020-12-10,12,AR1 alpha + Basic + One-Step,NASDAQ:TER,0.09811282449958314
2020-12-11,12,AR1 alpha + Basic + One-Step,NASDAQ:TER,0.10000135079355248
2020-12-14,12,AR1 alpha + Basic + One-Step,NASDAQ:TER,0.047691774226160166
2020-12-15,12,AR1 alpha + Basic + One-Step,NASDAQ:TER,0.0
2020-12-16,12,AR1 alpha + Basic + One-Step,NASDAQ:TER,0.02330693775997988
2020-12-17,12,AR1 alpha + Basic + One-Step,NASDAQ:TER,0.0940295804651918
2020-12-18,12,AR1 alpha + Basic + One-Step,NASDAQ:TER,0.060486158845339054
2020-12-21,12,AR1 alpha + Basic + One-Step,NASDAQ:TER,0.1000009670104979
2020-12-22,12,AR1 alpha + Basic + One-Step,NASDAQ:TER,0.09999536490034977
2020-12-23,12,AR1 alpha + Basic + One-Step,NASDAQ:TER,0.09999771955175511
2020-12-24,12,AR1 alpha + Basic + One-Step,NASDAQ:TER,0.09999861049333343
2020-12-28,12,AR1 alpha + Basic + One-Step,NASDAQ:TER,0.09999867528465979
2020-12-29,12,AR1 alpha + Basic + One-Step,NASDAQ:TER,0.09999623772739198
2020-12-30,12,AR1 alpha + Basic + One-Step,NASDAQ:TER,0.09213358351075447
2020-12-31,12,AR1 alpha + Basic + One-Step,NASDAQ:TER,0.08640594482428651
2021-01-04,12,AR1 alpha + Basic + One-Step,NASDAQ:TER,0.09999354926343636
2021-01-05,12,AR1 alpha + Basic + One-Step,NASDAQ:TER,0.01934113632582032
2021-01-06,12,AR1 alpha + Basic + One-Step,NASDAQ:TER,0.01860493278955501
2021-01-07,12,AR1 alpha + Basic + One-Step,NASDAQ:TER,0.0
2021-01-08,12,AR1 alpha + Basic + One-Step,NASDAQ:TER,0.0
2021-01-11,12,AR1 alpha + Basic + One-Step,NASDAQ:TER,0.0
2021-01-12,12,AR1 alpha + Basic + One-Step,NASDAQ:TER,0.0
2021-01-13,12,AR1 alpha + Basic + One-Step,NASDAQ:TER,0.0
2021-01-14,12,AR1 alpha + Basic + One-Step,NASDAQ:TER,0.0
2021-01-15,12,AR1 alpha + Basic + One-Step,NASDAQ:TER,0.0
2021-01-19,12,AR1 alpha + Basic + One-Step,NASDAQ:TER,0.0
2021-01-20,12,AR1 alpha + Basic + One-Step,NASDAQ:TER,0.0695108024393729
2021-01-21,12,AR1 alpha + Basic + One-Step,NASDAQ:TER,0.05495897385248527
2021-01-22,12,AR1 alpha + Basic + One-Step,NASDAQ:TER,0.09999991809413503
2021-01-25,12,AR1 alpha + Basic + One-Step,NASDAQ:TER,0.08071727193144106
2021-01-26,12,AR1 alpha + Basic + One-Step,NASDAQ:TER,0.09999137385821584
2021-01-27,12,AR1 alpha + Basic + One-Step,NASDAQ:TER,0.09999089662008884
2021-01-28,12,AR1 alpha + Basic + One-Step,NASDAQ:TER,0.0999868113978244
2021-01-29,12,AR1 alpha + Basic + One-Step,NASDAQ:TER,0.0999911491156616
2021-02-01,12,AR1 alpha + Basic + One-Step,NASDAQ:TER,0.09999557926886858
2021-02-02,12,AR1 alpha + Basic + One-Step,NASDAQ:TER,0.09999735873627824
2021-02-03,12,AR1 alpha + Basic + One-Step,NASDAQ:TER,0.09999834997253672
2021-02-04,12,AR1 alpha + Basic + One-Step,NASDAQ:TER,0.0
2021-02-05,12,AR1 alpha + Basic + One-Step,NASDAQ:TER,0.03675297742228684
2021-02-08,12,AR1 alpha + Basic + One-Step,NASDAQ:TER,0.07653527864895453
2021-02-09,12,AR1 alpha + Basic + One-Step,NASDAQ:TER,0.08334658644425529
2021-02-10,12,AR1 alpha + Basic + One-Step,NASDAQ:TER,0.052100318312126685
2021-02-11,12,AR1 alpha + Basic + One-Step,NASDAQ:TER,0.0
2021-02-12,12,AR1 alpha + Basic + One-Step,NASDAQ:TER,0.0
2021-02-16,12,AR1 alpha + Basic + One-Step,NASDAQ:TER,0.0
2021-02-17,12,AR1 alpha + Basic + One-Step,NASDAQ:TER,0.0
2021-02-18,12,AR1 alpha + Basic + One-Step,NASDAQ:TER,0.05844561495488991
2021-02-19,12,AR1 alpha + Basic + One-Step,NASDAQ:TER,0.0
2021-02-22,12,AR1 alpha + Basic + One-Step,NASDAQ:TER,0.04610779426003651
2021-02-23,12,AR1 alpha + Basic + One-Step,NASDAQ:TER,0.0723035937293652
2021-02-24,12,AR1 alpha + Basic + One-Step,NASDAQ:TER,0.0
2021-02-25,12,AR1 alpha + Basic + One-Step,NASDAQ:TER,0.09999778096709541
2021-02-26,12,AR1 alpha + Basic + One-Step,NASDAQ:TER,0.012328463125629836
2021-03-01,12,AR1 alpha + Basic + One-Step,NASDAQ:TER,0.0
2021-03-02,12,AR1 alpha + Basic + One-Step,NASDAQ:TER,0.03852815643326692
2021-03-03,12,AR1 alpha + Basic + One-Step,NASDAQ:TER,0.09999327405410699
2021-03-04,12,AR1 alpha + Basic + One-Step,NASDAQ:TER,0.09999128033545981
2021-03-05,12,AR1 alpha + Basic + One-Step,NASDAQ:TER,0.0999917966458947
2021-03-08,12,AR1 alpha + Basic + One-Step,NASDAQ:TER,0.09999495917212838
2021-03-09,12,AR1 alpha + Basic + One-Step,NASDAQ:TER,0.0
2021-03-10,12,AR1 alpha + Basic + One-Step,NASDAQ:TER,0.0408506493119521
2021-03-11,12,AR1 alpha + Basic + One-Step,NASDAQ:TER,1.9841175161141376e-09
2021-03-12,12,AR1 alpha + Basic + One-Step,NASDAQ:TER,0.0
2021-03-15,12,AR1 alpha + Basic + One-Step,NASDAQ:TER,2.5120480349630824e-09
2021-03-16,12,AR1 alpha + Basic + One-Step,NASDAQ:TER,0.0
2021-03-17,12,AR1 alpha + Basic + One-Step,NASDAQ:TER,0.0
2021-03-18,12,AR1 alpha + Basic + One-Step,NASDAQ:TER,2.4414640531899314e-08
2021-03-19,12,AR1 alpha + Basic + One-Step,NASDAQ:TER,0.0
2021-03-22,12,AR1 alpha + Basic + One-Step,NASDAQ:TER,0.0
2021-03-23,12,AR1 alpha + Basic + One-Step,NASDAQ:TER,0.0
2021-03-24,12,AR1 alpha + Basic + One-Step,NASDAQ:TER,3.39380951948735e-08
2021-03-25,12,AR1 alpha + Basic + One-Step,NASDAQ:TER,0.0
2021-03-26,12,AR1 alpha + Basic + One-Step,NASDAQ:TER,0.0
2021-03-29,12,AR1 alpha + Basic + One-Step,NASDAQ:TER,0.001876801830682497
2021-03-30,12,AR1 alpha + Basic + One-Step,NASDAQ:TER,5.90242105521173e-07
2021-03-31,12,AR1 alpha + Basic + One-Step,NASDAQ:TER,0.0
2021-04-01,12,AR1 alpha + Basic + One-Step,NASDAQ:TER,0.0
2021-04-05,12,AR1 alpha + Basic + One-Step,NASDAQ:TER,1.390055021387048e-06
2021-04-06,12,AR1 alpha + Basic + One-Step,NASDAQ:TER,6.533986820885325e-07
2021-04-07,12,AR1 alpha + Basic + One-Step,NASDAQ:TER,0.0
2021-04-08,12,AR1 alpha + Basic + One-Step,NASDAQ:TER,2.970673957717353e-07
2021-04-09,12,AR1 alpha + Basic + One-Step,NASDAQ:TER,0.0
2021-04-12,12,AR1 alpha + Basic + One-Step,NASDAQ:TER,3.832527463051375e-09
2021-04-13,12,AR1 alpha + Basic + One-Step,NASDAQ:TER,0.0
2021-04-14,12,AR1 alpha + Basic + One-Step,NASDAQ:TER,0.0
2021-04-15,12,AR1 alpha + Basic + One-Step,NASDAQ:TER,0.0
2021-04-16,12,AR1 alpha + Basic + One-Step,NASDAQ:TER,0.0
2021-04-19,12,AR1 alpha + Basic + One-Step,NASDAQ:TER,2.7568451370719488e-08
2021-04-20,12,AR1 alpha + Basic + One-Step,NASDAQ:TER,0.007567030078213903
2021-04-21,12,AR1 alpha + Basic + One-Step,NASDAQ:TER,2.2974105903032264e-07
2021-04-22,12,AR1 alpha + Basic + One-Step,NASDAQ:TER,2.5646348781071726e-07
2021-04-23,12,AR1 alpha + Basic + One-Step,NASDAQ:TER,0.0
2021-04-26,12,AR1 alpha + Basic + One-Step,NASDAQ:TER,6.275061502637286e-08
2021-04-27,12,AR1 alpha + Basic + One-Step,NASDAQ:TER,7.230646690428811e-07
2021-04-28,12,AR1 alpha + Basic + One-Step,NASDAQ:TER,0.0
2021-04-29,12,AR1 alpha + Basic + One-Step,NASDAQ:TER,0.0
2021-04-30,12,AR1 alpha + Basic + One-Step,NASDAQ:TER,0.00027613340802601377
2021-05-03,12,AR1 alpha + Basic + One-Step,NASDAQ:TER,8.566088886695223e-08
2021-05-04,12,AR1 alpha + Basic + One-Step,NASDAQ:TER,0.029900298831480848
2021-05-05,12,AR1 alpha + Basic + One-Step,NASDAQ:TER,0.02338328256071639
2021-05-06,12,AR1 alpha + Basic + One-Step,NASDAQ:TER,0.020272349228172667
2021-05-07,12,AR1 alpha + Basic + One-Step,NASDAQ:TER,0.0
2021-05-10,12,AR1 alpha + Basic + One-Step,NASDAQ:TER,0.09203329208004844
2021-05-11,12,AR1 alpha + Basic + One-Step,NASDAQ:TER,0.05016069440756675
2021-05-12,12,AR1 alpha + Basic + One-Step,NASDAQ:TER,0.09999908902860408
2021-05-13,12,AR1 alpha + Basic + One-Step,NASDAQ:TER,0.07153398936562934
2021-05-14,12,AR1 alpha + Basic + One-Step,NASDAQ:TER,0.0
2021-05-17,12,AR1 alpha + Basic + One-Step,NASDAQ:TER,0.0
2021-05-18,12,AR1 alpha + Basic + One-Step,NASDAQ:TER,0.0
2021-05-19,12,AR1 alpha + Basic + One-Step,NASDAQ:TER,1.1666883207955119e-08
2021-05-20,12,AR1 alpha + Basic + One-Step,NASDAQ:TER,7.547042863193093e-09
2021-05-21,12,AR1 alpha + Basic + One-Step,NASDAQ:TER,6.789448223920595e-07
2021-05-24,12,AR1 alpha + Basic + One-Step,NASDAQ:TER,0.0
2021-05-25,12,AR1 alpha + Basic + One-Step,NASDAQ:TER,0.0
2021-05-26,12,AR1 alpha + Basic + One-Step,NASDAQ:TER,0.0
2021-05-27,12,AR1 alpha + Basic + One-Step,NASDAQ:TER,0.0
2021-05-28,12,AR1 alpha + Basic + One-Step,NASDAQ:TER,0.0
2021-06-01,12,AR1 alpha + Basic + One-Step,NASDAQ:TER,0.0
2021-06-02,12,AR1 alpha + Basic + One-Step,NASDAQ:TER,0.0
2021-06-03,12,AR1 alpha + Basic + One-Step,NASDAQ:TER,0.0
2021-06-04,12,AR1 alpha + Basic + One-Step,NASDAQ:TER,0.0
2021-06-07,12,AR1 alpha + Basic + One-Step,NASDAQ:TER,0.0
2021-06-08,12,AR1 alpha + Basic + One-Step,NASDAQ:TER,0.0
2021-06-09,12,AR1 alpha + Basic + One-Step,NASDAQ:TER,6.105209861696549e-08
2021-06-10,12,AR1 alpha + Basic + One-Step,NASDAQ:TER,4.497442699594289e-08
2021-06-11,12,AR1 alpha + Basic + One-Step,NASDAQ:TER,0.0
2021-06-14,12,AR1 alpha + Basic + One-Step,NASDAQ:TER,0.0
2021-06-15,12,AR1 alpha + Basic + One-Step,NASDAQ:TER,0.0
2021-06-16,12,AR1 alpha + Basic + One-Step,NASDAQ:TER,0.0
2021-06-17,12,AR1 alpha + Basic + One-Step,NASDAQ:TER,0.0
2021-06-18,12,AR1 alpha + Basic + One-Step,NASDAQ:TER,0.0
2021-06-21,12,AR1 alpha + Basic + One-Step,NASDAQ:TER,0.0
2021-06-22,12,AR1 alpha + Basic + One-Step,NASDAQ:TER,0.0
2021-06-23,12,AR1 alpha + Basic + One-Step,NASDAQ:TER,3.055769320623681e-07
2021-06-24,12,AR1 alpha + Basic + One-Step,NASDAQ:TER,6.656976384815017e-07
2021-06-25,12,AR1 alpha + Basic + One-Step,NASDAQ:TER,0.0
2021-06-28,12,AR1 alpha + Basic + One-Step,NASDAQ:TER,0.0
2021-06-29,12,AR1 alpha + Basic + One-Step,NASDAQ:TER,0.0
2021-06-30,12,AR1 alpha + Basic + One-Step,NASDAQ:TER,0.0
2021-07-01,12,AR1 alpha + Basic + One-Step,NASDAQ:TER,0.0
2021-07-02,12,AR1 alpha + Basic + One-Step,NASDAQ:TER,0.0
2021-07-06,12,AR1 alpha + Basic + One-Step,NASDAQ:TER,0.0
2021-07-07,12,AR1 alpha + Basic + One-Step,NASDAQ:TER,8.272874327366883e-08
2021-07-08,12,AR1 alpha + Basic + One-Step,NASDAQ:TER,0.0
2021-07-09,12,AR1 alpha + Basic + One-Step,NASDAQ:TER,0.0
2021-07-12,12,AR1 alpha + Basic + One-Step,NASDAQ:TER,0.0
2021-07-13,12,AR1 alpha + Basic + One-Step,NASDAQ:TER,6.652291073096692e-08
2021-07-14,12,AR1 alpha + Basic + One-Step,NASDAQ:TER,0.0
2021-07-15,12,AR1 alpha + Basic + One-Step,NASDAQ:TER,0.0
2021-07-16,12,AR1 alpha + Basic + One-Step,NASDAQ:TER,5.023375383447225e-06
2021-07-19,12,AR1 alpha + Basic + One-Step,NASDAQ:TER,6.214387615214654e-07
2021-07-20,12,AR1 alpha + Basic + One-Step,NASDAQ:TER,0.0
2021-07-21,12,AR1 alpha + Basic + One-Step,NASDAQ:TER,0.0
2021-07-22,12,AR1 alpha + Basic + One-Step,NASDAQ:TER,0.0
2021-07-23,12,AR1 alpha + Basic + One-Step,NASDAQ:TER,0.0
2021-07-26,12,AR1 alpha + Basic + One-Step,NASDAQ:TER,9.310567126718615e-08
2021-07-27,12,AR1 alpha + Basic + One-Step,NASDAQ:TER,2.3196914476836134e-07
2021-07-28,12,AR1 alpha + Basic + One-Step,NASDAQ:TER,0.0
2021-07-29,12,AR1 alpha + Basic + One-Step,NASDAQ:TER,0.0
2021-07-30,12,AR1 alpha + Basic + One-Step,NASDAQ:TER,0.0
2021-08-02,12,AR1 alpha + Basic + One-Step,NASDAQ:TER,0.0
2021-08-03,12,AR1 alpha + Basic + One-Step,NASDAQ:TER,0.0
2021-08-04,12,AR1 alpha + Basic + One-Step,NASDAQ:TER,1.832904075395679e-08
2021-08-05,12,AR1 alpha + Basic + One-Step,NASDAQ:TER,0.0
2021-08-06,12,AR1 alpha + Basic + One-Step,NASDAQ:TER,0.0
2021-08-09,12,AR1 alpha + Basic + One-Step,NASDAQ:TER,7.305799750777567e-07
2021-08-10,12,AR1 alpha + Basic + One-Step,NASDAQ:TER,3.038368495927984e-08
2021-08-11,12,AR1 alpha + Basic + One-Step,NASDAQ:TER,0.0
2021-08-12,12,AR1 alpha + Basic + One-Step,NASDAQ:TER,0.0
2021-08-13,12,AR1 alpha + Basic + One-Step,NASDAQ:TER,0.0
2021-08-16,12,AR1 alpha + Basic + One-Step,NASDAQ:TER,1.20869523783349e-09
2021-08-17,12,AR1 alpha + Basic + One-Step,NASDAQ:TER,0.0
2021-08-18,12,AR1 alpha + Basic + One-Step,NASDAQ:TER,0.0
2021-08-19,12,AR1 alpha + Basic + One-Step,NASDAQ:TER,0.0
2021-08-20,12,AR1 alpha + Basic + One-Step,NASDAQ:TER,0.0
2021-08-23,12,AR1 alpha + Basic + One-Step,NASDAQ:TER,0.0
2021-08-24,12,AR1 alpha + Basic + One-Step,NASDAQ:TER,2.219826231172194e-07
2021-08-25,12,AR1 alpha + Basic + One-Step,NASDAQ:TER,0.0
2021-08-26,12,AR1 alpha + Basic + One-Step,NASDAQ:TER,0.0
2021-08-27,12,AR1 alpha + Basic + One-Step,NASDAQ:TER,2.1769899635410196e-06
2021-08-30,12,AR1 alpha + Basic + One-Step,NASDAQ:TER,0.0
2021-08-31,12,AR1 alpha + Basic + One-Step,NASDAQ:TER,0.0
2021-09-01,12,AR1 alpha + Basic + One-Step,NASDAQ:TER,0.0
2021-09-02,12,AR1 alpha + Basic + One-Step,NASDAQ:TER,0.0
2021-09-03,12,AR1 alpha + Basic + One-Step,NASDAQ:TER,0.0
2021-09-07,12,AR1 alpha + Basic + One-Step,NASDAQ:TER,0.0
2021-09-08,12,AR1 alpha + Basic + One-Step,NASDAQ:TER,0.0
2021-09-09,12,AR1 alpha + Basic + One-Step,NASDAQ:TER,1.6320350514370045e-07
2021-09-10,12,AR1 alpha + Basic + One-Step,NASDAQ:TER,0.0
2021-09-13,12,AR1 alpha + Basic + One-Step,NASDAQ:TER,0.0
2021-09-14,12,AR1 alpha + Basic + One-Step,NASDAQ:TER,5.62005791341585e-07
2021-09-15,12,AR1 alpha + Basic + One-Step,NASDAQ:TER,0.0
2021-09-16,12,AR1 alpha + Basic + One-Step,NASDAQ:TER,0.0
2021-09-17,12,AR1 alpha + Basic + One-Step,NASDAQ:TER,0.0
2021-09-20,12,AR1 alpha + Basic + One-Step,NASDAQ:TER,0.0
2021-09-21,12,AR1 alpha + Basic + One-Step,NASDAQ:TER,9.878332401832666e-08
2021-09-22,12,AR1 alpha + Basic + One-Step,NASDAQ:TER,0.0
2021-09-23,12,AR1 alpha + Basic + One-Step,NASDAQ:TER,0.0
2021-09-24,12,AR1 alpha + Basic + One-Step,NASDAQ:TER,0.0
2021-09-27,12,AR1 alpha + Basic + One-Step,NASDAQ:TER,0.0
2021-09-28,12,AR1 alpha + Basic + One-Step,NASDAQ:TER,0.0
2021-09-29,12,AR1 alpha + Basic + One-Step,NASDAQ:TER,0.0
2021-09-30,12,AR1 alpha + Basic + One-Step,NASDAQ:TER,0.0
2021-10-01,12,AR1 alpha + Basic + One-Step,NASDAQ:TER,0.0
2021-10-04,12,AR1 alpha + Basic + One-Step,NASDAQ:TER,0.0
2021-10-05,12,AR1 alpha + Basic + One-Step,NASDAQ:TER,0.0
2021-10-06,12,AR1 alpha + Basic + One-Step,NASDAQ:TER,2.981732083382785e-07
2021-10-07,12,AR1 alpha + Basic + One-Step,NASDAQ:TER,0.0
2021-10-08,12,AR1 alpha + Basic + One-Step,NASDAQ:TER,8.568357843061186e-09
2021-10-11,12,AR1 alpha + Basic + One-Step,NASDAQ:TER,0.0
2021-10-12,12,AR1 alpha + Basic + One-Step,NASDAQ:TER,1.0547649066901701e-08
2021-10-13,12,AR1 alpha + Basic + One-Step,NASDAQ:TER,4.5403820752472554e-08
2021-10-14,12,AR1 alpha + Basic + One-Step,NASDAQ:TER,0.0
2021-10-15,12,AR1 alpha + Basic + One-Step,NASDAQ:TER,0.0
2021-10-18,12,AR1 alpha + Basic + One-Step,NASDAQ:TER,0.0
2021-10-19,12,AR1 alpha + Basic + One-Step,NASDAQ:TER,0.0
2021-10-20,12,AR1 alpha + Basic + One-Step,NASDAQ:TER,0.0
2021-10-21,12,AR1 alpha + Basic + One-Step,NASDAQ:TER,0.0
2021-10-22,12,AR1 alpha + Basic + One-Step,NASDAQ:TER,0.0
2021-10-25,12,AR1 alpha + Basic + One-Step,NASDAQ:TER,0.0
2021-10-26,12,AR1 alpha + Basic + One-Step,NASDAQ:TER,0.0
2021-10-27,12,AR1 alpha + Basic + One-Step,NASDAQ:TER,0.0
2021-10-28,12,AR1 alpha + Basic + One-Step,NASDAQ:TER,0.0
2021-10-29,12,AR1 alpha + Basic + One-Step,NASDAQ:TER,0.0
2021-11-01,12,AR1 alpha + Basic + One-Step,NASDAQ:TER,2.5211935679116986e-07
2021-11-02,12,AR1 alpha + Basic + One-Step,NASDAQ:TER,0.0
2021-11-03,12,AR1 alpha + Basic + One-Step,NASDAQ:TER,0.0
2021-11-04,12,AR1 alpha + Basic + One-Step,NASDAQ:TER,0.0
2021-11-05,12,AR1 alpha + Basic + One-Step,NASDAQ:TER,4.838497478076241e-09
2021-11-08,12,AR1 alpha + Basic + One-Step,NASDAQ:TER,0.0
2021-11-09,12,AR1 alpha + Basic + One-Step,NASDAQ:TER,0.0
2021-11-10,12,AR1 alpha + Basic + One-Step,NASDAQ:TER,1.653579343061713e-08
2021-11-11,12,AR1 alpha + Basic + One-Step,NASDAQ:TER,0.0
2021-11-12,12,AR1 alpha + Basic + One-Step,NASDAQ:TER,0.0
2021-11-15,12,AR1 alpha + Basic + One-Step,NASDAQ:TER,0.0
2021-11-16,12,AR1 alpha + Basic + One-Step,NASDAQ:TER,0.0
2021-11-17,12,AR1 alpha + Basic + One-Step,NASDAQ:TER,0.0
2021-11-18,12,AR1 alpha + Basic + One-Step,NASDAQ:TER,0.0
2021-11-19,12,AR1 alpha + Basic + One-Step,NASDAQ:TER,0.0
2021-11-22,12,AR1 alpha + Basic + One-Step,NASDAQ:TER,0.0
2021-11-23,12,AR1 alpha + Basic + One-Step,NASDAQ:TER,0.0
2021-11-24,12,AR1 alpha + Basic + One-Step,NASDAQ:TER,0.0
2021-11-26,12,AR1 alpha + Basic + One-Step,NASDAQ:TER,1.4097452135112855e-07
2021-11-29,12,AR1 alpha + Basic + One-Step,NASDAQ:TER,0.0
2021-11-30,12,AR1 alpha + Basic + One-Step,NASDAQ:TER,7.530650367448106e-08
2021-12-01,12,AR1 alpha + Basic + One-Step,NASDAQ:TER,0.0
2021-12-02,12,AR1 alpha + Basic + One-Step,NASDAQ:TER,0.0
2021-12-03,12,AR1 alpha + Basic + One-Step,NASDAQ:TER,9.333438310990567e-09
2021-12-06,12,AR1 alpha + Basic + One-Step,NASDAQ:TER,0.0
2021-12-07,12,AR1 alpha + Basic + One-Step,NASDAQ:TER,3.4577095620409527e-07
2021-12-08,12,AR1 alpha + Basic + One-Step,NASDAQ:TER,0.0
2021-12-09,12,AR1 alpha + Basic + One-Step,NASDAQ:TER,0.0
2021-12-10,12,AR1 alpha + Basic + One-Step,NASDAQ:TER,0.0
2021-12-13,12,AR1 alpha + Basic + One-Step,NASDAQ:TER,0.0
2021-12-14,12,AR1 alpha + Basic + One-Step,NASDAQ:TER,0.0
2021-12-15,12,AR1 alpha + Basic + One-Step,NASDAQ:TER,0.0
2021-12-16,12,AR1 alpha + Basic + One-Step,NASDAQ:TER,0.0
2021-12-17,12,AR1 alpha + Basic + One-Step,NASDAQ:TER,0.0
2021-12-20,12,AR1 alpha + Basic + One-Step,NASDAQ:TER,0.0
2021-12-21,12,AR1 alpha + Basic + One-Step,NASDAQ:TER,0.0
2021-12-22,12,AR1 alpha + Basic + One-Step,NASDAQ:TER,1.6983456106189736e-07
2021-12-23,12,AR1 alpha + Basic + One-Step,NASDAQ:TER,0.0
2021-12-27,12,AR1 alpha + Basic + One-Step,NASDAQ:TER,0.0
2021-12-28,12,AR1 alpha + Basic + One-Step,NASDAQ:TER,0.0
2021-12-29,12,AR1 alpha + Basic + One-Step,NASDAQ:TER,0.0
2021-12-30,12,AR1 alpha + Basic + One-Step,NASDAQ:TER,3.781803522730275e-07
2021-12-31,12,AR1 alpha + Basic + One-Step,NASDAQ:TER,8.161516936880524e-08
2022-01-03,12,AR1 alpha + Basic + One-Step,NASDAQ:TER,4.806886716250124e-08
2022-01-04,12,AR1 alpha + Basic + One-Step,NASDAQ:TER,0.0
2022-01-05,12,AR1 alpha + Basic + One-Step,NASDAQ:TER,0.0
2022-01-06,12,AR1 alpha + Basic + One-Step,NASDAQ:TER,0.0
2022-01-07,12,AR1 alpha + Basic + One-Step,NASDAQ:TER,4.399376015588702e-08
2022-01-10,12,AR1 alpha + Basic + One-Step,NASDAQ:TER,0.0
2022-01-11,12,AR1 alpha + Basic + One-Step,NASDAQ:TER,0.0
2022-01-12,12,AR1 alpha + Basic + One-Step,NASDAQ:TER,0.0
2022-01-13,12,AR1 alpha + Basic + One-Step,NASDAQ:TER,1.2209680154337261e-06
2022-01-14,12,AR1 alpha + Basic + One-Step,NASDAQ:TER,0.0
2022-01-18,12,AR1 alpha + Basic + One-Step,NASDAQ:TER,0.0
2022-01-19,12,AR1 alpha + Basic + One-Step,NASDAQ:TER,0.0
2022-01-20,12,AR1 alpha + Basic + One-Step,NASDAQ:TER,0.0
2022-01-21,12,AR1 alpha + Basic + One-Step,NASDAQ:TER,2.8146557935650235e-07
2022-01-24,12,AR1 alpha + Basic + One-Step,NASDAQ:TER,0.0
2022-01-25,12,AR1 alpha + Basic + One-Step,NASDAQ:TER,0.0
2022-01-26,12,AR1 alpha + Basic + One-Step,NASDAQ:TER,8.22666564181731e-09
2022-01-27,12,AR1 alpha + Basic + One-Step,NASDAQ:TER,0.09999704027667848
2022-01-28,12,AR1 alpha + Basic + One-Step,NASDAQ:TER,0.09999874711537275
2022-01-31,12,AR1 alpha + Basic + One-Step,NASDAQ:TER,0.08343115096253882
2022-02-01,12,AR1 alpha + Basic + One-Step,NASDAQ:TER,0.04737762492087836
2022-02-02,12,AR1 alpha + Basic + One-Step,NASDAQ:TER,0.00018643262698619616
2022-02-03,12,AR1 alpha + Basic + One-Step,NASDAQ:TER,0.06173850418107615
2022-02-04,12,AR1 alpha + Basic + One-Step,NASDAQ:TER,1.727030502125946e-07
2022-02-07,12,AR1 alpha + Basic + One-Step,NASDAQ:TER,2.149062142007208e-07
2022-02-08,12,AR1 alpha + Basic + One-Step,NASDAQ:TER,1.1550797467384672e-06
2022-02-09,12,AR1 alpha + Basic + One-Step,NASDAQ:TER,0.0
2022-02-10,12,AR1 alpha + Basic + One-Step,NASDAQ:TER,0.0
2022-02-11,12,AR1 alpha + Basic + One-Step,NASDAQ:TER,0.0
2022-02-14,12,AR1 alpha + Basic + One-Step,NASDAQ:TER,0.0
2022-02-15,12,AR1 alpha + Basic + One-Step,NASDAQ:TER,0.0
2022-02-16,12,AR1 alpha + Basic + One-Step,NASDAQ:TER,0.0
2022-02-17,12,AR1 alpha + Basic + One-Step,NASDAQ:TER,0.0
2022-02-18,12,AR1 alpha + Basic + One-Step,NASDAQ:TER,1.3648805322129173e-07
2022-02-22,12,AR1 alpha + Basic + One-Step,NASDAQ:TER,5.555878608000801e-08
2022-02-23,12,AR1 alpha + Basic + One-Step,NASDAQ:TER,0.0
2022-02-24,12,AR1 alpha + Basic + One-Step,NASDAQ:TER,0.0
2022-02-25,12,AR1 alpha + Basic + One-Step,NASDAQ:TER,0.0
2022-02-28,12,AR1 alpha + Basic + One-Step,NASDAQ:TER,0.0
2022-03-01,12,AR1 alpha + Basic + One-Step,NASDAQ:TER,4.292369800411437e-08
2022-03-02,12,AR1 alpha + Basic + One-Step,NASDAQ:TER,0.0
2022-03-03,12,AR1 alpha + Basic + One-Step,NASDAQ:TER,0.0
2022-03-04,12,AR1 alpha + Basic + One-Step,NASDAQ:TER,0.0
2022-03-07,12,AR1 alpha + Basic + One-Step,NASDAQ:TER,0.0
2022-03-08,12,AR1 alpha + Basic + One-Step,NASDAQ:TER,5.670425034618384e-07
2022-03-09,12,AR1 alpha + Basic + One-Step,NASDAQ:TER,1.2637733989000432e-08
2022-03-10,12,AR1 alpha + Basic + One-Step,NASDAQ:TER,0.0
2022-03-11,12,AR1 alpha + Basic + One-Step,NASDAQ:TER,0.0
2022-03-14,12,AR1 alpha + Basic + One-Step,NASDAQ:TER,0.0
2022-03-15,12,AR1 alpha + Basic + One-Step,NASDAQ:TER,0.0
2022-03-16,12,AR1 alpha + Basic + One-Step,NASDAQ:TER,0.0
2022-03-17,12,AR1 alpha + Basic + One-Step,NASDAQ:TER,0.0
2022-03-18,12,AR1 alpha + Basic + One-Step,NASDAQ:TER,0.0
2022-03-21,12,AR1 alpha + Basic + One-Step,NASDAQ:TER,0.0
2022-03-22,12,AR1 alpha + Basic + One-Step,NASDAQ:TER,0.0
2022-03-23,12,AR1 alpha + Basic + One-Step,NASDAQ:TER,0.0
2022-03-24,12,AR1 alpha + Basic + One-Step,NASDAQ:TER,3.2291763724429715e-08
2022-03-25,12,AR1 alpha + Basic + One-Step,NASDAQ:TER,0.0
2022-03-28,12,AR1 alpha + Basic + One-Step,NASDAQ:TER,0.0
2022-03-29,12,AR1 alpha + Basic + One-Step,NASDAQ:TER,0.0
2022-03-30,12,AR1 alpha + Basic + One-Step,NASDAQ:TER,0.0
2022-03-31,12,AR1 alpha + Basic + One-Step,NASDAQ:TER,0.0
2022-04-01,12,AR1 alpha + Basic + One-Step,NASDAQ:TER,0.0
2022-04-04,12,AR1 alpha + Basic + One-Step,NASDAQ:TER,0.0
2022-04-05,12,AR1 alpha + Basic + One-Step,NASDAQ:TER,0.0
2022-04-06,12,AR1 alpha + Basic + One-Step,NASDAQ:TER,0.0
2022-04-07,12,AR1 alpha + Basic + One-Step,NASDAQ:TER,5.880887699214709e-09
2022-04-08,12,AR1 alpha + Basic + One-Step,NASDAQ:TER,0.0
2022-04-11,12,AR1 alpha + Basic + One-Step,NASDAQ:TER,0.0
2022-04-12,12,AR1 alpha + Basic + One-Step,NASDAQ:TER,0.0
2022-04-13,12,AR1 alpha + Basic + One-Step,NASDAQ:TER,2.4464735685529284e-07
2022-04-14,12,AR1 alpha + Basic + One-Step,NASDAQ:TER,0.0
2022-04-18,12,AR1 alpha + Basic + One-Step,NASDAQ:TER,0.0
2022-04-19,12,AR1 alpha + Basic + One-Step,NASDAQ:TER,0.0
2022-04-20,12,AR1 alpha + Basic + One-Step,NASDAQ:TER,5.417791939841753e-08
2022-04-21,12,AR1 alpha + Basic + One-Step,NASDAQ:TER,0.0
2022-04-22,12,AR1 alpha + Basic + One-Step,NASDAQ:TER,0.0
2022-04-25,12,AR1 alpha + Basic + One-Step,NASDAQ:TER,0.0
2022-04-26,12,AR1 alpha + Basic + One-Step,NASDAQ:TER,0.0
2022-04-27,12,AR1 alpha + Basic + One-Step,NASDAQ:TER,0.0
2022-04-28,12,AR1 alpha + Basic + One-Step,NASDAQ:TER,0.0
2022-04-29,12,AR1 alpha + Basic + One-Step,NASDAQ:TER,0.0
2022-05-02,12,AR1 alpha + Basic + One-Step,NASDAQ:TER,0.0
2022-05-03,12,AR1 alpha + Basic + One-Step,NASDAQ:TER,0.0
2022-05-04,12,AR1 alpha + Basic + One-Step,NASDAQ:TER,5.982299237909032e-07
2022-05-05,12,AR1 alpha + Basic + One-Step,NASDAQ:TER,0.0
2022-05-06,12,AR1 alpha + Basic + One-Step,NASDAQ:TER,0.0
2022-05-09,12,AR1 alpha + Basic + One-Step,NASDAQ:TER,0.0
2022-05-10,12,AR1 alpha + Basic + One-Step,NASDAQ:TER,4.690336716969305e-07
2022-05-11,12,AR1 alpha + Basic + One-Step,NASDAQ:TER,0.0
2022-05-12,12,AR1 alpha + Basic + One-Step,NASDAQ:TER,1.0764621114913219e-07
2022-05-13,12,AR1 alpha + Basic + One-Step,NASDAQ:TER,0.0
2022-05-16,12,AR1 alpha + Basic + One-Step,NASDAQ:TER,2.9827690089109886e-07
2022-05-17,12,AR1 alpha + Basic + One-Step,NASDAQ:TER,3.5279551486753468e-09
2022-05-18,12,AR1 alpha + Basic + One-Step,NASDAQ:TER,7.690846905236174e-07
2022-05-19,12,AR1 alpha + Basic + One-Step,NASDAQ:TER,0.0
2022-05-20,12,AR1 alpha + Basic + One-Step,NASDAQ:TER,0.0
2022-05-23,12,AR1 alpha + Basic + One-Step,NASDAQ:TER,9.712140261834896e-08
2022-05-24,12,AR1 alpha + Basic + One-Step,NASDAQ:TER,0.0
2022-05-25,12,AR1 alpha + Basic + One-Step,NASDAQ:TER,1.2562139076971736e-07
2022-05-26,12,AR1 alpha + Basic + One-Step,NASDAQ:TER,0.0
2022-05-27,12,AR1 alpha + Basic + One-Step,NASDAQ:TER,2.879695511243302e-09
2022-05-31,12,AR1 alpha + Basic + One-Step,NASDAQ:TER,0.0
2022-06-01,12,AR1 alpha + Basic + One-Step,NASDAQ:TER,0.0
2022-06-02,12,AR1 alpha + Basic + One-Step,NASDAQ:TER,0.0
2022-06-03,12,AR1 alpha + Basic + One-Step,NASDAQ:TER,0.0
2022-06-06,12,AR1 alpha + Basic + One-Step,NASDAQ:TER,0.0
2022-06-07,12,AR1 alpha + Basic + One-Step,NASDAQ:TER,0.0
2022-06-08,12,AR1 alpha + Basic + One-Step,NASDAQ:TER,2.9162241835593986e-08
2022-06-09,12,AR1 alpha + Basic + One-Step,NASDAQ:TER,3.658646684276805e-08
2022-06-10,12,AR1 alpha + Basic + One-Step,NASDAQ:TER,4.192137354215957e-08
2022-06-13,12,AR1 alpha + Basic + One-Step,NASDAQ:TER,2.880051766939762e-07
2022-06-14,12,AR1 alpha + Basic + One-Step,NASDAQ:TER,1.1492893195420632e-07
2022-06-15,12,AR1 alpha + Basic + One-Step,NASDAQ:TER,0.0
2022-06-16,12,AR1 alpha + Basic + One-Step,NASDAQ:TER,0.0
2022-06-17,12,AR1 alpha + Basic + One-Step,NASDAQ:TER,3.8796455252954755e-10
2022-06-21,12,AR1 alpha + Basic + One-Step,NASDAQ:TER,4.934862767794429e-07
2022-06-22,12,AR1 alpha + Basic + One-Step,NASDAQ:TER,1.5505010744905917e-07
2022-06-23,12,AR1 alpha + Basic + One-Step,NASDAQ:TER,0.0
2022-06-24,12,AR1 alpha + Basic + One-Step,NASDAQ:TER,0.0
2022-06-27,12,AR1 alpha + Basic + One-Step,NASDAQ:TER,0.0
2022-06-28,12,AR1 alpha + Basic + One-Step,NASDAQ:TER,0.0
2022-06-29,12,AR1 alpha + Basic + One-Step,NASDAQ:TER,0.0
2022-06-30,12,AR1 alpha + Basic + One-Step,NASDAQ:TER,0.0
2022-07-01,12,AR1 alpha + Basic + One-Step,NASDAQ:TER,0.0
2022-07-05,12,AR1 alpha + Basic + One-Step,NASDAQ:TER,0.0
2022-07-06,12,AR1 alpha + Basic + One-Step,NASDAQ:TER,0.0
2022-07-07,12,AR1 alpha + Basic + One-Step,NASDAQ:TER,0.0
2022-07-08,12,AR1 alpha + Basic + One-Step,NASDAQ:TER,0.0
2022-07-11,12,AR1 alpha + Basic + One-Step,NASDAQ:TER,0.0
2022-07-12,12,AR1 alpha + Basic + One-Step,NASDAQ:TER,2.9259677743908136e-07
2022-07-13,12,AR1 alpha + Basic + One-Step,NASDAQ:TER,3.608193320073578e-07
2022-07-14,12,AR1 alpha + Basic + One-Step,NASDAQ:TER,0.0
2022-07-15,12,AR1 alpha + Basic + One-Step,NASDAQ:TER,0.0
2022-07-18,12,AR1 alpha + Basic + One-Step,NASDAQ:TER,1.5142664935892575e-09
2022-07-19,12,AR1 alpha + Basic + One-Step,NASDAQ:TER,0.0
2022-07-20,12,AR1 alpha + Basic + One-Step,NASDAQ:TER,0.0
2022-07-21,12,AR1 alpha + Basic + One-Step,NASDAQ:TER,4.15872177146402e-08
2022-07-22,12,AR1 alpha + Basic + One-Step,NASDAQ:TER,0.0
2022-07-25,12,AR1 alpha + Basic + One-Step,NASDAQ:TER,0.0
2022-07-26,12,AR1 alpha + Basic + One-Step,NASDAQ:TER,0.0
2022-07-27,12,AR1 alpha + Basic + One-Step,NASDAQ:TER,0.0
2022-07-28,12,AR1 alpha + Basic + One-Step,NASDAQ:TER,0.0
2022-07-29,12,AR1 alpha + Basic + One-Step,NASDAQ:TER,0.0
2022-08-01,12,AR1 alpha + Basic + One-Step,NASDAQ:TER,0.0
2022-08-02,12,AR1 alpha + Basic + One-Step,NASDAQ:TER,0.0
2022-08-03,12,AR1 alpha + Basic + One-Step,NASDAQ:TER,0.0
2022-08-04,12,AR1 alpha + Basic + One-Step,NASDAQ:TER,0.0
2022-08-05,12,AR1 alpha + Basic + One-Step,NASDAQ:TER,0.0
2022-08-08,12,AR1 alpha + Basic + One-Step,NASDAQ:TER,0.0
2022-08-09,12,AR1 alpha + Basic + One-Step,NASDAQ:TER,0.0
2022-08-10,12,AR1 alpha + Basic + One-Step,NASDAQ:TER,0.0
2022-08-11,12,AR1 alpha + Basic + One-Step,NASDAQ:TER,0.0
2022-08-12,12,AR1 alpha + Basic + One-Step,NASDAQ:TER,0.0
2022-08-15,12,AR1 alpha + Basic + One-Step,NASDAQ:TER,0.0
2022-08-16,12,AR1 alpha + Basic + One-Step,NASDAQ:TER,0.0
2022-08-17,12,AR1 alpha + Basic + One-Step,NASDAQ:TER,0.0
2022-08-18,12,AR1 alpha + Basic + One-Step,NASDAQ:TER,0.0
2022-08-19,12,AR1 alpha + Basic + One-Step,NASDAQ:TER,0.0
2022-08-22,12,AR1 alpha + Basic + One-Step,NASDAQ:TER,0.0
2022-08-23,12,AR1 alpha + Basic + One-Step,NASDAQ:TER,0.0
2022-08-24,12,AR1 alpha + Basic + One-Step,NASDAQ:TER,5.430648039254643e-08
2022-08-25,12,AR1 alpha + Basic + One-Step,NASDAQ:TER,0.0
2022-08-26,12,AR1 alpha + Basic + One-Step,NASDAQ:TER,0.0
2022-08-29,12,AR1 alpha + Basic + One-Step,NASDAQ:TER,0.0
2022-08-30,12,AR1 alpha + Basic + One-Step,NASDAQ:TER,0.0
2022-08-31,12,AR1 alpha + Basic + One-Step,NASDAQ:TER,0.0
2022-09-01,12,AR1 alpha + Basic + One-Step,NASDAQ:TER,0.0
2022-09-02,12,AR1 alpha + Basic + One-Step,NASDAQ:TER,0.0
2022-09-06,12,AR1 alpha + Basic + One-Step,NASDAQ:TER,0.0
2022-09-07,12,AR1 alpha + Basic + One-Step,NASDAQ:TER,0.0
2022-09-08,12,AR1 alpha + Basic + One-Step,NASDAQ:TER,6.223495167593338e-07
2022-09-09,12,AR1 alpha + Basic + One-Step,NASDAQ:TER,0.0
2022-09-12,12,AR1 alpha + Basic + One-Step,NASDAQ:TER,0.0
2022-09-13,12,AR1 alpha + Basic + One-Step,NASDAQ:TER,1.1847269262502941e-07
2022-09-14,12,AR1 alpha + Basic + One-Step,NASDAQ:TER,1.651875247280627e-07
2022-09-15,12,AR1 alpha + Basic + One-Step,NASDAQ:TER,0.0
2022-09-16,12,AR1 alpha + Basic + One-Step,NASDAQ:TER,7.914154183137872e-08
2022-09-19,12,AR1 alpha + Basic + One-Step,NASDAQ:TER,0.0
2022-09-20,12,AR1 alpha + Basic + One-Step,NASDAQ:TER,0.0
2022-09-21,12,AR1 alpha + Basic + One-Step,NASDAQ:TER,0.0
2022-09-22,12,AR1 alpha + Basic + One-Step,NASDAQ:TER,0.0
2022-09-23,12,AR1 alpha + Basic + One-Step,NASDAQ:TER,0.0
2022-09-26,12,AR1 alpha + Basic + One-Step,NASDAQ:TER,2.9050719016906802e-09
2022-09-27,12,AR1 alpha + Basic + One-Step,NASDAQ:TER,0.0
2022-09-28,12,AR1 alpha + Basic + One-Step,NASDAQ:TER,0.0
2022-09-29,12,AR1 alpha + Basic + One-Step,NASDAQ:TER,0.0
2022-09-30,12,AR1 alpha + Basic + One-Step,NASDAQ:TER,0.0
2022-10-03,12,AR1 alpha + Basic + One-Step,NASDAQ:TER,0.0
2022-10-04,12,AR1 alpha + Basic + One-Step,NASDAQ:TER,3.067421435697972e-08
2022-10-05,12,AR1 alpha + Basic + One-Step,NASDAQ:TER,1.5152707720210348e-07
2022-10-06,12,AR1 alpha + Basic + One-Step,NASDAQ:TER,0.0
2022-10-07,12,AR1 alpha + Basic + One-Step,NASDAQ:TER,0.0
2022-10-10,12,AR1 alpha + Basic + One-Step,NASDAQ:TER,0.0
2022-10-11,12,AR1 alpha + Basic + One-Step,NASDAQ:TER,0.0
2022-10-12,12,AR1 alpha + Basic + One-Step,NASDAQ:TER,0.0
2022-10-13,12,AR1 alpha + Basic + One-Step,NASDAQ:TER,7.58288257011586e-08
2022-10-14,12,AR1 alpha + Basic + One-Step,NASDAQ:TER,8.008427746615221e-08
2022-10-17,12,AR1 alpha + Basic + One-Step,NASDAQ:TER,0.0
2022-10-18,12,AR1 alpha + Basic + One-Step,NASDAQ:TER,0.0
2022-10-19,12,AR1 alpha + Basic + One-Step,NASDAQ:TER,0.0
2022-10-20,12,AR1 alpha + Basic + One-Step,NASDAQ:TER,0.0
2022-10-21,12,AR1 alpha + Basic + One-Step,NASDAQ:TER,0.0
2022-10-24,12,AR1 alpha + Basic + One-Step,NASDAQ:TER,0.0
2022-10-25,12,AR1 alpha + Basic + One-Step,NASDAQ:TER,0.0
2022-10-26,12,AR1 alpha + Basic + One-Step,NASDAQ:TER,0.0
2022-10-27,12,AR1 alpha + Basic + One-Step,NASDAQ:TER,0.0
2022-10-28,12,AR1 alpha + Basic + One-Step,NASDAQ:TER,0.0
2022-10-31,12,AR1 alpha + Basic + One-Step,NASDAQ:TER,0.0
2022-11-01,12,AR1 alpha + Basic + One-Step,NASDAQ:TER,0.0
2022-11-02,12,AR1 alpha + Basic + One-Step,NASDAQ:TER,1.9029023160602874e-07
2022-11-03,12,AR1 alpha + Basic + One-Step,NASDAQ:TER,5.84438500290386e-07
2022-11-04,12,AR1 alpha + Basic + One-Step,NASDAQ:TER,1.8341122108630343e-07
2022-11-07,12,AR1 alpha + Basic + One-Step,NASDAQ:TER,0.0
2022-11-08,12,AR1 alpha + Basic + One-Step,NASDAQ:TER,0.0
2022-11-09,12,AR1 alpha + Basic + One-Step,NASDAQ:TER,0.0
2022-11-10,12,AR1 alpha + Basic + One-Step,NASDAQ:TER,0.0
2022-11-11,12,AR1 alpha + Basic + One-Step,NASDAQ:TER,1.3416575138301565e-07
2022-11-14,12,AR1 alpha + Basic + One-Step,NASDAQ:TER,0.0
2022-11-15,12,AR1 alpha + Basic + One-Step,NASDAQ:TER,0.0
2022-11-16,12,AR1 alpha + Basic + One-Step,NASDAQ:TER,0.0
2022-11-17,12,AR1 alpha + Basic + One-Step,NASDAQ:TER,0.0
2022-11-18,12,AR1 alpha + Basic + One-Step,NASDAQ:TER,1.667063386123872e-07
2022-11-21,12,AR1 alpha + Basic + One-Step,NASDAQ:TER,2.5254518712878313e-07
2022-11-22,12,AR1 alpha + Basic + One-Step,NASDAQ:TER,8.247058462772038e-08
2022-11-23,12,AR1 alpha + Basic + One-Step,NASDAQ:TER,0.0
2022-11-25,12,AR1 alpha + Basic + One-Step,NASDAQ:TER,0.0
2022-11-28,12,AR1 alpha + Basic + One-Step,NASDAQ:TER,0.0
2022-11-29,12,AR1 alpha + Basic + One-Step,NASDAQ:TER,0.0
2022-11-30,12,AR1 alpha + Basic + One-Step,NASDAQ:TER,0.0
2022-12-01,12,AR1 alpha + Basic + One-Step,NASDAQ:TER,0.0
2022-12-02,12,AR1 alpha + Basic + One-Step,NASDAQ:TER,0.0
2022-12-05,12,AR1 alpha + Basic + One-Step,NASDAQ:TER,0.0
2022-12-06,12,AR1 alpha + Basic + One-Step,NASDAQ:TER,1.557324900113849e-07
2022-12-07,12,AR1 alpha + Basic + One-Step,NASDAQ:TER,0.0
2022-12-08,12,AR1 alpha + Basic + One-Step,NASDAQ:TER,0.0
2022-12-09,12,AR1 alpha + Basic + One-Step,NASDAQ:TER,0.0
2022-12-12,12,AR1 alpha + Basic + One-Step,NASDAQ:TER,1.1491410943558096e-08
2022-12-13,12,AR1 alpha + Basic + One-Step,NASDAQ:TER,4.783890973309396e-07
2022-12-14,12,AR1 alpha + Basic + One-Step,NASDAQ:TER,4.754932111026529e-08
2022-12-15,12,AR1 alpha + Basic + One-Step,NASDAQ:TER,0.0
2022-12-16,12,AR1 alpha + Basic + One-Step,NASDAQ:TER,0.0
2022-12-19,12,AR1 alpha + Basic + One-Step,NASDAQ:TER,0.0
2022-12-20,12,AR1 alpha + Basic + One-Step,NASDAQ:TER,0.0
2022-12-21,12,AR1 alpha + Basic + One-Step,NASDAQ:TER,0.0
2022-12-22,12,AR1 alpha + Basic + One-Step,NASDAQ:TER,0.0
2022-12-23,12,AR1 alpha + Basic + One-Step,NASDAQ:TER,0.0
2022-12-27,12,AR1 alpha + Basic + One-Step,NASDAQ:TER,1.2223166735882639e-07
2022-12-28,12,AR1 alpha + Basic + One-Step,NASDAQ:TER,0.0
2022-12-29,12,AR1 alpha + Basic + One-Step,NASDAQ:TER,2.8559058347184475e-08
2022-12-30,12,AR1 alpha + Basic + One-Step,NASDAQ:TER,0.0
2023-01-03,12,AR1 alpha + Basic + One-Step,NASDAQ:TER,2.619226635860921e-08
2023-01-04,12,AR1 alpha + Basic + One-Step,NASDAQ:TER,0.0
2023-01-05,12,AR1 alpha + Basic + One-Step,NASDAQ:TER,0.0
2023-01-06,12,AR1 alpha + Basic + One-Step,NASDAQ:TER,0.0
2023-01-09,12,AR1 alpha + Basic + One-Step,NASDAQ:TER,0.0
2023-01-10,12,AR1 alpha + Basic + One-Step,NASDAQ:TER,0.0
2023-01-11,12,AR1 alpha + Basic + One-Step,NASDAQ:TER,7.483146138595359e-09
2023-01-12,12,AR1 alpha + Basic + One-Step,NASDAQ:TER,0.0
2023-01-13,12,AR1 alpha + Basic + One-Step,NASDAQ:TER,9.234750454993162e-09
2023-01-17,12,AR1 alpha + Basic + One-Step,NASDAQ:TER,0.0
2023-01-18,12,AR1 alpha + Basic + One-Step,NASDAQ:TER,0.0
2023-01-19,12,AR1 alpha + Basic + One-Step,NASDAQ:TER,0.0
2023-01-20,12,AR1 alpha + Basic + One-Step,NASDAQ:TER,0.0
2023-01-23,12,AR1 alpha + Basic + One-Step,NASDAQ:TER,0.0
2023-01-24,12,AR1 alpha + Basic + One-Step,NASDAQ:TER,0.0
2023-01-25,12,AR1 alpha + Basic + One-Step,NASDAQ:TER,0.0
2023-01-26,12,AR1 alpha + Basic + One-Step,NASDAQ:TER,0.0
2023-01-27,12,AR1 alpha + Basic + One-Step,NASDAQ:TER,0.0
2023-01-30,12,AR1 alpha + Basic + One-Step,NASDAQ:TER,0.0
2023-01-31,12,AR1 alpha + Basic + One-Step,NASDAQ:TER,0.0
2023-02-01,12,AR1 alpha + Basic + One-Step,NASDAQ:TER,0.0
2023-02-02,12,AR1 alpha + Basic + One-Step,NASDAQ:TER,4.0643427547878936e-07
2023-02-03,12,AR1 alpha + Basic + One-Step,NASDAQ:TER,0.0
2023-02-06,12,AR1 alpha + Basic + One-Step,NASDAQ:TER,0.0
2023-02-07,12,AR1 alpha + Basic + One-Step,NASDAQ:TER,0.0
2023-02-08,12,AR1 alpha + Basic + One-Step,NASDAQ:TER,0.0
2023-02-09,12,AR1 alpha + Basic + One-Step,NASDAQ:TER,0.0
2023-02-10,12,AR1 alpha + Basic + One-Step,NASDAQ:TER,0.0
2023-02-13,12,AR1 alpha + Basic + One-Step,NASDAQ:TER,0.0
2023-02-14,12,AR1 alpha + Basic + One-Step,NASDAQ:TER,0.0
2023-02-15,12,AR1 alpha + Basic + One-Step,NASDAQ:TER,0.0
2023-02-16,12,AR1 alpha + Basic + One-Step,NASDAQ:TER,1.7862326381619459e-09
2023-02-17,12,AR1 alpha + Basic + One-Step,NASDAQ:TER,0.0
2023-02-21,12,AR1 alpha + Basic + One-Step,NASDAQ:TER,0.0
2023-02-22,12,AR1 alpha + Basic + One-Step,NASDAQ:TER,0.0
2023-02-23,12,AR1 alpha + Basic + One-Step,NASDAQ:TER,4.496031820630568e-08
2023-02-24,12,AR1 alpha + Basic + One-Step,NASDAQ:TER,0.0
2023-02-27,12,AR1 alpha + Basic + One-Step,NASDAQ:TER,3.7042772329207094e-08
2023-02-28,12,AR1 alpha + Basic + One-Step,NASDAQ:TER,1.0731440945336535e-07
2023-03-01,12,AR1 alpha + Basic + One-Step,NASDAQ:TER,5.621852387891845e-08
2023-03-02,12,AR1 alpha + Basic + One-Step,NASDAQ:TER,0.0
2023-03-03,12,AR1 alpha + Basic + One-Step,NASDAQ:TER,0.0
2023-03-06,12,AR1 alpha + Basic + One-Step,NASDAQ:TER,0.0
2023-03-07,12,AR1 alpha + Basic + One-Step,NASDAQ:TER,0.0
2023-03-08,12,AR1 alpha + Basic + One-Step,NASDAQ:TER,9.738676652587244e-10
2023-03-09,12,AR1 alpha + Basic + One-Step,NASDAQ:TER,1.7554235816865935e-07
2023-03-10,12,AR1 alpha + Basic + One-Step,NASDAQ:TER,7.793310144055642e-08
2023-03-13,12,AR1 alpha + Basic + One-Step,NASDAQ:TER,3.348265631102632e-07
2023-03-14,12,AR1 alpha + Basic + One-Step,NASDAQ:TER,0.0
2023-03-15,12,AR1 alpha + Basic + One-Step,NASDAQ:TER,0.0
2023-03-16,12,AR1 alpha + Basic + One-Step,NASDAQ:TER,0.0
2023-03-17,12,AR1 alpha + Basic + One-Step,NASDAQ:TER,0.0
2023-03-20,12,AR1 alpha + Basic + One-Step,NASDAQ:TER,0.0
2023-03-21,12,AR1 alpha + Basic + One-Step,NASDAQ:TER,0.0
2023-03-22,12,AR1 alpha + Basic + One-Step,NASDAQ:TER,7.093025515778312e-09
2023-03-23,12,AR1 alpha + Basic + One-Step,NASDAQ:TER,3.4817080034065355e-09
2023-03-24,12,AR1 alpha + Basic + One-Step,NASDAQ:TER,1.8165528908170172e-09
2023-03-27,12,AR1 alpha + Basic + One-Step,NASDAQ:TER,0.0
2023-03-28,12,AR1 alpha + Basic + One-Step,NASDAQ:TER,0.0
2023-03-29,12,AR1 alpha + Basic + One-Step,NASDAQ:TER,1.4147804723975194e-08
2023-03-30,12,AR1 alpha + Basic + One-Step,NASDAQ:TER,2.016013300210869e-08
2023-03-31,12,AR1 alpha + Basic + One-Step,NASDAQ:TER,9.640687116030155e-08
2023-04-03,12,AR1 alpha + Basic + One-Step,NASDAQ:TER,0.0
2023-04-04,12,AR1 alpha + Basic + One-Step,NASDAQ:TER,0.0
2023-04-05,12,AR1 alpha + Basic + One-Step,NASDAQ:TER,9.408214873507832e-08
2023-04-06,12,AR1 alpha + Basic + One-Step,NASDAQ:TER,2.062381795677924e-07
2023-04-10,12,AR1 alpha + Basic + One-Step,NASDAQ:TER,0.0
2023-04-11,12,AR1 alpha + Basic + One-Step,NASDAQ:TER,0.0
2023-04-12,12,AR1 alpha + Basic + One-Step,NASDAQ:TER,0.0
2023-04-13,12,AR1 alpha + Basic + One-Step,NASDAQ:TER,5.506738177897089e-09
2023-04-14,12,AR1 alpha + Basic + One-Step,NASDAQ:TER,0.0
2023-04-17,12,AR1 alpha + Basic + One-Step,NASDAQ:TER,0.0
2023-04-18,12,AR1 alpha + Basic + One-Step,NASDAQ:TER,0.0
2023-04-19,12,AR1 alpha + Basic + One-Step,NASDAQ:TER,1.6910704271423889e-09
2023-04-20,12,AR1 alpha + Basic + One-Step,NASDAQ:TER,1.373779872513542e-09
2023-04-21,12,AR1 alpha + Basic + One-Step,NASDAQ:TER,3.5656225473098706e-08
2023-04-24,12,AR1 alpha + Basic + One-Step,NASDAQ:TER,0.0
2023-04-25,12,AR1 alpha + Basic + One-Step,NASDAQ:TER,0.0
2023-04-26,12,AR1 alpha + Basic + One-Step,NASDAQ:TER,0.0
2023-04-27,12,AR1 alpha + Basic + One-Step,NASDAQ:TER,0.0
2023-04-28,12,AR1 alpha + Basic + One-Step,NASDAQ:TER,1.1233925592848793e-08
2023-05-01,12,AR1 alpha + Basic + One-Step,NASDAQ:TER,1.2615682447344347e-08
2023-05-02,12,AR1 alpha + Basic + One-Step,NASDAQ:TER,4.639552232844744e-08
2023-05-03,12,AR1 alpha + Basic + One-Step,NASDAQ:TER,0.0
2023-05-04,12,AR1 alpha + Basic + One-Step,NASDAQ:TER,0.0
2023-05-05,12,AR1 alpha + Basic + One-Step,NASDAQ:TER,9.679479421531442e-08
2023-05-08,12,AR1 alpha + Basic + One-Step,NASDAQ:TER,1.2644153094951264e-09
2023-05-09,12,AR1 alpha + Basic + One-Step,NASDAQ:TER,1.2691935711602953e-08
2023-05-10,12,AR1 alpha + Basic + One-Step,NASDAQ:TER,1.0356307842670107e-07
2023-05-11,12,AR1 alpha + Basic + One-Step,NASDAQ:TER,3.8361120029183656e-07
2023-05-12,12,AR1 alpha + Basic + One-Step,NASDAQ:TER,8.849457617208987e-07
2023-05-15,12,AR1 alpha + Basic + One-Step,NASDAQ:TER,3.1488453603968737e-07
2023-05-16,12,AR1 alpha + Basic + One-Step,NASDAQ:TER,0.0
2023-05-17,12,AR1 alpha + Basic + One-Step,NASDAQ:TER,1.0163240070876813e-07
2023-05-18,12,AR1 alpha + Basic + One-Step,NASDAQ:TER,0.0
2023-05-19,12,AR1 alpha + Basic + One-Step,NASDAQ:TER,6.246341348019474e-10
2023-05-22,12,AR1 alpha + Basic + One-Step,NASDAQ:TER,0.0
2023-05-23,12,AR1 alpha + Basic + One-Step,NASDAQ:TER,0.0
2023-05-24,12,AR1 alpha + Basic + One-Step,NASDAQ:TER,0.0
2023-05-25,12,AR1 alpha + Basic + One-Step,NASDAQ:TER,0.0
2023-05-26,12,AR1 alpha + Basic + One-Step,NASDAQ:TER,0.0
2023-05-30,12,AR1 alpha + Basic + One-Step,NASDAQ:TER,0.0
2023-05-31,12,AR1 alpha + Basic + One-Step,NASDAQ:TER,1.633845125360388e-08
2023-06-01,12,AR1 alpha + Basic + One-Step,NASDAQ:TER,1.3343127355418692e-08
2023-06-02,12,AR1 alpha + Basic + One-Step,NASDAQ:TER,0.0
2023-06-05,12,AR1 alpha + Basic + One-Step,NASDAQ:TER,0.0
2023-06-06,12,AR1 alpha + Basic + One-Step,NASDAQ:TER,0.0
2023-06-07,12,AR1 alpha + Basic + One-Step,NASDAQ:TER,7.186676282447121e-08
2023-06-08,12,AR1 alpha + Basic + One-Step,NASDAQ:TER,0.0
2023-06-09,12,AR1 alpha + Basic + One-Step,NASDAQ:TER,3.4850732396148485e-07
2023-06-12,12,AR1 alpha + Basic + One-Step,NASDAQ:TER,0.0
2023-06-13,12,AR1 alpha + Basic + One-Step,NASDAQ:TER,1.107998238045954e-07
2023-06-14,12,AR1 alpha + Basic + One-Step,NASDAQ:TER,0.0
2023-06-15,12,AR1 alpha + Basic + One-Step,NASDAQ:TER,0.0
2023-06-16,12,AR1 alpha + Basic + One-Step,NASDAQ:TER,4.133705143867181e-09
2023-06-20,12,AR1 alpha + Basic + One-Step,NASDAQ:TER,0.0
2023-06-21,12,AR1 alpha + Basic + One-Step,NASDAQ:TER,0.0
2023-06-22,12,AR1 alpha + Basic + One-Step,NASDAQ:TER,0.0
2023-06-23,12,AR1 alpha + Basic + One-Step,NASDAQ:TER,0.0
2023-06-26,12,AR1 alpha + Basic + One-Step,NASDAQ:TER,0.0
2023-06-27,12,AR1 alpha + Basic + One-Step,NASDAQ:TER,0.0
2023-06-28,12,AR1 alpha + Basic + One-Step,NASDAQ:TER,0.0
2023-06-29,12,AR1 alpha + Basic + One-Step,NASDAQ:TER,0.0
2023-06-30,12,AR1 alpha + Basic + One-Step,NASDAQ:TER,0.0
2023-07-03,12,AR1 alpha + Basic + One-Step,NASDAQ:TER,0.0
2023-07-05,12,AR1 alpha + Basic + One-Step,NASDAQ:TER,4.222533436444939e-07
2023-07-06,12,AR1 alpha + Basic + One-Step,NASDAQ:TER,0.0
2023-07-07,12,AR1 alpha + Basic + One-Step,NASDAQ:TER,0.0
2023-07-10,12,AR1 alpha + Basic + One-Step,NASDAQ:TER,6.324820153322089e-07
2023-07-11,12,AR1 alpha + Basic + One-Step,NASDAQ:TER,0.0
2023-07-12,12,AR1 alpha + Basic + One-Step,NASDAQ:TER,0.0
2023-07-13,12,AR1 alpha + Basic + One-Step,NASDAQ:TER,0.0
2023-07-14,12,AR1 alpha + Basic + One-Step,NASDAQ:TER,1.3724100279485472e-07
2023-07-17,12,AR1 alpha + Basic + One-Step,NASDAQ:TER,9.385009153460881e-07
2023-07-18,12,AR1 alpha + Basic + One-Step,NASDAQ:TER,1.2661366069839267e-06
2023-07-19,12,AR1 alpha + Basic + One-Step,NASDAQ:TER,2.1388583196990364e-23
2023-07-20,12,AR1 alpha + Basic + One-Step,NASDAQ:TER,0.0
2023-07-21,12,AR1 alpha + Basic + One-Step,NASDAQ:TER,0.0
2023-07-24,12,AR1 alpha + Basic + One-Step,NASDAQ:TER,0.0
2023-07-25,12,AR1 alpha + Basic + One-Step,NASDAQ:TER,0.0
2023-07-26,12,AR1 alpha + Basic + One-Step,NASDAQ:TER,0.0
2023-07-27,12,AR1 alpha + Basic + One-Step,NASDAQ:TER,0.0
2023-07-28,12,AR1 alpha + Basic + One-Step,NASDAQ:TER,0.0
2023-07-31,12,AR1 alpha + Basic + One-Step,NASDAQ:TER,0.0
2023-08-01,12,AR1 alpha + Basic + One-Step,NASDAQ:TER,0.0
2023-08-02,12,AR1 alpha + Basic + One-Step,NASDAQ:TER,0.0
2023-08-03,12,AR1 alpha + Basic + One-Step,NASDAQ:TER,0.0
2023-08-04,12,AR1 alpha + Basic + One-Step,NASDAQ:TER,0.0
2023-08-07,12,AR1 alpha + Basic + One-Step,NASDAQ:TER,2.5000759824190895e-09
2023-08-08,12,AR1 alpha + Basic + One-Step,NASDAQ:TER,0.0
2023-08-09,12,AR1 alpha + Basic + One-Step,NASDAQ:TER,0.0
2023-08-10,12,AR1 alpha + Basic + One-Step,NASDAQ:TER,0.0
2023-08-11,12,AR1 alpha + Basic + One-Step,NASDAQ:TER,5.075811148993631e-07
2023-08-14,12,AR1 alpha + Basic + One-Step,NASDAQ:TER,0.0
2023-08-15,12,AR1 alpha + Basic + One-Step,NASDAQ:TER,0.0
2023-08-16,12,AR1 alpha + Basic + One-Step,NASDAQ:TER,0.0
2023-08-17,12,AR1 alpha + Basic + One-Step,NASDAQ:TER,0.0
2023-08-18,12,AR1 alpha + Basic + One-Step,NASDAQ:TER,0.0
2023-08-21,12,AR1 alpha + Basic + One-Step,NASDAQ:TER,3.2855928980729497e-09
2023-08-22,12,AR1 alpha + Basic + One-Step,NASDAQ:TER,5.4367330031569175e-08
2023-08-23,12,AR1 alpha + Basic + One-Step,NASDAQ:TER,8.436809413358616e-08
2023-08-24,12,AR1 alpha + Basic + One-Step,NASDAQ:TER,0.0
2023-08-25,12,AR1 alpha + Basic + One-Step,NASDAQ:TER,7.943355448950757e-08
2023-08-28,12,AR1 alpha + Basic + One-Step,NASDAQ:TER,0.0
2023-08-29,12,AR1 alpha + Basic + One-Step,NASDAQ:TER,0.0
2023-08-30,12,AR1 alpha + Basic + One-Step,NASDAQ:TER,0.0
2023-08-31,12,AR1 alpha + Basic + One-Step,NASDAQ:TER,5.923790252561453e-10
2023-09-01,12,AR1 alpha + Basic + One-Step,NASDAQ:TER,5.539121514982884e-09
2023-09-05,12,AR1 alpha + Basic + One-Step,NASDAQ:TER,0.0
2023-09-06,12,AR1 alpha + Basic + One-Step,NASDAQ:TER,0.0
2023-09-07,12,AR1 alpha + Basic + One-Step,NASDAQ:TER,0.03940179954877048
2023-09-08,12,AR1 alpha + Basic + One-Step,NASDAQ:TER,2.390686797924157e-06
2023-09-11,12,AR1 alpha + Basic + One-Step,NASDAQ:TER,0.0
2023-09-12,12,AR1 alpha + Basic + One-Step,NASDAQ:TER,8.180884656077017e-07
2023-09-13,12,AR1 alpha + Basic + One-Step,NASDAQ:TER,0.0
2023-09-14,12,AR1 alpha + Basic + One-Step,NASDAQ:TER,0.0
2023-09-15,12,AR1 alpha + Basic + One-Step,NASDAQ:TER,0.0
2023-09-18,12,AR1 alpha + Basic + One-Step,NASDAQ:TER,0.0
2023-09-19,12,AR1 alpha + Basic + One-Step,NASDAQ:TER,3.6632004415662212e-09
2023-09-20,12,AR1 alpha + Basic + One-Step,NASDAQ:TER,8.325826258228765e-07
2023-09-21,12,AR1 alpha + Basic + One-Step,NASDAQ:TER,3.0844051268740116e-06
2023-09-22,12,AR1 alpha + Basic + One-Step,NASDAQ:TER,0.0
2023-09-25,12,AR1 alpha + Basic + One-Step,NASDAQ:TER,0.0
2023-09-26,12,AR1 alpha + Basic + One-Step,NASDAQ:TER,0.0
2023-09-27,12,AR1 alpha + Basic + One-Step,NASDAQ:TER,1.5929646049532589e-06
2023-09-28,12,AR1 alpha + Basic + One-Step,NASDAQ:TER,7.934655427844682e-07
2023-09-29,12,AR1 alpha + Basic + One-Step,NASDAQ:TER,3.416479742610221e-07
2023-10-02,12,AR1 alpha + Basic + One-Step,NASDAQ:TER,4.649556952299494e-08
2023-10-03,12,AR1 alpha + Basic + One-Step,NASDAQ:TER,0.0
2023-10-04,12,AR1 alpha + Basic + One-Step,NASDAQ:TER,0.0
2023-10-05,12,AR1 alpha + Basic + One-Step,NASDAQ:TER,0.0
2023-10-06,12,AR1 alpha + Basic + One-Step,NASDAQ:TER,0.0
2023-10-09,12,AR1 alpha + Basic + One-Step,NASDAQ:TER,0.0
2023-10-10,12,AR1 alpha + Basic + One-Step,NASDAQ:TER,0.0
2023-10-11,12,AR1 alpha + Basic + One-Step,NASDAQ:TER,7.742540120444484e-09
2023-10-12,12,AR1 alpha + Basic + One-Step,NASDAQ:TER,8.63383824068001e-08
2023-10-13,12,AR1 alpha + Basic + One-Step,NASDAQ:TER,0.0914888873614794
2023-10-16,12,AR1 alpha + Basic + One-Step,NASDAQ:TER,9.442687554846931e-07
2023-10-17,12,AR1 alpha + Basic + One-Step,NASDAQ:TER,0.0064742205160537285
2023-10-18,12,AR1 alpha + Basic + One-Step,NASDAQ:TER,0.09862642045802272
2023-10-19,12,AR1 alpha + Basic + One-Step,NASDAQ:TER,0.0998628493740695
2023-10-20,12,AR1 alpha + Basic + One-Step,NASDAQ:TER,0.08939754060984503
2023-10-23,12,AR1 alpha + Basic + One-Step,NASDAQ:TER,0.036468939398834395
2023-10-24,12,AR1 alpha + Basic + One-Step,NASDAQ:TER,0.0
2023-10-25,12,AR1 alpha + Basic + One-Step,NASDAQ:TER,0.09999686367912844
2023-10-26,12,AR1 alpha + Basic + One-Step,NASDAQ:TER,0.09999513979367415
2023-10-27,12,AR1 alpha + Basic + One-Step,NASDAQ:TER,0.09999325495390331
2023-10-30,12,AR1 alpha + Basic + One-Step,NASDAQ:TER,0.09999695351352984
2023-10-31,12,AR1 alpha + Basic + One-Step,NASDAQ:TER,0.046177674043187816
2023-11-01,12,AR1 alpha + Basic + One-Step,NASDAQ:TER,0.046177301787150925
2023-11-02,12,AR1 alpha + Basic + One-Step,NASDAQ:TER,0.0
2023-11-03,12,AR1 alpha + Basic + One-Step,NASDAQ:TER,0.0
2023-11-06,12,AR1 alpha + Basic + One-Step,NASDAQ:TER,0.0
2023-11-07,12,AR1 alpha + Basic + One-Step,NASDAQ:TER,1.4603113302339449e-08
2023-11-08,12,AR1 alpha + Basic + One-Step,NASDAQ:TER,2.0785841697850282e-08
2023-11-09,12,AR1 alpha + Basic + One-Step,NASDAQ:TER,0.0
2023-11-10,12,AR1 alpha + Basic + One-Step,NASDAQ:TER,0.0
2023-11-13,12,AR1 alpha + Basic + One-Step,NASDAQ:TER,0.0
2023-11-14,12,AR1 alpha + Basic + One-Step,NASDAQ:TER,0.0
2023-11-15,12,AR1 alpha + Basic + One-Step,NASDAQ:TER,0.0
2023-11-16,12,AR1 alpha + Basic + One-Step,NASDAQ:TER,0.0
2023-11-17,12,AR1 alpha + Basic + One-Step,NASDAQ:TER,1.4279130669433728e-07
2023-11-20,12,AR1 alpha + Basic + One-Step,NASDAQ:TER,0.0
2023-11-21,12,AR1 alpha + Basic + One-Step,NASDAQ:TER,0.0
2023-11-22,12,AR1 alpha + Basic + One-Step,NASDAQ:TER,0.0
2023-11-24,12,AR1 alpha + Basic + One-Step,NASDAQ:TER,0.0
2023-11-27,12,AR1 alpha + Basic + One-Step,NASDAQ:TER,0.0
2023-11-28,12,AR1 alpha + Basic + One-Step,NASDAQ:TER,4.6800996188329015e-09
2023-11-29,12,AR1 alpha + Basic + One-Step,NASDAQ:TER,0.0
2023-11-30,12,AR1 alpha + Basic + One-Step,NASDAQ:TER,0.0
2023-12-01,12,AR1 alpha + Basic + One-Step,NASDAQ:TER,8.682450720278582e-09
2023-12-04,12,AR1 alpha + Basic + One-Step,NASDAQ:TER,0.0
2023-12-05,12,AR1 alpha + Basic + One-Step,NASDAQ:TER,0.0
2023-12-06,12,AR1 alpha + Basic + One-Step,NASDAQ:TER,1.7445163495969114e-07
2023-12-07,12,AR1 alpha + Basic + One-Step,NASDAQ:TER,6.097732379464688e-08
2023-12-08,12,AR1 alpha + Basic + One-Step,NASDAQ:TER,0.0
2023-12-11,12,AR1 alpha + Basic + One-Step,NASDAQ:TER,0.0
2023-12-12,12,AR1 alpha + Basic + One-Step,NASDAQ:TER,0.0
2023-12-13,12,AR1 alpha + Basic + One-Step,NASDAQ:TER,3.876481128007049e-07
2023-12-14,12,AR1 alpha + Basic + One-Step,NASDAQ:TER,1.7673475420443506e-07
2023-12-15,12,AR1 alpha + Basic + One-Step,NASDAQ:TER,3.340745564048842e-08
2023-12-18,12,AR1 alpha + Basic + One-Step,NASDAQ:TER,0.0
2023-12-19,12,AR1 alpha + Basic + One-Step,NASDAQ:TER,0.0
2023-12-20,12,AR1 alpha + Basic + One-Step,NASDAQ:TER,0.0
2023-12-21,12,AR1 alpha + Basic + One-Step,NASDAQ:TER,0.0
2023-12-22,12,AR1 alpha + Basic + One-Step,NASDAQ:TER,3.128119946804001e-07
2023-12-26,12,AR1 alpha + Basic + One-Step,NASDAQ:TER,0.0
2023-12-27,12,AR1 alpha + Basic + One-Step,NASDAQ:TER,0.0
2023-12-28,12,AR1 alpha + Basic + One-Step,NASDAQ:TER,0.0
2023-12-29,12,AR1 alpha + Basic + One-Step,NASDAQ:TER,0.0
2024-01-02,12,AR1 alpha + Basic + One-Step,NASDAQ:TER,0.0
2024-01-03,12,AR1 alpha + Basic + One-Step,NASDAQ:TER,0.0
2024-01-04,12,AR1 alpha + Basic + One-Step,NASDAQ:TER,0.0
2024-01-05,12,AR1 alpha + Basic + One-Step,NASDAQ:TER,0.0
2024-01-08,12,AR1 alpha + Basic + One-Step,NASDAQ:TER,0.0
2024-01-09,12,AR1 alpha + Basic + One-Step,NASDAQ:TER,0.0
2024-01-10,12,AR1 alpha + Basic + One-Step,NASDAQ:TER,0.0
2024-01-11,12,AR1 alpha + Basic + One-Step,NASDAQ:TER,2.5768937119678605e-07
2024-01-12,12,AR1 alpha + Basic + One-Step,NASDAQ:TER,9.119186797656817e-23
2024-01-16,12,AR1 alpha + Basic + One-Step,NASDAQ:TER,0.0
2024-01-17,12,AR1 alpha + Basic + One-Step,NASDAQ:TER,0.0
2024-01-18,12,AR1 alpha + Basic + One-Step,NASDAQ:TER,6.419285607273763e-07
2024-01-19,12,AR1 alpha + Basic + One-Step,NASDAQ:TER,0.0
2024-01-22,12,AR1 alpha + Basic + One-Step,NASDAQ:TER,0.0
2024-01-23,12,AR1 alpha + Basic + One-Step,NASDAQ:TER,0.0
2024-01-24,12,AR1 alpha + Basic + One-Step,NASDAQ:TER,8.486048815173964e-08
2024-01-25,12,AR1 alpha + Basic + One-Step,NASDAQ:TER,4.931296938269559e-09
2024-01-26,12,AR1 alpha + Basic + One-Step,NASDAQ:TER,0.0
2024-01-29,12,AR1 alpha + Basic + One-Step,NASDAQ:TER,0.0
2024-01-30,12,AR1 alpha + Basic + One-Step,NASDAQ:TER,0.0
2024-01-31,12,AR1 alpha + Basic + One-Step,NASDAQ:TER,0.0
2024-02-01,12,AR1 alpha + Basic + One-Step,NASDAQ:TER,0.0
2024-02-02,12,AR1 alpha + Basic + One-Step,NASDAQ:TER,0.0
2024-02-05,12,AR1 alpha + Basic + One-Step,NASDAQ:TER,0.0
2024-02-06,12,AR1 alpha + Basic + One-Step,NASDAQ:TER,0.0
2024-02-07,12,AR1 alpha + Basic + One-Step,NASDAQ:TER,2.095147341587474e-08
2024-02-08,12,AR1 alpha + Basic + One-Step,NASDAQ:TER,9.319338332193824e-09
2024-02-09,12,AR1 alpha + Basic + One-Step,NASDAQ:TER,0.0
2024-02-12,12,AR1 alpha + Basic + One-Step,NASDAQ:TER,0.0
2024-02-13,12,AR1 alpha + Basic + One-Step,NASDAQ:TER,0.0
2024-02-14,12,AR1 alpha + Basic + One-Step,NASDAQ:TER,0.0
2024-02-15,12,AR1 alpha + Basic + One-Step,NASDAQ:TER,3.731529379196754e-08
2024-02-16,12,AR1 alpha + Basic + One-Step,NASDAQ:TER,0.0
2024-02-20,12,AR1 alpha + Basic + One-Step,NASDAQ:TER,0.0
2024-02-21,12,AR1 alpha + Basic + One-Step,NASDAQ:TER,5.2132782902586124e-08
2024-02-22,12,AR1 alpha + Basic + One-Step,NASDAQ:TER,0.0
2024-02-23,12,AR1 alpha + Basic + One-Step,NASDAQ:TER,0.0
2024-02-26,12,AR1 alpha + Basic + One-Step,NASDAQ:TER,0.0
2024-02-27,12,AR1 alpha + Basic + One-Step,NASDAQ:TER,0.0
2024-02-28,12,AR1 alpha + Basic + One-Step,NASDAQ:TER,0.0
2024-02-29,12,AR1 alpha + Basic + One-Step,NASDAQ:TER,0.0
2024-03-01,12,AR1 alpha + Basic + One-Step,NASDAQ:TER,0.0
2024-03-04,12,AR1 alpha + Basic + One-Step,NASDAQ:TER,0.0
2024-03-05,12,AR1 alpha + Basic + One-Step,NASDAQ:TER,0.0
2024-03-06,12,AR1 alpha + Basic + One-Step,NASDAQ:TER,0.0
2024-03-07,12,AR1 alpha + Basic + One-Step,NASDAQ:TER,0.0
2024-03-08,12,AR1 alpha + Basic + One-Step,NASDAQ:TER,0.0
2024-03-11,12,AR1 alpha + Basic + One-Step,NASDAQ:TER,0.0
2024-03-12,12,AR1 alpha + Basic + One-Step,NASDAQ:TER,0.0
2024-03-13,12,AR1 alpha + Basic + One-Step,NASDAQ:TER,0.0
2024-03-14,12,AR1 alpha + Basic + One-Step,NASDAQ:TER,1.1992372409577294e-07
2024-03-15,12,AR1 alpha + Basic + One-Step,NASDAQ:TER,1.1587963404140104e-07
2024-03-18,12,AR1 alpha + Basic + One-Step,NASDAQ:TER,1.2925683739558145e-07
2024-03-19,12,AR1 alpha + Basic + One-Step,NASDAQ:TER,0.0
2024-03-20,12,AR1 alpha + Basic + One-Step,NASDAQ:TER,0.0
2024-03-21,12,AR1 alpha + Basic + One-Step,NASDAQ:TER,5.486574745371959e-08
2024-03-22,12,AR1 alpha + Basic + One-Step,NASDAQ:TER,0.0
2024-03-25,12,AR1 alpha + Basic + One-Step,NASDAQ:TER,0.0
2024-03-26,12,AR1 alpha + Basic + One-Step,NASDAQ:TER,0.0
2024-03-27,12,AR1 alpha + Basic + One-Step,NASDAQ:TER,0.0
2024-03-28,12,AR1 alpha + Basic + One-Step,NASDAQ:TER,0.0
2024-04-01,12,AR1 alpha + Basic + One-Step,NASDAQ:TER,1.1446794651755554e-06
2024-04-02,12,AR1 alpha + Basic + One-Step,NASDAQ:TER,0.0
2024-04-03,12,AR1 alpha + Basic + One-Step,NASDAQ:TER,0.0
2024-04-04,12,AR1 alpha + Basic + One-Step,NASDAQ:TER,0.0
2024-04-05,12,AR1 alpha + Basic + One-Step,NASDAQ:TER,0.0
2024-04-08,12,AR1 alpha + Basic + One-Step,NASDAQ:TER,0.0
2024-04-09,12,AR1 alpha + Basic + One-Step,NASDAQ:TER,0.0
2024-04-10,12,AR1 alpha + Basic + One-Step,NASDAQ:TER,3.0006397505479606e-07
2024-04-11,12,AR1 alpha + Basic + One-Step,NASDAQ:TER,0.0
2024-04-12,12,AR1 alpha + Basic + One-Step,NASDAQ:TER,0.0
2024-04-15,12,AR1 alpha + Basic + One-Step,NASDAQ:TER,0.0
2024-04-16,12,AR1 alpha + Basic + One-Step,NASDAQ:TER,0.0
2024-04-17,12,AR1 alpha + Basic + One-Step,NASDAQ:TER,8.884275001541554e-08
2024-04-18,12,AR1 alpha + Basic + One-Step,NASDAQ:TER,0.0
2024-04-19,12,AR1 alpha + Basic + One-Step,NASDAQ:TER,0.0
2020-03-25,12,AR1 alpha + Basic + One-Step,NASDAQ:ITCI,0.02
2020-03-26,12,AR1 alpha + Basic + One-Step,NASDAQ:ITCI,0.019999999999999997
2020-03-27,12,AR1 alpha + Basic + One-Step,NASDAQ:ITCI,0.10000000000000003
2020-03-30,12,AR1 alpha + Basic + One-Step,NASDAQ:ITCI,0.0
2020-03-31,12,AR1 alpha + Basic + One-Step,NASDAQ:ITCI,1.4911048766486682e-09
2020-04-01,12,AR1 alpha + Basic + One-Step,NASDAQ:ITCI,0.0
2020-04-02,12,AR1 alpha + Basic + One-Step,NASDAQ:ITCI,2.8973029729709176e-08
2020-04-03,12,AR1 alpha + Basic + One-Step,NASDAQ:ITCI,8.200726139024926e-08
2020-04-06,12,AR1 alpha + Basic + One-Step,NASDAQ:ITCI,0.0
2020-04-07,12,AR1 alpha + Basic + One-Step,NASDAQ:ITCI,6.023006177767335e-08
2020-04-08,12,AR1 alpha + Basic + One-Step,NASDAQ:ITCI,0.0
2020-04-09,12,AR1 alpha + Basic + One-Step,NASDAQ:ITCI,0.0
2020-04-13,12,AR1 alpha + Basic + One-Step,NASDAQ:ITCI,0.0
2020-04-14,12,AR1 alpha + Basic + One-Step,NASDAQ:ITCI,0.0
2020-04-15,12,AR1 alpha + Basic + One-Step,NASDAQ:ITCI,0.0
2020-04-16,12,AR1 alpha + Basic + One-Step,NASDAQ:ITCI,0.008683555713516084
2020-04-17,12,AR1 alpha + Basic + One-Step,NASDAQ:ITCI,0.0
2020-04-20,12,AR1 alpha + Basic + One-Step,NASDAQ:ITCI,0.0
2020-04-21,12,AR1 alpha + Basic + One-Step,NASDAQ:ITCI,0.0
2020-04-22,12,AR1 alpha + Basic + One-Step,NASDAQ:ITCI,0.0
2020-04-23,12,AR1 alpha + Basic + One-Step,NASDAQ:ITCI,0.0
2020-04-24,12,AR1 alpha + Basic + One-Step,NASDAQ:ITCI,1.3905703993320736e-07
2020-04-27,12,AR1 alpha + Basic + One-Step,NASDAQ:ITCI,0.0
2020-04-28,12,AR1 alpha + Basic + One-Step,NASDAQ:ITCI,0.0
2020-04-29,12,AR1 alpha + Basic + One-Step,NASDAQ:ITCI,4.665691113990295e-07
2020-04-30,12,AR1 alpha + Basic + One-Step,NASDAQ:ITCI,0.0999983023806363
2020-05-01,12,AR1 alpha + Basic + One-Step,NASDAQ:ITCI,0.09999920777759856
2020-05-04,12,AR1 alpha + Basic + One-Step,NASDAQ:ITCI,0.09999630401292363
2020-05-05,12,AR1 alpha + Basic + One-Step,NASDAQ:ITCI,5.965630219703265e-07
2020-05-06,12,AR1 alpha + Basic + One-Step,NASDAQ:ITCI,0.0
2020-05-07,12,AR1 alpha + Basic + One-Step,NASDAQ:ITCI,0.0
2020-05-08,12,AR1 alpha + Basic + One-Step,NASDAQ:ITCI,1.382470225370923e-07
2020-05-11,12,AR1 alpha + Basic + One-Step,NASDAQ:ITCI,3.144852919919974e-07
2020-05-12,12,AR1 alpha + Basic + One-Step,NASDAQ:ITCI,0.0
2020-05-13,12,AR1 alpha + Basic + One-Step,NASDAQ:ITCI,0.09115842941680281
2020-05-14,12,AR1 alpha + Basic + One-Step,NASDAQ:ITCI,0.09999995955718692
2020-05-15,12,AR1 alpha + Basic + One-Step,NASDAQ:ITCI,0.045193734780984
2020-05-18,12,AR1 alpha + Basic + One-Step,NASDAQ:ITCI,0.056714272779561516
2020-05-19,12,AR1 alpha + Basic + One-Step,NASDAQ:ITCI,0.0999992973107388
2020-05-20,12,AR1 alpha + Basic + One-Step,NASDAQ:ITCI,0.09999731327976549
2020-05-21,12,AR1 alpha + Basic + One-Step,NASDAQ:ITCI,0.09999633444727368
2020-05-22,12,AR1 alpha + Basic + One-Step,NASDAQ:ITCI,0.09999822121923309
2020-05-26,12,AR1 alpha + Basic + One-Step,NASDAQ:ITCI,0.099999151267831
2020-05-27,12,AR1 alpha + Basic + One-Step,NASDAQ:ITCI,0.10000034670682614
2020-05-28,12,AR1 alpha + Basic + One-Step,NASDAQ:ITCI,0.10000000000000003
2020-05-29,12,AR1 alpha + Basic + One-Step,NASDAQ:ITCI,0.09999997471315489
2020-06-01,12,AR1 alpha + Basic + One-Step,NASDAQ:ITCI,0.0999984927154956
2020-06-02,12,AR1 alpha + Basic + One-Step,NASDAQ:ITCI,0.09999948903169403
2020-06-03,12,AR1 alpha + Basic + One-Step,NASDAQ:ITCI,0.09999718970376473
2020-06-04,12,AR1 alpha + Basic + One-Step,NASDAQ:ITCI,0.09999681319002925
2020-06-05,12,AR1 alpha + Basic + One-Step,NASDAQ:ITCI,0.09999810977331001
2020-06-08,12,AR1 alpha + Basic + One-Step,NASDAQ:ITCI,0.09999853628343434
2020-06-09,12,AR1 alpha + Basic + One-Step,NASDAQ:ITCI,0.09999609780510511
2020-06-10,12,AR1 alpha + Basic + One-Step,NASDAQ:ITCI,0.0999904548947746
2020-06-11,12,AR1 alpha + Basic + One-Step,NASDAQ:ITCI,0.09999298419361623
2020-06-12,12,AR1 alpha + Basic + One-Step,NASDAQ:ITCI,0.09999639928819166
2020-06-15,12,AR1 alpha + Basic + One-Step,NASDAQ:ITCI,0.09999827248521388
2020-06-16,12,AR1 alpha + Basic + One-Step,NASDAQ:ITCI,0.09999802296728916
2020-06-17,12,AR1 alpha + Basic + One-Step,NASDAQ:ITCI,0.09999648004920532
2020-06-18,12,AR1 alpha + Basic + One-Step,NASDAQ:ITCI,0.08136867290283832
2020-06-19,12,AR1 alpha + Basic + One-Step,NASDAQ:ITCI,0.09999836258040365
2020-06-22,12,AR1 alpha + Basic + One-Step,NASDAQ:ITCI,0.09999292398298201
2020-06-23,12,AR1 alpha + Basic + One-Step,NASDAQ:ITCI,0.09999654500662669
2020-06-24,12,AR1 alpha + Basic + One-Step,NASDAQ:ITCI,0.09999826491419377
2020-06-25,12,AR1 alpha + Basic + One-Step,NASDAQ:ITCI,0.09999571836891125
2020-06-26,12,AR1 alpha + Basic + One-Step,NASDAQ:ITCI,0.09999673871753012
2020-06-29,12,AR1 alpha + Basic + One-Step,NASDAQ:ITCI,0.09999269031067819
2020-06-30,12,AR1 alpha + Basic + One-Step,NASDAQ:ITCI,0.09999644988967886
2020-07-01,12,AR1 alpha + Basic + One-Step,NASDAQ:ITCI,0.0999948017352509
2020-07-02,12,AR1 alpha + Basic + One-Step,NASDAQ:ITCI,0.09999747286847133
2020-07-06,12,AR1 alpha + Basic + One-Step,NASDAQ:ITCI,0.09999586019437688
2020-07-07,12,AR1 alpha + Basic + One-Step,NASDAQ:ITCI,0.09999384212994421
2020-07-08,12,AR1 alpha + Basic + One-Step,NASDAQ:ITCI,0.09999691126292508
2020-07-09,12,AR1 alpha + Basic + One-Step,NASDAQ:ITCI,0.09999852228793563
2020-07-10,12,AR1 alpha + Basic + One-Step,NASDAQ:ITCI,0.09999886951336362
2020-07-13,12,AR1 alpha + Basic + One-Step,NASDAQ:ITCI,0.09999945975533671
2020-07-14,12,AR1 alpha + Basic + One-Step,NASDAQ:ITCI,0.0999957603633227
2020-07-15,12,AR1 alpha + Basic + One-Step,NASDAQ:ITCI,0.09999807412499133
2020-07-16,12,AR1 alpha + Basic + One-Step,NASDAQ:ITCI,0.09999441980376332
2020-07-17,12,AR1 alpha + Basic + One-Step,NASDAQ:ITCI,0.09999702094205312
2020-07-20,12,AR1 alpha + Basic + One-Step,NASDAQ:ITCI,0.09999880975848215
2020-07-21,12,AR1 alpha + Basic + One-Step,NASDAQ:ITCI,0.09999670120664374
2020-07-22,12,AR1 alpha + Basic + One-Step,NASDAQ:ITCI,0.09999572101965656
2020-07-23,12,AR1 alpha + Basic + One-Step,NASDAQ:ITCI,0.09999795120277703
2020-07-24,12,AR1 alpha + Basic + One-Step,NASDAQ:ITCI,0.09999953370066432
2020-07-27,12,AR1 alpha + Basic + One-Step,NASDAQ:ITCI,0.09999981596004759
2020-07-28,12,AR1 alpha + Basic + One-Step,NASDAQ:ITCI,0.09999734645310394
2020-07-29,12,AR1 alpha + Basic + One-Step,NASDAQ:ITCI,0.09355724323569131
2020-07-30,12,AR1 alpha + Basic + One-Step,NASDAQ:ITCI,0.06263439076212254
2020-07-31,12,AR1 alpha + Basic + One-Step,NASDAQ:ITCI,0.08648654388825998
2020-08-03,12,AR1 alpha + Basic + One-Step,NASDAQ:ITCI,0.052072235143200085
2020-08-04,12,AR1 alpha + Basic + One-Step,NASDAQ:ITCI,0.05734423354615342
2020-08-05,12,AR1 alpha + Basic + One-Step,NASDAQ:ITCI,0.06831314099141551
2020-08-06,12,AR1 alpha + Basic + One-Step,NASDAQ:ITCI,0.034943855191783245
2020-08-07,12,AR1 alpha + Basic + One-Step,NASDAQ:ITCI,0.025128158357134816
2020-08-10,12,AR1 alpha + Basic + One-Step,NASDAQ:ITCI,0.06086039044264767
2020-08-11,12,AR1 alpha + Basic + One-Step,NASDAQ:ITCI,0.003650108536551456
2020-08-12,12,AR1 alpha + Basic + One-Step,NASDAQ:ITCI,0.0014793825154078965
2020-08-13,12,AR1 alpha + Basic + One-Step,NASDAQ:ITCI,0.0
2020-08-14,12,AR1 alpha + Basic + One-Step,NASDAQ:ITCI,0.0
2020-08-17,12,AR1 alpha + Basic + One-Step,NASDAQ:ITCI,0.0
2020-08-18,12,AR1 alpha + Basic + One-Step,NASDAQ:ITCI,0.0
2020-08-19,12,AR1 alpha + Basic + One-Step,NASDAQ:ITCI,0.0
2020-08-20,12,AR1 alpha + Basic + One-Step,NASDAQ:ITCI,1.2868428920609694e-07
2020-08-21,12,AR1 alpha + Basic + One-Step,NASDAQ:ITCI,0.0
2020-08-24,12,AR1 alpha + Basic + One-Step,NASDAQ:ITCI,0.0
2020-08-25,12,AR1 alpha + Basic + One-Step,NASDAQ:ITCI,0.0
2020-08-26,12,AR1 alpha + Basic + One-Step,NASDAQ:ITCI,0.0
2020-08-27,12,AR1 alpha + Basic + One-Step,NASDAQ:ITCI,0.0
2020-08-28,12,AR1 alpha + Basic + One-Step,NASDAQ:ITCI,0.0
2020-08-31,12,AR1 alpha + Basic + One-Step,NASDAQ:ITCI,0.0
2020-09-01,12,AR1 alpha + Basic + One-Step,NASDAQ:ITCI,0.0
2020-09-02,12,AR1 alpha + Basic + One-Step,NASDAQ:ITCI,0.0
2020-09-03,12,AR1 alpha + Basic + One-Step,NASDAQ:ITCI,0.0
2020-09-04,12,AR1 alpha + Basic + One-Step,NASDAQ:ITCI,0.0
2020-09-08,12,AR1 alpha + Basic + One-Step,NASDAQ:ITCI,0.0
2020-09-09,12,AR1 alpha + Basic + One-Step,NASDAQ:ITCI,0.04985468656166442
2020-09-10,12,AR1 alpha + Basic + One-Step,NASDAQ:ITCI,0.039983001411356814
2020-09-11,12,AR1 alpha + Basic + One-Step,NASDAQ:ITCI,0.050150561600362915
2020-09-14,12,AR1 alpha + Basic + One-Step,NASDAQ:ITCI,0.03997513432421284
2020-09-15,12,AR1 alpha + Basic + One-Step,NASDAQ:ITCI,0.049849290024477966
2020-09-16,12,AR1 alpha + Basic + One-Step,NASDAQ:ITCI,0.04972781906733906
2020-09-17,12,AR1 alpha + Basic + One-Step,NASDAQ:ITCI,0.053409961274203555
2020-09-18,12,AR1 alpha + Basic + One-Step,NASDAQ:ITCI,0.05626159450781425
2020-09-21,12,AR1 alpha + Basic + One-Step,NASDAQ:ITCI,0.05626164624005347
2020-09-22,12,AR1 alpha + Basic + One-Step,NASDAQ:ITCI,0.07045119765797182
2020-09-23,12,AR1 alpha + Basic + One-Step,NASDAQ:ITCI,0.06544576903493024
2020-09-24,12,AR1 alpha + Basic + One-Step,NASDAQ:ITCI,0.06987495009382945
2020-09-25,12,AR1 alpha + Basic + One-Step,NASDAQ:ITCI,0.0668779609003943
2020-09-28,12,AR1 alpha + Basic + One-Step,NASDAQ:ITCI,0.07266730065665783
2020-09-29,12,AR1 alpha + Basic + One-Step,NASDAQ:ITCI,0.06939488270845844
2020-09-30,12,AR1 alpha + Basic + One-Step,NASDAQ:ITCI,0.06572294376377354
2020-10-01,12,AR1 alpha + Basic + One-Step,NASDAQ:ITCI,0.06731265252821352
2020-10-02,12,AR1 alpha + Basic + One-Step,NASDAQ:ITCI,0.0604889092069563
2020-10-05,12,AR1 alpha + Basic + One-Step,NASDAQ:ITCI,0.04841576594566759
2020-10-06,12,AR1 alpha + Basic + One-Step,NASDAQ:ITCI,0.03819683967836988
2020-10-07,12,AR1 alpha + Basic + One-Step,NASDAQ:ITCI,0.04039368073654574
2020-10-08,12,AR1 alpha + Basic + One-Step,NASDAQ:ITCI,0.03916665538813826
2020-10-09,12,AR1 alpha + Basic + One-Step,NASDAQ:ITCI,0.043794809510960764
2020-10-12,12,AR1 alpha + Basic + One-Step,NASDAQ:ITCI,0.05484667655575893
2020-10-13,12,AR1 alpha + Basic + One-Step,NASDAQ:ITCI,0.04762717996655802
2020-10-14,12,AR1 alpha + Basic + One-Step,NASDAQ:ITCI,0.04123148699806571
2020-10-15,12,AR1 alpha + Basic + One-Step,NASDAQ:ITCI,0.03131673330847414
2020-10-16,12,AR1 alpha + Basic + One-Step,NASDAQ:ITCI,0.03557657381731407
2020-10-19,12,AR1 alpha + Basic + One-Step,NASDAQ:ITCI,0.034630686510839205
2020-10-20,12,AR1 alpha + Basic + One-Step,NASDAQ:ITCI,0.035947250760929375
2020-10-21,12,AR1 alpha + Basic + One-Step,NASDAQ:ITCI,0.03336935829101199
2020-10-22,12,AR1 alpha + Basic + One-Step,NASDAQ:ITCI,0.029352784094174855
2020-10-23,12,AR1 alpha + Basic + One-Step,NASDAQ:ITCI,0.026260607219130348
2020-10-26,12,AR1 alpha + Basic + One-Step,NASDAQ:ITCI,0.025031423577730125
2020-10-27,12,AR1 alpha + Basic + One-Step,NASDAQ:ITCI,0.021963555134058604
2020-10-28,12,AR1 alpha + Basic + One-Step,NASDAQ:ITCI,0.012959661582306306
2020-10-29,12,AR1 alpha + Basic + One-Step,NASDAQ:ITCI,0.012230086888711416
2020-10-30,12,AR1 alpha + Basic + One-Step,NASDAQ:ITCI,0.0
2020-11-02,12,AR1 alpha + Basic + One-Step,NASDAQ:ITCI,0.014034444641616014
2020-11-03,12,AR1 alpha + Basic + One-Step,NASDAQ:ITCI,0.024606536143752446
2020-11-04,12,AR1 alpha + Basic + One-Step,NASDAQ:ITCI,0.007475109318078817
2020-11-05,12,AR1 alpha + Basic + One-Step,NASDAQ:ITCI,0.033375788459378344
2020-11-06,12,AR1 alpha + Basic + One-Step,NASDAQ:ITCI,0.035843737115718116
2020-11-09,12,AR1 alpha + Basic + One-Step,NASDAQ:ITCI,0.014354796608841074
2020-11-10,12,AR1 alpha + Basic + One-Step,NASDAQ:ITCI,0.02544471137767364
2020-11-11,12,AR1 alpha + Basic + One-Step,NASDAQ:ITCI,0.028665900534217647
2020-11-12,12,AR1 alpha + Basic + One-Step,NASDAQ:ITCI,0.028988958625973362
2020-11-13,12,AR1 alpha + Basic + One-Step,NASDAQ:ITCI,0.021944667284322143
2020-11-16,12,AR1 alpha + Basic + One-Step,NASDAQ:ITCI,0.022593085477223714
2020-11-17,12,AR1 alpha + Basic + One-Step,NASDAQ:ITCI,0.02139916783351049
2020-11-18,12,AR1 alpha + Basic + One-Step,NASDAQ:ITCI,0.033100820507168636
2020-11-19,12,AR1 alpha + Basic + One-Step,NASDAQ:ITCI,0.03533850715365455
2020-11-20,12,AR1 alpha + Basic + One-Step,NASDAQ:ITCI,0.03966996751931316
2020-11-23,12,AR1 alpha + Basic + One-Step,NASDAQ:ITCI,0.03937819807817131
2020-11-24,12,AR1 alpha + Basic + One-Step,NASDAQ:ITCI,0.032278109447426276
2020-11-25,12,AR1 alpha + Basic + One-Step,NASDAQ:ITCI,0.021354218598118622
2020-11-27,12,AR1 alpha + Basic + One-Step,NASDAQ:ITCI,0.027851235022941546
2020-11-30,12,AR1 alpha + Basic + One-Step,NASDAQ:ITCI,0.03473160416676666
2020-12-01,12,AR1 alpha + Basic + One-Step,NASDAQ:ITCI,0.026051248552201808
2020-12-02,12,AR1 alpha + Basic + One-Step,NASDAQ:ITCI,0.011341461218944826
2020-12-03,12,AR1 alpha + Basic + One-Step,NASDAQ:ITCI,0.015091407828567278
2020-12-04,12,AR1 alpha + Basic + One-Step,NASDAQ:ITCI,0.01514983267331057
2020-12-07,12,AR1 alpha + Basic + One-Step,NASDAQ:ITCI,0.008560253584768604
2020-12-08,12,AR1 alpha + Basic + One-Step,NASDAQ:ITCI,1.0710234504682685e-07
2020-12-09,12,AR1 alpha + Basic + One-Step,NASDAQ:ITCI,0.0
2020-12-10,12,AR1 alpha + Basic + One-Step,NASDAQ:ITCI,0.0
2020-12-11,12,AR1 alpha + Basic + One-Step,NASDAQ:ITCI,0.0005817752386360459
2020-12-14,12,AR1 alpha + Basic + One-Step,NASDAQ:ITCI,1.5337635752186675e-07
2020-12-15,12,AR1 alpha + Basic + One-Step,NASDAQ:ITCI,0.0
2020-12-16,12,AR1 alpha + Basic + One-Step,NASDAQ:ITCI,0.0
2020-12-17,12,AR1 alpha + Basic + One-Step,NASDAQ:ITCI,0.0
2020-12-18,12,AR1 alpha + Basic + One-Step,NASDAQ:ITCI,0.0
2020-12-21,12,AR1 alpha + Basic + One-Step,NASDAQ:ITCI,2.519055593844237e-07
2020-12-22,12,AR1 alpha + Basic + One-Step,NASDAQ:ITCI,0.0
2020-12-23,12,AR1 alpha + Basic + One-Step,NASDAQ:ITCI,1.4066066444071105e-07
2020-12-24,12,AR1 alpha + Basic + One-Step,NASDAQ:ITCI,3.133184673193284e-10
2020-12-28,12,AR1 alpha + Basic + One-Step,NASDAQ:ITCI,1.155007250993417e-08
2020-12-29,12,AR1 alpha + Basic + One-Step,NASDAQ:ITCI,0.0
2020-12-30,12,AR1 alpha + Basic + One-Step,NASDAQ:ITCI,0.0005676960400228508
2020-12-31,12,AR1 alpha + Basic + One-Step,NASDAQ:ITCI,0.004108598074119355
2021-01-04,12,AR1 alpha + Basic + One-Step,NASDAQ:ITCI,0.002618313528972254
2021-01-05,12,AR1 alpha + Basic + One-Step,NASDAQ:ITCI,0.015417166068399648
2021-01-06,12,AR1 alpha + Basic + One-Step,NASDAQ:ITCI,0.018110380254917766
2021-01-07,12,AR1 alpha + Basic + One-Step,NASDAQ:ITCI,0.031551582290144785
2021-01-08,12,AR1 alpha + Basic + One-Step,NASDAQ:ITCI,0.03871165398740356
2021-01-11,12,AR1 alpha + Basic + One-Step,NASDAQ:ITCI,0.04195851029372876
2021-01-12,12,AR1 alpha + Basic + One-Step,NASDAQ:ITCI,0.03099311448189223
2021-01-13,12,AR1 alpha + Basic + One-Step,NASDAQ:ITCI,0.01914070646925569
2021-01-14,12,AR1 alpha + Basic + One-Step,NASDAQ:ITCI,0.029741367891281536
2021-01-15,12,AR1 alpha + Basic + One-Step,NASDAQ:ITCI,0.029521703278776134
2021-01-19,12,AR1 alpha + Basic + One-Step,NASDAQ:ITCI,0.0545883344954204
2021-01-20,12,AR1 alpha + Basic + One-Step,NASDAQ:ITCI,0.04735767883248127
2021-01-21,12,AR1 alpha + Basic + One-Step,NASDAQ:ITCI,0.043332206283386625
2021-01-22,12,AR1 alpha + Basic + One-Step,NASDAQ:ITCI,0.03293911269564973
2021-01-25,12,AR1 alpha + Basic + One-Step,NASDAQ:ITCI,0.015485758419743022
2021-01-26,12,AR1 alpha + Basic + One-Step,NASDAQ:ITCI,0.017788911205446505
2021-01-27,12,AR1 alpha + Basic + One-Step,NASDAQ:ITCI,0.014262572741951871
2021-01-28,12,AR1 alpha + Basic + One-Step,NASDAQ:ITCI,0.0034312029008085085
2021-01-29,12,AR1 alpha + Basic + One-Step,NASDAQ:ITCI,0.004317269603839762
2021-02-01,12,AR1 alpha + Basic + One-Step,NASDAQ:ITCI,0.0027032281037829443
2021-02-02,12,AR1 alpha + Basic + One-Step,NASDAQ:ITCI,0.004866674260563856
2021-02-03,12,AR1 alpha + Basic + One-Step,NASDAQ:ITCI,0.0
2021-02-04,12,AR1 alpha + Basic + One-Step,NASDAQ:ITCI,0.0012914445962356614
2021-02-05,12,AR1 alpha + Basic + One-Step,NASDAQ:ITCI,0.007198417289706723
2021-02-08,12,AR1 alpha + Basic + One-Step,NASDAQ:ITCI,0.008560167239568392
2021-02-09,12,AR1 alpha + Basic + One-Step,NASDAQ:ITCI,0.01390635946345097
2021-02-10,12,AR1 alpha + Basic + One-Step,NASDAQ:ITCI,0.014827460976931465
2021-02-11,12,AR1 alpha + Basic + One-Step,NASDAQ:ITCI,0.031318496529249826
2021-02-12,12,AR1 alpha + Basic + One-Step,NASDAQ:ITCI,0.031827195838727305
2021-02-16,12,AR1 alpha + Basic + One-Step,NASDAQ:ITCI,0.03132098834767574
2021-02-17,12,AR1 alpha + Basic + One-Step,NASDAQ:ITCI,0.026164678779566956
2021-02-18,12,AR1 alpha + Basic + One-Step,NASDAQ:ITCI,0.028882783352568955
2021-02-19,12,AR1 alpha + Basic + One-Step,NASDAQ:ITCI,0.027258494536967035
2021-02-22,12,AR1 alpha + Basic + One-Step,NASDAQ:ITCI,0.010708353993913185
2021-02-23,12,AR1 alpha + Basic + One-Step,NASDAQ:ITCI,0.025872001074957112
2021-02-24,12,AR1 alpha + Basic + One-Step,NASDAQ:ITCI,0.02898524903387542
2021-02-25,12,AR1 alpha + Basic + One-Step,NASDAQ:ITCI,0.029147218212976136
2021-02-26,12,AR1 alpha + Basic + One-Step,NASDAQ:ITCI,0.03772161184153589
2021-03-01,12,AR1 alpha + Basic + One-Step,NASDAQ:ITCI,0.043061844154412575
2021-03-02,12,AR1 alpha + Basic + One-Step,NASDAQ:ITCI,0.03676426862274168
2021-03-03,12,AR1 alpha + Basic + One-Step,NASDAQ:ITCI,0.04249321830047959
2021-03-04,12,AR1 alpha + Basic + One-Step,NASDAQ:ITCI,0.02614847411378751
2021-03-05,12,AR1 alpha + Basic + One-Step,NASDAQ:ITCI,0.024825114346973882
2021-03-08,12,AR1 alpha + Basic + One-Step,NASDAQ:ITCI,0.023637429896210805
2021-03-09,12,AR1 alpha + Basic + One-Step,NASDAQ:ITCI,0.02363253243301689
2021-03-10,12,AR1 alpha + Basic + One-Step,NASDAQ:ITCI,0.02229954191236054
2021-03-11,12,AR1 alpha + Basic + One-Step,NASDAQ:ITCI,0.011177574726168269
2021-03-12,12,AR1 alpha + Basic + One-Step,NASDAQ:ITCI,0.018576042771863352
2021-03-15,12,AR1 alpha + Basic + One-Step,NASDAQ:ITCI,0.03346791192160357
2021-03-16,12,AR1 alpha + Basic + One-Step,NASDAQ:ITCI,0.037776881855505234
2021-03-17,12,AR1 alpha + Basic + One-Step,NASDAQ:ITCI,0.0333037300625252
2021-03-18,12,AR1 alpha + Basic + One-Step,NASDAQ:ITCI,0.03508250559687117
2021-03-19,12,AR1 alpha + Basic + One-Step,NASDAQ:ITCI,0.027902935313747806
2021-03-22,12,AR1 alpha + Basic + One-Step,NASDAQ:ITCI,0.03653552543302673
2021-03-23,12,AR1 alpha + Basic + One-Step,NASDAQ:ITCI,0.04265531612411787
2021-03-24,12,AR1 alpha + Basic + One-Step,NASDAQ:ITCI,0.058519342032264166
2021-03-25,12,AR1 alpha + Basic + One-Step,NASDAQ:ITCI,0.05120204192869647
2021-03-26,12,AR1 alpha + Basic + One-Step,NASDAQ:ITCI,0.053819750749888366
2021-03-29,12,AR1 alpha + Basic + One-Step,NASDAQ:ITCI,0.04549192923023992
2021-03-30,12,AR1 alpha + Basic + One-Step,NASDAQ:ITCI,0.03370223727857139
2021-03-31,12,AR1 alpha + Basic + One-Step,NASDAQ:ITCI,0.006818725393628368
2021-04-01,12,AR1 alpha + Basic + One-Step,NASDAQ:ITCI,0.006817282845082106
2021-04-05,12,AR1 alpha + Basic + One-Step,NASDAQ:ITCI,0.02303002593092251
2021-04-06,12,AR1 alpha + Basic + One-Step,NASDAQ:ITCI,0.03376941043462378
2021-04-07,12,AR1 alpha + Basic + One-Step,NASDAQ:ITCI,0.03676624995899383
2021-04-08,12,AR1 alpha + Basic + One-Step,NASDAQ:ITCI,0.02489573274945888
2021-04-09,12,AR1 alpha + Basic + One-Step,NASDAQ:ITCI,0.028376126394273227
2021-04-12,12,AR1 alpha + Basic + One-Step,NASDAQ:ITCI,0.030887547658821134
2021-04-13,12,AR1 alpha + Basic + One-Step,NASDAQ:ITCI,0.01988471004600367
2021-04-14,12,AR1 alpha + Basic + One-Step,NASDAQ:ITCI,0.0018484546728860852
2021-04-15,12,AR1 alpha + Basic + One-Step,NASDAQ:ITCI,0.00223373902920877
2021-04-16,12,AR1 alpha + Basic + One-Step,NASDAQ:ITCI,0.012865304507886711
2021-04-19,12,AR1 alpha + Basic + One-Step,NASDAQ:ITCI,0.01769559042789617
2021-04-20,12,AR1 alpha + Basic + One-Step,NASDAQ:ITCI,0.01279290619607988
2021-04-21,12,AR1 alpha + Basic + One-Step,NASDAQ:ITCI,0.016216987210062494
2021-04-22,12,AR1 alpha + Basic + One-Step,NASDAQ:ITCI,0.0009446330450125546
2021-04-23,12,AR1 alpha + Basic + One-Step,NASDAQ:ITCI,0.0
2021-04-26,12,AR1 alpha + Basic + One-Step,NASDAQ:ITCI,0.0
2021-04-27,12,AR1 alpha + Basic + One-Step,NASDAQ:ITCI,2.981780595265923e-07
2021-04-28,12,AR1 alpha + Basic + One-Step,NASDAQ:ITCI,0.0
2021-04-29,12,AR1 alpha + Basic + One-Step,NASDAQ:ITCI,0.0
2021-04-30,12,AR1 alpha + Basic + One-Step,NASDAQ:ITCI,0.0
2021-05-03,12,AR1 alpha + Basic + One-Step,NASDAQ:ITCI,0.0
2021-05-04,12,AR1 alpha + Basic + One-Step,NASDAQ:ITCI,0.01004786938465168
2021-05-05,12,AR1 alpha + Basic + One-Step,NASDAQ:ITCI,0.009309943182784932
2021-05-06,12,AR1 alpha + Basic + One-Step,NASDAQ:ITCI,0.0122215864001144
2021-05-07,12,AR1 alpha + Basic + One-Step,NASDAQ:ITCI,0.001291648815736529
2021-05-10,12,AR1 alpha + Basic + One-Step,NASDAQ:ITCI,0.0
2021-05-11,12,AR1 alpha + Basic + One-Step,NASDAQ:ITCI,0.0
2021-05-12,12,AR1 alpha + Basic + One-Step,NASDAQ:ITCI,0.0
2021-05-13,12,AR1 alpha + Basic + One-Step,NASDAQ:ITCI,4.980403904912225e-07
2021-05-14,12,AR1 alpha + Basic + One-Step,NASDAQ:ITCI,0.0024245525170330053
2021-05-17,12,AR1 alpha + Basic + One-Step,NASDAQ:ITCI,0.010503145000264155
2021-05-18,12,AR1 alpha + Basic + One-Step,NASDAQ:ITCI,4.7546393664072477e-07
2021-05-19,12,AR1 alpha + Basic + One-Step,NASDAQ:ITCI,8.837062380599171e-08
2021-05-20,12,AR1 alpha + Basic + One-Step,NASDAQ:ITCI,1.807151048588498e-08
2021-05-21,12,AR1 alpha + Basic + One-Step,NASDAQ:ITCI,0.0009064140338105042
2021-05-24,12,AR1 alpha + Basic + One-Step,NASDAQ:ITCI,0.014993617768359275
2021-05-25,12,AR1 alpha + Basic + One-Step,NASDAQ:ITCI,0.013088103735267805
2021-05-26,12,AR1 alpha + Basic + One-Step,NASDAQ:ITCI,0.013845168460176359
2021-05-27,12,AR1 alpha + Basic + One-Step,NASDAQ:ITCI,0.013400035756201426
2021-05-28,12,AR1 alpha + Basic + One-Step,NASDAQ:ITCI,0.021592482473668483
2021-06-01,12,AR1 alpha + Basic + One-Step,NASDAQ:ITCI,0.030061425427810564
2021-06-02,12,AR1 alpha + Basic + One-Step,NASDAQ:ITCI,0.037996559512459095
2021-06-03,12,AR1 alpha + Basic + One-Step,NASDAQ:ITCI,0.039870640832100034
2021-06-04,12,AR1 alpha + Basic + One-Step,NASDAQ:ITCI,0.026867071577419657
2021-06-07,12,AR1 alpha + Basic + One-Step,NASDAQ:ITCI,0.005860153928227645
2021-06-08,12,AR1 alpha + Basic + One-Step,NASDAQ:ITCI,0.004195527256442655
2021-06-09,12,AR1 alpha + Basic + One-Step,NASDAQ:ITCI,0.0
2021-06-10,12,AR1 alpha + Basic + One-Step,NASDAQ:ITCI,3.758672144493801e-08
2021-06-11,12,AR1 alpha + Basic + One-Step,NASDAQ:ITCI,0.014316439268710388
2021-06-14,12,AR1 alpha + Basic + One-Step,NASDAQ:ITCI,0.007627257239651729
2021-06-15,12,AR1 alpha + Basic + One-Step,NASDAQ:ITCI,0.006588319565298157
2021-06-16,12,AR1 alpha + Basic + One-Step,NASDAQ:ITCI,0.016697171090623058
2021-06-17,12,AR1 alpha + Basic + One-Step,NASDAQ:ITCI,0.00974693882098138
2021-06-18,12,AR1 alpha + Basic + One-Step,NASDAQ:ITCI,0.0015116715493412455
2021-06-21,12,AR1 alpha + Basic + One-Step,NASDAQ:ITCI,0.00640252677131332
2021-06-22,12,AR1 alpha + Basic + One-Step,NASDAQ:ITCI,2.1030338583970793e-07
2021-06-23,12,AR1 alpha + Basic + One-Step,NASDAQ:ITCI,0.004352612463047304
2021-06-24,12,AR1 alpha + Basic + One-Step,NASDAQ:ITCI,2.947973441800714e-07
2021-06-25,12,AR1 alpha + Basic + One-Step,NASDAQ:ITCI,0.013410310975467507
2021-06-28,12,AR1 alpha + Basic + One-Step,NASDAQ:ITCI,0.005630507964487754
2021-06-29,12,AR1 alpha + Basic + One-Step,NASDAQ:ITCI,0.003054974750244787
2021-06-30,12,AR1 alpha + Basic + One-Step,NASDAQ:ITCI,0.0
2021-07-01,12,AR1 alpha + Basic + One-Step,NASDAQ:ITCI,0.0
2021-07-02,12,AR1 alpha + Basic + One-Step,NASDAQ:ITCI,0.0
2021-07-06,12,AR1 alpha + Basic + One-Step,NASDAQ:ITCI,0.0
2021-07-07,12,AR1 alpha + Basic + One-Step,NASDAQ:ITCI,0.0028298205604295515
2021-07-08,12,AR1 alpha + Basic + One-Step,NASDAQ:ITCI,0.0
2021-07-09,12,AR1 alpha + Basic + One-Step,NASDAQ:ITCI,0.0026170553172205975
2021-07-12,12,AR1 alpha + Basic + One-Step,NASDAQ:ITCI,0.017855399564410256
2021-07-13,12,AR1 alpha + Basic + One-Step,NASDAQ:ITCI,0.01447782454701083
2021-07-14,12,AR1 alpha + Basic + One-Step,NASDAQ:ITCI,0.023995779021432826
2021-07-15,12,AR1 alpha + Basic + One-Step,NASDAQ:ITCI,0.018626887702959713
2021-07-16,12,AR1 alpha + Basic + One-Step,NASDAQ:ITCI,0.012286645910166557
2021-07-19,12,AR1 alpha + Basic + One-Step,NASDAQ:ITCI,0.0093253049368089
2021-07-20,12,AR1 alpha + Basic + One-Step,NASDAQ:ITCI,0.0
2021-07-21,12,AR1 alpha + Basic + One-Step,NASDAQ:ITCI,0.0
2021-07-22,12,AR1 alpha + Basic + One-Step,NASDAQ:ITCI,0.0
2021-07-23,12,AR1 alpha + Basic + One-Step,NASDAQ:ITCI,0.0
2021-07-26,12,AR1 alpha + Basic + One-Step,NASDAQ:ITCI,0.016844423767133635
2021-07-27,12,AR1 alpha + Basic + One-Step,NASDAQ:ITCI,0.016271576307848614
2021-07-28,12,AR1 alpha + Basic + One-Step,NASDAQ:ITCI,0.006342733927452379
2021-07-29,12,AR1 alpha + Basic + One-Step,NASDAQ:ITCI,0.002335196032450039
2021-07-30,12,AR1 alpha + Basic + One-Step,NASDAQ:ITCI,0.013326947731809233
2021-08-02,12,AR1 alpha + Basic + One-Step,NASDAQ:ITCI,0.0077392714816771815
2021-08-03,12,AR1 alpha + Basic + One-Step,NASDAQ:ITCI,0.0014748638338047397
2021-08-04,12,AR1 alpha + Basic + One-Step,NASDAQ:ITCI,0.007071000866254081
2021-08-05,12,AR1 alpha + Basic + One-Step,NASDAQ:ITCI,0.0
2021-08-06,12,AR1 alpha + Basic + One-Step,NASDAQ:ITCI,0.0
2021-08-09,12,AR1 alpha + Basic + One-Step,NASDAQ:ITCI,3.510818864939248e-07
2021-08-10,12,AR1 alpha + Basic + One-Step,NASDAQ:ITCI,0.00693081338586288
2021-08-11,12,AR1 alpha + Basic + One-Step,NASDAQ:ITCI,4.9972806742747446e-08
2021-08-12,12,AR1 alpha + Basic + One-Step,NASDAQ:ITCI,0.007124852864623711
2021-08-13,12,AR1 alpha + Basic + One-Step,NASDAQ:ITCI,0.01689121482435876
2021-08-16,12,AR1 alpha + Basic + One-Step,NASDAQ:ITCI,0.01304443743622818
2021-08-17,12,AR1 alpha + Basic + One-Step,NASDAQ:ITCI,0.005503128106541754
2021-08-18,12,AR1 alpha + Basic + One-Step,NASDAQ:ITCI,0.0
2021-08-19,12,AR1 alpha + Basic + One-Step,NASDAQ:ITCI,0.0035255808784470954
2021-08-20,12,AR1 alpha + Basic + One-Step,NASDAQ:ITCI,0.011698305690854416
2021-08-23,12,AR1 alpha + Basic + One-Step,NASDAQ:ITCI,0.00365115368607417
2021-08-24,12,AR1 alpha + Basic + One-Step,NASDAQ:ITCI,5.4982457575326806e-08
2021-08-25,12,AR1 alpha + Basic + One-Step,NASDAQ:ITCI,0.0028987214005365015
2021-08-26,12,AR1 alpha + Basic + One-Step,NASDAQ:ITCI,0.010111095988542589
2021-08-27,12,AR1 alpha + Basic + One-Step,NASDAQ:ITCI,0.010727742364918554
2021-08-30,12,AR1 alpha + Basic + One-Step,NASDAQ:ITCI,0.014309818079504015
2021-08-31,12,AR1 alpha + Basic + One-Step,NASDAQ:ITCI,0.011203212376098262
2021-09-01,12,AR1 alpha + Basic + One-Step,NASDAQ:ITCI,0.01329124892441748
2021-09-02,12,AR1 alpha + Basic + One-Step,NASDAQ:ITCI,0.009933300286169554
2021-09-03,12,AR1 alpha + Basic + One-Step,NASDAQ:ITCI,0.013413006284828253
2021-09-07,12,AR1 alpha + Basic + One-Step,NASDAQ:ITCI,0.009266176879737876
2021-09-08,12,AR1 alpha + Basic + One-Step,NASDAQ:ITCI,0.0
2021-09-09,12,AR1 alpha + Basic + One-Step,NASDAQ:ITCI,6.316426863138878e-08
2021-09-10,12,AR1 alpha + Basic + One-Step,NASDAQ:ITCI,0.0
2021-09-13,12,AR1 alpha + Basic + One-Step,NASDAQ:ITCI,0.0
2021-09-14,12,AR1 alpha + Basic + One-Step,NASDAQ:ITCI,3.4953644241130025e-07
2021-09-15,12,AR1 alpha + Basic + One-Step,NASDAQ:ITCI,0.0
2021-09-16,12,AR1 alpha + Basic + One-Step,NASDAQ:ITCI,0.0
2021-09-17,12,AR1 alpha + Basic + One-Step,NASDAQ:ITCI,0.0
2021-09-20,12,AR1 alpha + Basic + One-Step,NASDAQ:ITCI,0.0
2021-09-21,12,AR1 alpha + Basic + One-Step,NASDAQ:ITCI,7.1581855465017e-08
2021-09-22,12,AR1 alpha + Basic + One-Step,NASDAQ:ITCI,0.0
2021-09-23,12,AR1 alpha + Basic + One-Step,NASDAQ:ITCI,0.0
2021-09-24,12,AR1 alpha + Basic + One-Step,NASDAQ:ITCI,0.0
2021-09-27,12,AR1 alpha + Basic + One-Step,NASDAQ:ITCI,0.0
2021-09-28,12,AR1 alpha + Basic + One-Step,NASDAQ:ITCI,0.0
2021-09-29,12,AR1 alpha + Basic + One-Step,NASDAQ:ITCI,0.0
2021-09-30,12,AR1 alpha + Basic + One-Step,NASDAQ:ITCI,0.0
2021-10-01,12,AR1 alpha + Basic + One-Step,NASDAQ:ITCI,0.0
2021-10-04,12,AR1 alpha + Basic + One-Step,NASDAQ:ITCI,0.0
2021-10-05,12,AR1 alpha + Basic + One-Step,NASDAQ:ITCI,0.0
2021-10-06,12,AR1 alpha + Basic + One-Step,NASDAQ:ITCI,1.7264616316176765e-07
2021-10-07,12,AR1 alpha + Basic + One-Step,NASDAQ:ITCI,0.0
2021-10-08,12,AR1 alpha + Basic + One-Step,NASDAQ:ITCI,0.0
2021-10-11,12,AR1 alpha + Basic + One-Step,NASDAQ:ITCI,0.0
2021-10-12,12,AR1 alpha + Basic + One-Step,NASDAQ:ITCI,0.0
2021-10-13,12,AR1 alpha + Basic + One-Step,NASDAQ:ITCI,2.4247777457687554e-08
2021-10-14,12,AR1 alpha + Basic + One-Step,NASDAQ:ITCI,0.0
2021-10-15,12,AR1 alpha + Basic + One-Step,NASDAQ:ITCI,0.0
2021-10-18,12,AR1 alpha + Basic + One-Step,NASDAQ:ITCI,0.0
2021-10-19,12,AR1 alpha + Basic + One-Step,NASDAQ:ITCI,9.29010987189963e-08
2021-10-20,12,AR1 alpha + Basic + One-Step,NASDAQ:ITCI,0.0
2021-10-21,12,AR1 alpha + Basic + One-Step,NASDAQ:ITCI,0.0
2021-10-22,12,AR1 alpha + Basic + One-Step,NASDAQ:ITCI,0.0
2021-10-25,12,AR1 alpha + Basic + One-Step,NASDAQ:ITCI,0.0
2021-10-26,12,AR1 alpha + Basic + One-Step,NASDAQ:ITCI,0.0
2021-10-27,12,AR1 alpha + Basic + One-Step,NASDAQ:ITCI,0.0
2021-10-28,12,AR1 alpha + Basic + One-Step,NASDAQ:ITCI,0.0
2021-10-29,12,AR1 alpha + Basic + One-Step,NASDAQ:ITCI,0.0
2021-11-01,12,AR1 alpha + Basic + One-Step,NASDAQ:ITCI,2.059328466143835e-07
2021-11-02,12,AR1 alpha + Basic + One-Step,NASDAQ:ITCI,0.02149130583057091
2021-11-03,12,AR1 alpha + Basic + One-Step,NASDAQ:ITCI,0.0
2021-11-04,12,AR1 alpha + Basic + One-Step,NASDAQ:ITCI,0.0
2021-11-05,12,AR1 alpha + Basic + One-Step,NASDAQ:ITCI,1.498100666410263e-08
2021-11-08,12,AR1 alpha + Basic + One-Step,NASDAQ:ITCI,0.0
2021-11-09,12,AR1 alpha + Basic + One-Step,NASDAQ:ITCI,0.0
2021-11-10,12,AR1 alpha + Basic + One-Step,NASDAQ:ITCI,0.0
2021-11-11,12,AR1 alpha + Basic + One-Step,NASDAQ:ITCI,0.0
2021-11-12,12,AR1 alpha + Basic + One-Step,NASDAQ:ITCI,0.0
2021-11-15,12,AR1 alpha + Basic + One-Step,NASDAQ:ITCI,0.0
2021-11-16,12,AR1 alpha + Basic + One-Step,NASDAQ:ITCI,0.0
2021-11-17,12,AR1 alpha + Basic + One-Step,NASDAQ:ITCI,0.0
2021-11-18,12,AR1 alpha + Basic + One-Step,NASDAQ:ITCI,0.0
2021-11-19,12,AR1 alpha + Basic + One-Step,NASDAQ:ITCI,0.0
2021-11-22,12,AR1 alpha + Basic + One-Step,NASDAQ:ITCI,0.0
2021-11-23,12,AR1 alpha + Basic + One-Step,NASDAQ:ITCI,0.0007779300547485242
2021-11-24,12,AR1 alpha + Basic + One-Step,NASDAQ:ITCI,0.09584372062578918
2021-11-26,12,AR1 alpha + Basic + One-Step,NASDAQ:ITCI,0.0
2021-11-29,12,AR1 alpha + Basic + One-Step,NASDAQ:ITCI,0.0
2021-11-30,12,AR1 alpha + Basic + One-Step,NASDAQ:ITCI,0.0
2021-12-01,12,AR1 alpha + Basic + One-Step,NASDAQ:ITCI,0.0
2021-12-02,12,AR1 alpha + Basic + One-Step,NASDAQ:ITCI,0.0
2021-12-03,12,AR1 alpha + Basic + One-Step,NASDAQ:ITCI,0.0
2021-12-06,12,AR1 alpha + Basic + One-Step,NASDAQ:ITCI,0.0
2021-12-07,12,AR1 alpha + Basic + One-Step,NASDAQ:ITCI,0.0
2021-12-08,12,AR1 alpha + Basic + One-Step,NASDAQ:ITCI,0.05909096013184665
2021-12-09,12,AR1 alpha + Basic + One-Step,NASDAQ:ITCI,0.0
2021-12-10,12,AR1 alpha + Basic + One-Step,NASDAQ:ITCI,0.0
2021-12-13,12,AR1 alpha + Basic + One-Step,NASDAQ:ITCI,0.0
2021-12-14,12,AR1 alpha + Basic + One-Step,NASDAQ:ITCI,5.922614442931922e-09
2021-12-15,12,AR1 alpha + Basic + One-Step,NASDAQ:ITCI,0.0
2021-12-16,12,AR1 alpha + Basic + One-Step,NASDAQ:ITCI,0.0
2021-12-17,12,AR1 alpha + Basic + One-Step,NASDAQ:ITCI,0.0906648607189853
2021-12-20,12,AR1 alpha + Basic + One-Step,NASDAQ:ITCI,0.09998889684512438
2021-12-21,12,AR1 alpha + Basic + One-Step,NASDAQ:ITCI,0.09998108419681544
2021-12-22,12,AR1 alpha + Basic + One-Step,NASDAQ:ITCI,0.10000037656080556
2021-12-23,12,AR1 alpha + Basic + One-Step,NASDAQ:ITCI,0.09999637883234143
2021-12-27,12,AR1 alpha + Basic + One-Step,NASDAQ:ITCI,0.09999049999240339
2021-12-28,12,AR1 alpha + Basic + One-Step,NASDAQ:ITCI,0.09998344246331814
2021-12-29,12,AR1 alpha + Basic + One-Step,NASDAQ:ITCI,0.09999879381907373
2021-12-30,12,AR1 alpha + Basic + One-Step,NASDAQ:ITCI,0.0999998278255114
2021-12-31,12,AR1 alpha + Basic + One-Step,NASDAQ:ITCI,0.09999982945709372
2022-01-03,12,AR1 alpha + Basic + One-Step,NASDAQ:ITCI,0.0999998399734032
2022-01-04,12,AR1 alpha + Basic + One-Step,NASDAQ:ITCI,0.0
2022-01-05,12,AR1 alpha + Basic + One-Step,NASDAQ:ITCI,0.0
2022-01-06,12,AR1 alpha + Basic + One-Step,NASDAQ:ITCI,0.0
2022-01-07,12,AR1 alpha + Basic + One-Step,NASDAQ:ITCI,3.940893253902857e-08
2022-01-10,12,AR1 alpha + Basic + One-Step,NASDAQ:ITCI,0.0
2022-01-11,12,AR1 alpha + Basic + One-Step,NASDAQ:ITCI,0.0
2022-01-12,12,AR1 alpha + Basic + One-Step,NASDAQ:ITCI,0.0
2022-01-13,12,AR1 alpha + Basic + One-Step,NASDAQ:ITCI,1.2838119239462608e-06
2022-01-14,12,AR1 alpha + Basic + One-Step,NASDAQ:ITCI,0.0
2022-01-18,12,AR1 alpha + Basic + One-Step,NASDAQ:ITCI,0.0
2022-01-19,12,AR1 alpha + Basic + One-Step,NASDAQ:ITCI,0.0
2022-01-20,12,AR1 alpha + Basic + One-Step,NASDAQ:ITCI,0.0
2022-01-21,12,AR1 alpha + Basic + One-Step,NASDAQ:ITCI,0.1000003197519003
2022-01-24,12,AR1 alpha + Basic + One-Step,NASDAQ:ITCI,0.09999966763449428
2022-01-25,12,AR1 alpha + Basic + One-Step,NASDAQ:ITCI,0.099994607463441
2022-01-26,12,AR1 alpha + Basic + One-Step,NASDAQ:ITCI,0.09999796346634757
2022-01-27,12,AR1 alpha + Basic + One-Step,NASDAQ:ITCI,0.09999670957136045
2022-01-28,12,AR1 alpha + Basic + One-Step,NASDAQ:ITCI,0.09999871993679972
2022-01-31,12,AR1 alpha + Basic + One-Step,NASDAQ:ITCI,0.09999531193782954
2022-02-01,12,AR1 alpha + Basic + One-Step,NASDAQ:ITCI,0.09999327500956613
2022-02-02,12,AR1 alpha + Basic + One-Step,NASDAQ:ITCI,0.09999028780671754
2022-02-03,12,AR1 alpha + Basic + One-Step,NASDAQ:ITCI,0.023015764371567767
2022-02-04,12,AR1 alpha + Basic + One-Step,NASDAQ:ITCI,0.0999999996969527
2022-02-07,12,AR1 alpha + Basic + One-Step,NASDAQ:ITCI,0.10000005801805363
2022-02-08,12,AR1 alpha + Basic + One-Step,NASDAQ:ITCI,0.09999849506238573
2022-02-09,12,AR1 alpha + Basic + One-Step,NASDAQ:ITCI,0.09999921052788281
2022-02-10,12,AR1 alpha + Basic + One-Step,NASDAQ:ITCI,0.09999958878982991
2022-02-11,12,AR1 alpha + Basic + One-Step,NASDAQ:ITCI,0.09999986838085732
2022-02-14,12,AR1 alpha + Basic + One-Step,NASDAQ:ITCI,0.09999884743875716
2022-02-15,12,AR1 alpha + Basic + One-Step,NASDAQ:ITCI,0.09999749619957886
2022-02-16,12,AR1 alpha + Basic + One-Step,NASDAQ:ITCI,0.0999964712661507
2022-02-17,12,AR1 alpha + Basic + One-Step,NASDAQ:ITCI,0.09999724953882996
2022-02-18,12,AR1 alpha + Basic + One-Step,NASDAQ:ITCI,0.09999926265516282
2022-02-22,12,AR1 alpha + Basic + One-Step,NASDAQ:ITCI,0.0820005876508906
2022-02-23,12,AR1 alpha + Basic + One-Step,NASDAQ:ITCI,0.0
2022-02-24,12,AR1 alpha + Basic + One-Step,NASDAQ:ITCI,0.02893457569272345
2022-02-25,12,AR1 alpha + Basic + One-Step,NASDAQ:ITCI,0.09999938339402019
2022-02-28,12,AR1 alpha + Basic + One-Step,NASDAQ:ITCI,0.09999295521733437
2022-03-01,12,AR1 alpha + Basic + One-Step,NASDAQ:ITCI,0.09999803301570143
2022-03-02,12,AR1 alpha + Basic + One-Step,NASDAQ:ITCI,0.09999911002111153
2022-03-03,12,AR1 alpha + Basic + One-Step,NASDAQ:ITCI,0.09999852238463845
2022-03-04,12,AR1 alpha + Basic + One-Step,NASDAQ:ITCI,0.06570162054414522
2022-03-07,12,AR1 alpha + Basic + One-Step,NASDAQ:ITCI,1.8735181424570858e-09
2022-03-08,12,AR1 alpha + Basic + One-Step,NASDAQ:ITCI,0.00968975847245126
2022-03-09,12,AR1 alpha + Basic + One-Step,NASDAQ:ITCI,0.09999913752239302
2022-03-10,12,AR1 alpha + Basic + One-Step,NASDAQ:ITCI,0.09999961247246139
2022-03-11,12,AR1 alpha + Basic + One-Step,NASDAQ:ITCI,0.09999952087914317
2022-03-14,12,AR1 alpha + Basic + One-Step,NASDAQ:ITCI,0.09999951125690225
2022-03-15,12,AR1 alpha + Basic + One-Step,NASDAQ:ITCI,0.09999979713079331
2022-03-16,12,AR1 alpha + Basic + One-Step,NASDAQ:ITCI,0.1
2022-03-17,12,AR1 alpha + Basic + One-Step,NASDAQ:ITCI,0.09999456954188914
2022-03-18,12,AR1 alpha + Basic + One-Step,NASDAQ:ITCI,0.09999207590796255
2022-03-21,12,AR1 alpha + Basic + One-Step,NASDAQ:ITCI,0.09999577841607066
2022-03-22,12,AR1 alpha + Basic + One-Step,NASDAQ:ITCI,0.09999485496593107
2022-03-23,12,AR1 alpha + Basic + One-Step,NASDAQ:ITCI,0.09999795429238799
2022-03-24,12,AR1 alpha + Basic + One-Step,NASDAQ:ITCI,0.09999945126997938
2022-03-25,12,AR1 alpha + Basic + One-Step,NASDAQ:ITCI,0.09999866857955028
2022-03-28,12,AR1 alpha + Basic + One-Step,NASDAQ:ITCI,0.0999979685872686
2022-03-29,12,AR1 alpha + Basic + One-Step,NASDAQ:ITCI,0.09999325880615555
2022-03-30,12,AR1 alpha + Basic + One-Step,NASDAQ:ITCI,0.09999503133285488
2022-03-31,12,AR1 alpha + Basic + One-Step,NASDAQ:ITCI,0.09999179381147963
2022-04-01,12,AR1 alpha + Basic + One-Step,NASDAQ:ITCI,0.09999437362727459
2022-04-04,12,AR1 alpha + Basic + One-Step,NASDAQ:ITCI,0.09999672910241457
2022-04-05,12,AR1 alpha + Basic + One-Step,NASDAQ:ITCI,0.09999650591079419
2022-04-06,12,AR1 alpha + Basic + One-Step,NASDAQ:ITCI,0.09999247315888055
2022-04-07,12,AR1 alpha + Basic + One-Step,NASDAQ:ITCI,0.09999656747173066
2022-04-08,12,AR1 alpha + Basic + One-Step,NASDAQ:ITCI,0.09999764007900605
2022-04-11,12,AR1 alpha + Basic + One-Step,NASDAQ:ITCI,0.09999554782819672
2022-04-12,12,AR1 alpha + Basic + One-Step,NASDAQ:ITCI,0.09999792511061904
2022-04-13,12,AR1 alpha + Basic + One-Step,NASDAQ:ITCI,0.09999944120956762
2022-04-14,12,AR1 alpha + Basic + One-Step,NASDAQ:ITCI,0.09999977911863486
2022-04-18,12,AR1 alpha + Basic + One-Step,NASDAQ:ITCI,0.013161649107921213
2022-04-19,12,AR1 alpha + Basic + One-Step,NASDAQ:ITCI,0.06334371284900173
2022-04-20,12,AR1 alpha + Basic + One-Step,NASDAQ:ITCI,0.014284381743071853
2022-04-21,12,AR1 alpha + Basic + One-Step,NASDAQ:ITCI,0.0
2022-04-22,12,AR1 alpha + Basic + One-Step,NASDAQ:ITCI,0.0
2022-04-25,12,AR1 alpha + Basic + One-Step,NASDAQ:ITCI,0.0
2022-04-26,12,AR1 alpha + Basic + One-Step,NASDAQ:ITCI,0.0
2022-04-27,12,AR1 alpha + Basic + One-Step,NASDAQ:ITCI,0.0
2022-04-28,12,AR1 alpha + Basic + One-Step,NASDAQ:ITCI,0.0
2022-04-29,12,AR1 alpha + Basic + One-Step,NASDAQ:ITCI,0.0
2022-05-02,12,AR1 alpha + Basic + One-Step,NASDAQ:ITCI,0.0
2022-05-03,12,AR1 alpha + Basic + One-Step,NASDAQ:ITCI,0.0
2022-05-04,12,AR1 alpha + Basic + One-Step,NASDAQ:ITCI,1.404490198522675e-07
2022-05-05,12,AR1 alpha + Basic + One-Step,NASDAQ:ITCI,0.0
2022-05-06,12,AR1 alpha + Basic + One-Step,NASDAQ:ITCI,0.0
2022-05-09,12,AR1 alpha + Basic + One-Step,NASDAQ:ITCI,0.0
2022-05-10,12,AR1 alpha + Basic + One-Step,NASDAQ:ITCI,0.10000014643393342
2022-05-11,12,AR1 alpha + Basic + One-Step,NASDAQ:ITCI,0.09999810079253672
2022-05-12,12,AR1 alpha + Basic + One-Step,NASDAQ:ITCI,0.09999931356501499
2022-05-13,12,AR1 alpha + Basic + One-Step,NASDAQ:ITCI,0.09999919742726318
2022-05-16,12,AR1 alpha + Basic + One-Step,NASDAQ:ITCI,0.09999994772641496
2022-05-17,12,AR1 alpha + Basic + One-Step,NASDAQ:ITCI,0.0999998446371071
2022-05-18,12,AR1 alpha + Basic + One-Step,NASDAQ:ITCI,0.09999943103126328
2022-05-19,12,AR1 alpha + Basic + One-Step,NASDAQ:ITCI,0.09999734636360078
2022-05-20,12,AR1 alpha + Basic + One-Step,NASDAQ:ITCI,0.09999619734587649
2022-05-23,12,AR1 alpha + Basic + One-Step,NASDAQ:ITCI,0.09999859569835068
2022-05-24,12,AR1 alpha + Basic + One-Step,NASDAQ:ITCI,0.09178034810523718
2022-05-25,12,AR1 alpha + Basic + One-Step,NASDAQ:ITCI,0.07669354233853617
2022-05-26,12,AR1 alpha + Basic + One-Step,NASDAQ:ITCI,0.09999750590935201
2022-05-27,12,AR1 alpha + Basic + One-Step,NASDAQ:ITCI,0.09999937267392622
2022-05-31,12,AR1 alpha + Basic + One-Step,NASDAQ:ITCI,0.09161507428719687
2022-06-01,12,AR1 alpha + Basic + One-Step,NASDAQ:ITCI,0.018118794330769888
2022-06-02,12,AR1 alpha + Basic + One-Step,NASDAQ:ITCI,0.07081856673927407
2022-06-03,12,AR1 alpha + Basic + One-Step,NASDAQ:ITCI,0.09999993002728026
2022-06-06,12,AR1 alpha + Basic + One-Step,NASDAQ:ITCI,0.09999885936596395
2022-06-07,12,AR1 alpha + Basic + One-Step,NASDAQ:ITCI,0.09999623052987816
2022-06-08,12,AR1 alpha + Basic + One-Step,NASDAQ:ITCI,0.08409942974001824
2022-06-09,12,AR1 alpha + Basic + One-Step,NASDAQ:ITCI,0.0
2022-06-10,12,AR1 alpha + Basic + One-Step,NASDAQ:ITCI,1.5567071855271338e-08
2022-06-13,12,AR1 alpha + Basic + One-Step,NASDAQ:ITCI,1.696001008273197e-07
2022-06-14,12,AR1 alpha + Basic + One-Step,NASDAQ:ITCI,9.464026036341826e-08
2022-06-15,12,AR1 alpha + Basic + One-Step,NASDAQ:ITCI,0.09999915910286657
2022-06-16,12,AR1 alpha + Basic + One-Step,NASDAQ:ITCI,0.0
2022-06-17,12,AR1 alpha + Basic + One-Step,NASDAQ:ITCI,0.06675459686178671
2022-06-21,12,AR1 alpha + Basic + One-Step,NASDAQ:ITCI,0.06640979963829911
2022-06-22,12,AR1 alpha + Basic + One-Step,NASDAQ:ITCI,0.060120096398574005
2022-06-23,12,AR1 alpha + Basic + One-Step,NASDAQ:ITCI,0.09999969416651433
2022-06-24,12,AR1 alpha + Basic + One-Step,NASDAQ:ITCI,0.09999988264979306
2022-06-27,12,AR1 alpha + Basic + One-Step,NASDAQ:ITCI,0.09999902556180634
2022-06-28,12,AR1 alpha + Basic + One-Step,NASDAQ:ITCI,0.09999729572811016
2022-06-29,12,AR1 alpha + Basic + One-Step,NASDAQ:ITCI,0.09999874711523733
2022-06-30,12,AR1 alpha + Basic + One-Step,NASDAQ:ITCI,0.09999670821045833
2022-07-01,12,AR1 alpha + Basic + One-Step,NASDAQ:ITCI,0.0837614051270583
2022-07-05,12,AR1 alpha + Basic + One-Step,NASDAQ:ITCI,0.09999997893163574
2022-07-06,12,AR1 alpha + Basic + One-Step,NASDAQ:ITCI,0.09512738766035202
2022-07-07,12,AR1 alpha + Basic + One-Step,NASDAQ:ITCI,0.09999982189320078
2022-07-08,12,AR1 alpha + Basic + One-Step,NASDAQ:ITCI,0.09999527466173301
2022-07-11,12,AR1 alpha + Basic + One-Step,NASDAQ:ITCI,0.0897591952628772
2022-07-12,12,AR1 alpha + Basic + One-Step,NASDAQ:ITCI,0.06866049054056152
2022-07-13,12,AR1 alpha + Basic + One-Step,NASDAQ:ITCI,0.05404193935214638
2022-07-14,12,AR1 alpha + Basic + One-Step,NASDAQ:ITCI,0.09999640900665432
2022-07-15,12,AR1 alpha + Basic + One-Step,NASDAQ:ITCI,0.09999708940516476
2022-07-18,12,AR1 alpha + Basic + One-Step,NASDAQ:ITCI,0.09999932504893178
2022-07-19,12,AR1 alpha + Basic + One-Step,NASDAQ:ITCI,0.09999944723742962
2022-07-20,12,AR1 alpha + Basic + One-Step,NASDAQ:ITCI,0.09999919895446586
2022-07-21,12,AR1 alpha + Basic + One-Step,NASDAQ:ITCI,0.09999984912484301
2022-07-22,12,AR1 alpha + Basic + One-Step,NASDAQ:ITCI,0.09999949262939897
2022-07-25,12,AR1 alpha + Basic + One-Step,NASDAQ:ITCI,0.0869335497911348
2022-07-26,12,AR1 alpha + Basic + One-Step,NASDAQ:ITCI,0.09271119439570544
2022-07-27,12,AR1 alpha + Basic + One-Step,NASDAQ:ITCI,0.09999925414347938
2022-07-28,12,AR1 alpha + Basic + One-Step,NASDAQ:ITCI,0.09999804294331692
2022-07-29,12,AR1 alpha + Basic + One-Step,NASDAQ:ITCI,0.09999839406010498
2022-08-01,12,AR1 alpha + Basic + One-Step,NASDAQ:ITCI,0.093587781204147
2022-08-02,12,AR1 alpha + Basic + One-Step,NASDAQ:ITCI,0.09999929296668865
2022-08-03,12,AR1 alpha + Basic + One-Step,NASDAQ:ITCI,0.09999668650697148
2022-08-04,12,AR1 alpha + Basic + One-Step,NASDAQ:ITCI,0.09999746338461656
2022-08-05,12,AR1 alpha + Basic + One-Step,NASDAQ:ITCI,0.09999746637298977
2022-08-08,12,AR1 alpha + Basic + One-Step,NASDAQ:ITCI,0.09999853080341331
2022-08-09,12,AR1 alpha + Basic + One-Step,NASDAQ:ITCI,0.0999990481251646
2022-08-10,12,AR1 alpha + Basic + One-Step,NASDAQ:ITCI,0.09999885048493817
2022-08-11,12,AR1 alpha + Basic + One-Step,NASDAQ:ITCI,0.09999911943318986
2022-08-12,12,AR1 alpha + Basic + One-Step,NASDAQ:ITCI,0.09999914429679532
2022-08-15,12,AR1 alpha + Basic + One-Step,NASDAQ:ITCI,0.0999969723480075
2022-08-16,12,AR1 alpha + Basic + One-Step,NASDAQ:ITCI,0.09999853519481487
2022-08-17,12,AR1 alpha + Basic + One-Step,NASDAQ:ITCI,0.09999962018779829
2022-08-18,12,AR1 alpha + Basic + One-Step,NASDAQ:ITCI,0.09999926295087869
2022-08-19,12,AR1 alpha + Basic + One-Step,NASDAQ:ITCI,0.09999985344215728
2022-08-22,12,AR1 alpha + Basic + One-Step,NASDAQ:ITCI,0.09999596401616004
2022-08-23,12,AR1 alpha + Basic + One-Step,NASDAQ:ITCI,0.0999981004963758
2022-08-24,12,AR1 alpha + Basic + One-Step,NASDAQ:ITCI,0.09999968044176476
2022-08-25,12,AR1 alpha + Basic + One-Step,NASDAQ:ITCI,0.09999650802331185
2022-08-26,12,AR1 alpha + Basic + One-Step,NASDAQ:ITCI,0.09999420901748711
2022-08-29,12,AR1 alpha + Basic + One-Step,NASDAQ:ITCI,0.09999646189985056
2022-08-30,12,AR1 alpha + Basic + One-Step,NASDAQ:ITCI,0.09999557692987206
2022-08-31,12,AR1 alpha + Basic + One-Step,NASDAQ:ITCI,0.09999625927167168
2022-09-01,12,AR1 alpha + Basic + One-Step,NASDAQ:ITCI,0.09999919623537734
2022-09-02,12,AR1 alpha + Basic + One-Step,NASDAQ:ITCI,0.09999885165766323
2022-09-06,12,AR1 alpha + Basic + One-Step,NASDAQ:ITCI,0.09999896067788837
2022-09-07,12,AR1 alpha + Basic + One-Step,NASDAQ:ITCI,0.09999611046640575
2022-09-08,12,AR1 alpha + Basic + One-Step,NASDAQ:ITCI,0.0999990250084699
2022-09-09,12,AR1 alpha + Basic + One-Step,NASDAQ:ITCI,0.09999853547799731
2022-09-12,12,AR1 alpha + Basic + One-Step,NASDAQ:ITCI,0.09999955728221077
2022-09-13,12,AR1 alpha + Basic + One-Step,NASDAQ:ITCI,0.09999949844394522
2022-09-14,12,AR1 alpha + Basic + One-Step,NASDAQ:ITCI,0.09999990728462373
2022-09-15,12,AR1 alpha + Basic + One-Step,NASDAQ:ITCI,0.0999997917389082
2022-09-16,12,AR1 alpha + Basic + One-Step,NASDAQ:ITCI,0.0999999979897441
2022-09-19,12,AR1 alpha + Basic + One-Step,NASDAQ:ITCI,0.09999699834308869
2022-09-20,12,AR1 alpha + Basic + One-Step,NASDAQ:ITCI,0.0999990505700153
2022-09-21,12,AR1 alpha + Basic + One-Step,NASDAQ:ITCI,0.08515524371588262
2022-09-22,12,AR1 alpha + Basic + One-Step,NASDAQ:ITCI,0.09895024460621693
2022-09-23,12,AR1 alpha + Basic + One-Step,NASDAQ:ITCI,0.0840674471452635
2022-09-26,12,AR1 alpha + Basic + One-Step,NASDAQ:ITCI,0.05962568701433298
2022-09-27,12,AR1 alpha + Basic + One-Step,NASDAQ:ITCI,0.09028255235461466
2022-09-28,12,AR1 alpha + Basic + One-Step,NASDAQ:ITCI,0.09999916690549877
2022-09-29,12,AR1 alpha + Basic + One-Step,NASDAQ:ITCI,0.0999996349746839
2022-09-30,12,AR1 alpha + Basic + One-Step,NASDAQ:ITCI,0.0999990728368639
2022-10-03,12,AR1 alpha + Basic + One-Step,NASDAQ:ITCI,0.09999545963194001
2022-10-04,12,AR1 alpha + Basic + One-Step,NASDAQ:ITCI,0.09999795397548256
2022-10-05,12,AR1 alpha + Basic + One-Step,NASDAQ:ITCI,0.09999942274438443
2022-10-06,12,AR1 alpha + Basic + One-Step,NASDAQ:ITCI,0.0999961637216012
2022-10-07,12,AR1 alpha + Basic + One-Step,NASDAQ:ITCI,0.09999893345978207
2022-10-10,12,AR1 alpha + Basic + One-Step,NASDAQ:ITCI,0.09999951331062436
2022-10-11,12,AR1 alpha + Basic + One-Step,NASDAQ:ITCI,0.0999991769104266
2022-10-12,12,AR1 alpha + Basic + One-Step,NASDAQ:ITCI,0.09999977014415182
2022-10-13,12,AR1 alpha + Basic + One-Step,NASDAQ:ITCI,0.0999999540198392
2022-10-14,12,AR1 alpha + Basic + One-Step,NASDAQ:ITCI,0.10000001699626421
2022-10-17,12,AR1 alpha + Basic + One-Step,NASDAQ:ITCI,0.09999499913098643
2022-10-18,12,AR1 alpha + Basic + One-Step,NASDAQ:ITCI,0.09999611104944582
2022-10-19,12,AR1 alpha + Basic + One-Step,NASDAQ:ITCI,0.09999897914358061
2022-10-20,12,AR1 alpha + Basic + One-Step,NASDAQ:ITCI,0.09904600322198868
2022-10-21,12,AR1 alpha + Basic + One-Step,NASDAQ:ITCI,0.09999966823919042
2022-10-24,12,AR1 alpha + Basic + One-Step,NASDAQ:ITCI,0.08838387904039999
2022-10-25,12,AR1 alpha + Basic + One-Step,NASDAQ:ITCI,0.0840088518036512
2022-10-26,12,AR1 alpha + Basic + One-Step,NASDAQ:ITCI,0.08638793672920303
2022-10-27,12,AR1 alpha + Basic + One-Step,NASDAQ:ITCI,0.0664296173708402
2022-10-28,12,AR1 alpha + Basic + One-Step,NASDAQ:ITCI,0.05465640423537691
2022-10-31,12,AR1 alpha + Basic + One-Step,NASDAQ:ITCI,0.05288533093020433
2022-11-01,12,AR1 alpha + Basic + One-Step,NASDAQ:ITCI,0.042731953677940374
2022-11-02,12,AR1 alpha + Basic + One-Step,NASDAQ:ITCI,0.08108614506434637
2022-11-03,12,AR1 alpha + Basic + One-Step,NASDAQ:ITCI,0.10000064710114405
2022-11-04,12,AR1 alpha + Basic + One-Step,NASDAQ:ITCI,0.10000020957668533
2022-11-07,12,AR1 alpha + Basic + One-Step,NASDAQ:ITCI,0.09999990102829864
2022-11-08,12,AR1 alpha + Basic + One-Step,NASDAQ:ITCI,0.09999804111259594
2022-11-09,12,AR1 alpha + Basic + One-Step,NASDAQ:ITCI,0.09999515533636011
2022-11-10,12,AR1 alpha + Basic + One-Step,NASDAQ:ITCI,0.09999771565752483
2022-11-11,12,AR1 alpha + Basic + One-Step,NASDAQ:ITCI,0.082531016065533
2022-11-14,12,AR1 alpha + Basic + One-Step,NASDAQ:ITCI,0.09999418453137417
2022-11-15,12,AR1 alpha + Basic + One-Step,NASDAQ:ITCI,0.09999394330103839
2022-11-16,12,AR1 alpha + Basic + One-Step,NASDAQ:ITCI,0.09999805696528505
2022-11-17,12,AR1 alpha + Basic + One-Step,NASDAQ:ITCI,0.09999495680556222
2022-11-18,12,AR1 alpha + Basic + One-Step,NASDAQ:ITCI,0.0999992057599564
2022-11-21,12,AR1 alpha + Basic + One-Step,NASDAQ:ITCI,0.09999998365920007
2022-11-22,12,AR1 alpha + Basic + One-Step,NASDAQ:ITCI,0.09999973208408823
2022-11-23,12,AR1 alpha + Basic + One-Step,NASDAQ:ITCI,0.09999979921519836
2022-11-25,12,AR1 alpha + Basic + One-Step,NASDAQ:ITCI,0.09999968403869529
2022-11-28,12,AR1 alpha + Basic + One-Step,NASDAQ:ITCI,0.09999925976336288
2022-11-29,12,AR1 alpha + Basic + One-Step,NASDAQ:ITCI,0.09999872262107262
2022-11-30,12,AR1 alpha + Basic + One-Step,NASDAQ:ITCI,0.09999957043478044
2022-12-01,12,AR1 alpha + Basic + One-Step,NASDAQ:ITCI,0.09999922194287139
2022-12-02,12,AR1 alpha + Basic + One-Step,NASDAQ:ITCI,0.09999518950209521
2022-12-05,12,AR1 alpha + Basic + One-Step,NASDAQ:ITCI,0.09999841838287364
2022-12-06,12,AR1 alpha + Basic + One-Step,NASDAQ:ITCI,0.09999827424563143
2022-12-07,12,AR1 alpha + Basic + One-Step,NASDAQ:ITCI,0.099998174705881
2022-12-08,12,AR1 alpha + Basic + One-Step,NASDAQ:ITCI,0.09999743268996719
2022-12-09,12,AR1 alpha + Basic + One-Step,NASDAQ:ITCI,0.09999649879585562
2022-12-12,12,AR1 alpha + Basic + One-Step,NASDAQ:ITCI,0.09999945295161804
2022-12-13,12,AR1 alpha + Basic + One-Step,NASDAQ:ITCI,0.09999936217958008
2022-12-14,12,AR1 alpha + Basic + One-Step,NASDAQ:ITCI,0.09999990672590314
2022-12-15,12,AR1 alpha + Basic + One-Step,NASDAQ:ITCI,0.09999677161486512
2022-12-16,12,AR1 alpha + Basic + One-Step,NASDAQ:ITCI,0.09999755513787872
2022-12-19,12,AR1 alpha + Basic + One-Step,NASDAQ:ITCI,0.09999795282592083
2022-12-20,12,AR1 alpha + Basic + One-Step,NASDAQ:ITCI,0.09999916791505643
2022-12-21,12,AR1 alpha + Basic + One-Step,NASDAQ:ITCI,0.09957240757992612
2022-12-22,12,AR1 alpha + Basic + One-Step,NASDAQ:ITCI,0.09999943008758529
2022-12-23,12,AR1 alpha + Basic + One-Step,NASDAQ:ITCI,0.09999963216753865
2022-12-27,12,AR1 alpha + Basic + One-Step,NASDAQ:ITCI,0.10000003473075945
2022-12-28,12,AR1 alpha + Basic + One-Step,NASDAQ:ITCI,0.0939337372094154
2022-12-29,12,AR1 alpha + Basic + One-Step,NASDAQ:ITCI,0.030393515270507758
2022-12-30,12,AR1 alpha + Basic + One-Step,NASDAQ:ITCI,0.0499670077732854
2023-01-03,12,AR1 alpha + Basic + One-Step,NASDAQ:ITCI,0.07953453976147754
2023-01-04,12,AR1 alpha + Basic + One-Step,NASDAQ:ITCI,0.09999953714032554
2023-01-05,12,AR1 alpha + Basic + One-Step,NASDAQ:ITCI,0.09999649837160572
2023-01-06,12,AR1 alpha + Basic + One-Step,NASDAQ:ITCI,0.08442372654254364
2023-01-09,12,AR1 alpha + Basic + One-Step,NASDAQ:ITCI,0.09999767744238816
2023-01-10,12,AR1 alpha + Basic + One-Step,NASDAQ:ITCI,0.0999970099515955
2023-01-11,12,AR1 alpha + Basic + One-Step,NASDAQ:ITCI,0.09999864458214959
2023-01-12,12,AR1 alpha + Basic + One-Step,NASDAQ:ITCI,0.09999778902240936
2023-01-13,12,AR1 alpha + Basic + One-Step,NASDAQ:ITCI,0.09999933643865873
2023-01-17,12,AR1 alpha + Basic + One-Step,NASDAQ:ITCI,0.09999693185340412
2023-01-18,12,AR1 alpha + Basic + One-Step,NASDAQ:ITCI,0.09999367319666083
2023-01-19,12,AR1 alpha + Basic + One-Step,NASDAQ:ITCI,0.09999411313751946
2023-01-20,12,AR1 alpha + Basic + One-Step,NASDAQ:ITCI,0.09999875112658692
2023-01-23,12,AR1 alpha + Basic + One-Step,NASDAQ:ITCI,0.09999902615336319
2023-01-24,12,AR1 alpha + Basic + One-Step,NASDAQ:ITCI,0.089957530095492
2023-01-25,12,AR1 alpha + Basic + One-Step,NASDAQ:ITCI,0.09999896984982815
2023-01-26,12,AR1 alpha + Basic + One-Step,NASDAQ:ITCI,0.08237699644829719
2023-01-27,12,AR1 alpha + Basic + One-Step,NASDAQ:ITCI,0.09999982222034132
2023-01-30,12,AR1 alpha + Basic + One-Step,NASDAQ:ITCI,0.09999964413473425
2023-01-31,12,AR1 alpha + Basic + One-Step,NASDAQ:ITCI,0.07237683284212258
2023-02-01,12,AR1 alpha + Basic + One-Step,NASDAQ:ITCI,0.07673047579535158
2023-02-02,12,AR1 alpha + Basic + One-Step,NASDAQ:ITCI,7.733485415890498e-07
2023-02-03,12,AR1 alpha + Basic + One-Step,NASDAQ:ITCI,0.020120524107684657
2023-02-06,12,AR1 alpha + Basic + One-Step,NASDAQ:ITCI,0.09999789789050469
2023-02-07,12,AR1 alpha + Basic + One-Step,NASDAQ:ITCI,0.09800126162996858
2023-02-08,12,AR1 alpha + Basic + One-Step,NASDAQ:ITCI,0.02069738882326916
2023-02-09,12,AR1 alpha + Basic + One-Step,NASDAQ:ITCI,0.0
2023-02-10,12,AR1 alpha + Basic + One-Step,NASDAQ:ITCI,0.02651780468974362
2023-02-13,12,AR1 alpha + Basic + One-Step,NASDAQ:ITCI,0.019619847168467874
2023-02-14,12,AR1 alpha + Basic + One-Step,NASDAQ:ITCI,2.4236887242329405e-09
2023-02-15,12,AR1 alpha + Basic + One-Step,NASDAQ:ITCI,0.0
2023-02-16,12,AR1 alpha + Basic + One-Step,NASDAQ:ITCI,5.119387042561234e-09
2023-02-17,12,AR1 alpha + Basic + One-Step,NASDAQ:ITCI,0.0
2023-02-21,12,AR1 alpha + Basic + One-Step,NASDAQ:ITCI,0.09999979523332087
2023-02-22,12,AR1 alpha + Basic + One-Step,NASDAQ:ITCI,0.09999608481919459
2023-02-23,12,AR1 alpha + Basic + One-Step,NASDAQ:ITCI,0.024188318828841045
2023-02-24,12,AR1 alpha + Basic + One-Step,NASDAQ:ITCI,0.029475120627997828
2023-02-27,12,AR1 alpha + Basic + One-Step,NASDAQ:ITCI,0.0
2023-02-28,12,AR1 alpha + Basic + One-Step,NASDAQ:ITCI,7.67792954050022e-09
2023-03-01,12,AR1 alpha + Basic + One-Step,NASDAQ:ITCI,1.1957480665206828e-08
2023-03-02,12,AR1 alpha + Basic + One-Step,NASDAQ:ITCI,0.0902269636202538
2023-03-03,12,AR1 alpha + Basic + One-Step,NASDAQ:ITCI,0.09809246752696597
2023-03-06,12,AR1 alpha + Basic + One-Step,NASDAQ:ITCI,0.0
2023-03-07,12,AR1 alpha + Basic + One-Step,NASDAQ:ITCI,0.05166947570399719
2023-03-08,12,AR1 alpha + Basic + One-Step,NASDAQ:ITCI,0.013284104812546516
2023-03-09,12,AR1 alpha + Basic + One-Step,NASDAQ:ITCI,0.09999656486767526
2023-03-10,12,AR1 alpha + Basic + One-Step,NASDAQ:ITCI,0.09577146640798342
2023-03-13,12,AR1 alpha + Basic + One-Step,NASDAQ:ITCI,3.347206710694441e-07
2023-03-14,12,AR1 alpha + Basic + One-Step,NASDAQ:ITCI,0.0
2023-03-15,12,AR1 alpha + Basic + One-Step,NASDAQ:ITCI,0.053774472601848616
2023-03-16,12,AR1 alpha + Basic + One-Step,NASDAQ:ITCI,4.0890845141498706e-08
2023-03-17,12,AR1 alpha + Basic + One-Step,NASDAQ:ITCI,0.0
2023-03-20,12,AR1 alpha + Basic + One-Step,NASDAQ:ITCI,9.243741286072522e-08
2023-03-21,12,AR1 alpha + Basic + One-Step,NASDAQ:ITCI,0.0
2023-03-22,12,AR1 alpha + Basic + One-Step,NASDAQ:ITCI,1.255475445644333e-08
2023-03-23,12,AR1 alpha + Basic + One-Step,NASDAQ:ITCI,5.031195986215966e-08
2023-03-24,12,AR1 alpha + Basic + One-Step,NASDAQ:ITCI,1.491798340544087e-08
2023-03-27,12,AR1 alpha + Basic + One-Step,NASDAQ:ITCI,0.0
2023-03-28,12,AR1 alpha + Basic + One-Step,NASDAQ:ITCI,7.276805247024961e-09
2023-03-29,12,AR1 alpha + Basic + One-Step,NASDAQ:ITCI,0.0
2023-03-30,12,AR1 alpha + Basic + One-Step,NASDAQ:ITCI,0.0
2023-03-31,12,AR1 alpha + Basic + One-Step,NASDAQ:ITCI,1.686894461987293e-07
2023-04-03,12,AR1 alpha + Basic + One-Step,NASDAQ:ITCI,0.0
2023-04-04,12,AR1 alpha + Basic + One-Step,NASDAQ:ITCI,0.0
2023-04-05,12,AR1 alpha + Basic + One-Step,NASDAQ:ITCI,9.02008985504223e-08
2023-04-06,12,AR1 alpha + Basic + One-Step,NASDAQ:ITCI,1.0485664200057434e-07
2023-04-10,12,AR1 alpha + Basic + One-Step,NASDAQ:ITCI,0.0
2023-04-11,12,AR1 alpha + Basic + One-Step,NASDAQ:ITCI,0.0
2023-04-12,12,AR1 alpha + Basic + One-Step,NASDAQ:ITCI,0.0
2023-04-13,12,AR1 alpha + Basic + One-Step,NASDAQ:ITCI,0.0
2023-04-14,12,AR1 alpha + Basic + One-Step,NASDAQ:ITCI,0.0
2023-04-17,12,AR1 alpha + Basic + One-Step,NASDAQ:ITCI,0.0
2023-04-18,12,AR1 alpha + Basic + One-Step,NASDAQ:ITCI,1.6995333284501524e-07
2023-04-19,12,AR1 alpha + Basic + One-Step,NASDAQ:ITCI,4.26638344758229e-08
2023-04-20,12,AR1 alpha + Basic + One-Step,NASDAQ:ITCI,0.027163640813142147
2023-04-21,12,AR1 alpha + Basic + One-Step,NASDAQ:ITCI,0.0032148120799090113
2023-04-24,12,AR1 alpha + Basic + One-Step,NASDAQ:ITCI,0.03205599948649602
2023-04-25,12,AR1 alpha + Basic + One-Step,NASDAQ:ITCI,0.08955380795459306
2023-04-26,12,AR1 alpha + Basic + One-Step,NASDAQ:ITCI,0.0850570621161541
2023-04-27,12,AR1 alpha + Basic + One-Step,NASDAQ:ITCI,0.07281981770663422
2023-04-28,12,AR1 alpha + Basic + One-Step,NASDAQ:ITCI,0.07472674984750687
2023-05-01,12,AR1 alpha + Basic + One-Step,NASDAQ:ITCI,0.06217136339684491
2023-05-02,12,AR1 alpha + Basic + One-Step,NASDAQ:ITCI,0.07293786342060614
2023-05-03,12,AR1 alpha + Basic + One-Step,NASDAQ:ITCI,0.099998171839842
2023-05-04,12,AR1 alpha + Basic + One-Step,NASDAQ:ITCI,0.09999635644676938
2023-05-05,12,AR1 alpha + Basic + One-Step,NASDAQ:ITCI,0.09523719299225819
2023-05-08,12,AR1 alpha + Basic + One-Step,NASDAQ:ITCI,0.08637674600646979
2023-05-09,12,AR1 alpha + Basic + One-Step,NASDAQ:ITCI,0.0999998631986049
2023-05-10,12,AR1 alpha + Basic + One-Step,NASDAQ:ITCI,0.06069504121828556
2023-05-11,12,AR1 alpha + Basic + One-Step,NASDAQ:ITCI,0.1000002164163745
2023-05-12,12,AR1 alpha + Basic + One-Step,NASDAQ:ITCI,0.10000062458981912
2023-05-15,12,AR1 alpha + Basic + One-Step,NASDAQ:ITCI,0.08984897806660497
2023-05-16,12,AR1 alpha + Basic + One-Step,NASDAQ:ITCI,0.09999627712026667
2023-05-17,12,AR1 alpha + Basic + One-Step,NASDAQ:ITCI,0.09999867888642415
2023-05-18,12,AR1 alpha + Basic + One-Step,NASDAQ:ITCI,0.09999827604137085
2023-05-19,12,AR1 alpha + Basic + One-Step,NASDAQ:ITCI,0.09999951194979947
2023-05-22,12,AR1 alpha + Basic + One-Step,NASDAQ:ITCI,0.09999876977527433
2023-05-23,12,AR1 alpha + Basic + One-Step,NASDAQ:ITCI,0.09999947694895484
2023-05-24,12,AR1 alpha + Basic + One-Step,NASDAQ:ITCI,0.0999997335371631
2023-05-25,12,AR1 alpha + Basic + One-Step,NASDAQ:ITCI,0.0999998965047762
2023-05-26,12,AR1 alpha + Basic + One-Step,NASDAQ:ITCI,0.09999412309785265
2023-05-30,12,AR1 alpha + Basic + One-Step,NASDAQ:ITCI,0.0999923256961953
2023-05-31,12,AR1 alpha + Basic + One-Step,NASDAQ:ITCI,0.0999972415649613
2023-06-01,12,AR1 alpha + Basic + One-Step,NASDAQ:ITCI,0.0816479704627062
2023-06-02,12,AR1 alpha + Basic + One-Step,NASDAQ:ITCI,0.0026787349744772635
2023-06-05,12,AR1 alpha + Basic + One-Step,NASDAQ:ITCI,0.0
2023-06-06,12,AR1 alpha + Basic + One-Step,NASDAQ:ITCI,1.326892926167882e-06
2023-06-07,12,AR1 alpha + Basic + One-Step,NASDAQ:ITCI,3.994983105525094e-08
2023-06-08,12,AR1 alpha + Basic + One-Step,NASDAQ:ITCI,4.7676781059748616e-08
2023-06-09,12,AR1 alpha + Basic + One-Step,NASDAQ:ITCI,3.661601060800226e-07
2023-06-12,12,AR1 alpha + Basic + One-Step,NASDAQ:ITCI,0.032728064863294354
2023-06-13,12,AR1 alpha + Basic + One-Step,NASDAQ:ITCI,0.02273019967200963
2023-06-14,12,AR1 alpha + Basic + One-Step,NASDAQ:ITCI,0.022827858825953153
2023-06-15,12,AR1 alpha + Basic + One-Step,NASDAQ:ITCI,0.02282649866139683
2023-06-16,12,AR1 alpha + Basic + One-Step,NASDAQ:ITCI,0.049535466836189465
2023-06-20,12,AR1 alpha + Basic + One-Step,NASDAQ:ITCI,0.0
2023-06-21,12,AR1 alpha + Basic + One-Step,NASDAQ:ITCI,0.0
2023-06-22,12,AR1 alpha + Basic + One-Step,NASDAQ:ITCI,0.0
2023-06-23,12,AR1 alpha + Basic + One-Step,NASDAQ:ITCI,0.08754172460780446
2023-06-26,12,AR1 alpha + Basic + One-Step,NASDAQ:ITCI,0.08756677976990387
2023-06-27,12,AR1 alpha + Basic + One-Step,NASDAQ:ITCI,0.06600162292117495
2023-06-28,12,AR1 alpha + Basic + One-Step,NASDAQ:ITCI,0.06959272666027036
2023-06-29,12,AR1 alpha + Basic + One-Step,NASDAQ:ITCI,0.05713759062301424
2023-06-30,12,AR1 alpha + Basic + One-Step,NASDAQ:ITCI,0.03637332796781527
2023-07-03,12,AR1 alpha + Basic + One-Step,NASDAQ:ITCI,0.04877365154527188
2023-07-05,12,AR1 alpha + Basic + One-Step,NASDAQ:ITCI,0.03409955102988842
2023-07-06,12,AR1 alpha + Basic + One-Step,NASDAQ:ITCI,0.026763520219951983
2023-07-07,12,AR1 alpha + Basic + One-Step,NASDAQ:ITCI,0.054921208231473305
2023-07-10,12,AR1 alpha + Basic + One-Step,NASDAQ:ITCI,0.07700929487187534
2023-07-11,12,AR1 alpha + Basic + One-Step,NASDAQ:ITCI,0.03336723358866652
2023-07-12,12,AR1 alpha + Basic + One-Step,NASDAQ:ITCI,0.018732942314365397
2023-07-13,12,AR1 alpha + Basic + One-Step,NASDAQ:ITCI,0.02133683856461821
2023-07-14,12,AR1 alpha + Basic + One-Step,NASDAQ:ITCI,0.01392268267537213
2023-07-17,12,AR1 alpha + Basic + One-Step,NASDAQ:ITCI,0.019125826170650794
2023-07-18,12,AR1 alpha + Basic + One-Step,NASDAQ:ITCI,0.03945883408039217
2023-07-19,12,AR1 alpha + Basic + One-Step,NASDAQ:ITCI,0.03300951272956457
2023-07-20,12,AR1 alpha + Basic + One-Step,NASDAQ:ITCI,0.05217366435979457
2023-07-21,12,AR1 alpha + Basic + One-Step,NASDAQ:ITCI,0.04509903745343123
2023-07-24,12,AR1 alpha + Basic + One-Step,NASDAQ:ITCI,0.061615607021306695
2023-07-25,12,AR1 alpha + Basic + One-Step,NASDAQ:ITCI,0.07540525436965818
2023-07-26,12,AR1 alpha + Basic + One-Step,NASDAQ:ITCI,0.06847681149011779
2023-07-27,12,AR1 alpha + Basic + One-Step,NASDAQ:ITCI,0.05196240741554414
2023-07-28,12,AR1 alpha + Basic + One-Step,NASDAQ:ITCI,0.06882011317016357
2023-07-31,12,AR1 alpha + Basic + One-Step,NASDAQ:ITCI,0.059469129959773694
2023-08-01,12,AR1 alpha + Basic + One-Step,NASDAQ:ITCI,0.06972527340668501
2023-08-02,12,AR1 alpha + Basic + One-Step,NASDAQ:ITCI,0.0735930348960998
2023-08-03,12,AR1 alpha + Basic + One-Step,NASDAQ:ITCI,0.0894150957289109
2023-08-04,12,AR1 alpha + Basic + One-Step,NASDAQ:ITCI,0.09525809442660953
2023-08-07,12,AR1 alpha + Basic + One-Step,NASDAQ:ITCI,0.08160273609576156
2023-08-08,12,AR1 alpha + Basic + One-Step,NASDAQ:ITCI,0.07447000352298039
2023-08-09,12,AR1 alpha + Basic + One-Step,NASDAQ:ITCI,0.07446650964642161
2023-08-10,12,AR1 alpha + Basic + One-Step,NASDAQ:ITCI,0.06027267826280873
2023-08-11,12,AR1 alpha + Basic + One-Step,NASDAQ:ITCI,0.06025774289871924
2023-08-14,12,AR1 alpha + Basic + One-Step,NASDAQ:ITCI,0.08825353472667286
2023-08-15,12,AR1 alpha + Basic + One-Step,NASDAQ:ITCI,0.08627634580567106
2023-08-16,12,AR1 alpha + Basic + One-Step,NASDAQ:ITCI,0.0999953346128289
2023-08-17,12,AR1 alpha + Basic + One-Step,NASDAQ:ITCI,0.09999210318448988
2023-08-18,12,AR1 alpha + Basic + One-Step,NASDAQ:ITCI,0.0999880474570246
2023-08-21,12,AR1 alpha + Basic + One-Step,NASDAQ:ITCI,0.09999576265924197
2023-08-22,12,AR1 alpha + Basic + One-Step,NASDAQ:ITCI,0.09999685558595887
2023-08-23,12,AR1 alpha + Basic + One-Step,NASDAQ:ITCI,0.09999913886700691
2023-08-24,12,AR1 alpha + Basic + One-Step,NASDAQ:ITCI,0.09999912946226636
2023-08-25,12,AR1 alpha + Basic + One-Step,NASDAQ:ITCI,0.09999980615957858
2023-08-28,12,AR1 alpha + Basic + One-Step,NASDAQ:ITCI,0.09999855822289998
2023-08-29,12,AR1 alpha + Basic + One-Step,NASDAQ:ITCI,0.09999901394172453
2023-08-30,12,AR1 alpha + Basic + One-Step,NASDAQ:ITCI,0.09503466172727001
2023-08-31,12,AR1 alpha + Basic + One-Step,NASDAQ:ITCI,0.08016024119671948
2023-09-01,12,AR1 alpha + Basic + One-Step,NASDAQ:ITCI,0.06051403566580121
2023-09-05,12,AR1 alpha + Basic + One-Step,NASDAQ:ITCI,0.006205516908515337
2023-09-06,12,AR1 alpha + Basic + One-Step,NASDAQ:ITCI,0.007857046025287834
2023-09-07,12,AR1 alpha + Basic + One-Step,NASDAQ:ITCI,0.02747045779015291
2023-09-08,12,AR1 alpha + Basic + One-Step,NASDAQ:ITCI,0.019517898320456334
2023-09-11,12,AR1 alpha + Basic + One-Step,NASDAQ:ITCI,0.036873787634995485
2023-09-12,12,AR1 alpha + Basic + One-Step,NASDAQ:ITCI,0.04082141800972726
2023-09-13,12,AR1 alpha + Basic + One-Step,NASDAQ:ITCI,0.07836869873645046
2023-09-14,12,AR1 alpha + Basic + One-Step,NASDAQ:ITCI,0.08720006231911838
2023-09-15,12,AR1 alpha + Basic + One-Step,NASDAQ:ITCI,0.0787099152142948
2023-09-18,12,AR1 alpha + Basic + One-Step,NASDAQ:ITCI,0.06287412321217788
2023-09-19,12,AR1 alpha + Basic + One-Step,NASDAQ:ITCI,0.06287414200736385
2023-09-20,12,AR1 alpha + Basic + One-Step,NASDAQ:ITCI,0.06894064216832348
2023-09-21,12,AR1 alpha + Basic + One-Step,NASDAQ:ITCI,0.07200053791854341
2023-09-22,12,AR1 alpha + Basic + One-Step,NASDAQ:ITCI,0.056646586943246466
2023-09-25,12,AR1 alpha + Basic + One-Step,NASDAQ:ITCI,0.08928985944195722
2023-09-26,12,AR1 alpha + Basic + One-Step,NASDAQ:ITCI,0.08318119831888503
2023-09-27,12,AR1 alpha + Basic + One-Step,NASDAQ:ITCI,0.09564321402191142
2023-09-28,12,AR1 alpha + Basic + One-Step,NASDAQ:ITCI,0.09791661788895228
2023-09-29,12,AR1 alpha + Basic + One-Step,NASDAQ:ITCI,0.0946572483581638
2023-10-02,12,AR1 alpha + Basic + One-Step,NASDAQ:ITCI,0.08972838040167082
2023-10-03,12,AR1 alpha + Basic + One-Step,NASDAQ:ITCI,0.0772546633305086
2023-10-04,12,AR1 alpha + Basic + One-Step,NASDAQ:ITCI,0.08825572170540194
2023-10-05,12,AR1 alpha + Basic + One-Step,NASDAQ:ITCI,0.08365246854642103
2023-10-06,12,AR1 alpha + Basic + One-Step,NASDAQ:ITCI,0.08151025004347232
2023-10-09,12,AR1 alpha + Basic + One-Step,NASDAQ:ITCI,0.04249585648153806
2023-10-10,12,AR1 alpha + Basic + One-Step,NASDAQ:ITCI,0.037730990458966766
2023-10-11,12,AR1 alpha + Basic + One-Step,NASDAQ:ITCI,0.020026542394222323
2023-10-12,12,AR1 alpha + Basic + One-Step,NASDAQ:ITCI,0.005726115052673412
2023-10-13,12,AR1 alpha + Basic + One-Step,NASDAQ:ITCI,0.006530403066937005
2023-10-16,12,AR1 alpha + Basic + One-Step,NASDAQ:ITCI,0.011674961198622887
2023-10-17,12,AR1 alpha + Basic + One-Step,NASDAQ:ITCI,0.029731517888847824
2023-10-18,12,AR1 alpha + Basic + One-Step,NASDAQ:ITCI,0.01864396539770329
2023-10-19,12,AR1 alpha + Basic + One-Step,NASDAQ:ITCI,0.0
2023-10-20,12,AR1 alpha + Basic + One-Step,NASDAQ:ITCI,0.0
2023-10-23,12,AR1 alpha + Basic + One-Step,NASDAQ:ITCI,0.0
2023-10-24,12,AR1 alpha + Basic + One-Step,NASDAQ:ITCI,0.02285434420453974
2023-10-25,12,AR1 alpha + Basic + One-Step,NASDAQ:ITCI,0.0
2023-10-26,12,AR1 alpha + Basic + One-Step,NASDAQ:ITCI,0.0
2023-10-27,12,AR1 alpha + Basic + One-Step,NASDAQ:ITCI,0.0
2023-10-30,12,AR1 alpha + Basic + One-Step,NASDAQ:ITCI,5.489777683746775e-09
2023-10-31,12,AR1 alpha + Basic + One-Step,NASDAQ:ITCI,0.0
2023-11-01,12,AR1 alpha + Basic + One-Step,NASDAQ:ITCI,0.03338343627704244
2023-11-02,12,AR1 alpha + Basic + One-Step,NASDAQ:ITCI,0.04372741519500007
2023-11-03,12,AR1 alpha + Basic + One-Step,NASDAQ:ITCI,0.027645304278945914
2023-11-06,12,AR1 alpha + Basic + One-Step,NASDAQ:ITCI,0.07438124187305697
2023-11-07,12,AR1 alpha + Basic + One-Step,NASDAQ:ITCI,0.08851172154330908
2023-11-08,12,AR1 alpha + Basic + One-Step,NASDAQ:ITCI,2.7375999098534204e-08
2023-11-09,12,AR1 alpha + Basic + One-Step,NASDAQ:ITCI,0.0
2023-11-10,12,AR1 alpha + Basic + One-Step,NASDAQ:ITCI,0.0
2023-11-13,12,AR1 alpha + Basic + One-Step,NASDAQ:ITCI,0.0
2023-11-14,12,AR1 alpha + Basic + One-Step,NASDAQ:ITCI,0.06878197313928835
2023-11-15,12,AR1 alpha + Basic + One-Step,NASDAQ:ITCI,0.06566432189571465
2023-11-16,12,AR1 alpha + Basic + One-Step,NASDAQ:ITCI,0.0
2023-11-17,12,AR1 alpha + Basic + One-Step,NASDAQ:ITCI,0.05128948756283432
2023-11-20,12,AR1 alpha + Basic + One-Step,NASDAQ:ITCI,0.09999818040695943
2023-11-21,12,AR1 alpha + Basic + One-Step,NASDAQ:ITCI,0.09233758694840243
2023-11-22,12,AR1 alpha + Basic + One-Step,NASDAQ:ITCI,0.09215106030953044
2023-11-24,12,AR1 alpha + Basic + One-Step,NASDAQ:ITCI,0.09215071745262869
2023-11-27,12,AR1 alpha + Basic + One-Step,NASDAQ:ITCI,0.06938532796283205
2023-11-28,12,AR1 alpha + Basic + One-Step,NASDAQ:ITCI,0.033677893309438316
2023-11-29,12,AR1 alpha + Basic + One-Step,NASDAQ:ITCI,0.057236167739489766
2023-11-30,12,AR1 alpha + Basic + One-Step,NASDAQ:ITCI,0.09999997067362781
2023-12-01,12,AR1 alpha + Basic + One-Step,NASDAQ:ITCI,0.1000002483884869
2023-12-04,12,AR1 alpha + Basic + One-Step,NASDAQ:ITCI,0.05418978733715676
2023-12-05,12,AR1 alpha + Basic + One-Step,NASDAQ:ITCI,0.09999802825198599
2023-12-06,12,AR1 alpha + Basic + One-Step,NASDAQ:ITCI,0.016170846249042595
2023-12-07,12,AR1 alpha + Basic + One-Step,NASDAQ:ITCI,0.0
2023-12-08,12,AR1 alpha + Basic + One-Step,NASDAQ:ITCI,0.0
2023-12-11,12,AR1 alpha + Basic + One-Step,NASDAQ:ITCI,0.0
2023-12-12,12,AR1 alpha + Basic + One-Step,NASDAQ:ITCI,0.09999364029074125
2023-12-13,12,AR1 alpha + Basic + One-Step,NASDAQ:ITCI,0.0999897830559359
2023-12-14,12,AR1 alpha + Basic + One-Step,NASDAQ:ITCI,0.09998986003976341
2023-12-15,12,AR1 alpha + Basic + One-Step,NASDAQ:ITCI,0.09999328135869621
2023-12-18,12,AR1 alpha + Basic + One-Step,NASDAQ:ITCI,0.093999036338788
2023-12-19,12,AR1 alpha + Basic + One-Step,NASDAQ:ITCI,0.07767597547192845
2023-12-20,12,AR1 alpha + Basic + One-Step,NASDAQ:ITCI,0.058861832246557104
2023-12-21,12,AR1 alpha + Basic + One-Step,NASDAQ:ITCI,0.09999471062136235
2023-12-22,12,AR1 alpha + Basic + One-Step,NASDAQ:ITCI,0.0999971666265592
2023-12-26,12,AR1 alpha + Basic + One-Step,NASDAQ:ITCI,0.09999089551913332
2023-12-27,12,AR1 alpha + Basic + One-Step,NASDAQ:ITCI,0.09999439715695142
2023-12-28,12,AR1 alpha + Basic + One-Step,NASDAQ:ITCI,0.09999560265400889
2023-12-29,12,AR1 alpha + Basic + One-Step,NASDAQ:ITCI,0.09999801153838855
2024-01-02,12,AR1 alpha + Basic + One-Step,NASDAQ:ITCI,0.0999955843304149
2024-01-03,12,AR1 alpha + Basic + One-Step,NASDAQ:ITCI,0.08256481673439703
2024-01-04,12,AR1 alpha + Basic + One-Step,NASDAQ:ITCI,0.0634861745462843
2024-01-05,12,AR1 alpha + Basic + One-Step,NASDAQ:ITCI,0.025210721985534253
2024-01-08,12,AR1 alpha + Basic + One-Step,NASDAQ:ITCI,0.09998775457846679
2024-01-09,12,AR1 alpha + Basic + One-Step,NASDAQ:ITCI,0.09998555516604449
2024-01-10,12,AR1 alpha + Basic + One-Step,NASDAQ:ITCI,0.0
2024-01-11,12,AR1 alpha + Basic + One-Step,NASDAQ:ITCI,0.0055146775300623065
2024-01-12,12,AR1 alpha + Basic + One-Step,NASDAQ:ITCI,0.0
2024-01-16,12,AR1 alpha + Basic + One-Step,NASDAQ:ITCI,0.05467406758235677
2024-01-17,12,AR1 alpha + Basic + One-Step,NASDAQ:ITCI,0.0031846658951526215
2024-01-18,12,AR1 alpha + Basic + One-Step,NASDAQ:ITCI,1.6513021945526076e-06
2024-01-19,12,AR1 alpha + Basic + One-Step,NASDAQ:ITCI,0.014537043562680659
2024-01-22,12,AR1 alpha + Basic + One-Step,NASDAQ:ITCI,0.09815285204891243
2024-01-23,12,AR1 alpha + Basic + One-Step,NASDAQ:ITCI,0.06710558836097244
2024-01-24,12,AR1 alpha + Basic + One-Step,NASDAQ:ITCI,0.05591880154908831
2024-01-25,12,AR1 alpha + Basic + One-Step,NASDAQ:ITCI,0.09730238583629156
2024-01-26,12,AR1 alpha + Basic + One-Step,NASDAQ:ITCI,0.09999710749433413
2024-01-29,12,AR1 alpha + Basic + One-Step,NASDAQ:ITCI,0.09999832602437966
2024-01-30,12,AR1 alpha + Basic + One-Step,NASDAQ:ITCI,0.09999445044968476
2024-01-31,12,AR1 alpha + Basic + One-Step,NASDAQ:ITCI,0.09999815552466913
2024-02-01,12,AR1 alpha + Basic + One-Step,NASDAQ:ITCI,0.09999835676793867
2024-02-02,12,AR1 alpha + Basic + One-Step,NASDAQ:ITCI,0.09999696480660089
2024-02-05,12,AR1 alpha + Basic + One-Step,NASDAQ:ITCI,0.09999855958933448
2024-02-06,12,AR1 alpha + Basic + One-Step,NASDAQ:ITCI,0.09999317741687974
2024-02-07,12,AR1 alpha + Basic + One-Step,NASDAQ:ITCI,0.09999786335116524
2024-02-08,12,AR1 alpha + Basic + One-Step,NASDAQ:ITCI,0.09999918543418632
2024-02-09,12,AR1 alpha + Basic + One-Step,NASDAQ:ITCI,0.09999508808008449
2024-02-12,12,AR1 alpha + Basic + One-Step,NASDAQ:ITCI,0.09999660220678055
2024-02-13,12,AR1 alpha + Basic + One-Step,NASDAQ:ITCI,0.09999358106387833
2024-02-14,12,AR1 alpha + Basic + One-Step,NASDAQ:ITCI,0.0999945207368726
2024-02-15,12,AR1 alpha + Basic + One-Step,NASDAQ:ITCI,0.09999744181173659
2024-02-16,12,AR1 alpha + Basic + One-Step,NASDAQ:ITCI,0.09999791274089001
2024-02-20,12,AR1 alpha + Basic + One-Step,NASDAQ:ITCI,0.09999897330320341
2024-02-21,12,AR1 alpha + Basic + One-Step,NASDAQ:ITCI,0.09999935611761544
2024-02-22,12,AR1 alpha + Basic + One-Step,NASDAQ:ITCI,0.09999456846641165
2024-02-23,12,AR1 alpha + Basic + One-Step,NASDAQ:ITCI,0.07702005880356746
2024-02-26,12,AR1 alpha + Basic + One-Step,NASDAQ:ITCI,0.09999733828314233
2024-02-27,12,AR1 alpha + Basic + One-Step,NASDAQ:ITCI,0.0999961414415883
2024-02-28,12,AR1 alpha + Basic + One-Step,NASDAQ:ITCI,0.09999294837710258
2024-02-29,12,AR1 alpha + Basic + One-Step,NASDAQ:ITCI,0.04615312660629023
2024-03-01,12,AR1 alpha + Basic + One-Step,NASDAQ:ITCI,0.0999974411233495
2024-03-04,12,AR1 alpha + Basic + One-Step,NASDAQ:ITCI,0.005424514517094371
2024-03-05,12,AR1 alpha + Basic + One-Step,NASDAQ:ITCI,0.021578063630383903
2024-03-06,12,AR1 alpha + Basic + One-Step,NASDAQ:ITCI,0.0
2024-03-07,12,AR1 alpha + Basic + One-Step,NASDAQ:ITCI,0.030218718822956264
2024-03-08,12,AR1 alpha + Basic + One-Step,NASDAQ:ITCI,0.09999925619957968
2024-03-11,12,AR1 alpha + Basic + One-Step,NASDAQ:ITCI,0.012038540512956887
2024-03-12,12,AR1 alpha + Basic + One-Step,NASDAQ:ITCI,0.0
2024-03-13,12,AR1 alpha + Basic + One-Step,NASDAQ:ITCI,0.006883870641617952
2024-03-14,12,AR1 alpha + Basic + One-Step,NASDAQ:ITCI,1.626446056399231e-07
2024-03-15,12,AR1 alpha + Basic + One-Step,NASDAQ:ITCI,1.2471859275170516e-07
2024-03-18,12,AR1 alpha + Basic + One-Step,NASDAQ:ITCI,0.005089208752405016
2024-03-19,12,AR1 alpha + Basic + One-Step,NASDAQ:ITCI,0.015730418715762074
2024-03-20,12,AR1 alpha + Basic + One-Step,NASDAQ:ITCI,0.09999691321692998
2024-03-21,12,AR1 alpha + Basic + One-Step,NASDAQ:ITCI,0.09999845949904698
2024-03-22,12,AR1 alpha + Basic + One-Step,NASDAQ:ITCI,0.09999924682510217
2024-03-25,12,AR1 alpha + Basic + One-Step,NASDAQ:ITCI,0.05457198190459838
2024-03-26,12,AR1 alpha + Basic + One-Step,NASDAQ:ITCI,0.014836385971444677
2024-03-27,12,AR1 alpha + Basic + One-Step,NASDAQ:ITCI,0.08265880413961496
2024-03-28,12,AR1 alpha + Basic + One-Step,NASDAQ:ITCI,0.04634044535855048
2024-04-01,12,AR1 alpha + Basic + One-Step,NASDAQ:ITCI,1.8941589528672831e-06
2024-04-02,12,AR1 alpha + Basic + One-Step,NASDAQ:ITCI,0.0
2024-04-03,12,AR1 alpha + Basic + One-Step,NASDAQ:ITCI,0.0
2024-04-04,12,AR1 alpha + Basic + One-Step,NASDAQ:ITCI,0.0
2024-04-05,12,AR1 alpha + Basic + One-Step,NASDAQ:ITCI,0.0
2024-04-08,12,AR1 alpha + Basic + One-Step,NASDAQ:ITCI,0.0
2024-04-09,12,AR1 alpha + Basic + One-Step,NASDAQ:ITCI,0.0
2024-04-10,12,AR1 alpha + Basic + One-Step,NASDAQ:ITCI,6.32847110695533e-07
2024-04-11,12,AR1 alpha + Basic + One-Step,NASDAQ:ITCI,0.0
2024-04-12,12,AR1 alpha + Basic + One-Step,NASDAQ:ITCI,0.0
2024-04-15,12,AR1 alpha + Basic + One-Step,NASDAQ:ITCI,0.0
2024-04-16,12,AR1 alpha + Basic + One-Step,NASDAQ:ITCI,0.0
2024-04-17,12,AR1 alpha + Basic + One-Step,NASDAQ:ITCI,6.586253910349963e-09
2024-04-18,12,AR1 alpha + Basic + One-Step,NASDAQ:ITCI,0.01854213215714012
2024-04-19,12,AR1 alpha + Basic + One-Step,NASDAQ:ITCI,0.02142672241520231
2020-03-25,12,AR1 alpha + Basic + One-Step,NASDAQ:SPSC,0.02
2020-03-26,12,AR1 alpha + Basic + One-Step,NASDAQ:SPSC,0.019999999999999997
2020-03-27,12,AR1 alpha + Basic + One-Step,NASDAQ:SPSC,0.0
2020-03-30,12,AR1 alpha + Basic + One-Step,NASDAQ:SPSC,0.09998862285778108
2020-03-31,12,AR1 alpha + Basic + One-Step,NASDAQ:SPSC,0.09999911904345621
2020-04-01,12,AR1 alpha + Basic + One-Step,NASDAQ:SPSC,0.09999856861027931
2020-04-02,12,AR1 alpha + Basic + One-Step,NASDAQ:SPSC,0.09999931630736254
2020-04-03,12,AR1 alpha + Basic + One-Step,NASDAQ:SPSC,0.09999973440625792
2020-04-06,12,AR1 alpha + Basic + One-Step,NASDAQ:SPSC,0.09999912091396707
2020-04-07,12,AR1 alpha + Basic + One-Step,NASDAQ:SPSC,0.0999995913330655
2020-04-08,12,AR1 alpha + Basic + One-Step,NASDAQ:SPSC,0.09999942664806419
2020-04-09,12,AR1 alpha + Basic + One-Step,NASDAQ:SPSC,0.09999895945187898
2020-04-13,12,AR1 alpha + Basic + One-Step,NASDAQ:SPSC,0.09999760872812712
2020-04-14,12,AR1 alpha + Basic + One-Step,NASDAQ:SPSC,0.09999714259894871
2020-04-15,12,AR1 alpha + Basic + One-Step,NASDAQ:SPSC,0.0999967845631245
2020-04-16,12,AR1 alpha + Basic + One-Step,NASDAQ:SPSC,0.09998854773936745
2020-04-17,12,AR1 alpha + Basic + One-Step,NASDAQ:SPSC,0.0999903018630757
2020-04-20,12,AR1 alpha + Basic + One-Step,NASDAQ:SPSC,0.09999203024388692
2020-04-21,12,AR1 alpha + Basic + One-Step,NASDAQ:SPSC,0.09999516854856785
2020-04-22,12,AR1 alpha + Basic + One-Step,NASDAQ:SPSC,0.09999414447500747
2020-04-23,12,AR1 alpha + Basic + One-Step,NASDAQ:SPSC,0.09999639535381526
2020-04-24,12,AR1 alpha + Basic + One-Step,NASDAQ:SPSC,0.09999797465031107
2020-04-27,12,AR1 alpha + Basic + One-Step,NASDAQ:SPSC,0.09999853267870445
2020-04-28,12,AR1 alpha + Basic + One-Step,NASDAQ:SPSC,0.09999734360043538
2020-04-29,12,AR1 alpha + Basic + One-Step,NASDAQ:SPSC,0.09999929536957929
2020-04-30,12,AR1 alpha + Basic + One-Step,NASDAQ:SPSC,0.09999768175440121
2020-05-01,12,AR1 alpha + Basic + One-Step,NASDAQ:SPSC,0.09999867039509083
2020-05-04,12,AR1 alpha + Basic + One-Step,NASDAQ:SPSC,0.09999539466184157
2020-05-05,12,AR1 alpha + Basic + One-Step,NASDAQ:SPSC,0.09999766783955295
2020-05-06,12,AR1 alpha + Basic + One-Step,NASDAQ:SPSC,0.09999716494810112
2020-05-07,12,AR1 alpha + Basic + One-Step,NASDAQ:SPSC,0.09999767515487253
2020-05-08,12,AR1 alpha + Basic + One-Step,NASDAQ:SPSC,0.09999875159969115
2020-05-11,12,AR1 alpha + Basic + One-Step,NASDAQ:SPSC,0.09999817970712878
2020-05-12,12,AR1 alpha + Basic + One-Step,NASDAQ:SPSC,0.09999698141788702
2020-05-13,12,AR1 alpha + Basic + One-Step,NASDAQ:SPSC,0.09999631374724154
2020-05-14,12,AR1 alpha + Basic + One-Step,NASDAQ:SPSC,0.09999779372084061
2020-05-15,12,AR1 alpha + Basic + One-Step,NASDAQ:SPSC,0.09999846180597118
2020-05-18,12,AR1 alpha + Basic + One-Step,NASDAQ:SPSC,0.09999795622525944
2020-05-19,12,AR1 alpha + Basic + One-Step,NASDAQ:SPSC,0.09999813855679195
2020-05-20,12,AR1 alpha + Basic + One-Step,NASDAQ:SPSC,0.09999634442578363
2020-05-21,12,AR1 alpha + Basic + One-Step,NASDAQ:SPSC,0.0999949214682659
2020-05-22,12,AR1 alpha + Basic + One-Step,NASDAQ:SPSC,0.09999696492588558
2020-05-26,12,AR1 alpha + Basic + One-Step,NASDAQ:SPSC,0.09999823753223758
2020-05-27,12,AR1 alpha + Basic + One-Step,NASDAQ:SPSC,0.09999988924949606
2020-05-28,12,AR1 alpha + Basic + One-Step,NASDAQ:SPSC,0.10000000000000005
2020-05-29,12,AR1 alpha + Basic + One-Step,NASDAQ:SPSC,0.09999998435914646
2020-06-01,12,AR1 alpha + Basic + One-Step,NASDAQ:SPSC,0.09999780172766969
2020-06-02,12,AR1 alpha + Basic + One-Step,NASDAQ:SPSC,0.09999906973773459
2020-06-03,12,AR1 alpha + Basic + One-Step,NASDAQ:SPSC,0.09999580664419098
2020-06-04,12,AR1 alpha + Basic + One-Step,NASDAQ:SPSC,0.09999542769172397
2020-06-05,12,AR1 alpha + Basic + One-Step,NASDAQ:SPSC,0.09999699977624152
2020-06-08,12,AR1 alpha + Basic + One-Step,NASDAQ:SPSC,0.09999770538546811
2020-06-09,12,AR1 alpha + Basic + One-Step,NASDAQ:SPSC,0.09999537357215182
2020-06-10,12,AR1 alpha + Basic + One-Step,NASDAQ:SPSC,0.0999899631476117
2020-06-11,12,AR1 alpha + Basic + One-Step,NASDAQ:SPSC,0.09999173825766121
2020-06-12,12,AR1 alpha + Basic + One-Step,NASDAQ:SPSC,0.09999507757585692
2020-06-15,12,AR1 alpha + Basic + One-Step,NASDAQ:SPSC,0.09999713447364121
2020-06-16,12,AR1 alpha + Basic + One-Step,NASDAQ:SPSC,0.09999751171190739
2020-06-17,12,AR1 alpha + Basic + One-Step,NASDAQ:SPSC,0.09999592776048283
2020-06-18,12,AR1 alpha + Basic + One-Step,NASDAQ:SPSC,0.09999680308886344
2020-06-19,12,AR1 alpha + Basic + One-Step,NASDAQ:SPSC,0.09999646550571038
2020-06-22,12,AR1 alpha + Basic + One-Step,NASDAQ:SPSC,0.0999906812991697
2020-06-23,12,AR1 alpha + Basic + One-Step,NASDAQ:SPSC,0.09999441497788275
2020-06-24,12,AR1 alpha + Basic + One-Step,NASDAQ:SPSC,0.09999669156502633
2020-06-25,12,AR1 alpha + Basic + One-Step,NASDAQ:SPSC,0.09999437248942894
2020-06-26,12,AR1 alpha + Basic + One-Step,NASDAQ:SPSC,0.0999953060616381
2020-06-29,12,AR1 alpha + Basic + One-Step,NASDAQ:SPSC,0.0999912220675458
2020-06-30,12,AR1 alpha + Basic + One-Step,NASDAQ:SPSC,0.09999480724362636
2020-07-01,12,AR1 alpha + Basic + One-Step,NASDAQ:SPSC,0.0999931915684491
2020-07-02,12,AR1 alpha + Basic + One-Step,NASDAQ:SPSC,0.09999595059836146
2020-07-06,12,AR1 alpha + Basic + One-Step,NASDAQ:SPSC,0.09999454954613667
2020-07-07,12,AR1 alpha + Basic + One-Step,NASDAQ:SPSC,0.09999222147206607
2020-07-08,12,AR1 alpha + Basic + One-Step,NASDAQ:SPSC,0.09999525242783514
2020-07-09,12,AR1 alpha + Basic + One-Step,NASDAQ:SPSC,0.0999975861615225
2020-07-10,12,AR1 alpha + Basic + One-Step,NASDAQ:SPSC,0.0999980979824792
2020-07-13,12,AR1 alpha + Basic + One-Step,NASDAQ:SPSC,0.09999885614293663
2020-07-14,12,AR1 alpha + Basic + One-Step,NASDAQ:SPSC,0.0999949657123882
2020-07-15,12,AR1 alpha + Basic + One-Step,NASDAQ:SPSC,0.0999970960468227
2020-07-16,12,AR1 alpha + Basic + One-Step,NASDAQ:SPSC,0.09999318737955808
2020-07-17,12,AR1 alpha + Basic + One-Step,NASDAQ:SPSC,0.0999955235378202
2020-07-20,12,AR1 alpha + Basic + One-Step,NASDAQ:SPSC,0.09999748086411615
2020-07-21,12,AR1 alpha + Basic + One-Step,NASDAQ:SPSC,0.09999540338850796
2020-07-22,12,AR1 alpha + Basic + One-Step,NASDAQ:SPSC,0.0999941317860309
2020-07-23,12,AR1 alpha + Basic + One-Step,NASDAQ:SPSC,0.09999636199398099
2020-07-24,12,AR1 alpha + Basic + One-Step,NASDAQ:SPSC,0.09999786235665396
2020-07-27,12,AR1 alpha + Basic + One-Step,NASDAQ:SPSC,0.09999871045377891
2020-07-28,12,AR1 alpha + Basic + One-Step,NASDAQ:SPSC,0.0999965022445408
2020-07-29,12,AR1 alpha + Basic + One-Step,NASDAQ:SPSC,0.09999597028107965
2020-07-30,12,AR1 alpha + Basic + One-Step,NASDAQ:SPSC,0.09999716950518671
2020-07-31,12,AR1 alpha + Basic + One-Step,NASDAQ:SPSC,0.09999481555938258
2020-08-03,12,AR1 alpha + Basic + One-Step,NASDAQ:SPSC,0.09999564728763
2020-08-04,12,AR1 alpha + Basic + One-Step,NASDAQ:SPSC,0.09999501167817847
2020-08-05,12,AR1 alpha + Basic + One-Step,NASDAQ:SPSC,0.09999308773998708
2020-08-06,12,AR1 alpha + Basic + One-Step,NASDAQ:SPSC,0.0999865630808142
2020-08-07,12,AR1 alpha + Basic + One-Step,NASDAQ:SPSC,0.09998844570000207
2020-08-10,12,AR1 alpha + Basic + One-Step,NASDAQ:SPSC,0.09999131605755479
2020-08-11,12,AR1 alpha + Basic + One-Step,NASDAQ:SPSC,0.09999407238883667
2020-08-12,12,AR1 alpha + Basic + One-Step,NASDAQ:SPSC,0.0999898665590821
2020-08-13,12,AR1 alpha + Basic + One-Step,NASDAQ:SPSC,0.0999885504367259
2020-08-14,12,AR1 alpha + Basic + One-Step,NASDAQ:SPSC,0.09999139806249657
2020-08-17,12,AR1 alpha + Basic + One-Step,NASDAQ:SPSC,0.09998662154872898
2020-08-18,12,AR1 alpha + Basic + One-Step,NASDAQ:SPSC,0.09997860138630434
2020-08-19,12,AR1 alpha + Basic + One-Step,NASDAQ:SPSC,0.09997933454837035
2020-08-20,12,AR1 alpha + Basic + One-Step,NASDAQ:SPSC,0.09999995417312743
2020-08-21,12,AR1 alpha + Basic + One-Step,NASDAQ:SPSC,0.09999951129117116
2020-08-24,12,AR1 alpha + Basic + One-Step,NASDAQ:SPSC,0.09999724833711204
2020-08-25,12,AR1 alpha + Basic + One-Step,NASDAQ:SPSC,0.09999433146806212
2020-08-26,12,AR1 alpha + Basic + One-Step,NASDAQ:SPSC,0.09999079770010108
2020-08-27,12,AR1 alpha + Basic + One-Step,NASDAQ:SPSC,0.09999033116176839
2020-08-28,12,AR1 alpha + Basic + One-Step,NASDAQ:SPSC,0.0999882422219786
2020-08-31,12,AR1 alpha + Basic + One-Step,NASDAQ:SPSC,0.09998874078825722
2020-09-01,12,AR1 alpha + Basic + One-Step,NASDAQ:SPSC,0.09998485839552357
2020-09-02,12,AR1 alpha + Basic + One-Step,NASDAQ:SPSC,0.09998548339525334
2020-09-03,12,AR1 alpha + Basic + One-Step,NASDAQ:SPSC,0.09998648887490318
2020-09-04,12,AR1 alpha + Basic + One-Step,NASDAQ:SPSC,0.09998979076901722
2020-09-08,12,AR1 alpha + Basic + One-Step,NASDAQ:SPSC,0.09999005975919432
2020-09-09,12,AR1 alpha + Basic + One-Step,NASDAQ:SPSC,0.09999369313583777
2020-09-10,12,AR1 alpha + Basic + One-Step,NASDAQ:SPSC,0.09999584219244798
2020-09-11,12,AR1 alpha + Basic + One-Step,NASDAQ:SPSC,0.09999436420317567
2020-09-14,12,AR1 alpha + Basic + One-Step,NASDAQ:SPSC,0.09999626772657388
2020-09-15,12,AR1 alpha + Basic + One-Step,NASDAQ:SPSC,0.09999429134379444
2020-09-16,12,AR1 alpha + Basic + One-Step,NASDAQ:SPSC,0.09999545123410108
2020-09-17,12,AR1 alpha + Basic + One-Step,NASDAQ:SPSC,0.09999465015830443
2020-09-18,12,AR1 alpha + Basic + One-Step,NASDAQ:SPSC,0.09998941037459354
2020-09-21,12,AR1 alpha + Basic + One-Step,NASDAQ:SPSC,0.09999319506942486
2020-09-22,12,AR1 alpha + Basic + One-Step,NASDAQ:SPSC,0.09999415712694962
2020-09-23,12,AR1 alpha + Basic + One-Step,NASDAQ:SPSC,0.09999628712255035
2020-09-24,12,AR1 alpha + Basic + One-Step,NASDAQ:SPSC,0.09999788921221511
2020-09-25,12,AR1 alpha + Basic + One-Step,NASDAQ:SPSC,0.0999939607831228
2020-09-28,12,AR1 alpha + Basic + One-Step,NASDAQ:SPSC,0.09999169284925022
2020-09-29,12,AR1 alpha + Basic + One-Step,NASDAQ:SPSC,0.09999496494903311
2020-09-30,12,AR1 alpha + Basic + One-Step,NASDAQ:SPSC,0.09999691510616288
2020-10-01,12,AR1 alpha + Basic + One-Step,NASDAQ:SPSC,0.0999954730512191
2020-10-02,12,AR1 alpha + Basic + One-Step,NASDAQ:SPSC,0.09999299124508532
2020-10-05,12,AR1 alpha + Basic + One-Step,NASDAQ:SPSC,0.09999566676388896
2020-10-06,12,AR1 alpha + Basic + One-Step,NASDAQ:SPSC,0.0999949157291932
2020-10-07,12,AR1 alpha + Basic + One-Step,NASDAQ:SPSC,0.09999702925432756
2020-10-08,12,AR1 alpha + Basic + One-Step,NASDAQ:SPSC,0.09999483835235583
2020-10-09,12,AR1 alpha + Basic + One-Step,NASDAQ:SPSC,0.09999279606515012
2020-10-12,12,AR1 alpha + Basic + One-Step,NASDAQ:SPSC,0.09998903115032742
2020-10-13,12,AR1 alpha + Basic + One-Step,NASDAQ:SPSC,0.09998941825809184
2020-10-14,12,AR1 alpha + Basic + One-Step,NASDAQ:SPSC,0.0999920064569319
2020-10-15,12,AR1 alpha + Basic + One-Step,NASDAQ:SPSC,0.09998885598920267
2020-10-16,12,AR1 alpha + Basic + One-Step,NASDAQ:SPSC,0.09999286645984484
2020-10-19,12,AR1 alpha + Basic + One-Step,NASDAQ:SPSC,0.09998828167102626
2020-10-20,12,AR1 alpha + Basic + One-Step,NASDAQ:SPSC,0.09998588018191498
2020-10-21,12,AR1 alpha + Basic + One-Step,NASDAQ:SPSC,0.09998522673974375
2020-10-22,12,AR1 alpha + Basic + One-Step,NASDAQ:SPSC,0.09998593725208284
2020-10-23,12,AR1 alpha + Basic + One-Step,NASDAQ:SPSC,0.09998418180593423
2020-10-26,12,AR1 alpha + Basic + One-Step,NASDAQ:SPSC,0.0999891269952795
2020-10-27,12,AR1 alpha + Basic + One-Step,NASDAQ:SPSC,0.09999298162076539
2020-10-28,12,AR1 alpha + Basic + One-Step,NASDAQ:SPSC,0.09999549010924533
2020-10-29,12,AR1 alpha + Basic + One-Step,NASDAQ:SPSC,0.09999709349189145
2020-10-30,12,AR1 alpha + Basic + One-Step,NASDAQ:SPSC,0.09999761798778892
2020-11-02,12,AR1 alpha + Basic + One-Step,NASDAQ:SPSC,0.09999784360904078
2020-11-03,12,AR1 alpha + Basic + One-Step,NASDAQ:SPSC,0.09999801964096408
2020-11-04,12,AR1 alpha + Basic + One-Step,NASDAQ:SPSC,0.09999644544028773
2020-11-05,12,AR1 alpha + Basic + One-Step,NASDAQ:SPSC,0.09999164161349804
2020-11-06,12,AR1 alpha + Basic + One-Step,NASDAQ:SPSC,0.09999467437295471
2020-11-09,12,AR1 alpha + Basic + One-Step,NASDAQ:SPSC,0.0999934871797219
2020-11-10,12,AR1 alpha + Basic + One-Step,NASDAQ:SPSC,0.09998971687333462
2020-11-11,12,AR1 alpha + Basic + One-Step,NASDAQ:SPSC,0.09999217093590022
2020-11-12,12,AR1 alpha + Basic + One-Step,NASDAQ:SPSC,0.0999877505415013
2020-11-13,12,AR1 alpha + Basic + One-Step,NASDAQ:SPSC,0.0999885399872705
2020-11-16,12,AR1 alpha + Basic + One-Step,NASDAQ:SPSC,0.09999023105110202
2020-11-17,12,AR1 alpha + Basic + One-Step,NASDAQ:SPSC,0.0999907418021985
2020-11-18,12,AR1 alpha + Basic + One-Step,NASDAQ:SPSC,0.0999832939549746
2020-11-19,12,AR1 alpha + Basic + One-Step,NASDAQ:SPSC,0.09998921264079909
2020-11-20,12,AR1 alpha + Basic + One-Step,NASDAQ:SPSC,0.09998146304387506
2020-11-23,12,AR1 alpha + Basic + One-Step,NASDAQ:SPSC,0.09997950651373418
2020-11-24,12,AR1 alpha + Basic + One-Step,NASDAQ:SPSC,0.09997867230375689
2020-11-25,12,AR1 alpha + Basic + One-Step,NASDAQ:SPSC,0.09998459289887553
2020-11-27,12,AR1 alpha + Basic + One-Step,NASDAQ:SPSC,0.09997814640174653
2020-11-30,12,AR1 alpha + Basic + One-Step,NASDAQ:SPSC,0.0999857590245061
2020-12-01,12,AR1 alpha + Basic + One-Step,NASDAQ:SPSC,0.09999026432629622
2020-12-02,12,AR1 alpha + Basic + One-Step,NASDAQ:SPSC,0.09999326725913399
2020-12-03,12,AR1 alpha + Basic + One-Step,NASDAQ:SPSC,0.0999956187584802
2020-12-04,12,AR1 alpha + Basic + One-Step,NASDAQ:SPSC,0.09999715573034784
2020-12-07,12,AR1 alpha + Basic + One-Step,NASDAQ:SPSC,0.09999595653952373
2020-12-08,12,AR1 alpha + Basic + One-Step,NASDAQ:SPSC,0.09999763516779338
2020-12-09,12,AR1 alpha + Basic + One-Step,NASDAQ:SPSC,0.0999952135747581
2020-12-10,12,AR1 alpha + Basic + One-Step,NASDAQ:SPSC,0.0999965474467789
2020-12-11,12,AR1 alpha + Basic + One-Step,NASDAQ:SPSC,0.0999982826549687
2020-12-14,12,AR1 alpha + Basic + One-Step,NASDAQ:SPSC,0.09999945512782628
2020-12-15,12,AR1 alpha + Basic + One-Step,NASDAQ:SPSC,0.09999089090793294
2020-12-16,12,AR1 alpha + Basic + One-Step,NASDAQ:SPSC,0.09999407784594837
2020-12-17,12,AR1 alpha + Basic + One-Step,NASDAQ:SPSC,0.0999958870454231
2020-12-18,12,AR1 alpha + Basic + One-Step,NASDAQ:SPSC,0.09999211032979577
2020-12-21,12,AR1 alpha + Basic + One-Step,NASDAQ:SPSC,0.09999498332875824
2020-12-22,12,AR1 alpha + Basic + One-Step,NASDAQ:SPSC,0.09999435236696451
2020-12-23,12,AR1 alpha + Basic + One-Step,NASDAQ:SPSC,0.09999615589570092
2020-12-24,12,AR1 alpha + Basic + One-Step,NASDAQ:SPSC,0.09999729436142858
2020-12-28,12,AR1 alpha + Basic + One-Step,NASDAQ:SPSC,0.09999760680145033
2020-12-29,12,AR1 alpha + Basic + One-Step,NASDAQ:SPSC,0.09999535497640537
2020-12-30,12,AR1 alpha + Basic + One-Step,NASDAQ:SPSC,0.09999391035137678
2020-12-31,12,AR1 alpha + Basic + One-Step,NASDAQ:SPSC,0.09999470333854872
2021-01-04,12,AR1 alpha + Basic + One-Step,NASDAQ:SPSC,0.09999159197618304
2021-01-05,12,AR1 alpha + Basic + One-Step,NASDAQ:SPSC,0.09999439916831535
2021-01-06,12,AR1 alpha + Basic + One-Step,NASDAQ:SPSC,0.09999598736364429
2021-01-07,12,AR1 alpha + Basic + One-Step,NASDAQ:SPSC,0.09999022672074691
2021-01-08,12,AR1 alpha + Basic + One-Step,NASDAQ:SPSC,0.09999205125893763
2021-01-11,12,AR1 alpha + Basic + One-Step,NASDAQ:SPSC,0.09998939270608626
2021-01-12,12,AR1 alpha + Basic + One-Step,NASDAQ:SPSC,0.09998793384886595
2021-01-13,12,AR1 alpha + Basic + One-Step,NASDAQ:SPSC,0.09998916841705466
2021-01-14,12,AR1 alpha + Basic + One-Step,NASDAQ:SPSC,0.09998115236525576
2021-01-15,12,AR1 alpha + Basic + One-Step,NASDAQ:SPSC,0.09998495197521265
2021-01-19,12,AR1 alpha + Basic + One-Step,NASDAQ:SPSC,0.09998934426926344
2021-01-20,12,AR1 alpha + Basic + One-Step,NASDAQ:SPSC,0.09999273723223792
2021-01-21,12,AR1 alpha + Basic + One-Step,NASDAQ:SPSC,0.0999879183249257
2021-01-22,12,AR1 alpha + Basic + One-Step,NASDAQ:SPSC,0.09999208878826604
2021-01-25,12,AR1 alpha + Basic + One-Step,NASDAQ:SPSC,0.09999469914513445
2021-01-26,12,AR1 alpha + Basic + One-Step,NASDAQ:SPSC,0.09998903958545355
2021-01-27,12,AR1 alpha + Basic + One-Step,NASDAQ:SPSC,0.09998842192258091
2021-01-28,12,AR1 alpha + Basic + One-Step,NASDAQ:SPSC,0.0999838399237389
2021-01-29,12,AR1 alpha + Basic + One-Step,NASDAQ:SPSC,0.09998836322671899
2021-02-01,12,AR1 alpha + Basic + One-Step,NASDAQ:SPSC,0.09999280204971543
2021-02-02,12,AR1 alpha + Basic + One-Step,NASDAQ:SPSC,0.09999498461259605
2021-02-03,12,AR1 alpha + Basic + One-Step,NASDAQ:SPSC,0.09999651748940318
2021-02-04,12,AR1 alpha + Basic + One-Step,NASDAQ:SPSC,0.09999567152957424
2021-02-05,12,AR1 alpha + Basic + One-Step,NASDAQ:SPSC,0.09999317770984369
2021-02-08,12,AR1 alpha + Basic + One-Step,NASDAQ:SPSC,0.09998883825037028
2021-02-09,12,AR1 alpha + Basic + One-Step,NASDAQ:SPSC,0.09999166873274698
2021-02-10,12,AR1 alpha + Basic + One-Step,NASDAQ:SPSC,0.09998655210118462
2021-02-11,12,AR1 alpha + Basic + One-Step,NASDAQ:SPSC,0.0999866154108414
2021-02-12,12,AR1 alpha + Basic + One-Step,NASDAQ:SPSC,0.0999786237291956
2021-02-16,12,AR1 alpha + Basic + One-Step,NASDAQ:SPSC,0.09998627476232072
2021-02-17,12,AR1 alpha + Basic + One-Step,NASDAQ:SPSC,0.09998682247642678
2021-02-18,12,AR1 alpha + Basic + One-Step,NASDAQ:SPSC,0.0999909877795998
2021-02-19,12,AR1 alpha + Basic + One-Step,NASDAQ:SPSC,0.09998921610615455
2021-02-22,12,AR1 alpha + Basic + One-Step,NASDAQ:SPSC,0.0999939595058038
2021-02-23,12,AR1 alpha + Basic + One-Step,NASDAQ:SPSC,0.09999614303255447
2021-02-24,12,AR1 alpha + Basic + One-Step,NASDAQ:SPSC,0.09999584016343833
2021-02-25,12,AR1 alpha + Basic + One-Step,NASDAQ:SPSC,0.09023700474383088
2021-02-26,12,AR1 alpha + Basic + One-Step,NASDAQ:SPSC,0.10000118025753488
2021-03-01,12,AR1 alpha + Basic + One-Step,NASDAQ:SPSC,0.09999634183661653
2021-03-02,12,AR1 alpha + Basic + One-Step,NASDAQ:SPSC,0.09447188045823757
2021-03-03,12,AR1 alpha + Basic + One-Step,NASDAQ:SPSC,0.07981663526000829
2021-03-04,12,AR1 alpha + Basic + One-Step,NASDAQ:SPSC,0.07205808039311701
2021-03-05,12,AR1 alpha + Basic + One-Step,NASDAQ:SPSC,0.09999633054167233
2021-03-08,12,AR1 alpha + Basic + One-Step,NASDAQ:SPSC,0.09999723956864193
2021-03-09,12,AR1 alpha + Basic + One-Step,NASDAQ:SPSC,0.09999317396774249
2021-03-10,12,AR1 alpha + Basic + One-Step,NASDAQ:SPSC,0.09999087275899396
2021-03-11,12,AR1 alpha + Basic + One-Step,NASDAQ:SPSC,0.09999466369839265
2021-03-12,12,AR1 alpha + Basic + One-Step,NASDAQ:SPSC,0.09999662878411478
2021-03-15,12,AR1 alpha + Basic + One-Step,NASDAQ:SPSC,0.09999813071635912
2021-03-16,12,AR1 alpha + Basic + One-Step,NASDAQ:SPSC,0.09999112816108127
2021-03-17,12,AR1 alpha + Basic + One-Step,NASDAQ:SPSC,0.0999916290973982
2021-03-18,12,AR1 alpha + Basic + One-Step,NASDAQ:SPSC,0.09999167088252088
2021-03-19,12,AR1 alpha + Basic + One-Step,NASDAQ:SPSC,0.09998183720391554
2021-03-22,12,AR1 alpha + Basic + One-Step,NASDAQ:SPSC,0.09997640201738454
2021-03-23,12,AR1 alpha + Basic + One-Step,NASDAQ:SPSC,0.09997682014361119
2021-03-24,12,AR1 alpha + Basic + One-Step,NASDAQ:SPSC,0.09998481011191693
2021-03-25,12,AR1 alpha + Basic + One-Step,NASDAQ:SPSC,0.09997865957297805
2021-03-26,12,AR1 alpha + Basic + One-Step,NASDAQ:SPSC,0.09998694644642958
2021-03-29,12,AR1 alpha + Basic + One-Step,NASDAQ:SPSC,0.09998216451447217
2021-03-30,12,AR1 alpha + Basic + One-Step,NASDAQ:SPSC,0.09998959118980666
2021-03-31,12,AR1 alpha + Basic + One-Step,NASDAQ:SPSC,0.09999402293758605
2021-04-01,12,AR1 alpha + Basic + One-Step,NASDAQ:SPSC,0.09999307652746549
2021-04-05,12,AR1 alpha + Basic + One-Step,NASDAQ:SPSC,0.09484339560783794
2021-04-06,12,AR1 alpha + Basic + One-Step,NASDAQ:SPSC,0.09999807775587537
2021-04-07,12,AR1 alpha + Basic + One-Step,NASDAQ:SPSC,0.0999983855770126
2021-04-08,12,AR1 alpha + Basic + One-Step,NASDAQ:SPSC,0.09999956891536475
2021-04-09,12,AR1 alpha + Basic + One-Step,NASDAQ:SPSC,0.09999622198468575
2021-04-12,12,AR1 alpha + Basic + One-Step,NASDAQ:SPSC,0.09999782620905269
2021-04-13,12,AR1 alpha + Basic + One-Step,NASDAQ:SPSC,0.09999141036170453
2021-04-14,12,AR1 alpha + Basic + One-Step,NASDAQ:SPSC,0.08764546364935132
2021-04-15,12,AR1 alpha + Basic + One-Step,NASDAQ:SPSC,0.09999843650727394
2021-04-16,12,AR1 alpha + Basic + One-Step,NASDAQ:SPSC,0.09999178968934042
2021-04-19,12,AR1 alpha + Basic + One-Step,NASDAQ:SPSC,0.06075130526826067
2021-04-20,12,AR1 alpha + Basic + One-Step,NASDAQ:SPSC,0.09217487094308387
2021-04-21,12,AR1 alpha + Basic + One-Step,NASDAQ:SPSC,0.0998874307937673
2021-04-22,12,AR1 alpha + Basic + One-Step,NASDAQ:SPSC,0.10000008497888652
2021-04-23,12,AR1 alpha + Basic + One-Step,NASDAQ:SPSC,0.08913506229561816
2021-04-26,12,AR1 alpha + Basic + One-Step,NASDAQ:SPSC,0.07989819897188213
2021-04-27,12,AR1 alpha + Basic + One-Step,NASDAQ:SPSC,0.02608077411489032
2021-04-28,12,AR1 alpha + Basic + One-Step,NASDAQ:SPSC,0.0
2021-04-29,12,AR1 alpha + Basic + One-Step,NASDAQ:SPSC,0.0639719823470325
2021-04-30,12,AR1 alpha + Basic + One-Step,NASDAQ:SPSC,0.0
2021-05-03,12,AR1 alpha + Basic + One-Step,NASDAQ:SPSC,0.0
2021-05-04,12,AR1 alpha + Basic + One-Step,NASDAQ:SPSC,0.0
2021-05-05,12,AR1 alpha + Basic + One-Step,NASDAQ:SPSC,0.0
2021-05-06,12,AR1 alpha + Basic + One-Step,NASDAQ:SPSC,0.0
2021-05-07,12,AR1 alpha + Basic + One-Step,NASDAQ:SPSC,0.0
2021-05-10,12,AR1 alpha + Basic + One-Step,NASDAQ:SPSC,0.0
2021-05-11,12,AR1 alpha + Basic + One-Step,NASDAQ:SPSC,0.0
2021-05-12,12,AR1 alpha + Basic + One-Step,NASDAQ:SPSC,0.0
2021-05-13,12,AR1 alpha + Basic + One-Step,NASDAQ:SPSC,3.6116912640348415e-07
2021-05-14,12,AR1 alpha + Basic + One-Step,NASDAQ:SPSC,2.0964071118135804e-07
2021-05-17,12,AR1 alpha + Basic + One-Step,NASDAQ:SPSC,0.0
2021-05-18,12,AR1 alpha + Basic + One-Step,NASDAQ:SPSC,3.899170731804822e-07
2021-05-19,12,AR1 alpha + Basic + One-Step,NASDAQ:SPSC,2.3643386343754227e-07
2021-05-20,12,AR1 alpha + Basic + One-Step,NASDAQ:SPSC,1.5626278681988344e-07
2021-05-21,12,AR1 alpha + Basic + One-Step,NASDAQ:SPSC,6.023887143198372e-07
2021-05-24,12,AR1 alpha + Basic + One-Step,NASDAQ:SPSC,0.0
2021-05-25,12,AR1 alpha + Basic + One-Step,NASDAQ:SPSC,0.0
2021-05-26,12,AR1 alpha + Basic + One-Step,NASDAQ:SPSC,0.0
2021-05-27,12,AR1 alpha + Basic + One-Step,NASDAQ:SPSC,2.2758218341081528e-07
2021-05-28,12,AR1 alpha + Basic + One-Step,NASDAQ:SPSC,0.0
2021-06-01,12,AR1 alpha + Basic + One-Step,NASDAQ:SPSC,0.0
2021-06-02,12,AR1 alpha + Basic + One-Step,NASDAQ:SPSC,0.0
2021-06-03,12,AR1 alpha + Basic + One-Step,NASDAQ:SPSC,0.0
2021-06-04,12,AR1 alpha + Basic + One-Step,NASDAQ:SPSC,0.0
2021-06-07,12,AR1 alpha + Basic + One-Step,NASDAQ:SPSC,0.0
2021-06-08,12,AR1 alpha + Basic + One-Step,NASDAQ:SPSC,0.0
2021-06-09,12,AR1 alpha + Basic + One-Step,NASDAQ:SPSC,2.6040151171056154e-07
2021-06-10,12,AR1 alpha + Basic + One-Step,NASDAQ:SPSC,2.3481906854244216e-07
2021-06-11,12,AR1 alpha + Basic + One-Step,NASDAQ:SPSC,0.0
2021-06-14,12,AR1 alpha + Basic + One-Step,NASDAQ:SPSC,0.0
2021-06-15,12,AR1 alpha + Basic + One-Step,NASDAQ:SPSC,0.0
2021-06-16,12,AR1 alpha + Basic + One-Step,NASDAQ:SPSC,0.0
2021-06-17,12,AR1 alpha + Basic + One-Step,NASDAQ:SPSC,0.0
2021-06-18,12,AR1 alpha + Basic + One-Step,NASDAQ:SPSC,0.0
2021-06-21,12,AR1 alpha + Basic + One-Step,NASDAQ:SPSC,0.0
2021-06-22,12,AR1 alpha + Basic + One-Step,NASDAQ:SPSC,0.0
2021-06-23,12,AR1 alpha + Basic + One-Step,NASDAQ:SPSC,4.0806078165041277e-07
2021-06-24,12,AR1 alpha + Basic + One-Step,NASDAQ:SPSC,8.668321737112026e-07
2021-06-25,12,AR1 alpha + Basic + One-Step,NASDAQ:SPSC,0.0
2021-06-28,12,AR1 alpha + Basic + One-Step,NASDAQ:SPSC,0.0
2021-06-29,12,AR1 alpha + Basic + One-Step,NASDAQ:SPSC,0.0
2021-06-30,12,AR1 alpha + Basic + One-Step,NASDAQ:SPSC,0.0
2021-07-01,12,AR1 alpha + Basic + One-Step,NASDAQ:SPSC,0.0
2021-07-02,12,AR1 alpha + Basic + One-Step,NASDAQ:SPSC,0.0
2021-07-06,12,AR1 alpha + Basic + One-Step,NASDAQ:SPSC,0.0
2021-07-07,12,AR1 alpha + Basic + One-Step,NASDAQ:SPSC,0.0
2021-07-08,12,AR1 alpha + Basic + One-Step,NASDAQ:SPSC,0.0
2021-07-09,12,AR1 alpha + Basic + One-Step,NASDAQ:SPSC,0.0
2021-07-12,12,AR1 alpha + Basic + One-Step,NASDAQ:SPSC,0.0
2021-07-13,12,AR1 alpha + Basic + One-Step,NASDAQ:SPSC,1.0002816638984021e-07
2021-07-14,12,AR1 alpha + Basic + One-Step,NASDAQ:SPSC,0.0
2021-07-15,12,AR1 alpha + Basic + One-Step,NASDAQ:SPSC,0.0
2021-07-16,12,AR1 alpha + Basic + One-Step,NASDAQ:SPSC,4.1338100997927005e-06
2021-07-19,12,AR1 alpha + Basic + One-Step,NASDAQ:SPSC,0.0
2021-07-20,12,AR1 alpha + Basic + One-Step,NASDAQ:SPSC,0.0
2021-07-21,12,AR1 alpha + Basic + One-Step,NASDAQ:SPSC,0.0
2021-07-22,12,AR1 alpha + Basic + One-Step,NASDAQ:SPSC,0.0
2021-07-23,12,AR1 alpha + Basic + One-Step,NASDAQ:SPSC,0.0
2021-07-26,12,AR1 alpha + Basic + One-Step,NASDAQ:SPSC,1.4868857403875773e-08
2021-07-27,12,AR1 alpha + Basic + One-Step,NASDAQ:SPSC,1.380639397168758e-06
2021-07-28,12,AR1 alpha + Basic + One-Step,NASDAQ:SPSC,0.0
2021-07-29,12,AR1 alpha + Basic + One-Step,NASDAQ:SPSC,0.0
2021-07-30,12,AR1 alpha + Basic + One-Step,NASDAQ:SPSC,0.0
2021-08-02,12,AR1 alpha + Basic + One-Step,NASDAQ:SPSC,0.0
2021-08-03,12,AR1 alpha + Basic + One-Step,NASDAQ:SPSC,0.0
2021-08-04,12,AR1 alpha + Basic + One-Step,NASDAQ:SPSC,3.6423415659597895e-08
2021-08-05,12,AR1 alpha + Basic + One-Step,NASDAQ:SPSC,0.0
2021-08-06,12,AR1 alpha + Basic + One-Step,NASDAQ:SPSC,0.0
2021-08-09,12,AR1 alpha + Basic + One-Step,NASDAQ:SPSC,7.033793878995686e-07
2021-08-10,12,AR1 alpha + Basic + One-Step,NASDAQ:SPSC,4.258508470513994e-07
2021-08-11,12,AR1 alpha + Basic + One-Step,NASDAQ:SPSC,4.6043460812822675e-07
2021-08-12,12,AR1 alpha + Basic + One-Step,NASDAQ:SPSC,0.0
2021-08-13,12,AR1 alpha + Basic + One-Step,NASDAQ:SPSC,0.0
2021-08-16,12,AR1 alpha + Basic + One-Step,NASDAQ:SPSC,0.0
2021-08-17,12,AR1 alpha + Basic + One-Step,NASDAQ:SPSC,2.907728981066906e-09
2021-08-18,12,AR1 alpha + Basic + One-Step,NASDAQ:SPSC,0.0
2021-08-19,12,AR1 alpha + Basic + One-Step,NASDAQ:SPSC,0.0
2021-08-20,12,AR1 alpha + Basic + One-Step,NASDAQ:SPSC,0.0
2021-08-23,12,AR1 alpha + Basic + One-Step,NASDAQ:SPSC,0.0
2021-08-24,12,AR1 alpha + Basic + One-Step,NASDAQ:SPSC,1.0334291264432825e-07
2021-08-25,12,AR1 alpha + Basic + One-Step,NASDAQ:SPSC,0.0
2021-08-26,12,AR1 alpha + Basic + One-Step,NASDAQ:SPSC,0.0
2021-08-27,12,AR1 alpha + Basic + One-Step,NASDAQ:SPSC,1.4507549436117595e-06
2021-08-30,12,AR1 alpha + Basic + One-Step,NASDAQ:SPSC,9.136998629426087e-07
2021-08-31,12,AR1 alpha + Basic + One-Step,NASDAQ:SPSC,0.0
2021-09-01,12,AR1 alpha + Basic + One-Step,NASDAQ:SPSC,0.0
2021-09-02,12,AR1 alpha + Basic + One-Step,NASDAQ:SPSC,0.0
2021-09-03,12,AR1 alpha + Basic + One-Step,NASDAQ:SPSC,0.0
2021-09-07,12,AR1 alpha + Basic + One-Step,NASDAQ:SPSC,0.0
2021-09-08,12,AR1 alpha + Basic + One-Step,NASDAQ:SPSC,0.0
2021-09-09,12,AR1 alpha + Basic + One-Step,NASDAQ:SPSC,1.873651413633798e-07
2021-09-10,12,AR1 alpha + Basic + One-Step,NASDAQ:SPSC,0.0
2021-09-13,12,AR1 alpha + Basic + One-Step,NASDAQ:SPSC,0.0
2021-09-14,12,AR1 alpha + Basic + One-Step,NASDAQ:SPSC,5.980893938137443e-07
2021-09-15,12,AR1 alpha + Basic + One-Step,NASDAQ:SPSC,0.0
2021-09-16,12,AR1 alpha + Basic + One-Step,NASDAQ:SPSC,0.0
2021-09-17,12,AR1 alpha + Basic + One-Step,NASDAQ:SPSC,0.0
2021-09-20,12,AR1 alpha + Basic + One-Step,NASDAQ:SPSC,0.0
2021-09-21,12,AR1 alpha + Basic + One-Step,NASDAQ:SPSC,1.1391121048317265e-07
2021-09-22,12,AR1 alpha + Basic + One-Step,NASDAQ:SPSC,0.0
2021-09-23,12,AR1 alpha + Basic + One-Step,NASDAQ:SPSC,0.05134612735515803
2021-09-24,12,AR1 alpha + Basic + One-Step,NASDAQ:SPSC,0.06372255230883524
2021-09-27,12,AR1 alpha + Basic + One-Step,NASDAQ:SPSC,0.09999697648365821
2021-09-28,12,AR1 alpha + Basic + One-Step,NASDAQ:SPSC,0.07169156092682673
2021-09-29,12,AR1 alpha + Basic + One-Step,NASDAQ:SPSC,0.09207093957173591
2021-09-30,12,AR1 alpha + Basic + One-Step,NASDAQ:SPSC,0.06066943860117324
2021-10-01,12,AR1 alpha + Basic + One-Step,NASDAQ:SPSC,0.09999832848138844
2021-10-04,12,AR1 alpha + Basic + One-Step,NASDAQ:SPSC,0.09999331465687598
2021-10-05,12,AR1 alpha + Basic + One-Step,NASDAQ:SPSC,0.09999549204027512
2021-10-06,12,AR1 alpha + Basic + One-Step,NASDAQ:SPSC,0.09999542791528665
2021-10-07,12,AR1 alpha + Basic + One-Step,NASDAQ:SPSC,0.06917938101048757
2021-10-08,12,AR1 alpha + Basic + One-Step,NASDAQ:SPSC,0.07230709333324052
2021-10-11,12,AR1 alpha + Basic + One-Step,NASDAQ:SPSC,0.06601393842341824
2021-10-12,12,AR1 alpha + Basic + One-Step,NASDAQ:SPSC,0.04678538328564286
2021-10-13,12,AR1 alpha + Basic + One-Step,NASDAQ:SPSC,0.02108444398661494
2021-10-14,12,AR1 alpha + Basic + One-Step,NASDAQ:SPSC,0.06271263250932828
2021-10-15,12,AR1 alpha + Basic + One-Step,NASDAQ:SPSC,0.08611501920082
2021-10-18,12,AR1 alpha + Basic + One-Step,NASDAQ:SPSC,0.08610947750710941
2021-10-19,12,AR1 alpha + Basic + One-Step,NASDAQ:SPSC,0.09756188847252809
2021-10-20,12,AR1 alpha + Basic + One-Step,NASDAQ:SPSC,0.09999611843196674
2021-10-21,12,AR1 alpha + Basic + One-Step,NASDAQ:SPSC,0.0999885704914954
2021-10-22,12,AR1 alpha + Basic + One-Step,NASDAQ:SPSC,0.09998704207688697
2021-10-25,12,AR1 alpha + Basic + One-Step,NASDAQ:SPSC,0.09998485004998542
2021-10-26,12,AR1 alpha + Basic + One-Step,NASDAQ:SPSC,0.09998206569813971
2021-10-27,12,AR1 alpha + Basic + One-Step,NASDAQ:SPSC,0.03483821915665642
2021-10-28,12,AR1 alpha + Basic + One-Step,NASDAQ:SPSC,0.09999817227775215
2021-10-29,12,AR1 alpha + Basic + One-Step,NASDAQ:SPSC,0.09999456686158845
2021-11-01,12,AR1 alpha + Basic + One-Step,NASDAQ:SPSC,0.09999672998615602
2021-11-02,12,AR1 alpha + Basic + One-Step,NASDAQ:SPSC,0.09999251548416825
2021-11-03,12,AR1 alpha + Basic + One-Step,NASDAQ:SPSC,0.09998868879977921
2021-11-04,12,AR1 alpha + Basic + One-Step,NASDAQ:SPSC,0.049074032372904
2021-11-05,12,AR1 alpha + Basic + One-Step,NASDAQ:SPSC,0.049073966822562036
2021-11-08,12,AR1 alpha + Basic + One-Step,NASDAQ:SPSC,0.026298225788749973
2021-11-09,12,AR1 alpha + Basic + One-Step,NASDAQ:SPSC,1.327693505943827e-08
2021-11-10,12,AR1 alpha + Basic + One-Step,NASDAQ:SPSC,1.2111014205637838e-08
2021-11-11,12,AR1 alpha + Basic + One-Step,NASDAQ:SPSC,0.0
2021-11-12,12,AR1 alpha + Basic + One-Step,NASDAQ:SPSC,0.0
2021-11-15,12,AR1 alpha + Basic + One-Step,NASDAQ:SPSC,0.0
2021-11-16,12,AR1 alpha + Basic + One-Step,NASDAQ:SPSC,0.0
2021-11-17,12,AR1 alpha + Basic + One-Step,NASDAQ:SPSC,0.0
2021-11-18,12,AR1 alpha + Basic + One-Step,NASDAQ:SPSC,0.0
2021-11-19,12,AR1 alpha + Basic + One-Step,NASDAQ:SPSC,0.0
2021-11-22,12,AR1 alpha + Basic + One-Step,NASDAQ:SPSC,0.0
2021-11-23,12,AR1 alpha + Basic + One-Step,NASDAQ:SPSC,0.0
2021-11-24,12,AR1 alpha + Basic + One-Step,NASDAQ:SPSC,0.0
2021-11-26,12,AR1 alpha + Basic + One-Step,NASDAQ:SPSC,5.791979989179733e-08
2021-11-29,12,AR1 alpha + Basic + One-Step,NASDAQ:SPSC,0.0
2021-11-30,12,AR1 alpha + Basic + One-Step,NASDAQ:SPSC,0.0
2021-12-01,12,AR1 alpha + Basic + One-Step,NASDAQ:SPSC,0.0
2021-12-02,12,AR1 alpha + Basic + One-Step,NASDAQ:SPSC,0.0
2021-12-03,12,AR1 alpha + Basic + One-Step,NASDAQ:SPSC,1.5232595270519693e-08
2021-12-06,12,AR1 alpha + Basic + One-Step,NASDAQ:SPSC,0.0
2021-12-07,12,AR1 alpha + Basic + One-Step,NASDAQ:SPSC,0.010336608010019462
2021-12-08,12,AR1 alpha + Basic + One-Step,NASDAQ:SPSC,0.0
2021-12-09,12,AR1 alpha + Basic + One-Step,NASDAQ:SPSC,0.0
2021-12-10,12,AR1 alpha + Basic + One-Step,NASDAQ:SPSC,0.0
2021-12-13,12,AR1 alpha + Basic + One-Step,NASDAQ:SPSC,0.0
2021-12-14,12,AR1 alpha + Basic + One-Step,NASDAQ:SPSC,0.0
2021-12-15,12,AR1 alpha + Basic + One-Step,NASDAQ:SPSC,0.0
2021-12-16,12,AR1 alpha + Basic + One-Step,NASDAQ:SPSC,0.0
2021-12-17,12,AR1 alpha + Basic + One-Step,NASDAQ:SPSC,0.0
2021-12-20,12,AR1 alpha + Basic + One-Step,NASDAQ:SPSC,0.0
2021-12-21,12,AR1 alpha + Basic + One-Step,NASDAQ:SPSC,0.0
2021-12-22,12,AR1 alpha + Basic + One-Step,NASDAQ:SPSC,2.0755274463731696e-07
2021-12-23,12,AR1 alpha + Basic + One-Step,NASDAQ:SPSC,0.0
2021-12-27,12,AR1 alpha + Basic + One-Step,NASDAQ:SPSC,0.0
2021-12-28,12,AR1 alpha + Basic + One-Step,NASDAQ:SPSC,0.0
2021-12-29,12,AR1 alpha + Basic + One-Step,NASDAQ:SPSC,0.0
2021-12-30,12,AR1 alpha + Basic + One-Step,NASDAQ:SPSC,6.13482867405803e-07
2021-12-31,12,AR1 alpha + Basic + One-Step,NASDAQ:SPSC,2.096136872906756e-07
2022-01-03,12,AR1 alpha + Basic + One-Step,NASDAQ:SPSC,1.004768966718141e-07
2022-01-04,12,AR1 alpha + Basic + One-Step,NASDAQ:SPSC,0.0
2022-01-05,12,AR1 alpha + Basic + One-Step,NASDAQ:SPSC,0.0
2022-01-06,12,AR1 alpha + Basic + One-Step,NASDAQ:SPSC,0.0
2022-01-07,12,AR1 alpha + Basic + One-Step,NASDAQ:SPSC,5.775110820874507e-08
2022-01-10,12,AR1 alpha + Basic + One-Step,NASDAQ:SPSC,0.0
2022-01-11,12,AR1 alpha + Basic + One-Step,NASDAQ:SPSC,0.0
2022-01-12,12,AR1 alpha + Basic + One-Step,NASDAQ:SPSC,0.0
2022-01-13,12,AR1 alpha + Basic + One-Step,NASDAQ:SPSC,1.7510917476198791e-06
2022-01-14,12,AR1 alpha + Basic + One-Step,NASDAQ:SPSC,0.0
2022-01-18,12,AR1 alpha + Basic + One-Step,NASDAQ:SPSC,0.0
2022-01-19,12,AR1 alpha + Basic + One-Step,NASDAQ:SPSC,0.0
2022-01-20,12,AR1 alpha + Basic + One-Step,NASDAQ:SPSC,0.0
2022-01-21,12,AR1 alpha + Basic + One-Step,NASDAQ:SPSC,3.269610756524671e-07
2022-01-24,12,AR1 alpha + Basic + One-Step,NASDAQ:SPSC,0.0
2022-01-25,12,AR1 alpha + Basic + One-Step,NASDAQ:SPSC,0.0
2022-01-26,12,AR1 alpha + Basic + One-Step,NASDAQ:SPSC,0.0
2022-01-27,12,AR1 alpha + Basic + One-Step,NASDAQ:SPSC,0.0
2022-01-28,12,AR1 alpha + Basic + One-Step,NASDAQ:SPSC,0.0
2022-01-31,12,AR1 alpha + Basic + One-Step,NASDAQ:SPSC,0.0
2022-02-01,12,AR1 alpha + Basic + One-Step,NASDAQ:SPSC,0.0
2022-02-02,12,AR1 alpha + Basic + One-Step,NASDAQ:SPSC,0.0
2022-02-03,12,AR1 alpha + Basic + One-Step,NASDAQ:SPSC,0.0
2022-02-04,12,AR1 alpha + Basic + One-Step,NASDAQ:SPSC,8.845029859797225e-08
2022-02-07,12,AR1 alpha + Basic + One-Step,NASDAQ:SPSC,2.1655966548821299e-07
2022-02-08,12,AR1 alpha + Basic + One-Step,NASDAQ:SPSC,1.4733683915746362e-06
2022-02-09,12,AR1 alpha + Basic + One-Step,NASDAQ:SPSC,0.0
2022-02-10,12,AR1 alpha + Basic + One-Step,NASDAQ:SPSC,0.0
2022-02-11,12,AR1 alpha + Basic + One-Step,NASDAQ:SPSC,4.468350778136629e-08
2022-02-14,12,AR1 alpha + Basic + One-Step,NASDAQ:SPSC,0.0
2022-02-15,12,AR1 alpha + Basic + One-Step,NASDAQ:SPSC,0.0
2022-02-16,12,AR1 alpha + Basic + One-Step,NASDAQ:SPSC,0.0
2022-02-17,12,AR1 alpha + Basic + One-Step,NASDAQ:SPSC,0.0
2022-02-18,12,AR1 alpha + Basic + One-Step,NASDAQ:SPSC,1.9630368204410966e-07
2022-02-22,12,AR1 alpha + Basic + One-Step,NASDAQ:SPSC,6.352216009176119e-08
2022-02-23,12,AR1 alpha + Basic + One-Step,NASDAQ:SPSC,0.0
2022-02-24,12,AR1 alpha + Basic + One-Step,NASDAQ:SPSC,0.0
2022-02-25,12,AR1 alpha + Basic + One-Step,NASDAQ:SPSC,0.0
2022-02-28,12,AR1 alpha + Basic + One-Step,NASDAQ:SPSC,0.0
2022-03-01,12,AR1 alpha + Basic + One-Step,NASDAQ:SPSC,4.4226891469628905e-08
2022-03-02,12,AR1 alpha + Basic + One-Step,NASDAQ:SPSC,0.0
2022-03-03,12,AR1 alpha + Basic + One-Step,NASDAQ:SPSC,0.0
2022-03-04,12,AR1 alpha + Basic + One-Step,NASDAQ:SPSC,0.0
2022-03-07,12,AR1 alpha + Basic + One-Step,NASDAQ:SPSC,0.024335172346924963
2022-03-08,12,AR1 alpha + Basic + One-Step,NASDAQ:SPSC,0.06553443850667005
2022-03-09,12,AR1 alpha + Basic + One-Step,NASDAQ:SPSC,0.0
2022-03-10,12,AR1 alpha + Basic + One-Step,NASDAQ:SPSC,0.0
2022-03-11,12,AR1 alpha + Basic + One-Step,NASDAQ:SPSC,0.0
2022-03-14,12,AR1 alpha + Basic + One-Step,NASDAQ:SPSC,0.012807733246888952
2022-03-15,12,AR1 alpha + Basic + One-Step,NASDAQ:SPSC,0.0
2022-03-16,12,AR1 alpha + Basic + One-Step,NASDAQ:SPSC,0.0
2022-03-17,12,AR1 alpha + Basic + One-Step,NASDAQ:SPSC,0.0
2022-03-18,12,AR1 alpha + Basic + One-Step,NASDAQ:SPSC,0.0
2022-03-21,12,AR1 alpha + Basic + One-Step,NASDAQ:SPSC,0.0
2022-03-22,12,AR1 alpha + Basic + One-Step,NASDAQ:SPSC,0.0
2022-03-23,12,AR1 alpha + Basic + One-Step,NASDAQ:SPSC,0.0
2022-03-24,12,AR1 alpha + Basic + One-Step,NASDAQ:SPSC,3.620294346210975e-08
2022-03-25,12,AR1 alpha + Basic + One-Step,NASDAQ:SPSC,0.029897830401380315
2022-03-28,12,AR1 alpha + Basic + One-Step,NASDAQ:SPSC,0.0
2022-03-29,12,AR1 alpha + Basic + One-Step,NASDAQ:SPSC,0.0
2022-03-30,12,AR1 alpha + Basic + One-Step,NASDAQ:SPSC,0.0
2022-03-31,12,AR1 alpha + Basic + One-Step,NASDAQ:SPSC,0.0
2022-04-01,12,AR1 alpha + Basic + One-Step,NASDAQ:SPSC,0.0
2022-04-04,12,AR1 alpha + Basic + One-Step,NASDAQ:SPSC,0.0
2022-04-05,12,AR1 alpha + Basic + One-Step,NASDAQ:SPSC,0.0
2022-04-06,12,AR1 alpha + Basic + One-Step,NASDAQ:SPSC,0.010592653058739998
2022-04-07,12,AR1 alpha + Basic + One-Step,NASDAQ:SPSC,0.013300695060788424
2022-04-08,12,AR1 alpha + Basic + One-Step,NASDAQ:SPSC,0.0999989187704483
2022-04-11,12,AR1 alpha + Basic + One-Step,NASDAQ:SPSC,0.031106023617318762
2022-04-12,12,AR1 alpha + Basic + One-Step,NASDAQ:SPSC,0.022849580279706138
2022-04-13,12,AR1 alpha + Basic + One-Step,NASDAQ:SPSC,6.164841015227142e-07
2022-04-14,12,AR1 alpha + Basic + One-Step,NASDAQ:SPSC,2.0253640089175495e-08
2022-04-18,12,AR1 alpha + Basic + One-Step,NASDAQ:SPSC,0.008714311373706147
2022-04-19,12,AR1 alpha + Basic + One-Step,NASDAQ:SPSC,0.0
2022-04-20,12,AR1 alpha + Basic + One-Step,NASDAQ:SPSC,6.758172490354417e-08
2022-04-21,12,AR1 alpha + Basic + One-Step,NASDAQ:SPSC,0.0
2022-04-22,12,AR1 alpha + Basic + One-Step,NASDAQ:SPSC,0.0
2022-04-25,12,AR1 alpha + Basic + One-Step,NASDAQ:SPSC,0.0
2022-04-26,12,AR1 alpha + Basic + One-Step,NASDAQ:SPSC,0.030611563992838646
2022-04-27,12,AR1 alpha + Basic + One-Step,NASDAQ:SPSC,0.00368434897804068
2022-04-28,12,AR1 alpha + Basic + One-Step,NASDAQ:SPSC,0.0
2022-04-29,12,AR1 alpha + Basic + One-Step,NASDAQ:SPSC,0.0
2022-05-02,12,AR1 alpha + Basic + One-Step,NASDAQ:SPSC,0.0
2022-05-03,12,AR1 alpha + Basic + One-Step,NASDAQ:SPSC,0.0
2022-05-04,12,AR1 alpha + Basic + One-Step,NASDAQ:SPSC,3.2640493418414704e-07
2022-05-05,12,AR1 alpha + Basic + One-Step,NASDAQ:SPSC,0.0
2022-05-06,12,AR1 alpha + Basic + One-Step,NASDAQ:SPSC,0.04220366314729343
2022-05-09,12,AR1 alpha + Basic + One-Step,NASDAQ:SPSC,0.08207187957361717
2022-05-10,12,AR1 alpha + Basic + One-Step,NASDAQ:SPSC,0.10000101741698883
2022-05-11,12,AR1 alpha + Basic + One-Step,NASDAQ:SPSC,0.09999771251582745
2022-05-12,12,AR1 alpha + Basic + One-Step,NASDAQ:SPSC,0.09999871553561321
2022-05-13,12,AR1 alpha + Basic + One-Step,NASDAQ:SPSC,0.0999987227991166
2022-05-16,12,AR1 alpha + Basic + One-Step,NASDAQ:SPSC,0.08470689417980679
2022-05-17,12,AR1 alpha + Basic + One-Step,NASDAQ:SPSC,0.07086685977374488
2022-05-18,12,AR1 alpha + Basic + One-Step,NASDAQ:SPSC,0.07086884994410635
2022-05-19,12,AR1 alpha + Basic + One-Step,NASDAQ:SPSC,0.026849693196950717
2022-05-20,12,AR1 alpha + Basic + One-Step,NASDAQ:SPSC,0.026848515507697523
2022-05-23,12,AR1 alpha + Basic + One-Step,NASDAQ:SPSC,1.709366386821437e-06
2022-05-24,12,AR1 alpha + Basic + One-Step,NASDAQ:SPSC,0.0
2022-05-25,12,AR1 alpha + Basic + One-Step,NASDAQ:SPSC,1.5005377604310372e-07
2022-05-26,12,AR1 alpha + Basic + One-Step,NASDAQ:SPSC,0.0
2022-05-27,12,AR1 alpha + Basic + One-Step,NASDAQ:SPSC,7.362147927312424e-09
2022-05-31,12,AR1 alpha + Basic + One-Step,NASDAQ:SPSC,0.0
2022-06-01,12,AR1 alpha + Basic + One-Step,NASDAQ:SPSC,0.0
2022-06-02,12,AR1 alpha + Basic + One-Step,NASDAQ:SPSC,0.0
2022-06-03,12,AR1 alpha + Basic + One-Step,NASDAQ:SPSC,0.0
2022-06-06,12,AR1 alpha + Basic + One-Step,NASDAQ:SPSC,8.43579370443264e-08
2022-06-07,12,AR1 alpha + Basic + One-Step,NASDAQ:SPSC,0.0
2022-06-08,12,AR1 alpha + Basic + One-Step,NASDAQ:SPSC,1.0998122146884562e-07
2022-06-09,12,AR1 alpha + Basic + One-Step,NASDAQ:SPSC,6.104747148678971e-08
2022-06-10,12,AR1 alpha + Basic + One-Step,NASDAQ:SPSC,0.0
2022-06-13,12,AR1 alpha + Basic + One-Step,NASDAQ:SPSC,2.6230437018293046e-07
2022-06-14,12,AR1 alpha + Basic + One-Step,NASDAQ:SPSC,1.4280457235302284e-07
2022-06-15,12,AR1 alpha + Basic + One-Step,NASDAQ:SPSC,0.0
2022-06-16,12,AR1 alpha + Basic + One-Step,NASDAQ:SPSC,0.0
2022-06-17,12,AR1 alpha + Basic + One-Step,NASDAQ:SPSC,6.4447063697450145e-09
2022-06-21,12,AR1 alpha + Basic + One-Step,NASDAQ:SPSC,7.703804814735266e-07
2022-06-22,12,AR1 alpha + Basic + One-Step,NASDAQ:SPSC,2.9820575752198393e-07
2022-06-23,12,AR1 alpha + Basic + One-Step,NASDAQ:SPSC,0.0
2022-06-24,12,AR1 alpha + Basic + One-Step,NASDAQ:SPSC,0.0
2022-06-27,12,AR1 alpha + Basic + One-Step,NASDAQ:SPSC,0.0
2022-06-28,12,AR1 alpha + Basic + One-Step,NASDAQ:SPSC,0.0
2022-06-29,12,AR1 alpha + Basic + One-Step,NASDAQ:SPSC,0.0
2022-06-30,12,AR1 alpha + Basic + One-Step,NASDAQ:SPSC,0.0
2022-07-01,12,AR1 alpha + Basic + One-Step,NASDAQ:SPSC,0.0
2022-07-05,12,AR1 alpha + Basic + One-Step,NASDAQ:SPSC,0.0
2022-07-06,12,AR1 alpha + Basic + One-Step,NASDAQ:SPSC,0.0
2022-07-07,12,AR1 alpha + Basic + One-Step,NASDAQ:SPSC,0.0
2022-07-08,12,AR1 alpha + Basic + One-Step,NASDAQ:SPSC,0.0
2022-07-11,12,AR1 alpha + Basic + One-Step,NASDAQ:SPSC,0.01035758072314111
2022-07-12,12,AR1 alpha + Basic + One-Step,NASDAQ:SPSC,0.05859533739541386
2022-07-13,12,AR1 alpha + Basic + One-Step,NASDAQ:SPSC,0.05331595813439686
2022-07-14,12,AR1 alpha + Basic + One-Step,NASDAQ:SPSC,0.029638970015866732
2022-07-15,12,AR1 alpha + Basic + One-Step,NASDAQ:SPSC,0.060558084712771215
2022-07-18,12,AR1 alpha + Basic + One-Step,NASDAQ:SPSC,0.02249344434714938
2022-07-19,12,AR1 alpha + Basic + One-Step,NASDAQ:SPSC,0.0
2022-07-20,12,AR1 alpha + Basic + One-Step,NASDAQ:SPSC,0.0
2022-07-21,12,AR1 alpha + Basic + One-Step,NASDAQ:SPSC,3.121342908839986e-08
2022-07-22,12,AR1 alpha + Basic + One-Step,NASDAQ:SPSC,0.0
2022-07-25,12,AR1 alpha + Basic + One-Step,NASDAQ:SPSC,0.0
2022-07-26,12,AR1 alpha + Basic + One-Step,NASDAQ:SPSC,0.0
2022-07-27,12,AR1 alpha + Basic + One-Step,NASDAQ:SPSC,0.0
2022-07-28,12,AR1 alpha + Basic + One-Step,NASDAQ:SPSC,0.0
2022-07-29,12,AR1 alpha + Basic + One-Step,NASDAQ:SPSC,0.0
2022-08-01,12,AR1 alpha + Basic + One-Step,NASDAQ:SPSC,0.0
2022-08-02,12,AR1 alpha + Basic + One-Step,NASDAQ:SPSC,0.0
2022-08-03,12,AR1 alpha + Basic + One-Step,NASDAQ:SPSC,0.0
2022-08-04,12,AR1 alpha + Basic + One-Step,NASDAQ:SPSC,0.0
2022-08-05,12,AR1 alpha + Basic + One-Step,NASDAQ:SPSC,0.0
2022-08-08,12,AR1 alpha + Basic + One-Step,NASDAQ:SPSC,0.0
2022-08-09,12,AR1 alpha + Basic + One-Step,NASDAQ:SPSC,0.0
2022-08-10,12,AR1 alpha + Basic + One-Step,NASDAQ:SPSC,0.0
2022-08-11,12,AR1 alpha + Basic + One-Step,NASDAQ:SPSC,0.0
2022-08-12,12,AR1 alpha + Basic + One-Step,NASDAQ:SPSC,0.0
2022-08-15,12,AR1 alpha + Basic + One-Step,NASDAQ:SPSC,0.0
2022-08-16,12,AR1 alpha + Basic + One-Step,NASDAQ:SPSC,0.0
2022-08-17,12,AR1 alpha + Basic + One-Step,NASDAQ:SPSC,0.0
2022-08-18,12,AR1 alpha + Basic + One-Step,NASDAQ:SPSC,0.0
2022-08-19,12,AR1 alpha + Basic + One-Step,NASDAQ:SPSC,0.0
2022-08-22,12,AR1 alpha + Basic + One-Step,NASDAQ:SPSC,0.0
2022-08-23,12,AR1 alpha + Basic + One-Step,NASDAQ:SPSC,0.0
2022-08-24,12,AR1 alpha + Basic + One-Step,NASDAQ:SPSC,3.723364623283933e-08
2022-08-25,12,AR1 alpha + Basic + One-Step,NASDAQ:SPSC,0.0
2022-08-26,12,AR1 alpha + Basic + One-Step,NASDAQ:SPSC,0.0
2022-08-29,12,AR1 alpha + Basic + One-Step,NASDAQ:SPSC,0.0
2022-08-30,12,AR1 alpha + Basic + One-Step,NASDAQ:SPSC,0.0
2022-08-31,12,AR1 alpha + Basic + One-Step,NASDAQ:SPSC,0.0
2022-09-01,12,AR1 alpha + Basic + One-Step,NASDAQ:SPSC,0.0
2022-09-02,12,AR1 alpha + Basic + One-Step,NASDAQ:SPSC,0.0
2022-09-06,12,AR1 alpha + Basic + One-Step,NASDAQ:SPSC,0.0
2022-09-07,12,AR1 alpha + Basic + One-Step,NASDAQ:SPSC,0.0
2022-09-08,12,AR1 alpha + Basic + One-Step,NASDAQ:SPSC,5.133716070943774e-07
2022-09-09,12,AR1 alpha + Basic + One-Step,NASDAQ:SPSC,0.0
2022-09-12,12,AR1 alpha + Basic + One-Step,NASDAQ:SPSC,0.0
2022-09-13,12,AR1 alpha + Basic + One-Step,NASDAQ:SPSC,0.0
2022-09-14,12,AR1 alpha + Basic + One-Step,NASDAQ:SPSC,5.4847234868756196e-08
2022-09-15,12,AR1 alpha + Basic + One-Step,NASDAQ:SPSC,0.0
2022-09-16,12,AR1 alpha + Basic + One-Step,NASDAQ:SPSC,6.304662983091673e-08
2022-09-19,12,AR1 alpha + Basic + One-Step,NASDAQ:SPSC,0.0
2022-09-20,12,AR1 alpha + Basic + One-Step,NASDAQ:SPSC,0.0
2022-09-21,12,AR1 alpha + Basic + One-Step,NASDAQ:SPSC,0.0
2022-09-22,12,AR1 alpha + Basic + One-Step,NASDAQ:SPSC,0.0
2022-09-23,12,AR1 alpha + Basic + One-Step,NASDAQ:SPSC,0.0
2022-09-26,12,AR1 alpha + Basic + One-Step,NASDAQ:SPSC,1.487359822004818e-09
2022-09-27,12,AR1 alpha + Basic + One-Step,NASDAQ:SPSC,0.0
2022-09-28,12,AR1 alpha + Basic + One-Step,NASDAQ:SPSC,0.0
2022-09-29,12,AR1 alpha + Basic + One-Step,NASDAQ:SPSC,0.0
2022-09-30,12,AR1 alpha + Basic + One-Step,NASDAQ:SPSC,0.0
2022-10-03,12,AR1 alpha + Basic + One-Step,NASDAQ:SPSC,0.0
2022-10-04,12,AR1 alpha + Basic + One-Step,NASDAQ:SPSC,5.85478573602841e-08
2022-10-05,12,AR1 alpha + Basic + One-Step,NASDAQ:SPSC,7.534263387768951e-08
2022-10-06,12,AR1 alpha + Basic + One-Step,NASDAQ:SPSC,0.0
2022-10-07,12,AR1 alpha + Basic + One-Step,NASDAQ:SPSC,0.0
2022-10-10,12,AR1 alpha + Basic + One-Step,NASDAQ:SPSC,0.0
2022-10-11,12,AR1 alpha + Basic + One-Step,NASDAQ:SPSC,3.2485481060321366e-08
2022-10-12,12,AR1 alpha + Basic + One-Step,NASDAQ:SPSC,1.5205523598653192e-08
2022-10-13,12,AR1 alpha + Basic + One-Step,NASDAQ:SPSC,0.0
2022-10-14,12,AR1 alpha + Basic + One-Step,NASDAQ:SPSC,2.995963949003743e-07
2022-10-17,12,AR1 alpha + Basic + One-Step,NASDAQ:SPSC,2.0997022141740693e-07
2022-10-18,12,AR1 alpha + Basic + One-Step,NASDAQ:SPSC,0.0
2022-10-19,12,AR1 alpha + Basic + One-Step,NASDAQ:SPSC,0.0
2022-10-20,12,AR1 alpha + Basic + One-Step,NASDAQ:SPSC,0.0
2022-10-21,12,AR1 alpha + Basic + One-Step,NASDAQ:SPSC,8.549376836168926e-09
2022-10-24,12,AR1 alpha + Basic + One-Step,NASDAQ:SPSC,0.0
2022-10-25,12,AR1 alpha + Basic + One-Step,NASDAQ:SPSC,0.0
2022-10-26,12,AR1 alpha + Basic + One-Step,NASDAQ:SPSC,0.0
2022-10-27,12,AR1 alpha + Basic + One-Step,NASDAQ:SPSC,0.0
2022-10-28,12,AR1 alpha + Basic + One-Step,NASDAQ:SPSC,0.0
2022-10-31,12,AR1 alpha + Basic + One-Step,NASDAQ:SPSC,0.0
2022-11-01,12,AR1 alpha + Basic + One-Step,NASDAQ:SPSC,0.0
2022-11-02,12,AR1 alpha + Basic + One-Step,NASDAQ:SPSC,3.705273914278014e-07
2022-11-03,12,AR1 alpha + Basic + One-Step,NASDAQ:SPSC,8.879767215804747e-07
2022-11-04,12,AR1 alpha + Basic + One-Step,NASDAQ:SPSC,4.6973065367398607e-07
2022-11-07,12,AR1 alpha + Basic + One-Step,NASDAQ:SPSC,1.9725979806296113e-08
2022-11-08,12,AR1 alpha + Basic + One-Step,NASDAQ:SPSC,0.0
2022-11-09,12,AR1 alpha + Basic + One-Step,NASDAQ:SPSC,0.0
2022-11-10,12,AR1 alpha + Basic + One-Step,NASDAQ:SPSC,0.0
2022-11-11,12,AR1 alpha + Basic + One-Step,NASDAQ:SPSC,1.0376576078457711e-07
2022-11-14,12,AR1 alpha + Basic + One-Step,NASDAQ:SPSC,0.0
2022-11-15,12,AR1 alpha + Basic + One-Step,NASDAQ:SPSC,0.0
2022-11-16,12,AR1 alpha + Basic + One-Step,NASDAQ:SPSC,0.0
2022-11-17,12,AR1 alpha + Basic + One-Step,NASDAQ:SPSC,0.0
2022-11-18,12,AR1 alpha + Basic + One-Step,NASDAQ:SPSC,2.680128852029852e-07
2022-11-21,12,AR1 alpha + Basic + One-Step,NASDAQ:SPSC,4.035615869151036e-07
2022-11-22,12,AR1 alpha + Basic + One-Step,NASDAQ:SPSC,6.107037099703426e-08
2022-11-23,12,AR1 alpha + Basic + One-Step,NASDAQ:SPSC,0.0
2022-11-25,12,AR1 alpha + Basic + One-Step,NASDAQ:SPSC,0.0
2022-11-28,12,AR1 alpha + Basic + One-Step,NASDAQ:SPSC,0.0
2022-11-29,12,AR1 alpha + Basic + One-Step,NASDAQ:SPSC,0.0
2022-11-30,12,AR1 alpha + Basic + One-Step,NASDAQ:SPSC,0.0
2022-12-01,12,AR1 alpha + Basic + One-Step,NASDAQ:SPSC,0.0
2022-12-02,12,AR1 alpha + Basic + One-Step,NASDAQ:SPSC,0.0
2022-12-05,12,AR1 alpha + Basic + One-Step,NASDAQ:SPSC,0.0
2022-12-06,12,AR1 alpha + Basic + One-Step,NASDAQ:SPSC,0.0
2022-12-07,12,AR1 alpha + Basic + One-Step,NASDAQ:SPSC,0.0
2022-12-08,12,AR1 alpha + Basic + One-Step,NASDAQ:SPSC,0.0
2022-12-09,12,AR1 alpha + Basic + One-Step,NASDAQ:SPSC,0.0
2022-12-12,12,AR1 alpha + Basic + One-Step,NASDAQ:SPSC,1.7535417640921325e-08
2022-12-13,12,AR1 alpha + Basic + One-Step,NASDAQ:SPSC,6.399047198586934e-07
2022-12-14,12,AR1 alpha + Basic + One-Step,NASDAQ:SPSC,1.296612860666775e-07
2022-12-15,12,AR1 alpha + Basic + One-Step,NASDAQ:SPSC,0.0
2022-12-16,12,AR1 alpha + Basic + One-Step,NASDAQ:SPSC,0.0
2022-12-19,12,AR1 alpha + Basic + One-Step,NASDAQ:SPSC,0.0
2022-12-20,12,AR1 alpha + Basic + One-Step,NASDAQ:SPSC,0.0
2022-12-21,12,AR1 alpha + Basic + One-Step,NASDAQ:SPSC,0.0
2022-12-22,12,AR1 alpha + Basic + One-Step,NASDAQ:SPSC,0.0
2022-12-23,12,AR1 alpha + Basic + One-Step,NASDAQ:SPSC,0.0
2022-12-27,12,AR1 alpha + Basic + One-Step,NASDAQ:SPSC,1.5686127419199315e-07
2022-12-28,12,AR1 alpha + Basic + One-Step,NASDAQ:SPSC,0.0
2022-12-29,12,AR1 alpha + Basic + One-Step,NASDAQ:SPSC,2.5500933883615933e-08
2022-12-30,12,AR1 alpha + Basic + One-Step,NASDAQ:SPSC,0.0
2023-01-03,12,AR1 alpha + Basic + One-Step,NASDAQ:SPSC,9.986336924845598e-08
2023-01-04,12,AR1 alpha + Basic + One-Step,NASDAQ:SPSC,0.0
2023-01-05,12,AR1 alpha + Basic + One-Step,NASDAQ:SPSC,0.0
2023-01-06,12,AR1 alpha + Basic + One-Step,NASDAQ:SPSC,0.0
2023-01-09,12,AR1 alpha + Basic + One-Step,NASDAQ:SPSC,0.0
2023-01-10,12,AR1 alpha + Basic + One-Step,NASDAQ:SPSC,0.0
2023-01-11,12,AR1 alpha + Basic + One-Step,NASDAQ:SPSC,1.3062983405363362e-08
2023-01-12,12,AR1 alpha + Basic + One-Step,NASDAQ:SPSC,0.0
2023-01-13,12,AR1 alpha + Basic + One-Step,NASDAQ:SPSC,6.496482175524058e-09
2023-01-17,12,AR1 alpha + Basic + One-Step,NASDAQ:SPSC,0.0
2023-01-18,12,AR1 alpha + Basic + One-Step,NASDAQ:SPSC,0.0
2023-01-19,12,AR1 alpha + Basic + One-Step,NASDAQ:SPSC,0.0
2023-01-20,12,AR1 alpha + Basic + One-Step,NASDAQ:SPSC,6.498044001171645e-05
2023-01-23,12,AR1 alpha + Basic + One-Step,NASDAQ:SPSC,0.0
2023-01-24,12,AR1 alpha + Basic + One-Step,NASDAQ:SPSC,0.0
2023-01-25,12,AR1 alpha + Basic + One-Step,NASDAQ:SPSC,0.0
2023-01-26,12,AR1 alpha + Basic + One-Step,NASDAQ:SPSC,0.0
2023-01-27,12,AR1 alpha + Basic + One-Step,NASDAQ:SPSC,0.0
2023-01-30,12,AR1 alpha + Basic + One-Step,NASDAQ:SPSC,0.0
2023-01-31,12,AR1 alpha + Basic + One-Step,NASDAQ:SPSC,0.0
2023-02-01,12,AR1 alpha + Basic + One-Step,NASDAQ:SPSC,0.0
2023-02-02,12,AR1 alpha + Basic + One-Step,NASDAQ:SPSC,0.10000089160700866
2023-02-03,12,AR1 alpha + Basic + One-Step,NASDAQ:SPSC,0.09756768365693995
2023-02-06,12,AR1 alpha + Basic + One-Step,NASDAQ:SPSC,0.0
2023-02-07,12,AR1 alpha + Basic + One-Step,NASDAQ:SPSC,0.03304209780864998
2023-02-08,12,AR1 alpha + Basic + One-Step,NASDAQ:SPSC,0.0
2023-02-09,12,AR1 alpha + Basic + One-Step,NASDAQ:SPSC,0.0
2023-02-10,12,AR1 alpha + Basic + One-Step,NASDAQ:SPSC,0.09999937073069348
2023-02-13,12,AR1 alpha + Basic + One-Step,NASDAQ:SPSC,0.09999933134517068
2023-02-14,12,AR1 alpha + Basic + One-Step,NASDAQ:SPSC,0.0999998393509662
2023-02-15,12,AR1 alpha + Basic + One-Step,NASDAQ:SPSC,0.09999729384862353
2023-02-16,12,AR1 alpha + Basic + One-Step,NASDAQ:SPSC,0.0702425091163726
2023-02-17,12,AR1 alpha + Basic + One-Step,NASDAQ:SPSC,0.09999981229061958
2023-02-21,12,AR1 alpha + Basic + One-Step,NASDAQ:SPSC,0.005791612838730275
2023-02-22,12,AR1 alpha + Basic + One-Step,NASDAQ:SPSC,0.0
2023-02-23,12,AR1 alpha + Basic + One-Step,NASDAQ:SPSC,0.06454176358143832
2023-02-24,12,AR1 alpha + Basic + One-Step,NASDAQ:SPSC,0.0038399062199675183
2023-02-27,12,AR1 alpha + Basic + One-Step,NASDAQ:SPSC,0.0
2023-02-28,12,AR1 alpha + Basic + One-Step,NASDAQ:SPSC,0.029908418210593535
2023-03-01,12,AR1 alpha + Basic + One-Step,NASDAQ:SPSC,0.008821685965180442
2023-03-02,12,AR1 alpha + Basic + One-Step,NASDAQ:SPSC,0.03624013006871959
2023-03-03,12,AR1 alpha + Basic + One-Step,NASDAQ:SPSC,0.025671679616578236
2023-03-06,12,AR1 alpha + Basic + One-Step,NASDAQ:SPSC,0.04185795263681109
2023-03-07,12,AR1 alpha + Basic + One-Step,NASDAQ:SPSC,0.0
2023-03-08,12,AR1 alpha + Basic + One-Step,NASDAQ:SPSC,9.433858126684614e-10
2023-03-09,12,AR1 alpha + Basic + One-Step,NASDAQ:SPSC,0.0
2023-03-10,12,AR1 alpha + Basic + One-Step,NASDAQ:SPSC,0.0
2023-03-13,12,AR1 alpha + Basic + One-Step,NASDAQ:SPSC,2.430572676698668e-07
2023-03-14,12,AR1 alpha + Basic + One-Step,NASDAQ:SPSC,0.012294517421604884
2023-03-15,12,AR1 alpha + Basic + One-Step,NASDAQ:SPSC,0.012294555895783018
2023-03-16,12,AR1 alpha + Basic + One-Step,NASDAQ:SPSC,0.06731228261521183
2023-03-17,12,AR1 alpha + Basic + One-Step,NASDAQ:SPSC,0.0
2023-03-20,12,AR1 alpha + Basic + One-Step,NASDAQ:SPSC,0.03404654749788464
2023-03-21,12,AR1 alpha + Basic + One-Step,NASDAQ:SPSC,0.0379898647158312
2023-03-22,12,AR1 alpha + Basic + One-Step,NASDAQ:SPSC,0.0
2023-03-23,12,AR1 alpha + Basic + One-Step,NASDAQ:SPSC,3.345295366484954e-08
2023-03-24,12,AR1 alpha + Basic + One-Step,NASDAQ:SPSC,1.1661884433200494e-08
2023-03-27,12,AR1 alpha + Basic + One-Step,NASDAQ:SPSC,0.020492528454737324
2023-03-28,12,AR1 alpha + Basic + One-Step,NASDAQ:SPSC,0.015813799371940055
2023-03-29,12,AR1 alpha + Basic + One-Step,NASDAQ:SPSC,0.047806219078165395
2023-03-30,12,AR1 alpha + Basic + One-Step,NASDAQ:SPSC,0.0
2023-03-31,12,AR1 alpha + Basic + One-Step,NASDAQ:SPSC,0.10000060797903085
2023-04-03,12,AR1 alpha + Basic + One-Step,NASDAQ:SPSC,0.07407362578803896
2023-04-04,12,AR1 alpha + Basic + One-Step,NASDAQ:SPSC,0.03174776272761123
2023-04-05,12,AR1 alpha + Basic + One-Step,NASDAQ:SPSC,1.6443898624460274e-07
2023-04-06,12,AR1 alpha + Basic + One-Step,NASDAQ:SPSC,2.6276974590457427e-07
2023-04-10,12,AR1 alpha + Basic + One-Step,NASDAQ:SPSC,0.02776356358168207
2023-04-11,12,AR1 alpha + Basic + One-Step,NASDAQ:SPSC,0.02991962071290133
2023-04-12,12,AR1 alpha + Basic + One-Step,NASDAQ:SPSC,0.002391298464294938
2023-04-13,12,AR1 alpha + Basic + One-Step,NASDAQ:SPSC,0.09999998624888869
2023-04-14,12,AR1 alpha + Basic + One-Step,NASDAQ:SPSC,0.05326373993114274
2023-04-17,12,AR1 alpha + Basic + One-Step,NASDAQ:SPSC,0.05107021279915702
2023-04-18,12,AR1 alpha + Basic + One-Step,NASDAQ:SPSC,0.030004819108787963
2023-04-19,12,AR1 alpha + Basic + One-Step,NASDAQ:SPSC,2.0077455342962263e-09
2023-04-20,12,AR1 alpha + Basic + One-Step,NASDAQ:SPSC,0.009904519649727285
2023-04-21,12,AR1 alpha + Basic + One-Step,NASDAQ:SPSC,0.05716268185825426
2023-04-24,12,AR1 alpha + Basic + One-Step,NASDAQ:SPSC,0.020002156775600508
2023-04-25,12,AR1 alpha + Basic + One-Step,NASDAQ:SPSC,0.0
2023-04-26,12,AR1 alpha + Basic + One-Step,NASDAQ:SPSC,1.8692507710484875e-10
2023-04-27,12,AR1 alpha + Basic + One-Step,NASDAQ:SPSC,0.017801242201821325
2023-04-28,12,AR1 alpha + Basic + One-Step,NASDAQ:SPSC,0.012063442169912309
2023-05-01,12,AR1 alpha + Basic + One-Step,NASDAQ:SPSC,0.028928546883820003
2023-05-02,12,AR1 alpha + Basic + One-Step,NASDAQ:SPSC,0.10000007516854739
2023-05-03,12,AR1 alpha + Basic + One-Step,NASDAQ:SPSC,0.09999768114106887
2023-05-04,12,AR1 alpha + Basic + One-Step,NASDAQ:SPSC,0.022192878691283266
2023-05-05,12,AR1 alpha + Basic + One-Step,NASDAQ:SPSC,0.053860549522972145
2023-05-08,12,AR1 alpha + Basic + One-Step,NASDAQ:SPSC,0.09999987265024116
2023-05-09,12,AR1 alpha + Basic + One-Step,NASDAQ:SPSC,0.0999998766018161
2023-05-10,12,AR1 alpha + Basic + One-Step,NASDAQ:SPSC,0.09999975669407567
2023-05-11,12,AR1 alpha + Basic + One-Step,NASDAQ:SPSC,0.10000034339283209
2023-05-12,12,AR1 alpha + Basic + One-Step,NASDAQ:SPSC,0.10000075556832343
2023-05-15,12,AR1 alpha + Basic + One-Step,NASDAQ:SPSC,0.1000003212748337
2023-05-16,12,AR1 alpha + Basic + One-Step,NASDAQ:SPSC,0.09999562029828907
2023-05-17,12,AR1 alpha + Basic + One-Step,NASDAQ:SPSC,0.09999818842831007
2023-05-18,12,AR1 alpha + Basic + One-Step,NASDAQ:SPSC,0.09999790992914813
2023-05-19,12,AR1 alpha + Basic + One-Step,NASDAQ:SPSC,0.09999925011374167
2023-05-22,12,AR1 alpha + Basic + One-Step,NASDAQ:SPSC,0.09999852082370625
2023-05-23,12,AR1 alpha + Basic + One-Step,NASDAQ:SPSC,0.09999922004718179
2023-05-24,12,AR1 alpha + Basic + One-Step,NASDAQ:SPSC,0.09999961209237071
2023-05-25,12,AR1 alpha + Basic + One-Step,NASDAQ:SPSC,0.09999981314624956
2023-05-26,12,AR1 alpha + Basic + One-Step,NASDAQ:SPSC,0.09999352567134899
2023-05-30,12,AR1 alpha + Basic + One-Step,NASDAQ:SPSC,0.09999151831379317
2023-05-31,12,AR1 alpha + Basic + One-Step,NASDAQ:SPSC,0.08476426091083447
2023-06-01,12,AR1 alpha + Basic + One-Step,NASDAQ:SPSC,0.0999999655475842
2023-06-02,12,AR1 alpha + Basic + One-Step,NASDAQ:SPSC,0.09999478594372824
2023-06-05,12,AR1 alpha + Basic + One-Step,NASDAQ:SPSC,0.09999594453022588
2023-06-06,12,AR1 alpha + Basic + One-Step,NASDAQ:SPSC,0.099997784664668
2023-06-07,12,AR1 alpha + Basic + One-Step,NASDAQ:SPSC,0.0999990587504785
2023-06-08,12,AR1 alpha + Basic + One-Step,NASDAQ:SPSC,0.09999915976140505
2023-06-09,12,AR1 alpha + Basic + One-Step,NASDAQ:SPSC,0.09999946544067981
2023-06-12,12,AR1 alpha + Basic + One-Step,NASDAQ:SPSC,0.09999726278219745
2023-06-13,12,AR1 alpha + Basic + One-Step,NASDAQ:SPSC,0.09999900634650605
2023-06-14,12,AR1 alpha + Basic + One-Step,NASDAQ:SPSC,0.09999922333857464
2023-06-15,12,AR1 alpha + Basic + One-Step,NASDAQ:SPSC,0.09999580625824049
2023-06-16,12,AR1 alpha + Basic + One-Step,NASDAQ:SPSC,0.09999811801361176
2023-06-20,12,AR1 alpha + Basic + One-Step,NASDAQ:SPSC,0.09999505717434065
2023-06-21,12,AR1 alpha + Basic + One-Step,NASDAQ:SPSC,0.09999738426837007
2023-06-22,12,AR1 alpha + Basic + One-Step,NASDAQ:SPSC,0.09999869245954979
2023-06-23,12,AR1 alpha + Basic + One-Step,NASDAQ:SPSC,0.09999802539219077
2023-06-26,12,AR1 alpha + Basic + One-Step,NASDAQ:SPSC,0.09999854111881178
2023-06-27,12,AR1 alpha + Basic + One-Step,NASDAQ:SPSC,0.09999616086606056
2023-06-28,12,AR1 alpha + Basic + One-Step,NASDAQ:SPSC,0.09999815182410632
2023-06-29,12,AR1 alpha + Basic + One-Step,NASDAQ:SPSC,0.09999750562261307
2023-06-30,12,AR1 alpha + Basic + One-Step,NASDAQ:SPSC,0.09999771986255496
2023-07-03,12,AR1 alpha + Basic + One-Step,NASDAQ:SPSC,0.09999805093974458
2023-07-05,12,AR1 alpha + Basic + One-Step,NASDAQ:SPSC,0.09999952040210629
2023-07-06,12,AR1 alpha + Basic + One-Step,NASDAQ:SPSC,0.09999535203508067
2023-07-07,12,AR1 alpha + Basic + One-Step,NASDAQ:SPSC,0.060399331434883
2023-07-10,12,AR1 alpha + Basic + One-Step,NASDAQ:SPSC,0.03203818368746841
2023-07-11,12,AR1 alpha + Basic + One-Step,NASDAQ:SPSC,0.09999912257230995
2023-07-12,12,AR1 alpha + Basic + One-Step,NASDAQ:SPSC,0.09999946961695634
2023-07-13,12,AR1 alpha + Basic + One-Step,NASDAQ:SPSC,0.09999846883540683
2023-07-14,12,AR1 alpha + Basic + One-Step,NASDAQ:SPSC,0.09999936776460201
2023-07-17,12,AR1 alpha + Basic + One-Step,NASDAQ:SPSC,0.1000003861790746
2023-07-18,12,AR1 alpha + Basic + One-Step,NASDAQ:SPSC,0.10000091954475071
2023-07-19,12,AR1 alpha + Basic + One-Step,NASDAQ:SPSC,0.10000000000000003
2023-07-20,12,AR1 alpha + Basic + One-Step,NASDAQ:SPSC,0.1
2023-07-21,12,AR1 alpha + Basic + One-Step,NASDAQ:SPSC,0.09999803996971458
2023-07-24,12,AR1 alpha + Basic + One-Step,NASDAQ:SPSC,0.09999439530547109
2023-07-25,12,AR1 alpha + Basic + One-Step,NASDAQ:SPSC,0.09999128786531222
2023-07-26,12,AR1 alpha + Basic + One-Step,NASDAQ:SPSC,0.09999385644959961
2023-07-27,12,AR1 alpha + Basic + One-Step,NASDAQ:SPSC,0.07787756381997445
2023-07-28,12,AR1 alpha + Basic + One-Step,NASDAQ:SPSC,0.09999676439359502
2023-07-31,12,AR1 alpha + Basic + One-Step,NASDAQ:SPSC,0.09999180969764614
2023-08-01,12,AR1 alpha + Basic + One-Step,NASDAQ:SPSC,0.09177027226627417
2023-08-02,12,AR1 alpha + Basic + One-Step,NASDAQ:SPSC,0.0
2023-08-03,12,AR1 alpha + Basic + One-Step,NASDAQ:SPSC,0.0
2023-08-04,12,AR1 alpha + Basic + One-Step,NASDAQ:SPSC,0.0
2023-08-07,12,AR1 alpha + Basic + One-Step,NASDAQ:SPSC,0.022674162303574164
2023-08-08,12,AR1 alpha + Basic + One-Step,NASDAQ:SPSC,0.0
2023-08-09,12,AR1 alpha + Basic + One-Step,NASDAQ:SPSC,0.006816516861320945
2023-08-10,12,AR1 alpha + Basic + One-Step,NASDAQ:SPSC,0.03997699581258469
2023-08-11,12,AR1 alpha + Basic + One-Step,NASDAQ:SPSC,0.07496395010314193
2023-08-14,12,AR1 alpha + Basic + One-Step,NASDAQ:SPSC,0.09999848681324884
2023-08-15,12,AR1 alpha + Basic + One-Step,NASDAQ:SPSC,0.09999833050319455
2023-08-16,12,AR1 alpha + Basic + One-Step,NASDAQ:SPSC,0.04276116048542396
2023-08-17,12,AR1 alpha + Basic + One-Step,NASDAQ:SPSC,0.0
2023-08-18,12,AR1 alpha + Basic + One-Step,NASDAQ:SPSC,0.000781154184125807
2023-08-21,12,AR1 alpha + Basic + One-Step,NASDAQ:SPSC,0.10000000377278487
2023-08-22,12,AR1 alpha + Basic + One-Step,NASDAQ:SPSC,0.09999824088151053
2023-08-23,12,AR1 alpha + Basic + One-Step,NASDAQ:SPSC,0.0999994453196585
2023-08-24,12,AR1 alpha + Basic + One-Step,NASDAQ:SPSC,0.09999921804301841
2023-08-25,12,AR1 alpha + Basic + One-Step,NASDAQ:SPSC,0.09999977651705785
2023-08-28,12,AR1 alpha + Basic + One-Step,NASDAQ:SPSC,0.09999861347355701
2023-08-29,12,AR1 alpha + Basic + One-Step,NASDAQ:SPSC,0.0999989391388536
2023-08-30,12,AR1 alpha + Basic + One-Step,NASDAQ:SPSC,0.09999643082472395
2023-08-31,12,AR1 alpha + Basic + One-Step,NASDAQ:SPSC,0.09999875230820755
2023-09-01,12,AR1 alpha + Basic + One-Step,NASDAQ:SPSC,0.09999922590680584
2023-09-05,12,AR1 alpha + Basic + One-Step,NASDAQ:SPSC,0.09999273676766401
2023-09-06,12,AR1 alpha + Basic + One-Step,NASDAQ:SPSC,0.06069837145378196
2023-09-07,12,AR1 alpha + Basic + One-Step,NASDAQ:SPSC,0.07919814023939734
2023-09-08,12,AR1 alpha + Basic + One-Step,NASDAQ:SPSC,0.10000221156842332
2023-09-11,12,AR1 alpha + Basic + One-Step,NASDAQ:SPSC,0.10000086031028182
2023-09-12,12,AR1 alpha + Basic + One-Step,NASDAQ:SPSC,0.0999997423094786
2023-09-13,12,AR1 alpha + Basic + One-Step,NASDAQ:SPSC,0.09999652608418058
2023-09-14,12,AR1 alpha + Basic + One-Step,NASDAQ:SPSC,0.09999565703769453
2023-09-15,12,AR1 alpha + Basic + One-Step,NASDAQ:SPSC,0.06750470105164237
2023-09-18,12,AR1 alpha + Basic + One-Step,NASDAQ:SPSC,0.05728648819033147
2023-09-19,12,AR1 alpha + Basic + One-Step,NASDAQ:SPSC,0.030406837229908227
2023-09-20,12,AR1 alpha + Basic + One-Step,NASDAQ:SPSC,8.315016647562232e-08
2023-09-21,12,AR1 alpha + Basic + One-Step,NASDAQ:SPSC,1.5801461526241375e-06
2023-09-22,12,AR1 alpha + Basic + One-Step,NASDAQ:SPSC,0.0
2023-09-25,12,AR1 alpha + Basic + One-Step,NASDAQ:SPSC,0.0
2023-09-26,12,AR1 alpha + Basic + One-Step,NASDAQ:SPSC,0.0
2023-09-27,12,AR1 alpha + Basic + One-Step,NASDAQ:SPSC,1.9047063135438437e-06
2023-09-28,12,AR1 alpha + Basic + One-Step,NASDAQ:SPSC,1.0056578735336917e-06
2023-09-29,12,AR1 alpha + Basic + One-Step,NASDAQ:SPSC,4.931031034747096e-07
2023-10-02,12,AR1 alpha + Basic + One-Step,NASDAQ:SPSC,0.0
2023-10-03,12,AR1 alpha + Basic + One-Step,NASDAQ:SPSC,0.0
2023-10-04,12,AR1 alpha + Basic + One-Step,NASDAQ:SPSC,0.0
2023-10-05,12,AR1 alpha + Basic + One-Step,NASDAQ:SPSC,0.0
2023-10-06,12,AR1 alpha + Basic + One-Step,NASDAQ:SPSC,0.017249153674629043
2023-10-09,12,AR1 alpha + Basic + One-Step,NASDAQ:SPSC,0.009913579428171022
2023-10-10,12,AR1 alpha + Basic + One-Step,NASDAQ:SPSC,0.023568335323252483
2023-10-11,12,AR1 alpha + Basic + One-Step,NASDAQ:SPSC,0.013179101611748558
2023-10-12,12,AR1 alpha + Basic + One-Step,NASDAQ:SPSC,0.0
2023-10-13,12,AR1 alpha + Basic + One-Step,NASDAQ:SPSC,0.0
2023-10-16,12,AR1 alpha + Basic + One-Step,NASDAQ:SPSC,0.041283939651627646
2023-10-17,12,AR1 alpha + Basic + One-Step,NASDAQ:SPSC,0.020851137870972408
2023-10-18,12,AR1 alpha + Basic + One-Step,NASDAQ:SPSC,0.0
2023-10-19,12,AR1 alpha + Basic + One-Step,NASDAQ:SPSC,0.0
2023-10-20,12,AR1 alpha + Basic + One-Step,NASDAQ:SPSC,0.0
2023-10-23,12,AR1 alpha + Basic + One-Step,NASDAQ:SPSC,0.0
2023-10-24,12,AR1 alpha + Basic + One-Step,NASDAQ:SPSC,0.0
2023-10-25,12,AR1 alpha + Basic + One-Step,NASDAQ:SPSC,0.0
2023-10-26,12,AR1 alpha + Basic + One-Step,NASDAQ:SPSC,0.0
2023-10-27,12,AR1 alpha + Basic + One-Step,NASDAQ:SPSC,0.0
2023-10-30,12,AR1 alpha + Basic + One-Step,NASDAQ:SPSC,1.6302541073134912e-08
2023-10-31,12,AR1 alpha + Basic + One-Step,NASDAQ:SPSC,0.02995043151460911
2023-11-01,12,AR1 alpha + Basic + One-Step,NASDAQ:SPSC,0.09927362904841207
2023-11-02,12,AR1 alpha + Basic + One-Step,NASDAQ:SPSC,0.0999971534804884
2023-11-03,12,AR1 alpha + Basic + One-Step,NASDAQ:SPSC,0.08726941198895152
2023-11-06,12,AR1 alpha + Basic + One-Step,NASDAQ:SPSC,0.09999520127996342
2023-11-07,12,AR1 alpha + Basic + One-Step,NASDAQ:SPSC,0.0999969191776569
2023-11-08,12,AR1 alpha + Basic + One-Step,NASDAQ:SPSC,0.09999811364345347
2023-11-09,12,AR1 alpha + Basic + One-Step,NASDAQ:SPSC,0.028867024920485714
2023-11-10,12,AR1 alpha + Basic + One-Step,NASDAQ:SPSC,0.09999680937831866
2023-11-13,12,AR1 alpha + Basic + One-Step,NASDAQ:SPSC,0.09999584942550266
2023-11-14,12,AR1 alpha + Basic + One-Step,NASDAQ:SPSC,0.09999706247581418
2023-11-15,12,AR1 alpha + Basic + One-Step,NASDAQ:SPSC,0.09999594214745285
2023-11-16,12,AR1 alpha + Basic + One-Step,NASDAQ:SPSC,0.09999740204580122
2023-11-17,12,AR1 alpha + Basic + One-Step,NASDAQ:SPSC,0.09999856989046202
2023-11-20,12,AR1 alpha + Basic + One-Step,NASDAQ:SPSC,0.09307106107487666
2023-11-21,12,AR1 alpha + Basic + One-Step,NASDAQ:SPSC,0.09999980410148701
2023-11-22,12,AR1 alpha + Basic + One-Step,NASDAQ:SPSC,0.09999950171611358
2023-11-24,12,AR1 alpha + Basic + One-Step,NASDAQ:SPSC,0.09999948981901462
2023-11-27,12,AR1 alpha + Basic + One-Step,NASDAQ:SPSC,0.09999892165466427
2023-11-28,12,AR1 alpha + Basic + One-Step,NASDAQ:SPSC,0.08006965146303548
2023-11-29,12,AR1 alpha + Basic + One-Step,NASDAQ:SPSC,3.201794781948864e-07
2023-11-30,12,AR1 alpha + Basic + One-Step,NASDAQ:SPSC,4.081442934781736e-09
2023-12-01,12,AR1 alpha + Basic + One-Step,NASDAQ:SPSC,0.030703010310767675
2023-12-04,12,AR1 alpha + Basic + One-Step,NASDAQ:SPSC,0.09999778213582225
2023-12-05,12,AR1 alpha + Basic + One-Step,NASDAQ:SPSC,0.0999970205975898
2023-12-06,12,AR1 alpha + Basic + One-Step,NASDAQ:SPSC,0.0715012803826552
2023-12-07,12,AR1 alpha + Basic + One-Step,NASDAQ:SPSC,0.09043018770725408
2023-12-08,12,AR1 alpha + Basic + One-Step,NASDAQ:SPSC,0.09999389970739854
2023-12-11,12,AR1 alpha + Basic + One-Step,NASDAQ:SPSC,0.09999347154236635
2023-12-12,12,AR1 alpha + Basic + One-Step,NASDAQ:SPSC,0.0
2023-12-13,12,AR1 alpha + Basic + One-Step,NASDAQ:SPSC,0.01900197026183463
2023-12-14,12,AR1 alpha + Basic + One-Step,NASDAQ:SPSC,0.0
2023-12-15,12,AR1 alpha + Basic + One-Step,NASDAQ:SPSC,0.0
2023-12-18,12,AR1 alpha + Basic + One-Step,NASDAQ:SPSC,0.08539447859384747
2023-12-19,12,AR1 alpha + Basic + One-Step,NASDAQ:SPSC,0.09999983233846052
2023-12-20,12,AR1 alpha + Basic + One-Step,NASDAQ:SPSC,0.09999450295657
2023-12-21,12,AR1 alpha + Basic + One-Step,NASDAQ:SPSC,0.09424860958541405
2023-12-22,12,AR1 alpha + Basic + One-Step,NASDAQ:SPSC,0.10000128576461306
2023-12-26,12,AR1 alpha + Basic + One-Step,NASDAQ:SPSC,0.09999131823450903
2023-12-27,12,AR1 alpha + Basic + One-Step,NASDAQ:SPSC,0.09999421372315571
2023-12-28,12,AR1 alpha + Basic + One-Step,NASDAQ:SPSC,0.08434247824263204
2023-12-29,12,AR1 alpha + Basic + One-Step,NASDAQ:SPSC,0.05268767229871424
2024-01-02,12,AR1 alpha + Basic + One-Step,NASDAQ:SPSC,0.0
2024-01-03,12,AR1 alpha + Basic + One-Step,NASDAQ:SPSC,0.0
2024-01-04,12,AR1 alpha + Basic + One-Step,NASDAQ:SPSC,0.0
2024-01-05,12,AR1 alpha + Basic + One-Step,NASDAQ:SPSC,0.0
2024-01-08,12,AR1 alpha + Basic + One-Step,NASDAQ:SPSC,0.0
2024-01-09,12,AR1 alpha + Basic + One-Step,NASDAQ:SPSC,0.0
2024-01-10,12,AR1 alpha + Basic + One-Step,NASDAQ:SPSC,0.0
2024-01-11,12,AR1 alpha + Basic + One-Step,NASDAQ:SPSC,0.003985556337476768
2024-01-12,12,AR1 alpha + Basic + One-Step,NASDAQ:SPSC,0.025965736032527248
2024-01-16,12,AR1 alpha + Basic + One-Step,NASDAQ:SPSC,0.032103904739940986
2024-01-17,12,AR1 alpha + Basic + One-Step,NASDAQ:SPSC,0.049916067499198094
2024-01-18,12,AR1 alpha + Basic + One-Step,NASDAQ:SPSC,0.09253655370215026
2024-01-19,12,AR1 alpha + Basic + One-Step,NASDAQ:SPSC,0.09999278147831381
2024-01-22,12,AR1 alpha + Basic + One-Step,NASDAQ:SPSC,0.09998946343590595
2024-01-23,12,AR1 alpha + Basic + One-Step,NASDAQ:SPSC,0.09998691394442079
2024-01-24,12,AR1 alpha + Basic + One-Step,NASDAQ:SPSC,0.05994157509004536
2024-01-25,12,AR1 alpha + Basic + One-Step,NASDAQ:SPSC,0.0
2024-01-26,12,AR1 alpha + Basic + One-Step,NASDAQ:SPSC,0.012455873943521068
2024-01-29,12,AR1 alpha + Basic + One-Step,NASDAQ:SPSC,0.0836109915218345
2024-01-30,12,AR1 alpha + Basic + One-Step,NASDAQ:SPSC,0.0753170403847562
2024-01-31,12,AR1 alpha + Basic + One-Step,NASDAQ:SPSC,0.0
2024-02-01,12,AR1 alpha + Basic + One-Step,NASDAQ:SPSC,0.0
2024-02-02,12,AR1 alpha + Basic + One-Step,NASDAQ:SPSC,0.0
2024-02-05,12,AR1 alpha + Basic + One-Step,NASDAQ:SPSC,0.0
2024-02-06,12,AR1 alpha + Basic + One-Step,NASDAQ:SPSC,0.0
2024-02-07,12,AR1 alpha + Basic + One-Step,NASDAQ:SPSC,0.05550649825366101
2024-02-08,12,AR1 alpha + Basic + One-Step,NASDAQ:SPSC,0.10000000678095054
2024-02-09,12,AR1 alpha + Basic + One-Step,NASDAQ:SPSC,0.09999368940129974
2024-02-12,12,AR1 alpha + Basic + One-Step,NASDAQ:SPSC,0.09999548261950175
2024-02-13,12,AR1 alpha + Basic + One-Step,NASDAQ:SPSC,0.09999299938155212
2024-02-14,12,AR1 alpha + Basic + One-Step,NASDAQ:SPSC,0.0999938974427703
2024-02-15,12,AR1 alpha + Basic + One-Step,NASDAQ:SPSC,0.09999680143286215
2024-02-16,12,AR1 alpha + Basic + One-Step,NASDAQ:SPSC,0.09999747939675842
2024-02-20,12,AR1 alpha + Basic + One-Step,NASDAQ:SPSC,0.09999866148082255
2024-02-21,12,AR1 alpha + Basic + One-Step,NASDAQ:SPSC,0.0999991432598873
2024-02-22,12,AR1 alpha + Basic + One-Step,NASDAQ:SPSC,0.035978672587414266
2024-02-23,12,AR1 alpha + Basic + One-Step,NASDAQ:SPSC,0.0
2024-02-26,12,AR1 alpha + Basic + One-Step,NASDAQ:SPSC,0.0
2024-02-27,12,AR1 alpha + Basic + One-Step,NASDAQ:SPSC,0.0
2024-02-28,12,AR1 alpha + Basic + One-Step,NASDAQ:SPSC,0.0
2024-02-29,12,AR1 alpha + Basic + One-Step,NASDAQ:SPSC,0.0
2024-03-01,12,AR1 alpha + Basic + One-Step,NASDAQ:SPSC,0.0
2024-03-04,12,AR1 alpha + Basic + One-Step,NASDAQ:SPSC,0.0
2024-03-05,12,AR1 alpha + Basic + One-Step,NASDAQ:SPSC,0.0
2024-03-06,12,AR1 alpha + Basic + One-Step,NASDAQ:SPSC,0.0
2024-03-07,12,AR1 alpha + Basic + One-Step,NASDAQ:SPSC,0.0
2024-03-08,12,AR1 alpha + Basic + One-Step,NASDAQ:SPSC,0.0
2024-03-11,12,AR1 alpha + Basic + One-Step,NASDAQ:SPSC,0.0
2024-03-12,12,AR1 alpha + Basic + One-Step,NASDAQ:SPSC,0.0
2024-03-13,12,AR1 alpha + Basic + One-Step,NASDAQ:SPSC,0.0
2024-03-14,12,AR1 alpha + Basic + One-Step,NASDAQ:SPSC,1.3735110626741816e-07
2024-03-15,12,AR1 alpha + Basic + One-Step,NASDAQ:SPSC,1.109655744056563e-07
2024-03-18,12,AR1 alpha + Basic + One-Step,NASDAQ:SPSC,0.0
2024-03-19,12,AR1 alpha + Basic + One-Step,NASDAQ:SPSC,0.0
2024-03-20,12,AR1 alpha + Basic + One-Step,NASDAQ:SPSC,0.0
2024-03-21,12,AR1 alpha + Basic + One-Step,NASDAQ:SPSC,5.126343294994107e-08
2024-03-22,12,AR1 alpha + Basic + One-Step,NASDAQ:SPSC,8.63530666110923e-09
2024-03-25,12,AR1 alpha + Basic + One-Step,NASDAQ:SPSC,0.0
2024-03-26,12,AR1 alpha + Basic + One-Step,NASDAQ:SPSC,0.0
2024-03-27,12,AR1 alpha + Basic + One-Step,NASDAQ:SPSC,0.0
2024-03-28,12,AR1 alpha + Basic + One-Step,NASDAQ:SPSC,0.0
2024-04-01,12,AR1 alpha + Basic + One-Step,NASDAQ:SPSC,9.839644687056611e-07
2024-04-02,12,AR1 alpha + Basic + One-Step,NASDAQ:SPSC,0.0
2024-04-03,12,AR1 alpha + Basic + One-Step,NASDAQ:SPSC,0.0
2024-04-04,12,AR1 alpha + Basic + One-Step,NASDAQ:SPSC,0.0
2024-04-05,12,AR1 alpha + Basic + One-Step,NASDAQ:SPSC,0.0
2024-04-08,12,AR1 alpha + Basic + One-Step,NASDAQ:SPSC,0.0
2024-04-09,12,AR1 alpha + Basic + One-Step,NASDAQ:SPSC,0.0
2024-04-10,12,AR1 alpha + Basic + One-Step,NASDAQ:SPSC,5.302273483502671e-07
2024-04-11,12,AR1 alpha + Basic + One-Step,NASDAQ:SPSC,0.0
2024-04-12,12,AR1 alpha + Basic + One-Step,NASDAQ:SPSC,0.0
2024-04-15,12,AR1 alpha + Basic + One-Step,NASDAQ:SPSC,0.0
2024-04-16,12,AR1 alpha + Basic + One-Step,NASDAQ:SPSC,0.0
2024-04-17,12,AR1 alpha + Basic + One-Step,NASDAQ:SPSC,4.773900882740732e-08
2024-04-18,12,AR1 alpha + Basic + One-Step,NASDAQ:SPSC,0.0
2024-04-19,12,AR1 alpha + Basic + One-Step,NASDAQ:SPSC,0.0
2020-03-25,12,AR1 alpha + Basic + One-Step,NASDAQ:CRUS,0.02
2020-03-26,12,AR1 alpha + Basic + One-Step,NASDAQ:CRUS,0.019999999999999997
2020-03-27,12,AR1 alpha + Basic + One-Step,NASDAQ:CRUS,0.0
2020-03-30,12,AR1 alpha + Basic + One-Step,NASDAQ:CRUS,0.0
2020-03-31,12,AR1 alpha + Basic + One-Step,NASDAQ:CRUS,0.0
2020-04-01,12,AR1 alpha + Basic + One-Step,NASDAQ:CRUS,0.0
2020-04-02,12,AR1 alpha + Basic + One-Step,NASDAQ:CRUS,0.0
2020-04-03,12,AR1 alpha + Basic + One-Step,NASDAQ:CRUS,1.7280198151827357e-08
2020-04-06,12,AR1 alpha + Basic + One-Step,NASDAQ:CRUS,7.691182006874529e-08
2020-04-07,12,AR1 alpha + Basic + One-Step,NASDAQ:CRUS,7.63871407325706e-08
2020-04-08,12,AR1 alpha + Basic + One-Step,NASDAQ:CRUS,0.0
2020-04-09,12,AR1 alpha + Basic + One-Step,NASDAQ:CRUS,0.0
2020-04-13,12,AR1 alpha + Basic + One-Step,NASDAQ:CRUS,0.0
2020-04-14,12,AR1 alpha + Basic + One-Step,NASDAQ:CRUS,0.0
2020-04-15,12,AR1 alpha + Basic + One-Step,NASDAQ:CRUS,0.0
2020-04-16,12,AR1 alpha + Basic + One-Step,NASDAQ:CRUS,0.0
2020-04-17,12,AR1 alpha + Basic + One-Step,NASDAQ:CRUS,0.0
2020-04-20,12,AR1 alpha + Basic + One-Step,NASDAQ:CRUS,0.0
2020-04-21,12,AR1 alpha + Basic + One-Step,NASDAQ:CRUS,0.0
2020-04-22,12,AR1 alpha + Basic + One-Step,NASDAQ:CRUS,0.0
2020-04-23,12,AR1 alpha + Basic + One-Step,NASDAQ:CRUS,0.0
2020-04-24,12,AR1 alpha + Basic + One-Step,NASDAQ:CRUS,4.7482244061421e-08
2020-04-27,12,AR1 alpha + Basic + One-Step,NASDAQ:CRUS,0.0
2020-04-28,12,AR1 alpha + Basic + One-Step,NASDAQ:CRUS,0.0
2020-04-29,12,AR1 alpha + Basic + One-Step,NASDAQ:CRUS,2.1163985276617306e-07
2020-04-30,12,AR1 alpha + Basic + One-Step,NASDAQ:CRUS,0.0
2020-05-01,12,AR1 alpha + Basic + One-Step,NASDAQ:CRUS,2.5946257237426547e-08
2020-05-04,12,AR1 alpha + Basic + One-Step,NASDAQ:CRUS,0.0
2020-05-05,12,AR1 alpha + Basic + One-Step,NASDAQ:CRUS,5.370450940891664e-07
2020-05-06,12,AR1 alpha + Basic + One-Step,NASDAQ:CRUS,0.0
2020-05-07,12,AR1 alpha + Basic + One-Step,NASDAQ:CRUS,0.0
2020-05-08,12,AR1 alpha + Basic + One-Step,NASDAQ:CRUS,1.7228151478764233e-08
2020-05-11,12,AR1 alpha + Basic + One-Step,NASDAQ:CRUS,0.0
2020-05-12,12,AR1 alpha + Basic + One-Step,NASDAQ:CRUS,0.09999712460210666
2020-05-13,12,AR1 alpha + Basic + One-Step,NASDAQ:CRUS,0.04340857997908399
2020-05-14,12,AR1 alpha + Basic + One-Step,NASDAQ:CRUS,0.029921511528776024
2020-05-15,12,AR1 alpha + Basic + One-Step,NASDAQ:CRUS,0.09847665865661036
2020-05-18,12,AR1 alpha + Basic + One-Step,NASDAQ:CRUS,0.0
2020-05-19,12,AR1 alpha + Basic + One-Step,NASDAQ:CRUS,0.0
2020-05-20,12,AR1 alpha + Basic + One-Step,NASDAQ:CRUS,0.0
2020-05-21,12,AR1 alpha + Basic + One-Step,NASDAQ:CRUS,0.0
2020-05-22,12,AR1 alpha + Basic + One-Step,NASDAQ:CRUS,2.8403348001786642e-08
2020-05-26,12,AR1 alpha + Basic + One-Step,NASDAQ:CRUS,4.32164232697982e-08
2020-05-27,12,AR1 alpha + Basic + One-Step,NASDAQ:CRUS,8.080465611698962e-07
2020-05-28,12,AR1 alpha + Basic + One-Step,NASDAQ:CRUS,0.0
2020-05-29,12,AR1 alpha + Basic + One-Step,NASDAQ:CRUS,0.0
2020-06-01,12,AR1 alpha + Basic + One-Step,NASDAQ:CRUS,2.226147916475433e-08
2020-06-02,12,AR1 alpha + Basic + One-Step,NASDAQ:CRUS,3.045402327824571e-07
2020-06-03,12,AR1 alpha + Basic + One-Step,NASDAQ:CRUS,0.0
2020-06-04,12,AR1 alpha + Basic + One-Step,NASDAQ:CRUS,4.6923565920151036e-08
2020-06-05,12,AR1 alpha + Basic + One-Step,NASDAQ:CRUS,0.0
2020-06-08,12,AR1 alpha + Basic + One-Step,NASDAQ:CRUS,0.0
2020-06-09,12,AR1 alpha + Basic + One-Step,NASDAQ:CRUS,0.0
2020-06-10,12,AR1 alpha + Basic + One-Step,NASDAQ:CRUS,0.0
2020-06-11,12,AR1 alpha + Basic + One-Step,NASDAQ:CRUS,0.0
2020-06-12,12,AR1 alpha + Basic + One-Step,NASDAQ:CRUS,3.041018270383014e-08
2020-06-15,12,AR1 alpha + Basic + One-Step,NASDAQ:CRUS,1.9837148970936032e-08
2020-06-16,12,AR1 alpha + Basic + One-Step,NASDAQ:CRUS,0.0
2020-06-17,12,AR1 alpha + Basic + One-Step,NASDAQ:CRUS,0.0
2020-06-18,12,AR1 alpha + Basic + One-Step,NASDAQ:CRUS,0.0
2020-06-19,12,AR1 alpha + Basic + One-Step,NASDAQ:CRUS,0.0
2020-06-22,12,AR1 alpha + Basic + One-Step,NASDAQ:CRUS,0.040373894799741704
2020-06-23,12,AR1 alpha + Basic + One-Step,NASDAQ:CRUS,0.0
2020-06-24,12,AR1 alpha + Basic + One-Step,NASDAQ:CRUS,0.045843219461770064
2020-06-25,12,AR1 alpha + Basic + One-Step,NASDAQ:CRUS,0.0
2020-06-26,12,AR1 alpha + Basic + One-Step,NASDAQ:CRUS,0.0
2020-06-29,12,AR1 alpha + Basic + One-Step,NASDAQ:CRUS,0.0
2020-06-30,12,AR1 alpha + Basic + One-Step,NASDAQ:CRUS,2.306253267694453e-08
2020-07-01,12,AR1 alpha + Basic + One-Step,NASDAQ:CRUS,0.0
2020-07-02,12,AR1 alpha + Basic + One-Step,NASDAQ:CRUS,5.0256400191955715e-09
2020-07-06,12,AR1 alpha + Basic + One-Step,NASDAQ:CRUS,0.0
2020-07-07,12,AR1 alpha + Basic + One-Step,NASDAQ:CRUS,0.0
2020-07-08,12,AR1 alpha + Basic + One-Step,NASDAQ:CRUS,2.8790613261976685e-08
2020-07-09,12,AR1 alpha + Basic + One-Step,NASDAQ:CRUS,3.352554033090754e-07
2020-07-10,12,AR1 alpha + Basic + One-Step,NASDAQ:CRUS,1.5881928176418076e-07
2020-07-13,12,AR1 alpha + Basic + One-Step,NASDAQ:CRUS,4.052702806795501e-08
2020-07-14,12,AR1 alpha + Basic + One-Step,NASDAQ:CRUS,0.0
2020-07-15,12,AR1 alpha + Basic + One-Step,NASDAQ:CRUS,1.0400089916664028e-07
2020-07-16,12,AR1 alpha + Basic + One-Step,NASDAQ:CRUS,0.0
2020-07-17,12,AR1 alpha + Basic + One-Step,NASDAQ:CRUS,0.0
2020-07-20,12,AR1 alpha + Basic + One-Step,NASDAQ:CRUS,1.5003307452882054e-07
2020-07-21,12,AR1 alpha + Basic + One-Step,NASDAQ:CRUS,0.0
2020-07-22,12,AR1 alpha + Basic + One-Step,NASDAQ:CRUS,0.0
2020-07-23,12,AR1 alpha + Basic + One-Step,NASDAQ:CRUS,0.0
2020-07-24,12,AR1 alpha + Basic + One-Step,NASDAQ:CRUS,9.415729210097804e-07
2020-07-27,12,AR1 alpha + Basic + One-Step,NASDAQ:CRUS,4.982998928960314e-07
2020-07-28,12,AR1 alpha + Basic + One-Step,NASDAQ:CRUS,0.0
2020-07-29,12,AR1 alpha + Basic + One-Step,NASDAQ:CRUS,0.0
2020-07-30,12,AR1 alpha + Basic + One-Step,NASDAQ:CRUS,0.0
2020-07-31,12,AR1 alpha + Basic + One-Step,NASDAQ:CRUS,0.0
2020-08-03,12,AR1 alpha + Basic + One-Step,NASDAQ:CRUS,0.0
2020-08-04,12,AR1 alpha + Basic + One-Step,NASDAQ:CRUS,0.0
2020-08-05,12,AR1 alpha + Basic + One-Step,NASDAQ:CRUS,0.0
2020-08-06,12,AR1 alpha + Basic + One-Step,NASDAQ:CRUS,0.0
2020-08-07,12,AR1 alpha + Basic + One-Step,NASDAQ:CRUS,0.0
2020-08-10,12,AR1 alpha + Basic + One-Step,NASDAQ:CRUS,0.0
2020-08-11,12,AR1 alpha + Basic + One-Step,NASDAQ:CRUS,0.0
2020-08-12,12,AR1 alpha + Basic + One-Step,NASDAQ:CRUS,0.0
2020-08-13,12,AR1 alpha + Basic + One-Step,NASDAQ:CRUS,0.0
2020-08-14,12,AR1 alpha + Basic + One-Step,NASDAQ:CRUS,0.0
2020-08-17,12,AR1 alpha + Basic + One-Step,NASDAQ:CRUS,0.0
2020-08-18,12,AR1 alpha + Basic + One-Step,NASDAQ:CRUS,0.0
2020-08-19,12,AR1 alpha + Basic + One-Step,NASDAQ:CRUS,2.442112802297441e-07
2020-08-20,12,AR1 alpha + Basic + One-Step,NASDAQ:CRUS,3.340972473422193e-07
2020-08-21,12,AR1 alpha + Basic + One-Step,NASDAQ:CRUS,0.0
2020-08-24,12,AR1 alpha + Basic + One-Step,NASDAQ:CRUS,0.0
2020-08-25,12,AR1 alpha + Basic + One-Step,NASDAQ:CRUS,0.0
2020-08-26,12,AR1 alpha + Basic + One-Step,NASDAQ:CRUS,0.0
2020-08-27,12,AR1 alpha + Basic + One-Step,NASDAQ:CRUS,0.0
2020-08-28,12,AR1 alpha + Basic + One-Step,NASDAQ:CRUS,0.0
2020-08-31,12,AR1 alpha + Basic + One-Step,NASDAQ:CRUS,0.0
2020-09-01,12,AR1 alpha + Basic + One-Step,NASDAQ:CRUS,0.0
2020-09-02,12,AR1 alpha + Basic + One-Step,NASDAQ:CRUS,0.0
2020-09-03,12,AR1 alpha + Basic + One-Step,NASDAQ:CRUS,0.0
2020-09-04,12,AR1 alpha + Basic + One-Step,NASDAQ:CRUS,0.0
2020-09-08,12,AR1 alpha + Basic + One-Step,NASDAQ:CRUS,0.0
2020-09-09,12,AR1 alpha + Basic + One-Step,NASDAQ:CRUS,2.6372077201592736e-09
2020-09-10,12,AR1 alpha + Basic + One-Step,NASDAQ:CRUS,0.0
2020-09-11,12,AR1 alpha + Basic + One-Step,NASDAQ:CRUS,0.0
2020-09-14,12,AR1 alpha + Basic + One-Step,NASDAQ:CRUS,0.0
2020-09-15,12,AR1 alpha + Basic + One-Step,NASDAQ:CRUS,0.0
2020-09-16,12,AR1 alpha + Basic + One-Step,NASDAQ:CRUS,0.0
2020-09-17,12,AR1 alpha + Basic + One-Step,NASDAQ:CRUS,0.0
2020-09-18,12,AR1 alpha + Basic + One-Step,NASDAQ:CRUS,0.0
2020-09-21,12,AR1 alpha + Basic + One-Step,NASDAQ:CRUS,0.0
2020-09-22,12,AR1 alpha + Basic + One-Step,NASDAQ:CRUS,0.0
2020-09-23,12,AR1 alpha + Basic + One-Step,NASDAQ:CRUS,0.0
2020-09-24,12,AR1 alpha + Basic + One-Step,NASDAQ:CRUS,2.58081828249979e-07
2020-09-25,12,AR1 alpha + Basic + One-Step,NASDAQ:CRUS,0.0
2020-09-28,12,AR1 alpha + Basic + One-Step,NASDAQ:CRUS,0.0
2020-09-29,12,AR1 alpha + Basic + One-Step,NASDAQ:CRUS,0.0
2020-09-30,12,AR1 alpha + Basic + One-Step,NASDAQ:CRUS,8.123137911331425e-09
2020-10-01,12,AR1 alpha + Basic + One-Step,NASDAQ:CRUS,0.0
2020-10-02,12,AR1 alpha + Basic + One-Step,NASDAQ:CRUS,0.0
2020-10-05,12,AR1 alpha + Basic + One-Step,NASDAQ:CRUS,1.6816408117664686e-08
2020-10-06,12,AR1 alpha + Basic + One-Step,NASDAQ:CRUS,0.0
2020-10-07,12,AR1 alpha + Basic + One-Step,NASDAQ:CRUS,7.316824302875983e-08
2020-10-08,12,AR1 alpha + Basic + One-Step,NASDAQ:CRUS,0.0
2020-10-09,12,AR1 alpha + Basic + One-Step,NASDAQ:CRUS,0.0
2020-10-12,12,AR1 alpha + Basic + One-Step,NASDAQ:CRUS,0.0
2020-10-13,12,AR1 alpha + Basic + One-Step,NASDAQ:CRUS,0.0
2020-10-14,12,AR1 alpha + Basic + One-Step,NASDAQ:CRUS,0.0
2020-10-15,12,AR1 alpha + Basic + One-Step,NASDAQ:CRUS,0.0
2020-10-16,12,AR1 alpha + Basic + One-Step,NASDAQ:CRUS,1.6977191564963925e-07
2020-10-19,12,AR1 alpha + Basic + One-Step,NASDAQ:CRUS,0.0
2020-10-20,12,AR1 alpha + Basic + One-Step,NASDAQ:CRUS,0.0
2020-10-21,12,AR1 alpha + Basic + One-Step,NASDAQ:CRUS,0.0
2020-10-22,12,AR1 alpha + Basic + One-Step,NASDAQ:CRUS,0.0
2020-10-23,12,AR1 alpha + Basic + One-Step,NASDAQ:CRUS,0.0
2020-10-26,12,AR1 alpha + Basic + One-Step,NASDAQ:CRUS,0.0
2020-10-27,12,AR1 alpha + Basic + One-Step,NASDAQ:CRUS,1.6723589965456579e-09
2020-10-28,12,AR1 alpha + Basic + One-Step,NASDAQ:CRUS,0.0
2020-10-29,12,AR1 alpha + Basic + One-Step,NASDAQ:CRUS,0.0
2020-10-30,12,AR1 alpha + Basic + One-Step,NASDAQ:CRUS,0.0
2020-11-02,12,AR1 alpha + Basic + One-Step,NASDAQ:CRUS,0.0
2020-11-03,12,AR1 alpha + Basic + One-Step,NASDAQ:CRUS,0.0
2020-11-04,12,AR1 alpha + Basic + One-Step,NASDAQ:CRUS,0.0
2020-11-05,12,AR1 alpha + Basic + One-Step,NASDAQ:CRUS,0.0
2020-11-06,12,AR1 alpha + Basic + One-Step,NASDAQ:CRUS,8.468804965918565e-08
2020-11-09,12,AR1 alpha + Basic + One-Step,NASDAQ:CRUS,0.0
2020-11-10,12,AR1 alpha + Basic + One-Step,NASDAQ:CRUS,0.0
2020-11-11,12,AR1 alpha + Basic + One-Step,NASDAQ:CRUS,0.0
2020-11-12,12,AR1 alpha + Basic + One-Step,NASDAQ:CRUS,0.0
2020-11-13,12,AR1 alpha + Basic + One-Step,NASDAQ:CRUS,0.0
2020-11-16,12,AR1 alpha + Basic + One-Step,NASDAQ:CRUS,0.0
2020-11-17,12,AR1 alpha + Basic + One-Step,NASDAQ:CRUS,0.0
2020-11-18,12,AR1 alpha + Basic + One-Step,NASDAQ:CRUS,0.0
2020-11-19,12,AR1 alpha + Basic + One-Step,NASDAQ:CRUS,5.188253686902402e-08
2020-11-20,12,AR1 alpha + Basic + One-Step,NASDAQ:CRUS,0.0
2020-11-23,12,AR1 alpha + Basic + One-Step,NASDAQ:CRUS,0.0
2020-11-24,12,AR1 alpha + Basic + One-Step,NASDAQ:CRUS,0.0
2020-11-25,12,AR1 alpha + Basic + One-Step,NASDAQ:CRUS,2.3414361608656882e-08
2020-11-27,12,AR1 alpha + Basic + One-Step,NASDAQ:CRUS,0.0
2020-11-30,12,AR1 alpha + Basic + One-Step,NASDAQ:CRUS,0.0
2020-12-01,12,AR1 alpha + Basic + One-Step,NASDAQ:CRUS,0.0
2020-12-02,12,AR1 alpha + Basic + One-Step,NASDAQ:CRUS,0.0
2020-12-03,12,AR1 alpha + Basic + One-Step,NASDAQ:CRUS,0.0
2020-12-04,12,AR1 alpha + Basic + One-Step,NASDAQ:CRUS,9.718404670825416e-09
2020-12-07,12,AR1 alpha + Basic + One-Step,NASDAQ:CRUS,0.0
2020-12-08,12,AR1 alpha + Basic + One-Step,NASDAQ:CRUS,2.227339550941377e-07
2020-12-09,12,AR1 alpha + Basic + One-Step,NASDAQ:CRUS,0.0
2020-12-10,12,AR1 alpha + Basic + One-Step,NASDAQ:CRUS,0.0
2020-12-11,12,AR1 alpha + Basic + One-Step,NASDAQ:CRUS,3.1559767447902575e-07
2020-12-14,12,AR1 alpha + Basic + One-Step,NASDAQ:CRUS,4.0001859790122315e-07
2020-12-15,12,AR1 alpha + Basic + One-Step,NASDAQ:CRUS,0.0
2020-12-16,12,AR1 alpha + Basic + One-Step,NASDAQ:CRUS,0.0
2020-12-17,12,AR1 alpha + Basic + One-Step,NASDAQ:CRUS,0.0
2020-12-18,12,AR1 alpha + Basic + One-Step,NASDAQ:CRUS,0.0
2020-12-21,12,AR1 alpha + Basic + One-Step,NASDAQ:CRUS,4.463192254378129e-07
2020-12-22,12,AR1 alpha + Basic + One-Step,NASDAQ:CRUS,0.0
2020-12-23,12,AR1 alpha + Basic + One-Step,NASDAQ:CRUS,1.673717676332918e-08
2020-12-24,12,AR1 alpha + Basic + One-Step,NASDAQ:CRUS,0.0
2020-12-28,12,AR1 alpha + Basic + One-Step,NASDAQ:CRUS,0.0
2020-12-29,12,AR1 alpha + Basic + One-Step,NASDAQ:CRUS,0.0
2020-12-30,12,AR1 alpha + Basic + One-Step,NASDAQ:CRUS,0.0
2020-12-31,12,AR1 alpha + Basic + One-Step,NASDAQ:CRUS,0.0
2021-01-04,12,AR1 alpha + Basic + One-Step,NASDAQ:CRUS,0.0
2021-01-05,12,AR1 alpha + Basic + One-Step,NASDAQ:CRUS,1.79202338519278e-07
2021-01-06,12,AR1 alpha + Basic + One-Step,NASDAQ:CRUS,0.0
2021-01-07,12,AR1 alpha + Basic + One-Step,NASDAQ:CRUS,0.0
2021-01-08,12,AR1 alpha + Basic + One-Step,NASDAQ:CRUS,0.0
2021-01-11,12,AR1 alpha + Basic + One-Step,NASDAQ:CRUS,0.0
2021-01-12,12,AR1 alpha + Basic + One-Step,NASDAQ:CRUS,0.0
2021-01-13,12,AR1 alpha + Basic + One-Step,NASDAQ:CRUS,0.0
2021-01-14,12,AR1 alpha + Basic + One-Step,NASDAQ:CRUS,0.0
2021-01-15,12,AR1 alpha + Basic + One-Step,NASDAQ:CRUS,0.0
2021-01-19,12,AR1 alpha + Basic + One-Step,NASDAQ:CRUS,0.0
2021-01-20,12,AR1 alpha + Basic + One-Step,NASDAQ:CRUS,0.0
2021-01-21,12,AR1 alpha + Basic + One-Step,NASDAQ:CRUS,0.0
2021-01-22,12,AR1 alpha + Basic + One-Step,NASDAQ:CRUS,0.0
2021-01-25,12,AR1 alpha + Basic + One-Step,NASDAQ:CRUS,0.0
2021-01-26,12,AR1 alpha + Basic + One-Step,NASDAQ:CRUS,0.0
2021-01-27,12,AR1 alpha + Basic + One-Step,NASDAQ:CRUS,0.0
2021-01-28,12,AR1 alpha + Basic + One-Step,NASDAQ:CRUS,0.0
2021-01-29,12,AR1 alpha + Basic + One-Step,NASDAQ:CRUS,0.0
2021-02-01,12,AR1 alpha + Basic + One-Step,NASDAQ:CRUS,4.7438914798352487e-07
2021-02-02,12,AR1 alpha + Basic + One-Step,NASDAQ:CRUS,0.09999942212714853
2021-02-03,12,AR1 alpha + Basic + One-Step,NASDAQ:CRUS,0.0999994701420012
2021-02-04,12,AR1 alpha + Basic + One-Step,NASDAQ:CRUS,0.09775430027461052
2021-02-05,12,AR1 alpha + Basic + One-Step,NASDAQ:CRUS,0.09999595137523781
2021-02-08,12,AR1 alpha + Basic + One-Step,NASDAQ:CRUS,0.0
2021-02-09,12,AR1 alpha + Basic + One-Step,NASDAQ:CRUS,0.0
2021-02-10,12,AR1 alpha + Basic + One-Step,NASDAQ:CRUS,0.0
2021-02-11,12,AR1 alpha + Basic + One-Step,NASDAQ:CRUS,0.0
2021-02-12,12,AR1 alpha + Basic + One-Step,NASDAQ:CRUS,0.0
2021-02-16,12,AR1 alpha + Basic + One-Step,NASDAQ:CRUS,0.0
2021-02-17,12,AR1 alpha + Basic + One-Step,NASDAQ:CRUS,0.0
2021-02-18,12,AR1 alpha + Basic + One-Step,NASDAQ:CRUS,0.0
2021-02-19,12,AR1 alpha + Basic + One-Step,NASDAQ:CRUS,0.0
2021-02-22,12,AR1 alpha + Basic + One-Step,NASDAQ:CRUS,1.2151270531775171e-06
2021-02-23,12,AR1 alpha + Basic + One-Step,NASDAQ:CRUS,1.0566556955370856e-07
2021-02-24,12,AR1 alpha + Basic + One-Step,NASDAQ:CRUS,0.0
2021-02-25,12,AR1 alpha + Basic + One-Step,NASDAQ:CRUS,0.0
2021-02-26,12,AR1 alpha + Basic + One-Step,NASDAQ:CRUS,6.068758476702994e-07
2021-03-01,12,AR1 alpha + Basic + One-Step,NASDAQ:CRUS,0.0
2021-03-02,12,AR1 alpha + Basic + One-Step,NASDAQ:CRUS,0.0
2021-03-03,12,AR1 alpha + Basic + One-Step,NASDAQ:CRUS,0.0
2021-03-04,12,AR1 alpha + Basic + One-Step,NASDAQ:CRUS,0.056327498735558895
2021-03-05,12,AR1 alpha + Basic + One-Step,NASDAQ:CRUS,0.0
2021-03-08,12,AR1 alpha + Basic + One-Step,NASDAQ:CRUS,0.0
2021-03-09,12,AR1 alpha + Basic + One-Step,NASDAQ:CRUS,0.0
2021-03-10,12,AR1 alpha + Basic + One-Step,NASDAQ:CRUS,0.0
2021-03-11,12,AR1 alpha + Basic + One-Step,NASDAQ:CRUS,0.0
2021-03-12,12,AR1 alpha + Basic + One-Step,NASDAQ:CRUS,0.0
2021-03-15,12,AR1 alpha + Basic + One-Step,NASDAQ:CRUS,1.8117769720328703e-09
2021-03-16,12,AR1 alpha + Basic + One-Step,NASDAQ:CRUS,0.0
2021-03-17,12,AR1 alpha + Basic + One-Step,NASDAQ:CRUS,0.0
2021-03-18,12,AR1 alpha + Basic + One-Step,NASDAQ:CRUS,0.0
2021-03-19,12,AR1 alpha + Basic + One-Step,NASDAQ:CRUS,0.0
2021-03-22,12,AR1 alpha + Basic + One-Step,NASDAQ:CRUS,0.0
2021-03-23,12,AR1 alpha + Basic + One-Step,NASDAQ:CRUS,0.0
2021-03-24,12,AR1 alpha + Basic + One-Step,NASDAQ:CRUS,0.0
2021-03-25,12,AR1 alpha + Basic + One-Step,NASDAQ:CRUS,0.0
2021-03-26,12,AR1 alpha + Basic + One-Step,NASDAQ:CRUS,0.0
2021-03-29,12,AR1 alpha + Basic + One-Step,NASDAQ:CRUS,0.0
2021-03-30,12,AR1 alpha + Basic + One-Step,NASDAQ:CRUS,5.01833705687137e-07
2021-03-31,12,AR1 alpha + Basic + One-Step,NASDAQ:CRUS,0.0
2021-04-01,12,AR1 alpha + Basic + One-Step,NASDAQ:CRUS,0.0
2021-04-05,12,AR1 alpha + Basic + One-Step,NASDAQ:CRUS,1.961289923096405e-06
2021-04-06,12,AR1 alpha + Basic + One-Step,NASDAQ:CRUS,9.58738635348256e-07
2021-04-07,12,AR1 alpha + Basic + One-Step,NASDAQ:CRUS,0.0
2021-04-08,12,AR1 alpha + Basic + One-Step,NASDAQ:CRUS,4.549612802334015e-07
2021-04-09,12,AR1 alpha + Basic + One-Step,NASDAQ:CRUS,0.0
2021-04-12,12,AR1 alpha + Basic + One-Step,NASDAQ:CRUS,7.018545644377776e-09
2021-04-13,12,AR1 alpha + Basic + One-Step,NASDAQ:CRUS,0.0
2021-04-14,12,AR1 alpha + Basic + One-Step,NASDAQ:CRUS,0.0
2021-04-15,12,AR1 alpha + Basic + One-Step,NASDAQ:CRUS,0.0
2021-04-16,12,AR1 alpha + Basic + One-Step,NASDAQ:CRUS,0.0
2021-04-19,12,AR1 alpha + Basic + One-Step,NASDAQ:CRUS,3.872226499640917e-08
2021-04-20,12,AR1 alpha + Basic + One-Step,NASDAQ:CRUS,0.0
2021-04-21,12,AR1 alpha + Basic + One-Step,NASDAQ:CRUS,0.0
2021-04-22,12,AR1 alpha + Basic + One-Step,NASDAQ:CRUS,4.9437381561135836e-08
2021-04-23,12,AR1 alpha + Basic + One-Step,NASDAQ:CRUS,0.0
2021-04-26,12,AR1 alpha + Basic + One-Step,NASDAQ:CRUS,0.0
2021-04-27,12,AR1 alpha + Basic + One-Step,NASDAQ:CRUS,8.17398935258708e-07
2021-04-28,12,AR1 alpha + Basic + One-Step,NASDAQ:CRUS,0.0
2021-04-29,12,AR1 alpha + Basic + One-Step,NASDAQ:CRUS,0.0
2021-04-30,12,AR1 alpha + Basic + One-Step,NASDAQ:CRUS,0.010750289696137824
2021-05-03,12,AR1 alpha + Basic + One-Step,NASDAQ:CRUS,0.0
2021-05-04,12,AR1 alpha + Basic + One-Step,NASDAQ:CRUS,1.768261732485016e-08
2021-05-05,12,AR1 alpha + Basic + One-Step,NASDAQ:CRUS,0.0
2021-05-06,12,AR1 alpha + Basic + One-Step,NASDAQ:CRUS,0.0
2021-05-07,12,AR1 alpha + Basic + One-Step,NASDAQ:CRUS,0.0
2021-05-10,12,AR1 alpha + Basic + One-Step,NASDAQ:CRUS,0.0
2021-05-11,12,AR1 alpha + Basic + One-Step,NASDAQ:CRUS,0.0
2021-05-12,12,AR1 alpha + Basic + One-Step,NASDAQ:CRUS,0.0
2021-05-13,12,AR1 alpha + Basic + One-Step,NASDAQ:CRUS,2.88186148182402e-07
2021-05-14,12,AR1 alpha + Basic + One-Step,NASDAQ:CRUS,0.0
2021-05-17,12,AR1 alpha + Basic + One-Step,NASDAQ:CRUS,0.0
2021-05-18,12,AR1 alpha + Basic + One-Step,NASDAQ:CRUS,8.808676553736241e-08
2021-05-19,12,AR1 alpha + Basic + One-Step,NASDAQ:CRUS,5.77287989166082e-08
2021-05-20,12,AR1 alpha + Basic + One-Step,NASDAQ:CRUS,4.1630893986364235e-08
2021-05-21,12,AR1 alpha + Basic + One-Step,NASDAQ:CRUS,5.54039160608971e-07
2021-05-24,12,AR1 alpha + Basic + One-Step,NASDAQ:CRUS,0.0
2021-05-25,12,AR1 alpha + Basic + One-Step,NASDAQ:CRUS,0.0
2021-05-26,12,AR1 alpha + Basic + One-Step,NASDAQ:CRUS,0.0
2021-05-27,12,AR1 alpha + Basic + One-Step,NASDAQ:CRUS,0.0
2021-05-28,12,AR1 alpha + Basic + One-Step,NASDAQ:CRUS,0.0
2021-06-01,12,AR1 alpha + Basic + One-Step,NASDAQ:CRUS,0.0
2021-06-02,12,AR1 alpha + Basic + One-Step,NASDAQ:CRUS,0.0
2021-06-03,12,AR1 alpha + Basic + One-Step,NASDAQ:CRUS,0.0
2021-06-04,12,AR1 alpha + Basic + One-Step,NASDAQ:CRUS,0.0
2021-06-07,12,AR1 alpha + Basic + One-Step,NASDAQ:CRUS,0.0
2021-06-08,12,AR1 alpha + Basic + One-Step,NASDAQ:CRUS,0.0
2021-06-09,12,AR1 alpha + Basic + One-Step,NASDAQ:CRUS,0.0
2021-06-10,12,AR1 alpha + Basic + One-Step,NASDAQ:CRUS,4.630581709926984e-08
2021-06-11,12,AR1 alpha + Basic + One-Step,NASDAQ:CRUS,0.0
2021-06-14,12,AR1 alpha + Basic + One-Step,NASDAQ:CRUS,0.0
2021-06-15,12,AR1 alpha + Basic + One-Step,NASDAQ:CRUS,0.0
2021-06-16,12,AR1 alpha + Basic + One-Step,NASDAQ:CRUS,0.0
2021-06-17,12,AR1 alpha + Basic + One-Step,NASDAQ:CRUS,0.0
2021-06-18,12,AR1 alpha + Basic + One-Step,NASDAQ:CRUS,0.0
2021-06-21,12,AR1 alpha + Basic + One-Step,NASDAQ:CRUS,0.0
2021-06-22,12,AR1 alpha + Basic + One-Step,NASDAQ:CRUS,4.626168816074213e-07
2021-06-23,12,AR1 alpha + Basic + One-Step,NASDAQ:CRUS,5.236500351531549e-07
2021-06-24,12,AR1 alpha + Basic + One-Step,NASDAQ:CRUS,9.374073780425554e-07
2021-06-25,12,AR1 alpha + Basic + One-Step,NASDAQ:CRUS,0.0
2021-06-28,12,AR1 alpha + Basic + One-Step,NASDAQ:CRUS,0.0
2021-06-29,12,AR1 alpha + Basic + One-Step,NASDAQ:CRUS,0.0
2021-06-30,12,AR1 alpha + Basic + One-Step,NASDAQ:CRUS,0.0
2021-07-01,12,AR1 alpha + Basic + One-Step,NASDAQ:CRUS,0.0
2021-07-02,12,AR1 alpha + Basic + One-Step,NASDAQ:CRUS,0.0
2021-07-06,12,AR1 alpha + Basic + One-Step,NASDAQ:CRUS,0.0
2021-07-07,12,AR1 alpha + Basic + One-Step,NASDAQ:CRUS,0.0
2021-07-08,12,AR1 alpha + Basic + One-Step,NASDAQ:CRUS,0.0
2021-07-09,12,AR1 alpha + Basic + One-Step,NASDAQ:CRUS,0.0
2021-07-12,12,AR1 alpha + Basic + One-Step,NASDAQ:CRUS,0.0
2021-07-13,12,AR1 alpha + Basic + One-Step,NASDAQ:CRUS,6.771461920744433e-08
2021-07-14,12,AR1 alpha + Basic + One-Step,NASDAQ:CRUS,0.0
2021-07-15,12,AR1 alpha + Basic + One-Step,NASDAQ:CRUS,0.0
2021-07-16,12,AR1 alpha + Basic + One-Step,NASDAQ:CRUS,4.228110419184824e-06
2021-07-19,12,AR1 alpha + Basic + One-Step,NASDAQ:CRUS,0.0
2021-07-20,12,AR1 alpha + Basic + One-Step,NASDAQ:CRUS,0.0
2021-07-21,12,AR1 alpha + Basic + One-Step,NASDAQ:CRUS,0.0
2021-07-22,12,AR1 alpha + Basic + One-Step,NASDAQ:CRUS,0.0
2021-07-23,12,AR1 alpha + Basic + One-Step,NASDAQ:CRUS,0.0
2021-07-26,12,AR1 alpha + Basic + One-Step,NASDAQ:CRUS,0.0
2021-07-27,12,AR1 alpha + Basic + One-Step,NASDAQ:CRUS,6.482049044059971e-07
2021-07-28,12,AR1 alpha + Basic + One-Step,NASDAQ:CRUS,0.0
2021-07-29,12,AR1 alpha + Basic + One-Step,NASDAQ:CRUS,0.0
2021-07-30,12,AR1 alpha + Basic + One-Step,NASDAQ:CRUS,0.0
2021-08-02,12,AR1 alpha + Basic + One-Step,NASDAQ:CRUS,0.0
2021-08-03,12,AR1 alpha + Basic + One-Step,NASDAQ:CRUS,0.0
2021-08-04,12,AR1 alpha + Basic + One-Step,NASDAQ:CRUS,5.150373680270231e-08
2021-08-05,12,AR1 alpha + Basic + One-Step,NASDAQ:CRUS,0.0
2021-08-06,12,AR1 alpha + Basic + One-Step,NASDAQ:CRUS,0.0
2021-08-09,12,AR1 alpha + Basic + One-Step,NASDAQ:CRUS,6.107491057157592e-07
2021-08-10,12,AR1 alpha + Basic + One-Step,NASDAQ:CRUS,2.82857201025349e-08
2021-08-11,12,AR1 alpha + Basic + One-Step,NASDAQ:CRUS,0.0
2021-08-12,12,AR1 alpha + Basic + One-Step,NASDAQ:CRUS,0.0
2021-08-13,12,AR1 alpha + Basic + One-Step,NASDAQ:CRUS,0.0
2021-08-16,12,AR1 alpha + Basic + One-Step,NASDAQ:CRUS,0.0
2021-08-17,12,AR1 alpha + Basic + One-Step,NASDAQ:CRUS,4.088031403241323e-08
2021-08-18,12,AR1 alpha + Basic + One-Step,NASDAQ:CRUS,0.0
2021-08-19,12,AR1 alpha + Basic + One-Step,NASDAQ:CRUS,0.0
2021-08-20,12,AR1 alpha + Basic + One-Step,NASDAQ:CRUS,0.0
2021-08-23,12,AR1 alpha + Basic + One-Step,NASDAQ:CRUS,0.0
2021-08-24,12,AR1 alpha + Basic + One-Step,NASDAQ:CRUS,6.41076207721852e-08
2021-08-25,12,AR1 alpha + Basic + One-Step,NASDAQ:CRUS,0.0
2021-08-26,12,AR1 alpha + Basic + One-Step,NASDAQ:CRUS,0.0
2021-08-27,12,AR1 alpha + Basic + One-Step,NASDAQ:CRUS,7.639356524929075e-07
2021-08-30,12,AR1 alpha + Basic + One-Step,NASDAQ:CRUS,1.0585078342944466e-07
2021-08-31,12,AR1 alpha + Basic + One-Step,NASDAQ:CRUS,0.0
2021-09-01,12,AR1 alpha + Basic + One-Step,NASDAQ:CRUS,0.0
2021-09-02,12,AR1 alpha + Basic + One-Step,NASDAQ:CRUS,0.0
2021-09-03,12,AR1 alpha + Basic + One-Step,NASDAQ:CRUS,0.0
2021-09-07,12,AR1 alpha + Basic + One-Step,NASDAQ:CRUS,0.0
2021-09-08,12,AR1 alpha + Basic + One-Step,NASDAQ:CRUS,0.0
2021-09-09,12,AR1 alpha + Basic + One-Step,NASDAQ:CRUS,1.408352579821267e-07
2021-09-10,12,AR1 alpha + Basic + One-Step,NASDAQ:CRUS,0.0
2021-09-13,12,AR1 alpha + Basic + One-Step,NASDAQ:CRUS,0.0
2021-09-14,12,AR1 alpha + Basic + One-Step,NASDAQ:CRUS,5.449318115430104e-07
2021-09-15,12,AR1 alpha + Basic + One-Step,NASDAQ:CRUS,0.0
2021-09-16,12,AR1 alpha + Basic + One-Step,NASDAQ:CRUS,0.0
2021-09-17,12,AR1 alpha + Basic + One-Step,NASDAQ:CRUS,0.0
2021-09-20,12,AR1 alpha + Basic + One-Step,NASDAQ:CRUS,0.0
2021-09-21,12,AR1 alpha + Basic + One-Step,NASDAQ:CRUS,1.2963525569582325e-07
2021-09-22,12,AR1 alpha + Basic + One-Step,NASDAQ:CRUS,0.0
2021-09-23,12,AR1 alpha + Basic + One-Step,NASDAQ:CRUS,0.0
2021-09-24,12,AR1 alpha + Basic + One-Step,NASDAQ:CRUS,0.0
2021-09-27,12,AR1 alpha + Basic + One-Step,NASDAQ:CRUS,0.0
2021-09-28,12,AR1 alpha + Basic + One-Step,NASDAQ:CRUS,0.0
2021-09-29,12,AR1 alpha + Basic + One-Step,NASDAQ:CRUS,0.0
2021-09-30,12,AR1 alpha + Basic + One-Step,NASDAQ:CRUS,0.0
2021-10-01,12,AR1 alpha + Basic + One-Step,NASDAQ:CRUS,0.0
2021-10-04,12,AR1 alpha + Basic + One-Step,NASDAQ:CRUS,0.0
2021-10-05,12,AR1 alpha + Basic + One-Step,NASDAQ:CRUS,0.0
2021-10-06,12,AR1 alpha + Basic + One-Step,NASDAQ:CRUS,2.1557471198776181e-07
2021-10-07,12,AR1 alpha + Basic + One-Step,NASDAQ:CRUS,0.0
2021-10-08,12,AR1 alpha + Basic + One-Step,NASDAQ:CRUS,0.0
2021-10-11,12,AR1 alpha + Basic + One-Step,NASDAQ:CRUS,0.0
2021-10-12,12,AR1 alpha + Basic + One-Step,NASDAQ:CRUS,0.0
2021-10-13,12,AR1 alpha + Basic + One-Step,NASDAQ:CRUS,0.0
2021-10-14,12,AR1 alpha + Basic + One-Step,NASDAQ:CRUS,0.0
2021-10-15,12,AR1 alpha + Basic + One-Step,NASDAQ:CRUS,0.0
2021-10-18,12,AR1 alpha + Basic + One-Step,NASDAQ:CRUS,0.0
2021-10-19,12,AR1 alpha + Basic + One-Step,NASDAQ:CRUS,0.0
2021-10-20,12,AR1 alpha + Basic + One-Step,NASDAQ:CRUS,0.0
2021-10-21,12,AR1 alpha + Basic + One-Step,NASDAQ:CRUS,0.0
2021-10-22,12,AR1 alpha + Basic + One-Step,NASDAQ:CRUS,0.0
2021-10-25,12,AR1 alpha + Basic + One-Step,NASDAQ:CRUS,0.0
2021-10-26,12,AR1 alpha + Basic + One-Step,NASDAQ:CRUS,0.0
2021-10-27,12,AR1 alpha + Basic + One-Step,NASDAQ:CRUS,0.0
2021-10-28,12,AR1 alpha + Basic + One-Step,NASDAQ:CRUS,0.0
2021-10-29,12,AR1 alpha + Basic + One-Step,NASDAQ:CRUS,0.0
2021-11-01,12,AR1 alpha + Basic + One-Step,NASDAQ:CRUS,2.3414865186356292e-07
2021-11-02,12,AR1 alpha + Basic + One-Step,NASDAQ:CRUS,0.0
2021-11-03,12,AR1 alpha + Basic + One-Step,NASDAQ:CRUS,0.0
2021-11-04,12,AR1 alpha + Basic + One-Step,NASDAQ:CRUS,0.0
2021-11-05,12,AR1 alpha + Basic + One-Step,NASDAQ:CRUS,0.0
2021-11-08,12,AR1 alpha + Basic + One-Step,NASDAQ:CRUS,0.0
2021-11-09,12,AR1 alpha + Basic + One-Step,NASDAQ:CRUS,2.6325583389636352e-09
2021-11-10,12,AR1 alpha + Basic + One-Step,NASDAQ:CRUS,7.45969917312437e-08
2021-11-11,12,AR1 alpha + Basic + One-Step,NASDAQ:CRUS,0.0
2021-11-12,12,AR1 alpha + Basic + One-Step,NASDAQ:CRUS,0.0
2021-11-15,12,AR1 alpha + Basic + One-Step,NASDAQ:CRUS,0.0
2021-11-16,12,AR1 alpha + Basic + One-Step,NASDAQ:CRUS,0.0
2021-11-17,12,AR1 alpha + Basic + One-Step,NASDAQ:CRUS,0.0
2021-11-18,12,AR1 alpha + Basic + One-Step,NASDAQ:CRUS,0.0
2021-11-19,12,AR1 alpha + Basic + One-Step,NASDAQ:CRUS,0.0
2021-11-22,12,AR1 alpha + Basic + One-Step,NASDAQ:CRUS,0.0
2021-11-23,12,AR1 alpha + Basic + One-Step,NASDAQ:CRUS,0.0
2021-11-24,12,AR1 alpha + Basic + One-Step,NASDAQ:CRUS,0.0
2021-11-26,12,AR1 alpha + Basic + One-Step,NASDAQ:CRUS,0.0
2021-11-29,12,AR1 alpha + Basic + One-Step,NASDAQ:CRUS,0.0
2021-11-30,12,AR1 alpha + Basic + One-Step,NASDAQ:CRUS,0.0
2021-12-01,12,AR1 alpha + Basic + One-Step,NASDAQ:CRUS,0.0
2021-12-02,12,AR1 alpha + Basic + One-Step,NASDAQ:CRUS,0.0
2021-12-03,12,AR1 alpha + Basic + One-Step,NASDAQ:CRUS,4.057988967435907e-09
2021-12-06,12,AR1 alpha + Basic + One-Step,NASDAQ:CRUS,0.0
2021-12-07,12,AR1 alpha + Basic + One-Step,NASDAQ:CRUS,0.0
2021-12-08,12,AR1 alpha + Basic + One-Step,NASDAQ:CRUS,0.0
2021-12-09,12,AR1 alpha + Basic + One-Step,NASDAQ:CRUS,0.0
2021-12-10,12,AR1 alpha + Basic + One-Step,NASDAQ:CRUS,0.0
2021-12-13,12,AR1 alpha + Basic + One-Step,NASDAQ:CRUS,0.0
2021-12-14,12,AR1 alpha + Basic + One-Step,NASDAQ:CRUS,6.400068950722509e-09
2021-12-15,12,AR1 alpha + Basic + One-Step,NASDAQ:CRUS,0.0
2021-12-16,12,AR1 alpha + Basic + One-Step,NASDAQ:CRUS,0.0
2021-12-17,12,AR1 alpha + Basic + One-Step,NASDAQ:CRUS,0.0
2021-12-20,12,AR1 alpha + Basic + One-Step,NASDAQ:CRUS,0.0
2021-12-21,12,AR1 alpha + Basic + One-Step,NASDAQ:CRUS,0.0
2021-12-22,12,AR1 alpha + Basic + One-Step,NASDAQ:CRUS,2.1217328086808853e-07
2021-12-23,12,AR1 alpha + Basic + One-Step,NASDAQ:CRUS,0.0
2021-12-27,12,AR1 alpha + Basic + One-Step,NASDAQ:CRUS,0.0
2021-12-28,12,AR1 alpha + Basic + One-Step,NASDAQ:CRUS,0.0
2021-12-29,12,AR1 alpha + Basic + One-Step,NASDAQ:CRUS,0.0
2021-12-30,12,AR1 alpha + Basic + One-Step,NASDAQ:CRUS,6.320015465045737e-07
2021-12-31,12,AR1 alpha + Basic + One-Step,NASDAQ:CRUS,2.2678070540614794e-07
2022-01-03,12,AR1 alpha + Basic + One-Step,NASDAQ:CRUS,2.4379516851630475e-07
2022-01-04,12,AR1 alpha + Basic + One-Step,NASDAQ:CRUS,0.0
2022-01-05,12,AR1 alpha + Basic + One-Step,NASDAQ:CRUS,0.0
2022-01-06,12,AR1 alpha + Basic + One-Step,NASDAQ:CRUS,0.0
2022-01-07,12,AR1 alpha + Basic + One-Step,NASDAQ:CRUS,5.7235014443093014e-08
2022-01-10,12,AR1 alpha + Basic + One-Step,NASDAQ:CRUS,0.0
2022-01-11,12,AR1 alpha + Basic + One-Step,NASDAQ:CRUS,0.0
2022-01-12,12,AR1 alpha + Basic + One-Step,NASDAQ:CRUS,0.0
2022-01-13,12,AR1 alpha + Basic + One-Step,NASDAQ:CRUS,1.521599395877615e-06
2022-01-14,12,AR1 alpha + Basic + One-Step,NASDAQ:CRUS,0.0
2022-01-18,12,AR1 alpha + Basic + One-Step,NASDAQ:CRUS,0.0
2022-01-19,12,AR1 alpha + Basic + One-Step,NASDAQ:CRUS,0.0
2022-01-20,12,AR1 alpha + Basic + One-Step,NASDAQ:CRUS,0.0
2022-01-21,12,AR1 alpha + Basic + One-Step,NASDAQ:CRUS,3.4459608182530007e-07
2022-01-24,12,AR1 alpha + Basic + One-Step,NASDAQ:CRUS,0.0
2022-01-25,12,AR1 alpha + Basic + One-Step,NASDAQ:CRUS,0.0
2022-01-26,12,AR1 alpha + Basic + One-Step,NASDAQ:CRUS,1.4662642480664816e-08
2022-01-27,12,AR1 alpha + Basic + One-Step,NASDAQ:CRUS,0.0
2022-01-28,12,AR1 alpha + Basic + One-Step,NASDAQ:CRUS,0.0
2022-01-31,12,AR1 alpha + Basic + One-Step,NASDAQ:CRUS,0.0
2022-02-01,12,AR1 alpha + Basic + One-Step,NASDAQ:CRUS,0.0
2022-02-02,12,AR1 alpha + Basic + One-Step,NASDAQ:CRUS,0.0
2022-02-03,12,AR1 alpha + Basic + One-Step,NASDAQ:CRUS,0.0
2022-02-04,12,AR1 alpha + Basic + One-Step,NASDAQ:CRUS,7.820756203101473e-08
2022-02-07,12,AR1 alpha + Basic + One-Step,NASDAQ:CRUS,2.2742845689414683e-07
2022-02-08,12,AR1 alpha + Basic + One-Step,NASDAQ:CRUS,1.3541378792295037e-06
2022-02-09,12,AR1 alpha + Basic + One-Step,NASDAQ:CRUS,0.0
2022-02-10,12,AR1 alpha + Basic + One-Step,NASDAQ:CRUS,0.0
2022-02-11,12,AR1 alpha + Basic + One-Step,NASDAQ:CRUS,4.917176643164551e-08
2022-02-14,12,AR1 alpha + Basic + One-Step,NASDAQ:CRUS,0.0
2022-02-15,12,AR1 alpha + Basic + One-Step,NASDAQ:CRUS,0.0
2022-02-16,12,AR1 alpha + Basic + One-Step,NASDAQ:CRUS,0.0
2022-02-17,12,AR1 alpha + Basic + One-Step,NASDAQ:CRUS,0.0
2022-02-18,12,AR1 alpha + Basic + One-Step,NASDAQ:CRUS,2.3261377526562432e-07
2022-02-22,12,AR1 alpha + Basic + One-Step,NASDAQ:CRUS,1.15651613397675e-07
2022-02-23,12,AR1 alpha + Basic + One-Step,NASDAQ:CRUS,0.0
2022-02-24,12,AR1 alpha + Basic + One-Step,NASDAQ:CRUS,0.0
2022-02-25,12,AR1 alpha + Basic + One-Step,NASDAQ:CRUS,0.0
2022-02-28,12,AR1 alpha + Basic + One-Step,NASDAQ:CRUS,0.0
2022-03-01,12,AR1 alpha + Basic + One-Step,NASDAQ:CRUS,3.878837968624223e-08
2022-03-02,12,AR1 alpha + Basic + One-Step,NASDAQ:CRUS,0.0
2022-03-03,12,AR1 alpha + Basic + One-Step,NASDAQ:CRUS,0.0
2022-03-04,12,AR1 alpha + Basic + One-Step,NASDAQ:CRUS,0.0
2022-03-07,12,AR1 alpha + Basic + One-Step,NASDAQ:CRUS,0.035232197647147606
2022-03-08,12,AR1 alpha + Basic + One-Step,NASDAQ:CRUS,2.8980502271980416e-06
2022-03-09,12,AR1 alpha + Basic + One-Step,NASDAQ:CRUS,0.0
2022-03-10,12,AR1 alpha + Basic + One-Step,NASDAQ:CRUS,0.0
2022-03-11,12,AR1 alpha + Basic + One-Step,NASDAQ:CRUS,0.0
2022-03-14,12,AR1 alpha + Basic + One-Step,NASDAQ:CRUS,0.0
2022-03-15,12,AR1 alpha + Basic + One-Step,NASDAQ:CRUS,0.0
2022-03-16,12,AR1 alpha + Basic + One-Step,NASDAQ:CRUS,0.0
2022-03-17,12,AR1 alpha + Basic + One-Step,NASDAQ:CRUS,0.0
2022-03-18,12,AR1 alpha + Basic + One-Step,NASDAQ:CRUS,0.0
2022-03-21,12,AR1 alpha + Basic + One-Step,NASDAQ:CRUS,0.0
2022-03-22,12,AR1 alpha + Basic + One-Step,NASDAQ:CRUS,0.0
2022-03-23,12,AR1 alpha + Basic + One-Step,NASDAQ:CRUS,0.0
2022-03-24,12,AR1 alpha + Basic + One-Step,NASDAQ:CRUS,4.875898018363993e-08
2022-03-25,12,AR1 alpha + Basic + One-Step,NASDAQ:CRUS,0.0
2022-03-28,12,AR1 alpha + Basic + One-Step,NASDAQ:CRUS,0.0
2022-03-29,12,AR1 alpha + Basic + One-Step,NASDAQ:CRUS,0.0
2022-03-30,12,AR1 alpha + Basic + One-Step,NASDAQ:CRUS,0.0
2022-03-31,12,AR1 alpha + Basic + One-Step,NASDAQ:CRUS,0.0
2022-04-01,12,AR1 alpha + Basic + One-Step,NASDAQ:CRUS,0.0
2022-04-04,12,AR1 alpha + Basic + One-Step,NASDAQ:CRUS,0.0
2022-04-05,12,AR1 alpha + Basic + One-Step,NASDAQ:CRUS,0.0
2022-04-06,12,AR1 alpha + Basic + One-Step,NASDAQ:CRUS,0.0
2022-04-07,12,AR1 alpha + Basic + One-Step,NASDAQ:CRUS,5.438101113013721e-09
2022-04-08,12,AR1 alpha + Basic + One-Step,NASDAQ:CRUS,0.0
2022-04-11,12,AR1 alpha + Basic + One-Step,NASDAQ:CRUS,0.0
2022-04-12,12,AR1 alpha + Basic + One-Step,NASDAQ:CRUS,0.0
2022-04-13,12,AR1 alpha + Basic + One-Step,NASDAQ:CRUS,3.259884375659052e-07
2022-04-14,12,AR1 alpha + Basic + One-Step,NASDAQ:CRUS,1.48033515401398e-08
2022-04-18,12,AR1 alpha + Basic + One-Step,NASDAQ:CRUS,0.0
2022-04-19,12,AR1 alpha + Basic + One-Step,NASDAQ:CRUS,0.0
2022-04-20,12,AR1 alpha + Basic + One-Step,NASDAQ:CRUS,8.355034622875419e-08
2022-04-21,12,AR1 alpha + Basic + One-Step,NASDAQ:CRUS,0.0
2022-04-22,12,AR1 alpha + Basic + One-Step,NASDAQ:CRUS,0.0
2022-04-25,12,AR1 alpha + Basic + One-Step,NASDAQ:CRUS,0.0
2022-04-26,12,AR1 alpha + Basic + One-Step,NASDAQ:CRUS,0.0
2022-04-27,12,AR1 alpha + Basic + One-Step,NASDAQ:CRUS,0.0
2022-04-28,12,AR1 alpha + Basic + One-Step,NASDAQ:CRUS,0.0
2022-04-29,12,AR1 alpha + Basic + One-Step,NASDAQ:CRUS,0.0
2022-05-02,12,AR1 alpha + Basic + One-Step,NASDAQ:CRUS,0.0
2022-05-03,12,AR1 alpha + Basic + One-Step,NASDAQ:CRUS,0.0
2022-05-04,12,AR1 alpha + Basic + One-Step,NASDAQ:CRUS,7.092065078806465e-07
2022-05-05,12,AR1 alpha + Basic + One-Step,NASDAQ:CRUS,0.0
2022-05-06,12,AR1 alpha + Basic + One-Step,NASDAQ:CRUS,6.2874783464645264e-09
2022-05-09,12,AR1 alpha + Basic + One-Step,NASDAQ:CRUS,0.0
2022-05-10,12,AR1 alpha + Basic + One-Step,NASDAQ:CRUS,2.3001436531159683e-07
2022-05-11,12,AR1 alpha + Basic + One-Step,NASDAQ:CRUS,0.0
2022-05-12,12,AR1 alpha + Basic + One-Step,NASDAQ:CRUS,2.452654319138588e-08
2022-05-13,12,AR1 alpha + Basic + One-Step,NASDAQ:CRUS,0.0
2022-05-16,12,AR1 alpha + Basic + One-Step,NASDAQ:CRUS,5.177203610064974e-07
2022-05-17,12,AR1 alpha + Basic + One-Step,NASDAQ:CRUS,2.805890242867433e-08
2022-05-18,12,AR1 alpha + Basic + One-Step,NASDAQ:CRUS,6.153678047160595e-07
2022-05-19,12,AR1 alpha + Basic + One-Step,NASDAQ:CRUS,0.0
2022-05-20,12,AR1 alpha + Basic + One-Step,NASDAQ:CRUS,0.0
2022-05-23,12,AR1 alpha + Basic + One-Step,NASDAQ:CRUS,1.806041931474824e-07
2022-05-24,12,AR1 alpha + Basic + One-Step,NASDAQ:CRUS,0.0
2022-05-25,12,AR1 alpha + Basic + One-Step,NASDAQ:CRUS,1.9071467930328147e-07
2022-05-26,12,AR1 alpha + Basic + One-Step,NASDAQ:CRUS,0.0
2022-05-27,12,AR1 alpha + Basic + One-Step,NASDAQ:CRUS,3.5734541866356494e-09
2022-05-31,12,AR1 alpha + Basic + One-Step,NASDAQ:CRUS,0.0
2022-06-01,12,AR1 alpha + Basic + One-Step,NASDAQ:CRUS,0.0
2022-06-02,12,AR1 alpha + Basic + One-Step,NASDAQ:CRUS,0.0
2022-06-03,12,AR1 alpha + Basic + One-Step,NASDAQ:CRUS,0.0
2022-06-06,12,AR1 alpha + Basic + One-Step,NASDAQ:CRUS,1.2852799490569382e-07
2022-06-07,12,AR1 alpha + Basic + One-Step,NASDAQ:CRUS,0.0
2022-06-08,12,AR1 alpha + Basic + One-Step,NASDAQ:CRUS,3.4140985708155826e-07
2022-06-09,12,AR1 alpha + Basic + One-Step,NASDAQ:CRUS,0.02641630006304956
2022-06-10,12,AR1 alpha + Basic + One-Step,NASDAQ:CRUS,0.10000007231217047
2022-06-13,12,AR1 alpha + Basic + One-Step,NASDAQ:CRUS,0.10000036901767988
2022-06-14,12,AR1 alpha + Basic + One-Step,NASDAQ:CRUS,0.10000020992167065
2022-06-15,12,AR1 alpha + Basic + One-Step,NASDAQ:CRUS,0.07381022975418654
2022-06-16,12,AR1 alpha + Basic + One-Step,NASDAQ:CRUS,0.09999918320215172
2022-06-17,12,AR1 alpha + Basic + One-Step,NASDAQ:CRUS,0.09999941654417344
2022-06-21,12,AR1 alpha + Basic + One-Step,NASDAQ:CRUS,0.043613282195779236
2022-06-22,12,AR1 alpha + Basic + One-Step,NASDAQ:CRUS,0.048368481682521516
2022-06-23,12,AR1 alpha + Basic + One-Step,NASDAQ:CRUS,0.05258637483058864
2022-06-24,12,AR1 alpha + Basic + One-Step,NASDAQ:CRUS,0.0
2022-06-27,12,AR1 alpha + Basic + One-Step,NASDAQ:CRUS,0.0
2022-06-28,12,AR1 alpha + Basic + One-Step,NASDAQ:CRUS,0.0
2022-06-29,12,AR1 alpha + Basic + One-Step,NASDAQ:CRUS,0.0
2022-06-30,12,AR1 alpha + Basic + One-Step,NASDAQ:CRUS,0.0
2022-07-01,12,AR1 alpha + Basic + One-Step,NASDAQ:CRUS,0.0
2022-07-05,12,AR1 alpha + Basic + One-Step,NASDAQ:CRUS,0.0
2022-07-06,12,AR1 alpha + Basic + One-Step,NASDAQ:CRUS,0.0
2022-07-07,12,AR1 alpha + Basic + One-Step,NASDAQ:CRUS,0.0
2022-07-08,12,AR1 alpha + Basic + One-Step,NASDAQ:CRUS,0.0
2022-07-11,12,AR1 alpha + Basic + One-Step,NASDAQ:CRUS,0.0
2022-07-12,12,AR1 alpha + Basic + One-Step,NASDAQ:CRUS,2.8690252667526426e-07
2022-07-13,12,AR1 alpha + Basic + One-Step,NASDAQ:CRUS,5.485884862682174e-07
2022-07-14,12,AR1 alpha + Basic + One-Step,NASDAQ:CRUS,0.0
2022-07-15,12,AR1 alpha + Basic + One-Step,NASDAQ:CRUS,0.0
2022-07-18,12,AR1 alpha + Basic + One-Step,NASDAQ:CRUS,2.6143694670032635e-09
2022-07-19,12,AR1 alpha + Basic + One-Step,NASDAQ:CRUS,0.0
2022-07-20,12,AR1 alpha + Basic + One-Step,NASDAQ:CRUS,1.230295242468694e-08
2022-07-21,12,AR1 alpha + Basic + One-Step,NASDAQ:CRUS,4.777157936818097e-08
2022-07-22,12,AR1 alpha + Basic + One-Step,NASDAQ:CRUS,0.0
2022-07-25,12,AR1 alpha + Basic + One-Step,NASDAQ:CRUS,0.0
2022-07-26,12,AR1 alpha + Basic + One-Step,NASDAQ:CRUS,0.0
2022-07-27,12,AR1 alpha + Basic + One-Step,NASDAQ:CRUS,0.0
2022-07-28,12,AR1 alpha + Basic + One-Step,NASDAQ:CRUS,0.0
2022-07-29,12,AR1 alpha + Basic + One-Step,NASDAQ:CRUS,0.0
2022-08-01,12,AR1 alpha + Basic + One-Step,NASDAQ:CRUS,0.0
2022-08-02,12,AR1 alpha + Basic + One-Step,NASDAQ:CRUS,0.0
2022-08-03,12,AR1 alpha + Basic + One-Step,NASDAQ:CRUS,0.0
2022-08-04,12,AR1 alpha + Basic + One-Step,NASDAQ:CRUS,0.0
2022-08-05,12,AR1 alpha + Basic + One-Step,NASDAQ:CRUS,0.0
2022-08-08,12,AR1 alpha + Basic + One-Step,NASDAQ:CRUS,0.0
2022-08-09,12,AR1 alpha + Basic + One-Step,NASDAQ:CRUS,0.0
2022-08-10,12,AR1 alpha + Basic + One-Step,NASDAQ:CRUS,0.0
2022-08-11,12,AR1 alpha + Basic + One-Step,NASDAQ:CRUS,0.0
2022-08-12,12,AR1 alpha + Basic + One-Step,NASDAQ:CRUS,0.0
2022-08-15,12,AR1 alpha + Basic + One-Step,NASDAQ:CRUS,0.0
2022-08-16,12,AR1 alpha + Basic + One-Step,NASDAQ:CRUS,0.0
2022-08-17,12,AR1 alpha + Basic + One-Step,NASDAQ:CRUS,0.0
2022-08-18,12,AR1 alpha + Basic + One-Step,NASDAQ:CRUS,0.0
2022-08-19,12,AR1 alpha + Basic + One-Step,NASDAQ:CRUS,0.0
2022-08-22,12,AR1 alpha + Basic + One-Step,NASDAQ:CRUS,0.0
2022-08-23,12,AR1 alpha + Basic + One-Step,NASDAQ:CRUS,0.0
2022-08-24,12,AR1 alpha + Basic + One-Step,NASDAQ:CRUS,1.5259939171687722e-07
2022-08-25,12,AR1 alpha + Basic + One-Step,NASDAQ:CRUS,0.0
2022-08-26,12,AR1 alpha + Basic + One-Step,NASDAQ:CRUS,0.0
2022-08-29,12,AR1 alpha + Basic + One-Step,NASDAQ:CRUS,0.0
2022-08-30,12,AR1 alpha + Basic + One-Step,NASDAQ:CRUS,0.09999546783642918
2022-08-31,12,AR1 alpha + Basic + One-Step,NASDAQ:CRUS,0.09999497053258992
2022-09-01,12,AR1 alpha + Basic + One-Step,NASDAQ:CRUS,0.09999786681314261
2022-09-02,12,AR1 alpha + Basic + One-Step,NASDAQ:CRUS,0.0999979932738615
2022-09-06,12,AR1 alpha + Basic + One-Step,NASDAQ:CRUS,0.09999825270655784
2022-09-07,12,AR1 alpha + Basic + One-Step,NASDAQ:CRUS,0.0
2022-09-08,12,AR1 alpha + Basic + One-Step,NASDAQ:CRUS,4.98579736557379e-07
2022-09-09,12,AR1 alpha + Basic + One-Step,NASDAQ:CRUS,0.0
2022-09-12,12,AR1 alpha + Basic + One-Step,NASDAQ:CRUS,0.0
2022-09-13,12,AR1 alpha + Basic + One-Step,NASDAQ:CRUS,2.1079415082638185e-07
2022-09-14,12,AR1 alpha + Basic + One-Step,NASDAQ:CRUS,2.54842406964834e-07
2022-09-15,12,AR1 alpha + Basic + One-Step,NASDAQ:CRUS,0.0
2022-09-16,12,AR1 alpha + Basic + One-Step,NASDAQ:CRUS,7.395236881178192e-08
2022-09-19,12,AR1 alpha + Basic + One-Step,NASDAQ:CRUS,0.0
2022-09-20,12,AR1 alpha + Basic + One-Step,NASDAQ:CRUS,0.0
2022-09-21,12,AR1 alpha + Basic + One-Step,NASDAQ:CRUS,0.0
2022-09-22,12,AR1 alpha + Basic + One-Step,NASDAQ:CRUS,0.0
2022-09-23,12,AR1 alpha + Basic + One-Step,NASDAQ:CRUS,0.0
2022-09-26,12,AR1 alpha + Basic + One-Step,NASDAQ:CRUS,6.316685843247415e-09
2022-09-27,12,AR1 alpha + Basic + One-Step,NASDAQ:CRUS,0.0
2022-09-28,12,AR1 alpha + Basic + One-Step,NASDAQ:CRUS,0.0
2022-09-29,12,AR1 alpha + Basic + One-Step,NASDAQ:CRUS,0.0
2022-09-30,12,AR1 alpha + Basic + One-Step,NASDAQ:CRUS,0.0
2022-10-03,12,AR1 alpha + Basic + One-Step,NASDAQ:CRUS,0.0
2022-10-04,12,AR1 alpha + Basic + One-Step,NASDAQ:CRUS,0.0
2022-10-05,12,AR1 alpha + Basic + One-Step,NASDAQ:CRUS,2.1180805718947603e-08
2022-10-06,12,AR1 alpha + Basic + One-Step,NASDAQ:CRUS,0.0
2022-10-07,12,AR1 alpha + Basic + One-Step,NASDAQ:CRUS,0.0
2022-10-10,12,AR1 alpha + Basic + One-Step,NASDAQ:CRUS,0.0
2022-10-11,12,AR1 alpha + Basic + One-Step,NASDAQ:CRUS,8.301691807485609e-08
2022-10-12,12,AR1 alpha + Basic + One-Step,NASDAQ:CRUS,3.685629631185069e-08
2022-10-13,12,AR1 alpha + Basic + One-Step,NASDAQ:CRUS,3.026202613395387e-07
2022-10-14,12,AR1 alpha + Basic + One-Step,NASDAQ:CRUS,3.042063962753939e-07
2022-10-17,12,AR1 alpha + Basic + One-Step,NASDAQ:CRUS,0.0
2022-10-18,12,AR1 alpha + Basic + One-Step,NASDAQ:CRUS,0.0
2022-10-19,12,AR1 alpha + Basic + One-Step,NASDAQ:CRUS,3.785049507688175e-09
2022-10-20,12,AR1 alpha + Basic + One-Step,NASDAQ:CRUS,0.0
2022-10-21,12,AR1 alpha + Basic + One-Step,NASDAQ:CRUS,7.480941911744418e-09
2022-10-24,12,AR1 alpha + Basic + One-Step,NASDAQ:CRUS,0.0
2022-10-25,12,AR1 alpha + Basic + One-Step,NASDAQ:CRUS,0.0
2022-10-26,12,AR1 alpha + Basic + One-Step,NASDAQ:CRUS,0.0
2022-10-27,12,AR1 alpha + Basic + One-Step,NASDAQ:CRUS,0.0
2022-10-28,12,AR1 alpha + Basic + One-Step,NASDAQ:CRUS,0.0
2022-10-31,12,AR1 alpha + Basic + One-Step,NASDAQ:CRUS,0.0
2022-11-01,12,AR1 alpha + Basic + One-Step,NASDAQ:CRUS,0.0
2022-11-02,12,AR1 alpha + Basic + One-Step,NASDAQ:CRUS,4.904586853185656e-07
2022-11-03,12,AR1 alpha + Basic + One-Step,NASDAQ:CRUS,1.1413691846872576e-06
2022-11-04,12,AR1 alpha + Basic + One-Step,NASDAQ:CRUS,7.220915103512221e-07
2022-11-07,12,AR1 alpha + Basic + One-Step,NASDAQ:CRUS,9.780446073777241e-08
2022-11-08,12,AR1 alpha + Basic + One-Step,NASDAQ:CRUS,0.0
2022-11-09,12,AR1 alpha + Basic + One-Step,NASDAQ:CRUS,0.0
2022-11-10,12,AR1 alpha + Basic + One-Step,NASDAQ:CRUS,0.0
2022-11-11,12,AR1 alpha + Basic + One-Step,NASDAQ:CRUS,1.9532454943553657e-07
2022-11-14,12,AR1 alpha + Basic + One-Step,NASDAQ:CRUS,0.0
2022-11-15,12,AR1 alpha + Basic + One-Step,NASDAQ:CRUS,0.0
2022-11-16,12,AR1 alpha + Basic + One-Step,NASDAQ:CRUS,0.0
2022-11-17,12,AR1 alpha + Basic + One-Step,NASDAQ:CRUS,0.0
2022-11-18,12,AR1 alpha + Basic + One-Step,NASDAQ:CRUS,3.450301915904418e-07
2022-11-21,12,AR1 alpha + Basic + One-Step,NASDAQ:CRUS,4.417133886946611e-07
2022-11-22,12,AR1 alpha + Basic + One-Step,NASDAQ:CRUS,7.716959666292554e-08
2022-11-23,12,AR1 alpha + Basic + One-Step,NASDAQ:CRUS,0.0
2022-11-25,12,AR1 alpha + Basic + One-Step,NASDAQ:CRUS,0.0
2022-11-28,12,AR1 alpha + Basic + One-Step,NASDAQ:CRUS,0.0
2022-11-29,12,AR1 alpha + Basic + One-Step,NASDAQ:CRUS,0.009886792857320999
2022-11-30,12,AR1 alpha + Basic + One-Step,NASDAQ:CRUS,0.0
2022-12-01,12,AR1 alpha + Basic + One-Step,NASDAQ:CRUS,0.0
2022-12-02,12,AR1 alpha + Basic + One-Step,NASDAQ:CRUS,0.0
2022-12-05,12,AR1 alpha + Basic + One-Step,NASDAQ:CRUS,0.0
2022-12-06,12,AR1 alpha + Basic + One-Step,NASDAQ:CRUS,0.0
2022-12-07,12,AR1 alpha + Basic + One-Step,NASDAQ:CRUS,0.0
2022-12-08,12,AR1 alpha + Basic + One-Step,NASDAQ:CRUS,0.0
2022-12-09,12,AR1 alpha + Basic + One-Step,NASDAQ:CRUS,0.0
2022-12-12,12,AR1 alpha + Basic + One-Step,NASDAQ:CRUS,1.5785826778062142e-08
2022-12-13,12,AR1 alpha + Basic + One-Step,NASDAQ:CRUS,2.165668760423833e-07
2022-12-14,12,AR1 alpha + Basic + One-Step,NASDAQ:CRUS,8.375562678308932e-08
2022-12-15,12,AR1 alpha + Basic + One-Step,NASDAQ:CRUS,0.0
2022-12-16,12,AR1 alpha + Basic + One-Step,NASDAQ:CRUS,0.0
2022-12-19,12,AR1 alpha + Basic + One-Step,NASDAQ:CRUS,0.0
2022-12-20,12,AR1 alpha + Basic + One-Step,NASDAQ:CRUS,0.0
2022-12-21,12,AR1 alpha + Basic + One-Step,NASDAQ:CRUS,0.0
2022-12-22,12,AR1 alpha + Basic + One-Step,NASDAQ:CRUS,0.0
2022-12-23,12,AR1 alpha + Basic + One-Step,NASDAQ:CRUS,0.0
2022-12-27,12,AR1 alpha + Basic + One-Step,NASDAQ:CRUS,2.3905276896093235e-07
2022-12-28,12,AR1 alpha + Basic + One-Step,NASDAQ:CRUS,0.0
2022-12-29,12,AR1 alpha + Basic + One-Step,NASDAQ:CRUS,9.047646569431239e-09
2022-12-30,12,AR1 alpha + Basic + One-Step,NASDAQ:CRUS,0.0
2023-01-03,12,AR1 alpha + Basic + One-Step,NASDAQ:CRUS,1.1975112024574285e-07
2023-01-04,12,AR1 alpha + Basic + One-Step,NASDAQ:CRUS,0.0
2023-01-05,12,AR1 alpha + Basic + One-Step,NASDAQ:CRUS,0.0
2023-01-06,12,AR1 alpha + Basic + One-Step,NASDAQ:CRUS,0.0
2023-01-09,12,AR1 alpha + Basic + One-Step,NASDAQ:CRUS,0.0
2023-01-10,12,AR1 alpha + Basic + One-Step,NASDAQ:CRUS,0.0
2023-01-11,12,AR1 alpha + Basic + One-Step,NASDAQ:CRUS,1.6503516435680556e-08
2023-01-12,12,AR1 alpha + Basic + One-Step,NASDAQ:CRUS,0.0
2023-01-13,12,AR1 alpha + Basic + One-Step,NASDAQ:CRUS,1.1550174714514823e-08
2023-01-17,12,AR1 alpha + Basic + One-Step,NASDAQ:CRUS,0.0
2023-01-18,12,AR1 alpha + Basic + One-Step,NASDAQ:CRUS,0.0
2023-01-19,12,AR1 alpha + Basic + One-Step,NASDAQ:CRUS,0.0
2023-01-20,12,AR1 alpha + Basic + One-Step,NASDAQ:CRUS,0.0
2023-01-23,12,AR1 alpha + Basic + One-Step,NASDAQ:CRUS,0.0
2023-01-24,12,AR1 alpha + Basic + One-Step,NASDAQ:CRUS,0.0
2023-01-25,12,AR1 alpha + Basic + One-Step,NASDAQ:CRUS,0.0
2023-01-26,12,AR1 alpha + Basic + One-Step,NASDAQ:CRUS,0.0
2023-01-27,12,AR1 alpha + Basic + One-Step,NASDAQ:CRUS,0.0
2023-01-30,12,AR1 alpha + Basic + One-Step,NASDAQ:CRUS,0.0
2023-01-31,12,AR1 alpha + Basic + One-Step,NASDAQ:CRUS,0.0
2023-02-01,12,AR1 alpha + Basic + One-Step,NASDAQ:CRUS,0.0
2023-02-02,12,AR1 alpha + Basic + One-Step,NASDAQ:CRUS,7.893863932974023e-07
2023-02-03,12,AR1 alpha + Basic + One-Step,NASDAQ:CRUS,1.322950915517845e-07
2023-02-06,12,AR1 alpha + Basic + One-Step,NASDAQ:CRUS,0.0
2023-02-07,12,AR1 alpha + Basic + One-Step,NASDAQ:CRUS,0.0
2023-02-08,12,AR1 alpha + Basic + One-Step,NASDAQ:CRUS,0.0
2023-02-09,12,AR1 alpha + Basic + One-Step,NASDAQ:CRUS,0.0
2023-02-10,12,AR1 alpha + Basic + One-Step,NASDAQ:CRUS,0.0
2023-02-13,12,AR1 alpha + Basic + One-Step,NASDAQ:CRUS,0.0
2023-02-14,12,AR1 alpha + Basic + One-Step,NASDAQ:CRUS,0.0
2023-02-15,12,AR1 alpha + Basic + One-Step,NASDAQ:CRUS,0.018589888019274223
2023-02-16,12,AR1 alpha + Basic + One-Step,NASDAQ:CRUS,0.02522526925511362
2023-02-17,12,AR1 alpha + Basic + One-Step,NASDAQ:CRUS,0.0999997957120649
2023-02-21,12,AR1 alpha + Basic + One-Step,NASDAQ:CRUS,0.08200864699804102
2023-02-22,12,AR1 alpha + Basic + One-Step,NASDAQ:CRUS,0.08145269997558603
2023-02-23,12,AR1 alpha + Basic + One-Step,NASDAQ:CRUS,0.09551554704552727
2023-02-24,12,AR1 alpha + Basic + One-Step,NASDAQ:CRUS,0.09999400175978101
2023-02-27,12,AR1 alpha + Basic + One-Step,NASDAQ:CRUS,0.09007342994049129
2023-02-28,12,AR1 alpha + Basic + One-Step,NASDAQ:CRUS,0.06524994955847041
2023-03-01,12,AR1 alpha + Basic + One-Step,NASDAQ:CRUS,0.03462221431549417
2023-03-02,12,AR1 alpha + Basic + One-Step,NASDAQ:CRUS,0.01709607584259163
2023-03-03,12,AR1 alpha + Basic + One-Step,NASDAQ:CRUS,0.030828359983982808
2023-03-06,12,AR1 alpha + Basic + One-Step,NASDAQ:CRUS,0.06822461851403422
2023-03-07,12,AR1 alpha + Basic + One-Step,NASDAQ:CRUS,0.07294181714993841
2023-03-08,12,AR1 alpha + Basic + One-Step,NASDAQ:CRUS,0.07652310718148908
2023-03-09,12,AR1 alpha + Basic + One-Step,NASDAQ:CRUS,0.08037315090611225
2023-03-10,12,AR1 alpha + Basic + One-Step,NASDAQ:CRUS,0.09067740061497442
2023-03-13,12,AR1 alpha + Basic + One-Step,NASDAQ:CRUS,0.1000007373544627
2023-03-14,12,AR1 alpha + Basic + One-Step,NASDAQ:CRUS,0.09999446154044399
2023-03-15,12,AR1 alpha + Basic + One-Step,NASDAQ:CRUS,0.09999670732006423
2023-03-16,12,AR1 alpha + Basic + One-Step,NASDAQ:CRUS,0.09999880619940092
2023-03-17,12,AR1 alpha + Basic + One-Step,NASDAQ:CRUS,0.09999912416527836
2023-03-20,12,AR1 alpha + Basic + One-Step,NASDAQ:CRUS,0.09999919037629444
2023-03-21,12,AR1 alpha + Basic + One-Step,NASDAQ:CRUS,0.09999959885139724
2023-03-22,12,AR1 alpha + Basic + One-Step,NASDAQ:CRUS,0.09999968776664472
2023-03-23,12,AR1 alpha + Basic + One-Step,NASDAQ:CRUS,0.09999986393705745
2023-03-24,12,AR1 alpha + Basic + One-Step,NASDAQ:CRUS,0.09999993271212375
2023-03-27,12,AR1 alpha + Basic + One-Step,NASDAQ:CRUS,0.09999675657886863
2023-03-28,12,AR1 alpha + Basic + One-Step,NASDAQ:CRUS,0.09999844143359746
2023-03-29,12,AR1 alpha + Basic + One-Step,NASDAQ:CRUS,0.0778821215455585
2023-03-30,12,AR1 alpha + Basic + One-Step,NASDAQ:CRUS,0.09004270995301868
2023-03-31,12,AR1 alpha + Basic + One-Step,NASDAQ:CRUS,0.08793920606933125
2023-04-03,12,AR1 alpha + Basic + One-Step,NASDAQ:CRUS,0.09999378189126129
2023-04-04,12,AR1 alpha + Basic + One-Step,NASDAQ:CRUS,0.09999264995519998
2023-04-05,12,AR1 alpha + Basic + One-Step,NASDAQ:CRUS,0.09999663198543657
2023-04-06,12,AR1 alpha + Basic + One-Step,NASDAQ:CRUS,0.09999874135403708
2023-04-10,12,AR1 alpha + Basic + One-Step,NASDAQ:CRUS,0.0999913756826688
2023-04-11,12,AR1 alpha + Basic + One-Step,NASDAQ:CRUS,0.09999609006486308
2023-04-12,12,AR1 alpha + Basic + One-Step,NASDAQ:CRUS,0.0999967166580955
2023-04-13,12,AR1 alpha + Basic + One-Step,NASDAQ:CRUS,0.09999866099947982
2023-04-14,12,AR1 alpha + Basic + One-Step,NASDAQ:CRUS,0.09999942202793277
2023-04-17,12,AR1 alpha + Basic + One-Step,NASDAQ:CRUS,0.0999997094749171
2023-04-18,12,AR1 alpha + Basic + One-Step,NASDAQ:CRUS,0.09999727545228627
2023-04-19,12,AR1 alpha + Basic + One-Step,NASDAQ:CRUS,0.09999891969068109
2023-04-20,12,AR1 alpha + Basic + One-Step,NASDAQ:CRUS,0.09999956039714071
2023-04-21,12,AR1 alpha + Basic + One-Step,NASDAQ:CRUS,0.09999989920132867
2023-04-24,12,AR1 alpha + Basic + One-Step,NASDAQ:CRUS,0.09999345454927758
2023-04-25,12,AR1 alpha + Basic + One-Step,NASDAQ:CRUS,0.09999306972469475
2023-04-26,12,AR1 alpha + Basic + One-Step,NASDAQ:CRUS,0.09999756904442303
2023-04-27,12,AR1 alpha + Basic + One-Step,NASDAQ:CRUS,0.0999988442488909
2023-04-28,12,AR1 alpha + Basic + One-Step,NASDAQ:CRUS,0.04811316658638363
2023-05-01,12,AR1 alpha + Basic + One-Step,NASDAQ:CRUS,0.032861879524525565
2023-05-02,12,AR1 alpha + Basic + One-Step,NASDAQ:CRUS,0.007625084885700058
2023-05-03,12,AR1 alpha + Basic + One-Step,NASDAQ:CRUS,0.010146062295804515
2023-05-04,12,AR1 alpha + Basic + One-Step,NASDAQ:CRUS,0.05178359836014667
2023-05-05,12,AR1 alpha + Basic + One-Step,NASDAQ:CRUS,0.0432350271269726
2023-05-08,12,AR1 alpha + Basic + One-Step,NASDAQ:CRUS,0.031101095433020063
2023-05-09,12,AR1 alpha + Basic + One-Step,NASDAQ:CRUS,0.0
2023-05-10,12,AR1 alpha + Basic + One-Step,NASDAQ:CRUS,3.325966896258329e-08
2023-05-11,12,AR1 alpha + Basic + One-Step,NASDAQ:CRUS,3.3098530965497225e-07
2023-05-12,12,AR1 alpha + Basic + One-Step,NASDAQ:CRUS,7.686427853551966e-07
2023-05-15,12,AR1 alpha + Basic + One-Step,NASDAQ:CRUS,3.77531890006503e-07
2023-05-16,12,AR1 alpha + Basic + One-Step,NASDAQ:CRUS,0.0
2023-05-17,12,AR1 alpha + Basic + One-Step,NASDAQ:CRUS,1.6057265528104197e-07
2023-05-18,12,AR1 alpha + Basic + One-Step,NASDAQ:CRUS,0.0
2023-05-19,12,AR1 alpha + Basic + One-Step,NASDAQ:CRUS,1.507665866842931e-09
2023-05-22,12,AR1 alpha + Basic + One-Step,NASDAQ:CRUS,0.0
2023-05-23,12,AR1 alpha + Basic + One-Step,NASDAQ:CRUS,0.0
2023-05-24,12,AR1 alpha + Basic + One-Step,NASDAQ:CRUS,0.0
2023-05-25,12,AR1 alpha + Basic + One-Step,NASDAQ:CRUS,0.0
2023-05-26,12,AR1 alpha + Basic + One-Step,NASDAQ:CRUS,0.0
2023-05-30,12,AR1 alpha + Basic + One-Step,NASDAQ:CRUS,0.0
2023-05-31,12,AR1 alpha + Basic + One-Step,NASDAQ:CRUS,0.0
2023-06-01,12,AR1 alpha + Basic + One-Step,NASDAQ:CRUS,0.0
2023-06-02,12,AR1 alpha + Basic + One-Step,NASDAQ:CRUS,0.0
2023-06-05,12,AR1 alpha + Basic + One-Step,NASDAQ:CRUS,0.0
2023-06-06,12,AR1 alpha + Basic + One-Step,NASDAQ:CRUS,9.491823225001139e-07
2023-06-07,12,AR1 alpha + Basic + One-Step,NASDAQ:CRUS,1.243789901572607e-07
2023-06-08,12,AR1 alpha + Basic + One-Step,NASDAQ:CRUS,2.8342754540769433e-08
2023-06-09,12,AR1 alpha + Basic + One-Step,NASDAQ:CRUS,4.235016307851978e-07
2023-06-12,12,AR1 alpha + Basic + One-Step,NASDAQ:CRUS,0.0
2023-06-13,12,AR1 alpha + Basic + One-Step,NASDAQ:CRUS,1.223502279923863e-07
2023-06-14,12,AR1 alpha + Basic + One-Step,NASDAQ:CRUS,0.0
2023-06-15,12,AR1 alpha + Basic + One-Step,NASDAQ:CRUS,0.0
2023-06-16,12,AR1 alpha + Basic + One-Step,NASDAQ:CRUS,1.2792292018879031e-08
2023-06-20,12,AR1 alpha + Basic + One-Step,NASDAQ:CRUS,0.0
2023-06-21,12,AR1 alpha + Basic + One-Step,NASDAQ:CRUS,0.0
2023-06-22,12,AR1 alpha + Basic + One-Step,NASDAQ:CRUS,0.0
2023-06-23,12,AR1 alpha + Basic + One-Step,NASDAQ:CRUS,0.0
2023-06-26,12,AR1 alpha + Basic + One-Step,NASDAQ:CRUS,0.0
2023-06-27,12,AR1 alpha + Basic + One-Step,NASDAQ:CRUS,0.0
2023-06-28,12,AR1 alpha + Basic + One-Step,NASDAQ:CRUS,0.0
2023-06-29,12,AR1 alpha + Basic + One-Step,NASDAQ:CRUS,0.0
2023-06-30,12,AR1 alpha + Basic + One-Step,NASDAQ:CRUS,0.0
2023-07-03,12,AR1 alpha + Basic + One-Step,NASDAQ:CRUS,0.0
2023-07-05,12,AR1 alpha + Basic + One-Step,NASDAQ:CRUS,5.171689730532605e-07
2023-07-06,12,AR1 alpha + Basic + One-Step,NASDAQ:CRUS,0.0
2023-07-07,12,AR1 alpha + Basic + One-Step,NASDAQ:CRUS,0.0
2023-07-10,12,AR1 alpha + Basic + One-Step,NASDAQ:CRUS,1.5030058494027891e-06
2023-07-11,12,AR1 alpha + Basic + One-Step,NASDAQ:CRUS,0.0
2023-07-12,12,AR1 alpha + Basic + One-Step,NASDAQ:CRUS,0.0
2023-07-13,12,AR1 alpha + Basic + One-Step,NASDAQ:CRUS,0.0
2023-07-14,12,AR1 alpha + Basic + One-Step,NASDAQ:CRUS,1.9063689731455647e-07
2023-07-17,12,AR1 alpha + Basic + One-Step,NASDAQ:CRUS,1.0043223287605479e-06
2023-07-18,12,AR1 alpha + Basic + One-Step,NASDAQ:CRUS,1.508112426578574e-06
2023-07-19,12,AR1 alpha + Basic + One-Step,NASDAQ:CRUS,2.07059997342289e-23
2023-07-20,12,AR1 alpha + Basic + One-Step,NASDAQ:CRUS,0.0
2023-07-21,12,AR1 alpha + Basic + One-Step,NASDAQ:CRUS,0.0
2023-07-24,12,AR1 alpha + Basic + One-Step,NASDAQ:CRUS,0.0
2023-07-25,12,AR1 alpha + Basic + One-Step,NASDAQ:CRUS,0.0
2023-07-26,12,AR1 alpha + Basic + One-Step,NASDAQ:CRUS,0.0
2023-07-27,12,AR1 alpha + Basic + One-Step,NASDAQ:CRUS,0.0
2023-07-28,12,AR1 alpha + Basic + One-Step,NASDAQ:CRUS,0.0
2023-07-31,12,AR1 alpha + Basic + One-Step,NASDAQ:CRUS,0.0
2023-08-01,12,AR1 alpha + Basic + One-Step,NASDAQ:CRUS,0.0
2023-08-02,12,AR1 alpha + Basic + One-Step,NASDAQ:CRUS,0.0
2023-08-03,12,AR1 alpha + Basic + One-Step,NASDAQ:CRUS,0.0
2023-08-04,12,AR1 alpha + Basic + One-Step,NASDAQ:CRUS,0.0
2023-08-07,12,AR1 alpha + Basic + One-Step,NASDAQ:CRUS,1.442700372091752e-09
2023-08-08,12,AR1 alpha + Basic + One-Step,NASDAQ:CRUS,0.0
2023-08-09,12,AR1 alpha + Basic + One-Step,NASDAQ:CRUS,0.0
2023-08-10,12,AR1 alpha + Basic + One-Step,NASDAQ:CRUS,0.0
2023-08-11,12,AR1 alpha + Basic + One-Step,NASDAQ:CRUS,5.085206473768241e-07
2023-08-14,12,AR1 alpha + Basic + One-Step,NASDAQ:CRUS,0.0
2023-08-15,12,AR1 alpha + Basic + One-Step,NASDAQ:CRUS,0.0
2023-08-16,12,AR1 alpha + Basic + One-Step,NASDAQ:CRUS,0.0
2023-08-17,12,AR1 alpha + Basic + One-Step,NASDAQ:CRUS,0.0
2023-08-18,12,AR1 alpha + Basic + One-Step,NASDAQ:CRUS,0.0
2023-08-21,12,AR1 alpha + Basic + One-Step,NASDAQ:CRUS,2.1989331380840225e-09
2023-08-22,12,AR1 alpha + Basic + One-Step,NASDAQ:CRUS,0.0
2023-08-23,12,AR1 alpha + Basic + One-Step,NASDAQ:CRUS,7.260283873985633e-08
2023-08-24,12,AR1 alpha + Basic + One-Step,NASDAQ:CRUS,0.0
2023-08-25,12,AR1 alpha + Basic + One-Step,NASDAQ:CRUS,9.265115434216075e-08
2023-08-28,12,AR1 alpha + Basic + One-Step,NASDAQ:CRUS,0.0
2023-08-29,12,AR1 alpha + Basic + One-Step,NASDAQ:CRUS,0.0
2023-08-30,12,AR1 alpha + Basic + One-Step,NASDAQ:CRUS,0.0
2023-08-31,12,AR1 alpha + Basic + One-Step,NASDAQ:CRUS,0.0
2023-09-01,12,AR1 alpha + Basic + One-Step,NASDAQ:CRUS,0.0
2023-09-05,12,AR1 alpha + Basic + One-Step,NASDAQ:CRUS,0.0
2023-09-06,12,AR1 alpha + Basic + One-Step,NASDAQ:CRUS,2.7925696607521087e-09
2023-09-07,12,AR1 alpha + Basic + One-Step,NASDAQ:CRUS,2.3665100488405143e-06
2023-09-08,12,AR1 alpha + Basic + One-Step,NASDAQ:CRUS,2.3888574113265205e-06
2023-09-11,12,AR1 alpha + Basic + One-Step,NASDAQ:CRUS,8.231078963578293e-07
2023-09-12,12,AR1 alpha + Basic + One-Step,NASDAQ:CRUS,3.5849388753559506e-06
2023-09-13,12,AR1 alpha + Basic + One-Step,NASDAQ:CRUS,0.0
2023-09-14,12,AR1 alpha + Basic + One-Step,NASDAQ:CRUS,0.0
2023-09-15,12,AR1 alpha + Basic + One-Step,NASDAQ:CRUS,0.0
2023-09-18,12,AR1 alpha + Basic + One-Step,NASDAQ:CRUS,0.0
2023-09-19,12,AR1 alpha + Basic + One-Step,NASDAQ:CRUS,6.263047958737521e-09
2023-09-20,12,AR1 alpha + Basic + One-Step,NASDAQ:CRUS,4.4993322318495785e-08
2023-09-21,12,AR1 alpha + Basic + One-Step,NASDAQ:CRUS,1.0814845808585093e-06
2023-09-22,12,AR1 alpha + Basic + One-Step,NASDAQ:CRUS,0.0
2023-09-25,12,AR1 alpha + Basic + One-Step,NASDAQ:CRUS,0.0
2023-09-26,12,AR1 alpha + Basic + One-Step,NASDAQ:CRUS,0.0
2023-09-27,12,AR1 alpha + Basic + One-Step,NASDAQ:CRUS,8.05306115814368e-07
2023-09-28,12,AR1 alpha + Basic + One-Step,NASDAQ:CRUS,4.797682702152089e-07
2023-09-29,12,AR1 alpha + Basic + One-Step,NASDAQ:CRUS,6.831585267337787e-10
2023-10-02,12,AR1 alpha + Basic + One-Step,NASDAQ:CRUS,0.0
2023-10-03,12,AR1 alpha + Basic + One-Step,NASDAQ:CRUS,0.0
2023-10-04,12,AR1 alpha + Basic + One-Step,NASDAQ:CRUS,0.0
2023-10-05,12,AR1 alpha + Basic + One-Step,NASDAQ:CRUS,0.0
2023-10-06,12,AR1 alpha + Basic + One-Step,NASDAQ:CRUS,0.0
2023-10-09,12,AR1 alpha + Basic + One-Step,NASDAQ:CRUS,6.133977104626105e-09
2023-10-10,12,AR1 alpha + Basic + One-Step,NASDAQ:CRUS,0.0
2023-10-11,12,AR1 alpha + Basic + One-Step,NASDAQ:CRUS,1.0544080294730994e-08
2023-10-12,12,AR1 alpha + Basic + One-Step,NASDAQ:CRUS,0.0
2023-10-13,12,AR1 alpha + Basic + One-Step,NASDAQ:CRUS,0.0
2023-10-16,12,AR1 alpha + Basic + One-Step,NASDAQ:CRUS,0.0
2023-10-17,12,AR1 alpha + Basic + One-Step,NASDAQ:CRUS,8.066873386157082e-08
2023-10-18,12,AR1 alpha + Basic + One-Step,NASDAQ:CRUS,0.0
2023-10-19,12,AR1 alpha + Basic + One-Step,NASDAQ:CRUS,0.0
2023-10-20,12,AR1 alpha + Basic + One-Step,NASDAQ:CRUS,0.0
2023-10-23,12,AR1 alpha + Basic + One-Step,NASDAQ:CRUS,0.0
2023-10-24,12,AR1 alpha + Basic + One-Step,NASDAQ:CRUS,0.0
2023-10-25,12,AR1 alpha + Basic + One-Step,NASDAQ:CRUS,0.0
2023-10-26,12,AR1 alpha + Basic + One-Step,NASDAQ:CRUS,0.0
2023-10-27,12,AR1 alpha + Basic + One-Step,NASDAQ:CRUS,0.0
2023-10-30,12,AR1 alpha + Basic + One-Step,NASDAQ:CRUS,1.8662914709761653e-09
2023-10-31,12,AR1 alpha + Basic + One-Step,NASDAQ:CRUS,0.0
2023-11-01,12,AR1 alpha + Basic + One-Step,NASDAQ:CRUS,0.0
2023-11-02,12,AR1 alpha + Basic + One-Step,NASDAQ:CRUS,0.0
2023-11-03,12,AR1 alpha + Basic + One-Step,NASDAQ:CRUS,0.0
2023-11-06,12,AR1 alpha + Basic + One-Step,NASDAQ:CRUS,0.0
2023-11-07,12,AR1 alpha + Basic + One-Step,NASDAQ:CRUS,1.52827341353327e-08
2023-11-08,12,AR1 alpha + Basic + One-Step,NASDAQ:CRUS,2.6511567895006756e-08
2023-11-09,12,AR1 alpha + Basic + One-Step,NASDAQ:CRUS,0.0
2023-11-10,12,AR1 alpha + Basic + One-Step,NASDAQ:CRUS,0.0
2023-11-13,12,AR1 alpha + Basic + One-Step,NASDAQ:CRUS,0.0
2023-11-14,12,AR1 alpha + Basic + One-Step,NASDAQ:CRUS,0.0
2023-11-15,12,AR1 alpha + Basic + One-Step,NASDAQ:CRUS,0.0
2023-11-16,12,AR1 alpha + Basic + One-Step,NASDAQ:CRUS,0.0
2023-11-17,12,AR1 alpha + Basic + One-Step,NASDAQ:CRUS,1.3927010937991582e-07
2023-11-20,12,AR1 alpha + Basic + One-Step,NASDAQ:CRUS,0.0
2023-11-21,12,AR1 alpha + Basic + One-Step,NASDAQ:CRUS,0.0
2023-11-22,12,AR1 alpha + Basic + One-Step,NASDAQ:CRUS,0.0
2023-11-24,12,AR1 alpha + Basic + One-Step,NASDAQ:CRUS,3.6975339136992274e-09
2023-11-27,12,AR1 alpha + Basic + One-Step,NASDAQ:CRUS,0.0
2023-11-28,12,AR1 alpha + Basic + One-Step,NASDAQ:CRUS,2.6268561473807977e-09
2023-11-29,12,AR1 alpha + Basic + One-Step,NASDAQ:CRUS,0.0
2023-11-30,12,AR1 alpha + Basic + One-Step,NASDAQ:CRUS,0.0
2023-12-01,12,AR1 alpha + Basic + One-Step,NASDAQ:CRUS,4.9016964163516405e-08
2023-12-04,12,AR1 alpha + Basic + One-Step,NASDAQ:CRUS,0.0
2023-12-05,12,AR1 alpha + Basic + One-Step,NASDAQ:CRUS,0.0
2023-12-06,12,AR1 alpha + Basic + One-Step,NASDAQ:CRUS,0.0
2023-12-07,12,AR1 alpha + Basic + One-Step,NASDAQ:CRUS,0.0
2023-12-08,12,AR1 alpha + Basic + One-Step,NASDAQ:CRUS,0.0
2023-12-11,12,AR1 alpha + Basic + One-Step,NASDAQ:CRUS,0.0
2023-12-12,12,AR1 alpha + Basic + One-Step,NASDAQ:CRUS,0.0
2023-12-13,12,AR1 alpha + Basic + One-Step,NASDAQ:CRUS,0.0
2023-12-14,12,AR1 alpha + Basic + One-Step,NASDAQ:CRUS,0.0
2023-12-15,12,AR1 alpha + Basic + One-Step,NASDAQ:CRUS,0.0
2023-12-18,12,AR1 alpha + Basic + One-Step,NASDAQ:CRUS,0.0
2023-12-19,12,AR1 alpha + Basic + One-Step,NASDAQ:CRUS,0.0
2023-12-20,12,AR1 alpha + Basic + One-Step,NASDAQ:CRUS,0.0
2023-12-21,12,AR1 alpha + Basic + One-Step,NASDAQ:CRUS,0.0
2023-12-22,12,AR1 alpha + Basic + One-Step,NASDAQ:CRUS,4.354561470538288e-07
2023-12-26,12,AR1 alpha + Basic + One-Step,NASDAQ:CRUS,0.0
2023-12-27,12,AR1 alpha + Basic + One-Step,NASDAQ:CRUS,1.0482421939549256e-09
2023-12-28,12,AR1 alpha + Basic + One-Step,NASDAQ:CRUS,0.0
2023-12-29,12,AR1 alpha + Basic + One-Step,NASDAQ:CRUS,0.0
2024-01-02,12,AR1 alpha + Basic + One-Step,NASDAQ:CRUS,0.0
2024-01-03,12,AR1 alpha + Basic + One-Step,NASDAQ:CRUS,0.0
2024-01-04,12,AR1 alpha + Basic + One-Step,NASDAQ:CRUS,0.0
2024-01-05,12,AR1 alpha + Basic + One-Step,NASDAQ:CRUS,0.0
2024-01-08,12,AR1 alpha + Basic + One-Step,NASDAQ:CRUS,0.0
2024-01-09,12,AR1 alpha + Basic + One-Step,NASDAQ:CRUS,0.0
2024-01-10,12,AR1 alpha + Basic + One-Step,NASDAQ:CRUS,0.0
2024-01-11,12,AR1 alpha + Basic + One-Step,NASDAQ:CRUS,2.599469940816093e-07
2024-01-12,12,AR1 alpha + Basic + One-Step,NASDAQ:CRUS,0.0
2024-01-16,12,AR1 alpha + Basic + One-Step,NASDAQ:CRUS,0.0
2024-01-17,12,AR1 alpha + Basic + One-Step,NASDAQ:CRUS,0.0
2024-01-18,12,AR1 alpha + Basic + One-Step,NASDAQ:CRUS,6.453456491639762e-07
2024-01-19,12,AR1 alpha + Basic + One-Step,NASDAQ:CRUS,0.0
2024-01-22,12,AR1 alpha + Basic + One-Step,NASDAQ:CRUS,0.0
2024-01-23,12,AR1 alpha + Basic + One-Step,NASDAQ:CRUS,0.0
2024-01-24,12,AR1 alpha + Basic + One-Step,NASDAQ:CRUS,9.658650612340508e-08
2024-01-25,12,AR1 alpha + Basic + One-Step,NASDAQ:CRUS,6.3151152621136954e-09
2024-01-26,12,AR1 alpha + Basic + One-Step,NASDAQ:CRUS,0.0
2024-01-29,12,AR1 alpha + Basic + One-Step,NASDAQ:CRUS,0.0
2024-01-30,12,AR1 alpha + Basic + One-Step,NASDAQ:CRUS,0.0
2024-01-31,12,AR1 alpha + Basic + One-Step,NASDAQ:CRUS,0.0
2024-02-01,12,AR1 alpha + Basic + One-Step,NASDAQ:CRUS,0.0
2024-02-02,12,AR1 alpha + Basic + One-Step,NASDAQ:CRUS,0.0
2024-02-05,12,AR1 alpha + Basic + One-Step,NASDAQ:CRUS,0.0
2024-02-06,12,AR1 alpha + Basic + One-Step,NASDAQ:CRUS,0.0
2024-02-07,12,AR1 alpha + Basic + One-Step,NASDAQ:CRUS,1.9948764857631083e-08
2024-02-08,12,AR1 alpha + Basic + One-Step,NASDAQ:CRUS,8.908196692731507e-09
2024-02-09,12,AR1 alpha + Basic + One-Step,NASDAQ:CRUS,0.0
2024-02-12,12,AR1 alpha + Basic + One-Step,NASDAQ:CRUS,0.0
2024-02-13,12,AR1 alpha + Basic + One-Step,NASDAQ:CRUS,0.0
2024-02-14,12,AR1 alpha + Basic + One-Step,NASDAQ:CRUS,0.0
2024-02-15,12,AR1 alpha + Basic + One-Step,NASDAQ:CRUS,5.193522959421636e-08
2024-02-16,12,AR1 alpha + Basic + One-Step,NASDAQ:CRUS,0.0
2024-02-20,12,AR1 alpha + Basic + One-Step,NASDAQ:CRUS,0.0
2024-02-21,12,AR1 alpha + Basic + One-Step,NASDAQ:CRUS,2.54474382496505e-08
2024-02-22,12,AR1 alpha + Basic + One-Step,NASDAQ:CRUS,0.0
2024-02-23,12,AR1 alpha + Basic + One-Step,NASDAQ:CRUS,0.0
2024-02-26,12,AR1 alpha + Basic + One-Step,NASDAQ:CRUS,0.0
2024-02-27,12,AR1 alpha + Basic + One-Step,NASDAQ:CRUS,0.0
2024-02-28,12,AR1 alpha + Basic + One-Step,NASDAQ:CRUS,0.0
2024-02-29,12,AR1 alpha + Basic + One-Step,NASDAQ:CRUS,0.0
2024-03-01,12,AR1 alpha + Basic + One-Step,NASDAQ:CRUS,0.0
2024-03-04,12,AR1 alpha + Basic + One-Step,NASDAQ:CRUS,0.0
2024-03-05,12,AR1 alpha + Basic + One-Step,NASDAQ:CRUS,0.0
2024-03-06,12,AR1 alpha + Basic + One-Step,NASDAQ:CRUS,0.0
2024-03-07,12,AR1 alpha + Basic + One-Step,NASDAQ:CRUS,0.0
2024-03-08,12,AR1 alpha + Basic + One-Step,NASDAQ:CRUS,0.0
2024-03-11,12,AR1 alpha + Basic + One-Step,NASDAQ:CRUS,0.0
2024-03-12,12,AR1 alpha + Basic + One-Step,NASDAQ:CRUS,0.0
2024-03-13,12,AR1 alpha + Basic + One-Step,NASDAQ:CRUS,0.0
2024-03-14,12,AR1 alpha + Basic + One-Step,NASDAQ:CRUS,1.0968421215499397e-07
2024-03-15,12,AR1 alpha + Basic + One-Step,NASDAQ:CRUS,1.0965695767424827e-07
2024-03-18,12,AR1 alpha + Basic + One-Step,NASDAQ:CRUS,1.9689720008773245e-07
2024-03-19,12,AR1 alpha + Basic + One-Step,NASDAQ:CRUS,0.0
2024-03-20,12,AR1 alpha + Basic + One-Step,NASDAQ:CRUS,0.0
2024-03-21,12,AR1 alpha + Basic + One-Step,NASDAQ:CRUS,5.078130055123124e-08
2024-03-22,12,AR1 alpha + Basic + One-Step,NASDAQ:CRUS,0.0
2024-03-25,12,AR1 alpha + Basic + One-Step,NASDAQ:CRUS,0.0
2024-03-26,12,AR1 alpha + Basic + One-Step,NASDAQ:CRUS,0.0
2024-03-27,12,AR1 alpha + Basic + One-Step,NASDAQ:CRUS,0.0
2024-03-28,12,AR1 alpha + Basic + One-Step,NASDAQ:CRUS,0.0
2024-04-01,12,AR1 alpha + Basic + One-Step,NASDAQ:CRUS,1.7424736349190406e-06
2024-04-02,12,AR1 alpha + Basic + One-Step,NASDAQ:CRUS,0.0
2024-04-03,12,AR1 alpha + Basic + One-Step,NASDAQ:CRUS,0.0
2024-04-04,12,AR1 alpha + Basic + One-Step,NASDAQ:CRUS,0.0
2024-04-05,12,AR1 alpha + Basic + One-Step,NASDAQ:CRUS,0.0
2024-04-08,12,AR1 alpha + Basic + One-Step,NASDAQ:CRUS,0.0
2024-04-09,12,AR1 alpha + Basic + One-Step,NASDAQ:CRUS,0.0
2024-04-10,12,AR1 alpha + Basic + One-Step,NASDAQ:CRUS,3.951739176071985e-07
2024-04-11,12,AR1 alpha + Basic + One-Step,NASDAQ:CRUS,0.0
2024-04-12,12,AR1 alpha + Basic + One-Step,NASDAQ:CRUS,0.0
2024-04-15,12,AR1 alpha + Basic + One-Step,NASDAQ:CRUS,0.0
2024-04-16,12,AR1 alpha + Basic + One-Step,NASDAQ:CRUS,0.0
2024-04-17,12,AR1 alpha + Basic + One-Step,NASDAQ:CRUS,4.345624449205037e-08
2024-04-18,12,AR1 alpha + Basic + One-Step,NASDAQ:CRUS,0.0
2024-04-19,12,AR1 alpha + Basic + One-Step,NASDAQ:CRUS,0.0
2020-03-25,12,AR1 alpha + Basic + One-Step,NYSE:HII,0.02
2020-03-26,12,AR1 alpha + Basic + One-Step,NYSE:HII,0.019999999999999997
2020-03-27,12,AR1 alpha + Basic + One-Step,NYSE:HII,0.0
2020-03-30,12,AR1 alpha + Basic + One-Step,NYSE:HII,1.3458800904049922e-06
2020-03-31,12,AR1 alpha + Basic + One-Step,NYSE:HII,4.001866205829864e-07
2020-04-01,12,AR1 alpha + Basic + One-Step,NYSE:HII,1.588974841035361e-08
2020-04-02,12,AR1 alpha + Basic + One-Step,NYSE:HII,0.0
2020-04-03,12,AR1 alpha + Basic + One-Step,NYSE:HII,2.214932129550334e-08
2020-04-06,12,AR1 alpha + Basic + One-Step,NYSE:HII,0.0
2020-04-07,12,AR1 alpha + Basic + One-Step,NYSE:HII,4.8740215719613216e-08
2020-04-08,12,AR1 alpha + Basic + One-Step,NYSE:HII,0.0
2020-04-09,12,AR1 alpha + Basic + One-Step,NYSE:HII,0.0
2020-04-13,12,AR1 alpha + Basic + One-Step,NYSE:HII,0.0
2020-04-14,12,AR1 alpha + Basic + One-Step,NYSE:HII,0.0
2020-04-15,12,AR1 alpha + Basic + One-Step,NYSE:HII,0.0
2020-04-16,12,AR1 alpha + Basic + One-Step,NYSE:HII,0.0
2020-04-17,12,AR1 alpha + Basic + One-Step,NYSE:HII,0.0
2020-04-20,12,AR1 alpha + Basic + One-Step,NYSE:HII,0.0
2020-04-21,12,AR1 alpha + Basic + One-Step,NYSE:HII,0.0
2020-04-22,12,AR1 alpha + Basic + One-Step,NYSE:HII,0.0
2020-04-23,12,AR1 alpha + Basic + One-Step,NYSE:HII,0.0
2020-04-24,12,AR1 alpha + Basic + One-Step,NYSE:HII,9.471609573629084e-08
2020-04-27,12,AR1 alpha + Basic + One-Step,NYSE:HII,0.0
2020-04-28,12,AR1 alpha + Basic + One-Step,NYSE:HII,0.0
2020-04-29,12,AR1 alpha + Basic + One-Step,NYSE:HII,5.850723970738931e-07
2020-04-30,12,AR1 alpha + Basic + One-Step,NYSE:HII,0.0
2020-05-01,12,AR1 alpha + Basic + One-Step,NYSE:HII,3.0348462361271235e-08
2020-05-04,12,AR1 alpha + Basic + One-Step,NYSE:HII,0.0
2020-05-05,12,AR1 alpha + Basic + One-Step,NYSE:HII,9.468235313488196e-07
2020-05-06,12,AR1 alpha + Basic + One-Step,NYSE:HII,0.0
2020-05-07,12,AR1 alpha + Basic + One-Step,NYSE:HII,0.0
2020-05-08,12,AR1 alpha + Basic + One-Step,NYSE:HII,8.504235298741906e-09
2020-05-11,12,AR1 alpha + Basic + One-Step,NYSE:HII,0.0
2020-05-12,12,AR1 alpha + Basic + One-Step,NYSE:HII,0.0
2020-05-13,12,AR1 alpha + Basic + One-Step,NYSE:HII,0.0
2020-05-14,12,AR1 alpha + Basic + One-Step,NYSE:HII,0.0
2020-05-15,12,AR1 alpha + Basic + One-Step,NYSE:HII,0.0
2020-05-18,12,AR1 alpha + Basic + One-Step,NYSE:HII,0.0
2020-05-19,12,AR1 alpha + Basic + One-Step,NYSE:HII,0.0
2020-05-20,12,AR1 alpha + Basic + One-Step,NYSE:HII,0.0
2020-05-21,12,AR1 alpha + Basic + One-Step,NYSE:HII,0.0
2020-05-22,12,AR1 alpha + Basic + One-Step,NYSE:HII,0.0
2020-05-26,12,AR1 alpha + Basic + One-Step,NYSE:HII,2.501434623439153e-08
2020-05-27,12,AR1 alpha + Basic + One-Step,NYSE:HII,5.924293888412395e-07
2020-05-28,12,AR1 alpha + Basic + One-Step,NYSE:HII,0.0
2020-05-29,12,AR1 alpha + Basic + One-Step,NYSE:HII,0.0
2020-06-01,12,AR1 alpha + Basic + One-Step,NYSE:HII,0.0
2020-06-02,12,AR1 alpha + Basic + One-Step,NYSE:HII,2.6735164069872355e-07
2020-06-03,12,AR1 alpha + Basic + One-Step,NYSE:HII,0.0
2020-06-04,12,AR1 alpha + Basic + One-Step,NYSE:HII,0.0
2020-06-05,12,AR1 alpha + Basic + One-Step,NYSE:HII,0.0
2020-06-08,12,AR1 alpha + Basic + One-Step,NYSE:HII,0.0
2020-06-09,12,AR1 alpha + Basic + One-Step,NYSE:HII,0.0
2020-06-10,12,AR1 alpha + Basic + One-Step,NYSE:HII,0.0
2020-06-11,12,AR1 alpha + Basic + One-Step,NYSE:HII,0.0
2020-06-12,12,AR1 alpha + Basic + One-Step,NYSE:HII,4.0156804915412736e-08
2020-06-15,12,AR1 alpha + Basic + One-Step,NYSE:HII,2.5736132504579865e-08
2020-06-16,12,AR1 alpha + Basic + One-Step,NYSE:HII,1.013782215571131e-07
2020-06-17,12,AR1 alpha + Basic + One-Step,NYSE:HII,0.0
2020-06-18,12,AR1 alpha + Basic + One-Step,NYSE:HII,0.0
2020-06-19,12,AR1 alpha + Basic + One-Step,NYSE:HII,0.0
2020-06-22,12,AR1 alpha + Basic + One-Step,NYSE:HII,0.0
2020-06-23,12,AR1 alpha + Basic + One-Step,NYSE:HII,0.0
2020-06-24,12,AR1 alpha + Basic + One-Step,NYSE:HII,3.6699814128272524e-08
2020-06-25,12,AR1 alpha + Basic + One-Step,NYSE:HII,0.0
2020-06-26,12,AR1 alpha + Basic + One-Step,NYSE:HII,0.0
2020-06-29,12,AR1 alpha + Basic + One-Step,NYSE:HII,0.0
2020-06-30,12,AR1 alpha + Basic + One-Step,NYSE:HII,2.3545209222168613e-08
2020-07-01,12,AR1 alpha + Basic + One-Step,NYSE:HII,0.0
2020-07-02,12,AR1 alpha + Basic + One-Step,NYSE:HII,2.6317419876171427e-09
2020-07-06,12,AR1 alpha + Basic + One-Step,NYSE:HII,0.0
2020-07-07,12,AR1 alpha + Basic + One-Step,NYSE:HII,0.0
2020-07-08,12,AR1 alpha + Basic + One-Step,NYSE:HII,0.0
2020-07-09,12,AR1 alpha + Basic + One-Step,NYSE:HII,3.4296010990576115e-07
2020-07-10,12,AR1 alpha + Basic + One-Step,NYSE:HII,8.866013660791167e-08
2020-07-13,12,AR1 alpha + Basic + One-Step,NYSE:HII,0.0
2020-07-14,12,AR1 alpha + Basic + One-Step,NYSE:HII,0.0
2020-07-15,12,AR1 alpha + Basic + One-Step,NYSE:HII,9.964866945066111e-08
2020-07-16,12,AR1 alpha + Basic + One-Step,NYSE:HII,0.0
2020-07-17,12,AR1 alpha + Basic + One-Step,NYSE:HII,0.0
2020-07-20,12,AR1 alpha + Basic + One-Step,NYSE:HII,1.1858624548246007e-07
2020-07-21,12,AR1 alpha + Basic + One-Step,NYSE:HII,0.0
2020-07-22,12,AR1 alpha + Basic + One-Step,NYSE:HII,0.0
2020-07-23,12,AR1 alpha + Basic + One-Step,NYSE:HII,0.0
2020-07-24,12,AR1 alpha + Basic + One-Step,NYSE:HII,3.905769125756404e-07
2020-07-27,12,AR1 alpha + Basic + One-Step,NYSE:HII,3.233623125789406e-07
2020-07-28,12,AR1 alpha + Basic + One-Step,NYSE:HII,0.0
2020-07-29,12,AR1 alpha + Basic + One-Step,NYSE:HII,0.0
2020-07-30,12,AR1 alpha + Basic + One-Step,NYSE:HII,0.0
2020-07-31,12,AR1 alpha + Basic + One-Step,NYSE:HII,0.0
2020-08-03,12,AR1 alpha + Basic + One-Step,NYSE:HII,0.0
2020-08-04,12,AR1 alpha + Basic + One-Step,NYSE:HII,0.0
2020-08-05,12,AR1 alpha + Basic + One-Step,NYSE:HII,0.0
2020-08-06,12,AR1 alpha + Basic + One-Step,NYSE:HII,0.0
2020-08-07,12,AR1 alpha + Basic + One-Step,NYSE:HII,0.0
2020-08-10,12,AR1 alpha + Basic + One-Step,NYSE:HII,0.0
2020-08-11,12,AR1 alpha + Basic + One-Step,NYSE:HII,0.0
2020-08-12,12,AR1 alpha + Basic + One-Step,NYSE:HII,0.0
2020-08-13,12,AR1 alpha + Basic + One-Step,NYSE:HII,0.0
2020-08-14,12,AR1 alpha + Basic + One-Step,NYSE:HII,0.0
2020-08-17,12,AR1 alpha + Basic + One-Step,NYSE:HII,0.0
2020-08-18,12,AR1 alpha + Basic + One-Step,NYSE:HII,0.0
2020-08-19,12,AR1 alpha + Basic + One-Step,NYSE:HII,0.0
2020-08-20,12,AR1 alpha + Basic + One-Step,NYSE:HII,1.5240683166110166e-07
2020-08-21,12,AR1 alpha + Basic + One-Step,NYSE:HII,0.0
2020-08-24,12,AR1 alpha + Basic + One-Step,NYSE:HII,0.0
2020-08-25,12,AR1 alpha + Basic + One-Step,NYSE:HII,0.0
2020-08-26,12,AR1 alpha + Basic + One-Step,NYSE:HII,0.0
2020-08-27,12,AR1 alpha + Basic + One-Step,NYSE:HII,0.0
2020-08-28,12,AR1 alpha + Basic + One-Step,NYSE:HII,0.0
2020-08-31,12,AR1 alpha + Basic + One-Step,NYSE:HII,0.0
2020-09-01,12,AR1 alpha + Basic + One-Step,NYSE:HII,0.0
2020-09-02,12,AR1 alpha + Basic + One-Step,NYSE:HII,0.0
2020-09-03,12,AR1 alpha + Basic + One-Step,NYSE:HII,0.0
2020-09-04,12,AR1 alpha + Basic + One-Step,NYSE:HII,0.0
2020-09-08,12,AR1 alpha + Basic + One-Step,NYSE:HII,0.0
2020-09-09,12,AR1 alpha + Basic + One-Step,NYSE:HII,3.151714877513351e-09
2020-09-10,12,AR1 alpha + Basic + One-Step,NYSE:HII,0.0
2020-09-11,12,AR1 alpha + Basic + One-Step,NYSE:HII,0.0
2020-09-14,12,AR1 alpha + Basic + One-Step,NYSE:HII,0.0
2020-09-15,12,AR1 alpha + Basic + One-Step,NYSE:HII,0.0
2020-09-16,12,AR1 alpha + Basic + One-Step,NYSE:HII,0.0
2020-09-17,12,AR1 alpha + Basic + One-Step,NYSE:HII,0.0
2020-09-18,12,AR1 alpha + Basic + One-Step,NYSE:HII,0.0
2020-09-21,12,AR1 alpha + Basic + One-Step,NYSE:HII,0.0
2020-09-22,12,AR1 alpha + Basic + One-Step,NYSE:HII,0.0
2020-09-23,12,AR1 alpha + Basic + One-Step,NYSE:HII,1.6508791816116693e-09
2020-09-24,12,AR1 alpha + Basic + One-Step,NYSE:HII,2.762410347605987e-07
2020-09-25,12,AR1 alpha + Basic + One-Step,NYSE:HII,0.0
2020-09-28,12,AR1 alpha + Basic + One-Step,NYSE:HII,0.0
2020-09-29,12,AR1 alpha + Basic + One-Step,NYSE:HII,0.0
2020-09-30,12,AR1 alpha + Basic + One-Step,NYSE:HII,1.0449461111980836e-08
2020-10-01,12,AR1 alpha + Basic + One-Step,NYSE:HII,0.0
2020-10-02,12,AR1 alpha + Basic + One-Step,NYSE:HII,0.0
2020-10-05,12,AR1 alpha + Basic + One-Step,NYSE:HII,1.3883007678341846e-08
2020-10-06,12,AR1 alpha + Basic + One-Step,NYSE:HII,0.0
2020-10-07,12,AR1 alpha + Basic + One-Step,NYSE:HII,1.9978910855652636e-07
2020-10-08,12,AR1 alpha + Basic + One-Step,NYSE:HII,0.0
2020-10-09,12,AR1 alpha + Basic + One-Step,NYSE:HII,0.0
2020-10-12,12,AR1 alpha + Basic + One-Step,NYSE:HII,0.0
2020-10-13,12,AR1 alpha + Basic + One-Step,NYSE:HII,0.0
2020-10-14,12,AR1 alpha + Basic + One-Step,NYSE:HII,0.0
2020-10-15,12,AR1 alpha + Basic + One-Step,NYSE:HII,0.0
2020-10-16,12,AR1 alpha + Basic + One-Step,NYSE:HII,1.056851136027489e-08
2020-10-19,12,AR1 alpha + Basic + One-Step,NYSE:HII,0.0
2020-10-20,12,AR1 alpha + Basic + One-Step,NYSE:HII,0.0
2020-10-21,12,AR1 alpha + Basic + One-Step,NYSE:HII,0.0
2020-10-22,12,AR1 alpha + Basic + One-Step,NYSE:HII,0.0
2020-10-23,12,AR1 alpha + Basic + One-Step,NYSE:HII,0.0
2020-10-26,12,AR1 alpha + Basic + One-Step,NYSE:HII,0.0
2020-10-27,12,AR1 alpha + Basic + One-Step,NYSE:HII,3.512221284198335e-09
2020-10-28,12,AR1 alpha + Basic + One-Step,NYSE:HII,8.207100724899914e-09
2020-10-29,12,AR1 alpha + Basic + One-Step,NYSE:HII,1.1553191578129943e-09
2020-10-30,12,AR1 alpha + Basic + One-Step,NYSE:HII,0.0
2020-11-02,12,AR1 alpha + Basic + One-Step,NYSE:HII,0.0
2020-11-03,12,AR1 alpha + Basic + One-Step,NYSE:HII,0.0
2020-11-04,12,AR1 alpha + Basic + One-Step,NYSE:HII,0.0
2020-11-05,12,AR1 alpha + Basic + One-Step,NYSE:HII,0.0
2020-11-06,12,AR1 alpha + Basic + One-Step,NYSE:HII,8.27030029806859e-08
2020-11-09,12,AR1 alpha + Basic + One-Step,NYSE:HII,0.0
2020-11-10,12,AR1 alpha + Basic + One-Step,NYSE:HII,0.0
2020-11-11,12,AR1 alpha + Basic + One-Step,NYSE:HII,0.0
2020-11-12,12,AR1 alpha + Basic + One-Step,NYSE:HII,0.0
2020-11-13,12,AR1 alpha + Basic + One-Step,NYSE:HII,0.0
2020-11-16,12,AR1 alpha + Basic + One-Step,NYSE:HII,0.0
2020-11-17,12,AR1 alpha + Basic + One-Step,NYSE:HII,0.0
2020-11-18,12,AR1 alpha + Basic + One-Step,NYSE:HII,0.0
2020-11-19,12,AR1 alpha + Basic + One-Step,NYSE:HII,2.4086859070759346e-08
2020-11-20,12,AR1 alpha + Basic + One-Step,NYSE:HII,0.0
2020-11-23,12,AR1 alpha + Basic + One-Step,NYSE:HII,0.0
2020-11-24,12,AR1 alpha + Basic + One-Step,NYSE:HII,0.0
2020-11-25,12,AR1 alpha + Basic + One-Step,NYSE:HII,0.0
2020-11-27,12,AR1 alpha + Basic + One-Step,NYSE:HII,0.0
2020-11-30,12,AR1 alpha + Basic + One-Step,NYSE:HII,0.0
2020-12-01,12,AR1 alpha + Basic + One-Step,NYSE:HII,0.0
2020-12-02,12,AR1 alpha + Basic + One-Step,NYSE:HII,0.0
2020-12-03,12,AR1 alpha + Basic + One-Step,NYSE:HII,0.0
2020-12-04,12,AR1 alpha + Basic + One-Step,NYSE:HII,3.74535565792305e-10
2020-12-07,12,AR1 alpha + Basic + One-Step,NYSE:HII,0.0
2020-12-08,12,AR1 alpha + Basic + One-Step,NYSE:HII,2.3541582727460475e-07
2020-12-09,12,AR1 alpha + Basic + One-Step,NYSE:HII,0.0
2020-12-10,12,AR1 alpha + Basic + One-Step,NYSE:HII,0.0
2020-12-11,12,AR1 alpha + Basic + One-Step,NYSE:HII,5.749741369857787e-07
2020-12-14,12,AR1 alpha + Basic + One-Step,NYSE:HII,9.766664200363077e-07
2020-12-15,12,AR1 alpha + Basic + One-Step,NYSE:HII,0.0
2020-12-16,12,AR1 alpha + Basic + One-Step,NYSE:HII,8.728682837094097e-09
2020-12-17,12,AR1 alpha + Basic + One-Step,NYSE:HII,0.0
2020-12-18,12,AR1 alpha + Basic + One-Step,NYSE:HII,0.0
2020-12-21,12,AR1 alpha + Basic + One-Step,NYSE:HII,8.036221366510624e-07
2020-12-22,12,AR1 alpha + Basic + One-Step,NYSE:HII,0.0
2020-12-23,12,AR1 alpha + Basic + One-Step,NYSE:HII,0.0
2020-12-24,12,AR1 alpha + Basic + One-Step,NYSE:HII,0.0
2020-12-28,12,AR1 alpha + Basic + One-Step,NYSE:HII,0.0
2020-12-29,12,AR1 alpha + Basic + One-Step,NYSE:HII,0.0
2020-12-30,12,AR1 alpha + Basic + One-Step,NYSE:HII,0.0
2020-12-31,12,AR1 alpha + Basic + One-Step,NYSE:HII,0.0
2021-01-04,12,AR1 alpha + Basic + One-Step,NYSE:HII,0.0
2021-01-05,12,AR1 alpha + Basic + One-Step,NYSE:HII,0.0
2021-01-06,12,AR1 alpha + Basic + One-Step,NYSE:HII,0.0
2021-01-07,12,AR1 alpha + Basic + One-Step,NYSE:HII,0.0
2021-01-08,12,AR1 alpha + Basic + One-Step,NYSE:HII,0.0
2021-01-11,12,AR1 alpha + Basic + One-Step,NYSE:HII,0.0
2021-01-12,12,AR1 alpha + Basic + One-Step,NYSE:HII,0.0
2021-01-13,12,AR1 alpha + Basic + One-Step,NYSE:HII,0.0
2021-01-14,12,AR1 alpha + Basic + One-Step,NYSE:HII,0.0
2021-01-15,12,AR1 alpha + Basic + One-Step,NYSE:HII,0.0
2021-01-19,12,AR1 alpha + Basic + One-Step,NYSE:HII,0.0
2021-01-20,12,AR1 alpha + Basic + One-Step,NYSE:HII,0.0
2021-01-21,12,AR1 alpha + Basic + One-Step,NYSE:HII,0.0
2021-01-22,12,AR1 alpha + Basic + One-Step,NYSE:HII,0.0
2021-01-25,12,AR1 alpha + Basic + One-Step,NYSE:HII,0.0
2021-01-26,12,AR1 alpha + Basic + One-Step,NYSE:HII,0.0
2021-01-27,12,AR1 alpha + Basic + One-Step,NYSE:HII,0.0
2021-01-28,12,AR1 alpha + Basic + One-Step,NYSE:HII,0.0
2021-01-29,12,AR1 alpha + Basic + One-Step,NYSE:HII,0.0
2021-02-01,12,AR1 alpha + Basic + One-Step,NYSE:HII,2.0567658700143295e-07
2021-02-02,12,AR1 alpha + Basic + One-Step,NYSE:HII,0.0
2021-02-03,12,AR1 alpha + Basic + One-Step,NYSE:HII,0.0
2021-02-04,12,AR1 alpha + Basic + One-Step,NYSE:HII,0.0
2021-02-05,12,AR1 alpha + Basic + One-Step,NYSE:HII,0.0
2021-02-08,12,AR1 alpha + Basic + One-Step,NYSE:HII,0.0
2021-02-09,12,AR1 alpha + Basic + One-Step,NYSE:HII,0.0
2021-02-10,12,AR1 alpha + Basic + One-Step,NYSE:HII,0.0
2021-02-11,12,AR1 alpha + Basic + One-Step,NYSE:HII,0.0
2021-02-12,12,AR1 alpha + Basic + One-Step,NYSE:HII,0.0
2021-02-16,12,AR1 alpha + Basic + One-Step,NYSE:HII,0.0
2021-02-17,12,AR1 alpha + Basic + One-Step,NYSE:HII,0.0
2021-02-18,12,AR1 alpha + Basic + One-Step,NYSE:HII,0.0
2021-02-19,12,AR1 alpha + Basic + One-Step,NYSE:HII,0.0
2021-02-22,12,AR1 alpha + Basic + One-Step,NYSE:HII,4.890300365911252e-07
2021-02-23,12,AR1 alpha + Basic + One-Step,NYSE:HII,3.8840894921531294e-07
2021-02-24,12,AR1 alpha + Basic + One-Step,NYSE:HII,0.0
2021-02-25,12,AR1 alpha + Basic + One-Step,NYSE:HII,0.0
2021-02-26,12,AR1 alpha + Basic + One-Step,NYSE:HII,4.0206852390302896e-07
2021-03-01,12,AR1 alpha + Basic + One-Step,NYSE:HII,0.0
2021-03-02,12,AR1 alpha + Basic + One-Step,NYSE:HII,0.0
2021-03-03,12,AR1 alpha + Basic + One-Step,NYSE:HII,0.0
2021-03-04,12,AR1 alpha + Basic + One-Step,NYSE:HII,0.0
2021-03-05,12,AR1 alpha + Basic + One-Step,NYSE:HII,0.0
2021-03-08,12,AR1 alpha + Basic + One-Step,NYSE:HII,0.0
2021-03-09,12,AR1 alpha + Basic + One-Step,NYSE:HII,0.0
2021-03-10,12,AR1 alpha + Basic + One-Step,NYSE:HII,0.0
2021-03-11,12,AR1 alpha + Basic + One-Step,NYSE:HII,0.0
2021-03-12,12,AR1 alpha + Basic + One-Step,NYSE:HII,0.0
2021-03-15,12,AR1 alpha + Basic + One-Step,NYSE:HII,4.77491404039735e-10
2021-03-16,12,AR1 alpha + Basic + One-Step,NYSE:HII,0.0
2021-03-17,12,AR1 alpha + Basic + One-Step,NYSE:HII,0.0
2021-03-18,12,AR1 alpha + Basic + One-Step,NYSE:HII,0.0
2021-03-19,12,AR1 alpha + Basic + One-Step,NYSE:HII,0.0
2021-03-22,12,AR1 alpha + Basic + One-Step,NYSE:HII,0.0
2021-03-23,12,AR1 alpha + Basic + One-Step,NYSE:HII,0.0
2021-03-24,12,AR1 alpha + Basic + One-Step,NYSE:HII,0.0
2021-03-25,12,AR1 alpha + Basic + One-Step,NYSE:HII,0.0
2021-03-26,12,AR1 alpha + Basic + One-Step,NYSE:HII,0.0
2021-03-29,12,AR1 alpha + Basic + One-Step,NYSE:HII,0.0
2021-03-30,12,AR1 alpha + Basic + One-Step,NYSE:HII,8.700454704815409e-07
2021-03-31,12,AR1 alpha + Basic + One-Step,NYSE:HII,4.793725044047542e-07
2021-04-01,12,AR1 alpha + Basic + One-Step,NYSE:HII,0.0
2021-04-05,12,AR1 alpha + Basic + One-Step,NYSE:HII,2.140183301909799e-06
2021-04-06,12,AR1 alpha + Basic + One-Step,NYSE:HII,7.578313286076356e-08
2021-04-07,12,AR1 alpha + Basic + One-Step,NYSE:HII,1.5426292037482838e-08
2021-04-08,12,AR1 alpha + Basic + One-Step,NYSE:HII,6.182026258245759e-07
2021-04-09,12,AR1 alpha + Basic + One-Step,NYSE:HII,0.0
2021-04-12,12,AR1 alpha + Basic + One-Step,NYSE:HII,6.493701229349488e-09
2021-04-13,12,AR1 alpha + Basic + One-Step,NYSE:HII,0.0
2021-04-14,12,AR1 alpha + Basic + One-Step,NYSE:HII,1.530817040082189e-07
2021-04-15,12,AR1 alpha + Basic + One-Step,NYSE:HII,6.190076524357196e-08
2021-04-16,12,AR1 alpha + Basic + One-Step,NYSE:HII,0.0
2021-04-19,12,AR1 alpha + Basic + One-Step,NYSE:HII,3.552461996062753e-08
2021-04-20,12,AR1 alpha + Basic + One-Step,NYSE:HII,0.0
2021-04-21,12,AR1 alpha + Basic + One-Step,NYSE:HII,0.0
2021-04-22,12,AR1 alpha + Basic + One-Step,NYSE:HII,0.0
2021-04-23,12,AR1 alpha + Basic + One-Step,NYSE:HII,0.0
2021-04-26,12,AR1 alpha + Basic + One-Step,NYSE:HII,0.0
2021-04-27,12,AR1 alpha + Basic + One-Step,NYSE:HII,0.0
2021-04-28,12,AR1 alpha + Basic + One-Step,NYSE:HII,0.0
2021-04-29,12,AR1 alpha + Basic + One-Step,NYSE:HII,0.0
2021-04-30,12,AR1 alpha + Basic + One-Step,NYSE:HII,0.0
2021-05-03,12,AR1 alpha + Basic + One-Step,NYSE:HII,0.0
2021-05-04,12,AR1 alpha + Basic + One-Step,NYSE:HII,5.3886883154260764e-08
2021-05-05,12,AR1 alpha + Basic + One-Step,NYSE:HII,0.0
2021-05-06,12,AR1 alpha + Basic + One-Step,NYSE:HII,0.0
2021-05-07,12,AR1 alpha + Basic + One-Step,NYSE:HII,0.0
2021-05-10,12,AR1 alpha + Basic + One-Step,NYSE:HII,0.0
2021-05-11,12,AR1 alpha + Basic + One-Step,NYSE:HII,0.0
2021-05-12,12,AR1 alpha + Basic + One-Step,NYSE:HII,0.0
2021-05-13,12,AR1 alpha + Basic + One-Step,NYSE:HII,0.0
2021-05-14,12,AR1 alpha + Basic + One-Step,NYSE:HII,0.0
2021-05-17,12,AR1 alpha + Basic + One-Step,NYSE:HII,3.3941915904373736e-07
2021-05-18,12,AR1 alpha + Basic + One-Step,NYSE:HII,0.0
2021-05-19,12,AR1 alpha + Basic + One-Step,NYSE:HII,0.0
2021-05-20,12,AR1 alpha + Basic + One-Step,NYSE:HII,4.857073773612291e-08
2021-05-21,12,AR1 alpha + Basic + One-Step,NYSE:HII,0.0
2021-05-24,12,AR1 alpha + Basic + One-Step,NYSE:HII,0.0
2021-05-25,12,AR1 alpha + Basic + One-Step,NYSE:HII,0.0
2021-05-26,12,AR1 alpha + Basic + One-Step,NYSE:HII,0.0
2021-05-27,12,AR1 alpha + Basic + One-Step,NYSE:HII,2.1641275386352767e-07
2021-05-28,12,AR1 alpha + Basic + One-Step,NYSE:HII,0.0
2021-06-01,12,AR1 alpha + Basic + One-Step,NYSE:HII,0.0
2021-06-02,12,AR1 alpha + Basic + One-Step,NYSE:HII,0.0
2021-06-03,12,AR1 alpha + Basic + One-Step,NYSE:HII,0.0
2021-06-04,12,AR1 alpha + Basic + One-Step,NYSE:HII,0.0
2021-06-07,12,AR1 alpha + Basic + One-Step,NYSE:HII,0.0
2021-06-08,12,AR1 alpha + Basic + One-Step,NYSE:HII,0.0
2021-06-09,12,AR1 alpha + Basic + One-Step,NYSE:HII,1.6134063429814208e-07
2021-06-10,12,AR1 alpha + Basic + One-Step,NYSE:HII,1.6311688607782962e-07
2021-06-11,12,AR1 alpha + Basic + One-Step,NYSE:HII,0.0
2021-06-14,12,AR1 alpha + Basic + One-Step,NYSE:HII,0.0
2021-06-15,12,AR1 alpha + Basic + One-Step,NYSE:HII,0.0
2021-06-16,12,AR1 alpha + Basic + One-Step,NYSE:HII,0.0
2021-06-17,12,AR1 alpha + Basic + One-Step,NYSE:HII,0.0
2021-06-18,12,AR1 alpha + Basic + One-Step,NYSE:HII,0.0
2021-06-21,12,AR1 alpha + Basic + One-Step,NYSE:HII,0.0
2021-06-22,12,AR1 alpha + Basic + One-Step,NYSE:HII,1.40416903710267e-06
2021-06-23,12,AR1 alpha + Basic + One-Step,NYSE:HII,1.2771400821401231e-06
2021-06-24,12,AR1 alpha + Basic + One-Step,NYSE:HII,1.572904715711888e-06
2021-06-25,12,AR1 alpha + Basic + One-Step,NYSE:HII,0.0
2021-06-28,12,AR1 alpha + Basic + One-Step,NYSE:HII,0.0
2021-06-29,12,AR1 alpha + Basic + One-Step,NYSE:HII,0.0
2021-06-30,12,AR1 alpha + Basic + One-Step,NYSE:HII,0.0
2021-07-01,12,AR1 alpha + Basic + One-Step,NYSE:HII,0.0
2021-07-02,12,AR1 alpha + Basic + One-Step,NYSE:HII,0.0
2021-07-06,12,AR1 alpha + Basic + One-Step,NYSE:HII,0.0
2021-07-07,12,AR1 alpha + Basic + One-Step,NYSE:HII,0.0
2021-07-08,12,AR1 alpha + Basic + One-Step,NYSE:HII,0.0
2021-07-09,12,AR1 alpha + Basic + One-Step,NYSE:HII,0.0
2021-07-12,12,AR1 alpha + Basic + One-Step,NYSE:HII,0.0
2021-07-13,12,AR1 alpha + Basic + One-Step,NYSE:HII,9.913130584521452e-08
2021-07-14,12,AR1 alpha + Basic + One-Step,NYSE:HII,0.0
2021-07-15,12,AR1 alpha + Basic + One-Step,NYSE:HII,0.0
2021-07-16,12,AR1 alpha + Basic + One-Step,NYSE:HII,0.0
2021-07-19,12,AR1 alpha + Basic + One-Step,NYSE:HII,0.0
2021-07-20,12,AR1 alpha + Basic + One-Step,NYSE:HII,0.0
2021-07-21,12,AR1 alpha + Basic + One-Step,NYSE:HII,0.0
2021-07-22,12,AR1 alpha + Basic + One-Step,NYSE:HII,0.0
2021-07-23,12,AR1 alpha + Basic + One-Step,NYSE:HII,0.0
2021-07-26,12,AR1 alpha + Basic + One-Step,NYSE:HII,2.0438031608095315e-07
2021-07-27,12,AR1 alpha + Basic + One-Step,NYSE:HII,3.090495116565941e-06
2021-07-28,12,AR1 alpha + Basic + One-Step,NYSE:HII,0.0
2021-07-29,12,AR1 alpha + Basic + One-Step,NYSE:HII,0.0
2021-07-30,12,AR1 alpha + Basic + One-Step,NYSE:HII,0.0
2021-08-02,12,AR1 alpha + Basic + One-Step,NYSE:HII,0.0
2021-08-03,12,AR1 alpha + Basic + One-Step,NYSE:HII,0.0
2021-08-04,12,AR1 alpha + Basic + One-Step,NYSE:HII,6.560502234981174e-08
2021-08-05,12,AR1 alpha + Basic + One-Step,NYSE:HII,0.0
2021-08-06,12,AR1 alpha + Basic + One-Step,NYSE:HII,0.0
2021-08-09,12,AR1 alpha + Basic + One-Step,NYSE:HII,3.1714371063498974e-07
2021-08-10,12,AR1 alpha + Basic + One-Step,NYSE:HII,1.896742085946706e-07
2021-08-11,12,AR1 alpha + Basic + One-Step,NYSE:HII,1.1722499351976486e-07
2021-08-12,12,AR1 alpha + Basic + One-Step,NYSE:HII,0.0
2021-08-13,12,AR1 alpha + Basic + One-Step,NYSE:HII,0.0
2021-08-16,12,AR1 alpha + Basic + One-Step,NYSE:HII,0.0
2021-08-17,12,AR1 alpha + Basic + One-Step,NYSE:HII,2.2646822703303089e-07
2021-08-18,12,AR1 alpha + Basic + One-Step,NYSE:HII,0.0
2021-08-19,12,AR1 alpha + Basic + One-Step,NYSE:HII,0.0
2021-08-20,12,AR1 alpha + Basic + One-Step,NYSE:HII,4.912500584839814e-08
2021-08-23,12,AR1 alpha + Basic + One-Step,NYSE:HII,3.670036357249156e-08
2021-08-24,12,AR1 alpha + Basic + One-Step,NYSE:HII,0.0
2021-08-25,12,AR1 alpha + Basic + One-Step,NYSE:HII,0.0
2021-08-26,12,AR1 alpha + Basic + One-Step,NYSE:HII,2.0042735064570577e-08
2021-08-27,12,AR1 alpha + Basic + One-Step,NYSE:HII,0.0
2021-08-30,12,AR1 alpha + Basic + One-Step,NYSE:HII,0.0
2021-08-31,12,AR1 alpha + Basic + One-Step,NYSE:HII,2.3396205696618764e-07
2021-09-01,12,AR1 alpha + Basic + One-Step,NYSE:HII,0.0
2021-09-02,12,AR1 alpha + Basic + One-Step,NYSE:HII,0.0
2021-09-03,12,AR1 alpha + Basic + One-Step,NYSE:HII,0.0
2021-09-07,12,AR1 alpha + Basic + One-Step,NYSE:HII,0.0
2021-09-08,12,AR1 alpha + Basic + One-Step,NYSE:HII,0.0
2021-09-09,12,AR1 alpha + Basic + One-Step,NYSE:HII,0.0
2021-09-10,12,AR1 alpha + Basic + One-Step,NYSE:HII,0.0
2021-09-13,12,AR1 alpha + Basic + One-Step,NYSE:HII,0.0
2021-09-14,12,AR1 alpha + Basic + One-Step,NYSE:HII,2.434915146563127e-07
2021-09-15,12,AR1 alpha + Basic + One-Step,NYSE:HII,0.0
2021-09-16,12,AR1 alpha + Basic + One-Step,NYSE:HII,0.0
2021-09-17,12,AR1 alpha + Basic + One-Step,NYSE:HII,0.0
2021-09-20,12,AR1 alpha + Basic + One-Step,NYSE:HII,0.0
2021-09-21,12,AR1 alpha + Basic + One-Step,NYSE:HII,1.5425652879012764e-07
2021-09-22,12,AR1 alpha + Basic + One-Step,NYSE:HII,0.0
2021-09-23,12,AR1 alpha + Basic + One-Step,NYSE:HII,0.0
2021-09-24,12,AR1 alpha + Basic + One-Step,NYSE:HII,0.0
2021-09-27,12,AR1 alpha + Basic + One-Step,NYSE:HII,0.0
2021-09-28,12,AR1 alpha + Basic + One-Step,NYSE:HII,0.0
2021-09-29,12,AR1 alpha + Basic + One-Step,NYSE:HII,0.0
2021-09-30,12,AR1 alpha + Basic + One-Step,NYSE:HII,0.0
2021-10-01,12,AR1 alpha + Basic + One-Step,NYSE:HII,0.0
2021-10-04,12,AR1 alpha + Basic + One-Step,NYSE:HII,0.0
2021-10-05,12,AR1 alpha + Basic + One-Step,NYSE:HII,0.0
2021-10-06,12,AR1 alpha + Basic + One-Step,NYSE:HII,4.3946600735592245e-08
2021-10-07,12,AR1 alpha + Basic + One-Step,NYSE:HII,0.0
2021-10-08,12,AR1 alpha + Basic + One-Step,NYSE:HII,0.0
2021-10-11,12,AR1 alpha + Basic + One-Step,NYSE:HII,0.0
2021-10-12,12,AR1 alpha + Basic + One-Step,NYSE:HII,0.0
2021-10-13,12,AR1 alpha + Basic + One-Step,NYSE:HII,0.0
2021-10-14,12,AR1 alpha + Basic + One-Step,NYSE:HII,0.0
2021-10-15,12,AR1 alpha + Basic + One-Step,NYSE:HII,0.0
2021-10-18,12,AR1 alpha + Basic + One-Step,NYSE:HII,0.0
2021-10-19,12,AR1 alpha + Basic + One-Step,NYSE:HII,1.5490310624680635e-07
2021-10-20,12,AR1 alpha + Basic + One-Step,NYSE:HII,0.0
2021-10-21,12,AR1 alpha + Basic + One-Step,NYSE:HII,0.0
2021-10-22,12,AR1 alpha + Basic + One-Step,NYSE:HII,0.0
2021-10-25,12,AR1 alpha + Basic + One-Step,NYSE:HII,0.0
2021-10-26,12,AR1 alpha + Basic + One-Step,NYSE:HII,0.0
2021-10-27,12,AR1 alpha + Basic + One-Step,NYSE:HII,0.0
2021-10-28,12,AR1 alpha + Basic + One-Step,NYSE:HII,0.0
2021-10-29,12,AR1 alpha + Basic + One-Step,NYSE:HII,0.0
2021-11-01,12,AR1 alpha + Basic + One-Step,NYSE:HII,3.5326723132631743e-07
2021-11-02,12,AR1 alpha + Basic + One-Step,NYSE:HII,0.0
2021-11-03,12,AR1 alpha + Basic + One-Step,NYSE:HII,0.0
2021-11-04,12,AR1 alpha + Basic + One-Step,NYSE:HII,0.0
2021-11-05,12,AR1 alpha + Basic + One-Step,NYSE:HII,0.0
2021-11-08,12,AR1 alpha + Basic + One-Step,NYSE:HII,0.0
2021-11-09,12,AR1 alpha + Basic + One-Step,NYSE:HII,3.7910916767330854e-08
2021-11-10,12,AR1 alpha + Basic + One-Step,NYSE:HII,3.953908363333005e-08
2021-11-11,12,AR1 alpha + Basic + One-Step,NYSE:HII,0.0
2021-11-12,12,AR1 alpha + Basic + One-Step,NYSE:HII,0.0
2021-11-15,12,AR1 alpha + Basic + One-Step,NYSE:HII,0.0
2021-11-16,12,AR1 alpha + Basic + One-Step,NYSE:HII,0.0
2021-11-17,12,AR1 alpha + Basic + One-Step,NYSE:HII,0.0
2021-11-18,12,AR1 alpha + Basic + One-Step,NYSE:HII,0.0
2021-11-19,12,AR1 alpha + Basic + One-Step,NYSE:HII,0.0
2021-11-22,12,AR1 alpha + Basic + One-Step,NYSE:HII,1.4427349356656573e-07
2021-11-23,12,AR1 alpha + Basic + One-Step,NYSE:HII,0.0
2021-11-24,12,AR1 alpha + Basic + One-Step,NYSE:HII,0.0
2021-11-26,12,AR1 alpha + Basic + One-Step,NYSE:HII,0.0
2021-11-29,12,AR1 alpha + Basic + One-Step,NYSE:HII,0.0
2021-11-30,12,AR1 alpha + Basic + One-Step,NYSE:HII,0.0
2021-12-01,12,AR1 alpha + Basic + One-Step,NYSE:HII,0.0
2021-12-02,12,AR1 alpha + Basic + One-Step,NYSE:HII,0.0
2021-12-03,12,AR1 alpha + Basic + One-Step,NYSE:HII,0.0
2021-12-06,12,AR1 alpha + Basic + One-Step,NYSE:HII,0.0
2021-12-07,12,AR1 alpha + Basic + One-Step,NYSE:HII,0.0
2021-12-08,12,AR1 alpha + Basic + One-Step,NYSE:HII,0.0
2021-12-09,12,AR1 alpha + Basic + One-Step,NYSE:HII,0.0
2021-12-10,12,AR1 alpha + Basic + One-Step,NYSE:HII,1.1758402046008536e-07
2021-12-13,12,AR1 alpha + Basic + One-Step,NYSE:HII,0.0
2021-12-14,12,AR1 alpha + Basic + One-Step,NYSE:HII,2.9522757821563415e-08
2021-12-15,12,AR1 alpha + Basic + One-Step,NYSE:HII,0.0
2021-12-16,12,AR1 alpha + Basic + One-Step,NYSE:HII,0.0
2021-12-17,12,AR1 alpha + Basic + One-Step,NYSE:HII,0.0
2021-12-20,12,AR1 alpha + Basic + One-Step,NYSE:HII,0.0
2021-12-21,12,AR1 alpha + Basic + One-Step,NYSE:HII,0.0
2021-12-22,12,AR1 alpha + Basic + One-Step,NYSE:HII,2.160184127712236e-07
2021-12-23,12,AR1 alpha + Basic + One-Step,NYSE:HII,0.0
2021-12-27,12,AR1 alpha + Basic + One-Step,NYSE:HII,0.0
2021-12-28,12,AR1 alpha + Basic + One-Step,NYSE:HII,0.0
2021-12-29,12,AR1 alpha + Basic + One-Step,NYSE:HII,0.0
2021-12-30,12,AR1 alpha + Basic + One-Step,NYSE:HII,1.1080048699417941e-06
2021-12-31,12,AR1 alpha + Basic + One-Step,NYSE:HII,4.994791030970063e-07
2022-01-03,12,AR1 alpha + Basic + One-Step,NYSE:HII,3.8327381862446387e-07
2022-01-04,12,AR1 alpha + Basic + One-Step,NYSE:HII,0.0
2022-01-05,12,AR1 alpha + Basic + One-Step,NYSE:HII,0.0
2022-01-06,12,AR1 alpha + Basic + One-Step,NYSE:HII,0.0
2022-01-07,12,AR1 alpha + Basic + One-Step,NYSE:HII,6.647220453708244e-08
2022-01-10,12,AR1 alpha + Basic + One-Step,NYSE:HII,0.0
2022-01-11,12,AR1 alpha + Basic + One-Step,NYSE:HII,0.0
2022-01-12,12,AR1 alpha + Basic + One-Step,NYSE:HII,0.0
2022-01-13,12,AR1 alpha + Basic + One-Step,NYSE:HII,9.885702831493885e-07
2022-01-14,12,AR1 alpha + Basic + One-Step,NYSE:HII,0.0
2022-01-18,12,AR1 alpha + Basic + One-Step,NYSE:HII,0.0
2022-01-19,12,AR1 alpha + Basic + One-Step,NYSE:HII,0.0
2022-01-20,12,AR1 alpha + Basic + One-Step,NYSE:HII,0.0
2022-01-21,12,AR1 alpha + Basic + One-Step,NYSE:HII,3.5347638173319104e-07
2022-01-24,12,AR1 alpha + Basic + One-Step,NYSE:HII,0.0
2022-01-25,12,AR1 alpha + Basic + One-Step,NYSE:HII,0.0
2022-01-26,12,AR1 alpha + Basic + One-Step,NYSE:HII,5.242177366989431e-08
2022-01-27,12,AR1 alpha + Basic + One-Step,NYSE:HII,0.0
2022-01-28,12,AR1 alpha + Basic + One-Step,NYSE:HII,6.992837930476869e-10
2022-01-31,12,AR1 alpha + Basic + One-Step,NYSE:HII,0.0
2022-02-01,12,AR1 alpha + Basic + One-Step,NYSE:HII,0.0
2022-02-02,12,AR1 alpha + Basic + One-Step,NYSE:HII,0.0
2022-02-03,12,AR1 alpha + Basic + One-Step,NYSE:HII,0.0
2022-02-04,12,AR1 alpha + Basic + One-Step,NYSE:HII,2.9250306814093744e-08
2022-02-07,12,AR1 alpha + Basic + One-Step,NYSE:HII,2.944366810386755e-09
2022-02-08,12,AR1 alpha + Basic + One-Step,NYSE:HII,0.0
2022-02-09,12,AR1 alpha + Basic + One-Step,NYSE:HII,2.1429505322666446e-08
2022-02-10,12,AR1 alpha + Basic + One-Step,NYSE:HII,3.6084367322934946e-08
2022-02-11,12,AR1 alpha + Basic + One-Step,NYSE:HII,1.3382176288594522e-07
2022-02-14,12,AR1 alpha + Basic + One-Step,NYSE:HII,2.884913206456203e-07
2022-02-15,12,AR1 alpha + Basic + One-Step,NYSE:HII,1.1590178765885722e-07
2022-02-16,12,AR1 alpha + Basic + One-Step,NYSE:HII,0.0
2022-02-17,12,AR1 alpha + Basic + One-Step,NYSE:HII,0.0
2022-02-18,12,AR1 alpha + Basic + One-Step,NYSE:HII,3.516740661055724e-07
2022-02-22,12,AR1 alpha + Basic + One-Step,NYSE:HII,2.3043486202312153e-07
2022-02-23,12,AR1 alpha + Basic + One-Step,NYSE:HII,0.0
2022-02-24,12,AR1 alpha + Basic + One-Step,NYSE:HII,0.0
2022-02-25,12,AR1 alpha + Basic + One-Step,NYSE:HII,1.6822365355649604e-07
2022-02-28,12,AR1 alpha + Basic + One-Step,NYSE:HII,0.0
2022-03-01,12,AR1 alpha + Basic + One-Step,NYSE:HII,8.442871429464219e-08
2022-03-02,12,AR1 alpha + Basic + One-Step,NYSE:HII,0.0
2022-03-03,12,AR1 alpha + Basic + One-Step,NYSE:HII,0.0
2022-03-04,12,AR1 alpha + Basic + One-Step,NYSE:HII,0.0
2022-03-07,12,AR1 alpha + Basic + One-Step,NYSE:HII,2.490049106698595e-09
2022-03-08,12,AR1 alpha + Basic + One-Step,NYSE:HII,1.9292514056568437e-06
2022-03-09,12,AR1 alpha + Basic + One-Step,NYSE:HII,3.937155103238333e-07
2022-03-10,12,AR1 alpha + Basic + One-Step,NYSE:HII,2.6778708309088335e-07
2022-03-11,12,AR1 alpha + Basic + One-Step,NYSE:HII,6.928662562538236e-07
2022-03-14,12,AR1 alpha + Basic + One-Step,NYSE:HII,8.423096041958661e-08
2022-03-15,12,AR1 alpha + Basic + One-Step,NYSE:HII,6.181976751321556e-08
2022-03-16,12,AR1 alpha + Basic + One-Step,NYSE:HII,0.0
2022-03-17,12,AR1 alpha + Basic + One-Step,NYSE:HII,0.0
2022-03-18,12,AR1 alpha + Basic + One-Step,NYSE:HII,0.0
2022-03-21,12,AR1 alpha + Basic + One-Step,NYSE:HII,0.0
2022-03-22,12,AR1 alpha + Basic + One-Step,NYSE:HII,0.0
2022-03-23,12,AR1 alpha + Basic + One-Step,NYSE:HII,0.0
2022-03-24,12,AR1 alpha + Basic + One-Step,NYSE:HII,8.632291138598597e-08
2022-03-25,12,AR1 alpha + Basic + One-Step,NYSE:HII,0.0
2022-03-28,12,AR1 alpha + Basic + One-Step,NYSE:HII,5.601153216557603e-08
2022-03-29,12,AR1 alpha + Basic + One-Step,NYSE:HII,0.0
2022-03-30,12,AR1 alpha + Basic + One-Step,NYSE:HII,0.0
2022-03-31,12,AR1 alpha + Basic + One-Step,NYSE:HII,0.0
2022-04-01,12,AR1 alpha + Basic + One-Step,NYSE:HII,0.0
2022-04-04,12,AR1 alpha + Basic + One-Step,NYSE:HII,0.0
2022-04-05,12,AR1 alpha + Basic + One-Step,NYSE:HII,0.0
2022-04-06,12,AR1 alpha + Basic + One-Step,NYSE:HII,0.0
2022-04-07,12,AR1 alpha + Basic + One-Step,NYSE:HII,3.8670975922103215e-09
2022-04-08,12,AR1 alpha + Basic + One-Step,NYSE:HII,0.0
2022-04-11,12,AR1 alpha + Basic + One-Step,NYSE:HII,0.0
2022-04-12,12,AR1 alpha + Basic + One-Step,NYSE:HII,0.0
2022-04-13,12,AR1 alpha + Basic + One-Step,NYSE:HII,3.7696249116435477e-07
2022-04-14,12,AR1 alpha + Basic + One-Step,NYSE:HII,2.5130609327157825e-07
2022-04-18,12,AR1 alpha + Basic + One-Step,NYSE:HII,5.408446627259976e-08
2022-04-19,12,AR1 alpha + Basic + One-Step,NYSE:HII,0.0
2022-04-20,12,AR1 alpha + Basic + One-Step,NYSE:HII,1.2735577705679258e-07
2022-04-21,12,AR1 alpha + Basic + One-Step,NYSE:HII,0.0
2022-04-22,12,AR1 alpha + Basic + One-Step,NYSE:HII,0.0
2022-04-25,12,AR1 alpha + Basic + One-Step,NYSE:HII,0.0
2022-04-26,12,AR1 alpha + Basic + One-Step,NYSE:HII,0.0
2022-04-27,12,AR1 alpha + Basic + One-Step,NYSE:HII,0.0
2022-04-28,12,AR1 alpha + Basic + One-Step,NYSE:HII,2.1575076610265815e-08
2022-04-29,12,AR1 alpha + Basic + One-Step,NYSE:HII,0.0
2022-05-02,12,AR1 alpha + Basic + One-Step,NYSE:HII,0.0
2022-05-03,12,AR1 alpha + Basic + One-Step,NYSE:HII,0.0
2022-05-04,12,AR1 alpha + Basic + One-Step,NYSE:HII,3.5256557263759375e-07
2022-05-05,12,AR1 alpha + Basic + One-Step,NYSE:HII,0.0
2022-05-06,12,AR1 alpha + Basic + One-Step,NYSE:HII,1.1251389474374138e-08
2022-05-09,12,AR1 alpha + Basic + One-Step,NYSE:HII,0.0
2022-05-10,12,AR1 alpha + Basic + One-Step,NYSE:HII,0.0
2022-05-11,12,AR1 alpha + Basic + One-Step,NYSE:HII,0.0
2022-05-12,12,AR1 alpha + Basic + One-Step,NYSE:HII,0.0
2022-05-13,12,AR1 alpha + Basic + One-Step,NYSE:HII,0.0
2022-05-16,12,AR1 alpha + Basic + One-Step,NYSE:HII,6.740244995988994e-07
2022-05-17,12,AR1 alpha + Basic + One-Step,NYSE:HII,4.680124331486404e-07
2022-05-18,12,AR1 alpha + Basic + One-Step,NYSE:HII,8.224349431641574e-08
2022-05-19,12,AR1 alpha + Basic + One-Step,NYSE:HII,0.0
2022-05-20,12,AR1 alpha + Basic + One-Step,NYSE:HII,0.0
2022-05-23,12,AR1 alpha + Basic + One-Step,NYSE:HII,1.7578329509969765e-07
2022-05-24,12,AR1 alpha + Basic + One-Step,NYSE:HII,0.0
2022-05-25,12,AR1 alpha + Basic + One-Step,NYSE:HII,2.2662963849314316e-07
2022-05-26,12,AR1 alpha + Basic + One-Step,NYSE:HII,0.0
2022-05-27,12,AR1 alpha + Basic + One-Step,NYSE:HII,4.761539593786909e-09
2022-05-31,12,AR1 alpha + Basic + One-Step,NYSE:HII,0.0
2022-06-01,12,AR1 alpha + Basic + One-Step,NYSE:HII,0.0
2022-06-02,12,AR1 alpha + Basic + One-Step,NYSE:HII,0.0
2022-06-03,12,AR1 alpha + Basic + One-Step,NYSE:HII,0.0
2022-06-06,12,AR1 alpha + Basic + One-Step,NYSE:HII,0.0
2022-06-07,12,AR1 alpha + Basic + One-Step,NYSE:HII,0.0
2022-06-08,12,AR1 alpha + Basic + One-Step,NYSE:HII,3.739966358700786e-07
2022-06-09,12,AR1 alpha + Basic + One-Step,NYSE:HII,0.0
2022-06-10,12,AR1 alpha + Basic + One-Step,NYSE:HII,5.7367401027319544e-08
2022-06-13,12,AR1 alpha + Basic + One-Step,NYSE:HII,2.8199347892457004e-07
2022-06-14,12,AR1 alpha + Basic + One-Step,NYSE:HII,2.2723119301743616e-07
2022-06-15,12,AR1 alpha + Basic + One-Step,NYSE:HII,1.9765206559572836e-07
2022-06-16,12,AR1 alpha + Basic + One-Step,NYSE:HII,0.0
2022-06-17,12,AR1 alpha + Basic + One-Step,NYSE:HII,0.0
2022-06-21,12,AR1 alpha + Basic + One-Step,NYSE:HII,1.7357299711567317e-06
2022-06-22,12,AR1 alpha + Basic + One-Step,NYSE:HII,1.1769346300039492e-06
2022-06-23,12,AR1 alpha + Basic + One-Step,NYSE:HII,0.0
2022-06-24,12,AR1 alpha + Basic + One-Step,NYSE:HII,0.0731457665028845
2022-06-27,12,AR1 alpha + Basic + One-Step,NYSE:HII,0.09999833745100951
2022-06-28,12,AR1 alpha + Basic + One-Step,NYSE:HII,0.09999651481579068
2022-06-29,12,AR1 alpha + Basic + One-Step,NYSE:HII,0.07710181073834758
2022-06-30,12,AR1 alpha + Basic + One-Step,NYSE:HII,0.06627353878854185
2022-07-01,12,AR1 alpha + Basic + One-Step,NYSE:HII,0.08693541443020258
2022-07-05,12,AR1 alpha + Basic + One-Step,NYSE:HII,0.08580139201171046
2022-07-06,12,AR1 alpha + Basic + One-Step,NYSE:HII,0.0732419577499221
2022-07-07,12,AR1 alpha + Basic + One-Step,NYSE:HII,0.07324183851987907
2022-07-08,12,AR1 alpha + Basic + One-Step,NYSE:HII,0.09999259024999434
2022-07-11,12,AR1 alpha + Basic + One-Step,NYSE:HII,0.09999244653875673
2022-07-12,12,AR1 alpha + Basic + One-Step,NYSE:HII,0.08316931094900472
2022-07-13,12,AR1 alpha + Basic + One-Step,NYSE:HII,0.07506764281140813
2022-07-14,12,AR1 alpha + Basic + One-Step,NYSE:HII,0.0
2022-07-15,12,AR1 alpha + Basic + One-Step,NYSE:HII,0.0999947005612686
2022-07-18,12,AR1 alpha + Basic + One-Step,NYSE:HII,0.08450258444351277
2022-07-19,12,AR1 alpha + Basic + One-Step,NYSE:HII,0.0181805433622365
2022-07-20,12,AR1 alpha + Basic + One-Step,NYSE:HII,0.020169356809986938
2022-07-21,12,AR1 alpha + Basic + One-Step,NYSE:HII,0.060280809655919504
2022-07-22,12,AR1 alpha + Basic + One-Step,NYSE:HII,0.03424302459992731
2022-07-25,12,AR1 alpha + Basic + One-Step,NYSE:HII,0.0
2022-07-26,12,AR1 alpha + Basic + One-Step,NYSE:HII,2.709726805296009e-09
2022-07-27,12,AR1 alpha + Basic + One-Step,NYSE:HII,0.0
2022-07-28,12,AR1 alpha + Basic + One-Step,NYSE:HII,0.019112575163185146
2022-07-29,12,AR1 alpha + Basic + One-Step,NYSE:HII,0.0
2022-08-01,12,AR1 alpha + Basic + One-Step,NYSE:HII,0.06315294227559898
2022-08-02,12,AR1 alpha + Basic + One-Step,NYSE:HII,0.06315246842298484
2022-08-03,12,AR1 alpha + Basic + One-Step,NYSE:HII,0.08290441319360066
2022-08-04,12,AR1 alpha + Basic + One-Step,NYSE:HII,0.09999756538267507
2022-08-05,12,AR1 alpha + Basic + One-Step,NYSE:HII,0.09999675400097362
2022-08-08,12,AR1 alpha + Basic + One-Step,NYSE:HII,0.09646278962732704
2022-08-09,12,AR1 alpha + Basic + One-Step,NYSE:HII,0.09999887502962013
2022-08-10,12,AR1 alpha + Basic + One-Step,NYSE:HII,0.09999845321936007
2022-08-11,12,AR1 alpha + Basic + One-Step,NYSE:HII,0.09999863143010031
2022-08-12,12,AR1 alpha + Basic + One-Step,NYSE:HII,0.09563702209743215
2022-08-15,12,AR1 alpha + Basic + One-Step,NYSE:HII,0.09999637088628638
2022-08-16,12,AR1 alpha + Basic + One-Step,NYSE:HII,0.09999713098637977
2022-08-17,12,AR1 alpha + Basic + One-Step,NYSE:HII,0.09999827651714441
2022-08-18,12,AR1 alpha + Basic + One-Step,NYSE:HII,0.09999833057957556
2022-08-19,12,AR1 alpha + Basic + One-Step,NYSE:HII,0.09999910230652993
2022-08-22,12,AR1 alpha + Basic + One-Step,NYSE:HII,0.09999535103485285
2022-08-23,12,AR1 alpha + Basic + One-Step,NYSE:HII,0.0999961079262482
2022-08-24,12,AR1 alpha + Basic + One-Step,NYSE:HII,0.09999817354494304
2022-08-25,12,AR1 alpha + Basic + One-Step,NYSE:HII,0.09999500569836708
2022-08-26,12,AR1 alpha + Basic + One-Step,NYSE:HII,0.099991591925565
2022-08-29,12,AR1 alpha + Basic + One-Step,NYSE:HII,0.09999260939040748
2022-08-30,12,AR1 alpha + Basic + One-Step,NYSE:HII,0.09999158133283892
2022-08-31,12,AR1 alpha + Basic + One-Step,NYSE:HII,0.09999197067070596
2022-09-01,12,AR1 alpha + Basic + One-Step,NYSE:HII,0.07997296093341276
2022-09-02,12,AR1 alpha + Basic + One-Step,NYSE:HII,0.09999899121178224
2022-09-06,12,AR1 alpha + Basic + One-Step,NYSE:HII,0.09999852964872319
2022-09-07,12,AR1 alpha + Basic + One-Step,NYSE:HII,0.09999458831179427
2022-09-08,12,AR1 alpha + Basic + One-Step,NYSE:HII,0.09999614701681978
2022-09-09,12,AR1 alpha + Basic + One-Step,NYSE:HII,0.09999632195173476
2022-09-12,12,AR1 alpha + Basic + One-Step,NYSE:HII,0.0999977094138845
2022-09-13,12,AR1 alpha + Basic + One-Step,NYSE:HII,0.09999794633742377
2022-09-14,12,AR1 alpha + Basic + One-Step,NYSE:HII,0.09999878163380432
2022-09-15,12,AR1 alpha + Basic + One-Step,NYSE:HII,0.09999913706305881
2022-09-16,12,AR1 alpha + Basic + One-Step,NYSE:HII,0.09999949618640609
2022-09-19,12,AR1 alpha + Basic + One-Step,NYSE:HII,0.09999694571246551
2022-09-20,12,AR1 alpha + Basic + One-Step,NYSE:HII,0.09999857973233424
2022-09-21,12,AR1 alpha + Basic + One-Step,NYSE:HII,0.09999819427503881
2022-09-22,12,AR1 alpha + Basic + One-Step,NYSE:HII,0.09999879088330092
2022-09-23,12,AR1 alpha + Basic + One-Step,NYSE:HII,0.09999761246517123
2022-09-26,12,AR1 alpha + Basic + One-Step,NYSE:HII,0.09999850284634533
2022-09-27,12,AR1 alpha + Basic + One-Step,NYSE:HII,0.09999891750088788
2022-09-28,12,AR1 alpha + Basic + One-Step,NYSE:HII,0.09999858838184134
2022-09-29,12,AR1 alpha + Basic + One-Step,NYSE:HII,0.099998962683754
2022-09-30,12,AR1 alpha + Basic + One-Step,NYSE:HII,0.09999853001890582
2022-10-03,12,AR1 alpha + Basic + One-Step,NYSE:HII,0.0999933844082549
2022-10-04,12,AR1 alpha + Basic + One-Step,NYSE:HII,0.09999484653460505
2022-10-05,12,AR1 alpha + Basic + One-Step,NYSE:HII,0.09999648719465543
2022-10-06,12,AR1 alpha + Basic + One-Step,NYSE:HII,0.09999400183034989
2022-10-07,12,AR1 alpha + Basic + One-Step,NYSE:HII,0.09999612399920951
2022-10-10,12,AR1 alpha + Basic + One-Step,NYSE:HII,0.09999724379751253
2022-10-11,12,AR1 alpha + Basic + One-Step,NYSE:HII,0.09999754993861104
2022-10-12,12,AR1 alpha + Basic + One-Step,NYSE:HII,0.09999840578778121
2022-10-13,12,AR1 alpha + Basic + One-Step,NYSE:HII,0.0999988573816681
2022-10-14,12,AR1 alpha + Basic + One-Step,NYSE:HII,0.09999975889220061
2022-10-17,12,AR1 alpha + Basic + One-Step,NYSE:HII,0.09999368721717523
2022-10-18,12,AR1 alpha + Basic + One-Step,NYSE:HII,0.09999306965364393
2022-10-19,12,AR1 alpha + Basic + One-Step,NYSE:HII,0.09999560707335228
2022-10-20,12,AR1 alpha + Basic + One-Step,NYSE:HII,0.0999971611968834
2022-10-21,12,AR1 alpha + Basic + One-Step,NYSE:HII,0.0999980091752065
2022-10-24,12,AR1 alpha + Basic + One-Step,NYSE:HII,0.09999844772111911
2022-10-25,12,AR1 alpha + Basic + One-Step,NYSE:HII,0.09998826004678296
2022-10-26,12,AR1 alpha + Basic + One-Step,NYSE:HII,0.09998231219716028
2022-10-27,12,AR1 alpha + Basic + One-Step,NYSE:HII,0.09998930160485989
2022-10-28,12,AR1 alpha + Basic + One-Step,NYSE:HII,0.09999378588810255
2022-10-31,12,AR1 alpha + Basic + One-Step,NYSE:HII,0.09999639353676402
2022-11-01,12,AR1 alpha + Basic + One-Step,NYSE:HII,0.09999409923256251
2022-11-02,12,AR1 alpha + Basic + One-Step,NYSE:HII,0.09999754699543446
2022-11-03,12,AR1 alpha + Basic + One-Step,NYSE:HII,0.10000003108189846
2022-11-04,12,AR1 alpha + Basic + One-Step,NYSE:HII,0.10000077771749039
2022-11-07,12,AR1 alpha + Basic + One-Step,NYSE:HII,0.10000007194936038
2022-11-08,12,AR1 alpha + Basic + One-Step,NYSE:HII,0.09999653057354296
2022-11-09,12,AR1 alpha + Basic + One-Step,NYSE:HII,0.09999224718316124
2022-11-10,12,AR1 alpha + Basic + One-Step,NYSE:HII,0.09999475497462584
2022-11-11,12,AR1 alpha + Basic + One-Step,NYSE:HII,0.09999677929713288
2022-11-14,12,AR1 alpha + Basic + One-Step,NYSE:HII,0.09998989551075578
2022-11-15,12,AR1 alpha + Basic + One-Step,NYSE:HII,0.09998867901401395
2022-11-16,12,AR1 alpha + Basic + One-Step,NYSE:HII,0.09999296538333374
2022-11-17,12,AR1 alpha + Basic + One-Step,NYSE:HII,0.09999076080377453
2022-11-18,12,AR1 alpha + Basic + One-Step,NYSE:HII,0.09999571288086376
2022-11-21,12,AR1 alpha + Basic + One-Step,NYSE:HII,0.09999814606521686
2022-11-22,12,AR1 alpha + Basic + One-Step,NYSE:HII,0.09999864913216205
2022-11-23,12,AR1 alpha + Basic + One-Step,NYSE:HII,0.09999898963371238
2022-11-25,12,AR1 alpha + Basic + One-Step,NYSE:HII,0.09999907938284636
2022-11-28,12,AR1 alpha + Basic + One-Step,NYSE:HII,0.09999831376770064
2022-11-29,12,AR1 alpha + Basic + One-Step,NYSE:HII,0.09999753554237359
2022-11-30,12,AR1 alpha + Basic + One-Step,NYSE:HII,0.09999886639617031
2022-12-01,12,AR1 alpha + Basic + One-Step,NYSE:HII,0.09999996592829699
2022-12-02,12,AR1 alpha + Basic + One-Step,NYSE:HII,0.09999273888660778
2022-12-05,12,AR1 alpha + Basic + One-Step,NYSE:HII,0.09999558939566515
2022-12-06,12,AR1 alpha + Basic + One-Step,NYSE:HII,0.09999523810216093
2022-12-07,12,AR1 alpha + Basic + One-Step,NYSE:HII,0.0999957005316595
2022-12-08,12,AR1 alpha + Basic + One-Step,NYSE:HII,0.09999552696863102
2022-12-09,12,AR1 alpha + Basic + One-Step,NYSE:HII,0.09999433903066625
2022-12-12,12,AR1 alpha + Basic + One-Step,NYSE:HII,0.09999734692625968
2022-12-13,12,AR1 alpha + Basic + One-Step,NYSE:HII,0.09999670738108575
2022-12-14,12,AR1 alpha + Basic + One-Step,NYSE:HII,0.09999880390794282
2022-12-15,12,AR1 alpha + Basic + One-Step,NYSE:HII,0.09999496513425415
2022-12-16,12,AR1 alpha + Basic + One-Step,NYSE:HII,0.09999519148966914
2022-12-19,12,AR1 alpha + Basic + One-Step,NYSE:HII,0.09999564047434001
2022-12-20,12,AR1 alpha + Basic + One-Step,NYSE:HII,0.09999734324370485
2022-12-21,12,AR1 alpha + Basic + One-Step,NYSE:HII,0.09999869658971955
2022-12-22,12,AR1 alpha + Basic + One-Step,NYSE:HII,0.09999897809576264
2022-12-23,12,AR1 alpha + Basic + One-Step,NYSE:HII,0.09999920845688597
2022-12-27,12,AR1 alpha + Basic + One-Step,NYSE:HII,0.10000015568540074
2022-12-28,12,AR1 alpha + Basic + One-Step,NYSE:HII,0.0999974164735321
2022-12-29,12,AR1 alpha + Basic + One-Step,NYSE:HII,0.09999854559949681
2022-12-30,12,AR1 alpha + Basic + One-Step,NYSE:HII,0.09999634373233082
2023-01-03,12,AR1 alpha + Basic + One-Step,NYSE:HII,0.09999790411561088
2023-01-04,12,AR1 alpha + Basic + One-Step,NYSE:HII,0.09999858241306914
2023-01-05,12,AR1 alpha + Basic + One-Step,NYSE:HII,0.09999589075719337
2023-01-06,12,AR1 alpha + Basic + One-Step,NYSE:HII,0.09999723582732434
2023-01-09,12,AR1 alpha + Basic + One-Step,NYSE:HII,0.09999597250403779
2023-01-10,12,AR1 alpha + Basic + One-Step,NYSE:HII,0.09999553842194993
2023-01-11,12,AR1 alpha + Basic + One-Step,NYSE:HII,0.09999704279779453
2023-01-12,12,AR1 alpha + Basic + One-Step,NYSE:HII,0.09999642865130305
2023-01-13,12,AR1 alpha + Basic + One-Step,NYSE:HII,0.09999776155943617
2023-01-17,12,AR1 alpha + Basic + One-Step,NYSE:HII,0.09999535342244747
2023-01-18,12,AR1 alpha + Basic + One-Step,NYSE:HII,0.09999098266006662
2023-01-19,12,AR1 alpha + Basic + One-Step,NYSE:HII,0.09999056800408405
2023-01-20,12,AR1 alpha + Basic + One-Step,NYSE:HII,0.0999954212867378
2023-01-23,12,AR1 alpha + Basic + One-Step,NYSE:HII,0.09999687994259636
2023-01-24,12,AR1 alpha + Basic + One-Step,NYSE:HII,0.09999017724245776
2023-01-25,12,AR1 alpha + Basic + One-Step,NYSE:HII,0.09999501375588928
2023-01-26,12,AR1 alpha + Basic + One-Step,NYSE:HII,0.09999668220742813
2023-01-27,12,AR1 alpha + Basic + One-Step,NYSE:HII,0.09999815867104012
2023-01-30,12,AR1 alpha + Basic + One-Step,NYSE:HII,0.09999881347489274
2023-01-31,12,AR1 alpha + Basic + One-Step,NYSE:HII,0.09999895083964805
2023-02-01,12,AR1 alpha + Basic + One-Step,NYSE:HII,0.09999887796300458
2023-02-02,12,AR1 alpha + Basic + One-Step,NYSE:HII,0.10000048625524163
2023-02-03,12,AR1 alpha + Basic + One-Step,NYSE:HII,0.10000007172773456
2023-02-06,12,AR1 alpha + Basic + One-Step,NYSE:HII,0.09999826683651405
2023-02-07,12,AR1 alpha + Basic + One-Step,NYSE:HII,0.09999893494403071
2023-02-08,12,AR1 alpha + Basic + One-Step,NYSE:HII,0.0999990754610893
2023-02-09,12,AR1 alpha + Basic + One-Step,NYSE:HII,0.09999057468281182
2023-02-10,12,AR1 alpha + Basic + One-Step,NYSE:HII,0.09999634146960924
2023-02-13,12,AR1 alpha + Basic + One-Step,NYSE:HII,0.09999816185939919
2023-02-14,12,AR1 alpha + Basic + One-Step,NYSE:HII,0.09999926706353746
2023-02-15,12,AR1 alpha + Basic + One-Step,NYSE:HII,0.0999964707810267
2023-02-16,12,AR1 alpha + Basic + One-Step,NYSE:HII,0.0999986025214939
2023-02-17,12,AR1 alpha + Basic + One-Step,NYSE:HII,0.09999930516377385
2023-02-21,12,AR1 alpha + Basic + One-Step,NYSE:HII,0.09999947480014518
2023-02-22,12,AR1 alpha + Basic + One-Step,NYSE:HII,0.09999740740869319
2023-02-23,12,AR1 alpha + Basic + One-Step,NYSE:HII,0.09999848196353466
2023-02-24,12,AR1 alpha + Basic + One-Step,NYSE:HII,0.09999075629286809
2023-02-27,12,AR1 alpha + Basic + One-Step,NYSE:HII,0.09999423188835717
2023-02-28,12,AR1 alpha + Basic + One-Step,NYSE:HII,0.09999643241461759
2023-03-01,12,AR1 alpha + Basic + One-Step,NYSE:HII,0.09999823680920844
2023-03-02,12,AR1 alpha + Basic + One-Step,NYSE:HII,0.09999935236140095
2023-03-03,12,AR1 alpha + Basic + One-Step,NYSE:HII,0.09998988303270702
2023-03-06,12,AR1 alpha + Basic + One-Step,NYSE:HII,0.0999903983409527
2023-03-07,12,AR1 alpha + Basic + One-Step,NYSE:HII,0.09999521417320376
2023-03-08,12,AR1 alpha + Basic + One-Step,NYSE:HII,0.09999764434730128
2023-03-09,12,AR1 alpha + Basic + One-Step,NYSE:HII,0.09999321676276396
2023-03-10,12,AR1 alpha + Basic + One-Step,NYSE:HII,0.09999548711870844
2023-03-13,12,AR1 alpha + Basic + One-Step,NYSE:HII,0.09999706295905485
2023-03-14,12,AR1 alpha + Basic + One-Step,NYSE:HII,0.09999389641161319
2023-03-15,12,AR1 alpha + Basic + One-Step,NYSE:HII,0.09999606935436715
2023-03-16,12,AR1 alpha + Basic + One-Step,NYSE:HII,0.099998124410367
2023-03-17,12,AR1 alpha + Basic + One-Step,NYSE:HII,0.0999983837199392
2023-03-20,12,AR1 alpha + Basic + One-Step,NYSE:HII,0.10000126438942232
2023-03-21,12,AR1 alpha + Basic + One-Step,NYSE:HII,0.10000056002821929
2023-03-22,12,AR1 alpha + Basic + One-Step,NYSE:HII,0.10000027166955044
2023-03-23,12,AR1 alpha + Basic + One-Step,NYSE:HII,0.1000003228937945
2023-03-24,12,AR1 alpha + Basic + One-Step,NYSE:HII,0.1000001957580963
2023-03-27,12,AR1 alpha + Basic + One-Step,NYSE:HII,0.09999413012012279
2023-03-28,12,AR1 alpha + Basic + One-Step,NYSE:HII,0.09999626656159626
2023-03-29,12,AR1 alpha + Basic + One-Step,NYSE:HII,0.09999755182286213
2023-03-30,12,AR1 alpha + Basic + One-Step,NYSE:HII,0.09999716355301748
2023-03-31,12,AR1 alpha + Basic + One-Step,NYSE:HII,0.09999868456745394
2023-04-03,12,AR1 alpha + Basic + One-Step,NYSE:HII,0.09999114786303163
2023-04-04,12,AR1 alpha + Basic + One-Step,NYSE:HII,0.09999047953068492
2023-04-05,12,AR1 alpha + Basic + One-Step,NYSE:HII,0.09999401946250146
2023-04-06,12,AR1 alpha + Basic + One-Step,NYSE:HII,0.09999655565314645
2023-04-10,12,AR1 alpha + Basic + One-Step,NYSE:HII,0.09998415778992052
2023-04-11,12,AR1 alpha + Basic + One-Step,NYSE:HII,0.09999022014621997
2023-04-12,12,AR1 alpha + Basic + One-Step,NYSE:HII,0.09999165057482437
2023-04-13,12,AR1 alpha + Basic + One-Step,NYSE:HII,0.09999490836487461
2023-04-14,12,AR1 alpha + Basic + One-Step,NYSE:HII,0.0999969069638158
2023-04-17,12,AR1 alpha + Basic + One-Step,NYSE:HII,0.09999801481809202
2023-04-18,12,AR1 alpha + Basic + One-Step,NYSE:HII,0.0999954123262148
2023-04-19,12,AR1 alpha + Basic + One-Step,NYSE:HII,0.09044880693101562
2023-04-20,12,AR1 alpha + Basic + One-Step,NYSE:HII,0.09044881616079396
2023-04-21,12,AR1 alpha + Basic + One-Step,NYSE:HII,0.09650308134894195
2023-04-24,12,AR1 alpha + Basic + One-Step,NYSE:HII,0.08410865768648189
2023-04-25,12,AR1 alpha + Basic + One-Step,NYSE:HII,0.05917402467458648
2023-04-26,12,AR1 alpha + Basic + One-Step,NYSE:HII,0.015320011849202056
2023-04-27,12,AR1 alpha + Basic + One-Step,NYSE:HII,0.016470788904037942
2023-04-28,12,AR1 alpha + Basic + One-Step,NYSE:HII,5.7112345178126763e-08
2023-05-01,12,AR1 alpha + Basic + One-Step,NYSE:HII,5.105514628480399e-08
2023-05-02,12,AR1 alpha + Basic + One-Step,NYSE:HII,8.221223954146056e-08
2023-05-03,12,AR1 alpha + Basic + One-Step,NYSE:HII,5.57279370461051e-07
2023-05-04,12,AR1 alpha + Basic + One-Step,NYSE:HII,0.0
2023-05-05,12,AR1 alpha + Basic + One-Step,NYSE:HII,2.464536340576934e-07
2023-05-08,12,AR1 alpha + Basic + One-Step,NYSE:HII,2.811326545645213e-07
2023-05-09,12,AR1 alpha + Basic + One-Step,NYSE:HII,1.495004105557828e-07
2023-05-10,12,AR1 alpha + Basic + One-Step,NYSE:HII,0.0
2023-05-11,12,AR1 alpha + Basic + One-Step,NYSE:HII,5.606238378279201e-07
2023-05-12,12,AR1 alpha + Basic + One-Step,NYSE:HII,8.755236339316677e-07
2023-05-15,12,AR1 alpha + Basic + One-Step,NYSE:HII,5.835085596407159e-07
2023-05-16,12,AR1 alpha + Basic + One-Step,NYSE:HII,0.0
2023-05-17,12,AR1 alpha + Basic + One-Step,NYSE:HII,0.0
2023-05-18,12,AR1 alpha + Basic + One-Step,NYSE:HII,0.0
2023-05-19,12,AR1 alpha + Basic + One-Step,NYSE:HII,0.0
2023-05-22,12,AR1 alpha + Basic + One-Step,NYSE:HII,0.0
2023-05-23,12,AR1 alpha + Basic + One-Step,NYSE:HII,7.32473503800464e-08
2023-05-24,12,AR1 alpha + Basic + One-Step,NYSE:HII,0.0
2023-05-25,12,AR1 alpha + Basic + One-Step,NYSE:HII,0.051201007968045636
2023-05-26,12,AR1 alpha + Basic + One-Step,NYSE:HII,0.0
2023-05-30,12,AR1 alpha + Basic + One-Step,NYSE:HII,0.0
2023-05-31,12,AR1 alpha + Basic + One-Step,NYSE:HII,0.0
2023-06-01,12,AR1 alpha + Basic + One-Step,NYSE:HII,0.0
2023-06-02,12,AR1 alpha + Basic + One-Step,NYSE:HII,0.0
2023-06-05,12,AR1 alpha + Basic + One-Step,NYSE:HII,0.0
2023-06-06,12,AR1 alpha + Basic + One-Step,NYSE:HII,2.7709074435163653e-06
2023-06-07,12,AR1 alpha + Basic + One-Step,NYSE:HII,1.8095340811574986e-06
2023-06-08,12,AR1 alpha + Basic + One-Step,NYSE:HII,1.2724288512453001e-06
2023-06-09,12,AR1 alpha + Basic + One-Step,NYSE:HII,2.3517114824842252e-06
2023-06-12,12,AR1 alpha + Basic + One-Step,NYSE:HII,3.259752766698333e-08
2023-06-13,12,AR1 alpha + Basic + One-Step,NYSE:HII,1.6570877175769366e-07
2023-06-14,12,AR1 alpha + Basic + One-Step,NYSE:HII,2.6587216272724813e-07
2023-06-15,12,AR1 alpha + Basic + One-Step,NYSE:HII,0.0
2023-06-16,12,AR1 alpha + Basic + One-Step,NYSE:HII,5.676281953446803e-08
2023-06-20,12,AR1 alpha + Basic + One-Step,NYSE:HII,0.0
2023-06-21,12,AR1 alpha + Basic + One-Step,NYSE:HII,0.0
2023-06-22,12,AR1 alpha + Basic + One-Step,NYSE:HII,0.0
2023-06-23,12,AR1 alpha + Basic + One-Step,NYSE:HII,0.0
2023-06-26,12,AR1 alpha + Basic + One-Step,NYSE:HII,1.4251937105452476e-06
2023-06-27,12,AR1 alpha + Basic + One-Step,NYSE:HII,0.0
2023-06-28,12,AR1 alpha + Basic + One-Step,NYSE:HII,0.0
2023-06-29,12,AR1 alpha + Basic + One-Step,NYSE:HII,0.0
2023-06-30,12,AR1 alpha + Basic + One-Step,NYSE:HII,0.0
2023-07-03,12,AR1 alpha + Basic + One-Step,NYSE:HII,0.0
2023-07-05,12,AR1 alpha + Basic + One-Step,NYSE:HII,1.9180074055979474e-06
2023-07-06,12,AR1 alpha + Basic + One-Step,NYSE:HII,0.0
2023-07-07,12,AR1 alpha + Basic + One-Step,NYSE:HII,0.0
2023-07-10,12,AR1 alpha + Basic + One-Step,NYSE:HII,3.5525173580998533e-06
2023-07-11,12,AR1 alpha + Basic + One-Step,NYSE:HII,0.0
2023-07-12,12,AR1 alpha + Basic + One-Step,NYSE:HII,0.0
2023-07-13,12,AR1 alpha + Basic + One-Step,NYSE:HII,0.0
2023-07-14,12,AR1 alpha + Basic + One-Step,NYSE:HII,2.3169037179312528e-07
2023-07-17,12,AR1 alpha + Basic + One-Step,NYSE:HII,1.4269951609484491e-06
2023-07-18,12,AR1 alpha + Basic + One-Step,NYSE:HII,2.06691257114478e-06
2023-07-19,12,AR1 alpha + Basic + One-Step,NYSE:HII,0.0
2023-07-20,12,AR1 alpha + Basic + One-Step,NYSE:HII,7.182155191777322e-23
2023-07-21,12,AR1 alpha + Basic + One-Step,NYSE:HII,0.0
2023-07-24,12,AR1 alpha + Basic + One-Step,NYSE:HII,0.0
2023-07-25,12,AR1 alpha + Basic + One-Step,NYSE:HII,0.0
2023-07-26,12,AR1 alpha + Basic + One-Step,NYSE:HII,0.0
2023-07-27,12,AR1 alpha + Basic + One-Step,NYSE:HII,0.0037536758602982837
2023-07-28,12,AR1 alpha + Basic + One-Step,NYSE:HII,0.0
2023-07-31,12,AR1 alpha + Basic + One-Step,NYSE:HII,0.054919239438164645
2023-08-01,12,AR1 alpha + Basic + One-Step,NYSE:HII,0.015329363269927418
2023-08-02,12,AR1 alpha + Basic + One-Step,NYSE:HII,0.09030216720518999
2023-08-03,12,AR1 alpha + Basic + One-Step,NYSE:HII,0.07300370660171156
2023-08-04,12,AR1 alpha + Basic + One-Step,NYSE:HII,0.038559893364945974
2023-08-07,12,AR1 alpha + Basic + One-Step,NYSE:HII,3.765879725420414e-09
2023-08-08,12,AR1 alpha + Basic + One-Step,NYSE:HII,0.04168596896027241
2023-08-09,12,AR1 alpha + Basic + One-Step,NYSE:HII,0.0032769484666705802
2023-08-10,12,AR1 alpha + Basic + One-Step,NYSE:HII,0.09999743433539204
2023-08-11,12,AR1 alpha + Basic + One-Step,NYSE:HII,0.02570255299268311
2023-08-14,12,AR1 alpha + Basic + One-Step,NYSE:HII,0.0
2023-08-15,12,AR1 alpha + Basic + One-Step,NYSE:HII,0.09999825538245975
2023-08-16,12,AR1 alpha + Basic + One-Step,NYSE:HII,0.07757591619731784
2023-08-17,12,AR1 alpha + Basic + One-Step,NYSE:HII,0.09999213179172238
2023-08-18,12,AR1 alpha + Basic + One-Step,NYSE:HII,0.09998560388289612
2023-08-21,12,AR1 alpha + Basic + One-Step,NYSE:HII,0.041252707476546344
2023-08-22,12,AR1 alpha + Basic + One-Step,NYSE:HII,0.0
2023-08-23,12,AR1 alpha + Basic + One-Step,NYSE:HII,0.00966797357982425
2023-08-24,12,AR1 alpha + Basic + One-Step,NYSE:HII,0.0
2023-08-25,12,AR1 alpha + Basic + One-Step,NYSE:HII,1.853049342935865e-07
2023-08-28,12,AR1 alpha + Basic + One-Step,NYSE:HII,0.0
2023-08-29,12,AR1 alpha + Basic + One-Step,NYSE:HII,0.0
2023-08-30,12,AR1 alpha + Basic + One-Step,NYSE:HII,0.0
2023-08-31,12,AR1 alpha + Basic + One-Step,NYSE:HII,1.0785198190738918e-08
2023-09-01,12,AR1 alpha + Basic + One-Step,NYSE:HII,0.0
2023-09-05,12,AR1 alpha + Basic + One-Step,NYSE:HII,0.0
2023-09-06,12,AR1 alpha + Basic + One-Step,NYSE:HII,0.09499554674308863
2023-09-07,12,AR1 alpha + Basic + One-Step,NYSE:HII,0.025229507670170723
2023-09-08,12,AR1 alpha + Basic + One-Step,NYSE:HII,4.127955053250655e-06
2023-09-11,12,AR1 alpha + Basic + One-Step,NYSE:HII,2.4369869790002965e-06
2023-09-12,12,AR1 alpha + Basic + One-Step,NYSE:HII,4.386552803405435e-06
2023-09-13,12,AR1 alpha + Basic + One-Step,NYSE:HII,0.0
2023-09-14,12,AR1 alpha + Basic + One-Step,NYSE:HII,0.0
2023-09-15,12,AR1 alpha + Basic + One-Step,NYSE:HII,0.0
2023-09-18,12,AR1 alpha + Basic + One-Step,NYSE:HII,0.0
2023-09-19,12,AR1 alpha + Basic + One-Step,NYSE:HII,1.229009739862526e-08
2023-09-20,12,AR1 alpha + Basic + One-Step,NYSE:HII,0.0
2023-09-21,12,AR1 alpha + Basic + One-Step,NYSE:HII,0.0
2023-09-22,12,AR1 alpha + Basic + One-Step,NYSE:HII,0.0
2023-09-25,12,AR1 alpha + Basic + One-Step,NYSE:HII,0.0
2023-09-26,12,AR1 alpha + Basic + One-Step,NYSE:HII,0.0
2023-09-27,12,AR1 alpha + Basic + One-Step,NYSE:HII,0.0
2023-09-28,12,AR1 alpha + Basic + One-Step,NYSE:HII,8.426710757761902e-08
2023-09-29,12,AR1 alpha + Basic + One-Step,NYSE:HII,5.918026747660471e-08
2023-10-02,12,AR1 alpha + Basic + One-Step,NYSE:HII,0.0
2023-10-03,12,AR1 alpha + Basic + One-Step,NYSE:HII,0.0
2023-10-04,12,AR1 alpha + Basic + One-Step,NYSE:HII,0.0
2023-10-05,12,AR1 alpha + Basic + One-Step,NYSE:HII,0.0
2023-10-06,12,AR1 alpha + Basic + One-Step,NYSE:HII,0.0
2023-10-09,12,AR1 alpha + Basic + One-Step,NYSE:HII,6.424929307669297e-08
2023-10-10,12,AR1 alpha + Basic + One-Step,NYSE:HII,0.0
2023-10-11,12,AR1 alpha + Basic + One-Step,NYSE:HII,1.9544050537807273e-08
2023-10-12,12,AR1 alpha + Basic + One-Step,NYSE:HII,0.0
2023-10-13,12,AR1 alpha + Basic + One-Step,NYSE:HII,0.0
2023-10-16,12,AR1 alpha + Basic + One-Step,NYSE:HII,1.849221563378729e-08
2023-10-17,12,AR1 alpha + Basic + One-Step,NYSE:HII,1.2453250708846472e-06
2023-10-18,12,AR1 alpha + Basic + One-Step,NYSE:HII,0.0
2023-10-19,12,AR1 alpha + Basic + One-Step,NYSE:HII,0.0
2023-10-20,12,AR1 alpha + Basic + One-Step,NYSE:HII,0.0
2023-10-23,12,AR1 alpha + Basic + One-Step,NYSE:HII,0.0
2023-10-24,12,AR1 alpha + Basic + One-Step,NYSE:HII,0.0
2023-10-25,12,AR1 alpha + Basic + One-Step,NYSE:HII,2.0554609256671245e-07
2023-10-26,12,AR1 alpha + Basic + One-Step,NYSE:HII,0.0
2023-10-27,12,AR1 alpha + Basic + One-Step,NYSE:HII,0.0
2023-10-30,12,AR1 alpha + Basic + One-Step,NYSE:HII,2.3665300581288536e-08
2023-10-31,12,AR1 alpha + Basic + One-Step,NYSE:HII,0.0
2023-11-01,12,AR1 alpha + Basic + One-Step,NYSE:HII,0.0
2023-11-02,12,AR1 alpha + Basic + One-Step,NYSE:HII,0.0
2023-11-03,12,AR1 alpha + Basic + One-Step,NYSE:HII,0.0
2023-11-06,12,AR1 alpha + Basic + One-Step,NYSE:HII,0.0
2023-11-07,12,AR1 alpha + Basic + One-Step,NYSE:HII,1.7215013476628222e-08
2023-11-08,12,AR1 alpha + Basic + One-Step,NYSE:HII,2.9010176328974533e-08
2023-11-09,12,AR1 alpha + Basic + One-Step,NYSE:HII,0.0
2023-11-10,12,AR1 alpha + Basic + One-Step,NYSE:HII,0.0
2023-11-13,12,AR1 alpha + Basic + One-Step,NYSE:HII,0.0
2023-11-14,12,AR1 alpha + Basic + One-Step,NYSE:HII,0.0
2023-11-15,12,AR1 alpha + Basic + One-Step,NYSE:HII,0.0
2023-11-16,12,AR1 alpha + Basic + One-Step,NYSE:HII,0.0
2023-11-17,12,AR1 alpha + Basic + One-Step,NYSE:HII,1.3008302331650817e-07
2023-11-20,12,AR1 alpha + Basic + One-Step,NYSE:HII,0.0
2023-11-21,12,AR1 alpha + Basic + One-Step,NYSE:HII,0.0
2023-11-22,12,AR1 alpha + Basic + One-Step,NYSE:HII,0.0
2023-11-24,12,AR1 alpha + Basic + One-Step,NYSE:HII,0.0
2023-11-27,12,AR1 alpha + Basic + One-Step,NYSE:HII,0.0
2023-11-28,12,AR1 alpha + Basic + One-Step,NYSE:HII,5.3165034017288575e-08
2023-11-29,12,AR1 alpha + Basic + One-Step,NYSE:HII,2.575012868270035e-08
2023-11-30,12,AR1 alpha + Basic + One-Step,NYSE:HII,0.0
2023-12-01,12,AR1 alpha + Basic + One-Step,NYSE:HII,5.301893058943383e-07
2023-12-04,12,AR1 alpha + Basic + One-Step,NYSE:HII,0.0
2023-12-05,12,AR1 alpha + Basic + One-Step,NYSE:HII,0.0
2023-12-06,12,AR1 alpha + Basic + One-Step,NYSE:HII,0.0
2023-12-07,12,AR1 alpha + Basic + One-Step,NYSE:HII,0.0
2023-12-08,12,AR1 alpha + Basic + One-Step,NYSE:HII,0.0
2023-12-11,12,AR1 alpha + Basic + One-Step,NYSE:HII,0.0
2023-12-12,12,AR1 alpha + Basic + One-Step,NYSE:HII,0.0
2023-12-13,12,AR1 alpha + Basic + One-Step,NYSE:HII,0.0
2023-12-14,12,AR1 alpha + Basic + One-Step,NYSE:HII,0.0
2023-12-15,12,AR1 alpha + Basic + One-Step,NYSE:HII,0.0
2023-12-18,12,AR1 alpha + Basic + One-Step,NYSE:HII,0.0
2023-12-19,12,AR1 alpha + Basic + One-Step,NYSE:HII,0.0
2023-12-20,12,AR1 alpha + Basic + One-Step,NYSE:HII,0.0
2023-12-21,12,AR1 alpha + Basic + One-Step,NYSE:HII,0.0
2023-12-22,12,AR1 alpha + Basic + One-Step,NYSE:HII,5.142221725864814e-07
2023-12-26,12,AR1 alpha + Basic + One-Step,NYSE:HII,0.0
2023-12-27,12,AR1 alpha + Basic + One-Step,NYSE:HII,1.3490973308820657e-08
2023-12-28,12,AR1 alpha + Basic + One-Step,NYSE:HII,0.0
2023-12-29,12,AR1 alpha + Basic + One-Step,NYSE:HII,0.0
2024-01-02,12,AR1 alpha + Basic + One-Step,NYSE:HII,0.0
2024-01-03,12,AR1 alpha + Basic + One-Step,NYSE:HII,0.0
2024-01-04,12,AR1 alpha + Basic + One-Step,NYSE:HII,0.0
2024-01-05,12,AR1 alpha + Basic + One-Step,NYSE:HII,0.0
2024-01-08,12,AR1 alpha + Basic + One-Step,NYSE:HII,0.0
2024-01-09,12,AR1 alpha + Basic + One-Step,NYSE:HII,0.0
2024-01-10,12,AR1 alpha + Basic + One-Step,NYSE:HII,0.0
2024-01-11,12,AR1 alpha + Basic + One-Step,NYSE:HII,2.6042797756040613e-07
2024-01-12,12,AR1 alpha + Basic + One-Step,NYSE:HII,1.6251271321341765e-23
2024-01-16,12,AR1 alpha + Basic + One-Step,NYSE:HII,0.0
2024-01-17,12,AR1 alpha + Basic + One-Step,NYSE:HII,0.0
2024-01-18,12,AR1 alpha + Basic + One-Step,NYSE:HII,6.504548717019478e-07
2024-01-19,12,AR1 alpha + Basic + One-Step,NYSE:HII,0.03032730731566095
2024-01-22,12,AR1 alpha + Basic + One-Step,NYSE:HII,0.0
2024-01-23,12,AR1 alpha + Basic + One-Step,NYSE:HII,0.016369289488127006
2024-01-24,12,AR1 alpha + Basic + One-Step,NYSE:HII,0.06865584136194279
2024-01-25,12,AR1 alpha + Basic + One-Step,NYSE:HII,0.012407692328394811
2024-01-26,12,AR1 alpha + Basic + One-Step,NYSE:HII,0.0
2024-01-29,12,AR1 alpha + Basic + One-Step,NYSE:HII,0.0
2024-01-30,12,AR1 alpha + Basic + One-Step,NYSE:HII,0.0
2024-01-31,12,AR1 alpha + Basic + One-Step,NYSE:HII,0.0855599239400048
2024-02-01,12,AR1 alpha + Basic + One-Step,NYSE:HII,0.0
2024-02-02,12,AR1 alpha + Basic + One-Step,NYSE:HII,0.0
2024-02-05,12,AR1 alpha + Basic + One-Step,NYSE:HII,0.037769079920001274
2024-02-06,12,AR1 alpha + Basic + One-Step,NYSE:HII,0.0999910090655156
2024-02-07,12,AR1 alpha + Basic + One-Step,NYSE:HII,0.0655421280743826
2024-02-08,12,AR1 alpha + Basic + One-Step,NYSE:HII,0.10000000434561408
2024-02-09,12,AR1 alpha + Basic + One-Step,NYSE:HII,0.09813977045767337
2024-02-12,12,AR1 alpha + Basic + One-Step,NYSE:HII,0.09999924909272914
2024-02-13,12,AR1 alpha + Basic + One-Step,NYSE:HII,0.09445344248367356
2024-02-14,12,AR1 alpha + Basic + One-Step,NYSE:HII,0.09999629559564516
2024-02-15,12,AR1 alpha + Basic + One-Step,NYSE:HII,0.06549048735957741
2024-02-16,12,AR1 alpha + Basic + One-Step,NYSE:HII,0.0999984866443759
2024-02-20,12,AR1 alpha + Basic + One-Step,NYSE:HII,0.09999876437935093
2024-02-21,12,AR1 alpha + Basic + One-Step,NYSE:HII,0.09999904875332499
2024-02-22,12,AR1 alpha + Basic + One-Step,NYSE:HII,0.09999194795488622
2024-02-23,12,AR1 alpha + Basic + One-Step,NYSE:HII,0.09999374027562144
2024-02-26,12,AR1 alpha + Basic + One-Step,NYSE:HII,0.04941302000658801
2024-02-27,12,AR1 alpha + Basic + One-Step,NYSE:HII,0.07079425357752842
2024-02-28,12,AR1 alpha + Basic + One-Step,NYSE:HII,0.06245929848756495
2024-02-29,12,AR1 alpha + Basic + One-Step,NYSE:HII,0.0999948577068406
2024-03-01,12,AR1 alpha + Basic + One-Step,NYSE:HII,0.08357330761530525
2024-03-04,12,AR1 alpha + Basic + One-Step,NYSE:HII,0.09999449611585508
2024-03-05,12,AR1 alpha + Basic + One-Step,NYSE:HII,0.09998894566987959
2024-03-06,12,AR1 alpha + Basic + One-Step,NYSE:HII,0.09998842951107795
2024-03-07,12,AR1 alpha + Basic + One-Step,NYSE:HII,0.09999204959345459
2024-03-08,12,AR1 alpha + Basic + One-Step,NYSE:HII,0.09999396100537032
2024-03-11,12,AR1 alpha + Basic + One-Step,NYSE:HII,0.09999137516923577
2024-03-12,12,AR1 alpha + Basic + One-Step,NYSE:HII,0.09998817409739393
2024-03-13,12,AR1 alpha + Basic + One-Step,NYSE:HII,0.09998488266923898
2024-03-14,12,AR1 alpha + Basic + One-Step,NYSE:HII,0.09999014564636353
2024-03-15,12,AR1 alpha + Basic + One-Step,NYSE:HII,0.09999335339979175
2024-03-18,12,AR1 alpha + Basic + One-Step,NYSE:HII,0.09999505407059066
2024-03-19,12,AR1 alpha + Basic + One-Step,NYSE:HII,0.09999199082844389
2024-03-20,12,AR1 alpha + Basic + One-Step,NYSE:HII,0.06602265840979303
2024-03-21,12,AR1 alpha + Basic + One-Step,NYSE:HII,0.026741178942840307
2024-03-22,12,AR1 alpha + Basic + One-Step,NYSE:HII,0.029866161627946305
2024-03-25,12,AR1 alpha + Basic + One-Step,NYSE:HII,0.0999936294979804
2024-03-26,12,AR1 alpha + Basic + One-Step,NYSE:HII,0.09999324563334047
2024-03-27,12,AR1 alpha + Basic + One-Step,NYSE:HII,0.09999431700410598
2024-03-28,12,AR1 alpha + Basic + One-Step,NYSE:HII,0.09999554845505981
2024-04-01,12,AR1 alpha + Basic + One-Step,NYSE:HII,0.09999859741521609
2024-04-02,12,AR1 alpha + Basic + One-Step,NYSE:HII,0.09999107402157459
2024-04-03,12,AR1 alpha + Basic + One-Step,NYSE:HII,0.09999220582670848
2024-04-04,12,AR1 alpha + Basic + One-Step,NYSE:HII,0.09999258458041262
2024-04-05,12,AR1 alpha + Basic + One-Step,NYSE:HII,0.09998830798683513
2024-04-08,12,AR1 alpha + Basic + One-Step,NYSE:HII,0.09998779752840731
2024-04-09,12,AR1 alpha + Basic + One-Step,NYSE:HII,0.09998370208836217
2024-04-10,12,AR1 alpha + Basic + One-Step,NYSE:HII,0.09998996597332077
2024-04-11,12,AR1 alpha + Basic + One-Step,NYSE:HII,0.09998847490849147
2024-04-12,12,AR1 alpha + Basic + One-Step,NYSE:HII,0.09998528465856822
2024-04-15,12,AR1 alpha + Basic + One-Step,NYSE:HII,0.0999885699950802
2024-04-16,12,AR1 alpha + Basic + One-Step,NYSE:HII,0.09999169038466875
2024-04-17,12,AR1 alpha + Basic + One-Step,NYSE:HII,0.09999453710069424
2024-04-18,12,AR1 alpha + Basic + One-Step,NYSE:HII,0.09999568854840163
2024-04-19,12,AR1 alpha + Basic + One-Step,NYSE:HII,0.09999998191879302
2020-03-25,12,AR1 alpha + Basic + One-Step,NYSE:RDN,0.02
2020-03-26,12,AR1 alpha + Basic + One-Step,NYSE:RDN,0.019999999999999997
2020-03-27,12,AR1 alpha + Basic + One-Step,NYSE:RDN,0.0
2020-03-30,12,AR1 alpha + Basic + One-Step,NYSE:RDN,5.83153742581423e-06
2020-03-31,12,AR1 alpha + Basic + One-Step,NYSE:RDN,2.730546986997846e-07
2020-04-01,12,AR1 alpha + Basic + One-Step,NYSE:RDN,0.0
2020-04-02,12,AR1 alpha + Basic + One-Step,NYSE:RDN,0.0
2020-04-03,12,AR1 alpha + Basic + One-Step,NYSE:RDN,0.0
2020-04-06,12,AR1 alpha + Basic + One-Step,NYSE:RDN,1.359671231850521e-07
2020-04-07,12,AR1 alpha + Basic + One-Step,NYSE:RDN,3.1104101232540648e-09
2020-04-08,12,AR1 alpha + Basic + One-Step,NYSE:RDN,0.0
2020-04-09,12,AR1 alpha + Basic + One-Step,NYSE:RDN,0.0
2020-04-13,12,AR1 alpha + Basic + One-Step,NYSE:RDN,0.0
2020-04-14,12,AR1 alpha + Basic + One-Step,NYSE:RDN,1.3705572048206447e-07
2020-04-15,12,AR1 alpha + Basic + One-Step,NYSE:RDN,0.0
2020-04-16,12,AR1 alpha + Basic + One-Step,NYSE:RDN,2.496690733988946e-07
2020-04-17,12,AR1 alpha + Basic + One-Step,NYSE:RDN,0.0
2020-04-20,12,AR1 alpha + Basic + One-Step,NYSE:RDN,0.0
2020-04-21,12,AR1 alpha + Basic + One-Step,NYSE:RDN,0.0
2020-04-22,12,AR1 alpha + Basic + One-Step,NYSE:RDN,6.160954179480791e-07
2020-04-23,12,AR1 alpha + Basic + One-Step,NYSE:RDN,0.0
2020-04-24,12,AR1 alpha + Basic + One-Step,NYSE:RDN,3.371875048676352e-08
2020-04-27,12,AR1 alpha + Basic + One-Step,NYSE:RDN,1.1177670352894974e-08
2020-04-28,12,AR1 alpha + Basic + One-Step,NYSE:RDN,4.295731984162856e-09
2020-04-29,12,AR1 alpha + Basic + One-Step,NYSE:RDN,2.1070971409092526e-07
2020-04-30,12,AR1 alpha + Basic + One-Step,NYSE:RDN,0.0
2020-05-01,12,AR1 alpha + Basic + One-Step,NYSE:RDN,1.6680709366483643e-08
2020-05-04,12,AR1 alpha + Basic + One-Step,NYSE:RDN,0.0
2020-05-05,12,AR1 alpha + Basic + One-Step,NYSE:RDN,2.7636449956131093e-07
2020-05-06,12,AR1 alpha + Basic + One-Step,NYSE:RDN,0.0
2020-05-07,12,AR1 alpha + Basic + One-Step,NYSE:RDN,0.0
2020-05-08,12,AR1 alpha + Basic + One-Step,NYSE:RDN,7.5820869186029e-08
2020-05-11,12,AR1 alpha + Basic + One-Step,NYSE:RDN,2.0141573778918907e-07
2020-05-12,12,AR1 alpha + Basic + One-Step,NYSE:RDN,0.0
2020-05-13,12,AR1 alpha + Basic + One-Step,NYSE:RDN,0.0
2020-05-14,12,AR1 alpha + Basic + One-Step,NYSE:RDN,0.0
2020-05-15,12,AR1 alpha + Basic + One-Step,NYSE:RDN,1.2065172779097949e-07
2020-05-18,12,AR1 alpha + Basic + One-Step,NYSE:RDN,0.0
2020-05-19,12,AR1 alpha + Basic + One-Step,NYSE:RDN,0.0
2020-05-20,12,AR1 alpha + Basic + One-Step,NYSE:RDN,0.0
2020-05-21,12,AR1 alpha + Basic + One-Step,NYSE:RDN,0.0
2020-05-22,12,AR1 alpha + Basic + One-Step,NYSE:RDN,6.006081981174328e-08
2020-05-26,12,AR1 alpha + Basic + One-Step,NYSE:RDN,1.093970329268309e-08
2020-05-27,12,AR1 alpha + Basic + One-Step,NYSE:RDN,0.0
2020-05-28,12,AR1 alpha + Basic + One-Step,NYSE:RDN,3.430959437212131e-23
2020-05-29,12,AR1 alpha + Basic + One-Step,NYSE:RDN,2.6673638442465247e-09
2020-06-01,12,AR1 alpha + Basic + One-Step,NYSE:RDN,0.0
2020-06-02,12,AR1 alpha + Basic + One-Step,NYSE:RDN,1.2432015788099545e-07
2020-06-03,12,AR1 alpha + Basic + One-Step,NYSE:RDN,0.0
2020-06-04,12,AR1 alpha + Basic + One-Step,NYSE:RDN,0.0
2020-06-05,12,AR1 alpha + Basic + One-Step,NYSE:RDN,0.0
2020-06-08,12,AR1 alpha + Basic + One-Step,NYSE:RDN,0.0
2020-06-09,12,AR1 alpha + Basic + One-Step,NYSE:RDN,0.0
2020-06-10,12,AR1 alpha + Basic + One-Step,NYSE:RDN,0.0
2020-06-11,12,AR1 alpha + Basic + One-Step,NYSE:RDN,0.0
2020-06-12,12,AR1 alpha + Basic + One-Step,NYSE:RDN,4.4099408787337064e-08
2020-06-15,12,AR1 alpha + Basic + One-Step,NYSE:RDN,1.4068024575072016e-08
2020-06-16,12,AR1 alpha + Basic + One-Step,NYSE:RDN,0.0
2020-06-17,12,AR1 alpha + Basic + One-Step,NYSE:RDN,0.0
2020-06-18,12,AR1 alpha + Basic + One-Step,NYSE:RDN,1.3537328473595114e-07
2020-06-19,12,AR1 alpha + Basic + One-Step,NYSE:RDN,0.0
2020-06-22,12,AR1 alpha + Basic + One-Step,NYSE:RDN,0.0
2020-06-23,12,AR1 alpha + Basic + One-Step,NYSE:RDN,0.0
2020-06-24,12,AR1 alpha + Basic + One-Step,NYSE:RDN,0.0
2020-06-25,12,AR1 alpha + Basic + One-Step,NYSE:RDN,0.0
2020-06-26,12,AR1 alpha + Basic + One-Step,NYSE:RDN,0.0
2020-06-29,12,AR1 alpha + Basic + One-Step,NYSE:RDN,0.0
2020-06-30,12,AR1 alpha + Basic + One-Step,NYSE:RDN,2.6589333184962585e-08
2020-07-01,12,AR1 alpha + Basic + One-Step,NYSE:RDN,0.0
2020-07-02,12,AR1 alpha + Basic + One-Step,NYSE:RDN,0.0
2020-07-06,12,AR1 alpha + Basic + One-Step,NYSE:RDN,0.0
2020-07-07,12,AR1 alpha + Basic + One-Step,NYSE:RDN,0.0
2020-07-08,12,AR1 alpha + Basic + One-Step,NYSE:RDN,0.0
2020-07-09,12,AR1 alpha + Basic + One-Step,NYSE:RDN,0.0
2020-07-10,12,AR1 alpha + Basic + One-Step,NYSE:RDN,0.0
2020-07-13,12,AR1 alpha + Basic + One-Step,NYSE:RDN,1.981148798307549e-08
2020-07-14,12,AR1 alpha + Basic + One-Step,NYSE:RDN,0.0
2020-07-15,12,AR1 alpha + Basic + One-Step,NYSE:RDN,1.7693224267685526e-08
2020-07-16,12,AR1 alpha + Basic + One-Step,NYSE:RDN,0.0
2020-07-17,12,AR1 alpha + Basic + One-Step,NYSE:RDN,8.105939077847748e-09
2020-07-20,12,AR1 alpha + Basic + One-Step,NYSE:RDN,1.2701498422542167e-07
2020-07-21,12,AR1 alpha + Basic + One-Step,NYSE:RDN,0.0
2020-07-22,12,AR1 alpha + Basic + One-Step,NYSE:RDN,0.0
2020-07-23,12,AR1 alpha + Basic + One-Step,NYSE:RDN,6.2349324726398706e-09
2020-07-24,12,AR1 alpha + Basic + One-Step,NYSE:RDN,0.0
2020-07-27,12,AR1 alpha + Basic + One-Step,NYSE:RDN,9.556392110503157e-08
2020-07-28,12,AR1 alpha + Basic + One-Step,NYSE:RDN,0.0
2020-07-29,12,AR1 alpha + Basic + One-Step,NYSE:RDN,0.0
2020-07-30,12,AR1 alpha + Basic + One-Step,NYSE:RDN,0.0
2020-07-31,12,AR1 alpha + Basic + One-Step,NYSE:RDN,0.0
2020-08-03,12,AR1 alpha + Basic + One-Step,NYSE:RDN,0.0
2020-08-04,12,AR1 alpha + Basic + One-Step,NYSE:RDN,0.0
2020-08-05,12,AR1 alpha + Basic + One-Step,NYSE:RDN,0.0
2020-08-06,12,AR1 alpha + Basic + One-Step,NYSE:RDN,0.0
2020-08-07,12,AR1 alpha + Basic + One-Step,NYSE:RDN,0.0
2020-08-10,12,AR1 alpha + Basic + One-Step,NYSE:RDN,0.0
2020-08-11,12,AR1 alpha + Basic + One-Step,NYSE:RDN,0.0
2020-08-12,12,AR1 alpha + Basic + One-Step,NYSE:RDN,0.0
2020-08-13,12,AR1 alpha + Basic + One-Step,NYSE:RDN,0.0
2020-08-14,12,AR1 alpha + Basic + One-Step,NYSE:RDN,0.0
2020-08-17,12,AR1 alpha + Basic + One-Step,NYSE:RDN,0.0
2020-08-18,12,AR1 alpha + Basic + One-Step,NYSE:RDN,0.0
2020-08-19,12,AR1 alpha + Basic + One-Step,NYSE:RDN,0.0
2020-08-20,12,AR1 alpha + Basic + One-Step,NYSE:RDN,8.7708078708694e-08
2020-08-21,12,AR1 alpha + Basic + One-Step,NYSE:RDN,0.0
2020-08-24,12,AR1 alpha + Basic + One-Step,NYSE:RDN,0.0
2020-08-25,12,AR1 alpha + Basic + One-Step,NYSE:RDN,0.0
2020-08-26,12,AR1 alpha + Basic + One-Step,NYSE:RDN,0.0
2020-08-27,12,AR1 alpha + Basic + One-Step,NYSE:RDN,0.0
2020-08-28,12,AR1 alpha + Basic + One-Step,NYSE:RDN,0.0
2020-08-31,12,AR1 alpha + Basic + One-Step,NYSE:RDN,0.0
2020-09-01,12,AR1 alpha + Basic + One-Step,NYSE:RDN,0.0
2020-09-02,12,AR1 alpha + Basic + One-Step,NYSE:RDN,0.0
2020-09-03,12,AR1 alpha + Basic + One-Step,NYSE:RDN,0.0
2020-09-04,12,AR1 alpha + Basic + One-Step,NYSE:RDN,0.0
2020-09-08,12,AR1 alpha + Basic + One-Step,NYSE:RDN,0.0
2020-09-09,12,AR1 alpha + Basic + One-Step,NYSE:RDN,2.3449500344524673e-08
2020-09-10,12,AR1 alpha + Basic + One-Step,NYSE:RDN,0.0
2020-09-11,12,AR1 alpha + Basic + One-Step,NYSE:RDN,0.0
2020-09-14,12,AR1 alpha + Basic + One-Step,NYSE:RDN,0.0
2020-09-15,12,AR1 alpha + Basic + One-Step,NYSE:RDN,0.0
2020-09-16,12,AR1 alpha + Basic + One-Step,NYSE:RDN,0.0
2020-09-17,12,AR1 alpha + Basic + One-Step,NYSE:RDN,0.0
2020-09-18,12,AR1 alpha + Basic + One-Step,NYSE:RDN,0.0
2020-09-21,12,AR1 alpha + Basic + One-Step,NYSE:RDN,3.714204143767545e-09
2020-09-22,12,AR1 alpha + Basic + One-Step,NYSE:RDN,0.0
2020-09-23,12,AR1 alpha + Basic + One-Step,NYSE:RDN,2.1205959802937548e-09
2020-09-24,12,AR1 alpha + Basic + One-Step,NYSE:RDN,9.199886516417342e-08
2020-09-25,12,AR1 alpha + Basic + One-Step,NYSE:RDN,0.0
2020-09-28,12,AR1 alpha + Basic + One-Step,NYSE:RDN,0.0
2020-09-29,12,AR1 alpha + Basic + One-Step,NYSE:RDN,0.0
2020-09-30,12,AR1 alpha + Basic + One-Step,NYSE:RDN,4.982012189126261e-11
2020-10-01,12,AR1 alpha + Basic + One-Step,NYSE:RDN,0.0
2020-10-02,12,AR1 alpha + Basic + One-Step,NYSE:RDN,0.0
2020-10-05,12,AR1 alpha + Basic + One-Step,NYSE:RDN,1.7304222901834459e-09
2020-10-06,12,AR1 alpha + Basic + One-Step,NYSE:RDN,0.0
2020-10-07,12,AR1 alpha + Basic + One-Step,NYSE:RDN,2.4187902472457893e-07
2020-10-08,12,AR1 alpha + Basic + One-Step,NYSE:RDN,0.0
2020-10-09,12,AR1 alpha + Basic + One-Step,NYSE:RDN,0.0
2020-10-12,12,AR1 alpha + Basic + One-Step,NYSE:RDN,0.0
2020-10-13,12,AR1 alpha + Basic + One-Step,NYSE:RDN,0.0
2020-10-14,12,AR1 alpha + Basic + One-Step,NYSE:RDN,0.0
2020-10-15,12,AR1 alpha + Basic + One-Step,NYSE:RDN,0.0
2020-10-16,12,AR1 alpha + Basic + One-Step,NYSE:RDN,5.27683630452631e-08
2020-10-19,12,AR1 alpha + Basic + One-Step,NYSE:RDN,0.0
2020-10-20,12,AR1 alpha + Basic + One-Step,NYSE:RDN,0.0
2020-10-21,12,AR1 alpha + Basic + One-Step,NYSE:RDN,0.0
2020-10-22,12,AR1 alpha + Basic + One-Step,NYSE:RDN,0.0
2020-10-23,12,AR1 alpha + Basic + One-Step,NYSE:RDN,0.0
2020-10-26,12,AR1 alpha + Basic + One-Step,NYSE:RDN,0.0
2020-10-27,12,AR1 alpha + Basic + One-Step,NYSE:RDN,7.351190325322485e-09
2020-10-28,12,AR1 alpha + Basic + One-Step,NYSE:RDN,8.866857409826135e-09
2020-10-29,12,AR1 alpha + Basic + One-Step,NYSE:RDN,1.041502880928971e-09
2020-10-30,12,AR1 alpha + Basic + One-Step,NYSE:RDN,0.0
2020-11-02,12,AR1 alpha + Basic + One-Step,NYSE:RDN,8.596521356404053e-08
2020-11-03,12,AR1 alpha + Basic + One-Step,NYSE:RDN,0.0
2020-11-04,12,AR1 alpha + Basic + One-Step,NYSE:RDN,0.0
2020-11-05,12,AR1 alpha + Basic + One-Step,NYSE:RDN,0.0
2020-11-06,12,AR1 alpha + Basic + One-Step,NYSE:RDN,0.0
2020-11-09,12,AR1 alpha + Basic + One-Step,NYSE:RDN,0.0
2020-11-10,12,AR1 alpha + Basic + One-Step,NYSE:RDN,0.0
2020-11-11,12,AR1 alpha + Basic + One-Step,NYSE:RDN,0.0
2020-11-12,12,AR1 alpha + Basic + One-Step,NYSE:RDN,0.0
2020-11-13,12,AR1 alpha + Basic + One-Step,NYSE:RDN,0.0
2020-11-16,12,AR1 alpha + Basic + One-Step,NYSE:RDN,0.0
2020-11-17,12,AR1 alpha + Basic + One-Step,NYSE:RDN,0.0
2020-11-18,12,AR1 alpha + Basic + One-Step,NYSE:RDN,0.0
2020-11-19,12,AR1 alpha + Basic + One-Step,NYSE:RDN,3.955901963334676e-08
2020-11-20,12,AR1 alpha + Basic + One-Step,NYSE:RDN,0.0
2020-11-23,12,AR1 alpha + Basic + One-Step,NYSE:RDN,0.0
2020-11-24,12,AR1 alpha + Basic + One-Step,NYSE:RDN,0.0
2020-11-25,12,AR1 alpha + Basic + One-Step,NYSE:RDN,0.0
2020-11-27,12,AR1 alpha + Basic + One-Step,NYSE:RDN,0.0
2020-11-30,12,AR1 alpha + Basic + One-Step,NYSE:RDN,1.0712990557774616e-10
2020-12-01,12,AR1 alpha + Basic + One-Step,NYSE:RDN,0.0
2020-12-02,12,AR1 alpha + Basic + One-Step,NYSE:RDN,0.0
2020-12-03,12,AR1 alpha + Basic + One-Step,NYSE:RDN,0.0
2020-12-04,12,AR1 alpha + Basic + One-Step,NYSE:RDN,0.0
2020-12-07,12,AR1 alpha + Basic + One-Step,NYSE:RDN,0.0
2020-12-08,12,AR1 alpha + Basic + One-Step,NYSE:RDN,1.376039817179086e-07
2020-12-09,12,AR1 alpha + Basic + One-Step,NYSE:RDN,0.0
2020-12-10,12,AR1 alpha + Basic + One-Step,NYSE:RDN,1.3256892097853358e-08
2020-12-11,12,AR1 alpha + Basic + One-Step,NYSE:RDN,3.198652542781244e-07
2020-12-14,12,AR1 alpha + Basic + One-Step,NYSE:RDN,4.106205855305685e-07
2020-12-15,12,AR1 alpha + Basic + One-Step,NYSE:RDN,0.0
2020-12-16,12,AR1 alpha + Basic + One-Step,NYSE:RDN,5.775678019794684e-09
2020-12-17,12,AR1 alpha + Basic + One-Step,NYSE:RDN,0.0
2020-12-18,12,AR1 alpha + Basic + One-Step,NYSE:RDN,0.0
2020-12-21,12,AR1 alpha + Basic + One-Step,NYSE:RDN,4.21194156944135e-07
2020-12-22,12,AR1 alpha + Basic + One-Step,NYSE:RDN,0.0
2020-12-23,12,AR1 alpha + Basic + One-Step,NYSE:RDN,2.4046746428185457e-08
2020-12-24,12,AR1 alpha + Basic + One-Step,NYSE:RDN,0.0
2020-12-28,12,AR1 alpha + Basic + One-Step,NYSE:RDN,0.0
2020-12-29,12,AR1 alpha + Basic + One-Step,NYSE:RDN,0.0
2020-12-30,12,AR1 alpha + Basic + One-Step,NYSE:RDN,0.0
2020-12-31,12,AR1 alpha + Basic + One-Step,NYSE:RDN,0.0
2021-01-04,12,AR1 alpha + Basic + One-Step,NYSE:RDN,0.0
2021-01-05,12,AR1 alpha + Basic + One-Step,NYSE:RDN,0.0
2021-01-06,12,AR1 alpha + Basic + One-Step,NYSE:RDN,0.0
2021-01-07,12,AR1 alpha + Basic + One-Step,NYSE:RDN,0.0
2021-01-08,12,AR1 alpha + Basic + One-Step,NYSE:RDN,0.0
2021-01-11,12,AR1 alpha + Basic + One-Step,NYSE:RDN,0.0
2021-01-12,12,AR1 alpha + Basic + One-Step,NYSE:RDN,0.0
2021-01-13,12,AR1 alpha + Basic + One-Step,NYSE:RDN,0.0
2021-01-14,12,AR1 alpha + Basic + One-Step,NYSE:RDN,0.0
2021-01-15,12,AR1 alpha + Basic + One-Step,NYSE:RDN,0.0
2021-01-19,12,AR1 alpha + Basic + One-Step,NYSE:RDN,0.0
2021-01-20,12,AR1 alpha + Basic + One-Step,NYSE:RDN,0.0
2021-01-21,12,AR1 alpha + Basic + One-Step,NYSE:RDN,0.0
2021-01-22,12,AR1 alpha + Basic + One-Step,NYSE:RDN,0.0
2021-01-25,12,AR1 alpha + Basic + One-Step,NYSE:RDN,0.0
2021-01-26,12,AR1 alpha + Basic + One-Step,NYSE:RDN,0.0
2021-01-27,12,AR1 alpha + Basic + One-Step,NYSE:RDN,0.0
2021-01-28,12,AR1 alpha + Basic + One-Step,NYSE:RDN,0.0
2021-01-29,12,AR1 alpha + Basic + One-Step,NYSE:RDN,0.0
2021-02-01,12,AR1 alpha + Basic + One-Step,NYSE:RDN,2.6340466633478784e-07
2021-02-02,12,AR1 alpha + Basic + One-Step,NYSE:RDN,0.0
2021-02-03,12,AR1 alpha + Basic + One-Step,NYSE:RDN,0.0
2021-02-04,12,AR1 alpha + Basic + One-Step,NYSE:RDN,0.0
2021-02-05,12,AR1 alpha + Basic + One-Step,NYSE:RDN,0.0
2021-02-08,12,AR1 alpha + Basic + One-Step,NYSE:RDN,5.795616864494309e-08
2021-02-09,12,AR1 alpha + Basic + One-Step,NYSE:RDN,0.0
2021-02-10,12,AR1 alpha + Basic + One-Step,NYSE:RDN,0.0
2021-02-11,12,AR1 alpha + Basic + One-Step,NYSE:RDN,0.0
2021-02-12,12,AR1 alpha + Basic + One-Step,NYSE:RDN,0.0
2021-02-16,12,AR1 alpha + Basic + One-Step,NYSE:RDN,0.0
2021-02-17,12,AR1 alpha + Basic + One-Step,NYSE:RDN,0.0
2021-02-18,12,AR1 alpha + Basic + One-Step,NYSE:RDN,0.0
2021-02-19,12,AR1 alpha + Basic + One-Step,NYSE:RDN,0.0
2021-02-22,12,AR1 alpha + Basic + One-Step,NYSE:RDN,0.0
2021-02-23,12,AR1 alpha + Basic + One-Step,NYSE:RDN,5.532451470696085e-08
2021-02-24,12,AR1 alpha + Basic + One-Step,NYSE:RDN,0.0
2021-02-25,12,AR1 alpha + Basic + One-Step,NYSE:RDN,0.0
2021-02-26,12,AR1 alpha + Basic + One-Step,NYSE:RDN,5.702372657493022e-07
2021-03-01,12,AR1 alpha + Basic + One-Step,NYSE:RDN,0.0
2021-03-02,12,AR1 alpha + Basic + One-Step,NYSE:RDN,2.67463555575903e-08
2021-03-03,12,AR1 alpha + Basic + One-Step,NYSE:RDN,0.0
2021-03-04,12,AR1 alpha + Basic + One-Step,NYSE:RDN,0.0
2021-03-05,12,AR1 alpha + Basic + One-Step,NYSE:RDN,0.0
2021-03-08,12,AR1 alpha + Basic + One-Step,NYSE:RDN,0.0
2021-03-09,12,AR1 alpha + Basic + One-Step,NYSE:RDN,0.0
2021-03-10,12,AR1 alpha + Basic + One-Step,NYSE:RDN,0.0
2021-03-11,12,AR1 alpha + Basic + One-Step,NYSE:RDN,0.0
2021-03-12,12,AR1 alpha + Basic + One-Step,NYSE:RDN,0.0
2021-03-15,12,AR1 alpha + Basic + One-Step,NYSE:RDN,9.974964970594752e-11
2021-03-16,12,AR1 alpha + Basic + One-Step,NYSE:RDN,0.0
2021-03-17,12,AR1 alpha + Basic + One-Step,NYSE:RDN,0.0
2021-03-18,12,AR1 alpha + Basic + One-Step,NYSE:RDN,0.0
2021-03-19,12,AR1 alpha + Basic + One-Step,NYSE:RDN,0.0
2021-03-22,12,AR1 alpha + Basic + One-Step,NYSE:RDN,0.0
2021-03-23,12,AR1 alpha + Basic + One-Step,NYSE:RDN,0.0
2021-03-24,12,AR1 alpha + Basic + One-Step,NYSE:RDN,0.0
2021-03-25,12,AR1 alpha + Basic + One-Step,NYSE:RDN,0.0
2021-03-26,12,AR1 alpha + Basic + One-Step,NYSE:RDN,4.939180614995214e-09
2021-03-29,12,AR1 alpha + Basic + One-Step,NYSE:RDN,0.0
2021-03-30,12,AR1 alpha + Basic + One-Step,NYSE:RDN,3.399761997530159e-07
2021-03-31,12,AR1 alpha + Basic + One-Step,NYSE:RDN,0.0
2021-04-01,12,AR1 alpha + Basic + One-Step,NYSE:RDN,0.0
2021-04-05,12,AR1 alpha + Basic + One-Step,NYSE:RDN,1.0414691591905351e-06
2021-04-06,12,AR1 alpha + Basic + One-Step,NYSE:RDN,2.401780921392475e-07
2021-04-07,12,AR1 alpha + Basic + One-Step,NYSE:RDN,0.0
2021-04-08,12,AR1 alpha + Basic + One-Step,NYSE:RDN,1.6028466628721735e-07
2021-04-09,12,AR1 alpha + Basic + One-Step,NYSE:RDN,0.0
2021-04-12,12,AR1 alpha + Basic + One-Step,NYSE:RDN,3.884630414638076e-09
2021-04-13,12,AR1 alpha + Basic + One-Step,NYSE:RDN,0.0
2021-04-14,12,AR1 alpha + Basic + One-Step,NYSE:RDN,1.6837074941076107e-07
2021-04-15,12,AR1 alpha + Basic + One-Step,NYSE:RDN,0.0
2021-04-16,12,AR1 alpha + Basic + One-Step,NYSE:RDN,0.0
2021-04-19,12,AR1 alpha + Basic + One-Step,NYSE:RDN,1.2676786613576714e-08
2021-04-20,12,AR1 alpha + Basic + One-Step,NYSE:RDN,0.0
2021-04-21,12,AR1 alpha + Basic + One-Step,NYSE:RDN,0.0
2021-04-22,12,AR1 alpha + Basic + One-Step,NYSE:RDN,3.408432080956062e-08
2021-04-23,12,AR1 alpha + Basic + One-Step,NYSE:RDN,0.0
2021-04-26,12,AR1 alpha + Basic + One-Step,NYSE:RDN,0.0
2021-04-27,12,AR1 alpha + Basic + One-Step,NYSE:RDN,3.3086501253992697e-07
2021-04-28,12,AR1 alpha + Basic + One-Step,NYSE:RDN,0.0
2021-04-29,12,AR1 alpha + Basic + One-Step,NYSE:RDN,0.0
2021-04-30,12,AR1 alpha + Basic + One-Step,NYSE:RDN,0.0
2021-05-03,12,AR1 alpha + Basic + One-Step,NYSE:RDN,0.0
2021-05-04,12,AR1 alpha + Basic + One-Step,NYSE:RDN,2.7026135233565825e-08
2021-05-05,12,AR1 alpha + Basic + One-Step,NYSE:RDN,0.0
2021-05-06,12,AR1 alpha + Basic + One-Step,NYSE:RDN,0.0
2021-05-07,12,AR1 alpha + Basic + One-Step,NYSE:RDN,0.0
2021-05-10,12,AR1 alpha + Basic + One-Step,NYSE:RDN,0.0
2021-05-11,12,AR1 alpha + Basic + One-Step,NYSE:RDN,0.0
2021-05-12,12,AR1 alpha + Basic + One-Step,NYSE:RDN,0.0
2021-05-13,12,AR1 alpha + Basic + One-Step,NYSE:RDN,0.0
2021-05-14,12,AR1 alpha + Basic + One-Step,NYSE:RDN,0.0
2021-05-17,12,AR1 alpha + Basic + One-Step,NYSE:RDN,0.0
2021-05-18,12,AR1 alpha + Basic + One-Step,NYSE:RDN,0.0
2021-05-19,12,AR1 alpha + Basic + One-Step,NYSE:RDN,0.0
2021-05-20,12,AR1 alpha + Basic + One-Step,NYSE:RDN,3.571440791571716e-08
2021-05-21,12,AR1 alpha + Basic + One-Step,NYSE:RDN,0.0
2021-05-24,12,AR1 alpha + Basic + One-Step,NYSE:RDN,0.0
2021-05-25,12,AR1 alpha + Basic + One-Step,NYSE:RDN,0.0
2021-05-26,12,AR1 alpha + Basic + One-Step,NYSE:RDN,0.0
2021-05-27,12,AR1 alpha + Basic + One-Step,NYSE:RDN,1.995662434257069e-07
2021-05-28,12,AR1 alpha + Basic + One-Step,NYSE:RDN,0.0
2021-06-01,12,AR1 alpha + Basic + One-Step,NYSE:RDN,0.0
2021-06-02,12,AR1 alpha + Basic + One-Step,NYSE:RDN,0.0
2021-06-03,12,AR1 alpha + Basic + One-Step,NYSE:RDN,0.0
2021-06-04,12,AR1 alpha + Basic + One-Step,NYSE:RDN,0.0
2021-06-07,12,AR1 alpha + Basic + One-Step,NYSE:RDN,5.182781377659017e-09
2021-06-08,12,AR1 alpha + Basic + One-Step,NYSE:RDN,0.0
2021-06-09,12,AR1 alpha + Basic + One-Step,NYSE:RDN,1.8725103017527784e-07
2021-06-10,12,AR1 alpha + Basic + One-Step,NYSE:RDN,1.2021035189453195e-07
2021-06-11,12,AR1 alpha + Basic + One-Step,NYSE:RDN,0.0
2021-06-14,12,AR1 alpha + Basic + One-Step,NYSE:RDN,0.0
2021-06-15,12,AR1 alpha + Basic + One-Step,NYSE:RDN,0.0
2021-06-16,12,AR1 alpha + Basic + One-Step,NYSE:RDN,0.0
2021-06-17,12,AR1 alpha + Basic + One-Step,NYSE:RDN,0.0
2021-06-18,12,AR1 alpha + Basic + One-Step,NYSE:RDN,0.0
2021-06-21,12,AR1 alpha + Basic + One-Step,NYSE:RDN,0.0
2021-06-22,12,AR1 alpha + Basic + One-Step,NYSE:RDN,7.210729608000811e-08
2021-06-23,12,AR1 alpha + Basic + One-Step,NYSE:RDN,3.87826938952979e-07
2021-06-24,12,AR1 alpha + Basic + One-Step,NYSE:RDN,7.260332359506038e-07
2021-06-25,12,AR1 alpha + Basic + One-Step,NYSE:RDN,0.0
2021-06-28,12,AR1 alpha + Basic + One-Step,NYSE:RDN,0.0
2021-06-29,12,AR1 alpha + Basic + One-Step,NYSE:RDN,0.0
2021-06-30,12,AR1 alpha + Basic + One-Step,NYSE:RDN,0.0
2021-07-01,12,AR1 alpha + Basic + One-Step,NYSE:RDN,0.0
2021-07-02,12,AR1 alpha + Basic + One-Step,NYSE:RDN,0.0
2021-07-06,12,AR1 alpha + Basic + One-Step,NYSE:RDN,0.0
2021-07-07,12,AR1 alpha + Basic + One-Step,NYSE:RDN,0.0
2021-07-08,12,AR1 alpha + Basic + One-Step,NYSE:RDN,0.0
2021-07-09,12,AR1 alpha + Basic + One-Step,NYSE:RDN,0.0
2021-07-12,12,AR1 alpha + Basic + One-Step,NYSE:RDN,0.0
2021-07-13,12,AR1 alpha + Basic + One-Step,NYSE:RDN,5.6839560680700317e-08
2021-07-14,12,AR1 alpha + Basic + One-Step,NYSE:RDN,0.0
2021-07-15,12,AR1 alpha + Basic + One-Step,NYSE:RDN,0.0
2021-07-16,12,AR1 alpha + Basic + One-Step,NYSE:RDN,0.0
2021-07-19,12,AR1 alpha + Basic + One-Step,NYSE:RDN,0.0
2021-07-20,12,AR1 alpha + Basic + One-Step,NYSE:RDN,0.0
2021-07-21,12,AR1 alpha + Basic + One-Step,NYSE:RDN,0.0
2021-07-22,12,AR1 alpha + Basic + One-Step,NYSE:RDN,0.0
2021-07-23,12,AR1 alpha + Basic + One-Step,NYSE:RDN,0.0
2021-07-26,12,AR1 alpha + Basic + One-Step,NYSE:RDN,6.802447208088223e-08
2021-07-27,12,AR1 alpha + Basic + One-Step,NYSE:RDN,2.3559108795842816e-06
2021-07-28,12,AR1 alpha + Basic + One-Step,NYSE:RDN,0.0
2021-07-29,12,AR1 alpha + Basic + One-Step,NYSE:RDN,0.0
2021-07-30,12,AR1 alpha + Basic + One-Step,NYSE:RDN,0.0
2021-08-02,12,AR1 alpha + Basic + One-Step,NYSE:RDN,9.196296239104542e-09
2021-08-03,12,AR1 alpha + Basic + One-Step,NYSE:RDN,0.0
2021-08-04,12,AR1 alpha + Basic + One-Step,NYSE:RDN,1.37867318438347e-08
2021-08-05,12,AR1 alpha + Basic + One-Step,NYSE:RDN,0.0
2021-08-06,12,AR1 alpha + Basic + One-Step,NYSE:RDN,0.0
2021-08-09,12,AR1 alpha + Basic + One-Step,NYSE:RDN,3.903430950549427e-07
2021-08-10,12,AR1 alpha + Basic + One-Step,NYSE:RDN,2.2105101400080673e-07
2021-08-11,12,AR1 alpha + Basic + One-Step,NYSE:RDN,1.5259914029689956e-07
2021-08-12,12,AR1 alpha + Basic + One-Step,NYSE:RDN,0.0
2021-08-13,12,AR1 alpha + Basic + One-Step,NYSE:RDN,0.0
2021-08-16,12,AR1 alpha + Basic + One-Step,NYSE:RDN,0.0
2021-08-17,12,AR1 alpha + Basic + One-Step,NYSE:RDN,1.6963373841341658e-07
2021-08-18,12,AR1 alpha + Basic + One-Step,NYSE:RDN,0.0
2021-08-19,12,AR1 alpha + Basic + One-Step,NYSE:RDN,0.0
2021-08-20,12,AR1 alpha + Basic + One-Step,NYSE:RDN,2.7345115063659848e-08
2021-08-23,12,AR1 alpha + Basic + One-Step,NYSE:RDN,0.0
2021-08-24,12,AR1 alpha + Basic + One-Step,NYSE:RDN,0.0
2021-08-25,12,AR1 alpha + Basic + One-Step,NYSE:RDN,0.0
2021-08-26,12,AR1 alpha + Basic + One-Step,NYSE:RDN,1.121677104500298e-08
2021-08-27,12,AR1 alpha + Basic + One-Step,NYSE:RDN,8.24160250610602e-08
2021-08-30,12,AR1 alpha + Basic + One-Step,NYSE:RDN,7.553512317973307e-09
2021-08-31,12,AR1 alpha + Basic + One-Step,NYSE:RDN,2.0405784035813116e-07
2021-09-01,12,AR1 alpha + Basic + One-Step,NYSE:RDN,0.0
2021-09-02,12,AR1 alpha + Basic + One-Step,NYSE:RDN,0.0
2021-09-03,12,AR1 alpha + Basic + One-Step,NYSE:RDN,0.0
2021-09-07,12,AR1 alpha + Basic + One-Step,NYSE:RDN,0.0
2021-09-08,12,AR1 alpha + Basic + One-Step,NYSE:RDN,0.0
2021-09-09,12,AR1 alpha + Basic + One-Step,NYSE:RDN,2.6493973939129473e-08
2021-09-10,12,AR1 alpha + Basic + One-Step,NYSE:RDN,0.0
2021-09-13,12,AR1 alpha + Basic + One-Step,NYSE:RDN,0.0
2021-09-14,12,AR1 alpha + Basic + One-Step,NYSE:RDN,1.9703076781446454e-07
2021-09-15,12,AR1 alpha + Basic + One-Step,NYSE:RDN,0.0
2021-09-16,12,AR1 alpha + Basic + One-Step,NYSE:RDN,0.0
2021-09-17,12,AR1 alpha + Basic + One-Step,NYSE:RDN,0.0
2021-09-20,12,AR1 alpha + Basic + One-Step,NYSE:RDN,0.0
2021-09-21,12,AR1 alpha + Basic + One-Step,NYSE:RDN,1.6786779394182773e-07
2021-09-22,12,AR1 alpha + Basic + One-Step,NYSE:RDN,0.0
2021-09-23,12,AR1 alpha + Basic + One-Step,NYSE:RDN,0.0
2021-09-24,12,AR1 alpha + Basic + One-Step,NYSE:RDN,0.0
2021-09-27,12,AR1 alpha + Basic + One-Step,NYSE:RDN,0.0
2021-09-28,12,AR1 alpha + Basic + One-Step,NYSE:RDN,0.0
2021-09-29,12,AR1 alpha + Basic + One-Step,NYSE:RDN,0.0
2021-09-30,12,AR1 alpha + Basic + One-Step,NYSE:RDN,0.0
2021-10-01,12,AR1 alpha + Basic + One-Step,NYSE:RDN,0.0
2021-10-04,12,AR1 alpha + Basic + One-Step,NYSE:RDN,0.0
2021-10-05,12,AR1 alpha + Basic + One-Step,NYSE:RDN,0.0
2021-10-06,12,AR1 alpha + Basic + One-Step,NYSE:RDN,5.350268156542656e-07
2021-10-07,12,AR1 alpha + Basic + One-Step,NYSE:RDN,0.0
2021-10-08,12,AR1 alpha + Basic + One-Step,NYSE:RDN,0.0
2021-10-11,12,AR1 alpha + Basic + One-Step,NYSE:RDN,0.0
2021-10-12,12,AR1 alpha + Basic + One-Step,NYSE:RDN,0.0
2021-10-13,12,AR1 alpha + Basic + One-Step,NYSE:RDN,0.0
2021-10-14,12,AR1 alpha + Basic + One-Step,NYSE:RDN,0.0
2021-10-15,12,AR1 alpha + Basic + One-Step,NYSE:RDN,0.0
2021-10-18,12,AR1 alpha + Basic + One-Step,NYSE:RDN,0.0
2021-10-19,12,AR1 alpha + Basic + One-Step,NYSE:RDN,0.0
2021-10-20,12,AR1 alpha + Basic + One-Step,NYSE:RDN,0.0
2021-10-21,12,AR1 alpha + Basic + One-Step,NYSE:RDN,0.0
2021-10-22,12,AR1 alpha + Basic + One-Step,NYSE:RDN,0.0
2021-10-25,12,AR1 alpha + Basic + One-Step,NYSE:RDN,0.0
2021-10-26,12,AR1 alpha + Basic + One-Step,NYSE:RDN,0.0
2021-10-27,12,AR1 alpha + Basic + One-Step,NYSE:RDN,0.0
2021-10-28,12,AR1 alpha + Basic + One-Step,NYSE:RDN,0.0
2021-10-29,12,AR1 alpha + Basic + One-Step,NYSE:RDN,0.0
2021-11-01,12,AR1 alpha + Basic + One-Step,NYSE:RDN,3.478397013113813e-07
2021-11-02,12,AR1 alpha + Basic + One-Step,NYSE:RDN,0.0
2021-11-03,12,AR1 alpha + Basic + One-Step,NYSE:RDN,0.0
2021-11-04,12,AR1 alpha + Basic + One-Step,NYSE:RDN,0.0
2021-11-05,12,AR1 alpha + Basic + One-Step,NYSE:RDN,0.0
2021-11-08,12,AR1 alpha + Basic + One-Step,NYSE:RDN,0.0
2021-11-09,12,AR1 alpha + Basic + One-Step,NYSE:RDN,4.2974217566250496e-08
2021-11-10,12,AR1 alpha + Basic + One-Step,NYSE:RDN,1.4899593754316021e-08
2021-11-11,12,AR1 alpha + Basic + One-Step,NYSE:RDN,0.0
2021-11-12,12,AR1 alpha + Basic + One-Step,NYSE:RDN,0.0
2021-11-15,12,AR1 alpha + Basic + One-Step,NYSE:RDN,0.0
2021-11-16,12,AR1 alpha + Basic + One-Step,NYSE:RDN,0.0
2021-11-17,12,AR1 alpha + Basic + One-Step,NYSE:RDN,0.0
2021-11-18,12,AR1 alpha + Basic + One-Step,NYSE:RDN,0.0
2021-11-19,12,AR1 alpha + Basic + One-Step,NYSE:RDN,0.0
2021-11-22,12,AR1 alpha + Basic + One-Step,NYSE:RDN,0.0
2021-11-23,12,AR1 alpha + Basic + One-Step,NYSE:RDN,0.0
2021-11-24,12,AR1 alpha + Basic + One-Step,NYSE:RDN,0.0
2021-11-26,12,AR1 alpha + Basic + One-Step,NYSE:RDN,0.0
2021-11-29,12,AR1 alpha + Basic + One-Step,NYSE:RDN,0.0
2021-11-30,12,AR1 alpha + Basic + One-Step,NYSE:RDN,0.0
2021-12-01,12,AR1 alpha + Basic + One-Step,NYSE:RDN,0.0
2021-12-02,12,AR1 alpha + Basic + One-Step,NYSE:RDN,0.0
2021-12-03,12,AR1 alpha + Basic + One-Step,NYSE:RDN,0.0
2021-12-06,12,AR1 alpha + Basic + One-Step,NYSE:RDN,0.0
2021-12-07,12,AR1 alpha + Basic + One-Step,NYSE:RDN,0.0
2021-12-08,12,AR1 alpha + Basic + One-Step,NYSE:RDN,0.0
2021-12-09,12,AR1 alpha + Basic + One-Step,NYSE:RDN,0.0
2021-12-10,12,AR1 alpha + Basic + One-Step,NYSE:RDN,9.440422725074911e-08
2021-12-13,12,AR1 alpha + Basic + One-Step,NYSE:RDN,0.0
2021-12-14,12,AR1 alpha + Basic + One-Step,NYSE:RDN,3.042745544614503e-08
2021-12-15,12,AR1 alpha + Basic + One-Step,NYSE:RDN,0.0
2021-12-16,12,AR1 alpha + Basic + One-Step,NYSE:RDN,0.0
2021-12-17,12,AR1 alpha + Basic + One-Step,NYSE:RDN,0.0
2021-12-20,12,AR1 alpha + Basic + One-Step,NYSE:RDN,0.0
2021-12-21,12,AR1 alpha + Basic + One-Step,NYSE:RDN,0.0
2021-12-22,12,AR1 alpha + Basic + One-Step,NYSE:RDN,1.8565787924267467e-07
2021-12-23,12,AR1 alpha + Basic + One-Step,NYSE:RDN,0.0
2021-12-27,12,AR1 alpha + Basic + One-Step,NYSE:RDN,0.0
2021-12-28,12,AR1 alpha + Basic + One-Step,NYSE:RDN,0.0
2021-12-29,12,AR1 alpha + Basic + One-Step,NYSE:RDN,0.0
2021-12-30,12,AR1 alpha + Basic + One-Step,NYSE:RDN,9.445417384831563e-07
2021-12-31,12,AR1 alpha + Basic + One-Step,NYSE:RDN,4.306468684070584e-07
2022-01-03,12,AR1 alpha + Basic + One-Step,NYSE:RDN,2.97872189015239e-07
2022-01-04,12,AR1 alpha + Basic + One-Step,NYSE:RDN,0.0
2022-01-05,12,AR1 alpha + Basic + One-Step,NYSE:RDN,0.0
2022-01-06,12,AR1 alpha + Basic + One-Step,NYSE:RDN,0.0
2022-01-07,12,AR1 alpha + Basic + One-Step,NYSE:RDN,6.649465523553643e-08
2022-01-10,12,AR1 alpha + Basic + One-Step,NYSE:RDN,0.0
2022-01-11,12,AR1 alpha + Basic + One-Step,NYSE:RDN,0.0
2022-01-12,12,AR1 alpha + Basic + One-Step,NYSE:RDN,0.0
2022-01-13,12,AR1 alpha + Basic + One-Step,NYSE:RDN,8.757288851821146e-07
2022-01-14,12,AR1 alpha + Basic + One-Step,NYSE:RDN,0.0
2022-01-18,12,AR1 alpha + Basic + One-Step,NYSE:RDN,0.0
2022-01-19,12,AR1 alpha + Basic + One-Step,NYSE:RDN,0.0
2022-01-20,12,AR1 alpha + Basic + One-Step,NYSE:RDN,0.0
2022-01-21,12,AR1 alpha + Basic + One-Step,NYSE:RDN,3.5371393747346696e-07
2022-01-24,12,AR1 alpha + Basic + One-Step,NYSE:RDN,0.0
2022-01-25,12,AR1 alpha + Basic + One-Step,NYSE:RDN,0.0
2022-01-26,12,AR1 alpha + Basic + One-Step,NYSE:RDN,3.104239628702719e-08
2022-01-27,12,AR1 alpha + Basic + One-Step,NYSE:RDN,0.0
2022-01-28,12,AR1 alpha + Basic + One-Step,NYSE:RDN,0.0
2022-01-31,12,AR1 alpha + Basic + One-Step,NYSE:RDN,0.0
2022-02-01,12,AR1 alpha + Basic + One-Step,NYSE:RDN,0.0
2022-02-02,12,AR1 alpha + Basic + One-Step,NYSE:RDN,0.0
2022-02-03,12,AR1 alpha + Basic + One-Step,NYSE:RDN,0.0
2022-02-04,12,AR1 alpha + Basic + One-Step,NYSE:RDN,7.050703481862751e-08
2022-02-07,12,AR1 alpha + Basic + One-Step,NYSE:RDN,5.2619582953361334e-08
2022-02-08,12,AR1 alpha + Basic + One-Step,NYSE:RDN,0.0
2022-02-09,12,AR1 alpha + Basic + One-Step,NYSE:RDN,0.0
2022-02-10,12,AR1 alpha + Basic + One-Step,NYSE:RDN,5.1120066770096e-09
2022-02-11,12,AR1 alpha + Basic + One-Step,NYSE:RDN,9.469623508560023e-08
2022-02-14,12,AR1 alpha + Basic + One-Step,NYSE:RDN,1.2148862348285348e-07
2022-02-15,12,AR1 alpha + Basic + One-Step,NYSE:RDN,0.0
2022-02-16,12,AR1 alpha + Basic + One-Step,NYSE:RDN,0.0
2022-02-17,12,AR1 alpha + Basic + One-Step,NYSE:RDN,0.0
2022-02-18,12,AR1 alpha + Basic + One-Step,NYSE:RDN,3.42494703260188e-07
2022-02-22,12,AR1 alpha + Basic + One-Step,NYSE:RDN,1.6912539005437902e-07
2022-02-23,12,AR1 alpha + Basic + One-Step,NYSE:RDN,0.0
2022-02-24,12,AR1 alpha + Basic + One-Step,NYSE:RDN,0.0
2022-02-25,12,AR1 alpha + Basic + One-Step,NYSE:RDN,7.34386264925775e-08
2022-02-28,12,AR1 alpha + Basic + One-Step,NYSE:RDN,0.0
2022-03-01,12,AR1 alpha + Basic + One-Step,NYSE:RDN,8.377127330442199e-08
2022-03-02,12,AR1 alpha + Basic + One-Step,NYSE:RDN,0.0
2022-03-03,12,AR1 alpha + Basic + One-Step,NYSE:RDN,0.0
2022-03-04,12,AR1 alpha + Basic + One-Step,NYSE:RDN,0.0
2022-03-07,12,AR1 alpha + Basic + One-Step,NYSE:RDN,1.2134662803355724e-09
2022-03-08,12,AR1 alpha + Basic + One-Step,NYSE:RDN,1.5535223780298836e-06
2022-03-09,12,AR1 alpha + Basic + One-Step,NYSE:RDN,1.982208360564359e-07
2022-03-10,12,AR1 alpha + Basic + One-Step,NYSE:RDN,9.680393004098537e-08
2022-03-11,12,AR1 alpha + Basic + One-Step,NYSE:RDN,3.082448068955806e-07
2022-03-14,12,AR1 alpha + Basic + One-Step,NYSE:RDN,0.0
2022-03-15,12,AR1 alpha + Basic + One-Step,NYSE:RDN,0.0
2022-03-16,12,AR1 alpha + Basic + One-Step,NYSE:RDN,0.0
2022-03-17,12,AR1 alpha + Basic + One-Step,NYSE:RDN,0.0
2022-03-18,12,AR1 alpha + Basic + One-Step,NYSE:RDN,0.0
2022-03-21,12,AR1 alpha + Basic + One-Step,NYSE:RDN,0.0
2022-03-22,12,AR1 alpha + Basic + One-Step,NYSE:RDN,0.0
2022-03-23,12,AR1 alpha + Basic + One-Step,NYSE:RDN,0.0
2022-03-24,12,AR1 alpha + Basic + One-Step,NYSE:RDN,7.717719167505344e-08
2022-03-25,12,AR1 alpha + Basic + One-Step,NYSE:RDN,0.0
2022-03-28,12,AR1 alpha + Basic + One-Step,NYSE:RDN,0.0
2022-03-29,12,AR1 alpha + Basic + One-Step,NYSE:RDN,0.0
2022-03-30,12,AR1 alpha + Basic + One-Step,NYSE:RDN,8.242277095509513e-07
2022-03-31,12,AR1 alpha + Basic + One-Step,NYSE:RDN,0.0
2022-04-01,12,AR1 alpha + Basic + One-Step,NYSE:RDN,0.0
2022-04-04,12,AR1 alpha + Basic + One-Step,NYSE:RDN,0.0
2022-04-05,12,AR1 alpha + Basic + One-Step,NYSE:RDN,0.0
2022-04-06,12,AR1 alpha + Basic + One-Step,NYSE:RDN,0.0
2022-04-07,12,AR1 alpha + Basic + One-Step,NYSE:RDN,0.0
2022-04-08,12,AR1 alpha + Basic + One-Step,NYSE:RDN,0.0
2022-04-11,12,AR1 alpha + Basic + One-Step,NYSE:RDN,0.0
2022-04-12,12,AR1 alpha + Basic + One-Step,NYSE:RDN,0.0
2022-04-13,12,AR1 alpha + Basic + One-Step,NYSE:RDN,3.809784190010043e-07
2022-04-14,12,AR1 alpha + Basic + One-Step,NYSE:RDN,2.5683212131932996e-07
2022-04-18,12,AR1 alpha + Basic + One-Step,NYSE:RDN,5.0451319310633933e-08
2022-04-19,12,AR1 alpha + Basic + One-Step,NYSE:RDN,0.0
2022-04-20,12,AR1 alpha + Basic + One-Step,NYSE:RDN,1.1029327719050137e-07
2022-04-21,12,AR1 alpha + Basic + One-Step,NYSE:RDN,0.0
2022-04-22,12,AR1 alpha + Basic + One-Step,NYSE:RDN,0.0
2022-04-25,12,AR1 alpha + Basic + One-Step,NYSE:RDN,0.0
2022-04-26,12,AR1 alpha + Basic + One-Step,NYSE:RDN,0.0
2022-04-27,12,AR1 alpha + Basic + One-Step,NYSE:RDN,0.0
2022-04-28,12,AR1 alpha + Basic + One-Step,NYSE:RDN,8.07188673649746e-09
2022-04-29,12,AR1 alpha + Basic + One-Step,NYSE:RDN,0.0
2022-05-02,12,AR1 alpha + Basic + One-Step,NYSE:RDN,0.0
2022-05-03,12,AR1 alpha + Basic + One-Step,NYSE:RDN,0.0
2022-05-04,12,AR1 alpha + Basic + One-Step,NYSE:RDN,5.04132322329741e-07
2022-05-05,12,AR1 alpha + Basic + One-Step,NYSE:RDN,0.0
2022-05-06,12,AR1 alpha + Basic + One-Step,NYSE:RDN,0.0
2022-05-09,12,AR1 alpha + Basic + One-Step,NYSE:RDN,0.0
2022-05-10,12,AR1 alpha + Basic + One-Step,NYSE:RDN,0.0
2022-05-11,12,AR1 alpha + Basic + One-Step,NYSE:RDN,0.0
2022-05-12,12,AR1 alpha + Basic + One-Step,NYSE:RDN,6.045581782077374e-08
2022-05-13,12,AR1 alpha + Basic + One-Step,NYSE:RDN,2.217924462386386e-08
2022-05-16,12,AR1 alpha + Basic + One-Step,NYSE:RDN,6.542065772504806e-07
2022-05-17,12,AR1 alpha + Basic + One-Step,NYSE:RDN,1.8657830567134647e-07
2022-05-18,12,AR1 alpha + Basic + One-Step,NYSE:RDN,0.0
2022-05-19,12,AR1 alpha + Basic + One-Step,NYSE:RDN,0.0
2022-05-20,12,AR1 alpha + Basic + One-Step,NYSE:RDN,0.0
2022-05-23,12,AR1 alpha + Basic + One-Step,NYSE:RDN,2.697301336027208e-07
2022-05-24,12,AR1 alpha + Basic + One-Step,NYSE:RDN,0.0
2022-05-25,12,AR1 alpha + Basic + One-Step,NYSE:RDN,2.4063939111483605e-07
2022-05-26,12,AR1 alpha + Basic + One-Step,NYSE:RDN,0.0
2022-05-27,12,AR1 alpha + Basic + One-Step,NYSE:RDN,1.800666978380918e-08
2022-05-31,12,AR1 alpha + Basic + One-Step,NYSE:RDN,0.0
2022-06-01,12,AR1 alpha + Basic + One-Step,NYSE:RDN,0.0
2022-06-02,12,AR1 alpha + Basic + One-Step,NYSE:RDN,0.0
2022-06-03,12,AR1 alpha + Basic + One-Step,NYSE:RDN,0.0
2022-06-06,12,AR1 alpha + Basic + One-Step,NYSE:RDN,0.0
2022-06-07,12,AR1 alpha + Basic + One-Step,NYSE:RDN,0.0
2022-06-08,12,AR1 alpha + Basic + One-Step,NYSE:RDN,0.0
2022-06-09,12,AR1 alpha + Basic + One-Step,NYSE:RDN,0.0
2022-06-10,12,AR1 alpha + Basic + One-Step,NYSE:RDN,1.53372213416963e-07
2022-06-13,12,AR1 alpha + Basic + One-Step,NYSE:RDN,3.4093039779248004e-07
2022-06-14,12,AR1 alpha + Basic + One-Step,NYSE:RDN,2.763721270235043e-07
2022-06-15,12,AR1 alpha + Basic + One-Step,NYSE:RDN,0.0
2022-06-16,12,AR1 alpha + Basic + One-Step,NYSE:RDN,0.0
2022-06-17,12,AR1 alpha + Basic + One-Step,NYSE:RDN,0.0
2022-06-21,12,AR1 alpha + Basic + One-Step,NYSE:RDN,1.2031240815151931e-06
2022-06-22,12,AR1 alpha + Basic + One-Step,NYSE:RDN,6.796288269697828e-07
2022-06-23,12,AR1 alpha + Basic + One-Step,NYSE:RDN,0.0
2022-06-24,12,AR1 alpha + Basic + One-Step,NYSE:RDN,1.5121841994577417e-09
2022-06-27,12,AR1 alpha + Basic + One-Step,NYSE:RDN,0.0
2022-06-28,12,AR1 alpha + Basic + One-Step,NYSE:RDN,0.0
2022-06-29,12,AR1 alpha + Basic + One-Step,NYSE:RDN,0.0
2022-06-30,12,AR1 alpha + Basic + One-Step,NYSE:RDN,0.0
2022-07-01,12,AR1 alpha + Basic + One-Step,NYSE:RDN,0.0
2022-07-05,12,AR1 alpha + Basic + One-Step,NYSE:RDN,0.0
2022-07-06,12,AR1 alpha + Basic + One-Step,NYSE:RDN,0.0
2022-07-07,12,AR1 alpha + Basic + One-Step,NYSE:RDN,0.0
2022-07-08,12,AR1 alpha + Basic + One-Step,NYSE:RDN,0.0
2022-07-11,12,AR1 alpha + Basic + One-Step,NYSE:RDN,0.0
2022-07-12,12,AR1 alpha + Basic + One-Step,NYSE:RDN,1.9420125495179727e-07
2022-07-13,12,AR1 alpha + Basic + One-Step,NYSE:RDN,3.199579502182846e-07
2022-07-14,12,AR1 alpha + Basic + One-Step,NYSE:RDN,0.0
2022-07-15,12,AR1 alpha + Basic + One-Step,NYSE:RDN,0.0
2022-07-18,12,AR1 alpha + Basic + One-Step,NYSE:RDN,3.037375349793025e-09
2022-07-19,12,AR1 alpha + Basic + One-Step,NYSE:RDN,0.0
2022-07-20,12,AR1 alpha + Basic + One-Step,NYSE:RDN,3.0348539236800645e-08
2022-07-21,12,AR1 alpha + Basic + One-Step,NYSE:RDN,2.1924483224282853e-08
2022-07-22,12,AR1 alpha + Basic + One-Step,NYSE:RDN,0.0
2022-07-25,12,AR1 alpha + Basic + One-Step,NYSE:RDN,0.0
2022-07-26,12,AR1 alpha + Basic + One-Step,NYSE:RDN,0.0
2022-07-27,12,AR1 alpha + Basic + One-Step,NYSE:RDN,0.0
2022-07-28,12,AR1 alpha + Basic + One-Step,NYSE:RDN,0.0
2022-07-29,12,AR1 alpha + Basic + One-Step,NYSE:RDN,0.0
2022-08-01,12,AR1 alpha + Basic + One-Step,NYSE:RDN,0.0
2022-08-02,12,AR1 alpha + Basic + One-Step,NYSE:RDN,0.0
2022-08-03,12,AR1 alpha + Basic + One-Step,NYSE:RDN,0.0
2022-08-04,12,AR1 alpha + Basic + One-Step,NYSE:RDN,0.0
2022-08-05,12,AR1 alpha + Basic + One-Step,NYSE:RDN,0.0
2022-08-08,12,AR1 alpha + Basic + One-Step,NYSE:RDN,0.0
2022-08-09,12,AR1 alpha + Basic + One-Step,NYSE:RDN,0.0
2022-08-10,12,AR1 alpha + Basic + One-Step,NYSE:RDN,0.0
2022-08-11,12,AR1 alpha + Basic + One-Step,NYSE:RDN,0.0
2022-08-12,12,AR1 alpha + Basic + One-Step,NYSE:RDN,0.0
2022-08-15,12,AR1 alpha + Basic + One-Step,NYSE:RDN,0.0
2022-08-16,12,AR1 alpha + Basic + One-Step,NYSE:RDN,0.0
2022-08-17,12,AR1 alpha + Basic + One-Step,NYSE:RDN,0.0
2022-08-18,12,AR1 alpha + Basic + One-Step,NYSE:RDN,0.0
2022-08-19,12,AR1 alpha + Basic + One-Step,NYSE:RDN,0.0
2022-08-22,12,AR1 alpha + Basic + One-Step,NYSE:RDN,0.0
2022-08-23,12,AR1 alpha + Basic + One-Step,NYSE:RDN,0.0
2022-08-24,12,AR1 alpha + Basic + One-Step,NYSE:RDN,2.325316078999365e-07
2022-08-25,12,AR1 alpha + Basic + One-Step,NYSE:RDN,0.0
2022-08-26,12,AR1 alpha + Basic + One-Step,NYSE:RDN,0.0
2022-08-29,12,AR1 alpha + Basic + One-Step,NYSE:RDN,0.0
2022-08-30,12,AR1 alpha + Basic + One-Step,NYSE:RDN,0.0
2022-08-31,12,AR1 alpha + Basic + One-Step,NYSE:RDN,0.0
2022-09-01,12,AR1 alpha + Basic + One-Step,NYSE:RDN,0.0
2022-09-02,12,AR1 alpha + Basic + One-Step,NYSE:RDN,0.0
2022-09-06,12,AR1 alpha + Basic + One-Step,NYSE:RDN,0.0
2022-09-07,12,AR1 alpha + Basic + One-Step,NYSE:RDN,0.0
2022-09-08,12,AR1 alpha + Basic + One-Step,NYSE:RDN,2.688508708777617e-07
2022-09-09,12,AR1 alpha + Basic + One-Step,NYSE:RDN,1.991882479920285e-08
2022-09-12,12,AR1 alpha + Basic + One-Step,NYSE:RDN,0.0
2022-09-13,12,AR1 alpha + Basic + One-Step,NYSE:RDN,0.0
2022-09-14,12,AR1 alpha + Basic + One-Step,NYSE:RDN,4.689563736688122e-08
2022-09-15,12,AR1 alpha + Basic + One-Step,NYSE:RDN,3.385115675770332e-08
2022-09-16,12,AR1 alpha + Basic + One-Step,NYSE:RDN,8.858808351377265e-09
2022-09-19,12,AR1 alpha + Basic + One-Step,NYSE:RDN,0.0
2022-09-20,12,AR1 alpha + Basic + One-Step,NYSE:RDN,4.442105484385372e-07
2022-09-21,12,AR1 alpha + Basic + One-Step,NYSE:RDN,0.0
2022-09-22,12,AR1 alpha + Basic + One-Step,NYSE:RDN,0.0
2022-09-23,12,AR1 alpha + Basic + One-Step,NYSE:RDN,0.0
2022-09-26,12,AR1 alpha + Basic + One-Step,NYSE:RDN,6.6217423436092475e-09
2022-09-27,12,AR1 alpha + Basic + One-Step,NYSE:RDN,0.0
2022-09-28,12,AR1 alpha + Basic + One-Step,NYSE:RDN,0.0
2022-09-29,12,AR1 alpha + Basic + One-Step,NYSE:RDN,0.0
2022-09-30,12,AR1 alpha + Basic + One-Step,NYSE:RDN,0.0
2022-10-03,12,AR1 alpha + Basic + One-Step,NYSE:RDN,0.0
2022-10-04,12,AR1 alpha + Basic + One-Step,NYSE:RDN,0.04713438691763059
2022-10-05,12,AR1 alpha + Basic + One-Step,NYSE:RDN,1.8064090729166373e-06
2022-10-06,12,AR1 alpha + Basic + One-Step,NYSE:RDN,0.0
2022-10-07,12,AR1 alpha + Basic + One-Step,NYSE:RDN,0.0
2022-10-10,12,AR1 alpha + Basic + One-Step,NYSE:RDN,0.0
2022-10-11,12,AR1 alpha + Basic + One-Step,NYSE:RDN,6.998910715564893e-07
2022-10-12,12,AR1 alpha + Basic + One-Step,NYSE:RDN,4.429328591019554e-07
2022-10-13,12,AR1 alpha + Basic + One-Step,NYSE:RDN,0.0
2022-10-14,12,AR1 alpha + Basic + One-Step,NYSE:RDN,2.1276348118457738e-07
2022-10-17,12,AR1 alpha + Basic + One-Step,NYSE:RDN,0.0
2022-10-18,12,AR1 alpha + Basic + One-Step,NYSE:RDN,0.0
2022-10-19,12,AR1 alpha + Basic + One-Step,NYSE:RDN,2.1506827801307256e-08
2022-10-20,12,AR1 alpha + Basic + One-Step,NYSE:RDN,8.859900395369539e-10
2022-10-21,12,AR1 alpha + Basic + One-Step,NYSE:RDN,7.116592486561134e-08
2022-10-24,12,AR1 alpha + Basic + One-Step,NYSE:RDN,0.0
2022-10-25,12,AR1 alpha + Basic + One-Step,NYSE:RDN,0.0
2022-10-26,12,AR1 alpha + Basic + One-Step,NYSE:RDN,0.0
2022-10-27,12,AR1 alpha + Basic + One-Step,NYSE:RDN,0.0
2022-10-28,12,AR1 alpha + Basic + One-Step,NYSE:RDN,0.0
2022-10-31,12,AR1 alpha + Basic + One-Step,NYSE:RDN,0.0
2022-11-01,12,AR1 alpha + Basic + One-Step,NYSE:RDN,0.0
2022-11-02,12,AR1 alpha + Basic + One-Step,NYSE:RDN,6.890608905510283e-07
2022-11-03,12,AR1 alpha + Basic + One-Step,NYSE:RDN,1.5493735966454114e-06
2022-11-04,12,AR1 alpha + Basic + One-Step,NYSE:RDN,1.4480313785081745e-06
2022-11-07,12,AR1 alpha + Basic + One-Step,NYSE:RDN,5.673161687903198e-07
2022-11-08,12,AR1 alpha + Basic + One-Step,NYSE:RDN,0.0
2022-11-09,12,AR1 alpha + Basic + One-Step,NYSE:RDN,0.0
2022-11-10,12,AR1 alpha + Basic + One-Step,NYSE:RDN,0.0
2022-11-11,12,AR1 alpha + Basic + One-Step,NYSE:RDN,2.0225301547679903e-07
2022-11-14,12,AR1 alpha + Basic + One-Step,NYSE:RDN,0.0
2022-11-15,12,AR1 alpha + Basic + One-Step,NYSE:RDN,0.0
2022-11-16,12,AR1 alpha + Basic + One-Step,NYSE:RDN,0.0
2022-11-17,12,AR1 alpha + Basic + One-Step,NYSE:RDN,0.0
2022-11-18,12,AR1 alpha + Basic + One-Step,NYSE:RDN,5.571820625902135e-07
2022-11-21,12,AR1 alpha + Basic + One-Step,NYSE:RDN,7.544721864238604e-07
2022-11-22,12,AR1 alpha + Basic + One-Step,NYSE:RDN,2.1541955741113686e-07
2022-11-23,12,AR1 alpha + Basic + One-Step,NYSE:RDN,0.0
2022-11-25,12,AR1 alpha + Basic + One-Step,NYSE:RDN,0.0
2022-11-28,12,AR1 alpha + Basic + One-Step,NYSE:RDN,0.0
2022-11-29,12,AR1 alpha + Basic + One-Step,NYSE:RDN,0.0
2022-11-30,12,AR1 alpha + Basic + One-Step,NYSE:RDN,9.721383911733571e-08
2022-12-01,12,AR1 alpha + Basic + One-Step,NYSE:RDN,1.3523969574686827e-07
2022-12-02,12,AR1 alpha + Basic + One-Step,NYSE:RDN,0.0
2022-12-05,12,AR1 alpha + Basic + One-Step,NYSE:RDN,0.0
2022-12-06,12,AR1 alpha + Basic + One-Step,NYSE:RDN,0.0
2022-12-07,12,AR1 alpha + Basic + One-Step,NYSE:RDN,0.0
2022-12-08,12,AR1 alpha + Basic + One-Step,NYSE:RDN,0.0
2022-12-09,12,AR1 alpha + Basic + One-Step,NYSE:RDN,0.0
2022-12-12,12,AR1 alpha + Basic + One-Step,NYSE:RDN,2.0813081231603542e-08
2022-12-13,12,AR1 alpha + Basic + One-Step,NYSE:RDN,0.0
2022-12-14,12,AR1 alpha + Basic + One-Step,NYSE:RDN,1.660547091235907e-07
2022-12-15,12,AR1 alpha + Basic + One-Step,NYSE:RDN,0.0
2022-12-16,12,AR1 alpha + Basic + One-Step,NYSE:RDN,0.0
2022-12-19,12,AR1 alpha + Basic + One-Step,NYSE:RDN,0.0
2022-12-20,12,AR1 alpha + Basic + One-Step,NYSE:RDN,0.0
2022-12-21,12,AR1 alpha + Basic + One-Step,NYSE:RDN,9.133910263865787e-10
2022-12-22,12,AR1 alpha + Basic + One-Step,NYSE:RDN,0.0
2022-12-23,12,AR1 alpha + Basic + One-Step,NYSE:RDN,0.0
2022-12-27,12,AR1 alpha + Basic + One-Step,NYSE:RDN,4.1686948254982833e-07
2022-12-28,12,AR1 alpha + Basic + One-Step,NYSE:RDN,0.0
2022-12-29,12,AR1 alpha + Basic + One-Step,NYSE:RDN,2.709556327581775e-08
2022-12-30,12,AR1 alpha + Basic + One-Step,NYSE:RDN,0.0
2023-01-03,12,AR1 alpha + Basic + One-Step,NYSE:RDN,2.1235968487048382e-07
2023-01-04,12,AR1 alpha + Basic + One-Step,NYSE:RDN,0.0
2023-01-05,12,AR1 alpha + Basic + One-Step,NYSE:RDN,0.0
2023-01-06,12,AR1 alpha + Basic + One-Step,NYSE:RDN,0.0
2023-01-09,12,AR1 alpha + Basic + One-Step,NYSE:RDN,0.0
2023-01-10,12,AR1 alpha + Basic + One-Step,NYSE:RDN,0.0
2023-01-11,12,AR1 alpha + Basic + One-Step,NYSE:RDN,1.698418705186024e-08
2023-01-12,12,AR1 alpha + Basic + One-Step,NYSE:RDN,0.0
2023-01-13,12,AR1 alpha + Basic + One-Step,NYSE:RDN,1.660755315446567e-08
2023-01-17,12,AR1 alpha + Basic + One-Step,NYSE:RDN,0.0
2023-01-18,12,AR1 alpha + Basic + One-Step,NYSE:RDN,0.0
2023-01-19,12,AR1 alpha + Basic + One-Step,NYSE:RDN,0.0
2023-01-20,12,AR1 alpha + Basic + One-Step,NYSE:RDN,0.0
2023-01-23,12,AR1 alpha + Basic + One-Step,NYSE:RDN,0.0
2023-01-24,12,AR1 alpha + Basic + One-Step,NYSE:RDN,0.0
2023-01-25,12,AR1 alpha + Basic + One-Step,NYSE:RDN,0.0
2023-01-26,12,AR1 alpha + Basic + One-Step,NYSE:RDN,0.0
2023-01-27,12,AR1 alpha + Basic + One-Step,NYSE:RDN,0.0
2023-01-30,12,AR1 alpha + Basic + One-Step,NYSE:RDN,0.0
2023-01-31,12,AR1 alpha + Basic + One-Step,NYSE:RDN,0.0
2023-02-01,12,AR1 alpha + Basic + One-Step,NYSE:RDN,0.0
2023-02-02,12,AR1 alpha + Basic + One-Step,NYSE:RDN,8.042987890899365e-07
2023-02-03,12,AR1 alpha + Basic + One-Step,NYSE:RDN,1.9342209775255577e-07
2023-02-06,12,AR1 alpha + Basic + One-Step,NYSE:RDN,0.0
2023-02-07,12,AR1 alpha + Basic + One-Step,NYSE:RDN,0.0
2023-02-08,12,AR1 alpha + Basic + One-Step,NYSE:RDN,0.0
2023-02-09,12,AR1 alpha + Basic + One-Step,NYSE:RDN,0.0
2023-02-10,12,AR1 alpha + Basic + One-Step,NYSE:RDN,0.0
2023-02-13,12,AR1 alpha + Basic + One-Step,NYSE:RDN,0.0
2023-02-14,12,AR1 alpha + Basic + One-Step,NYSE:RDN,0.0
2023-02-15,12,AR1 alpha + Basic + One-Step,NYSE:RDN,0.0
2023-02-16,12,AR1 alpha + Basic + One-Step,NYSE:RDN,9.513771746683816e-09
2023-02-17,12,AR1 alpha + Basic + One-Step,NYSE:RDN,0.0
2023-02-21,12,AR1 alpha + Basic + One-Step,NYSE:RDN,0.0
2023-02-22,12,AR1 alpha + Basic + One-Step,NYSE:RDN,0.0
2023-02-23,12,AR1 alpha + Basic + One-Step,NYSE:RDN,0.0
2023-02-24,12,AR1 alpha + Basic + One-Step,NYSE:RDN,0.0
2023-02-27,12,AR1 alpha + Basic + One-Step,NYSE:RDN,0.0
2023-02-28,12,AR1 alpha + Basic + One-Step,NYSE:RDN,0.0
2023-03-01,12,AR1 alpha + Basic + One-Step,NYSE:RDN,0.0
2023-03-02,12,AR1 alpha + Basic + One-Step,NYSE:RDN,1.0036736917126309e-07
2023-03-03,12,AR1 alpha + Basic + One-Step,NYSE:RDN,0.0
2023-03-06,12,AR1 alpha + Basic + One-Step,NYSE:RDN,0.0
2023-03-07,12,AR1 alpha + Basic + One-Step,NYSE:RDN,0.0
2023-03-08,12,AR1 alpha + Basic + One-Step,NYSE:RDN,0.0
2023-03-09,12,AR1 alpha + Basic + One-Step,NYSE:RDN,0.0
2023-03-10,12,AR1 alpha + Basic + One-Step,NYSE:RDN,9.86225860017431e-09
2023-03-13,12,AR1 alpha + Basic + One-Step,NYSE:RDN,2.167406962442884e-07
2023-03-14,12,AR1 alpha + Basic + One-Step,NYSE:RDN,0.0
2023-03-15,12,AR1 alpha + Basic + One-Step,NYSE:RDN,9.926770468225051e-08
2023-03-16,12,AR1 alpha + Basic + One-Step,NYSE:RDN,1.665993654215729e-07
2023-03-17,12,AR1 alpha + Basic + One-Step,NYSE:RDN,0.0
2023-03-20,12,AR1 alpha + Basic + One-Step,NYSE:RDN,6.974017879874361e-07
2023-03-21,12,AR1 alpha + Basic + One-Step,NYSE:RDN,2.906702262619692e-07
2023-03-22,12,AR1 alpha + Basic + One-Step,NYSE:RDN,1.1188902355015607e-07
2023-03-23,12,AR1 alpha + Basic + One-Step,NYSE:RDN,1.5062648718991356e-07
2023-03-24,12,AR1 alpha + Basic + One-Step,NYSE:RDN,8.185394197055629e-08
2023-03-27,12,AR1 alpha + Basic + One-Step,NYSE:RDN,0.0
2023-03-28,12,AR1 alpha + Basic + One-Step,NYSE:RDN,2.1062956907272035e-08
2023-03-29,12,AR1 alpha + Basic + One-Step,NYSE:RDN,0.0
2023-03-30,12,AR1 alpha + Basic + One-Step,NYSE:RDN,0.0
2023-03-31,12,AR1 alpha + Basic + One-Step,NYSE:RDN,3.524695030310065e-07
2023-04-03,12,AR1 alpha + Basic + One-Step,NYSE:RDN,0.0
2023-04-04,12,AR1 alpha + Basic + One-Step,NYSE:RDN,0.0
2023-04-05,12,AR1 alpha + Basic + One-Step,NYSE:RDN,1.806470743117306e-07
2023-04-06,12,AR1 alpha + Basic + One-Step,NYSE:RDN,3.3957293455528485e-07
2023-04-10,12,AR1 alpha + Basic + One-Step,NYSE:RDN,0.0
2023-04-11,12,AR1 alpha + Basic + One-Step,NYSE:RDN,0.0
2023-04-12,12,AR1 alpha + Basic + One-Step,NYSE:RDN,0.0
2023-04-13,12,AR1 alpha + Basic + One-Step,NYSE:RDN,0.0
2023-04-14,12,AR1 alpha + Basic + One-Step,NYSE:RDN,0.0
2023-04-17,12,AR1 alpha + Basic + One-Step,NYSE:RDN,0.0
2023-04-18,12,AR1 alpha + Basic + One-Step,NYSE:RDN,0.0
2023-04-19,12,AR1 alpha + Basic + One-Step,NYSE:RDN,2.00503674025293e-09
2023-04-20,12,AR1 alpha + Basic + One-Step,NYSE:RDN,6.1062511487490176e-09
2023-04-21,12,AR1 alpha + Basic + One-Step,NYSE:RDN,5.138159486755094e-08
2023-04-24,12,AR1 alpha + Basic + One-Step,NYSE:RDN,0.0
2023-04-25,12,AR1 alpha + Basic + One-Step,NYSE:RDN,0.0
2023-04-26,12,AR1 alpha + Basic + One-Step,NYSE:RDN,0.0
2023-04-27,12,AR1 alpha + Basic + One-Step,NYSE:RDN,0.02731357907381732
2023-04-28,12,AR1 alpha + Basic + One-Step,NYSE:RDN,0.042569899164172906
2023-05-01,12,AR1 alpha + Basic + One-Step,NYSE:RDN,2.6501762036431663e-08
2023-05-02,12,AR1 alpha + Basic + One-Step,NYSE:RDN,8.794212402635924e-08
2023-05-03,12,AR1 alpha + Basic + One-Step,NYSE:RDN,0.0
2023-05-04,12,AR1 alpha + Basic + One-Step,NYSE:RDN,0.0
2023-05-05,12,AR1 alpha + Basic + One-Step,NYSE:RDN,0.08471371078685992
2023-05-08,12,AR1 alpha + Basic + One-Step,NYSE:RDN,0.07428538792315365
2023-05-09,12,AR1 alpha + Basic + One-Step,NYSE:RDN,0.04653070360866097
2023-05-10,12,AR1 alpha + Basic + One-Step,NYSE:RDN,0.023303691946999102
2023-05-11,12,AR1 alpha + Basic + One-Step,NYSE:RDN,4.90267356615511e-06
2023-05-12,12,AR1 alpha + Basic + One-Step,NYSE:RDN,3.278666200976236e-06
2023-05-15,12,AR1 alpha + Basic + One-Step,NYSE:RDN,1.6935613595298796e-06
2023-05-16,12,AR1 alpha + Basic + One-Step,NYSE:RDN,0.0321641490708444
2023-05-17,12,AR1 alpha + Basic + One-Step,NYSE:RDN,0.028128156163973864
2023-05-18,12,AR1 alpha + Basic + One-Step,NYSE:RDN,0.0777691897250545
2023-05-19,12,AR1 alpha + Basic + One-Step,NYSE:RDN,0.0726965171323813
2023-05-22,12,AR1 alpha + Basic + One-Step,NYSE:RDN,0.0
2023-05-23,12,AR1 alpha + Basic + One-Step,NYSE:RDN,0.058971626992950256
2023-05-24,12,AR1 alpha + Basic + One-Step,NYSE:RDN,0.0
2023-05-25,12,AR1 alpha + Basic + One-Step,NYSE:RDN,0.0
2023-05-26,12,AR1 alpha + Basic + One-Step,NYSE:RDN,0.0562091771120639
2023-05-30,12,AR1 alpha + Basic + One-Step,NYSE:RDN,0.09999475207774343
2023-05-31,12,AR1 alpha + Basic + One-Step,NYSE:RDN,0.0
2023-06-01,12,AR1 alpha + Basic + One-Step,NYSE:RDN,0.0
2023-06-02,12,AR1 alpha + Basic + One-Step,NYSE:RDN,0.09037698209170901
2023-06-05,12,AR1 alpha + Basic + One-Step,NYSE:RDN,2.708615498033802e-06
2023-06-06,12,AR1 alpha + Basic + One-Step,NYSE:RDN,0.0840559874614752
2023-06-07,12,AR1 alpha + Basic + One-Step,NYSE:RDN,0.10000015340624291
2023-06-08,12,AR1 alpha + Basic + One-Step,NYSE:RDN,0.07384664785506
2023-06-09,12,AR1 alpha + Basic + One-Step,NYSE:RDN,0.0
2023-06-12,12,AR1 alpha + Basic + One-Step,NYSE:RDN,0.0
2023-06-13,12,AR1 alpha + Basic + One-Step,NYSE:RDN,1.9193655097838146e-07
2023-06-14,12,AR1 alpha + Basic + One-Step,NYSE:RDN,2.0160988517667823e-07
2023-06-15,12,AR1 alpha + Basic + One-Step,NYSE:RDN,0.0
2023-06-16,12,AR1 alpha + Basic + One-Step,NYSE:RDN,2.637513923593729e-08
2023-06-20,12,AR1 alpha + Basic + One-Step,NYSE:RDN,0.0
2023-06-21,12,AR1 alpha + Basic + One-Step,NYSE:RDN,0.0
2023-06-22,12,AR1 alpha + Basic + One-Step,NYSE:RDN,0.0
2023-06-23,12,AR1 alpha + Basic + One-Step,NYSE:RDN,0.0
2023-06-26,12,AR1 alpha + Basic + One-Step,NYSE:RDN,4.576109352359258e-07
2023-06-27,12,AR1 alpha + Basic + One-Step,NYSE:RDN,0.0
2023-06-28,12,AR1 alpha + Basic + One-Step,NYSE:RDN,0.0
2023-06-29,12,AR1 alpha + Basic + One-Step,NYSE:RDN,0.0
2023-06-30,12,AR1 alpha + Basic + One-Step,NYSE:RDN,0.0
2023-07-03,12,AR1 alpha + Basic + One-Step,NYSE:RDN,0.0
2023-07-05,12,AR1 alpha + Basic + One-Step,NYSE:RDN,2.77832851498412e-06
2023-07-06,12,AR1 alpha + Basic + One-Step,NYSE:RDN,0.0
2023-07-07,12,AR1 alpha + Basic + One-Step,NYSE:RDN,0.0
2023-07-10,12,AR1 alpha + Basic + One-Step,NYSE:RDN,2.85462705737132e-06
2023-07-11,12,AR1 alpha + Basic + One-Step,NYSE:RDN,0.0
2023-07-12,12,AR1 alpha + Basic + One-Step,NYSE:RDN,0.0
2023-07-13,12,AR1 alpha + Basic + One-Step,NYSE:RDN,0.0
2023-07-14,12,AR1 alpha + Basic + One-Step,NYSE:RDN,1.9493319132674324e-07
2023-07-17,12,AR1 alpha + Basic + One-Step,NYSE:RDN,9.064987403715109e-07
2023-07-18,12,AR1 alpha + Basic + One-Step,NYSE:RDN,1.8188188168831247e-06
2023-07-19,12,AR1 alpha + Basic + One-Step,NYSE:RDN,0.0
2023-07-20,12,AR1 alpha + Basic + One-Step,NYSE:RDN,0.00019318015635252854
2023-07-21,12,AR1 alpha + Basic + One-Step,NYSE:RDN,0.0
2023-07-24,12,AR1 alpha + Basic + One-Step,NYSE:RDN,0.03332525043027741
2023-07-25,12,AR1 alpha + Basic + One-Step,NYSE:RDN,0.017385904340572543
2023-07-26,12,AR1 alpha + Basic + One-Step,NYSE:RDN,0.09434856562224048
2023-07-27,12,AR1 alpha + Basic + One-Step,NYSE:RDN,0.0
2023-07-28,12,AR1 alpha + Basic + One-Step,NYSE:RDN,0.0
2023-07-31,12,AR1 alpha + Basic + One-Step,NYSE:RDN,0.0
2023-08-01,12,AR1 alpha + Basic + One-Step,NYSE:RDN,0.0
2023-08-02,12,AR1 alpha + Basic + One-Step,NYSE:RDN,0.0
2023-08-03,12,AR1 alpha + Basic + One-Step,NYSE:RDN,0.009818656270497392
2023-08-04,12,AR1 alpha + Basic + One-Step,NYSE:RDN,0.0999998775283146
2023-08-07,12,AR1 alpha + Basic + One-Step,NYSE:RDN,0.09999991874534636
2023-08-08,12,AR1 alpha + Basic + One-Step,NYSE:RDN,0.09999657610883533
2023-08-09,12,AR1 alpha + Basic + One-Step,NYSE:RDN,0.09999372417712576
2023-08-10,12,AR1 alpha + Basic + One-Step,NYSE:RDN,0.013251320773675848
2023-08-11,12,AR1 alpha + Basic + One-Step,NYSE:RDN,0.07043962966194499
2023-08-14,12,AR1 alpha + Basic + One-Step,NYSE:RDN,0.08238502083202766
2023-08-15,12,AR1 alpha + Basic + One-Step,NYSE:RDN,0.0
2023-08-16,12,AR1 alpha + Basic + One-Step,NYSE:RDN,0.0
2023-08-17,12,AR1 alpha + Basic + One-Step,NYSE:RDN,0.0
2023-08-18,12,AR1 alpha + Basic + One-Step,NYSE:RDN,0.0
2023-08-21,12,AR1 alpha + Basic + One-Step,NYSE:RDN,1.7410364212217344e-09
2023-08-22,12,AR1 alpha + Basic + One-Step,NYSE:RDN,0.0
2023-08-23,12,AR1 alpha + Basic + One-Step,NYSE:RDN,0.06099721618161514
2023-08-24,12,AR1 alpha + Basic + One-Step,NYSE:RDN,0.09999926638460603
2023-08-25,12,AR1 alpha + Basic + One-Step,NYSE:RDN,0.0999997327454913
2023-08-28,12,AR1 alpha + Basic + One-Step,NYSE:RDN,0.09999864624629003
2023-08-29,12,AR1 alpha + Basic + One-Step,NYSE:RDN,0.09999877342611274
2023-08-30,12,AR1 alpha + Basic + One-Step,NYSE:RDN,0.0999958224710137
2023-08-31,12,AR1 alpha + Basic + One-Step,NYSE:RDN,0.09999805904149699
2023-09-01,12,AR1 alpha + Basic + One-Step,NYSE:RDN,0.09999866791588174
2023-09-05,12,AR1 alpha + Basic + One-Step,NYSE:RDN,0.0
2023-09-06,12,AR1 alpha + Basic + One-Step,NYSE:RDN,1.0646511706040017e-08
2023-09-07,12,AR1 alpha + Basic + One-Step,NYSE:RDN,0.04547501634902041
2023-09-08,12,AR1 alpha + Basic + One-Step,NYSE:RDN,0.0571949481109612
2023-09-11,12,AR1 alpha + Basic + One-Step,NYSE:RDN,0.03764364396797587
2023-09-12,12,AR1 alpha + Basic + One-Step,NYSE:RDN,0.09289283719586065
2023-09-13,12,AR1 alpha + Basic + One-Step,NYSE:RDN,0.0
2023-09-14,12,AR1 alpha + Basic + One-Step,NYSE:RDN,0.0
2023-09-15,12,AR1 alpha + Basic + One-Step,NYSE:RDN,0.01852365565637444
2023-09-18,12,AR1 alpha + Basic + One-Step,NYSE:RDN,0.09311417068433725
2023-09-19,12,AR1 alpha + Basic + One-Step,NYSE:RDN,0.04166977190722072
2023-09-20,12,AR1 alpha + Basic + One-Step,NYSE:RDN,4.663820708051854e-06
2023-09-21,12,AR1 alpha + Basic + One-Step,NYSE:RDN,0.0
2023-09-22,12,AR1 alpha + Basic + One-Step,NYSE:RDN,0.0
2023-09-25,12,AR1 alpha + Basic + One-Step,NYSE:RDN,0.0
2023-09-26,12,AR1 alpha + Basic + One-Step,NYSE:RDN,0.0
2023-09-27,12,AR1 alpha + Basic + One-Step,NYSE:RDN,0.0
2023-09-28,12,AR1 alpha + Basic + One-Step,NYSE:RDN,0.017848075472578006
2023-09-29,12,AR1 alpha + Basic + One-Step,NYSE:RDN,1.1284944888214768e-08
2023-10-02,12,AR1 alpha + Basic + One-Step,NYSE:RDN,0.0
2023-10-03,12,AR1 alpha + Basic + One-Step,NYSE:RDN,0.0
2023-10-04,12,AR1 alpha + Basic + One-Step,NYSE:RDN,0.005789222527582417
2023-10-05,12,AR1 alpha + Basic + One-Step,NYSE:RDN,0.09999909067354555
2023-10-06,12,AR1 alpha + Basic + One-Step,NYSE:RDN,0.09999128075981976
2023-10-09,12,AR1 alpha + Basic + One-Step,NYSE:RDN,0.09999571999142291
2023-10-10,12,AR1 alpha + Basic + One-Step,NYSE:RDN,0.099994418957107
2023-10-11,12,AR1 alpha + Basic + One-Step,NYSE:RDN,0.09999681054516948
2023-10-12,12,AR1 alpha + Basic + One-Step,NYSE:RDN,0.09999606068379208
2023-10-13,12,AR1 alpha + Basic + One-Step,NYSE:RDN,0.09999760191528025
2023-10-16,12,AR1 alpha + Basic + One-Step,NYSE:RDN,0.09999826235501914
2023-10-17,12,AR1 alpha + Basic + One-Step,NYSE:RDN,0.09999933869754242
2023-10-18,12,AR1 alpha + Basic + One-Step,NYSE:RDN,0.07320008468658017
2023-10-19,12,AR1 alpha + Basic + One-Step,NYSE:RDN,0.0
2023-10-20,12,AR1 alpha + Basic + One-Step,NYSE:RDN,0.0
2023-10-23,12,AR1 alpha + Basic + One-Step,NYSE:RDN,0.0
2023-10-24,12,AR1 alpha + Basic + One-Step,NYSE:RDN,0.0
2023-10-25,12,AR1 alpha + Basic + One-Step,NYSE:RDN,0.0
2023-10-26,12,AR1 alpha + Basic + One-Step,NYSE:RDN,0.0436906451795096
2023-10-27,12,AR1 alpha + Basic + One-Step,NYSE:RDN,0.0
2023-10-30,12,AR1 alpha + Basic + One-Step,NYSE:RDN,0.09791394516309239
2023-10-31,12,AR1 alpha + Basic + One-Step,NYSE:RDN,0.10000543725118913
2023-11-01,12,AR1 alpha + Basic + One-Step,NYSE:RDN,0.09999931540778777
2023-11-02,12,AR1 alpha + Basic + One-Step,NYSE:RDN,0.09999680325025126
2023-11-03,12,AR1 alpha + Basic + One-Step,NYSE:RDN,0.09999660513209796
2023-11-06,12,AR1 alpha + Basic + One-Step,NYSE:RDN,0.0999936486951182
2023-11-07,12,AR1 alpha + Basic + One-Step,NYSE:RDN,0.0999957827111348
2023-11-08,12,AR1 alpha + Basic + One-Step,NYSE:RDN,0.09999720238937851
2023-11-09,12,AR1 alpha + Basic + One-Step,NYSE:RDN,0.09999452711906431
2023-11-10,12,AR1 alpha + Basic + One-Step,NYSE:RDN,0.09999406322568029
2023-11-13,12,AR1 alpha + Basic + One-Step,NYSE:RDN,0.08990506654237088
2023-11-14,12,AR1 alpha + Basic + One-Step,NYSE:RDN,0.09999968146168367
2023-11-15,12,AR1 alpha + Basic + One-Step,NYSE:RDN,0.09999743885953945
2023-11-16,12,AR1 alpha + Basic + One-Step,NYSE:RDN,1.3007798681572088e-07
2023-11-17,12,AR1 alpha + Basic + One-Step,NYSE:RDN,1.8734160165586433e-07
2023-11-20,12,AR1 alpha + Basic + One-Step,NYSE:RDN,0.07270806955466119
2023-11-21,12,AR1 alpha + Basic + One-Step,NYSE:RDN,0.0
2023-11-22,12,AR1 alpha + Basic + One-Step,NYSE:RDN,0.0
2023-11-24,12,AR1 alpha + Basic + One-Step,NYSE:RDN,0.0
2023-11-27,12,AR1 alpha + Basic + One-Step,NYSE:RDN,0.0
2023-11-28,12,AR1 alpha + Basic + One-Step,NYSE:RDN,4.475038270570894e-08
2023-11-29,12,AR1 alpha + Basic + One-Step,NYSE:RDN,0.0818457202929859
2023-11-30,12,AR1 alpha + Basic + One-Step,NYSE:RDN,0.099999956573342
2023-12-01,12,AR1 alpha + Basic + One-Step,NYSE:RDN,0.10000024333204585
2023-12-04,12,AR1 alpha + Basic + One-Step,NYSE:RDN,0.09999737759438532
2023-12-05,12,AR1 alpha + Basic + One-Step,NYSE:RDN,0.09999641930032192
2023-12-06,12,AR1 alpha + Basic + One-Step,NYSE:RDN,1.252693487603097e-06
2023-12-07,12,AR1 alpha + Basic + One-Step,NYSE:RDN,0.09999840593122791
2023-12-08,12,AR1 alpha + Basic + One-Step,NYSE:RDN,0.09999322594987144
2023-12-11,12,AR1 alpha + Basic + One-Step,NYSE:RDN,0.09999225235506069
2023-12-12,12,AR1 alpha + Basic + One-Step,NYSE:RDN,0.09998986849939777
2023-12-13,12,AR1 alpha + Basic + One-Step,NYSE:RDN,0.09998613990641313
2023-12-14,12,AR1 alpha + Basic + One-Step,NYSE:RDN,0.09998708082790227
2023-12-15,12,AR1 alpha + Basic + One-Step,NYSE:RDN,0.0999910521397621
2023-12-18,12,AR1 alpha + Basic + One-Step,NYSE:RDN,0.09998918606076536
2023-12-19,12,AR1 alpha + Basic + One-Step,NYSE:RDN,0.09999271260961264
2023-12-20,12,AR1 alpha + Basic + One-Step,NYSE:RDN,0.099990229791523
2023-12-21,12,AR1 alpha + Basic + One-Step,NYSE:RDN,0.09998874762943714
2023-12-22,12,AR1 alpha + Basic + One-Step,NYSE:RDN,0.09999289584793883
2023-12-26,12,AR1 alpha + Basic + One-Step,NYSE:RDN,0.09998798165439415
2023-12-27,12,AR1 alpha + Basic + One-Step,NYSE:RDN,0.09999198508634112
2023-12-28,12,AR1 alpha + Basic + One-Step,NYSE:RDN,0.09999302912268081
2023-12-29,12,AR1 alpha + Basic + One-Step,NYSE:RDN,0.09999546742294202
2024-01-02,12,AR1 alpha + Basic + One-Step,NYSE:RDN,0.09999350708306474
2024-01-03,12,AR1 alpha + Basic + One-Step,NYSE:RDN,0.09998984276081316
2024-01-04,12,AR1 alpha + Basic + One-Step,NYSE:RDN,0.09999156847838815
2024-01-05,12,AR1 alpha + Basic + One-Step,NYSE:RDN,0.0999908739239009
2024-01-08,12,AR1 alpha + Basic + One-Step,NYSE:RDN,0.0999837817629048
2024-01-09,12,AR1 alpha + Basic + One-Step,NYSE:RDN,0.07037232312548904
2024-01-10,12,AR1 alpha + Basic + One-Step,NYSE:RDN,0.0999867621716668
2024-01-11,12,AR1 alpha + Basic + One-Step,NYSE:RDN,0.10000088482052959
2024-01-12,12,AR1 alpha + Basic + One-Step,NYSE:RDN,0.09999999999999998
2024-01-16,12,AR1 alpha + Basic + One-Step,NYSE:RDN,0.09999906158425802
2024-01-17,12,AR1 alpha + Basic + One-Step,NYSE:RDN,0.09999429414574174
2024-01-18,12,AR1 alpha + Basic + One-Step,NYSE:RDN,0.0999968276824006
2024-01-19,12,AR1 alpha + Basic + One-Step,NYSE:RDN,0.09999149211031803
2024-01-22,12,AR1 alpha + Basic + One-Step,NYSE:RDN,0.09998827536762221
2024-01-23,12,AR1 alpha + Basic + One-Step,NYSE:RDN,0.09998530294121413
2024-01-24,12,AR1 alpha + Basic + One-Step,NYSE:RDN,0.09999111265461696
2024-01-25,12,AR1 alpha + Basic + One-Step,NYSE:RDN,0.09999442014034465
2024-01-26,12,AR1 alpha + Basic + One-Step,NYSE:RDN,0.09999353504474601
2024-01-29,12,AR1 alpha + Basic + One-Step,NYSE:RDN,0.09999531440839336
2024-01-30,12,AR1 alpha + Basic + One-Step,NYSE:RDN,0.09999157946339489
2024-01-31,12,AR1 alpha + Basic + One-Step,NYSE:RDN,0.04110395675400532
2024-02-01,12,AR1 alpha + Basic + One-Step,NYSE:RDN,0.09999858967996048
2024-02-02,12,AR1 alpha + Basic + One-Step,NYSE:RDN,0.039890344953705144
2024-02-05,12,AR1 alpha + Basic + One-Step,NYSE:RDN,0.0
2024-02-06,12,AR1 alpha + Basic + One-Step,NYSE:RDN,0.0
2024-02-07,12,AR1 alpha + Basic + One-Step,NYSE:RDN,3.521185675740388e-08
2024-02-08,12,AR1 alpha + Basic + One-Step,NYSE:RDN,2.5502039689875465e-08
2024-02-09,12,AR1 alpha + Basic + One-Step,NYSE:RDN,0.0
2024-02-12,12,AR1 alpha + Basic + One-Step,NYSE:RDN,0.0
2024-02-13,12,AR1 alpha + Basic + One-Step,NYSE:RDN,0.0
2024-02-14,12,AR1 alpha + Basic + One-Step,NYSE:RDN,0.09999660594465881
2024-02-15,12,AR1 alpha + Basic + One-Step,NYSE:RDN,0.09999774261422387
2024-02-16,12,AR1 alpha + Basic + One-Step,NYSE:RDN,0.011396128916624036
2024-02-20,12,AR1 alpha + Basic + One-Step,NYSE:RDN,1.1340598102071996e-08
2024-02-21,12,AR1 alpha + Basic + One-Step,NYSE:RDN,0.0
2024-02-22,12,AR1 alpha + Basic + One-Step,NYSE:RDN,0.0
2024-02-23,12,AR1 alpha + Basic + One-Step,NYSE:RDN,0.0
2024-02-26,12,AR1 alpha + Basic + One-Step,NYSE:RDN,0.0
2024-02-27,12,AR1 alpha + Basic + One-Step,NYSE:RDN,0.0
2024-02-28,12,AR1 alpha + Basic + One-Step,NYSE:RDN,0.09998998840428965
2024-02-29,12,AR1 alpha + Basic + One-Step,NYSE:RDN,0.09998999489718483
2024-03-01,12,AR1 alpha + Basic + One-Step,NYSE:RDN,0.09999086232582952
2024-03-04,12,AR1 alpha + Basic + One-Step,NYSE:RDN,0.09999061409813252
2024-03-05,12,AR1 alpha + Basic + One-Step,NYSE:RDN,0.09998685571688377
2024-03-06,12,AR1 alpha + Basic + One-Step,NYSE:RDN,0.0999876168801719
2024-03-07,12,AR1 alpha + Basic + One-Step,NYSE:RDN,0.09999184811677755
2024-03-08,12,AR1 alpha + Basic + One-Step,NYSE:RDN,0.0999938258957863
2024-03-11,12,AR1 alpha + Basic + One-Step,NYSE:RDN,0.09999118507767683
2024-03-12,12,AR1 alpha + Basic + One-Step,NYSE:RDN,0.09998829327082248
2024-03-13,12,AR1 alpha + Basic + One-Step,NYSE:RDN,0.09998514567750476
2024-03-14,12,AR1 alpha + Basic + One-Step,NYSE:RDN,0.09999056573476428
2024-03-15,12,AR1 alpha + Basic + One-Step,NYSE:RDN,0.09999378815188104
2024-03-18,12,AR1 alpha + Basic + One-Step,NYSE:RDN,0.058512421399775236
2024-03-19,12,AR1 alpha + Basic + One-Step,NYSE:RDN,0.09999401129953377
2024-03-20,12,AR1 alpha + Basic + One-Step,NYSE:RDN,0.09999333806674415
2024-03-21,12,AR1 alpha + Basic + One-Step,NYSE:RDN,0.0999956169556865
2024-03-22,12,AR1 alpha + Basic + One-Step,NYSE:RDN,0.09999703344077479
2024-03-25,12,AR1 alpha + Basic + One-Step,NYSE:RDN,0.09999309798322284
2024-03-26,12,AR1 alpha + Basic + One-Step,NYSE:RDN,0.09999286765937859
2024-03-27,12,AR1 alpha + Basic + One-Step,NYSE:RDN,0.09999403605732915
2024-03-28,12,AR1 alpha + Basic + One-Step,NYSE:RDN,0.09999534510778663
2024-04-01,12,AR1 alpha + Basic + One-Step,NYSE:RDN,0.09999857626635082
2024-04-02,12,AR1 alpha + Basic + One-Step,NYSE:RDN,0.09999150531016633
2024-04-03,12,AR1 alpha + Basic + One-Step,NYSE:RDN,0.09999261758322607
2024-04-04,12,AR1 alpha + Basic + One-Step,NYSE:RDN,0.0
2024-04-05,12,AR1 alpha + Basic + One-Step,NYSE:RDN,0.0
2024-04-08,12,AR1 alpha + Basic + One-Step,NYSE:RDN,0.0
2024-04-09,12,AR1 alpha + Basic + One-Step,NYSE:RDN,0.0
2024-04-10,12,AR1 alpha + Basic + One-Step,NYSE:RDN,6.822647721089385e-07
2024-04-11,12,AR1 alpha + Basic + One-Step,NYSE:RDN,0.0
2024-04-12,12,AR1 alpha + Basic + One-Step,NYSE:RDN,0.0
2024-04-15,12,AR1 alpha + Basic + One-Step,NYSE:RDN,0.0
2024-04-16,12,AR1 alpha + Basic + One-Step,NYSE:RDN,0.0
2024-04-17,12,AR1 alpha + Basic + One-Step,NYSE:RDN,1.3724474603618227e-07
2024-04-18,12,AR1 alpha + Basic + One-Step,NYSE:RDN,0.0
2024-04-19,12,AR1 alpha + Basic + One-Step,NYSE:RDN,0.0
2020-03-25,12,AR1 alpha + Basic + One-Step,NASDAQ:PBPB,0.02
2020-03-26,12,AR1 alpha + Basic + One-Step,NASDAQ:PBPB,0.019999999999999997
2020-03-27,12,AR1 alpha + Basic + One-Step,NASDAQ:PBPB,0.0
2020-03-30,12,AR1 alpha + Basic + One-Step,NASDAQ:PBPB,4.7731471415182705e-06
2020-03-31,12,AR1 alpha + Basic + One-Step,NASDAQ:PBPB,1.0442575286448203e-06
2020-04-01,12,AR1 alpha + Basic + One-Step,NASDAQ:PBPB,4.6316448789287045e-08
2020-04-02,12,AR1 alpha + Basic + One-Step,NASDAQ:PBPB,0.0
2020-04-03,12,AR1 alpha + Basic + One-Step,NASDAQ:PBPB,1.1287286935004006e-08
2020-04-06,12,AR1 alpha + Basic + One-Step,NASDAQ:PBPB,0.0
2020-04-07,12,AR1 alpha + Basic + One-Step,NASDAQ:PBPB,3.002217053042803e-08
2020-04-08,12,AR1 alpha + Basic + One-Step,NASDAQ:PBPB,9.682186976901107e-08
2020-04-09,12,AR1 alpha + Basic + One-Step,NASDAQ:PBPB,0.0
2020-04-13,12,AR1 alpha + Basic + One-Step,NASDAQ:PBPB,0.0
2020-04-14,12,AR1 alpha + Basic + One-Step,NASDAQ:PBPB,4.461884716668305e-08
2020-04-15,12,AR1 alpha + Basic + One-Step,NASDAQ:PBPB,0.0
2020-04-16,12,AR1 alpha + Basic + One-Step,NASDAQ:PBPB,0.0
2020-04-17,12,AR1 alpha + Basic + One-Step,NASDAQ:PBPB,0.0
2020-04-20,12,AR1 alpha + Basic + One-Step,NASDAQ:PBPB,0.0
2020-04-21,12,AR1 alpha + Basic + One-Step,NASDAQ:PBPB,0.0
2020-04-22,12,AR1 alpha + Basic + One-Step,NASDAQ:PBPB,4.970546073268124e-07
2020-04-23,12,AR1 alpha + Basic + One-Step,NASDAQ:PBPB,0.0
2020-04-24,12,AR1 alpha + Basic + One-Step,NASDAQ:PBPB,8.741380354425883e-08
2020-04-27,12,AR1 alpha + Basic + One-Step,NASDAQ:PBPB,0.0
2020-04-28,12,AR1 alpha + Basic + One-Step,NASDAQ:PBPB,0.0
2020-04-29,12,AR1 alpha + Basic + One-Step,NASDAQ:PBPB,3.854832920168709e-07
2020-04-30,12,AR1 alpha + Basic + One-Step,NASDAQ:PBPB,0.0
2020-05-01,12,AR1 alpha + Basic + One-Step,NASDAQ:PBPB,3.0943117166605255e-08
2020-05-04,12,AR1 alpha + Basic + One-Step,NASDAQ:PBPB,0.0
2020-05-05,12,AR1 alpha + Basic + One-Step,NASDAQ:PBPB,3.4196506363624395e-07
2020-05-06,12,AR1 alpha + Basic + One-Step,NASDAQ:PBPB,0.0
2020-05-07,12,AR1 alpha + Basic + One-Step,NASDAQ:PBPB,0.0
2020-05-08,12,AR1 alpha + Basic + One-Step,NASDAQ:PBPB,0.0
2020-05-11,12,AR1 alpha + Basic + One-Step,NASDAQ:PBPB,1.0062106813851962e-10
2020-05-12,12,AR1 alpha + Basic + One-Step,NASDAQ:PBPB,0.0
2020-05-13,12,AR1 alpha + Basic + One-Step,NASDAQ:PBPB,1.8100541068672543e-07
2020-05-14,12,AR1 alpha + Basic + One-Step,NASDAQ:PBPB,0.0
2020-05-15,12,AR1 alpha + Basic + One-Step,NASDAQ:PBPB,0.0
2020-05-18,12,AR1 alpha + Basic + One-Step,NASDAQ:PBPB,0.0
2020-05-19,12,AR1 alpha + Basic + One-Step,NASDAQ:PBPB,0.0
2020-05-20,12,AR1 alpha + Basic + One-Step,NASDAQ:PBPB,0.0
2020-05-21,12,AR1 alpha + Basic + One-Step,NASDAQ:PBPB,0.0
2020-05-22,12,AR1 alpha + Basic + One-Step,NASDAQ:PBPB,2.13752262714077e-08
2020-05-26,12,AR1 alpha + Basic + One-Step,NASDAQ:PBPB,2.925303419447889e-09
2020-05-27,12,AR1 alpha + Basic + One-Step,NASDAQ:PBPB,2.6555583737295586e-08
2020-05-28,12,AR1 alpha + Basic + One-Step,NASDAQ:PBPB,0.0
2020-05-29,12,AR1 alpha + Basic + One-Step,NASDAQ:PBPB,3.782434236213774e-09
2020-06-01,12,AR1 alpha + Basic + One-Step,NASDAQ:PBPB,0.0
2020-06-02,12,AR1 alpha + Basic + One-Step,NASDAQ:PBPB,1.2364647536567492e-07
2020-06-03,12,AR1 alpha + Basic + One-Step,NASDAQ:PBPB,0.0
2020-06-04,12,AR1 alpha + Basic + One-Step,NASDAQ:PBPB,0.0
2020-06-05,12,AR1 alpha + Basic + One-Step,NASDAQ:PBPB,0.0
2020-06-08,12,AR1 alpha + Basic + One-Step,NASDAQ:PBPB,0.0
2020-06-09,12,AR1 alpha + Basic + One-Step,NASDAQ:PBPB,0.0
2020-06-10,12,AR1 alpha + Basic + One-Step,NASDAQ:PBPB,0.0
2020-06-11,12,AR1 alpha + Basic + One-Step,NASDAQ:PBPB,0.0
2020-06-12,12,AR1 alpha + Basic + One-Step,NASDAQ:PBPB,1.2911454412433295e-08
2020-06-15,12,AR1 alpha + Basic + One-Step,NASDAQ:PBPB,3.819125993153774e-09
2020-06-16,12,AR1 alpha + Basic + One-Step,NASDAQ:PBPB,0.0
2020-06-17,12,AR1 alpha + Basic + One-Step,NASDAQ:PBPB,0.0
2020-06-18,12,AR1 alpha + Basic + One-Step,NASDAQ:PBPB,8.356458196440958e-08
2020-06-19,12,AR1 alpha + Basic + One-Step,NASDAQ:PBPB,0.0
2020-06-22,12,AR1 alpha + Basic + One-Step,NASDAQ:PBPB,0.0
2020-06-23,12,AR1 alpha + Basic + One-Step,NASDAQ:PBPB,9.084116982204442e-10
2020-06-24,12,AR1 alpha + Basic + One-Step,NASDAQ:PBPB,9.08108998839388e-09
2020-06-25,12,AR1 alpha + Basic + One-Step,NASDAQ:PBPB,0.0
2020-06-26,12,AR1 alpha + Basic + One-Step,NASDAQ:PBPB,0.0
2020-06-29,12,AR1 alpha + Basic + One-Step,NASDAQ:PBPB,0.0
2020-06-30,12,AR1 alpha + Basic + One-Step,NASDAQ:PBPB,0.0
2020-07-01,12,AR1 alpha + Basic + One-Step,NASDAQ:PBPB,0.0
2020-07-02,12,AR1 alpha + Basic + One-Step,NASDAQ:PBPB,0.0
2020-07-06,12,AR1 alpha + Basic + One-Step,NASDAQ:PBPB,0.0
2020-07-07,12,AR1 alpha + Basic + One-Step,NASDAQ:PBPB,0.0
2020-07-08,12,AR1 alpha + Basic + One-Step,NASDAQ:PBPB,0.0
2020-07-09,12,AR1 alpha + Basic + One-Step,NASDAQ:PBPB,0.0
2020-07-10,12,AR1 alpha + Basic + One-Step,NASDAQ:PBPB,0.0
2020-07-13,12,AR1 alpha + Basic + One-Step,NASDAQ:PBPB,3.062083661267457e-08
2020-07-14,12,AR1 alpha + Basic + One-Step,NASDAQ:PBPB,0.0
2020-07-15,12,AR1 alpha + Basic + One-Step,NASDAQ:PBPB,1.8977961383946215e-08
2020-07-16,12,AR1 alpha + Basic + One-Step,NASDAQ:PBPB,0.0
2020-07-17,12,AR1 alpha + Basic + One-Step,NASDAQ:PBPB,1.916811008051575e-08
2020-07-20,12,AR1 alpha + Basic + One-Step,NASDAQ:PBPB,5.112999545132657e-08
2020-07-21,12,AR1 alpha + Basic + One-Step,NASDAQ:PBPB,0.0
2020-07-22,12,AR1 alpha + Basic + One-Step,NASDAQ:PBPB,0.0
2020-07-23,12,AR1 alpha + Basic + One-Step,NASDAQ:PBPB,0.0
2020-07-24,12,AR1 alpha + Basic + One-Step,NASDAQ:PBPB,0.0
2020-07-27,12,AR1 alpha + Basic + One-Step,NASDAQ:PBPB,1.004220708258064e-07
2020-07-28,12,AR1 alpha + Basic + One-Step,NASDAQ:PBPB,0.0
2020-07-29,12,AR1 alpha + Basic + One-Step,NASDAQ:PBPB,0.0
2020-07-30,12,AR1 alpha + Basic + One-Step,NASDAQ:PBPB,0.0
2020-07-31,12,AR1 alpha + Basic + One-Step,NASDAQ:PBPB,0.0
2020-08-03,12,AR1 alpha + Basic + One-Step,NASDAQ:PBPB,0.0
2020-08-04,12,AR1 alpha + Basic + One-Step,NASDAQ:PBPB,0.0
2020-08-05,12,AR1 alpha + Basic + One-Step,NASDAQ:PBPB,0.0
2020-08-06,12,AR1 alpha + Basic + One-Step,NASDAQ:PBPB,0.0
2020-08-07,12,AR1 alpha + Basic + One-Step,NASDAQ:PBPB,0.0
2020-08-10,12,AR1 alpha + Basic + One-Step,NASDAQ:PBPB,0.0
2020-08-11,12,AR1 alpha + Basic + One-Step,NASDAQ:PBPB,0.0
2020-08-12,12,AR1 alpha + Basic + One-Step,NASDAQ:PBPB,0.0
2020-08-13,12,AR1 alpha + Basic + One-Step,NASDAQ:PBPB,0.0
2020-08-14,12,AR1 alpha + Basic + One-Step,NASDAQ:PBPB,0.0
2020-08-17,12,AR1 alpha + Basic + One-Step,NASDAQ:PBPB,0.0
2020-08-18,12,AR1 alpha + Basic + One-Step,NASDAQ:PBPB,0.0
2020-08-19,12,AR1 alpha + Basic + One-Step,NASDAQ:PBPB,0.0
2020-08-20,12,AR1 alpha + Basic + One-Step,NASDAQ:PBPB,5.5691349349117435e-08
2020-08-21,12,AR1 alpha + Basic + One-Step,NASDAQ:PBPB,6.7166677305054365e-09
2020-08-24,12,AR1 alpha + Basic + One-Step,NASDAQ:PBPB,0.0
2020-08-25,12,AR1 alpha + Basic + One-Step,NASDAQ:PBPB,0.01375165904484636
2020-08-26,12,AR1 alpha + Basic + One-Step,NASDAQ:PBPB,0.031443432656310895
2020-08-27,12,AR1 alpha + Basic + One-Step,NASDAQ:PBPB,0.0329662874021102
2020-08-28,12,AR1 alpha + Basic + One-Step,NASDAQ:PBPB,0.026495629495487935
2020-08-31,12,AR1 alpha + Basic + One-Step,NASDAQ:PBPB,0.020344875893126942
2020-09-01,12,AR1 alpha + Basic + One-Step,NASDAQ:PBPB,0.012305864658376237
2020-09-02,12,AR1 alpha + Basic + One-Step,NASDAQ:PBPB,0.014995623621824014
2020-09-03,12,AR1 alpha + Basic + One-Step,NASDAQ:PBPB,0.00714046048400645
2020-09-04,12,AR1 alpha + Basic + One-Step,NASDAQ:PBPB,1.0977665444610231e-08
2020-09-08,12,AR1 alpha + Basic + One-Step,NASDAQ:PBPB,2.0442337154749902e-08
2020-09-09,12,AR1 alpha + Basic + One-Step,NASDAQ:PBPB,9.538725753390878e-09
2020-09-10,12,AR1 alpha + Basic + One-Step,NASDAQ:PBPB,3.734731779646655e-08
2020-09-11,12,AR1 alpha + Basic + One-Step,NASDAQ:PBPB,0.0
2020-09-14,12,AR1 alpha + Basic + One-Step,NASDAQ:PBPB,0.0
2020-09-15,12,AR1 alpha + Basic + One-Step,NASDAQ:PBPB,0.0
2020-09-16,12,AR1 alpha + Basic + One-Step,NASDAQ:PBPB,0.0
2020-09-17,12,AR1 alpha + Basic + One-Step,NASDAQ:PBPB,0.0029071264425172302
2020-09-18,12,AR1 alpha + Basic + One-Step,NASDAQ:PBPB,8.357555782757534e-08
2020-09-21,12,AR1 alpha + Basic + One-Step,NASDAQ:PBPB,6.998346480240793e-09
2020-09-22,12,AR1 alpha + Basic + One-Step,NASDAQ:PBPB,1.6378559296442952e-08
2020-09-23,12,AR1 alpha + Basic + One-Step,NASDAQ:PBPB,9.847414631208437e-11
2020-09-24,12,AR1 alpha + Basic + One-Step,NASDAQ:PBPB,2.107037848192264e-08
2020-09-25,12,AR1 alpha + Basic + One-Step,NASDAQ:PBPB,0.003106324958278969
2020-09-28,12,AR1 alpha + Basic + One-Step,NASDAQ:PBPB,0.0
2020-09-29,12,AR1 alpha + Basic + One-Step,NASDAQ:PBPB,0.0
2020-09-30,12,AR1 alpha + Basic + One-Step,NASDAQ:PBPB,6.964352539670157e-10
2020-10-01,12,AR1 alpha + Basic + One-Step,NASDAQ:PBPB,0.0
2020-10-02,12,AR1 alpha + Basic + One-Step,NASDAQ:PBPB,0.0005480505686717907
2020-10-05,12,AR1 alpha + Basic + One-Step,NASDAQ:PBPB,0.00635008487876302
2020-10-06,12,AR1 alpha + Basic + One-Step,NASDAQ:PBPB,0.005043466623750629
2020-10-07,12,AR1 alpha + Basic + One-Step,NASDAQ:PBPB,1.4599157503389346e-07
2020-10-08,12,AR1 alpha + Basic + One-Step,NASDAQ:PBPB,0.002203421418938176
2020-10-09,12,AR1 alpha + Basic + One-Step,NASDAQ:PBPB,2.0852133149072468e-08
2020-10-12,12,AR1 alpha + Basic + One-Step,NASDAQ:PBPB,0.0
2020-10-13,12,AR1 alpha + Basic + One-Step,NASDAQ:PBPB,6.939884870673442e-08
2020-10-14,12,AR1 alpha + Basic + One-Step,NASDAQ:PBPB,9.003330414800037e-09
2020-10-15,12,AR1 alpha + Basic + One-Step,NASDAQ:PBPB,0.0
2020-10-16,12,AR1 alpha + Basic + One-Step,NASDAQ:PBPB,0.0
2020-10-19,12,AR1 alpha + Basic + One-Step,NASDAQ:PBPB,0.00016195706838572287
2020-10-20,12,AR1 alpha + Basic + One-Step,NASDAQ:PBPB,0.0
2020-10-21,12,AR1 alpha + Basic + One-Step,NASDAQ:PBPB,0.0
2020-10-22,12,AR1 alpha + Basic + One-Step,NASDAQ:PBPB,0.0
2020-10-23,12,AR1 alpha + Basic + One-Step,NASDAQ:PBPB,0.0
2020-10-26,12,AR1 alpha + Basic + One-Step,NASDAQ:PBPB,0.0
2020-10-27,12,AR1 alpha + Basic + One-Step,NASDAQ:PBPB,3.1233721923175547e-09
2020-10-28,12,AR1 alpha + Basic + One-Step,NASDAQ:PBPB,4.026690495222833e-10
2020-10-29,12,AR1 alpha + Basic + One-Step,NASDAQ:PBPB,0.0
2020-10-30,12,AR1 alpha + Basic + One-Step,NASDAQ:PBPB,0.0
2020-11-02,12,AR1 alpha + Basic + One-Step,NASDAQ:PBPB,0.003838508285921746
2020-11-03,12,AR1 alpha + Basic + One-Step,NASDAQ:PBPB,0.006961274568465312
2020-11-04,12,AR1 alpha + Basic + One-Step,NASDAQ:PBPB,0.0
2020-11-05,12,AR1 alpha + Basic + One-Step,NASDAQ:PBPB,0.0
2020-11-06,12,AR1 alpha + Basic + One-Step,NASDAQ:PBPB,0.0003396335732988402
2020-11-09,12,AR1 alpha + Basic + One-Step,NASDAQ:PBPB,0.0
2020-11-10,12,AR1 alpha + Basic + One-Step,NASDAQ:PBPB,0.0
2020-11-11,12,AR1 alpha + Basic + One-Step,NASDAQ:PBPB,0.0
2020-11-12,12,AR1 alpha + Basic + One-Step,NASDAQ:PBPB,0.0
2020-11-13,12,AR1 alpha + Basic + One-Step,NASDAQ:PBPB,0.00013907510277086146
2020-11-16,12,AR1 alpha + Basic + One-Step,NASDAQ:PBPB,0.0
2020-11-17,12,AR1 alpha + Basic + One-Step,NASDAQ:PBPB,0.0
2020-11-18,12,AR1 alpha + Basic + One-Step,NASDAQ:PBPB,0.0
2020-11-19,12,AR1 alpha + Basic + One-Step,NASDAQ:PBPB,4.512351180893302e-08
2020-11-20,12,AR1 alpha + Basic + One-Step,NASDAQ:PBPB,3.9157219625152085e-07
2020-11-23,12,AR1 alpha + Basic + One-Step,NASDAQ:PBPB,0.0
2020-11-24,12,AR1 alpha + Basic + One-Step,NASDAQ:PBPB,0.0
2020-11-25,12,AR1 alpha + Basic + One-Step,NASDAQ:PBPB,0.0
2020-11-27,12,AR1 alpha + Basic + One-Step,NASDAQ:PBPB,0.0
2020-11-30,12,AR1 alpha + Basic + One-Step,NASDAQ:PBPB,1.5018560871904055e-09
2020-12-01,12,AR1 alpha + Basic + One-Step,NASDAQ:PBPB,0.0
2020-12-02,12,AR1 alpha + Basic + One-Step,NASDAQ:PBPB,0.0
2020-12-03,12,AR1 alpha + Basic + One-Step,NASDAQ:PBPB,0.0
2020-12-04,12,AR1 alpha + Basic + One-Step,NASDAQ:PBPB,2.2891546656237447e-09
2020-12-07,12,AR1 alpha + Basic + One-Step,NASDAQ:PBPB,0.0
2020-12-08,12,AR1 alpha + Basic + One-Step,NASDAQ:PBPB,9.502814103677817e-08
2020-12-09,12,AR1 alpha + Basic + One-Step,NASDAQ:PBPB,0.0
2020-12-10,12,AR1 alpha + Basic + One-Step,NASDAQ:PBPB,7.309659918301356e-09
2020-12-11,12,AR1 alpha + Basic + One-Step,NASDAQ:PBPB,2.783583194433604e-07
2020-12-14,12,AR1 alpha + Basic + One-Step,NASDAQ:PBPB,0.015026404764898561
2020-12-15,12,AR1 alpha + Basic + One-Step,NASDAQ:PBPB,0.018908581543481878
2020-12-16,12,AR1 alpha + Basic + One-Step,NASDAQ:PBPB,0.014438379450158011
2020-12-17,12,AR1 alpha + Basic + One-Step,NASDAQ:PBPB,0.00523420820720168
2020-12-18,12,AR1 alpha + Basic + One-Step,NASDAQ:PBPB,0.011272079276365468
2020-12-21,12,AR1 alpha + Basic + One-Step,NASDAQ:PBPB,0.018331907742434317
2020-12-22,12,AR1 alpha + Basic + One-Step,NASDAQ:PBPB,0.02582696400725975
2020-12-23,12,AR1 alpha + Basic + One-Step,NASDAQ:PBPB,0.019470343402806872
2020-12-24,12,AR1 alpha + Basic + One-Step,NASDAQ:PBPB,0.014323273714033016
2020-12-28,12,AR1 alpha + Basic + One-Step,NASDAQ:PBPB,0.0007058842887766062
2020-12-29,12,AR1 alpha + Basic + One-Step,NASDAQ:PBPB,0.0
2020-12-30,12,AR1 alpha + Basic + One-Step,NASDAQ:PBPB,0.000581526029003523
2020-12-31,12,AR1 alpha + Basic + One-Step,NASDAQ:PBPB,0.0
2021-01-04,12,AR1 alpha + Basic + One-Step,NASDAQ:PBPB,0.0
2021-01-05,12,AR1 alpha + Basic + One-Step,NASDAQ:PBPB,0.0
2021-01-06,12,AR1 alpha + Basic + One-Step,NASDAQ:PBPB,0.0
2021-01-07,12,AR1 alpha + Basic + One-Step,NASDAQ:PBPB,0.0
2021-01-08,12,AR1 alpha + Basic + One-Step,NASDAQ:PBPB,0.0
2021-01-11,12,AR1 alpha + Basic + One-Step,NASDAQ:PBPB,0.0
2021-01-12,12,AR1 alpha + Basic + One-Step,NASDAQ:PBPB,0.0
2021-01-13,12,AR1 alpha + Basic + One-Step,NASDAQ:PBPB,0.0
2021-01-14,12,AR1 alpha + Basic + One-Step,NASDAQ:PBPB,0.0
2021-01-15,12,AR1 alpha + Basic + One-Step,NASDAQ:PBPB,0.0
2021-01-19,12,AR1 alpha + Basic + One-Step,NASDAQ:PBPB,0.0045504271356601724
2021-01-20,12,AR1 alpha + Basic + One-Step,NASDAQ:PBPB,0.0015003021067700377
2021-01-21,12,AR1 alpha + Basic + One-Step,NASDAQ:PBPB,0.0
2021-01-22,12,AR1 alpha + Basic + One-Step,NASDAQ:PBPB,0.0
2021-01-25,12,AR1 alpha + Basic + One-Step,NASDAQ:PBPB,0.0
2021-01-26,12,AR1 alpha + Basic + One-Step,NASDAQ:PBPB,0.0
2021-01-27,12,AR1 alpha + Basic + One-Step,NASDAQ:PBPB,0.0
2021-01-28,12,AR1 alpha + Basic + One-Step,NASDAQ:PBPB,0.0
2021-01-29,12,AR1 alpha + Basic + One-Step,NASDAQ:PBPB,0.0
2021-02-01,12,AR1 alpha + Basic + One-Step,NASDAQ:PBPB,6.600128229165037e-10
2021-02-02,12,AR1 alpha + Basic + One-Step,NASDAQ:PBPB,0.0
2021-02-03,12,AR1 alpha + Basic + One-Step,NASDAQ:PBPB,0.0
2021-02-04,12,AR1 alpha + Basic + One-Step,NASDAQ:PBPB,0.0
2021-02-05,12,AR1 alpha + Basic + One-Step,NASDAQ:PBPB,0.0
2021-02-08,12,AR1 alpha + Basic + One-Step,NASDAQ:PBPB,5.107805705950727e-07
2021-02-09,12,AR1 alpha + Basic + One-Step,NASDAQ:PBPB,1.2880773344903486e-07
2021-02-10,12,AR1 alpha + Basic + One-Step,NASDAQ:PBPB,0.005405316959013074
2021-02-11,12,AR1 alpha + Basic + One-Step,NASDAQ:PBPB,0.024474289710533167
2021-02-12,12,AR1 alpha + Basic + One-Step,NASDAQ:PBPB,0.013884026055823985
2021-02-16,12,AR1 alpha + Basic + One-Step,NASDAQ:PBPB,0.00563128034780945
2021-02-17,12,AR1 alpha + Basic + One-Step,NASDAQ:PBPB,0.0038150925271541146
2021-02-18,12,AR1 alpha + Basic + One-Step,NASDAQ:PBPB,9.749276309489188e-05
2021-02-19,12,AR1 alpha + Basic + One-Step,NASDAQ:PBPB,0.0
2021-02-22,12,AR1 alpha + Basic + One-Step,NASDAQ:PBPB,0.0
2021-02-23,12,AR1 alpha + Basic + One-Step,NASDAQ:PBPB,3.095276911262977e-08
2021-02-24,12,AR1 alpha + Basic + One-Step,NASDAQ:PBPB,0.0
2021-02-25,12,AR1 alpha + Basic + One-Step,NASDAQ:PBPB,0.0
2021-02-26,12,AR1 alpha + Basic + One-Step,NASDAQ:PBPB,1.6003263822759052e-07
2021-03-01,12,AR1 alpha + Basic + One-Step,NASDAQ:PBPB,0.0
2021-03-02,12,AR1 alpha + Basic + One-Step,NASDAQ:PBPB,9.810115442337547e-09
2021-03-03,12,AR1 alpha + Basic + One-Step,NASDAQ:PBPB,0.0
2021-03-04,12,AR1 alpha + Basic + One-Step,NASDAQ:PBPB,0.0
2021-03-05,12,AR1 alpha + Basic + One-Step,NASDAQ:PBPB,0.0
2021-03-08,12,AR1 alpha + Basic + One-Step,NASDAQ:PBPB,0.0
2021-03-09,12,AR1 alpha + Basic + One-Step,NASDAQ:PBPB,0.0
2021-03-10,12,AR1 alpha + Basic + One-Step,NASDAQ:PBPB,0.0020098220180666568
2021-03-11,12,AR1 alpha + Basic + One-Step,NASDAQ:PBPB,0.0001237548190836788
2021-03-12,12,AR1 alpha + Basic + One-Step,NASDAQ:PBPB,3.81678800739119e-09
2021-03-15,12,AR1 alpha + Basic + One-Step,NASDAQ:PBPB,6.497649400293341e-11
2021-03-16,12,AR1 alpha + Basic + One-Step,NASDAQ:PBPB,0.0
2021-03-17,12,AR1 alpha + Basic + One-Step,NASDAQ:PBPB,0.0
2021-03-18,12,AR1 alpha + Basic + One-Step,NASDAQ:PBPB,0.0018185270914301103
2021-03-19,12,AR1 alpha + Basic + One-Step,NASDAQ:PBPB,0.016207251181330196
2021-03-22,12,AR1 alpha + Basic + One-Step,NASDAQ:PBPB,0.006973131263789045
2021-03-23,12,AR1 alpha + Basic + One-Step,NASDAQ:PBPB,0.0
2021-03-24,12,AR1 alpha + Basic + One-Step,NASDAQ:PBPB,0.0
2021-03-25,12,AR1 alpha + Basic + One-Step,NASDAQ:PBPB,0.0013364239104665004
2021-03-26,12,AR1 alpha + Basic + One-Step,NASDAQ:PBPB,0.014373544532324764
2021-03-29,12,AR1 alpha + Basic + One-Step,NASDAQ:PBPB,0.017046625266741763
2021-03-30,12,AR1 alpha + Basic + One-Step,NASDAQ:PBPB,0.03138278054241594
2021-03-31,12,AR1 alpha + Basic + One-Step,NASDAQ:PBPB,0.020804622560954052
2021-04-01,12,AR1 alpha + Basic + One-Step,NASDAQ:PBPB,0.015396563435567884
2021-04-05,12,AR1 alpha + Basic + One-Step,NASDAQ:PBPB,0.015640066783669835
2021-04-06,12,AR1 alpha + Basic + One-Step,NASDAQ:PBPB,0.0170186229854911
2021-04-07,12,AR1 alpha + Basic + One-Step,NASDAQ:PBPB,0.017186688177874714
2021-04-08,12,AR1 alpha + Basic + One-Step,NASDAQ:PBPB,0.014790742292976763
2021-04-09,12,AR1 alpha + Basic + One-Step,NASDAQ:PBPB,0.03190793771115548
2021-04-12,12,AR1 alpha + Basic + One-Step,NASDAQ:PBPB,0.015371629223958225
2021-04-13,12,AR1 alpha + Basic + One-Step,NASDAQ:PBPB,0.007174425357773269
2021-04-14,12,AR1 alpha + Basic + One-Step,NASDAQ:PBPB,0.004527342624973314
2021-04-15,12,AR1 alpha + Basic + One-Step,NASDAQ:PBPB,0.009802009571415866
2021-04-16,12,AR1 alpha + Basic + One-Step,NASDAQ:PBPB,0.0036311699079976554
2021-04-19,12,AR1 alpha + Basic + One-Step,NASDAQ:PBPB,9.777953073095438e-09
2021-04-20,12,AR1 alpha + Basic + One-Step,NASDAQ:PBPB,0.010642678965109518
2021-04-21,12,AR1 alpha + Basic + One-Step,NASDAQ:PBPB,0.010456467584405504
2021-04-22,12,AR1 alpha + Basic + One-Step,NASDAQ:PBPB,0.013958086998435865
2021-04-23,12,AR1 alpha + Basic + One-Step,NASDAQ:PBPB,0.011096452844184784
2021-04-26,12,AR1 alpha + Basic + One-Step,NASDAQ:PBPB,0.015527810123631872
2021-04-27,12,AR1 alpha + Basic + One-Step,NASDAQ:PBPB,0.01498297043035499
2021-04-28,12,AR1 alpha + Basic + One-Step,NASDAQ:PBPB,0.0
2021-04-29,12,AR1 alpha + Basic + One-Step,NASDAQ:PBPB,3.532708694331779e-08
2021-04-30,12,AR1 alpha + Basic + One-Step,NASDAQ:PBPB,0.006172653712140787
2021-05-03,12,AR1 alpha + Basic + One-Step,NASDAQ:PBPB,0.0
2021-05-04,12,AR1 alpha + Basic + One-Step,NASDAQ:PBPB,0.0029298157856309463
2021-05-05,12,AR1 alpha + Basic + One-Step,NASDAQ:PBPB,0.01373860676001905
2021-05-06,12,AR1 alpha + Basic + One-Step,NASDAQ:PBPB,0.007343574708740543
2021-05-07,12,AR1 alpha + Basic + One-Step,NASDAQ:PBPB,0.0
2021-05-10,12,AR1 alpha + Basic + One-Step,NASDAQ:PBPB,0.0
2021-05-11,12,AR1 alpha + Basic + One-Step,NASDAQ:PBPB,0.0
2021-05-12,12,AR1 alpha + Basic + One-Step,NASDAQ:PBPB,0.0035521153138947568
2021-05-13,12,AR1 alpha + Basic + One-Step,NASDAQ:PBPB,0.007627376361306118
2021-05-14,12,AR1 alpha + Basic + One-Step,NASDAQ:PBPB,0.07312767374889417
2021-05-17,12,AR1 alpha + Basic + One-Step,NASDAQ:PBPB,0.08588425362026718
2021-05-18,12,AR1 alpha + Basic + One-Step,NASDAQ:PBPB,0.08685218701837923
2021-05-19,12,AR1 alpha + Basic + One-Step,NASDAQ:PBPB,0.09999998837685217
2021-05-20,12,AR1 alpha + Basic + One-Step,NASDAQ:PBPB,0.10000001544303906
2021-05-21,12,AR1 alpha + Basic + One-Step,NASDAQ:PBPB,0.08442063934593973
2021-05-24,12,AR1 alpha + Basic + One-Step,NASDAQ:PBPB,0.09999366142335472
2021-05-25,12,AR1 alpha + Basic + One-Step,NASDAQ:PBPB,0.099991912806557
2021-05-26,12,AR1 alpha + Basic + One-Step,NASDAQ:PBPB,0.09999826002692616
2021-05-27,12,AR1 alpha + Basic + One-Step,NASDAQ:PBPB,0.09999931848115216
2021-05-28,12,AR1 alpha + Basic + One-Step,NASDAQ:PBPB,0.09999649648254418
2021-06-01,12,AR1 alpha + Basic + One-Step,NASDAQ:PBPB,0.09999855741827458
2021-06-02,12,AR1 alpha + Basic + One-Step,NASDAQ:PBPB,0.09999089407130475
2021-06-03,12,AR1 alpha + Basic + One-Step,NASDAQ:PBPB,0.09999074924060554
2021-06-04,12,AR1 alpha + Basic + One-Step,NASDAQ:PBPB,0.0999953255254556
2021-06-07,12,AR1 alpha + Basic + One-Step,NASDAQ:PBPB,0.09999871800611287
2021-06-08,12,AR1 alpha + Basic + One-Step,NASDAQ:PBPB,0.08699146922660687
2021-06-09,12,AR1 alpha + Basic + One-Step,NASDAQ:PBPB,0.09999986034629273
2021-06-10,12,AR1 alpha + Basic + One-Step,NASDAQ:PBPB,0.08800531266841306
2021-06-11,12,AR1 alpha + Basic + One-Step,NASDAQ:PBPB,0.09999916572475406
2021-06-14,12,AR1 alpha + Basic + One-Step,NASDAQ:PBPB,0.09999102637332104
2021-06-15,12,AR1 alpha + Basic + One-Step,NASDAQ:PBPB,0.09999640957386423
2021-06-16,12,AR1 alpha + Basic + One-Step,NASDAQ:PBPB,0.09999091691741771
2021-06-17,12,AR1 alpha + Basic + One-Step,NASDAQ:PBPB,0.09999698683813106
2021-06-18,12,AR1 alpha + Basic + One-Step,NASDAQ:PBPB,0.09999562649805134
2021-06-21,12,AR1 alpha + Basic + One-Step,NASDAQ:PBPB,0.09999389357323715
2021-06-22,12,AR1 alpha + Basic + One-Step,NASDAQ:PBPB,0.09999870348534244
2021-06-23,12,AR1 alpha + Basic + One-Step,NASDAQ:PBPB,0.09999968139145957
2021-06-24,12,AR1 alpha + Basic + One-Step,NASDAQ:PBPB,0.10000029615469208
2021-06-25,12,AR1 alpha + Basic + One-Step,NASDAQ:PBPB,0.09999170551426229
2021-06-28,12,AR1 alpha + Basic + One-Step,NASDAQ:PBPB,0.09999510962980374
2021-06-29,12,AR1 alpha + Basic + One-Step,NASDAQ:PBPB,0.09999420643673598
2021-06-30,12,AR1 alpha + Basic + One-Step,NASDAQ:PBPB,0.09999814429830506
2021-07-01,12,AR1 alpha + Basic + One-Step,NASDAQ:PBPB,0.0999955889333265
2021-07-02,12,AR1 alpha + Basic + One-Step,NASDAQ:PBPB,0.09999176943110319
2021-07-06,12,AR1 alpha + Basic + One-Step,NASDAQ:PBPB,0.09999608150045587
2021-07-07,12,AR1 alpha + Basic + One-Step,NASDAQ:PBPB,0.09998661545872807
2021-07-08,12,AR1 alpha + Basic + One-Step,NASDAQ:PBPB,0.09998632167564125
2021-07-09,12,AR1 alpha + Basic + One-Step,NASDAQ:PBPB,0.09998107966948025
2021-07-12,12,AR1 alpha + Basic + One-Step,NASDAQ:PBPB,0.09999371031186306
2021-07-13,12,AR1 alpha + Basic + One-Step,NASDAQ:PBPB,0.0999981756899749
2021-07-14,12,AR1 alpha + Basic + One-Step,NASDAQ:PBPB,0.09998932155980572
2021-07-15,12,AR1 alpha + Basic + One-Step,NASDAQ:PBPB,0.09999050394819296
2021-07-16,12,AR1 alpha + Basic + One-Step,NASDAQ:PBPB,0.0999963875684218
2021-07-19,12,AR1 alpha + Basic + One-Step,NASDAQ:PBPB,0.09999218536911085
2021-07-20,12,AR1 alpha + Basic + One-Step,NASDAQ:PBPB,0.09999112240040585
2021-07-21,12,AR1 alpha + Basic + One-Step,NASDAQ:PBPB,0.09999355230315497
2021-07-22,12,AR1 alpha + Basic + One-Step,NASDAQ:PBPB,0.09998987654854966
2021-07-23,12,AR1 alpha + Basic + One-Step,NASDAQ:PBPB,0.09998892718965377
2021-07-26,12,AR1 alpha + Basic + One-Step,NASDAQ:PBPB,0.0999973724812536
2021-07-27,12,AR1 alpha + Basic + One-Step,NASDAQ:PBPB,0.10000027771134093
2021-07-28,12,AR1 alpha + Basic + One-Step,NASDAQ:PBPB,0.09999171515329613
2021-07-29,12,AR1 alpha + Basic + One-Step,NASDAQ:PBPB,0.0999858501194083
2021-07-30,12,AR1 alpha + Basic + One-Step,NASDAQ:PBPB,0.09966455941501741
2021-08-02,12,AR1 alpha + Basic + One-Step,NASDAQ:PBPB,0.09999839169588493
2021-08-03,12,AR1 alpha + Basic + One-Step,NASDAQ:PBPB,0.09999867370966327
2021-08-04,12,AR1 alpha + Basic + One-Step,NASDAQ:PBPB,0.06357243766853334
2021-08-05,12,AR1 alpha + Basic + One-Step,NASDAQ:PBPB,0.06530613036337782
2021-08-06,12,AR1 alpha + Basic + One-Step,NASDAQ:PBPB,0.0657334469834296
2021-08-09,12,AR1 alpha + Basic + One-Step,NASDAQ:PBPB,0.049934480228583766
2021-08-10,12,AR1 alpha + Basic + One-Step,NASDAQ:PBPB,0.04379790739264689
2021-08-11,12,AR1 alpha + Basic + One-Step,NASDAQ:PBPB,0.04712612661406435
2021-08-12,12,AR1 alpha + Basic + One-Step,NASDAQ:PBPB,0.04653091831340436
2021-08-13,12,AR1 alpha + Basic + One-Step,NASDAQ:PBPB,0.04518061487209894
2021-08-16,12,AR1 alpha + Basic + One-Step,NASDAQ:PBPB,0.039345017342842806
2021-08-17,12,AR1 alpha + Basic + One-Step,NASDAQ:PBPB,0.013577017633205795
2021-08-18,12,AR1 alpha + Basic + One-Step,NASDAQ:PBPB,0.0
2021-08-19,12,AR1 alpha + Basic + One-Step,NASDAQ:PBPB,0.0
2021-08-20,12,AR1 alpha + Basic + One-Step,NASDAQ:PBPB,3.05665154129725e-08
2021-08-23,12,AR1 alpha + Basic + One-Step,NASDAQ:PBPB,0.0
2021-08-24,12,AR1 alpha + Basic + One-Step,NASDAQ:PBPB,0.0
2021-08-25,12,AR1 alpha + Basic + One-Step,NASDAQ:PBPB,0.0
2021-08-26,12,AR1 alpha + Basic + One-Step,NASDAQ:PBPB,0.0
2021-08-27,12,AR1 alpha + Basic + One-Step,NASDAQ:PBPB,0.00021564925211473232
2021-08-30,12,AR1 alpha + Basic + One-Step,NASDAQ:PBPB,0.0038241784841255883
2021-08-31,12,AR1 alpha + Basic + One-Step,NASDAQ:PBPB,0.002925438517653925
2021-09-01,12,AR1 alpha + Basic + One-Step,NASDAQ:PBPB,0.006538661987369035
2021-09-02,12,AR1 alpha + Basic + One-Step,NASDAQ:PBPB,0.004159816800686896
2021-09-03,12,AR1 alpha + Basic + One-Step,NASDAQ:PBPB,0.009832893380636754
2021-09-07,12,AR1 alpha + Basic + One-Step,NASDAQ:PBPB,0.012655835496490108
2021-09-08,12,AR1 alpha + Basic + One-Step,NASDAQ:PBPB,0.014624788386918096
2021-09-09,12,AR1 alpha + Basic + One-Step,NASDAQ:PBPB,0.01676477362872111
2021-09-10,12,AR1 alpha + Basic + One-Step,NASDAQ:PBPB,0.0
2021-09-13,12,AR1 alpha + Basic + One-Step,NASDAQ:PBPB,0.0
2021-09-14,12,AR1 alpha + Basic + One-Step,NASDAQ:PBPB,1.400685090454802e-07
2021-09-15,12,AR1 alpha + Basic + One-Step,NASDAQ:PBPB,0.0005287171107986261
2021-09-16,12,AR1 alpha + Basic + One-Step,NASDAQ:PBPB,0.0
2021-09-17,12,AR1 alpha + Basic + One-Step,NASDAQ:PBPB,0.0
2021-09-20,12,AR1 alpha + Basic + One-Step,NASDAQ:PBPB,0.0
2021-09-21,12,AR1 alpha + Basic + One-Step,NASDAQ:PBPB,6.380094111234071e-08
2021-09-22,12,AR1 alpha + Basic + One-Step,NASDAQ:PBPB,0.0
2021-09-23,12,AR1 alpha + Basic + One-Step,NASDAQ:PBPB,0.01493243362813684
2021-09-24,12,AR1 alpha + Basic + One-Step,NASDAQ:PBPB,0.014929472081032935
2021-09-27,12,AR1 alpha + Basic + One-Step,NASDAQ:PBPB,0.028588642138858544
2021-09-28,12,AR1 alpha + Basic + One-Step,NASDAQ:PBPB,0.012173742529863826
2021-09-29,12,AR1 alpha + Basic + One-Step,NASDAQ:PBPB,0.00821936540991365
2021-09-30,12,AR1 alpha + Basic + One-Step,NASDAQ:PBPB,0.0017115452871326237
2021-10-01,12,AR1 alpha + Basic + One-Step,NASDAQ:PBPB,0.02013081415453809
2021-10-04,12,AR1 alpha + Basic + One-Step,NASDAQ:PBPB,0.017766910064059314
2021-10-05,12,AR1 alpha + Basic + One-Step,NASDAQ:PBPB,0.017663973505693938
2021-10-06,12,AR1 alpha + Basic + One-Step,NASDAQ:PBPB,0.009470601952671012
2021-10-07,12,AR1 alpha + Basic + One-Step,NASDAQ:PBPB,0.011432844908418956
2021-10-08,12,AR1 alpha + Basic + One-Step,NASDAQ:PBPB,0.008215662398947407
2021-10-11,12,AR1 alpha + Basic + One-Step,NASDAQ:PBPB,0.0
2021-10-12,12,AR1 alpha + Basic + One-Step,NASDAQ:PBPB,0.0
2021-10-13,12,AR1 alpha + Basic + One-Step,NASDAQ:PBPB,0.0
2021-10-14,12,AR1 alpha + Basic + One-Step,NASDAQ:PBPB,0.0
2021-10-15,12,AR1 alpha + Basic + One-Step,NASDAQ:PBPB,0.0
2021-10-18,12,AR1 alpha + Basic + One-Step,NASDAQ:PBPB,0.0
2021-10-19,12,AR1 alpha + Basic + One-Step,NASDAQ:PBPB,0.0
2021-10-20,12,AR1 alpha + Basic + One-Step,NASDAQ:PBPB,0.0
2021-10-21,12,AR1 alpha + Basic + One-Step,NASDAQ:PBPB,0.0
2021-10-22,12,AR1 alpha + Basic + One-Step,NASDAQ:PBPB,0.0
2021-10-25,12,AR1 alpha + Basic + One-Step,NASDAQ:PBPB,0.0
2021-10-26,12,AR1 alpha + Basic + One-Step,NASDAQ:PBPB,0.0
2021-10-27,12,AR1 alpha + Basic + One-Step,NASDAQ:PBPB,0.0
2021-10-28,12,AR1 alpha + Basic + One-Step,NASDAQ:PBPB,0.0
2021-10-29,12,AR1 alpha + Basic + One-Step,NASDAQ:PBPB,0.0
2021-11-01,12,AR1 alpha + Basic + One-Step,NASDAQ:PBPB,2.2301010155160732e-07
2021-11-02,12,AR1 alpha + Basic + One-Step,NASDAQ:PBPB,0.0
2021-11-03,12,AR1 alpha + Basic + One-Step,NASDAQ:PBPB,0.0
2021-11-04,12,AR1 alpha + Basic + One-Step,NASDAQ:PBPB,0.0
2021-11-05,12,AR1 alpha + Basic + One-Step,NASDAQ:PBPB,0.0
2021-11-08,12,AR1 alpha + Basic + One-Step,NASDAQ:PBPB,0.0
2021-11-09,12,AR1 alpha + Basic + One-Step,NASDAQ:PBPB,1.9095544457648068e-08
2021-11-10,12,AR1 alpha + Basic + One-Step,NASDAQ:PBPB,4.229198352020077e-08
2021-11-11,12,AR1 alpha + Basic + One-Step,NASDAQ:PBPB,0.0
2021-11-12,12,AR1 alpha + Basic + One-Step,NASDAQ:PBPB,0.0
2021-11-15,12,AR1 alpha + Basic + One-Step,NASDAQ:PBPB,0.0
2021-11-16,12,AR1 alpha + Basic + One-Step,NASDAQ:PBPB,0.0
2021-11-17,12,AR1 alpha + Basic + One-Step,NASDAQ:PBPB,0.0
2021-11-18,12,AR1 alpha + Basic + One-Step,NASDAQ:PBPB,0.0
2021-11-19,12,AR1 alpha + Basic + One-Step,NASDAQ:PBPB,0.0
2021-11-22,12,AR1 alpha + Basic + One-Step,NASDAQ:PBPB,0.0
2021-11-23,12,AR1 alpha + Basic + One-Step,NASDAQ:PBPB,0.0
2021-11-24,12,AR1 alpha + Basic + One-Step,NASDAQ:PBPB,0.0
2021-11-26,12,AR1 alpha + Basic + One-Step,NASDAQ:PBPB,0.0
2021-11-29,12,AR1 alpha + Basic + One-Step,NASDAQ:PBPB,0.0
2021-11-30,12,AR1 alpha + Basic + One-Step,NASDAQ:PBPB,0.0
2021-12-01,12,AR1 alpha + Basic + One-Step,NASDAQ:PBPB,0.0
2021-12-02,12,AR1 alpha + Basic + One-Step,NASDAQ:PBPB,0.0
2021-12-03,12,AR1 alpha + Basic + One-Step,NASDAQ:PBPB,0.0
2021-12-06,12,AR1 alpha + Basic + One-Step,NASDAQ:PBPB,0.0
2021-12-07,12,AR1 alpha + Basic + One-Step,NASDAQ:PBPB,0.0
2021-12-08,12,AR1 alpha + Basic + One-Step,NASDAQ:PBPB,0.0
2021-12-09,12,AR1 alpha + Basic + One-Step,NASDAQ:PBPB,0.0
2021-12-10,12,AR1 alpha + Basic + One-Step,NASDAQ:PBPB,5.282675349025431e-08
2021-12-13,12,AR1 alpha + Basic + One-Step,NASDAQ:PBPB,0.0
2021-12-14,12,AR1 alpha + Basic + One-Step,NASDAQ:PBPB,2.0166726398980298e-08
2021-12-15,12,AR1 alpha + Basic + One-Step,NASDAQ:PBPB,0.0
2021-12-16,12,AR1 alpha + Basic + One-Step,NASDAQ:PBPB,0.0
2021-12-17,12,AR1 alpha + Basic + One-Step,NASDAQ:PBPB,0.0
2021-12-20,12,AR1 alpha + Basic + One-Step,NASDAQ:PBPB,0.0
2021-12-21,12,AR1 alpha + Basic + One-Step,NASDAQ:PBPB,0.0
2021-12-22,12,AR1 alpha + Basic + One-Step,NASDAQ:PBPB,1.796255638890831e-07
2021-12-23,12,AR1 alpha + Basic + One-Step,NASDAQ:PBPB,0.0
2021-12-27,12,AR1 alpha + Basic + One-Step,NASDAQ:PBPB,0.0
2021-12-28,12,AR1 alpha + Basic + One-Step,NASDAQ:PBPB,0.0
2021-12-29,12,AR1 alpha + Basic + One-Step,NASDAQ:PBPB,0.0
2021-12-30,12,AR1 alpha + Basic + One-Step,NASDAQ:PBPB,5.357330131883584e-07
2021-12-31,12,AR1 alpha + Basic + One-Step,NASDAQ:PBPB,8.579124037385892e-08
2022-01-03,12,AR1 alpha + Basic + One-Step,NASDAQ:PBPB,7.601143683799277e-08
2022-01-04,12,AR1 alpha + Basic + One-Step,NASDAQ:PBPB,0.0
2022-01-05,12,AR1 alpha + Basic + One-Step,NASDAQ:PBPB,0.0
2022-01-06,12,AR1 alpha + Basic + One-Step,NASDAQ:PBPB,0.0
2022-01-07,12,AR1 alpha + Basic + One-Step,NASDAQ:PBPB,4.344321464951627e-08
2022-01-10,12,AR1 alpha + Basic + One-Step,NASDAQ:PBPB,0.0
2022-01-11,12,AR1 alpha + Basic + One-Step,NASDAQ:PBPB,0.0
2022-01-12,12,AR1 alpha + Basic + One-Step,NASDAQ:PBPB,0.0
2022-01-13,12,AR1 alpha + Basic + One-Step,NASDAQ:PBPB,7.795200020594929e-07
2022-01-14,12,AR1 alpha + Basic + One-Step,NASDAQ:PBPB,0.0
2022-01-18,12,AR1 alpha + Basic + One-Step,NASDAQ:PBPB,0.0
2022-01-19,12,AR1 alpha + Basic + One-Step,NASDAQ:PBPB,0.0
2022-01-20,12,AR1 alpha + Basic + One-Step,NASDAQ:PBPB,0.0
2022-01-21,12,AR1 alpha + Basic + One-Step,NASDAQ:PBPB,2.3065033655934532e-07
2022-01-24,12,AR1 alpha + Basic + One-Step,NASDAQ:PBPB,0.0
2022-01-25,12,AR1 alpha + Basic + One-Step,NASDAQ:PBPB,0.0
2022-01-26,12,AR1 alpha + Basic + One-Step,NASDAQ:PBPB,2.175467866053325e-08
2022-01-27,12,AR1 alpha + Basic + One-Step,NASDAQ:PBPB,0.0
2022-01-28,12,AR1 alpha + Basic + One-Step,NASDAQ:PBPB,0.0
2022-01-31,12,AR1 alpha + Basic + One-Step,NASDAQ:PBPB,0.0
2022-02-01,12,AR1 alpha + Basic + One-Step,NASDAQ:PBPB,0.0
2022-02-02,12,AR1 alpha + Basic + One-Step,NASDAQ:PBPB,0.0
2022-02-03,12,AR1 alpha + Basic + One-Step,NASDAQ:PBPB,0.0
2022-02-04,12,AR1 alpha + Basic + One-Step,NASDAQ:PBPB,9.19742275551365e-08
2022-02-07,12,AR1 alpha + Basic + One-Step,NASDAQ:PBPB,5.549657860142579e-08
2022-02-08,12,AR1 alpha + Basic + One-Step,NASDAQ:PBPB,0.0
2022-02-09,12,AR1 alpha + Basic + One-Step,NASDAQ:PBPB,0.0
2022-02-10,12,AR1 alpha + Basic + One-Step,NASDAQ:PBPB,5.5080892158036015e-09
2022-02-11,12,AR1 alpha + Basic + One-Step,NASDAQ:PBPB,2.6583745466887005e-08
2022-02-14,12,AR1 alpha + Basic + One-Step,NASDAQ:PBPB,5.5491782248413106e-08
2022-02-15,12,AR1 alpha + Basic + One-Step,NASDAQ:PBPB,0.0
2022-02-16,12,AR1 alpha + Basic + One-Step,NASDAQ:PBPB,0.0
2022-02-17,12,AR1 alpha + Basic + One-Step,NASDAQ:PBPB,0.0
2022-02-18,12,AR1 alpha + Basic + One-Step,NASDAQ:PBPB,1.7587064786899277e-07
2022-02-22,12,AR1 alpha + Basic + One-Step,NASDAQ:PBPB,8.082708188755695e-08
2022-02-23,12,AR1 alpha + Basic + One-Step,NASDAQ:PBPB,0.0
2022-02-24,12,AR1 alpha + Basic + One-Step,NASDAQ:PBPB,0.0
2022-02-25,12,AR1 alpha + Basic + One-Step,NASDAQ:PBPB,2.950735477143271e-08
2022-02-28,12,AR1 alpha + Basic + One-Step,NASDAQ:PBPB,0.0
2022-03-01,12,AR1 alpha + Basic + One-Step,NASDAQ:PBPB,4.3317351467501346e-08
2022-03-02,12,AR1 alpha + Basic + One-Step,NASDAQ:PBPB,1.6119591890747725e-08
2022-03-03,12,AR1 alpha + Basic + One-Step,NASDAQ:PBPB,0.0
2022-03-04,12,AR1 alpha + Basic + One-Step,NASDAQ:PBPB,0.0
2022-03-07,12,AR1 alpha + Basic + One-Step,NASDAQ:PBPB,1.2200119850339019e-09
2022-03-08,12,AR1 alpha + Basic + One-Step,NASDAQ:PBPB,7.763977599662106e-07
2022-03-09,12,AR1 alpha + Basic + One-Step,NASDAQ:PBPB,0.0
2022-03-10,12,AR1 alpha + Basic + One-Step,NASDAQ:PBPB,0.0
2022-03-11,12,AR1 alpha + Basic + One-Step,NASDAQ:PBPB,1.1957217676753667e-07
2022-03-14,12,AR1 alpha + Basic + One-Step,NASDAQ:PBPB,0.0
2022-03-15,12,AR1 alpha + Basic + One-Step,NASDAQ:PBPB,0.0
2022-03-16,12,AR1 alpha + Basic + One-Step,NASDAQ:PBPB,0.0
2022-03-17,12,AR1 alpha + Basic + One-Step,NASDAQ:PBPB,0.0
2022-03-18,12,AR1 alpha + Basic + One-Step,NASDAQ:PBPB,0.0
2022-03-21,12,AR1 alpha + Basic + One-Step,NASDAQ:PBPB,0.0
2022-03-22,12,AR1 alpha + Basic + One-Step,NASDAQ:PBPB,0.0
2022-03-23,12,AR1 alpha + Basic + One-Step,NASDAQ:PBPB,0.0
2022-03-24,12,AR1 alpha + Basic + One-Step,NASDAQ:PBPB,4.294472348386298e-08
2022-03-25,12,AR1 alpha + Basic + One-Step,NASDAQ:PBPB,0.0
2022-03-28,12,AR1 alpha + Basic + One-Step,NASDAQ:PBPB,0.0
2022-03-29,12,AR1 alpha + Basic + One-Step,NASDAQ:PBPB,0.0
2022-03-30,12,AR1 alpha + Basic + One-Step,NASDAQ:PBPB,2.386329192863583e-07
2022-03-31,12,AR1 alpha + Basic + One-Step,NASDAQ:PBPB,0.0
2022-04-01,12,AR1 alpha + Basic + One-Step,NASDAQ:PBPB,0.0
2022-04-04,12,AR1 alpha + Basic + One-Step,NASDAQ:PBPB,0.0
2022-04-05,12,AR1 alpha + Basic + One-Step,NASDAQ:PBPB,0.0
2022-04-06,12,AR1 alpha + Basic + One-Step,NASDAQ:PBPB,0.0
2022-04-07,12,AR1 alpha + Basic + One-Step,NASDAQ:PBPB,0.0
2022-04-08,12,AR1 alpha + Basic + One-Step,NASDAQ:PBPB,0.0
2022-04-11,12,AR1 alpha + Basic + One-Step,NASDAQ:PBPB,0.0
2022-04-12,12,AR1 alpha + Basic + One-Step,NASDAQ:PBPB,0.0
2022-04-13,12,AR1 alpha + Basic + One-Step,NASDAQ:PBPB,2.5744931004967944e-07
2022-04-14,12,AR1 alpha + Basic + One-Step,NASDAQ:PBPB,1.1691007923155051e-08
2022-04-18,12,AR1 alpha + Basic + One-Step,NASDAQ:PBPB,0.0
2022-04-19,12,AR1 alpha + Basic + One-Step,NASDAQ:PBPB,0.0
2022-04-20,12,AR1 alpha + Basic + One-Step,NASDAQ:PBPB,6.514688028348546e-08
2022-04-21,12,AR1 alpha + Basic + One-Step,NASDAQ:PBPB,0.0
2022-04-22,12,AR1 alpha + Basic + One-Step,NASDAQ:PBPB,0.0
2022-04-25,12,AR1 alpha + Basic + One-Step,NASDAQ:PBPB,0.0
2022-04-26,12,AR1 alpha + Basic + One-Step,NASDAQ:PBPB,0.0
2022-04-27,12,AR1 alpha + Basic + One-Step,NASDAQ:PBPB,0.0
2022-04-28,12,AR1 alpha + Basic + One-Step,NASDAQ:PBPB,0.0
2022-04-29,12,AR1 alpha + Basic + One-Step,NASDAQ:PBPB,0.0
2022-05-02,12,AR1 alpha + Basic + One-Step,NASDAQ:PBPB,0.0
2022-05-03,12,AR1 alpha + Basic + One-Step,NASDAQ:PBPB,0.0
2022-05-04,12,AR1 alpha + Basic + One-Step,NASDAQ:PBPB,2.8268079628419566e-07
2022-05-05,12,AR1 alpha + Basic + One-Step,NASDAQ:PBPB,0.0
2022-05-06,12,AR1 alpha + Basic + One-Step,NASDAQ:PBPB,0.0
2022-05-09,12,AR1 alpha + Basic + One-Step,NASDAQ:PBPB,0.0
2022-05-10,12,AR1 alpha + Basic + One-Step,NASDAQ:PBPB,0.0
2022-05-11,12,AR1 alpha + Basic + One-Step,NASDAQ:PBPB,0.0
2022-05-12,12,AR1 alpha + Basic + One-Step,NASDAQ:PBPB,1.081340746555849e-07
2022-05-13,12,AR1 alpha + Basic + One-Step,NASDAQ:PBPB,0.0
2022-05-16,12,AR1 alpha + Basic + One-Step,NASDAQ:PBPB,5.163134182566965e-07
2022-05-17,12,AR1 alpha + Basic + One-Step,NASDAQ:PBPB,5.365899879566782e-08
2022-05-18,12,AR1 alpha + Basic + One-Step,NASDAQ:PBPB,4.360847257742926e-07
2022-05-19,12,AR1 alpha + Basic + One-Step,NASDAQ:PBPB,0.0
2022-05-20,12,AR1 alpha + Basic + One-Step,NASDAQ:PBPB,0.0
2022-05-23,12,AR1 alpha + Basic + One-Step,NASDAQ:PBPB,2.3710139235874327e-08
2022-05-24,12,AR1 alpha + Basic + One-Step,NASDAQ:PBPB,0.0
2022-05-25,12,AR1 alpha + Basic + One-Step,NASDAQ:PBPB,1.7892043239501434e-07
2022-05-26,12,AR1 alpha + Basic + One-Step,NASDAQ:PBPB,0.0
2022-05-27,12,AR1 alpha + Basic + One-Step,NASDAQ:PBPB,4.929057585150378e-09
2022-05-31,12,AR1 alpha + Basic + One-Step,NASDAQ:PBPB,0.0
2022-06-01,12,AR1 alpha + Basic + One-Step,NASDAQ:PBPB,0.0
2022-06-02,12,AR1 alpha + Basic + One-Step,NASDAQ:PBPB,0.0
2022-06-03,12,AR1 alpha + Basic + One-Step,NASDAQ:PBPB,0.0
2022-06-06,12,AR1 alpha + Basic + One-Step,NASDAQ:PBPB,0.0
2022-06-07,12,AR1 alpha + Basic + One-Step,NASDAQ:PBPB,0.0
2022-06-08,12,AR1 alpha + Basic + One-Step,NASDAQ:PBPB,4.860402278049615e-08
2022-06-09,12,AR1 alpha + Basic + One-Step,NASDAQ:PBPB,0.0
2022-06-10,12,AR1 alpha + Basic + One-Step,NASDAQ:PBPB,7.592991431358408e-08
2022-06-13,12,AR1 alpha + Basic + One-Step,NASDAQ:PBPB,3.113140196089059e-07
2022-06-14,12,AR1 alpha + Basic + One-Step,NASDAQ:PBPB,1.8628377868354073e-07
2022-06-15,12,AR1 alpha + Basic + One-Step,NASDAQ:PBPB,4.3446107700902415e-08
2022-06-16,12,AR1 alpha + Basic + One-Step,NASDAQ:PBPB,0.0
2022-06-17,12,AR1 alpha + Basic + One-Step,NASDAQ:PBPB,0.0
2022-06-21,12,AR1 alpha + Basic + One-Step,NASDAQ:PBPB,1.0831920632572564e-06
2022-06-22,12,AR1 alpha + Basic + One-Step,NASDAQ:PBPB,4.954059348012903e-07
2022-06-23,12,AR1 alpha + Basic + One-Step,NASDAQ:PBPB,0.0
2022-06-24,12,AR1 alpha + Basic + One-Step,NASDAQ:PBPB,0.0
2022-06-27,12,AR1 alpha + Basic + One-Step,NASDAQ:PBPB,0.0
2022-06-28,12,AR1 alpha + Basic + One-Step,NASDAQ:PBPB,0.0
2022-06-29,12,AR1 alpha + Basic + One-Step,NASDAQ:PBPB,0.0
2022-06-30,12,AR1 alpha + Basic + One-Step,NASDAQ:PBPB,0.0
2022-07-01,12,AR1 alpha + Basic + One-Step,NASDAQ:PBPB,0.0
2022-07-05,12,AR1 alpha + Basic + One-Step,NASDAQ:PBPB,0.0
2022-07-06,12,AR1 alpha + Basic + One-Step,NASDAQ:PBPB,0.0
2022-07-07,12,AR1 alpha + Basic + One-Step,NASDAQ:PBPB,0.0
2022-07-08,12,AR1 alpha + Basic + One-Step,NASDAQ:PBPB,0.0
2022-07-11,12,AR1 alpha + Basic + One-Step,NASDAQ:PBPB,0.0
2022-07-12,12,AR1 alpha + Basic + One-Step,NASDAQ:PBPB,1.8187237903146452e-07
2022-07-13,12,AR1 alpha + Basic + One-Step,NASDAQ:PBPB,3.060745645208945e-07
2022-07-14,12,AR1 alpha + Basic + One-Step,NASDAQ:PBPB,0.0
2022-07-15,12,AR1 alpha + Basic + One-Step,NASDAQ:PBPB,0.0
2022-07-18,12,AR1 alpha + Basic + One-Step,NASDAQ:PBPB,2.599841601520053e-09
2022-07-19,12,AR1 alpha + Basic + One-Step,NASDAQ:PBPB,0.0
2022-07-20,12,AR1 alpha + Basic + One-Step,NASDAQ:PBPB,8.195743630285115e-08
2022-07-21,12,AR1 alpha + Basic + One-Step,NASDAQ:PBPB,4.618731522038183e-08
2022-07-22,12,AR1 alpha + Basic + One-Step,NASDAQ:PBPB,0.0
2022-07-25,12,AR1 alpha + Basic + One-Step,NASDAQ:PBPB,0.0
2022-07-26,12,AR1 alpha + Basic + One-Step,NASDAQ:PBPB,0.0
2022-07-27,12,AR1 alpha + Basic + One-Step,NASDAQ:PBPB,0.0
2022-07-28,12,AR1 alpha + Basic + One-Step,NASDAQ:PBPB,0.0
2022-07-29,12,AR1 alpha + Basic + One-Step,NASDAQ:PBPB,0.0
2022-08-01,12,AR1 alpha + Basic + One-Step,NASDAQ:PBPB,0.0
2022-08-02,12,AR1 alpha + Basic + One-Step,NASDAQ:PBPB,0.0
2022-08-03,12,AR1 alpha + Basic + One-Step,NASDAQ:PBPB,0.0
2022-08-04,12,AR1 alpha + Basic + One-Step,NASDAQ:PBPB,0.0
2022-08-05,12,AR1 alpha + Basic + One-Step,NASDAQ:PBPB,0.0
2022-08-08,12,AR1 alpha + Basic + One-Step,NASDAQ:PBPB,0.0
2022-08-09,12,AR1 alpha + Basic + One-Step,NASDAQ:PBPB,0.0
2022-08-10,12,AR1 alpha + Basic + One-Step,NASDAQ:PBPB,0.0
2022-08-11,12,AR1 alpha + Basic + One-Step,NASDAQ:PBPB,0.0
2022-08-12,12,AR1 alpha + Basic + One-Step,NASDAQ:PBPB,0.0
2022-08-15,12,AR1 alpha + Basic + One-Step,NASDAQ:PBPB,0.0
2022-08-16,12,AR1 alpha + Basic + One-Step,NASDAQ:PBPB,0.0
2022-08-17,12,AR1 alpha + Basic + One-Step,NASDAQ:PBPB,0.0
2022-08-18,12,AR1 alpha + Basic + One-Step,NASDAQ:PBPB,0.0
2022-08-19,12,AR1 alpha + Basic + One-Step,NASDAQ:PBPB,0.0
2022-08-22,12,AR1 alpha + Basic + One-Step,NASDAQ:PBPB,0.0
2022-08-23,12,AR1 alpha + Basic + One-Step,NASDAQ:PBPB,0.0
2022-08-24,12,AR1 alpha + Basic + One-Step,NASDAQ:PBPB,1.6465679263936983e-07
2022-08-25,12,AR1 alpha + Basic + One-Step,NASDAQ:PBPB,0.0
2022-08-26,12,AR1 alpha + Basic + One-Step,NASDAQ:PBPB,0.0
2022-08-29,12,AR1 alpha + Basic + One-Step,NASDAQ:PBPB,0.0
2022-08-30,12,AR1 alpha + Basic + One-Step,NASDAQ:PBPB,0.0
2022-08-31,12,AR1 alpha + Basic + One-Step,NASDAQ:PBPB,0.0
2022-09-01,12,AR1 alpha + Basic + One-Step,NASDAQ:PBPB,0.0
2022-09-02,12,AR1 alpha + Basic + One-Step,NASDAQ:PBPB,0.0
2022-09-06,12,AR1 alpha + Basic + One-Step,NASDAQ:PBPB,0.0
2022-09-07,12,AR1 alpha + Basic + One-Step,NASDAQ:PBPB,0.0
2022-09-08,12,AR1 alpha + Basic + One-Step,NASDAQ:PBPB,2.3655077577637906e-07
2022-09-09,12,AR1 alpha + Basic + One-Step,NASDAQ:PBPB,6.609975112673145e-08
2022-09-12,12,AR1 alpha + Basic + One-Step,NASDAQ:PBPB,0.0
2022-09-13,12,AR1 alpha + Basic + One-Step,NASDAQ:PBPB,0.0
2022-09-14,12,AR1 alpha + Basic + One-Step,NASDAQ:PBPB,5.619562235372372e-08
2022-09-15,12,AR1 alpha + Basic + One-Step,NASDAQ:PBPB,0.0
2022-09-16,12,AR1 alpha + Basic + One-Step,NASDAQ:PBPB,1.7890028362036466e-08
2022-09-19,12,AR1 alpha + Basic + One-Step,NASDAQ:PBPB,0.0
2022-09-20,12,AR1 alpha + Basic + One-Step,NASDAQ:PBPB,2.3841230872777718e-07
2022-09-21,12,AR1 alpha + Basic + One-Step,NASDAQ:PBPB,0.0
2022-09-22,12,AR1 alpha + Basic + One-Step,NASDAQ:PBPB,0.0
2022-09-23,12,AR1 alpha + Basic + One-Step,NASDAQ:PBPB,0.0
2022-09-26,12,AR1 alpha + Basic + One-Step,NASDAQ:PBPB,2.332111443399458e-09
2022-09-27,12,AR1 alpha + Basic + One-Step,NASDAQ:PBPB,0.0
2022-09-28,12,AR1 alpha + Basic + One-Step,NASDAQ:PBPB,0.0
2022-09-29,12,AR1 alpha + Basic + One-Step,NASDAQ:PBPB,0.0
2022-09-30,12,AR1 alpha + Basic + One-Step,NASDAQ:PBPB,0.0
2022-10-03,12,AR1 alpha + Basic + One-Step,NASDAQ:PBPB,0.0
2022-10-04,12,AR1 alpha + Basic + One-Step,NASDAQ:PBPB,0.0
2022-10-05,12,AR1 alpha + Basic + One-Step,NASDAQ:PBPB,4.044041718513638e-08
2022-10-06,12,AR1 alpha + Basic + One-Step,NASDAQ:PBPB,0.0
2022-10-07,12,AR1 alpha + Basic + One-Step,NASDAQ:PBPB,0.0
2022-10-10,12,AR1 alpha + Basic + One-Step,NASDAQ:PBPB,0.0
2022-10-11,12,AR1 alpha + Basic + One-Step,NASDAQ:PBPB,4.683578684661491e-07
2022-10-12,12,AR1 alpha + Basic + One-Step,NASDAQ:PBPB,2.0139831136128941e-07
2022-10-13,12,AR1 alpha + Basic + One-Step,NASDAQ:PBPB,2.1020072086843914e-07
2022-10-14,12,AR1 alpha + Basic + One-Step,NASDAQ:PBPB,1.6802223406781576e-07
2022-10-17,12,AR1 alpha + Basic + One-Step,NASDAQ:PBPB,0.0
2022-10-18,12,AR1 alpha + Basic + One-Step,NASDAQ:PBPB,0.0
2022-10-19,12,AR1 alpha + Basic + One-Step,NASDAQ:PBPB,1.1826984510628563e-08
2022-10-20,12,AR1 alpha + Basic + One-Step,NASDAQ:PBPB,0.0
2022-10-21,12,AR1 alpha + Basic + One-Step,NASDAQ:PBPB,1.71260005286791e-08
2022-10-24,12,AR1 alpha + Basic + One-Step,NASDAQ:PBPB,0.0
2022-10-25,12,AR1 alpha + Basic + One-Step,NASDAQ:PBPB,0.0
2022-10-26,12,AR1 alpha + Basic + One-Step,NASDAQ:PBPB,0.0
2022-10-27,12,AR1 alpha + Basic + One-Step,NASDAQ:PBPB,0.0
2022-10-28,12,AR1 alpha + Basic + One-Step,NASDAQ:PBPB,0.0
2022-10-31,12,AR1 alpha + Basic + One-Step,NASDAQ:PBPB,0.0
2022-11-01,12,AR1 alpha + Basic + One-Step,NASDAQ:PBPB,0.0
2022-11-02,12,AR1 alpha + Basic + One-Step,NASDAQ:PBPB,4.1367274702086743e-07
2022-11-03,12,AR1 alpha + Basic + One-Step,NASDAQ:PBPB,9.464610456239016e-07
2022-11-04,12,AR1 alpha + Basic + One-Step,NASDAQ:PBPB,6.788824004101051e-07
2022-11-07,12,AR1 alpha + Basic + One-Step,NASDAQ:PBPB,6.40329828314218e-08
2022-11-08,12,AR1 alpha + Basic + One-Step,NASDAQ:PBPB,0.0
2022-11-09,12,AR1 alpha + Basic + One-Step,NASDAQ:PBPB,0.026382844164708034
2022-11-10,12,AR1 alpha + Basic + One-Step,NASDAQ:PBPB,0.013639712776160742
2022-11-11,12,AR1 alpha + Basic + One-Step,NASDAQ:PBPB,0.009020410846977661
2022-11-14,12,AR1 alpha + Basic + One-Step,NASDAQ:PBPB,0.0
2022-11-15,12,AR1 alpha + Basic + One-Step,NASDAQ:PBPB,0.0
2022-11-16,12,AR1 alpha + Basic + One-Step,NASDAQ:PBPB,0.015040681307665822
2022-11-17,12,AR1 alpha + Basic + One-Step,NASDAQ:PBPB,0.0
2022-11-18,12,AR1 alpha + Basic + One-Step,NASDAQ:PBPB,0.0010163997498083715
2022-11-21,12,AR1 alpha + Basic + One-Step,NASDAQ:PBPB,3.2741497628964396e-07
2022-11-22,12,AR1 alpha + Basic + One-Step,NASDAQ:PBPB,0.008087449568838605
2022-11-23,12,AR1 alpha + Basic + One-Step,NASDAQ:PBPB,0.010419820827654558
2022-11-25,12,AR1 alpha + Basic + One-Step,NASDAQ:PBPB,0.007724936429861222
2022-11-28,12,AR1 alpha + Basic + One-Step,NASDAQ:PBPB,5.783155255220606e-07
2022-11-29,12,AR1 alpha + Basic + One-Step,NASDAQ:PBPB,0.0
2022-11-30,12,AR1 alpha + Basic + One-Step,NASDAQ:PBPB,1.2872979211387948e-07
2022-12-01,12,AR1 alpha + Basic + One-Step,NASDAQ:PBPB,1.1291940891991218e-08
2022-12-02,12,AR1 alpha + Basic + One-Step,NASDAQ:PBPB,0.0
2022-12-05,12,AR1 alpha + Basic + One-Step,NASDAQ:PBPB,0.0
2022-12-06,12,AR1 alpha + Basic + One-Step,NASDAQ:PBPB,2.2563933140926057e-07
2022-12-07,12,AR1 alpha + Basic + One-Step,NASDAQ:PBPB,0.0
2022-12-08,12,AR1 alpha + Basic + One-Step,NASDAQ:PBPB,0.0
2022-12-09,12,AR1 alpha + Basic + One-Step,NASDAQ:PBPB,0.0
2022-12-12,12,AR1 alpha + Basic + One-Step,NASDAQ:PBPB,7.996902811321953e-09
2022-12-13,12,AR1 alpha + Basic + One-Step,NASDAQ:PBPB,0.0
2022-12-14,12,AR1 alpha + Basic + One-Step,NASDAQ:PBPB,0.005873861464851604
2022-12-15,12,AR1 alpha + Basic + One-Step,NASDAQ:PBPB,0.022692306121679405
2022-12-16,12,AR1 alpha + Basic + One-Step,NASDAQ:PBPB,0.02444292754643205
2022-12-19,12,AR1 alpha + Basic + One-Step,NASDAQ:PBPB,0.04134658332461431
2022-12-20,12,AR1 alpha + Basic + One-Step,NASDAQ:PBPB,0.03446965189621294
2022-12-21,12,AR1 alpha + Basic + One-Step,NASDAQ:PBPB,0.03446965798768774
2022-12-22,12,AR1 alpha + Basic + One-Step,NASDAQ:PBPB,0.02766677733886178
2022-12-23,12,AR1 alpha + Basic + One-Step,NASDAQ:PBPB,0.019523301522930987
2022-12-27,12,AR1 alpha + Basic + One-Step,NASDAQ:PBPB,0.05509349449834172
2022-12-28,12,AR1 alpha + Basic + One-Step,NASDAQ:PBPB,0.06412071384053776
2022-12-29,12,AR1 alpha + Basic + One-Step,NASDAQ:PBPB,0.06874139247793735
2022-12-30,12,AR1 alpha + Basic + One-Step,NASDAQ:PBPB,0.05699976589730364
2023-01-03,12,AR1 alpha + Basic + One-Step,NASDAQ:PBPB,0.042419746477197914
2023-01-04,12,AR1 alpha + Basic + One-Step,NASDAQ:PBPB,0.05190886096423729
2023-01-05,12,AR1 alpha + Basic + One-Step,NASDAQ:PBPB,0.034730751071827416
2023-01-06,12,AR1 alpha + Basic + One-Step,NASDAQ:PBPB,0.03364540821050221
2023-01-09,12,AR1 alpha + Basic + One-Step,NASDAQ:PBPB,0.0
2023-01-10,12,AR1 alpha + Basic + One-Step,NASDAQ:PBPB,0.0
2023-01-11,12,AR1 alpha + Basic + One-Step,NASDAQ:PBPB,1.5065282659157943e-08
2023-01-12,12,AR1 alpha + Basic + One-Step,NASDAQ:PBPB,0.0005045610060156878
2023-01-13,12,AR1 alpha + Basic + One-Step,NASDAQ:PBPB,0.0318351638384694
2023-01-17,12,AR1 alpha + Basic + One-Step,NASDAQ:PBPB,0.05528911191792268
2023-01-18,12,AR1 alpha + Basic + One-Step,NASDAQ:PBPB,0.09999409644713995
2023-01-19,12,AR1 alpha + Basic + One-Step,NASDAQ:PBPB,0.0999937355849015
2023-01-20,12,AR1 alpha + Basic + One-Step,NASDAQ:PBPB,0.09999838635252108
2023-01-23,12,AR1 alpha + Basic + One-Step,NASDAQ:PBPB,0.099998829492105
2023-01-24,12,AR1 alpha + Basic + One-Step,NASDAQ:PBPB,0.09999274678735173
2023-01-25,12,AR1 alpha + Basic + One-Step,NASDAQ:PBPB,0.0999975710045196
2023-01-26,12,AR1 alpha + Basic + One-Step,NASDAQ:PBPB,0.09999819097504374
2023-01-27,12,AR1 alpha + Basic + One-Step,NASDAQ:PBPB,0.09999934050515295
2023-01-30,12,AR1 alpha + Basic + One-Step,NASDAQ:PBPB,0.09999955201769843
2023-01-31,12,AR1 alpha + Basic + One-Step,NASDAQ:PBPB,0.09999943827031814
2023-02-01,12,AR1 alpha + Basic + One-Step,NASDAQ:PBPB,0.09999924157849806
2023-02-02,12,AR1 alpha + Basic + One-Step,NASDAQ:PBPB,0.1000004475530264
2023-02-03,12,AR1 alpha + Basic + One-Step,NASDAQ:PBPB,0.09999993861784158
2023-02-06,12,AR1 alpha + Basic + One-Step,NASDAQ:PBPB,0.09999810149463692
2023-02-07,12,AR1 alpha + Basic + One-Step,NASDAQ:PBPB,0.09999936752269306
2023-02-08,12,AR1 alpha + Basic + One-Step,NASDAQ:PBPB,0.09999946958115237
2023-02-09,12,AR1 alpha + Basic + One-Step,NASDAQ:PBPB,0.09999300418039023
2023-02-10,12,AR1 alpha + Basic + One-Step,NASDAQ:PBPB,0.09999846184902575
2023-02-13,12,AR1 alpha + Basic + One-Step,NASDAQ:PBPB,0.09999928051674022
2023-02-14,12,AR1 alpha + Basic + One-Step,NASDAQ:PBPB,0.09999985480142959
2023-02-15,12,AR1 alpha + Basic + One-Step,NASDAQ:PBPB,0.09999747148574176
2023-02-16,12,AR1 alpha + Basic + One-Step,NASDAQ:PBPB,0.09999953878957717
2023-02-17,12,AR1 alpha + Basic + One-Step,NASDAQ:PBPB,0.09999975118013242
2023-02-21,12,AR1 alpha + Basic + One-Step,NASDAQ:PBPB,0.09999976176557257
2023-02-22,12,AR1 alpha + Basic + One-Step,NASDAQ:PBPB,0.09999731722760324
2023-02-23,12,AR1 alpha + Basic + One-Step,NASDAQ:PBPB,0.09999914467355207
2023-02-24,12,AR1 alpha + Basic + One-Step,NASDAQ:PBPB,0.09999387422133237
2023-02-27,12,AR1 alpha + Basic + One-Step,NASDAQ:PBPB,0.09999755109247942
2023-02-28,12,AR1 alpha + Basic + One-Step,NASDAQ:PBPB,0.09999884628971728
2023-03-01,12,AR1 alpha + Basic + One-Step,NASDAQ:PBPB,0.09999963578910218
2023-03-02,12,AR1 alpha + Basic + One-Step,NASDAQ:PBPB,0.09999978180343991
2023-03-03,12,AR1 alpha + Basic + One-Step,NASDAQ:PBPB,0.09999344596036315
2023-03-06,12,AR1 alpha + Basic + One-Step,NASDAQ:PBPB,0.09999515238225182
2023-03-07,12,AR1 alpha + Basic + One-Step,NASDAQ:PBPB,0.09999861443579368
2023-03-08,12,AR1 alpha + Basic + One-Step,NASDAQ:PBPB,0.09999966264556258
2023-03-09,12,AR1 alpha + Basic + One-Step,NASDAQ:PBPB,0.09999608797995381
2023-03-10,12,AR1 alpha + Basic + One-Step,NASDAQ:PBPB,0.0999984081270152
2023-03-13,12,AR1 alpha + Basic + One-Step,NASDAQ:PBPB,0.09999931030625307
2023-03-14,12,AR1 alpha + Basic + One-Step,NASDAQ:PBPB,0.0999952018945691
2023-03-15,12,AR1 alpha + Basic + One-Step,NASDAQ:PBPB,0.09392175421341802
2023-03-16,12,AR1 alpha + Basic + One-Step,NASDAQ:PBPB,0.1000000652368132
2023-03-17,12,AR1 alpha + Basic + One-Step,NASDAQ:PBPB,0.09999976986760604
2023-03-20,12,AR1 alpha + Basic + One-Step,NASDAQ:PBPB,0.09999957048973855
2023-03-21,12,AR1 alpha + Basic + One-Step,NASDAQ:PBPB,0.09999979843544063
2023-03-22,12,AR1 alpha + Basic + One-Step,NASDAQ:PBPB,0.09999982551293625
2023-03-23,12,AR1 alpha + Basic + One-Step,NASDAQ:PBPB,0.09999997872944513
2023-03-24,12,AR1 alpha + Basic + One-Step,NASDAQ:PBPB,0.09999998665384568
2023-03-27,12,AR1 alpha + Basic + One-Step,NASDAQ:PBPB,0.09999663561156956
2023-03-28,12,AR1 alpha + Basic + One-Step,NASDAQ:PBPB,0.09999875621978946
2023-03-29,12,AR1 alpha + Basic + One-Step,NASDAQ:PBPB,0.09999944231506465
2023-03-30,12,AR1 alpha + Basic + One-Step,NASDAQ:PBPB,0.09999871604514227
2023-03-31,12,AR1 alpha + Basic + One-Step,NASDAQ:PBPB,0.0999997585646895
2023-04-03,12,AR1 alpha + Basic + One-Step,NASDAQ:PBPB,0.09999408816647126
2023-04-04,12,AR1 alpha + Basic + One-Step,NASDAQ:PBPB,0.0999936417317646
2023-04-05,12,AR1 alpha + Basic + One-Step,NASDAQ:PBPB,0.09999779370212174
2023-04-06,12,AR1 alpha + Basic + One-Step,NASDAQ:PBPB,0.09999944038272378
2023-04-10,12,AR1 alpha + Basic + One-Step,NASDAQ:PBPB,0.09999209408589436
2023-04-11,12,AR1 alpha + Basic + One-Step,NASDAQ:PBPB,0.09999738616844495
2023-04-12,12,AR1 alpha + Basic + One-Step,NASDAQ:PBPB,0.09999820802195644
2023-04-13,12,AR1 alpha + Basic + One-Step,NASDAQ:PBPB,0.09999943559041023
2023-04-14,12,AR1 alpha + Basic + One-Step,NASDAQ:PBPB,0.09999976560088551
2023-04-17,12,AR1 alpha + Basic + One-Step,NASDAQ:PBPB,0.09999987266285475
2023-04-18,12,AR1 alpha + Basic + One-Step,NASDAQ:PBPB,0.09999796052095936
2023-04-19,12,AR1 alpha + Basic + One-Step,NASDAQ:PBPB,0.09999939088837682
2023-04-20,12,AR1 alpha + Basic + One-Step,NASDAQ:PBPB,0.09999981269347727
2023-04-21,12,AR1 alpha + Basic + One-Step,NASDAQ:PBPB,0.10000003573450247
2023-04-24,12,AR1 alpha + Basic + One-Step,NASDAQ:PBPB,0.09999356821232326
2023-04-25,12,AR1 alpha + Basic + One-Step,NASDAQ:PBPB,0.09999384402619756
2023-04-26,12,AR1 alpha + Basic + One-Step,NASDAQ:PBPB,0.0999984170341049
2023-04-27,12,AR1 alpha + Basic + One-Step,NASDAQ:PBPB,0.09999954485143223
2023-04-28,12,AR1 alpha + Basic + One-Step,NASDAQ:PBPB,0.09999988551427871
2023-05-01,12,AR1 alpha + Basic + One-Step,NASDAQ:PBPB,0.09999997491087917
2023-05-02,12,AR1 alpha + Basic + One-Step,NASDAQ:PBPB,0.10000002493867936
2023-05-03,12,AR1 alpha + Basic + One-Step,NASDAQ:PBPB,0.09999819372406771
2023-05-04,12,AR1 alpha + Basic + One-Step,NASDAQ:PBPB,0.09999632129088477
2023-05-05,12,AR1 alpha + Basic + One-Step,NASDAQ:PBPB,1.687822196172262e-07
2023-05-08,12,AR1 alpha + Basic + One-Step,NASDAQ:PBPB,4.956217260383931e-08
2023-05-09,12,AR1 alpha + Basic + One-Step,NASDAQ:PBPB,2.2310875478247763e-08
2023-05-10,12,AR1 alpha + Basic + One-Step,NASDAQ:PBPB,0.0
2023-05-11,12,AR1 alpha + Basic + One-Step,NASDAQ:PBPB,0.1000002498220306
2023-05-12,12,AR1 alpha + Basic + One-Step,NASDAQ:PBPB,0.09853333118059543
2023-05-15,12,AR1 alpha + Basic + One-Step,NASDAQ:PBPB,0.05046240353818147
2023-05-16,12,AR1 alpha + Basic + One-Step,NASDAQ:PBPB,0.027642582663100306
2023-05-17,12,AR1 alpha + Basic + One-Step,NASDAQ:PBPB,0.0999998668212967
2023-05-18,12,AR1 alpha + Basic + One-Step,NASDAQ:PBPB,0.08712865495442798
2023-05-19,12,AR1 alpha + Basic + One-Step,NASDAQ:PBPB,0.09999996861429201
2023-05-22,12,AR1 alpha + Basic + One-Step,NASDAQ:PBPB,0.06729987064610761
2023-05-23,12,AR1 alpha + Basic + One-Step,NASDAQ:PBPB,0.01777316401995506
2023-05-24,12,AR1 alpha + Basic + One-Step,NASDAQ:PBPB,0.017773175720476056
2023-05-25,12,AR1 alpha + Basic + One-Step,NASDAQ:PBPB,0.0
2023-05-26,12,AR1 alpha + Basic + One-Step,NASDAQ:PBPB,0.0
2023-05-30,12,AR1 alpha + Basic + One-Step,NASDAQ:PBPB,0.0
2023-05-31,12,AR1 alpha + Basic + One-Step,NASDAQ:PBPB,0.07091438454454232
2023-06-01,12,AR1 alpha + Basic + One-Step,NASDAQ:PBPB,0.09999996754966273
2023-06-02,12,AR1 alpha + Basic + One-Step,NASDAQ:PBPB,0.09999479445385401
2023-06-05,12,AR1 alpha + Basic + One-Step,NASDAQ:PBPB,0.0999967403898602
2023-06-06,12,AR1 alpha + Basic + One-Step,NASDAQ:PBPB,0.0999998999129549
2023-06-07,12,AR1 alpha + Basic + One-Step,NASDAQ:PBPB,0.09999995850255365
2023-06-08,12,AR1 alpha + Basic + One-Step,NASDAQ:PBPB,0.09999955205121716
2023-06-09,12,AR1 alpha + Basic + One-Step,NASDAQ:PBPB,0.08977502340910858
2023-06-12,12,AR1 alpha + Basic + One-Step,NASDAQ:PBPB,0.05409804515062547
2023-06-13,12,AR1 alpha + Basic + One-Step,NASDAQ:PBPB,0.10000010953159706
2023-06-14,12,AR1 alpha + Basic + One-Step,NASDAQ:PBPB,0.09999975220299963
2023-06-15,12,AR1 alpha + Basic + One-Step,NASDAQ:PBPB,0.09999602535010556
2023-06-16,12,AR1 alpha + Basic + One-Step,NASDAQ:PBPB,0.0620732849889573
2023-06-20,12,AR1 alpha + Basic + One-Step,NASDAQ:PBPB,0.09573909194898271
2023-06-21,12,AR1 alpha + Basic + One-Step,NASDAQ:PBPB,0.07854000608073017
2023-06-22,12,AR1 alpha + Basic + One-Step,NASDAQ:PBPB,0.09999990866170118
2023-06-23,12,AR1 alpha + Basic + One-Step,NASDAQ:PBPB,0.0
2023-06-26,12,AR1 alpha + Basic + One-Step,NASDAQ:PBPB,0.09999947689529859
2023-06-27,12,AR1 alpha + Basic + One-Step,NASDAQ:PBPB,0.09999676665717606
2023-06-28,12,AR1 alpha + Basic + One-Step,NASDAQ:PBPB,0.09999892435063541
2023-06-29,12,AR1 alpha + Basic + One-Step,NASDAQ:PBPB,0.0999983280559933
2023-06-30,12,AR1 alpha + Basic + One-Step,NASDAQ:PBPB,0.09999830617726564
2023-07-03,12,AR1 alpha + Basic + One-Step,NASDAQ:PBPB,0.09999858752294384
2023-07-05,12,AR1 alpha + Basic + One-Step,NASDAQ:PBPB,0.10000001352508979
2023-07-06,12,AR1 alpha + Basic + One-Step,NASDAQ:PBPB,0.09999575884590281
2023-07-07,12,AR1 alpha + Basic + One-Step,NASDAQ:PBPB,0.09999477480121911
2023-07-10,12,AR1 alpha + Basic + One-Step,NASDAQ:PBPB,0.09999958045317582
2023-07-11,12,AR1 alpha + Basic + One-Step,NASDAQ:PBPB,0.0999990872975702
2023-07-12,12,AR1 alpha + Basic + One-Step,NASDAQ:PBPB,0.09999959635287793
2023-07-13,12,AR1 alpha + Basic + One-Step,NASDAQ:PBPB,0.09999852685214818
2023-07-14,12,AR1 alpha + Basic + One-Step,NASDAQ:PBPB,0.0999996120453888
2023-07-17,12,AR1 alpha + Basic + One-Step,NASDAQ:PBPB,0.10000006559832529
2023-07-18,12,AR1 alpha + Basic + One-Step,NASDAQ:PBPB,0.10000086819485503
2023-07-19,12,AR1 alpha + Basic + One-Step,NASDAQ:PBPB,0.10000000000000005
2023-07-20,12,AR1 alpha + Basic + One-Step,NASDAQ:PBPB,0.09999999999999998
2023-07-21,12,AR1 alpha + Basic + One-Step,NASDAQ:PBPB,0.09999817085810012
2023-07-24,12,AR1 alpha + Basic + One-Step,NASDAQ:PBPB,0.09999503009111818
2023-07-25,12,AR1 alpha + Basic + One-Step,NASDAQ:PBPB,0.09999282587071545
2023-07-26,12,AR1 alpha + Basic + One-Step,NASDAQ:PBPB,0.09999617021839204
2023-07-27,12,AR1 alpha + Basic + One-Step,NASDAQ:PBPB,0.09999343535072908
2023-07-28,12,AR1 alpha + Basic + One-Step,NASDAQ:PBPB,0.09999495695427775
2023-07-31,12,AR1 alpha + Basic + One-Step,NASDAQ:PBPB,0.09999175859423333
2023-08-01,12,AR1 alpha + Basic + One-Step,NASDAQ:PBPB,0.0999959421800207
2023-08-02,12,AR1 alpha + Basic + One-Step,NASDAQ:PBPB,0.0999983928418003
2023-08-03,12,AR1 alpha + Basic + One-Step,NASDAQ:PBPB,0.0999942463622686
2023-08-04,12,AR1 alpha + Basic + One-Step,NASDAQ:PBPB,0.04335820052295275
2023-08-07,12,AR1 alpha + Basic + One-Step,NASDAQ:PBPB,0.020540307934646913
2023-08-08,12,AR1 alpha + Basic + One-Step,NASDAQ:PBPB,0.009950448424456675
2023-08-09,12,AR1 alpha + Basic + One-Step,NASDAQ:PBPB,0.09999552935627389
2023-08-10,12,AR1 alpha + Basic + One-Step,NASDAQ:PBPB,0.09999553469730807
2023-08-11,12,AR1 alpha + Basic + One-Step,NASDAQ:PBPB,0.09999902847833195
2023-08-14,12,AR1 alpha + Basic + One-Step,NASDAQ:PBPB,0.09999831147599868
2023-08-15,12,AR1 alpha + Basic + One-Step,NASDAQ:PBPB,0.03638348306513083
2023-08-16,12,AR1 alpha + Basic + One-Step,NASDAQ:PBPB,0.0
2023-08-17,12,AR1 alpha + Basic + One-Step,NASDAQ:PBPB,0.0
2023-08-18,12,AR1 alpha + Basic + One-Step,NASDAQ:PBPB,0.0
2023-08-21,12,AR1 alpha + Basic + One-Step,NASDAQ:PBPB,2.4187471638374777e-09
2023-08-22,12,AR1 alpha + Basic + One-Step,NASDAQ:PBPB,0.0
2023-08-23,12,AR1 alpha + Basic + One-Step,NASDAQ:PBPB,3.571816994540125e-08
2023-08-24,12,AR1 alpha + Basic + One-Step,NASDAQ:PBPB,0.0
2023-08-25,12,AR1 alpha + Basic + One-Step,NASDAQ:PBPB,6.916613762545442e-08
2023-08-28,12,AR1 alpha + Basic + One-Step,NASDAQ:PBPB,0.002632616010126185
2023-08-29,12,AR1 alpha + Basic + One-Step,NASDAQ:PBPB,0.09986015258122223
2023-08-30,12,AR1 alpha + Basic + One-Step,NASDAQ:PBPB,0.0999966821392695
2023-08-31,12,AR1 alpha + Basic + One-Step,NASDAQ:PBPB,0.09225638855413383
2023-09-01,12,AR1 alpha + Basic + One-Step,NASDAQ:PBPB,0.08959040282427001
2023-09-05,12,AR1 alpha + Basic + One-Step,NASDAQ:PBPB,0.06934628196685684
2023-09-06,12,AR1 alpha + Basic + One-Step,NASDAQ:PBPB,0.04463284526307987
2023-09-07,12,AR1 alpha + Basic + One-Step,NASDAQ:PBPB,0.041846229703434476
2023-09-08,12,AR1 alpha + Basic + One-Step,NASDAQ:PBPB,0.08759818467672784
2023-09-11,12,AR1 alpha + Basic + One-Step,NASDAQ:PBPB,0.10000002931837837
2023-09-12,12,AR1 alpha + Basic + One-Step,NASDAQ:PBPB,0.1000027185181466
2023-09-13,12,AR1 alpha + Basic + One-Step,NASDAQ:PBPB,0.09447448047729103
2023-09-14,12,AR1 alpha + Basic + One-Step,NASDAQ:PBPB,0.09999718209313317
2023-09-15,12,AR1 alpha + Basic + One-Step,NASDAQ:PBPB,0.09999193754840115
2023-09-18,12,AR1 alpha + Basic + One-Step,NASDAQ:PBPB,0.09999634732388409
2023-09-19,12,AR1 alpha + Basic + One-Step,NASDAQ:PBPB,0.09999879645613613
2023-09-20,12,AR1 alpha + Basic + One-Step,NASDAQ:PBPB,0.0999976086611904
2023-09-21,12,AR1 alpha + Basic + One-Step,NASDAQ:PBPB,0.03721530899595193
2023-09-22,12,AR1 alpha + Basic + One-Step,NASDAQ:PBPB,0.09999993727788078
2023-09-25,12,AR1 alpha + Basic + One-Step,NASDAQ:PBPB,0.09999661534810865
2023-09-26,12,AR1 alpha + Basic + One-Step,NASDAQ:PBPB,0.09999639629397394
2023-09-27,12,AR1 alpha + Basic + One-Step,NASDAQ:PBPB,0.09998775834689579
2023-09-28,12,AR1 alpha + Basic + One-Step,NASDAQ:PBPB,0.09453059745591627
2023-09-29,12,AR1 alpha + Basic + One-Step,NASDAQ:PBPB,0.10000000020215338
2023-10-02,12,AR1 alpha + Basic + One-Step,NASDAQ:PBPB,0.06216385853726497
2023-10-03,12,AR1 alpha + Basic + One-Step,NASDAQ:PBPB,0.021848776286323517
2023-10-04,12,AR1 alpha + Basic + One-Step,NASDAQ:PBPB,0.09999606779614507
2023-10-05,12,AR1 alpha + Basic + One-Step,NASDAQ:PBPB,0.09999801970056907
2023-10-06,12,AR1 alpha + Basic + One-Step,NASDAQ:PBPB,0.09999260650846346
2023-10-09,12,AR1 alpha + Basic + One-Step,NASDAQ:PBPB,0.09999822257975835
2023-10-10,12,AR1 alpha + Basic + One-Step,NASDAQ:PBPB,0.09999665826352404
2023-10-11,12,AR1 alpha + Basic + One-Step,NASDAQ:PBPB,0.09999902621345538
2023-10-12,12,AR1 alpha + Basic + One-Step,NASDAQ:PBPB,0.09999775459320939
2023-10-13,12,AR1 alpha + Basic + One-Step,NASDAQ:PBPB,0.06296342483463056
2023-10-16,12,AR1 alpha + Basic + One-Step,NASDAQ:PBPB,0.09999979807186486
2023-10-17,12,AR1 alpha + Basic + One-Step,NASDAQ:PBPB,0.10000024578873118
2023-10-18,12,AR1 alpha + Basic + One-Step,NASDAQ:PBPB,0.09999514788359966
2023-10-19,12,AR1 alpha + Basic + One-Step,NASDAQ:PBPB,0.09999391473881569
2023-10-20,12,AR1 alpha + Basic + One-Step,NASDAQ:PBPB,0.09999434949523821
2023-10-23,12,AR1 alpha + Basic + One-Step,NASDAQ:PBPB,0.09999816179422417
2023-10-24,12,AR1 alpha + Basic + One-Step,NASDAQ:PBPB,0.09999228240076362
2023-10-25,12,AR1 alpha + Basic + One-Step,NASDAQ:PBPB,0.0999942033567596
2023-10-26,12,AR1 alpha + Basic + One-Step,NASDAQ:PBPB,0.09999409384956488
2023-10-27,12,AR1 alpha + Basic + One-Step,NASDAQ:PBPB,0.09999317880242514
2023-10-30,12,AR1 alpha + Basic + One-Step,NASDAQ:PBPB,0.0999977383993628
2023-10-31,12,AR1 alpha + Basic + One-Step,NASDAQ:PBPB,0.09999410595519201
2023-11-01,12,AR1 alpha + Basic + One-Step,NASDAQ:PBPB,0.09999659368044542
2023-11-02,12,AR1 alpha + Basic + One-Step,NASDAQ:PBPB,0.09999536019189709
2023-11-03,12,AR1 alpha + Basic + One-Step,NASDAQ:PBPB,0.09999612640354259
2023-11-06,12,AR1 alpha + Basic + One-Step,NASDAQ:PBPB,0.09999367964175913
2023-11-07,12,AR1 alpha + Basic + One-Step,NASDAQ:PBPB,0.09999716252634583
2023-11-08,12,AR1 alpha + Basic + One-Step,NASDAQ:PBPB,0.09999881997056813
2023-11-09,12,AR1 alpha + Basic + One-Step,NASDAQ:PBPB,0.09999607750779506
2023-11-10,12,AR1 alpha + Basic + One-Step,NASDAQ:PBPB,0.09999619536521288
2023-11-13,12,AR1 alpha + Basic + One-Step,NASDAQ:PBPB,0.09999678753189388
2023-11-14,12,AR1 alpha + Basic + One-Step,NASDAQ:PBPB,0.09999832409874165
2023-11-15,12,AR1 alpha + Basic + One-Step,NASDAQ:PBPB,0.09999709623850904
2023-11-16,12,AR1 alpha + Basic + One-Step,NASDAQ:PBPB,0.09999864921248966
2023-11-17,12,AR1 alpha + Basic + One-Step,NASDAQ:PBPB,0.09999946689693716
2023-11-20,12,AR1 alpha + Basic + One-Step,NASDAQ:PBPB,0.09999798469046468
2023-11-21,12,AR1 alpha + Basic + One-Step,NASDAQ:PBPB,0.06945266665292103
2023-11-22,12,AR1 alpha + Basic + One-Step,NASDAQ:PBPB,0.05062785044186682
2023-11-24,12,AR1 alpha + Basic + One-Step,NASDAQ:PBPB,0.07804429867250948
2023-11-27,12,AR1 alpha + Basic + One-Step,NASDAQ:PBPB,0.09999906837379433
2023-11-28,12,AR1 alpha + Basic + One-Step,NASDAQ:PBPB,0.05776971862661598
2023-11-29,12,AR1 alpha + Basic + One-Step,NASDAQ:PBPB,0.0023777260368241667
2023-11-30,12,AR1 alpha + Basic + One-Step,NASDAQ:PBPB,0.0
2023-12-01,12,AR1 alpha + Basic + One-Step,NASDAQ:PBPB,0.10000056751965981
2023-12-04,12,AR1 alpha + Basic + One-Step,NASDAQ:PBPB,0.09999786410944957
2023-12-05,12,AR1 alpha + Basic + One-Step,NASDAQ:PBPB,0.028897261264493712
2023-12-06,12,AR1 alpha + Basic + One-Step,NASDAQ:PBPB,0.09999937271788387
2023-12-07,12,AR1 alpha + Basic + One-Step,NASDAQ:PBPB,0.09999848156500375
2023-12-08,12,AR1 alpha + Basic + One-Step,NASDAQ:PBPB,0.09999431514315353
2023-12-11,12,AR1 alpha + Basic + One-Step,NASDAQ:PBPB,0.07395881228870851
2023-12-12,12,AR1 alpha + Basic + One-Step,NASDAQ:PBPB,0.06949974968210303
2023-12-13,12,AR1 alpha + Basic + One-Step,NASDAQ:PBPB,0.09999136465736075
2023-12-14,12,AR1 alpha + Basic + One-Step,NASDAQ:PBPB,0.09999123484888892
2023-12-15,12,AR1 alpha + Basic + One-Step,NASDAQ:PBPB,0.09999462092023587
2023-12-18,12,AR1 alpha + Basic + One-Step,NASDAQ:PBPB,0.084708401337063
2023-12-19,12,AR1 alpha + Basic + One-Step,NASDAQ:PBPB,0.09999994836932483
2023-12-20,12,AR1 alpha + Basic + One-Step,NASDAQ:PBPB,0.09999382181789968
2023-12-21,12,AR1 alpha + Basic + One-Step,NASDAQ:PBPB,0.09999165439740378
2023-12-22,12,AR1 alpha + Basic + One-Step,NASDAQ:PBPB,0.09999613458971801
2023-12-26,12,AR1 alpha + Basic + One-Step,NASDAQ:PBPB,0.09999027972444217
2023-12-27,12,AR1 alpha + Basic + One-Step,NASDAQ:PBPB,0.09999508798214823
2023-12-28,12,AR1 alpha + Basic + One-Step,NASDAQ:PBPB,0.09999640396399889
2023-12-29,12,AR1 alpha + Basic + One-Step,NASDAQ:PBPB,0.09999864789249525
2024-01-02,12,AR1 alpha + Basic + One-Step,NASDAQ:PBPB,0.011005918085173235
2024-01-03,12,AR1 alpha + Basic + One-Step,NASDAQ:PBPB,0.09999425437862328
2024-01-04,12,AR1 alpha + Basic + One-Step,NASDAQ:PBPB,0.09999625788633525
2024-01-05,12,AR1 alpha + Basic + One-Step,NASDAQ:PBPB,0.09999521006535789
2024-01-08,12,AR1 alpha + Basic + One-Step,NASDAQ:PBPB,0.09998709878645806
2024-01-09,12,AR1 alpha + Basic + One-Step,NASDAQ:PBPB,0.09998686918198525
2024-01-10,12,AR1 alpha + Basic + One-Step,NASDAQ:PBPB,0.09998140562385824
2024-01-11,12,AR1 alpha + Basic + One-Step,NASDAQ:PBPB,0.10000051613931277
2024-01-12,12,AR1 alpha + Basic + One-Step,NASDAQ:PBPB,0.09999999999999998
2024-01-16,12,AR1 alpha + Basic + One-Step,NASDAQ:PBPB,0.09999903380655013
2024-01-17,12,AR1 alpha + Basic + One-Step,NASDAQ:PBPB,0.0999945236515505
2024-01-18,12,AR1 alpha + Basic + One-Step,NASDAQ:PBPB,0.09999797841137283
2024-01-19,12,AR1 alpha + Basic + One-Step,NASDAQ:PBPB,0.0999926964467722
2024-01-22,12,AR1 alpha + Basic + One-Step,NASDAQ:PBPB,0.09999049044949558
2024-01-23,12,AR1 alpha + Basic + One-Step,NASDAQ:PBPB,0.099989533116696
2024-01-24,12,AR1 alpha + Basic + One-Step,NASDAQ:PBPB,0.09999723401492705
2024-01-25,12,AR1 alpha + Basic + One-Step,NASDAQ:PBPB,0.09999917648248378
2024-01-26,12,AR1 alpha + Basic + One-Step,NASDAQ:PBPB,0.09999686637505385
2024-01-29,12,AR1 alpha + Basic + One-Step,NASDAQ:PBPB,0.09999852129532394
2024-01-30,12,AR1 alpha + Basic + One-Step,NASDAQ:PBPB,0.099994337657686
2024-01-31,12,AR1 alpha + Basic + One-Step,NASDAQ:PBPB,0.09999862499943818
2024-02-01,12,AR1 alpha + Basic + One-Step,NASDAQ:PBPB,0.09999861484801642
2024-02-02,12,AR1 alpha + Basic + One-Step,NASDAQ:PBPB,0.09999723894620634
2024-02-05,12,AR1 alpha + Basic + One-Step,NASDAQ:PBPB,0.09999893844587619
2024-02-06,12,AR1 alpha + Basic + One-Step,NASDAQ:PBPB,0.0
2024-02-07,12,AR1 alpha + Basic + One-Step,NASDAQ:PBPB,0.010729387916970281
2024-02-08,12,AR1 alpha + Basic + One-Step,NASDAQ:PBPB,0.06277720247249445
2024-02-09,12,AR1 alpha + Basic + One-Step,NASDAQ:PBPB,0.06426536732934583
2024-02-12,12,AR1 alpha + Basic + One-Step,NASDAQ:PBPB,0.09999926978948487
2024-02-13,12,AR1 alpha + Basic + One-Step,NASDAQ:PBPB,0.07122176211441097
2024-02-14,12,AR1 alpha + Basic + One-Step,NASDAQ:PBPB,0.09999740928538946
2024-02-15,12,AR1 alpha + Basic + One-Step,NASDAQ:PBPB,0.09999907933797059
2024-02-16,12,AR1 alpha + Basic + One-Step,NASDAQ:PBPB,0.09999868242115614
2024-02-20,12,AR1 alpha + Basic + One-Step,NASDAQ:PBPB,0.02819002841694346
2024-02-21,12,AR1 alpha + Basic + One-Step,NASDAQ:PBPB,0.09999995920513678
2024-02-22,12,AR1 alpha + Basic + One-Step,NASDAQ:PBPB,0.09999454051287407
2024-02-23,12,AR1 alpha + Basic + One-Step,NASDAQ:PBPB,0.09999716929535399
2024-02-26,12,AR1 alpha + Basic + One-Step,NASDAQ:PBPB,0.0999964721412466
2024-02-27,12,AR1 alpha + Basic + One-Step,NASDAQ:PBPB,0.09999627844339494
2024-02-28,12,AR1 alpha + Basic + One-Step,NASDAQ:PBPB,0.09999414645229576
2024-02-29,12,AR1 alpha + Basic + One-Step,NASDAQ:PBPB,0.09999494874344413
2024-03-01,12,AR1 alpha + Basic + One-Step,NASDAQ:PBPB,0.09999577249540478
2024-03-04,12,AR1 alpha + Basic + One-Step,NASDAQ:PBPB,0.0999953614493155
2024-03-05,12,AR1 alpha + Basic + One-Step,NASDAQ:PBPB,0.09999224099494064
2024-03-06,12,AR1 alpha + Basic + One-Step,NASDAQ:PBPB,0.012637329762416506
2024-03-07,12,AR1 alpha + Basic + One-Step,NASDAQ:PBPB,0.053725862975980844
2024-03-08,12,AR1 alpha + Basic + One-Step,NASDAQ:PBPB,0.0
2024-03-11,12,AR1 alpha + Basic + One-Step,NASDAQ:PBPB,0.0
2024-03-12,12,AR1 alpha + Basic + One-Step,NASDAQ:PBPB,0.0
2024-03-13,12,AR1 alpha + Basic + One-Step,NASDAQ:PBPB,0.0
2024-03-14,12,AR1 alpha + Basic + One-Step,NASDAQ:PBPB,9.146126175762407e-08
2024-03-15,12,AR1 alpha + Basic + One-Step,NASDAQ:PBPB,6.561137346878121e-08
2024-03-18,12,AR1 alpha + Basic + One-Step,NASDAQ:PBPB,2.3271647252405258e-08
2024-03-19,12,AR1 alpha + Basic + One-Step,NASDAQ:PBPB,0.04246338491851303
2024-03-20,12,AR1 alpha + Basic + One-Step,NASDAQ:PBPB,0.0836653478398485
2024-03-21,12,AR1 alpha + Basic + One-Step,NASDAQ:PBPB,0.10000006335345724
2024-03-22,12,AR1 alpha + Basic + One-Step,NASDAQ:PBPB,0.0743445599142883
2024-03-25,12,AR1 alpha + Basic + One-Step,NASDAQ:PBPB,0.058076343793939604
2024-03-26,12,AR1 alpha + Basic + One-Step,NASDAQ:PBPB,0.09387246471897111
2024-03-27,12,AR1 alpha + Basic + One-Step,NASDAQ:PBPB,0.03892799850968065
2024-03-28,12,AR1 alpha + Basic + One-Step,NASDAQ:PBPB,0.0
2024-04-01,12,AR1 alpha + Basic + One-Step,NASDAQ:PBPB,7.193405154286534e-07
2024-04-02,12,AR1 alpha + Basic + One-Step,NASDAQ:PBPB,0.0
2024-04-03,12,AR1 alpha + Basic + One-Step,NASDAQ:PBPB,0.0
2024-04-04,12,AR1 alpha + Basic + One-Step,NASDAQ:PBPB,0.0
2024-04-05,12,AR1 alpha + Basic + One-Step,NASDAQ:PBPB,0.0
2024-04-08,12,AR1 alpha + Basic + One-Step,NASDAQ:PBPB,0.0
2024-04-09,12,AR1 alpha + Basic + One-Step,NASDAQ:PBPB,0.0
2024-04-10,12,AR1 alpha + Basic + One-Step,NASDAQ:PBPB,2.3775201146633747e-07
2024-04-11,12,AR1 alpha + Basic + One-Step,NASDAQ:PBPB,0.0
2024-04-12,12,AR1 alpha + Basic + One-Step,NASDAQ:PBPB,0.0
2024-04-15,12,AR1 alpha + Basic + One-Step,NASDAQ:PBPB,0.0
2024-04-16,12,AR1 alpha + Basic + One-Step,NASDAQ:PBPB,0.0
2024-04-17,12,AR1 alpha + Basic + One-Step,NASDAQ:PBPB,1.4744342950968199e-09
2024-04-18,12,AR1 alpha + Basic + One-Step,NASDAQ:PBPB,0.0
2024-04-19,12,AR1 alpha + Basic + One-Step,NASDAQ:PBPB,0.0
2020-03-25,12,AR1 alpha + Basic + One-Step,NYSE:PBH,0.02
2020-03-26,12,AR1 alpha + Basic + One-Step,NYSE:PBH,0.019999999999999997
2020-03-27,12,AR1 alpha + Basic + One-Step,NYSE:PBH,0.0
2020-03-30,12,AR1 alpha + Basic + One-Step,NYSE:PBH,0.058525929153184976
2020-03-31,12,AR1 alpha + Basic + One-Step,NYSE:PBH,2.995246949076429e-08
2020-04-01,12,AR1 alpha + Basic + One-Step,NYSE:PBH,0.0
2020-04-02,12,AR1 alpha + Basic + One-Step,NYSE:PBH,0.06398089796234302
2020-04-03,12,AR1 alpha + Basic + One-Step,NYSE:PBH,6.390132329914844e-08
2020-04-06,12,AR1 alpha + Basic + One-Step,NYSE:PBH,0.09999934253223318
2020-04-07,12,AR1 alpha + Basic + One-Step,NYSE:PBH,0.09999976751049054
2020-04-08,12,AR1 alpha + Basic + One-Step,NYSE:PBH,0.09999949914383188
2020-04-09,12,AR1 alpha + Basic + One-Step,NYSE:PBH,0.09999904029233052
2020-04-13,12,AR1 alpha + Basic + One-Step,NYSE:PBH,0.09999774907859778
2020-04-14,12,AR1 alpha + Basic + One-Step,NYSE:PBH,0.09999719452578569
2020-04-15,12,AR1 alpha + Basic + One-Step,NYSE:PBH,0.07681781805088675
2020-04-16,12,AR1 alpha + Basic + One-Step,NYSE:PBH,0.0999911780338441
2020-04-17,12,AR1 alpha + Basic + One-Step,NYSE:PBH,0.099991685168872
2020-04-20,12,AR1 alpha + Basic + One-Step,NYSE:PBH,0.06422540060346514
2020-04-21,12,AR1 alpha + Basic + One-Step,NYSE:PBH,0.0
2020-04-22,12,AR1 alpha + Basic + One-Step,NYSE:PBH,0.037014737859795796
2020-04-23,12,AR1 alpha + Basic + One-Step,NYSE:PBH,0.035774216837825404
2020-04-24,12,AR1 alpha + Basic + One-Step,NYSE:PBH,0.10000003167522822
2020-04-27,12,AR1 alpha + Basic + One-Step,NYSE:PBH,0.09999959215038604
2020-04-28,12,AR1 alpha + Basic + One-Step,NYSE:PBH,0.07204580579391176
2020-04-29,12,AR1 alpha + Basic + One-Step,NYSE:PBH,0.06056096826248485
2020-04-30,12,AR1 alpha + Basic + One-Step,NYSE:PBH,0.0
2020-05-01,12,AR1 alpha + Basic + One-Step,NYSE:PBH,6.844758002145829e-09
2020-05-04,12,AR1 alpha + Basic + One-Step,NYSE:PBH,0.02561758667656258
2020-05-05,12,AR1 alpha + Basic + One-Step,NYSE:PBH,0.07624461993093255
2020-05-06,12,AR1 alpha + Basic + One-Step,NYSE:PBH,0.09695168944831645
2020-05-07,12,AR1 alpha + Basic + One-Step,NYSE:PBH,0.0819463327571699
2020-05-08,12,AR1 alpha + Basic + One-Step,NYSE:PBH,0.06939837765216883
2020-05-11,12,AR1 alpha + Basic + One-Step,NYSE:PBH,0.0999988104315363
2020-05-12,12,AR1 alpha + Basic + One-Step,NYSE:PBH,5.286928460927061e-08
2020-05-13,12,AR1 alpha + Basic + One-Step,NYSE:PBH,0.0
2020-05-14,12,AR1 alpha + Basic + One-Step,NYSE:PBH,4.655004500836668e-10
2020-05-15,12,AR1 alpha + Basic + One-Step,NYSE:PBH,0.011159922927270152
2020-05-18,12,AR1 alpha + Basic + One-Step,NYSE:PBH,0.09999872667394433
2020-05-19,12,AR1 alpha + Basic + One-Step,NYSE:PBH,0.0999986597018335
2020-05-20,12,AR1 alpha + Basic + One-Step,NYSE:PBH,0.09999673424984792
2020-05-21,12,AR1 alpha + Basic + One-Step,NYSE:PBH,0.09999521093585635
2020-05-22,12,AR1 alpha + Basic + One-Step,NYSE:PBH,0.09999741218761268
2020-05-26,12,AR1 alpha + Basic + One-Step,NYSE:PBH,0.09999862555230597
2020-05-27,12,AR1 alpha + Basic + One-Step,NYSE:PBH,0.10000047259031382
2020-05-28,12,AR1 alpha + Basic + One-Step,NYSE:PBH,0.10000000000000006
2020-05-29,12,AR1 alpha + Basic + One-Step,NYSE:PBH,0.08771377031164332
2020-06-01,12,AR1 alpha + Basic + One-Step,NYSE:PBH,0.03360971021335309
2020-06-02,12,AR1 alpha + Basic + One-Step,NYSE:PBH,0.025875348538863054
2020-06-03,12,AR1 alpha + Basic + One-Step,NYSE:PBH,0.06741018247789125
2020-06-04,12,AR1 alpha + Basic + One-Step,NYSE:PBH,0.030062920937908962
2020-06-05,12,AR1 alpha + Basic + One-Step,NYSE:PBH,0.10000012313880022
2020-06-08,12,AR1 alpha + Basic + One-Step,NYSE:PBH,0.08693817634054966
2020-06-09,12,AR1 alpha + Basic + One-Step,NYSE:PBH,0.014554052982977654
2020-06-10,12,AR1 alpha + Basic + One-Step,NYSE:PBH,0.009192258570061394
2020-06-11,12,AR1 alpha + Basic + One-Step,NYSE:PBH,0.0
2020-06-12,12,AR1 alpha + Basic + One-Step,NYSE:PBH,3.985031296668118e-09
2020-06-15,12,AR1 alpha + Basic + One-Step,NYSE:PBH,1.7944267303997627e-08
2020-06-16,12,AR1 alpha + Basic + One-Step,NYSE:PBH,2.8108840772798673e-07
2020-06-17,12,AR1 alpha + Basic + One-Step,NYSE:PBH,0.0
2020-06-18,12,AR1 alpha + Basic + One-Step,NYSE:PBH,4.821959969191058e-08
2020-06-19,12,AR1 alpha + Basic + One-Step,NYSE:PBH,0.0
2020-06-22,12,AR1 alpha + Basic + One-Step,NYSE:PBH,0.0
2020-06-23,12,AR1 alpha + Basic + One-Step,NYSE:PBH,0.0
2020-06-24,12,AR1 alpha + Basic + One-Step,NYSE:PBH,7.125448067473392e-08
2020-06-25,12,AR1 alpha + Basic + One-Step,NYSE:PBH,0.0
2020-06-26,12,AR1 alpha + Basic + One-Step,NYSE:PBH,0.0
2020-06-29,12,AR1 alpha + Basic + One-Step,NYSE:PBH,0.0
2020-06-30,12,AR1 alpha + Basic + One-Step,NYSE:PBH,0.0
2020-07-01,12,AR1 alpha + Basic + One-Step,NYSE:PBH,0.0
2020-07-02,12,AR1 alpha + Basic + One-Step,NYSE:PBH,3.6252095535739836e-09
2020-07-06,12,AR1 alpha + Basic + One-Step,NYSE:PBH,0.0
2020-07-07,12,AR1 alpha + Basic + One-Step,NYSE:PBH,0.0
2020-07-08,12,AR1 alpha + Basic + One-Step,NYSE:PBH,0.0
2020-07-09,12,AR1 alpha + Basic + One-Step,NYSE:PBH,4.489515480589112e-07
2020-07-10,12,AR1 alpha + Basic + One-Step,NYSE:PBH,0.0
2020-07-13,12,AR1 alpha + Basic + One-Step,NYSE:PBH,2.2589025679425233e-08
2020-07-14,12,AR1 alpha + Basic + One-Step,NYSE:PBH,0.0
2020-07-15,12,AR1 alpha + Basic + One-Step,NYSE:PBH,1.106284513669493e-07
2020-07-16,12,AR1 alpha + Basic + One-Step,NYSE:PBH,0.0
2020-07-17,12,AR1 alpha + Basic + One-Step,NYSE:PBH,0.0019758697282597467
2020-07-20,12,AR1 alpha + Basic + One-Step,NYSE:PBH,5.307912785523422e-07
2020-07-21,12,AR1 alpha + Basic + One-Step,NYSE:PBH,0.0
2020-07-22,12,AR1 alpha + Basic + One-Step,NYSE:PBH,0.0
2020-07-23,12,AR1 alpha + Basic + One-Step,NYSE:PBH,0.0
2020-07-24,12,AR1 alpha + Basic + One-Step,NYSE:PBH,6.289373833785814e-07
2020-07-27,12,AR1 alpha + Basic + One-Step,NYSE:PBH,5.041878505466615e-07
2020-07-28,12,AR1 alpha + Basic + One-Step,NYSE:PBH,0.0
2020-07-29,12,AR1 alpha + Basic + One-Step,NYSE:PBH,0.0
2020-07-30,12,AR1 alpha + Basic + One-Step,NYSE:PBH,0.0
2020-07-31,12,AR1 alpha + Basic + One-Step,NYSE:PBH,0.0
2020-08-03,12,AR1 alpha + Basic + One-Step,NYSE:PBH,0.0
2020-08-04,12,AR1 alpha + Basic + One-Step,NYSE:PBH,0.0
2020-08-05,12,AR1 alpha + Basic + One-Step,NYSE:PBH,0.0
2020-08-06,12,AR1 alpha + Basic + One-Step,NYSE:PBH,0.07624356789359589
2020-08-07,12,AR1 alpha + Basic + One-Step,NYSE:PBH,0.0
2020-08-10,12,AR1 alpha + Basic + One-Step,NYSE:PBH,0.0
2020-08-11,12,AR1 alpha + Basic + One-Step,NYSE:PBH,0.0
2020-08-12,12,AR1 alpha + Basic + One-Step,NYSE:PBH,0.0
2020-08-13,12,AR1 alpha + Basic + One-Step,NYSE:PBH,0.0
2020-08-14,12,AR1 alpha + Basic + One-Step,NYSE:PBH,0.0
2020-08-17,12,AR1 alpha + Basic + One-Step,NYSE:PBH,0.0
2020-08-18,12,AR1 alpha + Basic + One-Step,NYSE:PBH,0.0
2020-08-19,12,AR1 alpha + Basic + One-Step,NYSE:PBH,0.0
2020-08-20,12,AR1 alpha + Basic + One-Step,NYSE:PBH,1.5938497024954887e-07
2020-08-21,12,AR1 alpha + Basic + One-Step,NYSE:PBH,0.0
2020-08-24,12,AR1 alpha + Basic + One-Step,NYSE:PBH,0.0
2020-08-25,12,AR1 alpha + Basic + One-Step,NYSE:PBH,0.0
2020-08-26,12,AR1 alpha + Basic + One-Step,NYSE:PBH,0.0
2020-08-27,12,AR1 alpha + Basic + One-Step,NYSE:PBH,0.0
2020-08-28,12,AR1 alpha + Basic + One-Step,NYSE:PBH,0.0
2020-08-31,12,AR1 alpha + Basic + One-Step,NYSE:PBH,0.0
2020-09-01,12,AR1 alpha + Basic + One-Step,NYSE:PBH,0.0
2020-09-02,12,AR1 alpha + Basic + One-Step,NYSE:PBH,0.0
2020-09-03,12,AR1 alpha + Basic + One-Step,NYSE:PBH,0.0
2020-09-04,12,AR1 alpha + Basic + One-Step,NYSE:PBH,0.0
2020-09-08,12,AR1 alpha + Basic + One-Step,NYSE:PBH,0.0
2020-09-09,12,AR1 alpha + Basic + One-Step,NYSE:PBH,0.0
2020-09-10,12,AR1 alpha + Basic + One-Step,NYSE:PBH,0.0
2020-09-11,12,AR1 alpha + Basic + One-Step,NYSE:PBH,0.0
2020-09-14,12,AR1 alpha + Basic + One-Step,NYSE:PBH,0.0
2020-09-15,12,AR1 alpha + Basic + One-Step,NYSE:PBH,0.0
2020-09-16,12,AR1 alpha + Basic + One-Step,NYSE:PBH,0.0
2020-09-17,12,AR1 alpha + Basic + One-Step,NYSE:PBH,0.0
2020-09-18,12,AR1 alpha + Basic + One-Step,NYSE:PBH,0.0
2020-09-21,12,AR1 alpha + Basic + One-Step,NYSE:PBH,0.0
2020-09-22,12,AR1 alpha + Basic + One-Step,NYSE:PBH,0.0
2020-09-23,12,AR1 alpha + Basic + One-Step,NYSE:PBH,2.119790598455424e-09
2020-09-24,12,AR1 alpha + Basic + One-Step,NYSE:PBH,3.763332403108255e-07
2020-09-25,12,AR1 alpha + Basic + One-Step,NYSE:PBH,0.0
2020-09-28,12,AR1 alpha + Basic + One-Step,NYSE:PBH,0.0
2020-09-29,12,AR1 alpha + Basic + One-Step,NYSE:PBH,1.3250741447731808e-08
2020-09-30,12,AR1 alpha + Basic + One-Step,NYSE:PBH,2.287441150506284e-08
2020-10-01,12,AR1 alpha + Basic + One-Step,NYSE:PBH,0.0
2020-10-02,12,AR1 alpha + Basic + One-Step,NYSE:PBH,0.0
2020-10-05,12,AR1 alpha + Basic + One-Step,NYSE:PBH,2.341819045490369e-08
2020-10-06,12,AR1 alpha + Basic + One-Step,NYSE:PBH,0.0
2020-10-07,12,AR1 alpha + Basic + One-Step,NYSE:PBH,1.2395079841871184e-07
2020-10-08,12,AR1 alpha + Basic + One-Step,NYSE:PBH,0.0
2020-10-09,12,AR1 alpha + Basic + One-Step,NYSE:PBH,0.0
2020-10-12,12,AR1 alpha + Basic + One-Step,NYSE:PBH,0.0
2020-10-13,12,AR1 alpha + Basic + One-Step,NYSE:PBH,0.0
2020-10-14,12,AR1 alpha + Basic + One-Step,NYSE:PBH,0.0
2020-10-15,12,AR1 alpha + Basic + One-Step,NYSE:PBH,0.0
2020-10-16,12,AR1 alpha + Basic + One-Step,NYSE:PBH,1.2209773299108415e-07
2020-10-19,12,AR1 alpha + Basic + One-Step,NYSE:PBH,0.0
2020-10-20,12,AR1 alpha + Basic + One-Step,NYSE:PBH,0.0
2020-10-21,12,AR1 alpha + Basic + One-Step,NYSE:PBH,0.0
2020-10-22,12,AR1 alpha + Basic + One-Step,NYSE:PBH,0.0
2020-10-23,12,AR1 alpha + Basic + One-Step,NYSE:PBH,0.0
2020-10-26,12,AR1 alpha + Basic + One-Step,NYSE:PBH,0.0
2020-10-27,12,AR1 alpha + Basic + One-Step,NYSE:PBH,0.0
2020-10-28,12,AR1 alpha + Basic + One-Step,NYSE:PBH,1.4721953613207094e-08
2020-10-29,12,AR1 alpha + Basic + One-Step,NYSE:PBH,4.969845562921146e-09
2020-10-30,12,AR1 alpha + Basic + One-Step,NYSE:PBH,0.0
2020-11-02,12,AR1 alpha + Basic + One-Step,NYSE:PBH,0.0
2020-11-03,12,AR1 alpha + Basic + One-Step,NYSE:PBH,0.0
2020-11-04,12,AR1 alpha + Basic + One-Step,NYSE:PBH,0.0
2020-11-05,12,AR1 alpha + Basic + One-Step,NYSE:PBH,0.0
2020-11-06,12,AR1 alpha + Basic + One-Step,NYSE:PBH,1.923864589048936e-07
2020-11-09,12,AR1 alpha + Basic + One-Step,NYSE:PBH,0.0
2020-11-10,12,AR1 alpha + Basic + One-Step,NYSE:PBH,0.0
2020-11-11,12,AR1 alpha + Basic + One-Step,NYSE:PBH,0.0
2020-11-12,12,AR1 alpha + Basic + One-Step,NYSE:PBH,0.0
2020-11-13,12,AR1 alpha + Basic + One-Step,NYSE:PBH,0.0
2020-11-16,12,AR1 alpha + Basic + One-Step,NYSE:PBH,0.0
2020-11-17,12,AR1 alpha + Basic + One-Step,NYSE:PBH,0.0
2020-11-18,12,AR1 alpha + Basic + One-Step,NYSE:PBH,0.0
2020-11-19,12,AR1 alpha + Basic + One-Step,NYSE:PBH,2.1399510882651717e-08
2020-11-20,12,AR1 alpha + Basic + One-Step,NYSE:PBH,0.0
2020-11-23,12,AR1 alpha + Basic + One-Step,NYSE:PBH,0.0
2020-11-24,12,AR1 alpha + Basic + One-Step,NYSE:PBH,0.0
2020-11-25,12,AR1 alpha + Basic + One-Step,NYSE:PBH,0.0
2020-11-27,12,AR1 alpha + Basic + One-Step,NYSE:PBH,0.0
2020-11-30,12,AR1 alpha + Basic + One-Step,NYSE:PBH,0.0
2020-12-01,12,AR1 alpha + Basic + One-Step,NYSE:PBH,0.0
2020-12-02,12,AR1 alpha + Basic + One-Step,NYSE:PBH,0.0
2020-12-03,12,AR1 alpha + Basic + One-Step,NYSE:PBH,0.0
2020-12-04,12,AR1 alpha + Basic + One-Step,NYSE:PBH,2.7350234385186237e-09
2020-12-07,12,AR1 alpha + Basic + One-Step,NYSE:PBH,0.0
2020-12-08,12,AR1 alpha + Basic + One-Step,NYSE:PBH,2.666400266601036e-07
2020-12-09,12,AR1 alpha + Basic + One-Step,NYSE:PBH,0.0
2020-12-10,12,AR1 alpha + Basic + One-Step,NYSE:PBH,0.0
2020-12-11,12,AR1 alpha + Basic + One-Step,NYSE:PBH,6.305037209372286e-07
2020-12-14,12,AR1 alpha + Basic + One-Step,NYSE:PBH,1.1796899277430684e-06
2020-12-15,12,AR1 alpha + Basic + One-Step,NYSE:PBH,0.0
2020-12-16,12,AR1 alpha + Basic + One-Step,NYSE:PBH,9.630076765668953e-09
2020-12-17,12,AR1 alpha + Basic + One-Step,NYSE:PBH,0.0
2020-12-18,12,AR1 alpha + Basic + One-Step,NYSE:PBH,0.0
2020-12-21,12,AR1 alpha + Basic + One-Step,NYSE:PBH,6.988387234170469e-07
2020-12-22,12,AR1 alpha + Basic + One-Step,NYSE:PBH,0.0
2020-12-23,12,AR1 alpha + Basic + One-Step,NYSE:PBH,0.0
2020-12-24,12,AR1 alpha + Basic + One-Step,NYSE:PBH,0.0
2020-12-28,12,AR1 alpha + Basic + One-Step,NYSE:PBH,0.0
2020-12-29,12,AR1 alpha + Basic + One-Step,NYSE:PBH,0.0
2020-12-30,12,AR1 alpha + Basic + One-Step,NYSE:PBH,0.0
2020-12-31,12,AR1 alpha + Basic + One-Step,NYSE:PBH,0.0
2021-01-04,12,AR1 alpha + Basic + One-Step,NYSE:PBH,0.0
2021-01-05,12,AR1 alpha + Basic + One-Step,NYSE:PBH,3.586594944724215e-08
2021-01-06,12,AR1 alpha + Basic + One-Step,NYSE:PBH,0.0
2021-01-07,12,AR1 alpha + Basic + One-Step,NYSE:PBH,0.0
2021-01-08,12,AR1 alpha + Basic + One-Step,NYSE:PBH,0.0
2021-01-11,12,AR1 alpha + Basic + One-Step,NYSE:PBH,0.0
2021-01-12,12,AR1 alpha + Basic + One-Step,NYSE:PBH,0.0
2021-01-13,12,AR1 alpha + Basic + One-Step,NYSE:PBH,0.0
2021-01-14,12,AR1 alpha + Basic + One-Step,NYSE:PBH,0.0
2021-01-15,12,AR1 alpha + Basic + One-Step,NYSE:PBH,0.0
2021-01-19,12,AR1 alpha + Basic + One-Step,NYSE:PBH,0.0
2021-01-20,12,AR1 alpha + Basic + One-Step,NYSE:PBH,0.0
2021-01-21,12,AR1 alpha + Basic + One-Step,NYSE:PBH,0.0
2021-01-22,12,AR1 alpha + Basic + One-Step,NYSE:PBH,0.0
2021-01-25,12,AR1 alpha + Basic + One-Step,NYSE:PBH,0.0
2021-01-26,12,AR1 alpha + Basic + One-Step,NYSE:PBH,0.0
2021-01-27,12,AR1 alpha + Basic + One-Step,NYSE:PBH,0.0
2021-01-28,12,AR1 alpha + Basic + One-Step,NYSE:PBH,0.0
2021-01-29,12,AR1 alpha + Basic + One-Step,NYSE:PBH,0.0
2021-02-01,12,AR1 alpha + Basic + One-Step,NYSE:PBH,1.4749853456805382e-07
2021-02-02,12,AR1 alpha + Basic + One-Step,NYSE:PBH,0.0
2021-02-03,12,AR1 alpha + Basic + One-Step,NYSE:PBH,0.0
2021-02-04,12,AR1 alpha + Basic + One-Step,NYSE:PBH,0.0
2021-02-05,12,AR1 alpha + Basic + One-Step,NYSE:PBH,0.0
2021-02-08,12,AR1 alpha + Basic + One-Step,NYSE:PBH,0.0
2021-02-09,12,AR1 alpha + Basic + One-Step,NYSE:PBH,0.0
2021-02-10,12,AR1 alpha + Basic + One-Step,NYSE:PBH,0.0
2021-02-11,12,AR1 alpha + Basic + One-Step,NYSE:PBH,0.0
2021-02-12,12,AR1 alpha + Basic + One-Step,NYSE:PBH,0.0
2021-02-16,12,AR1 alpha + Basic + One-Step,NYSE:PBH,0.0
2021-02-17,12,AR1 alpha + Basic + One-Step,NYSE:PBH,0.0
2021-02-18,12,AR1 alpha + Basic + One-Step,NYSE:PBH,0.0
2021-02-19,12,AR1 alpha + Basic + One-Step,NYSE:PBH,0.0
2021-02-22,12,AR1 alpha + Basic + One-Step,NYSE:PBH,7.496231675214586e-07
2021-02-23,12,AR1 alpha + Basic + One-Step,NYSE:PBH,3.1316735786636466e-07
2021-02-24,12,AR1 alpha + Basic + One-Step,NYSE:PBH,0.0
2021-02-25,12,AR1 alpha + Basic + One-Step,NYSE:PBH,0.0
2021-02-26,12,AR1 alpha + Basic + One-Step,NYSE:PBH,4.011305634987687e-07
2021-03-01,12,AR1 alpha + Basic + One-Step,NYSE:PBH,0.0
2021-03-02,12,AR1 alpha + Basic + One-Step,NYSE:PBH,0.0
2021-03-03,12,AR1 alpha + Basic + One-Step,NYSE:PBH,0.0
2021-03-04,12,AR1 alpha + Basic + One-Step,NYSE:PBH,0.0
2021-03-05,12,AR1 alpha + Basic + One-Step,NYSE:PBH,0.0
2021-03-08,12,AR1 alpha + Basic + One-Step,NYSE:PBH,0.0
2021-03-09,12,AR1 alpha + Basic + One-Step,NYSE:PBH,0.0
2021-03-10,12,AR1 alpha + Basic + One-Step,NYSE:PBH,0.0160533208800768
2021-03-11,12,AR1 alpha + Basic + One-Step,NYSE:PBH,0.0
2021-03-12,12,AR1 alpha + Basic + One-Step,NYSE:PBH,4.036997073014435e-09
2021-03-15,12,AR1 alpha + Basic + One-Step,NYSE:PBH,0.03494236064822212
2021-03-16,12,AR1 alpha + Basic + One-Step,NYSE:PBH,0.0
2021-03-17,12,AR1 alpha + Basic + One-Step,NYSE:PBH,0.0
2021-03-18,12,AR1 alpha + Basic + One-Step,NYSE:PBH,0.0
2021-03-19,12,AR1 alpha + Basic + One-Step,NYSE:PBH,0.0
2021-03-22,12,AR1 alpha + Basic + One-Step,NYSE:PBH,0.0
2021-03-23,12,AR1 alpha + Basic + One-Step,NYSE:PBH,0.0
2021-03-24,12,AR1 alpha + Basic + One-Step,NYSE:PBH,0.0
2021-03-25,12,AR1 alpha + Basic + One-Step,NYSE:PBH,0.0
2021-03-26,12,AR1 alpha + Basic + One-Step,NYSE:PBH,0.0
2021-03-29,12,AR1 alpha + Basic + One-Step,NYSE:PBH,0.0
2021-03-30,12,AR1 alpha + Basic + One-Step,NYSE:PBH,1.0969047413387177e-06
2021-03-31,12,AR1 alpha + Basic + One-Step,NYSE:PBH,2.6290407821392502e-08
2021-04-01,12,AR1 alpha + Basic + One-Step,NYSE:PBH,0.0
2021-04-05,12,AR1 alpha + Basic + One-Step,NYSE:PBH,2.377433063885797e-06
2021-04-06,12,AR1 alpha + Basic + One-Step,NYSE:PBH,2.8573023540971196e-07
2021-04-07,12,AR1 alpha + Basic + One-Step,NYSE:PBH,1.526035889959718e-08
2021-04-08,12,AR1 alpha + Basic + One-Step,NYSE:PBH,7.705684202839476e-07
2021-04-09,12,AR1 alpha + Basic + One-Step,NYSE:PBH,0.0
2021-04-12,12,AR1 alpha + Basic + One-Step,NYSE:PBH,5.3982628898926305e-09
2021-04-13,12,AR1 alpha + Basic + One-Step,NYSE:PBH,0.0
2021-04-14,12,AR1 alpha + Basic + One-Step,NYSE:PBH,9.955056280528115e-08
2021-04-15,12,AR1 alpha + Basic + One-Step,NYSE:PBH,1.81620858696309e-07
2021-04-16,12,AR1 alpha + Basic + One-Step,NYSE:PBH,0.0
2021-04-19,12,AR1 alpha + Basic + One-Step,NYSE:PBH,4.564924608697394e-08
2021-04-20,12,AR1 alpha + Basic + One-Step,NYSE:PBH,0.0
2021-04-21,12,AR1 alpha + Basic + One-Step,NYSE:PBH,0.0
2021-04-22,12,AR1 alpha + Basic + One-Step,NYSE:PBH,9.309420214603013e-08
2021-04-23,12,AR1 alpha + Basic + One-Step,NYSE:PBH,0.0
2021-04-26,12,AR1 alpha + Basic + One-Step,NYSE:PBH,0.0
2021-04-27,12,AR1 alpha + Basic + One-Step,NYSE:PBH,6.548360737284988e-07
2021-04-28,12,AR1 alpha + Basic + One-Step,NYSE:PBH,0.0
2021-04-29,12,AR1 alpha + Basic + One-Step,NYSE:PBH,0.0
2021-04-30,12,AR1 alpha + Basic + One-Step,NYSE:PBH,0.0
2021-05-03,12,AR1 alpha + Basic + One-Step,NYSE:PBH,0.0
2021-05-04,12,AR1 alpha + Basic + One-Step,NYSE:PBH,4.317366426838527e-08
2021-05-05,12,AR1 alpha + Basic + One-Step,NYSE:PBH,0.0
2021-05-06,12,AR1 alpha + Basic + One-Step,NYSE:PBH,0.0
2021-05-07,12,AR1 alpha + Basic + One-Step,NYSE:PBH,0.0
2021-05-10,12,AR1 alpha + Basic + One-Step,NYSE:PBH,0.0
2021-05-11,12,AR1 alpha + Basic + One-Step,NYSE:PBH,0.0
2021-05-12,12,AR1 alpha + Basic + One-Step,NYSE:PBH,0.0
2021-05-13,12,AR1 alpha + Basic + One-Step,NYSE:PBH,5.186109120337395e-08
2021-05-14,12,AR1 alpha + Basic + One-Step,NYSE:PBH,3.726900345334134e-08
2021-05-17,12,AR1 alpha + Basic + One-Step,NYSE:PBH,0.0
2021-05-18,12,AR1 alpha + Basic + One-Step,NYSE:PBH,9.95361088439182e-07
2021-05-19,12,AR1 alpha + Basic + One-Step,NYSE:PBH,6.707396673352186e-07
2021-05-20,12,AR1 alpha + Basic + One-Step,NYSE:PBH,4.853126442092219e-07
2021-05-21,12,AR1 alpha + Basic + One-Step,NYSE:PBH,5.806432887496289e-07
2021-05-24,12,AR1 alpha + Basic + One-Step,NYSE:PBH,0.0
2021-05-25,12,AR1 alpha + Basic + One-Step,NYSE:PBH,0.0
2021-05-26,12,AR1 alpha + Basic + One-Step,NYSE:PBH,0.0
2021-05-27,12,AR1 alpha + Basic + One-Step,NYSE:PBH,0.0
2021-05-28,12,AR1 alpha + Basic + One-Step,NYSE:PBH,0.0
2021-06-01,12,AR1 alpha + Basic + One-Step,NYSE:PBH,0.0
2021-06-02,12,AR1 alpha + Basic + One-Step,NYSE:PBH,0.0
2021-06-03,12,AR1 alpha + Basic + One-Step,NYSE:PBH,0.0
2021-06-04,12,AR1 alpha + Basic + One-Step,NYSE:PBH,0.0
2021-06-07,12,AR1 alpha + Basic + One-Step,NYSE:PBH,0.0
2021-06-08,12,AR1 alpha + Basic + One-Step,NYSE:PBH,0.0
2021-06-09,12,AR1 alpha + Basic + One-Step,NYSE:PBH,0.0
2021-06-10,12,AR1 alpha + Basic + One-Step,NYSE:PBH,1.0357593932575989e-07
2021-06-11,12,AR1 alpha + Basic + One-Step,NYSE:PBH,0.0
2021-06-14,12,AR1 alpha + Basic + One-Step,NYSE:PBH,0.0
2021-06-15,12,AR1 alpha + Basic + One-Step,NYSE:PBH,0.0
2021-06-16,12,AR1 alpha + Basic + One-Step,NYSE:PBH,0.0
2021-06-17,12,AR1 alpha + Basic + One-Step,NYSE:PBH,0.0
2021-06-18,12,AR1 alpha + Basic + One-Step,NYSE:PBH,0.0
2021-06-21,12,AR1 alpha + Basic + One-Step,NYSE:PBH,0.0
2021-06-22,12,AR1 alpha + Basic + One-Step,NYSE:PBH,2.1473441726296376e-06
2021-06-23,12,AR1 alpha + Basic + One-Step,NYSE:PBH,1.6607394415982016e-06
2021-06-24,12,AR1 alpha + Basic + One-Step,NYSE:PBH,1.9949307348285795e-06
2021-06-25,12,AR1 alpha + Basic + One-Step,NYSE:PBH,0.0
2021-06-28,12,AR1 alpha + Basic + One-Step,NYSE:PBH,0.0
2021-06-29,12,AR1 alpha + Basic + One-Step,NYSE:PBH,0.0
2021-06-30,12,AR1 alpha + Basic + One-Step,NYSE:PBH,0.0
2021-07-01,12,AR1 alpha + Basic + One-Step,NYSE:PBH,0.0
2021-07-02,12,AR1 alpha + Basic + One-Step,NYSE:PBH,0.0
2021-07-06,12,AR1 alpha + Basic + One-Step,NYSE:PBH,0.0
2021-07-07,12,AR1 alpha + Basic + One-Step,NYSE:PBH,0.0
2021-07-08,12,AR1 alpha + Basic + One-Step,NYSE:PBH,0.0
2021-07-09,12,AR1 alpha + Basic + One-Step,NYSE:PBH,0.0
2021-07-12,12,AR1 alpha + Basic + One-Step,NYSE:PBH,0.0
2021-07-13,12,AR1 alpha + Basic + One-Step,NYSE:PBH,1.0567609609654532e-07
2021-07-14,12,AR1 alpha + Basic + One-Step,NYSE:PBH,0.0
2021-07-15,12,AR1 alpha + Basic + One-Step,NYSE:PBH,0.0
2021-07-16,12,AR1 alpha + Basic + One-Step,NYSE:PBH,2.0135303185442084e-06
2021-07-19,12,AR1 alpha + Basic + One-Step,NYSE:PBH,0.0
2021-07-20,12,AR1 alpha + Basic + One-Step,NYSE:PBH,0.0
2021-07-21,12,AR1 alpha + Basic + One-Step,NYSE:PBH,0.0
2021-07-22,12,AR1 alpha + Basic + One-Step,NYSE:PBH,0.0
2021-07-23,12,AR1 alpha + Basic + One-Step,NYSE:PBH,0.0
2021-07-26,12,AR1 alpha + Basic + One-Step,NYSE:PBH,2.5774963843253123e-07
2021-07-27,12,AR1 alpha + Basic + One-Step,NYSE:PBH,2.1869351864316663e-06
2021-07-28,12,AR1 alpha + Basic + One-Step,NYSE:PBH,0.0
2021-07-29,12,AR1 alpha + Basic + One-Step,NYSE:PBH,0.0
2021-07-30,12,AR1 alpha + Basic + One-Step,NYSE:PBH,0.0
2021-08-02,12,AR1 alpha + Basic + One-Step,NYSE:PBH,0.0
2021-08-03,12,AR1 alpha + Basic + One-Step,NYSE:PBH,0.0
2021-08-04,12,AR1 alpha + Basic + One-Step,NYSE:PBH,6.587616450868815e-09
2021-08-05,12,AR1 alpha + Basic + One-Step,NYSE:PBH,0.0
2021-08-06,12,AR1 alpha + Basic + One-Step,NYSE:PBH,0.0
2021-08-09,12,AR1 alpha + Basic + One-Step,NYSE:PBH,3.401026335169954e-07
2021-08-10,12,AR1 alpha + Basic + One-Step,NYSE:PBH,2.1790835142362764e-07
2021-08-11,12,AR1 alpha + Basic + One-Step,NYSE:PBH,1.6984654580886142e-07
2021-08-12,12,AR1 alpha + Basic + One-Step,NYSE:PBH,0.0
2021-08-13,12,AR1 alpha + Basic + One-Step,NYSE:PBH,0.0
2021-08-16,12,AR1 alpha + Basic + One-Step,NYSE:PBH,0.0005796996753193483
2021-08-17,12,AR1 alpha + Basic + One-Step,NYSE:PBH,6.496078895657907e-07
2021-08-18,12,AR1 alpha + Basic + One-Step,NYSE:PBH,0.0
2021-08-19,12,AR1 alpha + Basic + One-Step,NYSE:PBH,0.0
2021-08-20,12,AR1 alpha + Basic + One-Step,NYSE:PBH,4.1182284057746804e-08
2021-08-23,12,AR1 alpha + Basic + One-Step,NYSE:PBH,0.05351685819278066
2021-08-24,12,AR1 alpha + Basic + One-Step,NYSE:PBH,0.03893945013056777
2021-08-25,12,AR1 alpha + Basic + One-Step,NYSE:PBH,0.04664766291475758
2021-08-26,12,AR1 alpha + Basic + One-Step,NYSE:PBH,0.06281630786372323
2021-08-27,12,AR1 alpha + Basic + One-Step,NYSE:PBH,0.05234661978387858
2021-08-30,12,AR1 alpha + Basic + One-Step,NYSE:PBH,0.052804464939723544
2021-08-31,12,AR1 alpha + Basic + One-Step,NYSE:PBH,0.05053240209258469
2021-09-01,12,AR1 alpha + Basic + One-Step,NYSE:PBH,0.0999829153579038
2021-09-02,12,AR1 alpha + Basic + One-Step,NYSE:PBH,0.09998133157053252
2021-09-03,12,AR1 alpha + Basic + One-Step,NYSE:PBH,0.0711336912325887
2021-09-07,12,AR1 alpha + Basic + One-Step,NYSE:PBH,0.0
2021-09-08,12,AR1 alpha + Basic + One-Step,NYSE:PBH,0.0
2021-09-09,12,AR1 alpha + Basic + One-Step,NYSE:PBH,7.496797967069035e-08
2021-09-10,12,AR1 alpha + Basic + One-Step,NYSE:PBH,0.0
2021-09-13,12,AR1 alpha + Basic + One-Step,NYSE:PBH,0.0
2021-09-14,12,AR1 alpha + Basic + One-Step,NYSE:PBH,4.358898389016651e-07
2021-09-15,12,AR1 alpha + Basic + One-Step,NYSE:PBH,0.0
2021-09-16,12,AR1 alpha + Basic + One-Step,NYSE:PBH,0.0
2021-09-17,12,AR1 alpha + Basic + One-Step,NYSE:PBH,0.0
2021-09-20,12,AR1 alpha + Basic + One-Step,NYSE:PBH,0.0
2021-09-21,12,AR1 alpha + Basic + One-Step,NYSE:PBH,1.4191309884024109e-07
2021-09-22,12,AR1 alpha + Basic + One-Step,NYSE:PBH,0.0
2021-09-23,12,AR1 alpha + Basic + One-Step,NYSE:PBH,0.0
2021-09-24,12,AR1 alpha + Basic + One-Step,NYSE:PBH,0.013928668778158234
2021-09-27,12,AR1 alpha + Basic + One-Step,NYSE:PBH,0.0
2021-09-28,12,AR1 alpha + Basic + One-Step,NYSE:PBH,0.0
2021-09-29,12,AR1 alpha + Basic + One-Step,NYSE:PBH,0.0
2021-09-30,12,AR1 alpha + Basic + One-Step,NYSE:PBH,0.0
2021-10-01,12,AR1 alpha + Basic + One-Step,NYSE:PBH,0.0
2021-10-04,12,AR1 alpha + Basic + One-Step,NYSE:PBH,0.0
2021-10-05,12,AR1 alpha + Basic + One-Step,NYSE:PBH,0.0
2021-10-06,12,AR1 alpha + Basic + One-Step,NYSE:PBH,0.0
2021-10-07,12,AR1 alpha + Basic + One-Step,NYSE:PBH,0.02272755237417428
2021-10-08,12,AR1 alpha + Basic + One-Step,NYSE:PBH,0.0
2021-10-11,12,AR1 alpha + Basic + One-Step,NYSE:PBH,0.0
2021-10-12,12,AR1 alpha + Basic + One-Step,NYSE:PBH,0.0
2021-10-13,12,AR1 alpha + Basic + One-Step,NYSE:PBH,0.0
2021-10-14,12,AR1 alpha + Basic + One-Step,NYSE:PBH,0.03169327089491051
2021-10-15,12,AR1 alpha + Basic + One-Step,NYSE:PBH,0.013663280972418562
2021-10-18,12,AR1 alpha + Basic + One-Step,NYSE:PBH,0.03008361208350341
2021-10-19,12,AR1 alpha + Basic + One-Step,NYSE:PBH,0.03209868894331148
2021-10-20,12,AR1 alpha + Basic + One-Step,NYSE:PBH,0.07410637026892318
2021-10-21,12,AR1 alpha + Basic + One-Step,NYSE:PBH,0.08831653608014206
2021-10-22,12,AR1 alpha + Basic + One-Step,NYSE:PBH,0.09787385766525934
2021-10-25,12,AR1 alpha + Basic + One-Step,NYSE:PBH,0.09999232011366063
2021-10-26,12,AR1 alpha + Basic + One-Step,NYSE:PBH,0.09998729544688102
2021-10-27,12,AR1 alpha + Basic + One-Step,NYSE:PBH,0.0
2021-10-28,12,AR1 alpha + Basic + One-Step,NYSE:PBH,0.08642505480006128
2021-10-29,12,AR1 alpha + Basic + One-Step,NYSE:PBH,0.05794271659176627
2021-11-01,12,AR1 alpha + Basic + One-Step,NYSE:PBH,0.06762646364040535
2021-11-02,12,AR1 alpha + Basic + One-Step,NYSE:PBH,0.06555226883293637
2021-11-03,12,AR1 alpha + Basic + One-Step,NYSE:PBH,0.09999145952911667
2021-11-04,12,AR1 alpha + Basic + One-Step,NYSE:PBH,0.09998569602784714
2021-11-05,12,AR1 alpha + Basic + One-Step,NYSE:PBH,0.09999022441790119
2021-11-08,12,AR1 alpha + Basic + One-Step,NYSE:PBH,0.09998809225685686
2021-11-09,12,AR1 alpha + Basic + One-Step,NYSE:PBH,0.09999203013332315
2021-11-10,12,AR1 alpha + Basic + One-Step,NYSE:PBH,0.09999466499776832
2021-11-11,12,AR1 alpha + Basic + One-Step,NYSE:PBH,0.09999508217973663
2021-11-12,12,AR1 alpha + Basic + One-Step,NYSE:PBH,0.09999441283268258
2021-11-15,12,AR1 alpha + Basic + One-Step,NYSE:PBH,0.09017560031426064
2021-11-16,12,AR1 alpha + Basic + One-Step,NYSE:PBH,0.099992431458473
2021-11-17,12,AR1 alpha + Basic + One-Step,NYSE:PBH,0.09999005725752547
2021-11-18,12,AR1 alpha + Basic + One-Step,NYSE:PBH,0.03426801174134871
2021-11-19,12,AR1 alpha + Basic + One-Step,NYSE:PBH,0.0
2021-11-22,12,AR1 alpha + Basic + One-Step,NYSE:PBH,0.05338858688508153
2021-11-23,12,AR1 alpha + Basic + One-Step,NYSE:PBH,0.0
2021-11-24,12,AR1 alpha + Basic + One-Step,NYSE:PBH,0.0
2021-11-26,12,AR1 alpha + Basic + One-Step,NYSE:PBH,0.0
2021-11-29,12,AR1 alpha + Basic + One-Step,NYSE:PBH,0.0
2021-11-30,12,AR1 alpha + Basic + One-Step,NYSE:PBH,0.0
2021-12-01,12,AR1 alpha + Basic + One-Step,NYSE:PBH,0.0
2021-12-02,12,AR1 alpha + Basic + One-Step,NYSE:PBH,0.09999541352717431
2021-12-03,12,AR1 alpha + Basic + One-Step,NYSE:PBH,0.046162929822376804
2021-12-06,12,AR1 alpha + Basic + One-Step,NYSE:PBH,0.09999223857059535
2021-12-07,12,AR1 alpha + Basic + One-Step,NYSE:PBH,0.09997769677611486
2021-12-08,12,AR1 alpha + Basic + One-Step,NYSE:PBH,0.09998180942932021
2021-12-09,12,AR1 alpha + Basic + One-Step,NYSE:PBH,0.004992803632414276
2021-12-10,12,AR1 alpha + Basic + One-Step,NYSE:PBH,0.04792857037809419
2021-12-13,12,AR1 alpha + Basic + One-Step,NYSE:PBH,0.036179221528867246
2021-12-14,12,AR1 alpha + Basic + One-Step,NYSE:PBH,0.03143905187379416
2021-12-15,12,AR1 alpha + Basic + One-Step,NYSE:PBH,0.09999184005484381
2021-12-16,12,AR1 alpha + Basic + One-Step,NYSE:PBH,0.0999891911292527
2021-12-17,12,AR1 alpha + Basic + One-Step,NYSE:PBH,0.09998279116155614
2021-12-20,12,AR1 alpha + Basic + One-Step,NYSE:PBH,0.09997837651597902
2021-12-21,12,AR1 alpha + Basic + One-Step,NYSE:PBH,0.09997317981245248
2021-12-22,12,AR1 alpha + Basic + One-Step,NYSE:PBH,0.10000074828721149
2021-12-23,12,AR1 alpha + Basic + One-Step,NYSE:PBH,0.09999557104409373
2021-12-27,12,AR1 alpha + Basic + One-Step,NYSE:PBH,0.0999903232720227
2021-12-28,12,AR1 alpha + Basic + One-Step,NYSE:PBH,0.09998096463757915
2021-12-29,12,AR1 alpha + Basic + One-Step,NYSE:PBH,0.09999801889247821
2021-12-30,12,AR1 alpha + Basic + One-Step,NYSE:PBH,0.09999960933229593
2021-12-31,12,AR1 alpha + Basic + One-Step,NYSE:PBH,0.09999951457785375
2022-01-03,12,AR1 alpha + Basic + One-Step,NYSE:PBH,0.09999967423667605
2022-01-04,12,AR1 alpha + Basic + One-Step,NYSE:PBH,0.10000000000000003
2022-01-05,12,AR1 alpha + Basic + One-Step,NYSE:PBH,0.08570352517431694
2022-01-06,12,AR1 alpha + Basic + One-Step,NYSE:PBH,0.09999469936062058
2022-01-07,12,AR1 alpha + Basic + One-Step,NYSE:PBH,0.09039953213232169
2022-01-10,12,AR1 alpha + Basic + One-Step,NYSE:PBH,0.09999199705749812
2022-01-11,12,AR1 alpha + Basic + One-Step,NYSE:PBH,0.09998422734270491
2022-01-12,12,AR1 alpha + Basic + One-Step,NYSE:PBH,0.09998194955667392
2022-01-13,12,AR1 alpha + Basic + One-Step,NYSE:PBH,0.10000599617850416
2022-01-14,12,AR1 alpha + Basic + One-Step,NYSE:PBH,0.09999328342117092
2022-01-18,12,AR1 alpha + Basic + One-Step,NYSE:PBH,0.01907171383187575
2022-01-19,12,AR1 alpha + Basic + One-Step,NYSE:PBH,0.020488546241711238
2022-01-20,12,AR1 alpha + Basic + One-Step,NYSE:PBH,0.0
2022-01-21,12,AR1 alpha + Basic + One-Step,NYSE:PBH,3.547075081990906e-07
2022-01-24,12,AR1 alpha + Basic + One-Step,NYSE:PBH,2.441653165047178e-07
2022-01-25,12,AR1 alpha + Basic + One-Step,NYSE:PBH,0.0
2022-01-26,12,AR1 alpha + Basic + One-Step,NYSE:PBH,0.015476953671851675
2022-01-27,12,AR1 alpha + Basic + One-Step,NYSE:PBH,0.00045479070521506365
2022-01-28,12,AR1 alpha + Basic + One-Step,NYSE:PBH,0.04872646694032434
2022-01-31,12,AR1 alpha + Basic + One-Step,NYSE:PBH,0.08646679470026487
2022-02-01,12,AR1 alpha + Basic + One-Step,NYSE:PBH,0.09999405167263753
2022-02-02,12,AR1 alpha + Basic + One-Step,NYSE:PBH,0.09998854008126107
2022-02-03,12,AR1 alpha + Basic + One-Step,NYSE:PBH,0.09998614724234664
2022-02-04,12,AR1 alpha + Basic + One-Step,NYSE:PBH,0.09999078039979428
2022-02-07,12,AR1 alpha + Basic + One-Step,NYSE:PBH,0.09999383097616797
2022-02-08,12,AR1 alpha + Basic + One-Step,NYSE:PBH,0.09999322717057355
2022-02-09,12,AR1 alpha + Basic + One-Step,NYSE:PBH,0.0999952887715798
2022-02-10,12,AR1 alpha + Basic + One-Step,NYSE:PBH,0.09999675664294803
2022-02-11,12,AR1 alpha + Basic + One-Step,NYSE:PBH,0.09999793049058728
2022-02-14,12,AR1 alpha + Basic + One-Step,NYSE:PBH,0.09999795871620108
2022-02-15,12,AR1 alpha + Basic + One-Step,NYSE:PBH,0.09999685628606922
2022-02-16,12,AR1 alpha + Basic + One-Step,NYSE:PBH,0.09999518774198668
2022-02-17,12,AR1 alpha + Basic + One-Step,NYSE:PBH,0.09999521234904986
2022-02-18,12,AR1 alpha + Basic + One-Step,NYSE:PBH,0.09999720458067941
2022-02-22,12,AR1 alpha + Basic + One-Step,NYSE:PBH,0.09999818927752287
2022-02-23,12,AR1 alpha + Basic + One-Step,NYSE:PBH,0.10000000000000005
2022-02-24,12,AR1 alpha + Basic + One-Step,NYSE:PBH,0.10000000000000003
2022-02-25,12,AR1 alpha + Basic + One-Step,NYSE:PBH,0.09999961286430838
2022-02-28,12,AR1 alpha + Basic + One-Step,NYSE:PBH,0.0999910246452623
2022-03-01,12,AR1 alpha + Basic + One-Step,NYSE:PBH,0.09999455016084946
2022-03-02,12,AR1 alpha + Basic + One-Step,NYSE:PBH,0.09999633883246672
2022-03-03,12,AR1 alpha + Basic + One-Step,NYSE:PBH,0.09999672156585244
2022-03-04,12,AR1 alpha + Basic + One-Step,NYSE:PBH,0.09999529994029584
2022-03-07,12,AR1 alpha + Basic + One-Step,NYSE:PBH,0.09999702284631502
2022-03-08,12,AR1 alpha + Basic + One-Step,NYSE:PBH,0.0999997852733222
2022-03-09,12,AR1 alpha + Basic + One-Step,NYSE:PBH,0.09999833760347394
2022-03-10,12,AR1 alpha + Basic + One-Step,NYSE:PBH,0.0999988763676416
2022-03-11,12,AR1 alpha + Basic + One-Step,NYSE:PBH,0.09999949822298752
2022-03-14,12,AR1 alpha + Basic + One-Step,NYSE:PBH,0.09999902957982021
2022-03-15,12,AR1 alpha + Basic + One-Step,NYSE:PBH,0.09999936358363004
2022-03-16,12,AR1 alpha + Basic + One-Step,NYSE:PBH,0.10000000000000005
2022-03-17,12,AR1 alpha + Basic + One-Step,NYSE:PBH,0.09999280353796937
2022-03-18,12,AR1 alpha + Basic + One-Step,NYSE:PBH,0.09998847773133947
2022-03-21,12,AR1 alpha + Basic + One-Step,NYSE:PBH,0.09999093090408694
2022-03-22,12,AR1 alpha + Basic + One-Step,NYSE:PBH,0.0999899402592207
2022-03-23,12,AR1 alpha + Basic + One-Step,NYSE:PBH,0.09999312112162746
2022-03-24,12,AR1 alpha + Basic + One-Step,NYSE:PBH,0.09999593551626232
2022-03-25,12,AR1 alpha + Basic + One-Step,NYSE:PBH,0.09999630677672255
2022-03-28,12,AR1 alpha + Basic + One-Step,NYSE:PBH,0.09999630392268942
2022-03-29,12,AR1 alpha + Basic + One-Step,NYSE:PBH,0.09999216521044912
2022-03-30,12,AR1 alpha + Basic + One-Step,NYSE:PBH,0.0999919033509233
2022-03-31,12,AR1 alpha + Basic + One-Step,NYSE:PBH,0.09998721154776229
2022-04-01,12,AR1 alpha + Basic + One-Step,NYSE:PBH,0.09998892634545503
2022-04-04,12,AR1 alpha + Basic + One-Step,NYSE:PBH,0.09999566213763118
2022-04-05,12,AR1 alpha + Basic + One-Step,NYSE:PBH,0.09999431434075741
2022-04-06,12,AR1 alpha + Basic + One-Step,NYSE:PBH,0.08713727955315971
2022-04-07,12,AR1 alpha + Basic + One-Step,NYSE:PBH,0.0874203696243163
2022-04-08,12,AR1 alpha + Basic + One-Step,NYSE:PBH,0.07443239113865724
2022-04-11,12,AR1 alpha + Basic + One-Step,NYSE:PBH,0.0213785435427278
2022-04-12,12,AR1 alpha + Basic + One-Step,NYSE:PBH,0.051261368937206724
2022-04-13,12,AR1 alpha + Basic + One-Step,NYSE:PBH,1.3533830979966785e-06
2022-04-14,12,AR1 alpha + Basic + One-Step,NYSE:PBH,0.013885935878146044
2022-04-18,12,AR1 alpha + Basic + One-Step,NYSE:PBH,0.09999934326186342
2022-04-19,12,AR1 alpha + Basic + One-Step,NYSE:PBH,0.03135353072786018
2022-04-20,12,AR1 alpha + Basic + One-Step,NYSE:PBH,2.8142801314366456e-07
2022-04-21,12,AR1 alpha + Basic + One-Step,NYSE:PBH,4.214548184794187e-05
2022-04-22,12,AR1 alpha + Basic + One-Step,NYSE:PBH,0.09999794847032004
2022-04-25,12,AR1 alpha + Basic + One-Step,NYSE:PBH,0.09999615906363386
2022-04-26,12,AR1 alpha + Basic + One-Step,NYSE:PBH,0.099993583043727
2022-04-27,12,AR1 alpha + Basic + One-Step,NYSE:PBH,0.09634480613935001
2022-04-28,12,AR1 alpha + Basic + One-Step,NYSE:PBH,0.06515583907819093
2022-04-29,12,AR1 alpha + Basic + One-Step,NYSE:PBH,0.07761861138844675
2022-05-02,12,AR1 alpha + Basic + One-Step,NYSE:PBH,0.09999520520760256
2022-05-03,12,AR1 alpha + Basic + One-Step,NYSE:PBH,0.0999939636464347
2022-05-04,12,AR1 alpha + Basic + One-Step,NYSE:PBH,0.029857634291949414
2022-05-05,12,AR1 alpha + Basic + One-Step,NYSE:PBH,0.09999765115722262
2022-05-06,12,AR1 alpha + Basic + One-Step,NYSE:PBH,0.031075707475718223
2022-05-09,12,AR1 alpha + Basic + One-Step,NYSE:PBH,0.0
2022-05-10,12,AR1 alpha + Basic + One-Step,NYSE:PBH,0.0
2022-05-11,12,AR1 alpha + Basic + One-Step,NYSE:PBH,0.062466803887914556
2022-05-12,12,AR1 alpha + Basic + One-Step,NYSE:PBH,0.0624666846192851
2022-05-13,12,AR1 alpha + Basic + One-Step,NYSE:PBH,0.08107887418705538
2022-05-16,12,AR1 alpha + Basic + One-Step,NYSE:PBH,0.04920351136357519
2022-05-17,12,AR1 alpha + Basic + One-Step,NYSE:PBH,0.07639332572046534
2022-05-18,12,AR1 alpha + Basic + One-Step,NYSE:PBH,0.10000087770718619
2022-05-19,12,AR1 alpha + Basic + One-Step,NYSE:PBH,0.09999750946612145
2022-05-20,12,AR1 alpha + Basic + One-Step,NYSE:PBH,0.0999954916050755
2022-05-23,12,AR1 alpha + Basic + One-Step,NYSE:PBH,0.09999713091490803
2022-05-24,12,AR1 alpha + Basic + One-Step,NYSE:PBH,0.09999572325768677
2022-05-25,12,AR1 alpha + Basic + One-Step,NYSE:PBH,0.09999739353426082
2022-05-26,12,AR1 alpha + Basic + One-Step,NYSE:PBH,0.09999538120852339
2022-05-27,12,AR1 alpha + Basic + One-Step,NYSE:PBH,0.09999717115574258
2022-05-31,12,AR1 alpha + Basic + One-Step,NYSE:PBH,0.09999649075159467
2022-06-01,12,AR1 alpha + Basic + One-Step,NYSE:PBH,0.09999798317650935
2022-06-02,12,AR1 alpha + Basic + One-Step,NYSE:PBH,0.09999792183977077
2022-06-03,12,AR1 alpha + Basic + One-Step,NYSE:PBH,0.09999883126294662
2022-06-06,12,AR1 alpha + Basic + One-Step,NYSE:PBH,0.09999795370689472
2022-06-07,12,AR1 alpha + Basic + One-Step,NYSE:PBH,0.09999481949756044
2022-06-08,12,AR1 alpha + Basic + One-Step,NYSE:PBH,0.09999563362450109
2022-06-09,12,AR1 alpha + Basic + One-Step,NYSE:PBH,0.09999653266780105
2022-06-10,12,AR1 alpha + Basic + One-Step,NYSE:PBH,0.0999976722505853
2022-06-13,12,AR1 alpha + Basic + One-Step,NYSE:PBH,0.09999871075634124
2022-06-14,12,AR1 alpha + Basic + One-Step,NYSE:PBH,0.09999917336999113
2022-06-15,12,AR1 alpha + Basic + One-Step,NYSE:PBH,0.08903291116746045
2022-06-16,12,AR1 alpha + Basic + One-Step,NYSE:PBH,0.0999991778751029
2022-06-17,12,AR1 alpha + Basic + One-Step,NYSE:PBH,0.09999931665095739
2022-06-21,12,AR1 alpha + Basic + One-Step,NYSE:PBH,0.10000148915576555
2022-06-22,12,AR1 alpha + Basic + One-Step,NYSE:PBH,0.10000090097124416
2022-06-23,12,AR1 alpha + Basic + One-Step,NYSE:PBH,0.08512797113836387
2022-06-24,12,AR1 alpha + Basic + One-Step,NYSE:PBH,0.09999995808531435
2022-06-27,12,AR1 alpha + Basic + One-Step,NYSE:PBH,0.09999837198778798
2022-06-28,12,AR1 alpha + Basic + One-Step,NYSE:PBH,0.09999658182229201
2022-06-29,12,AR1 alpha + Basic + One-Step,NYSE:PBH,0.09999736397656153
2022-06-30,12,AR1 alpha + Basic + One-Step,NYSE:PBH,0.09999542721471875
2022-07-01,12,AR1 alpha + Basic + One-Step,NYSE:PBH,0.0999954576310745
2022-07-05,12,AR1 alpha + Basic + One-Step,NYSE:PBH,0.0999972381266372
2022-07-06,12,AR1 alpha + Basic + One-Step,NYSE:PBH,0.09999586590645504
2022-07-07,12,AR1 alpha + Basic + One-Step,NYSE:PBH,0.09999735825537247
2022-07-08,12,AR1 alpha + Basic + One-Step,NYSE:PBH,0.0999928221459204
2022-07-11,12,AR1 alpha + Basic + One-Step,NYSE:PBH,0.09999289542894055
2022-07-12,12,AR1 alpha + Basic + One-Step,NYSE:PBH,0.09999561404092888
2022-07-13,12,AR1 alpha + Basic + One-Step,NYSE:PBH,0.09999755992595842
2022-07-14,12,AR1 alpha + Basic + One-Step,NYSE:PBH,0.0999946346660472
2022-07-15,12,AR1 alpha + Basic + One-Step,NYSE:PBH,0.09999422514528794
2022-07-18,12,AR1 alpha + Basic + One-Step,NYSE:PBH,0.09999669049469821
2022-07-19,12,AR1 alpha + Basic + One-Step,NYSE:PBH,0.09999782670844705
2022-07-20,12,AR1 alpha + Basic + One-Step,NYSE:PBH,0.09999851330117339
2022-07-21,12,AR1 alpha + Basic + One-Step,NYSE:PBH,0.09999917919985353
2022-07-22,12,AR1 alpha + Basic + One-Step,NYSE:PBH,0.09999906586729099
2022-07-25,12,AR1 alpha + Basic + One-Step,NYSE:PBH,0.09999932954686608
2022-07-26,12,AR1 alpha + Basic + One-Step,NYSE:PBH,0.09999952309606729
2022-07-27,12,AR1 alpha + Basic + One-Step,NYSE:PBH,0.09999889549030977
2022-07-28,12,AR1 alpha + Basic + One-Step,NYSE:PBH,0.09999758590198797
2022-07-29,12,AR1 alpha + Basic + One-Step,NYSE:PBH,0.09999748094267508
2022-08-01,12,AR1 alpha + Basic + One-Step,NYSE:PBH,0.09999790366408307
2022-08-02,12,AR1 alpha + Basic + One-Step,NYSE:PBH,0.09999837390833716
2022-08-03,12,AR1 alpha + Basic + One-Step,NYSE:PBH,0.09999616535424839
2022-08-04,12,AR1 alpha + Basic + One-Step,NYSE:PBH,0.0999961987578663
2022-08-05,12,AR1 alpha + Basic + One-Step,NYSE:PBH,0.09269117267675145
2022-08-08,12,AR1 alpha + Basic + One-Step,NYSE:PBH,0.06703932054719834
2022-08-09,12,AR1 alpha + Basic + One-Step,NYSE:PBH,0.09999892317497823
2022-08-10,12,AR1 alpha + Basic + One-Step,NYSE:PBH,0.08069066492987717
2022-08-11,12,AR1 alpha + Basic + One-Step,NYSE:PBH,0.08068993313609606
2022-08-12,12,AR1 alpha + Basic + One-Step,NYSE:PBH,0.030250526269267587
2022-08-15,12,AR1 alpha + Basic + One-Step,NYSE:PBH,0.0
2022-08-16,12,AR1 alpha + Basic + One-Step,NYSE:PBH,0.0
2022-08-17,12,AR1 alpha + Basic + One-Step,NYSE:PBH,0.0
2022-08-18,12,AR1 alpha + Basic + One-Step,NYSE:PBH,0.0
2022-08-19,12,AR1 alpha + Basic + One-Step,NYSE:PBH,0.0
2022-08-22,12,AR1 alpha + Basic + One-Step,NYSE:PBH,0.0
2022-08-23,12,AR1 alpha + Basic + One-Step,NYSE:PBH,0.03772110987815394
2022-08-24,12,AR1 alpha + Basic + One-Step,NYSE:PBH,0.009000627709550985
2022-08-25,12,AR1 alpha + Basic + One-Step,NYSE:PBH,1.846138335263961e-06
2022-08-26,12,AR1 alpha + Basic + One-Step,NYSE:PBH,0.04661154872500152
2022-08-29,12,AR1 alpha + Basic + One-Step,NYSE:PBH,0.051267466891139514
2022-08-30,12,AR1 alpha + Basic + One-Step,NYSE:PBH,0.03704118461396021
2022-08-31,12,AR1 alpha + Basic + One-Step,NYSE:PBH,0.03869594313843549
2022-09-01,12,AR1 alpha + Basic + One-Step,NYSE:PBH,0.0
2022-09-02,12,AR1 alpha + Basic + One-Step,NYSE:PBH,0.006374853441489935
2022-09-06,12,AR1 alpha + Basic + One-Step,NYSE:PBH,0.0
2022-09-07,12,AR1 alpha + Basic + One-Step,NYSE:PBH,0.0
2022-09-08,12,AR1 alpha + Basic + One-Step,NYSE:PBH,0.0
2022-09-09,12,AR1 alpha + Basic + One-Step,NYSE:PBH,0.0
2022-09-12,12,AR1 alpha + Basic + One-Step,NYSE:PBH,0.0
2022-09-13,12,AR1 alpha + Basic + One-Step,NYSE:PBH,0.04596399938917424
2022-09-14,12,AR1 alpha + Basic + One-Step,NYSE:PBH,0.09999906344729309
2022-09-15,12,AR1 alpha + Basic + One-Step,NYSE:PBH,0.09999929985041472
2022-09-16,12,AR1 alpha + Basic + One-Step,NYSE:PBH,0.0927375192757307
2022-09-19,12,AR1 alpha + Basic + One-Step,NYSE:PBH,0.0
2022-09-20,12,AR1 alpha + Basic + One-Step,NYSE:PBH,0.0864109271456931
2022-09-21,12,AR1 alpha + Basic + One-Step,NYSE:PBH,0.09999881767502923
2022-09-22,12,AR1 alpha + Basic + One-Step,NYSE:PBH,0.04236100108950095
2022-09-23,12,AR1 alpha + Basic + One-Step,NYSE:PBH,0.07807389235632095
2022-09-26,12,AR1 alpha + Basic + One-Step,NYSE:PBH,0.10000000967923406
2022-09-27,12,AR1 alpha + Basic + One-Step,NYSE:PBH,0.0999998590297419
2022-09-28,12,AR1 alpha + Basic + One-Step,NYSE:PBH,0.0022466141013779478
2022-09-29,12,AR1 alpha + Basic + One-Step,NYSE:PBH,0.0
2022-09-30,12,AR1 alpha + Basic + One-Step,NYSE:PBH,0.0
2022-10-03,12,AR1 alpha + Basic + One-Step,NYSE:PBH,0.0
2022-10-04,12,AR1 alpha + Basic + One-Step,NYSE:PBH,0.0
2022-10-05,12,AR1 alpha + Basic + One-Step,NYSE:PBH,0.0
2022-10-06,12,AR1 alpha + Basic + One-Step,NYSE:PBH,0.013734945525117484
2022-10-07,12,AR1 alpha + Basic + One-Step,NYSE:PBH,0.02295489456060062
2022-10-10,12,AR1 alpha + Basic + One-Step,NYSE:PBH,0.0
2022-10-11,12,AR1 alpha + Basic + One-Step,NYSE:PBH,8.332349377199715e-07
2022-10-12,12,AR1 alpha + Basic + One-Step,NYSE:PBH,0.0098349158665172
2022-10-13,12,AR1 alpha + Basic + One-Step,NYSE:PBH,5.242303571090311e-06
2022-10-14,12,AR1 alpha + Basic + One-Step,NYSE:PBH,0.01714816517369586
2022-10-17,12,AR1 alpha + Basic + One-Step,NYSE:PBH,0.0
2022-10-18,12,AR1 alpha + Basic + One-Step,NYSE:PBH,0.0
2022-10-19,12,AR1 alpha + Basic + One-Step,NYSE:PBH,1.4470528690450453e-08
2022-10-20,12,AR1 alpha + Basic + One-Step,NYSE:PBH,0.0
2022-10-21,12,AR1 alpha + Basic + One-Step,NYSE:PBH,9.259931003522971e-08
2022-10-24,12,AR1 alpha + Basic + One-Step,NYSE:PBH,0.0
2022-10-25,12,AR1 alpha + Basic + One-Step,NYSE:PBH,0.0
2022-10-26,12,AR1 alpha + Basic + One-Step,NYSE:PBH,0.0
2022-10-27,12,AR1 alpha + Basic + One-Step,NYSE:PBH,0.0
2022-10-28,12,AR1 alpha + Basic + One-Step,NYSE:PBH,0.0
2022-10-31,12,AR1 alpha + Basic + One-Step,NYSE:PBH,0.0
2022-11-01,12,AR1 alpha + Basic + One-Step,NYSE:PBH,0.0
2022-11-02,12,AR1 alpha + Basic + One-Step,NYSE:PBH,8.904318716796702e-07
2022-11-03,12,AR1 alpha + Basic + One-Step,NYSE:PBH,1.9429074653606026e-06
2022-11-04,12,AR1 alpha + Basic + One-Step,NYSE:PBH,1.859398618173078e-06
2022-11-07,12,AR1 alpha + Basic + One-Step,NYSE:PBH,7.010613547631319e-07
2022-11-08,12,AR1 alpha + Basic + One-Step,NYSE:PBH,0.0
2022-11-09,12,AR1 alpha + Basic + One-Step,NYSE:PBH,0.0
2022-11-10,12,AR1 alpha + Basic + One-Step,NYSE:PBH,0.0
2022-11-11,12,AR1 alpha + Basic + One-Step,NYSE:PBH,1.5010639474868314e-07
2022-11-14,12,AR1 alpha + Basic + One-Step,NYSE:PBH,0.0
2022-11-15,12,AR1 alpha + Basic + One-Step,NYSE:PBH,0.0
2022-11-16,12,AR1 alpha + Basic + One-Step,NYSE:PBH,0.0
2022-11-17,12,AR1 alpha + Basic + One-Step,NYSE:PBH,0.0
2022-11-18,12,AR1 alpha + Basic + One-Step,NYSE:PBH,6.781720932195875e-07
2022-11-21,12,AR1 alpha + Basic + One-Step,NYSE:PBH,9.231661601512987e-07
2022-11-22,12,AR1 alpha + Basic + One-Step,NYSE:PBH,3.1204404540005693e-07
2022-11-23,12,AR1 alpha + Basic + One-Step,NYSE:PBH,0.011566215535074439
2022-11-25,12,AR1 alpha + Basic + One-Step,NYSE:PBH,0.036819179326173984
2022-11-28,12,AR1 alpha + Basic + One-Step,NYSE:PBH,0.06710340384042424
2022-11-29,12,AR1 alpha + Basic + One-Step,NYSE:PBH,0.09359848432505487
2022-11-30,12,AR1 alpha + Basic + One-Step,NYSE:PBH,0.018077437501286864
2022-12-01,12,AR1 alpha + Basic + One-Step,NYSE:PBH,0.0
2022-12-02,12,AR1 alpha + Basic + One-Step,NYSE:PBH,0.0
2022-12-05,12,AR1 alpha + Basic + One-Step,NYSE:PBH,0.06750843654098573
2022-12-06,12,AR1 alpha + Basic + One-Step,NYSE:PBH,0.09999769785407023
2022-12-07,12,AR1 alpha + Basic + One-Step,NYSE:PBH,0.09999702056760257
2022-12-08,12,AR1 alpha + Basic + One-Step,NYSE:PBH,0.098424199393154
2022-12-09,12,AR1 alpha + Basic + One-Step,NYSE:PBH,0.09999607792426209
2022-12-12,12,AR1 alpha + Basic + One-Step,NYSE:PBH,0.09999821238611056
2022-12-13,12,AR1 alpha + Basic + One-Step,NYSE:PBH,0.09999786318081073
2022-12-14,12,AR1 alpha + Basic + One-Step,NYSE:PBH,0.09999926116993045
2022-12-15,12,AR1 alpha + Basic + One-Step,NYSE:PBH,0.09999496696572216
2022-12-16,12,AR1 alpha + Basic + One-Step,NYSE:PBH,0.09999521483767372
2022-12-19,12,AR1 alpha + Basic + One-Step,NYSE:PBH,0.0999956777701932
2022-12-20,12,AR1 alpha + Basic + One-Step,NYSE:PBH,0.0999974279263465
2022-12-21,12,AR1 alpha + Basic + One-Step,NYSE:PBH,0.01973515613320834
2022-12-22,12,AR1 alpha + Basic + One-Step,NYSE:PBH,0.09999958376184838
2022-12-23,12,AR1 alpha + Basic + One-Step,NYSE:PBH,0.09377049180385236
2022-12-27,12,AR1 alpha + Basic + One-Step,NYSE:PBH,1.0058208850968366e-06
2022-12-28,12,AR1 alpha + Basic + One-Step,NYSE:PBH,0.09999494350825962
2022-12-29,12,AR1 alpha + Basic + One-Step,NYSE:PBH,0.06974431246755035
2022-12-30,12,AR1 alpha + Basic + One-Step,NYSE:PBH,0.09999525265121607
2023-01-03,12,AR1 alpha + Basic + One-Step,NYSE:PBH,0.08229664403912501
2023-01-04,12,AR1 alpha + Basic + One-Step,NYSE:PBH,0.0
2023-01-05,12,AR1 alpha + Basic + One-Step,NYSE:PBH,0.007398464754439947
2023-01-06,12,AR1 alpha + Basic + One-Step,NYSE:PBH,0.0
2023-01-09,12,AR1 alpha + Basic + One-Step,NYSE:PBH,0.06833651601558169
2023-01-10,12,AR1 alpha + Basic + One-Step,NYSE:PBH,0.07089398164991693
2023-01-11,12,AR1 alpha + Basic + One-Step,NYSE:PBH,0.10000004632474019
2023-01-12,12,AR1 alpha + Basic + One-Step,NYSE:PBH,0.09999848008562887
2023-01-13,12,AR1 alpha + Basic + One-Step,NYSE:PBH,0.01904908969652374
2023-01-17,12,AR1 alpha + Basic + One-Step,NYSE:PBH,0.09999499770512084
2023-01-18,12,AR1 alpha + Basic + One-Step,NYSE:PBH,0.09999063432673011
2023-01-19,12,AR1 alpha + Basic + One-Step,NYSE:PBH,0.09999042740288087
2023-01-20,12,AR1 alpha + Basic + One-Step,NYSE:PBH,0.09999546950096563
2023-01-23,12,AR1 alpha + Basic + One-Step,NYSE:PBH,0.09999696421232337
2023-01-24,12,AR1 alpha + Basic + One-Step,NYSE:PBH,0.0999901495722336
2023-01-25,12,AR1 alpha + Basic + One-Step,NYSE:PBH,0.09999486476518578
2023-01-26,12,AR1 alpha + Basic + One-Step,NYSE:PBH,0.09999644848919788
2023-01-27,12,AR1 alpha + Basic + One-Step,NYSE:PBH,0.09999799774704461
2023-01-30,12,AR1 alpha + Basic + One-Step,NYSE:PBH,0.09999872181554399
2023-01-31,12,AR1 alpha + Basic + One-Step,NYSE:PBH,0.09999882566609543
2023-02-01,12,AR1 alpha + Basic + One-Step,NYSE:PBH,0.09999876448452834
2023-02-02,12,AR1 alpha + Basic + One-Step,NYSE:PBH,0.10000051232050233
2023-02-03,12,AR1 alpha + Basic + One-Step,NYSE:PBH,0.09999998853742138
2023-02-06,12,AR1 alpha + Basic + One-Step,NYSE:PBH,0.09999769711139858
2023-02-07,12,AR1 alpha + Basic + One-Step,NYSE:PBH,0.09999866886411536
2023-02-08,12,AR1 alpha + Basic + One-Step,NYSE:PBH,0.09999898768734383
2023-02-09,12,AR1 alpha + Basic + One-Step,NYSE:PBH,0.0999906039708263
2023-02-10,12,AR1 alpha + Basic + One-Step,NYSE:PBH,0.09999624645352478
2023-02-13,12,AR1 alpha + Basic + One-Step,NYSE:PBH,0.09999805355597628
2023-02-14,12,AR1 alpha + Basic + One-Step,NYSE:PBH,0.0999992155758987
2023-02-15,12,AR1 alpha + Basic + One-Step,NYSE:PBH,0.09999609663232527
2023-02-16,12,AR1 alpha + Basic + One-Step,NYSE:PBH,0.09999844620356535
2023-02-17,12,AR1 alpha + Basic + One-Step,NYSE:PBH,0.08787746434299981
2023-02-21,12,AR1 alpha + Basic + One-Step,NYSE:PBH,0.041986213219066745
2023-02-22,12,AR1 alpha + Basic + One-Step,NYSE:PBH,0.07746205142279983
2023-02-23,12,AR1 alpha + Basic + One-Step,NYSE:PBH,0.06807563628912773
2023-02-24,12,AR1 alpha + Basic + One-Step,NYSE:PBH,0.09999069922529012
2023-02-27,12,AR1 alpha + Basic + One-Step,NYSE:PBH,0.09999410720293089
2023-02-28,12,AR1 alpha + Basic + One-Step,NYSE:PBH,0.09999635795830214
2023-03-01,12,AR1 alpha + Basic + One-Step,NYSE:PBH,0.09999814120370247
2023-03-02,12,AR1 alpha + Basic + One-Step,NYSE:PBH,0.07925683372252627
2023-03-03,12,AR1 alpha + Basic + One-Step,NYSE:PBH,0.09998739594535015
2023-03-06,12,AR1 alpha + Basic + One-Step,NYSE:PBH,0.09998940104487476
2023-03-07,12,AR1 alpha + Basic + One-Step,NYSE:PBH,0.09999469228941098
2023-03-08,12,AR1 alpha + Basic + One-Step,NYSE:PBH,0.09999740907322544
2023-03-09,12,AR1 alpha + Basic + One-Step,NYSE:PBH,0.09999335913914757
2023-03-10,12,AR1 alpha + Basic + One-Step,NYSE:PBH,0.09999556716168931
2023-03-13,12,AR1 alpha + Basic + One-Step,NYSE:PBH,0.09999726386902008
2023-03-14,12,AR1 alpha + Basic + One-Step,NYSE:PBH,0.02625460758576101
2023-03-15,12,AR1 alpha + Basic + One-Step,NYSE:PBH,0.08152941519612095
2023-03-16,12,AR1 alpha + Basic + One-Step,NYSE:PBH,4.17710243203938e-07
2023-03-17,12,AR1 alpha + Basic + One-Step,NYSE:PBH,0.09999917704896251
2023-03-20,12,AR1 alpha + Basic + One-Step,NYSE:PBH,0.1000008178120388
2023-03-21,12,AR1 alpha + Basic + One-Step,NYSE:PBH,0.10000035156683514
2023-03-22,12,AR1 alpha + Basic + One-Step,NYSE:PBH,0.09999989379186405
2023-03-23,12,AR1 alpha + Basic + One-Step,NYSE:PBH,0.10000005753620655
2023-03-24,12,AR1 alpha + Basic + One-Step,NYSE:PBH,0.10000002855581792
2023-03-27,12,AR1 alpha + Basic + One-Step,NYSE:PBH,0.09999481131460657
2023-03-28,12,AR1 alpha + Basic + One-Step,NYSE:PBH,0.0999967216995691
2023-03-29,12,AR1 alpha + Basic + One-Step,NYSE:PBH,0.09999787831331444
2023-03-30,12,AR1 alpha + Basic + One-Step,NYSE:PBH,0.09999740807346719
2023-03-31,12,AR1 alpha + Basic + One-Step,NYSE:PBH,0.09999885501144647
2023-04-03,12,AR1 alpha + Basic + One-Step,NYSE:PBH,0.09999178061163255
2023-04-04,12,AR1 alpha + Basic + One-Step,NYSE:PBH,0.09999127316773639
2023-04-05,12,AR1 alpha + Basic + One-Step,NYSE:PBH,0.09999460550704949
2023-04-06,12,AR1 alpha + Basic + One-Step,NYSE:PBH,0.09999698788037001
2023-04-10,12,AR1 alpha + Basic + One-Step,NYSE:PBH,0.09998642739677104
2023-04-11,12,AR1 alpha + Basic + One-Step,NYSE:PBH,0.09999172056911687
2023-04-12,12,AR1 alpha + Basic + One-Step,NYSE:PBH,0.09999283404299034
2023-04-13,12,AR1 alpha + Basic + One-Step,NYSE:PBH,0.09999570838764515
2023-04-14,12,AR1 alpha + Basic + One-Step,NYSE:PBH,0.0999974286095208
2023-04-17,12,AR1 alpha + Basic + One-Step,NYSE:PBH,0.09999837330980188
2023-04-18,12,AR1 alpha + Basic + One-Step,NYSE:PBH,0.09999601475695745
2023-04-19,12,AR1 alpha + Basic + One-Step,NYSE:PBH,0.09999766733383032
2023-04-20,12,AR1 alpha + Basic + One-Step,NYSE:PBH,0.09999861391229994
2023-04-21,12,AR1 alpha + Basic + One-Step,NYSE:PBH,0.09999932723385271
2023-04-24,12,AR1 alpha + Basic + One-Step,NYSE:PBH,0.0999903550358289
2023-04-25,12,AR1 alpha + Basic + One-Step,NYSE:PBH,0.09998869810216489
2023-04-26,12,AR1 alpha + Basic + One-Step,NYSE:PBH,0.0999938328380245
2023-04-27,12,AR1 alpha + Basic + One-Step,NYSE:PBH,0.09999729849524326
2023-04-28,12,AR1 alpha + Basic + One-Step,NYSE:PBH,0.0999984881466043
2023-05-01,12,AR1 alpha + Basic + One-Step,NYSE:PBH,0.09999916479100861
2023-05-02,12,AR1 alpha + Basic + One-Step,NYSE:PBH,0.0999996065715172
2023-05-03,12,AR1 alpha + Basic + One-Step,NYSE:PBH,0.0999980044258739
2023-05-04,12,AR1 alpha + Basic + One-Step,NYSE:PBH,0.09999575708420932
2023-05-05,12,AR1 alpha + Basic + One-Step,NYSE:PBH,0.09999763448787148
2023-05-08,12,AR1 alpha + Basic + One-Step,NYSE:PBH,0.09999870927904916
2023-05-09,12,AR1 alpha + Basic + One-Step,NYSE:PBH,0.0999992117618242
2023-05-10,12,AR1 alpha + Basic + One-Step,NYSE:PBH,0.09999910086936989
2023-05-11,12,AR1 alpha + Basic + One-Step,NYSE:PBH,0.09999987564066949
2023-05-12,12,AR1 alpha + Basic + One-Step,NYSE:PBH,0.10000063335688487
2023-05-15,12,AR1 alpha + Basic + One-Step,NYSE:PBH,0.10000041736182151
2023-05-16,12,AR1 alpha + Basic + One-Step,NYSE:PBH,0.09999554943032928
2023-05-17,12,AR1 alpha + Basic + One-Step,NYSE:PBH,0.09999708408943285
2023-05-18,12,AR1 alpha + Basic + One-Step,NYSE:PBH,0.08593000666457236
2023-05-19,12,AR1 alpha + Basic + One-Step,NYSE:PBH,0.06110403489008907
2023-05-22,12,AR1 alpha + Basic + One-Step,NYSE:PBH,0.08455149583532934
2023-05-23,12,AR1 alpha + Basic + One-Step,NYSE:PBH,0.08990083866152032
2023-05-24,12,AR1 alpha + Basic + One-Step,NYSE:PBH,0.09999974058022582
2023-05-25,12,AR1 alpha + Basic + One-Step,NYSE:PBH,0.09999980346008308
2023-05-26,12,AR1 alpha + Basic + One-Step,NYSE:PBH,0.09999284851037285
2023-05-30,12,AR1 alpha + Basic + One-Step,NYSE:PBH,0.09999043980993609
2023-05-31,12,AR1 alpha + Basic + One-Step,NYSE:PBH,0.099993568191164
2023-06-01,12,AR1 alpha + Basic + One-Step,NYSE:PBH,0.09999569124655702
2023-06-02,12,AR1 alpha + Basic + One-Step,NYSE:PBH,0.08004384522890981
2023-06-05,12,AR1 alpha + Basic + One-Step,NYSE:PBH,0.09998468255813235
2023-06-06,12,AR1 alpha + Basic + One-Step,NYSE:PBH,0.0999924899241778
2023-06-07,12,AR1 alpha + Basic + One-Step,NYSE:PBH,0.06596767229000558
2023-06-08,12,AR1 alpha + Basic + One-Step,NYSE:PBH,0.014683764222397238
2023-06-09,12,AR1 alpha + Basic + One-Step,NYSE:PBH,0.0999992586882371
2023-06-12,12,AR1 alpha + Basic + One-Step,NYSE:PBH,0.09999667949556144
2023-06-13,12,AR1 alpha + Basic + One-Step,NYSE:PBH,0.03239720465342425
2023-06-14,12,AR1 alpha + Basic + One-Step,NYSE:PBH,0.06637048426232423
2023-06-15,12,AR1 alpha + Basic + One-Step,NYSE:PBH,0.03644854179964064
2023-06-16,12,AR1 alpha + Basic + One-Step,NYSE:PBH,1.0052049956314939e-07
2023-06-20,12,AR1 alpha + Basic + One-Step,NYSE:PBH,0.09999411196609943
2023-06-21,12,AR1 alpha + Basic + One-Step,NYSE:PBH,0.06074524074301306
2023-06-22,12,AR1 alpha + Basic + One-Step,NYSE:PBH,0.0
2023-06-23,12,AR1 alpha + Basic + One-Step,NYSE:PBH,0.0
2023-06-26,12,AR1 alpha + Basic + One-Step,NYSE:PBH,7.817189992313363e-07
2023-06-27,12,AR1 alpha + Basic + One-Step,NYSE:PBH,0.0
2023-06-28,12,AR1 alpha + Basic + One-Step,NYSE:PBH,0.0
2023-06-29,12,AR1 alpha + Basic + One-Step,NYSE:PBH,0.0
2023-06-30,12,AR1 alpha + Basic + One-Step,NYSE:PBH,0.0
2023-07-03,12,AR1 alpha + Basic + One-Step,NYSE:PBH,0.0
2023-07-05,12,AR1 alpha + Basic + One-Step,NYSE:PBH,2.372750239209606e-06
2023-07-06,12,AR1 alpha + Basic + One-Step,NYSE:PBH,1.1330096101540155e-06
2023-07-07,12,AR1 alpha + Basic + One-Step,NYSE:PBH,0.09999540084300192
2023-07-10,12,AR1 alpha + Basic + One-Step,NYSE:PBH,6.296455002089629e-06
2023-07-11,12,AR1 alpha + Basic + One-Step,NYSE:PBH,0.0
2023-07-12,12,AR1 alpha + Basic + One-Step,NYSE:PBH,0.0
2023-07-13,12,AR1 alpha + Basic + One-Step,NYSE:PBH,0.0
2023-07-14,12,AR1 alpha + Basic + One-Step,NYSE:PBH,2.481300107482464e-07
2023-07-17,12,AR1 alpha + Basic + One-Step,NYSE:PBH,1.1751641189249437e-06
2023-07-18,12,AR1 alpha + Basic + One-Step,NYSE:PBH,1.784357634311801e-06
2023-07-19,12,AR1 alpha + Basic + One-Step,NYSE:PBH,2.1175869082844836e-22
2023-07-20,12,AR1 alpha + Basic + One-Step,NYSE:PBH,5.597808069587483e-23
2023-07-21,12,AR1 alpha + Basic + One-Step,NYSE:PBH,0.0
2023-07-24,12,AR1 alpha + Basic + One-Step,NYSE:PBH,0.0
2023-07-25,12,AR1 alpha + Basic + One-Step,NYSE:PBH,0.0
2023-07-26,12,AR1 alpha + Basic + One-Step,NYSE:PBH,0.0
2023-07-27,12,AR1 alpha + Basic + One-Step,NYSE:PBH,0.0
2023-07-28,12,AR1 alpha + Basic + One-Step,NYSE:PBH,0.0
2023-07-31,12,AR1 alpha + Basic + One-Step,NYSE:PBH,0.0
2023-08-01,12,AR1 alpha + Basic + One-Step,NYSE:PBH,0.0
2023-08-02,12,AR1 alpha + Basic + One-Step,NYSE:PBH,0.0
2023-08-03,12,AR1 alpha + Basic + One-Step,NYSE:PBH,0.0
2023-08-04,12,AR1 alpha + Basic + One-Step,NYSE:PBH,0.0
2023-08-07,12,AR1 alpha + Basic + One-Step,NYSE:PBH,0.0
2023-08-08,12,AR1 alpha + Basic + One-Step,NYSE:PBH,0.09999720675373114
2023-08-09,12,AR1 alpha + Basic + One-Step,NYSE:PBH,0.09999425712983932
2023-08-10,12,AR1 alpha + Basic + One-Step,NYSE:PBH,0.09999382548777218
2023-08-11,12,AR1 alpha + Basic + One-Step,NYSE:PBH,0.09999642816787613
2023-08-14,12,AR1 alpha + Basic + One-Step,NYSE:PBH,0.0999962685995676
2023-08-15,12,AR1 alpha + Basic + One-Step,NYSE:PBH,0.09999674883926551
2023-08-16,12,AR1 alpha + Basic + One-Step,NYSE:PBH,0.09999342895882113
2023-08-17,12,AR1 alpha + Basic + One-Step,NYSE:PBH,0.0999893274172582
2023-08-18,12,AR1 alpha + Basic + One-Step,NYSE:PBH,0.09998316829625317
2023-08-21,12,AR1 alpha + Basic + One-Step,NYSE:PBH,0.09998986353628923
2023-08-22,12,AR1 alpha + Basic + One-Step,NYSE:PBH,0.09999226920581691
2023-08-23,12,AR1 alpha + Basic + One-Step,NYSE:PBH,0.09999599848042867
2023-08-24,12,AR1 alpha + Basic + One-Step,NYSE:PBH,0.09999705153680659
2023-08-25,12,AR1 alpha + Basic + One-Step,NYSE:PBH,0.09999843657058798
2023-08-28,12,AR1 alpha + Basic + One-Step,NYSE:PBH,0.09999761548159918
2023-08-29,12,AR1 alpha + Basic + One-Step,NYSE:PBH,0.09999802388997833
2023-08-30,12,AR1 alpha + Basic + One-Step,NYSE:PBH,0.09999481345258093
2023-08-31,12,AR1 alpha + Basic + One-Step,NYSE:PBH,0.09999734814778248
2023-09-01,12,AR1 alpha + Basic + One-Step,NYSE:PBH,0.09999819042420696
2023-09-05,12,AR1 alpha + Basic + One-Step,NYSE:PBH,0.09998983848039278
2023-09-06,12,AR1 alpha + Basic + One-Step,NYSE:PBH,0.09999399405564173
2023-09-07,12,AR1 alpha + Basic + One-Step,NYSE:PBH,0.09999856653003256
2023-09-08,12,AR1 alpha + Basic + One-Step,NYSE:PBH,0.10000100632847289
2023-09-11,12,AR1 alpha + Basic + One-Step,NYSE:PBH,0.10000055894163741
2023-09-12,12,AR1 alpha + Basic + One-Step,NYSE:PBH,0.10000550294527472
2023-09-13,12,AR1 alpha + Basic + One-Step,NYSE:PBH,0.0
2023-09-14,12,AR1 alpha + Basic + One-Step,NYSE:PBH,0.016876045669873416
2023-09-15,12,AR1 alpha + Basic + One-Step,NYSE:PBH,0.09998854728552707
2023-09-18,12,AR1 alpha + Basic + One-Step,NYSE:PBH,0.0999923462682383
2023-09-19,12,AR1 alpha + Basic + One-Step,NYSE:PBH,0.09999496607164716
2023-09-20,12,AR1 alpha + Basic + One-Step,NYSE:PBH,0.09999460951925361
2023-09-21,12,AR1 alpha + Basic + One-Step,NYSE:PBH,0.0999876507748245
2023-09-22,12,AR1 alpha + Basic + One-Step,NYSE:PBH,0.0854025641069924
2023-09-25,12,AR1 alpha + Basic + One-Step,NYSE:PBH,0.02449462644185051
2023-09-26,12,AR1 alpha + Basic + One-Step,NYSE:PBH,0.0
2023-09-27,12,AR1 alpha + Basic + One-Step,NYSE:PBH,0.0
2023-09-28,12,AR1 alpha + Basic + One-Step,NYSE:PBH,0.012555229515207723
2023-09-29,12,AR1 alpha + Basic + One-Step,NYSE:PBH,0.10000000358666243
2023-10-02,12,AR1 alpha + Basic + One-Step,NYSE:PBH,0.09999945808996633
2023-10-03,12,AR1 alpha + Basic + One-Step,NYSE:PBH,0.09999905300951957
2023-10-04,12,AR1 alpha + Basic + One-Step,NYSE:PBH,0.09999485922412404
2023-10-05,12,AR1 alpha + Basic + One-Step,NYSE:PBH,0.09999596593685273
2023-10-06,12,AR1 alpha + Basic + One-Step,NYSE:PBH,0.0
2023-10-09,12,AR1 alpha + Basic + One-Step,NYSE:PBH,0.03867475679592521
2023-10-10,12,AR1 alpha + Basic + One-Step,NYSE:PBH,0.0
2023-10-11,12,AR1 alpha + Basic + One-Step,NYSE:PBH,1.953598261109233e-08
2023-10-12,12,AR1 alpha + Basic + One-Step,NYSE:PBH,0.0
2023-10-13,12,AR1 alpha + Basic + One-Step,NYSE:PBH,0.0
2023-10-16,12,AR1 alpha + Basic + One-Step,NYSE:PBH,1.605199352565563e-08
2023-10-17,12,AR1 alpha + Basic + One-Step,NYSE:PBH,1.053324814704153e-06
2023-10-18,12,AR1 alpha + Basic + One-Step,NYSE:PBH,0.0
2023-10-19,12,AR1 alpha + Basic + One-Step,NYSE:PBH,0.09324765043093912
2023-10-20,12,AR1 alpha + Basic + One-Step,NYSE:PBH,0.029689494361319537
2023-10-23,12,AR1 alpha + Basic + One-Step,NYSE:PBH,0.09999951514224079
2023-10-24,12,AR1 alpha + Basic + One-Step,NYSE:PBH,0.0
2023-10-25,12,AR1 alpha + Basic + One-Step,NYSE:PBH,0.0
2023-10-26,12,AR1 alpha + Basic + One-Step,NYSE:PBH,0.02289859871499783
2023-10-27,12,AR1 alpha + Basic + One-Step,NYSE:PBH,0.09999575684634955
2023-10-30,12,AR1 alpha + Basic + One-Step,NYSE:PBH,0.09999716617226014
2023-10-31,12,AR1 alpha + Basic + One-Step,NYSE:PBH,0.09555208139184944
2023-11-01,12,AR1 alpha + Basic + One-Step,NYSE:PBH,0.0999990634729814
2023-11-02,12,AR1 alpha + Basic + One-Step,NYSE:PBH,0.09999674148351116
2023-11-03,12,AR1 alpha + Basic + One-Step,NYSE:PBH,0.0
2023-11-06,12,AR1 alpha + Basic + One-Step,NYSE:PBH,0.0
2023-11-07,12,AR1 alpha + Basic + One-Step,NYSE:PBH,1.8700650507653984e-08
2023-11-08,12,AR1 alpha + Basic + One-Step,NYSE:PBH,0.10000004614132228
2023-11-09,12,AR1 alpha + Basic + One-Step,NYSE:PBH,0.09999409990512231
2023-11-10,12,AR1 alpha + Basic + One-Step,NYSE:PBH,0.09999316932457586
2023-11-13,12,AR1 alpha + Basic + One-Step,NYSE:PBH,0.04876004315505636
2023-11-14,12,AR1 alpha + Basic + One-Step,NYSE:PBH,0.0
2023-11-15,12,AR1 alpha + Basic + One-Step,NYSE:PBH,0.0
2023-11-16,12,AR1 alpha + Basic + One-Step,NYSE:PBH,0.0
2023-11-17,12,AR1 alpha + Basic + One-Step,NYSE:PBH,1.25178649624585e-07
2023-11-20,12,AR1 alpha + Basic + One-Step,NYSE:PBH,0.0
2023-11-21,12,AR1 alpha + Basic + One-Step,NYSE:PBH,8.514230000237912e-09
2023-11-22,12,AR1 alpha + Basic + One-Step,NYSE:PBH,0.0
2023-11-24,12,AR1 alpha + Basic + One-Step,NYSE:PBH,7.553225400381449e-10
2023-11-27,12,AR1 alpha + Basic + One-Step,NYSE:PBH,0.0
2023-11-28,12,AR1 alpha + Basic + One-Step,NYSE:PBH,0.052285764812696284
2023-11-29,12,AR1 alpha + Basic + One-Step,NYSE:PBH,0.05469813665694536
2023-11-30,12,AR1 alpha + Basic + One-Step,NYSE:PBH,6.313289965857398e-10
2023-12-01,12,AR1 alpha + Basic + One-Step,NYSE:PBH,5.111104109362031e-07
2023-12-04,12,AR1 alpha + Basic + One-Step,NYSE:PBH,0.0
2023-12-05,12,AR1 alpha + Basic + One-Step,NYSE:PBH,0.0
2023-12-06,12,AR1 alpha + Basic + One-Step,NYSE:PBH,0.0
2023-12-07,12,AR1 alpha + Basic + One-Step,NYSE:PBH,0.0
2023-12-08,12,AR1 alpha + Basic + One-Step,NYSE:PBH,0.0
2023-12-11,12,AR1 alpha + Basic + One-Step,NYSE:PBH,0.0
2023-12-12,12,AR1 alpha + Basic + One-Step,NYSE:PBH,0.0
2023-12-13,12,AR1 alpha + Basic + One-Step,NYSE:PBH,0.0
2023-12-14,12,AR1 alpha + Basic + One-Step,NYSE:PBH,0.0
2023-12-15,12,AR1 alpha + Basic + One-Step,NYSE:PBH,0.0
2023-12-18,12,AR1 alpha + Basic + One-Step,NYSE:PBH,0.0
2023-12-19,12,AR1 alpha + Basic + One-Step,NYSE:PBH,0.0
2023-12-20,12,AR1 alpha + Basic + One-Step,NYSE:PBH,0.0
2023-12-21,12,AR1 alpha + Basic + One-Step,NYSE:PBH,0.0
2023-12-22,12,AR1 alpha + Basic + One-Step,NYSE:PBH,5.369573959668e-07
2023-12-26,12,AR1 alpha + Basic + One-Step,NYSE:PBH,0.0
2023-12-27,12,AR1 alpha + Basic + One-Step,NYSE:PBH,1.648030135833334e-08
2023-12-28,12,AR1 alpha + Basic + One-Step,NYSE:PBH,0.0
2023-12-29,12,AR1 alpha + Basic + One-Step,NYSE:PBH,0.0
2024-01-02,12,AR1 alpha + Basic + One-Step,NYSE:PBH,0.0
2024-01-03,12,AR1 alpha + Basic + One-Step,NYSE:PBH,0.0
2024-01-04,12,AR1 alpha + Basic + One-Step,NYSE:PBH,0.0
2024-01-05,12,AR1 alpha + Basic + One-Step,NYSE:PBH,0.0
2024-01-08,12,AR1 alpha + Basic + One-Step,NYSE:PBH,0.0
2024-01-09,12,AR1 alpha + Basic + One-Step,NYSE:PBH,0.0
2024-01-10,12,AR1 alpha + Basic + One-Step,NYSE:PBH,0.0
2024-01-11,12,AR1 alpha + Basic + One-Step,NYSE:PBH,2.6075342518150655e-07
2024-01-12,12,AR1 alpha + Basic + One-Step,NYSE:PBH,4.327044831348464e-23
2024-01-16,12,AR1 alpha + Basic + One-Step,NYSE:PBH,0.0
2024-01-17,12,AR1 alpha + Basic + One-Step,NYSE:PBH,0.0
2024-01-18,12,AR1 alpha + Basic + One-Step,NYSE:PBH,6.606497196112068e-07
2024-01-19,12,AR1 alpha + Basic + One-Step,NYSE:PBH,0.0
2024-01-22,12,AR1 alpha + Basic + One-Step,NYSE:PBH,0.0
2024-01-23,12,AR1 alpha + Basic + One-Step,NYSE:PBH,0.0
2024-01-24,12,AR1 alpha + Basic + One-Step,NYSE:PBH,2.3933762308377514e-07
2024-01-25,12,AR1 alpha + Basic + One-Step,NYSE:PBH,9.616184316359224e-08
2024-01-26,12,AR1 alpha + Basic + One-Step,NYSE:PBH,0.0
2024-01-29,12,AR1 alpha + Basic + One-Step,NYSE:PBH,0.0
2024-01-30,12,AR1 alpha + Basic + One-Step,NYSE:PBH,0.0
2024-01-31,12,AR1 alpha + Basic + One-Step,NYSE:PBH,0.0
2024-02-01,12,AR1 alpha + Basic + One-Step,NYSE:PBH,0.0
2024-02-02,12,AR1 alpha + Basic + One-Step,NYSE:PBH,0.0
2024-02-05,12,AR1 alpha + Basic + One-Step,NYSE:PBH,0.0
2024-02-06,12,AR1 alpha + Basic + One-Step,NYSE:PBH,0.0
2024-02-07,12,AR1 alpha + Basic + One-Step,NYSE:PBH,3.774207824451336e-08
2024-02-08,12,AR1 alpha + Basic + One-Step,NYSE:PBH,2.834841179554944e-08
2024-02-09,12,AR1 alpha + Basic + One-Step,NYSE:PBH,0.0
2024-02-12,12,AR1 alpha + Basic + One-Step,NYSE:PBH,0.0
2024-02-13,12,AR1 alpha + Basic + One-Step,NYSE:PBH,0.0
2024-02-14,12,AR1 alpha + Basic + One-Step,NYSE:PBH,0.0
2024-02-15,12,AR1 alpha + Basic + One-Step,NYSE:PBH,3.115829781334187e-08
2024-02-16,12,AR1 alpha + Basic + One-Step,NYSE:PBH,0.0
2024-02-20,12,AR1 alpha + Basic + One-Step,NYSE:PBH,0.0
2024-02-21,12,AR1 alpha + Basic + One-Step,NYSE:PBH,0.0
2024-02-22,12,AR1 alpha + Basic + One-Step,NYSE:PBH,0.0
2024-02-23,12,AR1 alpha + Basic + One-Step,NYSE:PBH,0.0
2024-02-26,12,AR1 alpha + Basic + One-Step,NYSE:PBH,0.0
2024-02-27,12,AR1 alpha + Basic + One-Step,NYSE:PBH,0.0
2024-02-28,12,AR1 alpha + Basic + One-Step,NYSE:PBH,0.0
2024-02-29,12,AR1 alpha + Basic + One-Step,NYSE:PBH,0.0
2024-03-01,12,AR1 alpha + Basic + One-Step,NYSE:PBH,0.0
2024-03-04,12,AR1 alpha + Basic + One-Step,NYSE:PBH,0.0
2024-03-05,12,AR1 alpha + Basic + One-Step,NYSE:PBH,0.0
2024-03-06,12,AR1 alpha + Basic + One-Step,NYSE:PBH,0.0
2024-03-07,12,AR1 alpha + Basic + One-Step,NYSE:PBH,0.0
2024-03-08,12,AR1 alpha + Basic + One-Step,NYSE:PBH,0.0
2024-03-11,12,AR1 alpha + Basic + One-Step,NYSE:PBH,0.0
2024-03-12,12,AR1 alpha + Basic + One-Step,NYSE:PBH,0.0
2024-03-13,12,AR1 alpha + Basic + One-Step,NYSE:PBH,0.0
2024-03-14,12,AR1 alpha + Basic + One-Step,NYSE:PBH,2.250342929002415e-07
2024-03-15,12,AR1 alpha + Basic + One-Step,NYSE:PBH,2.237918941958126e-07
2024-03-18,12,AR1 alpha + Basic + One-Step,NYSE:PBH,1.1903786388512483e-07
2024-03-19,12,AR1 alpha + Basic + One-Step,NYSE:PBH,0.0
2024-03-20,12,AR1 alpha + Basic + One-Step,NYSE:PBH,0.0
2024-03-21,12,AR1 alpha + Basic + One-Step,NYSE:PBH,5.735308883250887e-08
2024-03-22,12,AR1 alpha + Basic + One-Step,NYSE:PBH,9.46930827664044e-09
2024-03-25,12,AR1 alpha + Basic + One-Step,NYSE:PBH,0.0
2024-03-26,12,AR1 alpha + Basic + One-Step,NYSE:PBH,0.0
2024-03-27,12,AR1 alpha + Basic + One-Step,NYSE:PBH,0.0
2024-03-28,12,AR1 alpha + Basic + One-Step,NYSE:PBH,0.0
2024-04-01,12,AR1 alpha + Basic + One-Step,NYSE:PBH,1.5831612344048721e-06
2024-04-02,12,AR1 alpha + Basic + One-Step,NYSE:PBH,0.001862333998119585
2024-04-03,12,AR1 alpha + Basic + One-Step,NYSE:PBH,0.0
2024-04-04,12,AR1 alpha + Basic + One-Step,NYSE:PBH,0.0
2024-04-05,12,AR1 alpha + Basic + One-Step,NYSE:PBH,0.0
2024-04-08,12,AR1 alpha + Basic + One-Step,NYSE:PBH,0.0
2024-04-09,12,AR1 alpha + Basic + One-Step,NYSE:PBH,0.0
2024-04-10,12,AR1 alpha + Basic + One-Step,NYSE:PBH,8.580416405894935e-07
2024-04-11,12,AR1 alpha + Basic + One-Step,NYSE:PBH,0.0
2024-04-12,12,AR1 alpha + Basic + One-Step,NYSE:PBH,0.0
2024-04-15,12,AR1 alpha + Basic + One-Step,NYSE:PBH,0.0
2024-04-16,12,AR1 alpha + Basic + One-Step,NYSE:PBH,0.0
2024-04-17,12,AR1 alpha + Basic + One-Step,NYSE:PBH,3.503549971515778e-09
2024-04-18,12,AR1 alpha + Basic + One-Step,NYSE:PBH,0.0
2024-04-19,12,AR1 alpha + Basic + One-Step,NYSE:PBH,0.0
2020-03-25,12,AR1 alpha + Basic + One-Step,NYSE:ENVA,0.02
2020-03-26,12,AR1 alpha + Basic + One-Step,NYSE:ENVA,0.019999999999999997
2020-03-27,12,AR1 alpha + Basic + One-Step,NYSE:ENVA,0.09999999999999999
2020-03-30,12,AR1 alpha + Basic + One-Step,NYSE:ENVA,0.09999013479979758
2020-03-31,12,AR1 alpha + Basic + One-Step,NYSE:ENVA,0.10000129283487066
2020-04-01,12,AR1 alpha + Basic + One-Step,NYSE:ENVA,0.0
2020-04-02,12,AR1 alpha + Basic + One-Step,NYSE:ENVA,2.443657111564199e-08
2020-04-03,12,AR1 alpha + Basic + One-Step,NYSE:ENVA,4.687342365816563e-08
2020-04-06,12,AR1 alpha + Basic + One-Step,NYSE:ENVA,0.0
2020-04-07,12,AR1 alpha + Basic + One-Step,NYSE:ENVA,3.3921923600377876e-08
2020-04-08,12,AR1 alpha + Basic + One-Step,NYSE:ENVA,0.0
2020-04-09,12,AR1 alpha + Basic + One-Step,NYSE:ENVA,0.0
2020-04-13,12,AR1 alpha + Basic + One-Step,NYSE:ENVA,0.0
2020-04-14,12,AR1 alpha + Basic + One-Step,NYSE:ENVA,1.2824918948301167e-07
2020-04-15,12,AR1 alpha + Basic + One-Step,NYSE:ENVA,0.0
2020-04-16,12,AR1 alpha + Basic + One-Step,NYSE:ENVA,8.890686359210212e-07
2020-04-17,12,AR1 alpha + Basic + One-Step,NYSE:ENVA,0.0
2020-04-20,12,AR1 alpha + Basic + One-Step,NYSE:ENVA,0.0
2020-04-21,12,AR1 alpha + Basic + One-Step,NYSE:ENVA,0.0
2020-04-22,12,AR1 alpha + Basic + One-Step,NYSE:ENVA,3.2216440575352645e-07
2020-04-23,12,AR1 alpha + Basic + One-Step,NYSE:ENVA,0.0
2020-04-24,12,AR1 alpha + Basic + One-Step,NYSE:ENVA,0.0
2020-04-27,12,AR1 alpha + Basic + One-Step,NYSE:ENVA,8.082979077389625e-09
2020-04-28,12,AR1 alpha + Basic + One-Step,NYSE:ENVA,0.0
2020-04-29,12,AR1 alpha + Basic + One-Step,NYSE:ENVA,2.5323037357146293e-07
2020-04-30,12,AR1 alpha + Basic + One-Step,NYSE:ENVA,5.340862211053383e-08
2020-05-01,12,AR1 alpha + Basic + One-Step,NYSE:ENVA,2.4423726458566167e-08
2020-05-04,12,AR1 alpha + Basic + One-Step,NYSE:ENVA,0.0
2020-05-05,12,AR1 alpha + Basic + One-Step,NYSE:ENVA,1.7853935168339768e-07
2020-05-06,12,AR1 alpha + Basic + One-Step,NYSE:ENVA,0.0
2020-05-07,12,AR1 alpha + Basic + One-Step,NYSE:ENVA,0.0
2020-05-08,12,AR1 alpha + Basic + One-Step,NYSE:ENVA,8.151797711525473e-08
2020-05-11,12,AR1 alpha + Basic + One-Step,NYSE:ENVA,2.271633348108723e-07
2020-05-12,12,AR1 alpha + Basic + One-Step,NYSE:ENVA,0.0
2020-05-13,12,AR1 alpha + Basic + One-Step,NYSE:ENVA,0.0
2020-05-14,12,AR1 alpha + Basic + One-Step,NYSE:ENVA,0.0
2020-05-15,12,AR1 alpha + Basic + One-Step,NYSE:ENVA,1.1877498408774644e-07
2020-05-18,12,AR1 alpha + Basic + One-Step,NYSE:ENVA,1.0454146891336636e-07
2020-05-19,12,AR1 alpha + Basic + One-Step,NYSE:ENVA,0.0
2020-05-20,12,AR1 alpha + Basic + One-Step,NYSE:ENVA,2.32363475070006e-07
2020-05-21,12,AR1 alpha + Basic + One-Step,NYSE:ENVA,0.0
2020-05-22,12,AR1 alpha + Basic + One-Step,NYSE:ENVA,1.0586261370009474e-07
2020-05-26,12,AR1 alpha + Basic + One-Step,NYSE:ENVA,2.0368793982558406e-08
2020-05-27,12,AR1 alpha + Basic + One-Step,NYSE:ENVA,0.0
2020-05-28,12,AR1 alpha + Basic + One-Step,NYSE:ENVA,1.5376755318275132e-22
2020-05-29,12,AR1 alpha + Basic + One-Step,NYSE:ENVA,3.2425172170142276e-09
2020-06-01,12,AR1 alpha + Basic + One-Step,NYSE:ENVA,0.0
2020-06-02,12,AR1 alpha + Basic + One-Step,NYSE:ENVA,1.2923964999527082e-07
2020-06-03,12,AR1 alpha + Basic + One-Step,NYSE:ENVA,0.0
2020-06-04,12,AR1 alpha + Basic + One-Step,NYSE:ENVA,0.0
2020-06-05,12,AR1 alpha + Basic + One-Step,NYSE:ENVA,2.3242758004298005e-08
2020-06-08,12,AR1 alpha + Basic + One-Step,NYSE:ENVA,0.0
2020-06-09,12,AR1 alpha + Basic + One-Step,NYSE:ENVA,0.0
2020-06-10,12,AR1 alpha + Basic + One-Step,NYSE:ENVA,0.0
2020-06-11,12,AR1 alpha + Basic + One-Step,NYSE:ENVA,0.0
2020-06-12,12,AR1 alpha + Basic + One-Step,NYSE:ENVA,5.589638921817653e-08
2020-06-15,12,AR1 alpha + Basic + One-Step,NYSE:ENVA,1.339369676717873e-08
2020-06-16,12,AR1 alpha + Basic + One-Step,NYSE:ENVA,0.0
2020-06-17,12,AR1 alpha + Basic + One-Step,NYSE:ENVA,0.0
2020-06-18,12,AR1 alpha + Basic + One-Step,NYSE:ENVA,8.565260111183237e-08
2020-06-19,12,AR1 alpha + Basic + One-Step,NYSE:ENVA,0.0
2020-06-22,12,AR1 alpha + Basic + One-Step,NYSE:ENVA,0.0
2020-06-23,12,AR1 alpha + Basic + One-Step,NYSE:ENVA,0.0
2020-06-24,12,AR1 alpha + Basic + One-Step,NYSE:ENVA,0.0
2020-06-25,12,AR1 alpha + Basic + One-Step,NYSE:ENVA,0.0
2020-06-26,12,AR1 alpha + Basic + One-Step,NYSE:ENVA,0.0
2020-06-29,12,AR1 alpha + Basic + One-Step,NYSE:ENVA,0.0
2020-06-30,12,AR1 alpha + Basic + One-Step,NYSE:ENVA,9.893223379936214e-09
2020-07-01,12,AR1 alpha + Basic + One-Step,NYSE:ENVA,0.0
2020-07-02,12,AR1 alpha + Basic + One-Step,NYSE:ENVA,0.0
2020-07-06,12,AR1 alpha + Basic + One-Step,NYSE:ENVA,0.0
2020-07-07,12,AR1 alpha + Basic + One-Step,NYSE:ENVA,0.0
2020-07-08,12,AR1 alpha + Basic + One-Step,NYSE:ENVA,0.0
2020-07-09,12,AR1 alpha + Basic + One-Step,NYSE:ENVA,0.0
2020-07-10,12,AR1 alpha + Basic + One-Step,NYSE:ENVA,0.0
2020-07-13,12,AR1 alpha + Basic + One-Step,NYSE:ENVA,3.059573931921639e-08
2020-07-14,12,AR1 alpha + Basic + One-Step,NYSE:ENVA,0.0
2020-07-15,12,AR1 alpha + Basic + One-Step,NYSE:ENVA,3.1326134647586717e-09
2020-07-16,12,AR1 alpha + Basic + One-Step,NYSE:ENVA,0.0
2020-07-17,12,AR1 alpha + Basic + One-Step,NYSE:ENVA,1.9012215260745266e-08
2020-07-20,12,AR1 alpha + Basic + One-Step,NYSE:ENVA,8.544357073274399e-08
2020-07-21,12,AR1 alpha + Basic + One-Step,NYSE:ENVA,0.0
2020-07-22,12,AR1 alpha + Basic + One-Step,NYSE:ENVA,0.0
2020-07-23,12,AR1 alpha + Basic + One-Step,NYSE:ENVA,0.0
2020-07-24,12,AR1 alpha + Basic + One-Step,NYSE:ENVA,0.0
2020-07-27,12,AR1 alpha + Basic + One-Step,NYSE:ENVA,1.1639770424192269e-07
2020-07-28,12,AR1 alpha + Basic + One-Step,NYSE:ENVA,0.0
2020-07-29,12,AR1 alpha + Basic + One-Step,NYSE:ENVA,0.0
2020-07-30,12,AR1 alpha + Basic + One-Step,NYSE:ENVA,0.0
2020-07-31,12,AR1 alpha + Basic + One-Step,NYSE:ENVA,0.0
2020-08-03,12,AR1 alpha + Basic + One-Step,NYSE:ENVA,9.284753960226525e-08
2020-08-04,12,AR1 alpha + Basic + One-Step,NYSE:ENVA,0.0
2020-08-05,12,AR1 alpha + Basic + One-Step,NYSE:ENVA,0.0
2020-08-06,12,AR1 alpha + Basic + One-Step,NYSE:ENVA,0.0
2020-08-07,12,AR1 alpha + Basic + One-Step,NYSE:ENVA,0.0
2020-08-10,12,AR1 alpha + Basic + One-Step,NYSE:ENVA,0.0
2020-08-11,12,AR1 alpha + Basic + One-Step,NYSE:ENVA,0.0
2020-08-12,12,AR1 alpha + Basic + One-Step,NYSE:ENVA,0.0
2020-08-13,12,AR1 alpha + Basic + One-Step,NYSE:ENVA,0.0
2020-08-14,12,AR1 alpha + Basic + One-Step,NYSE:ENVA,0.0
2020-08-17,12,AR1 alpha + Basic + One-Step,NYSE:ENVA,0.0
2020-08-18,12,AR1 alpha + Basic + One-Step,NYSE:ENVA,0.0
2020-08-19,12,AR1 alpha + Basic + One-Step,NYSE:ENVA,0.0
2020-08-20,12,AR1 alpha + Basic + One-Step,NYSE:ENVA,7.745838161916647e-08
2020-08-21,12,AR1 alpha + Basic + One-Step,NYSE:ENVA,0.0
2020-08-24,12,AR1 alpha + Basic + One-Step,NYSE:ENVA,0.0
2020-08-25,12,AR1 alpha + Basic + One-Step,NYSE:ENVA,0.0
2020-08-26,12,AR1 alpha + Basic + One-Step,NYSE:ENVA,0.0
2020-08-27,12,AR1 alpha + Basic + One-Step,NYSE:ENVA,0.0
2020-08-28,12,AR1 alpha + Basic + One-Step,NYSE:ENVA,0.0
2020-08-31,12,AR1 alpha + Basic + One-Step,NYSE:ENVA,0.0
2020-09-01,12,AR1 alpha + Basic + One-Step,NYSE:ENVA,0.0
2020-09-02,12,AR1 alpha + Basic + One-Step,NYSE:ENVA,0.0
2020-09-03,12,AR1 alpha + Basic + One-Step,NYSE:ENVA,0.0
2020-09-04,12,AR1 alpha + Basic + One-Step,NYSE:ENVA,0.0
2020-09-08,12,AR1 alpha + Basic + One-Step,NYSE:ENVA,0.0
2020-09-09,12,AR1 alpha + Basic + One-Step,NYSE:ENVA,2.331345931630949e-08
2020-09-10,12,AR1 alpha + Basic + One-Step,NYSE:ENVA,4.84767200002738e-09
2020-09-11,12,AR1 alpha + Basic + One-Step,NYSE:ENVA,0.0
2020-09-14,12,AR1 alpha + Basic + One-Step,NYSE:ENVA,0.0
2020-09-15,12,AR1 alpha + Basic + One-Step,NYSE:ENVA,0.0
2020-09-16,12,AR1 alpha + Basic + One-Step,NYSE:ENVA,0.0
2020-09-17,12,AR1 alpha + Basic + One-Step,NYSE:ENVA,0.0
2020-09-18,12,AR1 alpha + Basic + One-Step,NYSE:ENVA,0.0
2020-09-21,12,AR1 alpha + Basic + One-Step,NYSE:ENVA,4.4653000958854526e-09
2020-09-22,12,AR1 alpha + Basic + One-Step,NYSE:ENVA,0.0
2020-09-23,12,AR1 alpha + Basic + One-Step,NYSE:ENVA,3.6252527723398485e-09
2020-09-24,12,AR1 alpha + Basic + One-Step,NYSE:ENVA,2.1474399473959922e-08
2020-09-25,12,AR1 alpha + Basic + One-Step,NYSE:ENVA,0.0
2020-09-28,12,AR1 alpha + Basic + One-Step,NYSE:ENVA,0.0
2020-09-29,12,AR1 alpha + Basic + One-Step,NYSE:ENVA,0.0
2020-09-30,12,AR1 alpha + Basic + One-Step,NYSE:ENVA,0.0
2020-10-01,12,AR1 alpha + Basic + One-Step,NYSE:ENVA,1.7538784042958116e-07
2020-10-02,12,AR1 alpha + Basic + One-Step,NYSE:ENVA,0.0
2020-10-05,12,AR1 alpha + Basic + One-Step,NYSE:ENVA,0.0
2020-10-06,12,AR1 alpha + Basic + One-Step,NYSE:ENVA,6.7712834262592e-10
2020-10-07,12,AR1 alpha + Basic + One-Step,NYSE:ENVA,1.9116948665095265e-07
2020-10-08,12,AR1 alpha + Basic + One-Step,NYSE:ENVA,0.0
2020-10-09,12,AR1 alpha + Basic + One-Step,NYSE:ENVA,2.1588826723521193e-08
2020-10-12,12,AR1 alpha + Basic + One-Step,NYSE:ENVA,0.0
2020-10-13,12,AR1 alpha + Basic + One-Step,NYSE:ENVA,0.0
2020-10-14,12,AR1 alpha + Basic + One-Step,NYSE:ENVA,0.0
2020-10-15,12,AR1 alpha + Basic + One-Step,NYSE:ENVA,0.0
2020-10-16,12,AR1 alpha + Basic + One-Step,NYSE:ENVA,4.6305929271972755e-08
2020-10-19,12,AR1 alpha + Basic + One-Step,NYSE:ENVA,7.187444495715846e-08
2020-10-20,12,AR1 alpha + Basic + One-Step,NYSE:ENVA,0.0
2020-10-21,12,AR1 alpha + Basic + One-Step,NYSE:ENVA,0.0
2020-10-22,12,AR1 alpha + Basic + One-Step,NYSE:ENVA,0.0
2020-10-23,12,AR1 alpha + Basic + One-Step,NYSE:ENVA,0.0
2020-10-26,12,AR1 alpha + Basic + One-Step,NYSE:ENVA,0.0
2020-10-27,12,AR1 alpha + Basic + One-Step,NYSE:ENVA,8.455542463690586e-09
2020-10-28,12,AR1 alpha + Basic + One-Step,NYSE:ENVA,6.221989236592412e-09
2020-10-29,12,AR1 alpha + Basic + One-Step,NYSE:ENVA,0.0
2020-10-30,12,AR1 alpha + Basic + One-Step,NYSE:ENVA,0.0
2020-11-02,12,AR1 alpha + Basic + One-Step,NYSE:ENVA,4.892606141228952e-08
2020-11-03,12,AR1 alpha + Basic + One-Step,NYSE:ENVA,0.0
2020-11-04,12,AR1 alpha + Basic + One-Step,NYSE:ENVA,0.0
2020-11-05,12,AR1 alpha + Basic + One-Step,NYSE:ENVA,0.0
2020-11-06,12,AR1 alpha + Basic + One-Step,NYSE:ENVA,0.0
2020-11-09,12,AR1 alpha + Basic + One-Step,NYSE:ENVA,0.0
2020-11-10,12,AR1 alpha + Basic + One-Step,NYSE:ENVA,0.0
2020-11-11,12,AR1 alpha + Basic + One-Step,NYSE:ENVA,0.0
2020-11-12,12,AR1 alpha + Basic + One-Step,NYSE:ENVA,0.0
2020-11-13,12,AR1 alpha + Basic + One-Step,NYSE:ENVA,0.0
2020-11-16,12,AR1 alpha + Basic + One-Step,NYSE:ENVA,0.0
2020-11-17,12,AR1 alpha + Basic + One-Step,NYSE:ENVA,0.0
2020-11-18,12,AR1 alpha + Basic + One-Step,NYSE:ENVA,0.0
2020-11-19,12,AR1 alpha + Basic + One-Step,NYSE:ENVA,3.649048488070427e-08
2020-11-20,12,AR1 alpha + Basic + One-Step,NYSE:ENVA,1.195492357098024e-07
2020-11-23,12,AR1 alpha + Basic + One-Step,NYSE:ENVA,0.0
2020-11-24,12,AR1 alpha + Basic + One-Step,NYSE:ENVA,0.0
2020-11-25,12,AR1 alpha + Basic + One-Step,NYSE:ENVA,0.0
2020-11-27,12,AR1 alpha + Basic + One-Step,NYSE:ENVA,0.0
2020-11-30,12,AR1 alpha + Basic + One-Step,NYSE:ENVA,5.196827573923292e-09
2020-12-01,12,AR1 alpha + Basic + One-Step,NYSE:ENVA,1.2777024232261236e-09
2020-12-02,12,AR1 alpha + Basic + One-Step,NYSE:ENVA,5.534673625431517e-09
2020-12-03,12,AR1 alpha + Basic + One-Step,NYSE:ENVA,0.0
2020-12-04,12,AR1 alpha + Basic + One-Step,NYSE:ENVA,0.0
2020-12-07,12,AR1 alpha + Basic + One-Step,NYSE:ENVA,0.0
2020-12-08,12,AR1 alpha + Basic + One-Step,NYSE:ENVA,1.068998119465546e-07
2020-12-09,12,AR1 alpha + Basic + One-Step,NYSE:ENVA,0.0
2020-12-10,12,AR1 alpha + Basic + One-Step,NYSE:ENVA,2.2541768711407097e-08
2020-12-11,12,AR1 alpha + Basic + One-Step,NYSE:ENVA,2.425478911942995e-07
2020-12-14,12,AR1 alpha + Basic + One-Step,NYSE:ENVA,2.669187461936035e-07
2020-12-15,12,AR1 alpha + Basic + One-Step,NYSE:ENVA,0.0
2020-12-16,12,AR1 alpha + Basic + One-Step,NYSE:ENVA,1.8140492732098367e-09
2020-12-17,12,AR1 alpha + Basic + One-Step,NYSE:ENVA,0.0
2020-12-18,12,AR1 alpha + Basic + One-Step,NYSE:ENVA,0.0
2020-12-21,12,AR1 alpha + Basic + One-Step,NYSE:ENVA,5.618958711820872e-07
2020-12-22,12,AR1 alpha + Basic + One-Step,NYSE:ENVA,0.0
2020-12-23,12,AR1 alpha + Basic + One-Step,NYSE:ENVA,2.3030989415064777e-09
2020-12-24,12,AR1 alpha + Basic + One-Step,NYSE:ENVA,0.0
2020-12-28,12,AR1 alpha + Basic + One-Step,NYSE:ENVA,0.0
2020-12-29,12,AR1 alpha + Basic + One-Step,NYSE:ENVA,0.0
2020-12-30,12,AR1 alpha + Basic + One-Step,NYSE:ENVA,0.0
2020-12-31,12,AR1 alpha + Basic + One-Step,NYSE:ENVA,0.0
2021-01-04,12,AR1 alpha + Basic + One-Step,NYSE:ENVA,0.0
2021-01-05,12,AR1 alpha + Basic + One-Step,NYSE:ENVA,0.0
2021-01-06,12,AR1 alpha + Basic + One-Step,NYSE:ENVA,0.0
2021-01-07,12,AR1 alpha + Basic + One-Step,NYSE:ENVA,0.0
2021-01-08,12,AR1 alpha + Basic + One-Step,NYSE:ENVA,0.0
2021-01-11,12,AR1 alpha + Basic + One-Step,NYSE:ENVA,0.0
2021-01-12,12,AR1 alpha + Basic + One-Step,NYSE:ENVA,0.0
2021-01-13,12,AR1 alpha + Basic + One-Step,NYSE:ENVA,0.0
2021-01-14,12,AR1 alpha + Basic + One-Step,NYSE:ENVA,0.0
2021-01-15,12,AR1 alpha + Basic + One-Step,NYSE:ENVA,0.0
2021-01-19,12,AR1 alpha + Basic + One-Step,NYSE:ENVA,1.0226106703767291e-08
2021-01-20,12,AR1 alpha + Basic + One-Step,NYSE:ENVA,0.0
2021-01-21,12,AR1 alpha + Basic + One-Step,NYSE:ENVA,0.0
2021-01-22,12,AR1 alpha + Basic + One-Step,NYSE:ENVA,5.667729694787086e-10
2021-01-25,12,AR1 alpha + Basic + One-Step,NYSE:ENVA,0.0
2021-01-26,12,AR1 alpha + Basic + One-Step,NYSE:ENVA,0.0
2021-01-27,12,AR1 alpha + Basic + One-Step,NYSE:ENVA,0.0
2021-01-28,12,AR1 alpha + Basic + One-Step,NYSE:ENVA,0.0
2021-01-29,12,AR1 alpha + Basic + One-Step,NYSE:ENVA,0.0
2021-02-01,12,AR1 alpha + Basic + One-Step,NYSE:ENVA,1.8297674710476836e-07
2021-02-02,12,AR1 alpha + Basic + One-Step,NYSE:ENVA,0.0
2021-02-03,12,AR1 alpha + Basic + One-Step,NYSE:ENVA,0.0
2021-02-04,12,AR1 alpha + Basic + One-Step,NYSE:ENVA,0.0
2021-02-05,12,AR1 alpha + Basic + One-Step,NYSE:ENVA,0.0
2021-02-08,12,AR1 alpha + Basic + One-Step,NYSE:ENVA,3.1878881109161226e-07
2021-02-09,12,AR1 alpha + Basic + One-Step,NYSE:ENVA,0.0
2021-02-10,12,AR1 alpha + Basic + One-Step,NYSE:ENVA,2.8166145251332094e-07
2021-02-11,12,AR1 alpha + Basic + One-Step,NYSE:ENVA,0.0
2021-02-12,12,AR1 alpha + Basic + One-Step,NYSE:ENVA,2.560494897298244e-07
2021-02-16,12,AR1 alpha + Basic + One-Step,NYSE:ENVA,0.0
2021-02-17,12,AR1 alpha + Basic + One-Step,NYSE:ENVA,0.0
2021-02-18,12,AR1 alpha + Basic + One-Step,NYSE:ENVA,0.0
2021-02-19,12,AR1 alpha + Basic + One-Step,NYSE:ENVA,0.0
2021-02-22,12,AR1 alpha + Basic + One-Step,NYSE:ENVA,0.0
2021-02-23,12,AR1 alpha + Basic + One-Step,NYSE:ENVA,4.480341194474654e-08
2021-02-24,12,AR1 alpha + Basic + One-Step,NYSE:ENVA,0.0
2021-02-25,12,AR1 alpha + Basic + One-Step,NYSE:ENVA,0.0
2021-02-26,12,AR1 alpha + Basic + One-Step,NYSE:ENVA,5.683981952638198e-07
2021-03-01,12,AR1 alpha + Basic + One-Step,NYSE:ENVA,0.0
2021-03-02,12,AR1 alpha + Basic + One-Step,NYSE:ENVA,3.9250385734343834e-08
2021-03-03,12,AR1 alpha + Basic + One-Step,NYSE:ENVA,0.0
2021-03-04,12,AR1 alpha + Basic + One-Step,NYSE:ENVA,0.0
2021-03-05,12,AR1 alpha + Basic + One-Step,NYSE:ENVA,0.0
2021-03-08,12,AR1 alpha + Basic + One-Step,NYSE:ENVA,0.0
2021-03-09,12,AR1 alpha + Basic + One-Step,NYSE:ENVA,0.0
2021-03-10,12,AR1 alpha + Basic + One-Step,NYSE:ENVA,0.010335816218862811
2021-03-11,12,AR1 alpha + Basic + One-Step,NYSE:ENVA,0.047332624934006876
2021-03-12,12,AR1 alpha + Basic + One-Step,NYSE:ENVA,0.03549036791759097
2021-03-15,12,AR1 alpha + Basic + One-Step,NYSE:ENVA,0.0
2021-03-16,12,AR1 alpha + Basic + One-Step,NYSE:ENVA,0.0
2021-03-17,12,AR1 alpha + Basic + One-Step,NYSE:ENVA,6.102433844287216e-08
2021-03-18,12,AR1 alpha + Basic + One-Step,NYSE:ENVA,0.0
2021-03-19,12,AR1 alpha + Basic + One-Step,NYSE:ENVA,4.1254518663733806e-08
2021-03-22,12,AR1 alpha + Basic + One-Step,NYSE:ENVA,0.0
2021-03-23,12,AR1 alpha + Basic + One-Step,NYSE:ENVA,0.0
2021-03-24,12,AR1 alpha + Basic + One-Step,NYSE:ENVA,0.0
2021-03-25,12,AR1 alpha + Basic + One-Step,NYSE:ENVA,0.0
2021-03-26,12,AR1 alpha + Basic + One-Step,NYSE:ENVA,7.013963421506068e-09
2021-03-29,12,AR1 alpha + Basic + One-Step,NYSE:ENVA,0.0
2021-03-30,12,AR1 alpha + Basic + One-Step,NYSE:ENVA,1.2866546864930573e-07
2021-03-31,12,AR1 alpha + Basic + One-Step,NYSE:ENVA,2.707309014158582e-08
2021-04-01,12,AR1 alpha + Basic + One-Step,NYSE:ENVA,0.0
2021-04-05,12,AR1 alpha + Basic + One-Step,NYSE:ENVA,7.681380347960671e-07
2021-04-06,12,AR1 alpha + Basic + One-Step,NYSE:ENVA,0.0
2021-04-07,12,AR1 alpha + Basic + One-Step,NYSE:ENVA,0.0
2021-04-08,12,AR1 alpha + Basic + One-Step,NYSE:ENVA,6.861964950748066e-08
2021-04-09,12,AR1 alpha + Basic + One-Step,NYSE:ENVA,2.175457488012084e-08
2021-04-12,12,AR1 alpha + Basic + One-Step,NYSE:ENVA,7.695994362033738e-09
2021-04-13,12,AR1 alpha + Basic + One-Step,NYSE:ENVA,2.007984371934974e-07
2021-04-14,12,AR1 alpha + Basic + One-Step,NYSE:ENVA,1.8019025607580096e-07
2021-04-15,12,AR1 alpha + Basic + One-Step,NYSE:ENVA,0.0
2021-04-16,12,AR1 alpha + Basic + One-Step,NYSE:ENVA,0.0
2021-04-19,12,AR1 alpha + Basic + One-Step,NYSE:ENVA,1.9721332098043717e-09
2021-04-20,12,AR1 alpha + Basic + One-Step,NYSE:ENVA,0.0
2021-04-21,12,AR1 alpha + Basic + One-Step,NYSE:ENVA,0.0
2021-04-22,12,AR1 alpha + Basic + One-Step,NYSE:ENVA,0.0
2021-04-23,12,AR1 alpha + Basic + One-Step,NYSE:ENVA,0.0
2021-04-26,12,AR1 alpha + Basic + One-Step,NYSE:ENVA,0.0
2021-04-27,12,AR1 alpha + Basic + One-Step,NYSE:ENVA,0.0
2021-04-28,12,AR1 alpha + Basic + One-Step,NYSE:ENVA,1.4105566429845269e-08
2021-04-29,12,AR1 alpha + Basic + One-Step,NYSE:ENVA,8.782355940276784e-08
2021-04-30,12,AR1 alpha + Basic + One-Step,NYSE:ENVA,2.377394736339818e-08
2021-05-03,12,AR1 alpha + Basic + One-Step,NYSE:ENVA,0.0
2021-05-04,12,AR1 alpha + Basic + One-Step,NYSE:ENVA,1.5848000323416023e-08
2021-05-05,12,AR1 alpha + Basic + One-Step,NYSE:ENVA,0.0
2021-05-06,12,AR1 alpha + Basic + One-Step,NYSE:ENVA,0.0
2021-05-07,12,AR1 alpha + Basic + One-Step,NYSE:ENVA,0.0
2021-05-10,12,AR1 alpha + Basic + One-Step,NYSE:ENVA,0.0
2021-05-11,12,AR1 alpha + Basic + One-Step,NYSE:ENVA,0.0
2021-05-12,12,AR1 alpha + Basic + One-Step,NYSE:ENVA,0.0
2021-05-13,12,AR1 alpha + Basic + One-Step,NYSE:ENVA,0.0
2021-05-14,12,AR1 alpha + Basic + One-Step,NYSE:ENVA,0.009589949156637134
2021-05-17,12,AR1 alpha + Basic + One-Step,NYSE:ENVA,0.015709661272276583
2021-05-18,12,AR1 alpha + Basic + One-Step,NYSE:ENVA,0.02472194537661393
2021-05-19,12,AR1 alpha + Basic + One-Step,NYSE:ENVA,0.05970140459570037
2021-05-20,12,AR1 alpha + Basic + One-Step,NYSE:ENVA,0.06517480372740676
2021-05-21,12,AR1 alpha + Basic + One-Step,NYSE:ENVA,0.08284392231664517
2021-05-24,12,AR1 alpha + Basic + One-Step,NYSE:ENVA,0.05088948719228773
2021-05-25,12,AR1 alpha + Basic + One-Step,NYSE:ENVA,0.013648110722772657
2021-05-26,12,AR1 alpha + Basic + One-Step,NYSE:ENVA,0.04655281033967981
2021-05-27,12,AR1 alpha + Basic + One-Step,NYSE:ENVA,0.06816397954642624
2021-05-28,12,AR1 alpha + Basic + One-Step,NYSE:ENVA,0.06816152244288816
2021-06-01,12,AR1 alpha + Basic + One-Step,NYSE:ENVA,0.09999924348364532
2021-06-02,12,AR1 alpha + Basic + One-Step,NYSE:ENVA,0.02013741836321749
2021-06-03,12,AR1 alpha + Basic + One-Step,NYSE:ENVA,0.0317773062525874
2021-06-04,12,AR1 alpha + Basic + One-Step,NYSE:ENVA,0.027186448234008346
2021-06-07,12,AR1 alpha + Basic + One-Step,NYSE:ENVA,0.013777958332799847
2021-06-08,12,AR1 alpha + Basic + One-Step,NYSE:ENVA,0.016892680372930746
2021-06-09,12,AR1 alpha + Basic + One-Step,NYSE:ENVA,0.011705003172684152
2021-06-10,12,AR1 alpha + Basic + One-Step,NYSE:ENVA,0.007060176957297839
2021-06-11,12,AR1 alpha + Basic + One-Step,NYSE:ENVA,0.009968223340007859
2021-06-14,12,AR1 alpha + Basic + One-Step,NYSE:ENVA,0.00018570221866969354
2021-06-15,12,AR1 alpha + Basic + One-Step,NYSE:ENVA,0.0
2021-06-16,12,AR1 alpha + Basic + One-Step,NYSE:ENVA,0.024744931775551482
2021-06-17,12,AR1 alpha + Basic + One-Step,NYSE:ENVA,0.0
2021-06-18,12,AR1 alpha + Basic + One-Step,NYSE:ENVA,0.0
2021-06-21,12,AR1 alpha + Basic + One-Step,NYSE:ENVA,0.0
2021-06-22,12,AR1 alpha + Basic + One-Step,NYSE:ENVA,0.0021425964577111425
2021-06-23,12,AR1 alpha + Basic + One-Step,NYSE:ENVA,4.768077484290789e-07
2021-06-24,12,AR1 alpha + Basic + One-Step,NYSE:ENVA,6.031455580514896e-07
2021-06-25,12,AR1 alpha + Basic + One-Step,NYSE:ENVA,0.0
2021-06-28,12,AR1 alpha + Basic + One-Step,NYSE:ENVA,0.0
2021-06-29,12,AR1 alpha + Basic + One-Step,NYSE:ENVA,0.0
2021-06-30,12,AR1 alpha + Basic + One-Step,NYSE:ENVA,0.0
2021-07-01,12,AR1 alpha + Basic + One-Step,NYSE:ENVA,0.0
2021-07-02,12,AR1 alpha + Basic + One-Step,NYSE:ENVA,0.0
2021-07-06,12,AR1 alpha + Basic + One-Step,NYSE:ENVA,0.0
2021-07-07,12,AR1 alpha + Basic + One-Step,NYSE:ENVA,0.0
2021-07-08,12,AR1 alpha + Basic + One-Step,NYSE:ENVA,0.0
2021-07-09,12,AR1 alpha + Basic + One-Step,NYSE:ENVA,0.0005253809447750958
2021-07-12,12,AR1 alpha + Basic + One-Step,NYSE:ENVA,0.006629751890969195
2021-07-13,12,AR1 alpha + Basic + One-Step,NYSE:ENVA,1.0236500192628402e-07
2021-07-14,12,AR1 alpha + Basic + One-Step,NYSE:ENVA,0.0
2021-07-15,12,AR1 alpha + Basic + One-Step,NYSE:ENVA,0.0
2021-07-16,12,AR1 alpha + Basic + One-Step,NYSE:ENVA,0.0
2021-07-19,12,AR1 alpha + Basic + One-Step,NYSE:ENVA,0.0
2021-07-20,12,AR1 alpha + Basic + One-Step,NYSE:ENVA,0.0
2021-07-21,12,AR1 alpha + Basic + One-Step,NYSE:ENVA,0.0
2021-07-22,12,AR1 alpha + Basic + One-Step,NYSE:ENVA,1.1563542045739443e-07
2021-07-23,12,AR1 alpha + Basic + One-Step,NYSE:ENVA,0.0
2021-07-26,12,AR1 alpha + Basic + One-Step,NYSE:ENVA,0.004235394441097343
2021-07-27,12,AR1 alpha + Basic + One-Step,NYSE:ENVA,5.121454764079662e-06
2021-07-28,12,AR1 alpha + Basic + One-Step,NYSE:ENVA,0.002840409220757631
2021-07-29,12,AR1 alpha + Basic + One-Step,NYSE:ENVA,0.008037827520837447
2021-07-30,12,AR1 alpha + Basic + One-Step,NYSE:ENVA,0.0
2021-08-02,12,AR1 alpha + Basic + One-Step,NYSE:ENVA,1.66480003346246e-07
2021-08-03,12,AR1 alpha + Basic + One-Step,NYSE:ENVA,0.0
2021-08-04,12,AR1 alpha + Basic + One-Step,NYSE:ENVA,3.269449975102079e-08
2021-08-05,12,AR1 alpha + Basic + One-Step,NYSE:ENVA,0.0
2021-08-06,12,AR1 alpha + Basic + One-Step,NYSE:ENVA,0.0
2021-08-09,12,AR1 alpha + Basic + One-Step,NYSE:ENVA,2.883339921033495e-07
2021-08-10,12,AR1 alpha + Basic + One-Step,NYSE:ENVA,1.1270446507988457e-07
2021-08-11,12,AR1 alpha + Basic + One-Step,NYSE:ENVA,9.606738022488219e-08
2021-08-12,12,AR1 alpha + Basic + One-Step,NYSE:ENVA,1.300956467907106e-07
2021-08-13,12,AR1 alpha + Basic + One-Step,NYSE:ENVA,0.0
2021-08-16,12,AR1 alpha + Basic + One-Step,NYSE:ENVA,0.0
2021-08-17,12,AR1 alpha + Basic + One-Step,NYSE:ENVA,1.2328452317806117e-07
2021-08-18,12,AR1 alpha + Basic + One-Step,NYSE:ENVA,0.0
2021-08-19,12,AR1 alpha + Basic + One-Step,NYSE:ENVA,0.0
2021-08-20,12,AR1 alpha + Basic + One-Step,NYSE:ENVA,3.6228575550367294e-08
2021-08-23,12,AR1 alpha + Basic + One-Step,NYSE:ENVA,0.0
2021-08-24,12,AR1 alpha + Basic + One-Step,NYSE:ENVA,0.0
2021-08-25,12,AR1 alpha + Basic + One-Step,NYSE:ENVA,0.0
2021-08-26,12,AR1 alpha + Basic + One-Step,NYSE:ENVA,0.0
2021-08-27,12,AR1 alpha + Basic + One-Step,NYSE:ENVA,0.0
2021-08-30,12,AR1 alpha + Basic + One-Step,NYSE:ENVA,0.0
2021-08-31,12,AR1 alpha + Basic + One-Step,NYSE:ENVA,2.1054619797512843e-07
2021-09-01,12,AR1 alpha + Basic + One-Step,NYSE:ENVA,0.0
2021-09-02,12,AR1 alpha + Basic + One-Step,NYSE:ENVA,0.0
2021-09-03,12,AR1 alpha + Basic + One-Step,NYSE:ENVA,0.0
2021-09-07,12,AR1 alpha + Basic + One-Step,NYSE:ENVA,0.0
2021-09-08,12,AR1 alpha + Basic + One-Step,NYSE:ENVA,0.0
2021-09-09,12,AR1 alpha + Basic + One-Step,NYSE:ENVA,0.0
2021-09-10,12,AR1 alpha + Basic + One-Step,NYSE:ENVA,3.277345726337731e-08
2021-09-13,12,AR1 alpha + Basic + One-Step,NYSE:ENVA,0.0
2021-09-14,12,AR1 alpha + Basic + One-Step,NYSE:ENVA,2.048010208588104e-08
2021-09-15,12,AR1 alpha + Basic + One-Step,NYSE:ENVA,1.264967746605917e-07
2021-09-16,12,AR1 alpha + Basic + One-Step,NYSE:ENVA,0.0
2021-09-17,12,AR1 alpha + Basic + One-Step,NYSE:ENVA,0.0
2021-09-20,12,AR1 alpha + Basic + One-Step,NYSE:ENVA,0.0
2021-09-21,12,AR1 alpha + Basic + One-Step,NYSE:ENVA,1.2417310258047844e-07
2021-09-22,12,AR1 alpha + Basic + One-Step,NYSE:ENVA,0.0
2021-09-23,12,AR1 alpha + Basic + One-Step,NYSE:ENVA,0.0
2021-09-24,12,AR1 alpha + Basic + One-Step,NYSE:ENVA,0.0
2021-09-27,12,AR1 alpha + Basic + One-Step,NYSE:ENVA,0.0
2021-09-28,12,AR1 alpha + Basic + One-Step,NYSE:ENVA,0.0
2021-09-29,12,AR1 alpha + Basic + One-Step,NYSE:ENVA,0.0
2021-09-30,12,AR1 alpha + Basic + One-Step,NYSE:ENVA,0.0
2021-10-01,12,AR1 alpha + Basic + One-Step,NYSE:ENVA,0.0
2021-10-04,12,AR1 alpha + Basic + One-Step,NYSE:ENVA,0.0
2021-10-05,12,AR1 alpha + Basic + One-Step,NYSE:ENVA,0.0
2021-10-06,12,AR1 alpha + Basic + One-Step,NYSE:ENVA,4.873510716789617e-08
2021-10-07,12,AR1 alpha + Basic + One-Step,NYSE:ENVA,0.0
2021-10-08,12,AR1 alpha + Basic + One-Step,NYSE:ENVA,0.0
2021-10-11,12,AR1 alpha + Basic + One-Step,NYSE:ENVA,0.0
2021-10-12,12,AR1 alpha + Basic + One-Step,NYSE:ENVA,0.0
2021-10-13,12,AR1 alpha + Basic + One-Step,NYSE:ENVA,0.0
2021-10-14,12,AR1 alpha + Basic + One-Step,NYSE:ENVA,0.0
2021-10-15,12,AR1 alpha + Basic + One-Step,NYSE:ENVA,0.0
2021-10-18,12,AR1 alpha + Basic + One-Step,NYSE:ENVA,0.0
2021-10-19,12,AR1 alpha + Basic + One-Step,NYSE:ENVA,0.0
2021-10-20,12,AR1 alpha + Basic + One-Step,NYSE:ENVA,0.0
2021-10-21,12,AR1 alpha + Basic + One-Step,NYSE:ENVA,0.0
2021-10-22,12,AR1 alpha + Basic + One-Step,NYSE:ENVA,0.0
2021-10-25,12,AR1 alpha + Basic + One-Step,NYSE:ENVA,0.0
2021-10-26,12,AR1 alpha + Basic + One-Step,NYSE:ENVA,0.0
2021-10-27,12,AR1 alpha + Basic + One-Step,NYSE:ENVA,0.0
2021-10-28,12,AR1 alpha + Basic + One-Step,NYSE:ENVA,0.0
2021-10-29,12,AR1 alpha + Basic + One-Step,NYSE:ENVA,0.0
2021-11-01,12,AR1 alpha + Basic + One-Step,NYSE:ENVA,3.20767655238968e-07
2021-11-02,12,AR1 alpha + Basic + One-Step,NYSE:ENVA,0.0
2021-11-03,12,AR1 alpha + Basic + One-Step,NYSE:ENVA,0.0
2021-11-04,12,AR1 alpha + Basic + One-Step,NYSE:ENVA,0.0
2021-11-05,12,AR1 alpha + Basic + One-Step,NYSE:ENVA,0.07169279404922127
2021-11-08,12,AR1 alpha + Basic + One-Step,NYSE:ENVA,0.04043204285949273
2021-11-09,12,AR1 alpha + Basic + One-Step,NYSE:ENVA,0.003727958712750763
2021-11-10,12,AR1 alpha + Basic + One-Step,NYSE:ENVA,0.0
2021-11-11,12,AR1 alpha + Basic + One-Step,NYSE:ENVA,0.013734438027680759
2021-11-12,12,AR1 alpha + Basic + One-Step,NYSE:ENVA,0.021697109496655157
2021-11-15,12,AR1 alpha + Basic + One-Step,NYSE:ENVA,0.00824389196377946
2021-11-16,12,AR1 alpha + Basic + One-Step,NYSE:ENVA,0.0
2021-11-17,12,AR1 alpha + Basic + One-Step,NYSE:ENVA,0.0
2021-11-18,12,AR1 alpha + Basic + One-Step,NYSE:ENVA,0.0
2021-11-19,12,AR1 alpha + Basic + One-Step,NYSE:ENVA,0.0
2021-11-22,12,AR1 alpha + Basic + One-Step,NYSE:ENVA,0.0
2021-11-23,12,AR1 alpha + Basic + One-Step,NYSE:ENVA,0.002501031406026844
2021-11-24,12,AR1 alpha + Basic + One-Step,NYSE:ENVA,0.0
2021-11-26,12,AR1 alpha + Basic + One-Step,NYSE:ENVA,0.0
2021-11-29,12,AR1 alpha + Basic + One-Step,NYSE:ENVA,0.0
2021-11-30,12,AR1 alpha + Basic + One-Step,NYSE:ENVA,0.0
2021-12-01,12,AR1 alpha + Basic + One-Step,NYSE:ENVA,0.0
2021-12-02,12,AR1 alpha + Basic + One-Step,NYSE:ENVA,0.0
2021-12-03,12,AR1 alpha + Basic + One-Step,NYSE:ENVA,0.0
2021-12-06,12,AR1 alpha + Basic + One-Step,NYSE:ENVA,0.0
2021-12-07,12,AR1 alpha + Basic + One-Step,NYSE:ENVA,0.052094697441489535
2021-12-08,12,AR1 alpha + Basic + One-Step,NYSE:ENVA,0.013304199651483703
2021-12-09,12,AR1 alpha + Basic + One-Step,NYSE:ENVA,0.0
2021-12-10,12,AR1 alpha + Basic + One-Step,NYSE:ENVA,1.0568903434414867e-07
2021-12-13,12,AR1 alpha + Basic + One-Step,NYSE:ENVA,0.0
2021-12-14,12,AR1 alpha + Basic + One-Step,NYSE:ENVA,4.756228331465418e-08
2021-12-15,12,AR1 alpha + Basic + One-Step,NYSE:ENVA,0.0
2021-12-16,12,AR1 alpha + Basic + One-Step,NYSE:ENVA,0.0
2021-12-17,12,AR1 alpha + Basic + One-Step,NYSE:ENVA,0.0
2021-12-20,12,AR1 alpha + Basic + One-Step,NYSE:ENVA,0.0
2021-12-21,12,AR1 alpha + Basic + One-Step,NYSE:ENVA,0.0
2021-12-22,12,AR1 alpha + Basic + One-Step,NYSE:ENVA,0.007161218592759254
2021-12-23,12,AR1 alpha + Basic + One-Step,NYSE:ENVA,0.010242879990219193
2021-12-27,12,AR1 alpha + Basic + One-Step,NYSE:ENVA,0.01299732811343309
2021-12-28,12,AR1 alpha + Basic + One-Step,NYSE:ENVA,0.007722389021945594
2021-12-29,12,AR1 alpha + Basic + One-Step,NYSE:ENVA,0.005028718410550149
2021-12-30,12,AR1 alpha + Basic + One-Step,NYSE:ENVA,1.6328370916229544e-06
2021-12-31,12,AR1 alpha + Basic + One-Step,NYSE:ENVA,6.180163006748917e-07
2022-01-03,12,AR1 alpha + Basic + One-Step,NYSE:ENVA,0.006414458564511391
2022-01-04,12,AR1 alpha + Basic + One-Step,NYSE:ENVA,0.006414458564511393
2022-01-05,12,AR1 alpha + Basic + One-Step,NYSE:ENVA,0.0
2022-01-06,12,AR1 alpha + Basic + One-Step,NYSE:ENVA,0.0
2022-01-07,12,AR1 alpha + Basic + One-Step,NYSE:ENVA,5.299997725680169e-08
2022-01-10,12,AR1 alpha + Basic + One-Step,NYSE:ENVA,0.018791069828464846
2022-01-11,12,AR1 alpha + Basic + One-Step,NYSE:ENVA,0.04360091687138457
2022-01-12,12,AR1 alpha + Basic + One-Step,NYSE:ENVA,0.0478507790404883
2022-01-13,12,AR1 alpha + Basic + One-Step,NYSE:ENVA,0.033907117006486936
2022-01-14,12,AR1 alpha + Basic + One-Step,NYSE:ENVA,0.03792838174355562
2022-01-18,12,AR1 alpha + Basic + One-Step,NYSE:ENVA,0.004533602186441649
2022-01-19,12,AR1 alpha + Basic + One-Step,NYSE:ENVA,0.0
2022-01-20,12,AR1 alpha + Basic + One-Step,NYSE:ENVA,0.0
2022-01-21,12,AR1 alpha + Basic + One-Step,NYSE:ENVA,2.8047135939491993e-07
2022-01-24,12,AR1 alpha + Basic + One-Step,NYSE:ENVA,0.0
2022-01-25,12,AR1 alpha + Basic + One-Step,NYSE:ENVA,0.0
2022-01-26,12,AR1 alpha + Basic + One-Step,NYSE:ENVA,0.016286174260392614
2022-01-27,12,AR1 alpha + Basic + One-Step,NYSE:ENVA,0.0
2022-01-28,12,AR1 alpha + Basic + One-Step,NYSE:ENVA,3.3944817459876105e-09
2022-01-31,12,AR1 alpha + Basic + One-Step,NYSE:ENVA,0.021088132177059616
2022-02-01,12,AR1 alpha + Basic + One-Step,NYSE:ENVA,0.038380958611710064
2022-02-02,12,AR1 alpha + Basic + One-Step,NYSE:ENVA,0.02532318303480163
2022-02-03,12,AR1 alpha + Basic + One-Step,NYSE:ENVA,0.0
2022-02-04,12,AR1 alpha + Basic + One-Step,NYSE:ENVA,0.0
2022-02-07,12,AR1 alpha + Basic + One-Step,NYSE:ENVA,0.04972688340551334
2022-02-08,12,AR1 alpha + Basic + One-Step,NYSE:ENVA,0.07028575337805718
2022-02-09,12,AR1 alpha + Basic + One-Step,NYSE:ENVA,0.04157934823080262
2022-02-10,12,AR1 alpha + Basic + One-Step,NYSE:ENVA,0.08052538575267737
2022-02-11,12,AR1 alpha + Basic + One-Step,NYSE:ENVA,0.022513460119097863
2022-02-14,12,AR1 alpha + Basic + One-Step,NYSE:ENVA,0.0009554063932171915
2022-02-15,12,AR1 alpha + Basic + One-Step,NYSE:ENVA,0.03226853806714238
2022-02-16,12,AR1 alpha + Basic + One-Step,NYSE:ENVA,0.02998063621231048
2022-02-17,12,AR1 alpha + Basic + One-Step,NYSE:ENVA,0.0
2022-02-18,12,AR1 alpha + Basic + One-Step,NYSE:ENVA,2.239089187005583e-07
2022-02-22,12,AR1 alpha + Basic + One-Step,NYSE:ENVA,5.854209374168111e-08
2022-02-23,12,AR1 alpha + Basic + One-Step,NYSE:ENVA,0.0
2022-02-24,12,AR1 alpha + Basic + One-Step,NYSE:ENVA,0.0
2022-02-25,12,AR1 alpha + Basic + One-Step,NYSE:ENVA,0.0
2022-02-28,12,AR1 alpha + Basic + One-Step,NYSE:ENVA,2.180752531712697e-07
2022-03-01,12,AR1 alpha + Basic + One-Step,NYSE:ENVA,1.6979055019152995e-07
2022-03-02,12,AR1 alpha + Basic + One-Step,NYSE:ENVA,0.0
2022-03-03,12,AR1 alpha + Basic + One-Step,NYSE:ENVA,0.0
2022-03-04,12,AR1 alpha + Basic + One-Step,NYSE:ENVA,0.0
2022-03-07,12,AR1 alpha + Basic + One-Step,NYSE:ENVA,0.0
2022-03-08,12,AR1 alpha + Basic + One-Step,NYSE:ENVA,7.709809881842564e-07
2022-03-09,12,AR1 alpha + Basic + One-Step,NYSE:ENVA,0.0
2022-03-10,12,AR1 alpha + Basic + One-Step,NYSE:ENVA,0.0
2022-03-11,12,AR1 alpha + Basic + One-Step,NYSE:ENVA,9.138277495579452e-08
2022-03-14,12,AR1 alpha + Basic + One-Step,NYSE:ENVA,0.0
2022-03-15,12,AR1 alpha + Basic + One-Step,NYSE:ENVA,0.0
2022-03-16,12,AR1 alpha + Basic + One-Step,NYSE:ENVA,0.0
2022-03-17,12,AR1 alpha + Basic + One-Step,NYSE:ENVA,2.1068367780594907e-07
2022-03-18,12,AR1 alpha + Basic + One-Step,NYSE:ENVA,0.0
2022-03-21,12,AR1 alpha + Basic + One-Step,NYSE:ENVA,0.0
2022-03-22,12,AR1 alpha + Basic + One-Step,NYSE:ENVA,0.0
2022-03-23,12,AR1 alpha + Basic + One-Step,NYSE:ENVA,1.288831351086603e-08
2022-03-24,12,AR1 alpha + Basic + One-Step,NYSE:ENVA,6.00756397238344e-08
2022-03-25,12,AR1 alpha + Basic + One-Step,NYSE:ENVA,0.0
2022-03-28,12,AR1 alpha + Basic + One-Step,NYSE:ENVA,0.0
2022-03-29,12,AR1 alpha + Basic + One-Step,NYSE:ENVA,0.0
2022-03-30,12,AR1 alpha + Basic + One-Step,NYSE:ENVA,7.945173656537964e-07
2022-03-31,12,AR1 alpha + Basic + One-Step,NYSE:ENVA,0.0
2022-04-01,12,AR1 alpha + Basic + One-Step,NYSE:ENVA,0.0
2022-04-04,12,AR1 alpha + Basic + One-Step,NYSE:ENVA,0.0
2022-04-05,12,AR1 alpha + Basic + One-Step,NYSE:ENVA,0.0
2022-04-06,12,AR1 alpha + Basic + One-Step,NYSE:ENVA,0.0
2022-04-07,12,AR1 alpha + Basic + One-Step,NYSE:ENVA,0.0
2022-04-08,12,AR1 alpha + Basic + One-Step,NYSE:ENVA,0.0
2022-04-11,12,AR1 alpha + Basic + One-Step,NYSE:ENVA,0.0
2022-04-12,12,AR1 alpha + Basic + One-Step,NYSE:ENVA,0.0
2022-04-13,12,AR1 alpha + Basic + One-Step,NYSE:ENVA,2.6452818777982267e-07
2022-04-14,12,AR1 alpha + Basic + One-Step,NYSE:ENVA,0.0
2022-04-18,12,AR1 alpha + Basic + One-Step,NYSE:ENVA,0.0
2022-04-19,12,AR1 alpha + Basic + One-Step,NYSE:ENVA,0.0
2022-04-20,12,AR1 alpha + Basic + One-Step,NYSE:ENVA,5.347057936019633e-08
2022-04-21,12,AR1 alpha + Basic + One-Step,NYSE:ENVA,0.0
2022-04-22,12,AR1 alpha + Basic + One-Step,NYSE:ENVA,0.0
2022-04-25,12,AR1 alpha + Basic + One-Step,NYSE:ENVA,0.0
2022-04-26,12,AR1 alpha + Basic + One-Step,NYSE:ENVA,0.0
2022-04-27,12,AR1 alpha + Basic + One-Step,NYSE:ENVA,0.0
2022-04-28,12,AR1 alpha + Basic + One-Step,NYSE:ENVA,0.0
2022-04-29,12,AR1 alpha + Basic + One-Step,NYSE:ENVA,0.0
2022-05-02,12,AR1 alpha + Basic + One-Step,NYSE:ENVA,0.0
2022-05-03,12,AR1 alpha + Basic + One-Step,NYSE:ENVA,0.0
2022-05-04,12,AR1 alpha + Basic + One-Step,NYSE:ENVA,6.064561261163228e-07
2022-05-05,12,AR1 alpha + Basic + One-Step,NYSE:ENVA,0.0
2022-05-06,12,AR1 alpha + Basic + One-Step,NYSE:ENVA,0.0
2022-05-09,12,AR1 alpha + Basic + One-Step,NYSE:ENVA,0.0
2022-05-10,12,AR1 alpha + Basic + One-Step,NYSE:ENVA,2.5560082744785167e-08
2022-05-11,12,AR1 alpha + Basic + One-Step,NYSE:ENVA,0.0
2022-05-12,12,AR1 alpha + Basic + One-Step,NYSE:ENVA,1.720883682257215e-07
2022-05-13,12,AR1 alpha + Basic + One-Step,NYSE:ENVA,0.0
2022-05-16,12,AR1 alpha + Basic + One-Step,NYSE:ENVA,4.385964846559034e-07
2022-05-17,12,AR1 alpha + Basic + One-Step,NYSE:ENVA,1.2010312392538513e-08
2022-05-18,12,AR1 alpha + Basic + One-Step,NYSE:ENVA,1.8276104668138016e-07
2022-05-19,12,AR1 alpha + Basic + One-Step,NYSE:ENVA,0.0
2022-05-20,12,AR1 alpha + Basic + One-Step,NYSE:ENVA,0.0
2022-05-23,12,AR1 alpha + Basic + One-Step,NYSE:ENVA,0.0
2022-05-24,12,AR1 alpha + Basic + One-Step,NYSE:ENVA,0.0
2022-05-25,12,AR1 alpha + Basic + One-Step,NYSE:ENVA,1.877538567206476e-07
2022-05-26,12,AR1 alpha + Basic + One-Step,NYSE:ENVA,0.0
2022-05-27,12,AR1 alpha + Basic + One-Step,NYSE:ENVA,1.3147568308017936e-08
2022-05-31,12,AR1 alpha + Basic + One-Step,NYSE:ENVA,0.0
2022-06-01,12,AR1 alpha + Basic + One-Step,NYSE:ENVA,6.132026585114575e-09
2022-06-02,12,AR1 alpha + Basic + One-Step,NYSE:ENVA,0.0
2022-06-03,12,AR1 alpha + Basic + One-Step,NYSE:ENVA,0.0
2022-06-06,12,AR1 alpha + Basic + One-Step,NYSE:ENVA,0.0
2022-06-07,12,AR1 alpha + Basic + One-Step,NYSE:ENVA,0.0
2022-06-08,12,AR1 alpha + Basic + One-Step,NYSE:ENVA,0.0
2022-06-09,12,AR1 alpha + Basic + One-Step,NYSE:ENVA,0.0
2022-06-10,12,AR1 alpha + Basic + One-Step,NYSE:ENVA,1.0860588335925654e-07
2022-06-13,12,AR1 alpha + Basic + One-Step,NYSE:ENVA,2.618734535332254e-07
2022-06-14,12,AR1 alpha + Basic + One-Step,NYSE:ENVA,1.6083819726154048e-07
2022-06-15,12,AR1 alpha + Basic + One-Step,NYSE:ENVA,0.0
2022-06-16,12,AR1 alpha + Basic + One-Step,NYSE:ENVA,0.0
2022-06-17,12,AR1 alpha + Basic + One-Step,NYSE:ENVA,0.0
2022-06-21,12,AR1 alpha + Basic + One-Step,NYSE:ENVA,5.974887113982067e-07
2022-06-22,12,AR1 alpha + Basic + One-Step,NYSE:ENVA,1.68875727356286e-07
2022-06-23,12,AR1 alpha + Basic + One-Step,NYSE:ENVA,0.0
2022-06-24,12,AR1 alpha + Basic + One-Step,NYSE:ENVA,0.0
2022-06-27,12,AR1 alpha + Basic + One-Step,NYSE:ENVA,1.7931317724519414e-08
2022-06-28,12,AR1 alpha + Basic + One-Step,NYSE:ENVA,0.0
2022-06-29,12,AR1 alpha + Basic + One-Step,NYSE:ENVA,0.0
2022-06-30,12,AR1 alpha + Basic + One-Step,NYSE:ENVA,0.0
2022-07-01,12,AR1 alpha + Basic + One-Step,NYSE:ENVA,0.0
2022-07-05,12,AR1 alpha + Basic + One-Step,NYSE:ENVA,0.0
2022-07-06,12,AR1 alpha + Basic + One-Step,NYSE:ENVA,0.0
2022-07-07,12,AR1 alpha + Basic + One-Step,NYSE:ENVA,0.0
2022-07-08,12,AR1 alpha + Basic + One-Step,NYSE:ENVA,0.0
2022-07-11,12,AR1 alpha + Basic + One-Step,NYSE:ENVA,0.0
2022-07-12,12,AR1 alpha + Basic + One-Step,NYSE:ENVA,4.1205392161862953e-07
2022-07-13,12,AR1 alpha + Basic + One-Step,NYSE:ENVA,3.557798021757383e-07
2022-07-14,12,AR1 alpha + Basic + One-Step,NYSE:ENVA,0.0
2022-07-15,12,AR1 alpha + Basic + One-Step,NYSE:ENVA,0.0
2022-07-18,12,AR1 alpha + Basic + One-Step,NYSE:ENVA,0.0
2022-07-19,12,AR1 alpha + Basic + One-Step,NYSE:ENVA,0.0
2022-07-20,12,AR1 alpha + Basic + One-Step,NYSE:ENVA,3.6413026325094896e-08
2022-07-21,12,AR1 alpha + Basic + One-Step,NYSE:ENVA,2.0097315072067326e-08
2022-07-22,12,AR1 alpha + Basic + One-Step,NYSE:ENVA,0.0
2022-07-25,12,AR1 alpha + Basic + One-Step,NYSE:ENVA,0.0
2022-07-26,12,AR1 alpha + Basic + One-Step,NYSE:ENVA,0.0
2022-07-27,12,AR1 alpha + Basic + One-Step,NYSE:ENVA,0.0
2022-07-28,12,AR1 alpha + Basic + One-Step,NYSE:ENVA,0.0
2022-07-29,12,AR1 alpha + Basic + One-Step,NYSE:ENVA,0.0
2022-08-01,12,AR1 alpha + Basic + One-Step,NYSE:ENVA,0.0
2022-08-02,12,AR1 alpha + Basic + One-Step,NYSE:ENVA,0.0
2022-08-03,12,AR1 alpha + Basic + One-Step,NYSE:ENVA,0.0
2022-08-04,12,AR1 alpha + Basic + One-Step,NYSE:ENVA,0.0
2022-08-05,12,AR1 alpha + Basic + One-Step,NYSE:ENVA,0.0
2022-08-08,12,AR1 alpha + Basic + One-Step,NYSE:ENVA,0.0
2022-08-09,12,AR1 alpha + Basic + One-Step,NYSE:ENVA,0.0
2022-08-10,12,AR1 alpha + Basic + One-Step,NYSE:ENVA,0.0
2022-08-11,12,AR1 alpha + Basic + One-Step,NYSE:ENVA,0.0
2022-08-12,12,AR1 alpha + Basic + One-Step,NYSE:ENVA,0.0
2022-08-15,12,AR1 alpha + Basic + One-Step,NYSE:ENVA,0.0
2022-08-16,12,AR1 alpha + Basic + One-Step,NYSE:ENVA,0.0
2022-08-17,12,AR1 alpha + Basic + One-Step,NYSE:ENVA,0.0
2022-08-18,12,AR1 alpha + Basic + One-Step,NYSE:ENVA,0.0
2022-08-19,12,AR1 alpha + Basic + One-Step,NYSE:ENVA,0.0
2022-08-22,12,AR1 alpha + Basic + One-Step,NYSE:ENVA,0.0
2022-08-23,12,AR1 alpha + Basic + One-Step,NYSE:ENVA,0.0
2022-08-24,12,AR1 alpha + Basic + One-Step,NYSE:ENVA,1.5364047564871783e-07
2022-08-25,12,AR1 alpha + Basic + One-Step,NYSE:ENVA,0.0
2022-08-26,12,AR1 alpha + Basic + One-Step,NYSE:ENVA,0.0
2022-08-29,12,AR1 alpha + Basic + One-Step,NYSE:ENVA,0.0
2022-08-30,12,AR1 alpha + Basic + One-Step,NYSE:ENVA,0.0
2022-08-31,12,AR1 alpha + Basic + One-Step,NYSE:ENVA,0.0
2022-09-01,12,AR1 alpha + Basic + One-Step,NYSE:ENVA,0.0
2022-09-02,12,AR1 alpha + Basic + One-Step,NYSE:ENVA,0.0
2022-09-06,12,AR1 alpha + Basic + One-Step,NYSE:ENVA,0.0
2022-09-07,12,AR1 alpha + Basic + One-Step,NYSE:ENVA,0.0
2022-09-08,12,AR1 alpha + Basic + One-Step,NYSE:ENVA,2.521202053800864e-07
2022-09-09,12,AR1 alpha + Basic + One-Step,NYSE:ENVA,4.528500527423771e-07
2022-09-12,12,AR1 alpha + Basic + One-Step,NYSE:ENVA,0.0
2022-09-13,12,AR1 alpha + Basic + One-Step,NYSE:ENVA,0.0
2022-09-14,12,AR1 alpha + Basic + One-Step,NYSE:ENVA,9.689174794064788e-08
2022-09-15,12,AR1 alpha + Basic + One-Step,NYSE:ENVA,3.361514137696289e-08
2022-09-16,12,AR1 alpha + Basic + One-Step,NYSE:ENVA,2.7736094797899853e-08
2022-09-19,12,AR1 alpha + Basic + One-Step,NYSE:ENVA,0.0
2022-09-20,12,AR1 alpha + Basic + One-Step,NYSE:ENVA,1.8264860870120925e-07
2022-09-21,12,AR1 alpha + Basic + One-Step,NYSE:ENVA,0.0
2022-09-22,12,AR1 alpha + Basic + One-Step,NYSE:ENVA,0.0
2022-09-23,12,AR1 alpha + Basic + One-Step,NYSE:ENVA,0.0
2022-09-26,12,AR1 alpha + Basic + One-Step,NYSE:ENVA,3.4388842215454937e-09
2022-09-27,12,AR1 alpha + Basic + One-Step,NYSE:ENVA,0.0
2022-09-28,12,AR1 alpha + Basic + One-Step,NYSE:ENVA,0.0
2022-09-29,12,AR1 alpha + Basic + One-Step,NYSE:ENVA,0.0
2022-09-30,12,AR1 alpha + Basic + One-Step,NYSE:ENVA,0.0
2022-10-03,12,AR1 alpha + Basic + One-Step,NYSE:ENVA,0.0
2022-10-04,12,AR1 alpha + Basic + One-Step,NYSE:ENVA,0.0
2022-10-05,12,AR1 alpha + Basic + One-Step,NYSE:ENVA,0.0
2022-10-06,12,AR1 alpha + Basic + One-Step,NYSE:ENVA,0.0
2022-10-07,12,AR1 alpha + Basic + One-Step,NYSE:ENVA,0.0
2022-10-10,12,AR1 alpha + Basic + One-Step,NYSE:ENVA,0.0
2022-10-11,12,AR1 alpha + Basic + One-Step,NYSE:ENVA,9.368695707045412e-07
2022-10-12,12,AR1 alpha + Basic + One-Step,NYSE:ENVA,3.7414562486959786e-07
2022-10-13,12,AR1 alpha + Basic + One-Step,NYSE:ENVA,0.0
2022-10-14,12,AR1 alpha + Basic + One-Step,NYSE:ENVA,0.0
2022-10-17,12,AR1 alpha + Basic + One-Step,NYSE:ENVA,0.0
2022-10-18,12,AR1 alpha + Basic + One-Step,NYSE:ENVA,0.0
2022-10-19,12,AR1 alpha + Basic + One-Step,NYSE:ENVA,1.4300819168194302e-08
2022-10-20,12,AR1 alpha + Basic + One-Step,NYSE:ENVA,3.55305219898412e-09
2022-10-21,12,AR1 alpha + Basic + One-Step,NYSE:ENVA,5.8517285282942524e-08
2022-10-24,12,AR1 alpha + Basic + One-Step,NYSE:ENVA,0.0
2022-10-25,12,AR1 alpha + Basic + One-Step,NYSE:ENVA,0.0
2022-10-26,12,AR1 alpha + Basic + One-Step,NYSE:ENVA,0.0
2022-10-27,12,AR1 alpha + Basic + One-Step,NYSE:ENVA,0.0
2022-10-28,12,AR1 alpha + Basic + One-Step,NYSE:ENVA,0.0
2022-10-31,12,AR1 alpha + Basic + One-Step,NYSE:ENVA,0.007789445820270508
2022-11-01,12,AR1 alpha + Basic + One-Step,NYSE:ENVA,0.005801800195655601
2022-11-02,12,AR1 alpha + Basic + One-Step,NYSE:ENVA,0.026742497607188966
2022-11-03,12,AR1 alpha + Basic + One-Step,NYSE:ENVA,9.206033946724316e-07
2022-11-04,12,AR1 alpha + Basic + One-Step,NYSE:ENVA,5.343292943890007e-07
2022-11-07,12,AR1 alpha + Basic + One-Step,NYSE:ENVA,9.274871987707426e-08
2022-11-08,12,AR1 alpha + Basic + One-Step,NYSE:ENVA,0.02644425642732011
2022-11-09,12,AR1 alpha + Basic + One-Step,NYSE:ENVA,0.0
2022-11-10,12,AR1 alpha + Basic + One-Step,NYSE:ENVA,0.0
2022-11-11,12,AR1 alpha + Basic + One-Step,NYSE:ENVA,1.2145606777906406e-07
2022-11-14,12,AR1 alpha + Basic + One-Step,NYSE:ENVA,0.0
2022-11-15,12,AR1 alpha + Basic + One-Step,NYSE:ENVA,0.0
2022-11-16,12,AR1 alpha + Basic + One-Step,NYSE:ENVA,0.0
2022-11-17,12,AR1 alpha + Basic + One-Step,NYSE:ENVA,0.0
2022-11-18,12,AR1 alpha + Basic + One-Step,NYSE:ENVA,2.705078613551598e-07
2022-11-21,12,AR1 alpha + Basic + One-Step,NYSE:ENVA,3.985072064533227e-07
2022-11-22,12,AR1 alpha + Basic + One-Step,NYSE:ENVA,1.577643004679997e-07
2022-11-23,12,AR1 alpha + Basic + One-Step,NYSE:ENVA,0.0
2022-11-25,12,AR1 alpha + Basic + One-Step,NYSE:ENVA,0.0
2022-11-28,12,AR1 alpha + Basic + One-Step,NYSE:ENVA,4.6819879010956374e-07
2022-11-29,12,AR1 alpha + Basic + One-Step,NYSE:ENVA,0.0
2022-11-30,12,AR1 alpha + Basic + One-Step,NYSE:ENVA,0.0
2022-12-01,12,AR1 alpha + Basic + One-Step,NYSE:ENVA,0.0
2022-12-02,12,AR1 alpha + Basic + One-Step,NYSE:ENVA,0.0
2022-12-05,12,AR1 alpha + Basic + One-Step,NYSE:ENVA,0.0
2022-12-06,12,AR1 alpha + Basic + One-Step,NYSE:ENVA,0.0
2022-12-07,12,AR1 alpha + Basic + One-Step,NYSE:ENVA,0.0
2022-12-08,12,AR1 alpha + Basic + One-Step,NYSE:ENVA,0.0
2022-12-09,12,AR1 alpha + Basic + One-Step,NYSE:ENVA,0.0
2022-12-12,12,AR1 alpha + Basic + One-Step,NYSE:ENVA,1.4984066725597352e-08
2022-12-13,12,AR1 alpha + Basic + One-Step,NYSE:ENVA,3.648989930150255e-07
2022-12-14,12,AR1 alpha + Basic + One-Step,NYSE:ENVA,9.354571524854334e-08
2022-12-15,12,AR1 alpha + Basic + One-Step,NYSE:ENVA,0.0
2022-12-16,12,AR1 alpha + Basic + One-Step,NYSE:ENVA,0.0
2022-12-19,12,AR1 alpha + Basic + One-Step,NYSE:ENVA,0.0
2022-12-20,12,AR1 alpha + Basic + One-Step,NYSE:ENVA,0.0
2022-12-21,12,AR1 alpha + Basic + One-Step,NYSE:ENVA,0.0
2022-12-22,12,AR1 alpha + Basic + One-Step,NYSE:ENVA,0.0
2022-12-23,12,AR1 alpha + Basic + One-Step,NYSE:ENVA,0.0
2022-12-27,12,AR1 alpha + Basic + One-Step,NYSE:ENVA,1.633700424436527e-07
2022-12-28,12,AR1 alpha + Basic + One-Step,NYSE:ENVA,0.0
2022-12-29,12,AR1 alpha + Basic + One-Step,NYSE:ENVA,5.483258590008799e-08
2022-12-30,12,AR1 alpha + Basic + One-Step,NYSE:ENVA,0.0
2023-01-03,12,AR1 alpha + Basic + One-Step,NYSE:ENVA,1.5893087738539818e-07
2023-01-04,12,AR1 alpha + Basic + One-Step,NYSE:ENVA,0.0
2023-01-05,12,AR1 alpha + Basic + One-Step,NYSE:ENVA,0.0
2023-01-06,12,AR1 alpha + Basic + One-Step,NYSE:ENVA,0.0
2023-01-09,12,AR1 alpha + Basic + One-Step,NYSE:ENVA,0.0
2023-01-10,12,AR1 alpha + Basic + One-Step,NYSE:ENVA,0.0
2023-01-11,12,AR1 alpha + Basic + One-Step,NYSE:ENVA,1.3736161469288986e-08
2023-01-12,12,AR1 alpha + Basic + One-Step,NYSE:ENVA,0.0
2023-01-13,12,AR1 alpha + Basic + One-Step,NYSE:ENVA,1.2541142710769796e-08
2023-01-17,12,AR1 alpha + Basic + One-Step,NYSE:ENVA,0.0
2023-01-18,12,AR1 alpha + Basic + One-Step,NYSE:ENVA,0.0
2023-01-19,12,AR1 alpha + Basic + One-Step,NYSE:ENVA,0.0
2023-01-20,12,AR1 alpha + Basic + One-Step,NYSE:ENVA,0.0
2023-01-23,12,AR1 alpha + Basic + One-Step,NYSE:ENVA,0.0
2023-01-24,12,AR1 alpha + Basic + One-Step,NYSE:ENVA,0.0
2023-01-25,12,AR1 alpha + Basic + One-Step,NYSE:ENVA,0.0
2023-01-26,12,AR1 alpha + Basic + One-Step,NYSE:ENVA,0.0
2023-01-27,12,AR1 alpha + Basic + One-Step,NYSE:ENVA,0.0
2023-01-30,12,AR1 alpha + Basic + One-Step,NYSE:ENVA,0.0
2023-01-31,12,AR1 alpha + Basic + One-Step,NYSE:ENVA,0.0
2023-02-01,12,AR1 alpha + Basic + One-Step,NYSE:ENVA,0.0
2023-02-02,12,AR1 alpha + Basic + One-Step,NYSE:ENVA,3.546716752672576e-07
2023-02-03,12,AR1 alpha + Basic + One-Step,NYSE:ENVA,0.0
2023-02-06,12,AR1 alpha + Basic + One-Step,NYSE:ENVA,0.0029059523882618834
2023-02-07,12,AR1 alpha + Basic + One-Step,NYSE:ENVA,0.0
2023-02-08,12,AR1 alpha + Basic + One-Step,NYSE:ENVA,0.021314114234356158
2023-02-09,12,AR1 alpha + Basic + One-Step,NYSE:ENVA,0.03791212441964754
2023-02-10,12,AR1 alpha + Basic + One-Step,NYSE:ENVA,0.0
2023-02-13,12,AR1 alpha + Basic + One-Step,NYSE:ENVA,0.0
2023-02-14,12,AR1 alpha + Basic + One-Step,NYSE:ENVA,0.0
2023-02-15,12,AR1 alpha + Basic + One-Step,NYSE:ENVA,0.0
2023-02-16,12,AR1 alpha + Basic + One-Step,NYSE:ENVA,7.982718418686666e-09
2023-02-17,12,AR1 alpha + Basic + One-Step,NYSE:ENVA,0.0
2023-02-21,12,AR1 alpha + Basic + One-Step,NYSE:ENVA,0.0
2023-02-22,12,AR1 alpha + Basic + One-Step,NYSE:ENVA,0.0
2023-02-23,12,AR1 alpha + Basic + One-Step,NYSE:ENVA,0.0
2023-02-24,12,AR1 alpha + Basic + One-Step,NYSE:ENVA,0.0
2023-02-27,12,AR1 alpha + Basic + One-Step,NYSE:ENVA,0.0
2023-02-28,12,AR1 alpha + Basic + One-Step,NYSE:ENVA,0.0
2023-03-01,12,AR1 alpha + Basic + One-Step,NYSE:ENVA,0.0
2023-03-02,12,AR1 alpha + Basic + One-Step,NYSE:ENVA,0.0
2023-03-03,12,AR1 alpha + Basic + One-Step,NYSE:ENVA,0.0
2023-03-06,12,AR1 alpha + Basic + One-Step,NYSE:ENVA,0.0
2023-03-07,12,AR1 alpha + Basic + One-Step,NYSE:ENVA,0.005093976357459446
2023-03-08,12,AR1 alpha + Basic + One-Step,NYSE:ENVA,0.010041212486345001
2023-03-09,12,AR1 alpha + Basic + One-Step,NYSE:ENVA,0.029309199942770685
2023-03-10,12,AR1 alpha + Basic + One-Step,NYSE:ENVA,0.02411334629541935
2023-03-13,12,AR1 alpha + Basic + One-Step,NYSE:ENVA,6.79778698517679e-07
2023-03-14,12,AR1 alpha + Basic + One-Step,NYSE:ENVA,0.0
2023-03-15,12,AR1 alpha + Basic + One-Step,NYSE:ENVA,1.9922002750042075e-08
2023-03-16,12,AR1 alpha + Basic + One-Step,NYSE:ENVA,2.862554915524279e-08
2023-03-17,12,AR1 alpha + Basic + One-Step,NYSE:ENVA,0.0
2023-03-20,12,AR1 alpha + Basic + One-Step,NYSE:ENVA,0.0
2023-03-21,12,AR1 alpha + Basic + One-Step,NYSE:ENVA,0.0
2023-03-22,12,AR1 alpha + Basic + One-Step,NYSE:ENVA,0.0
2023-03-23,12,AR1 alpha + Basic + One-Step,NYSE:ENVA,1.8590565015602308e-08
2023-03-24,12,AR1 alpha + Basic + One-Step,NYSE:ENVA,0.0
2023-03-27,12,AR1 alpha + Basic + One-Step,NYSE:ENVA,0.0
2023-03-28,12,AR1 alpha + Basic + One-Step,NYSE:ENVA,0.0
2023-03-29,12,AR1 alpha + Basic + One-Step,NYSE:ENVA,0.0
2023-03-30,12,AR1 alpha + Basic + One-Step,NYSE:ENVA,0.0
2023-03-31,12,AR1 alpha + Basic + One-Step,NYSE:ENVA,2.0791363104546323e-07
2023-04-03,12,AR1 alpha + Basic + One-Step,NYSE:ENVA,0.0
2023-04-04,12,AR1 alpha + Basic + One-Step,NYSE:ENVA,0.0
2023-04-05,12,AR1 alpha + Basic + One-Step,NYSE:ENVA,1.2647638297953046e-07
2023-04-06,12,AR1 alpha + Basic + One-Step,NYSE:ENVA,2.49645882693125e-07
2023-04-10,12,AR1 alpha + Basic + One-Step,NYSE:ENVA,2.0527905949265845e-07
2023-04-11,12,AR1 alpha + Basic + One-Step,NYSE:ENVA,2.6052111510551726e-08
2023-04-12,12,AR1 alpha + Basic + One-Step,NYSE:ENVA,0.0
2023-04-13,12,AR1 alpha + Basic + One-Step,NYSE:ENVA,6.870207330284903e-09
2023-04-14,12,AR1 alpha + Basic + One-Step,NYSE:ENVA,0.0
2023-04-17,12,AR1 alpha + Basic + One-Step,NYSE:ENVA,0.0
2023-04-18,12,AR1 alpha + Basic + One-Step,NYSE:ENVA,0.028809720137836232
2023-04-19,12,AR1 alpha + Basic + One-Step,NYSE:ENVA,0.05332470254811112
2023-04-20,12,AR1 alpha + Basic + One-Step,NYSE:ENVA,0.047728462633820336
2023-04-21,12,AR1 alpha + Basic + One-Step,NYSE:ENVA,0.04702220908651231
2023-04-24,12,AR1 alpha + Basic + One-Step,NYSE:ENVA,0.04413753432500291
2023-04-25,12,AR1 alpha + Basic + One-Step,NYSE:ENVA,0.0
2023-04-26,12,AR1 alpha + Basic + One-Step,NYSE:ENVA,4.823937772688304e-10
2023-04-27,12,AR1 alpha + Basic + One-Step,NYSE:ENVA,0.0
2023-04-28,12,AR1 alpha + Basic + One-Step,NYSE:ENVA,4.860561230929646e-09
2023-05-01,12,AR1 alpha + Basic + One-Step,NYSE:ENVA,8.263260018553462e-09
2023-05-02,12,AR1 alpha + Basic + One-Step,NYSE:ENVA,5.777583502093624e-08
2023-05-03,12,AR1 alpha + Basic + One-Step,NYSE:ENVA,0.0
2023-05-04,12,AR1 alpha + Basic + One-Step,NYSE:ENVA,0.0
2023-05-05,12,AR1 alpha + Basic + One-Step,NYSE:ENVA,8.525194722940138e-08
2023-05-08,12,AR1 alpha + Basic + One-Step,NYSE:ENVA,3.389958828782686e-08
2023-05-09,12,AR1 alpha + Basic + One-Step,NYSE:ENVA,0.0
2023-05-10,12,AR1 alpha + Basic + One-Step,NYSE:ENVA,8.576167429676254e-08
2023-05-11,12,AR1 alpha + Basic + One-Step,NYSE:ENVA,5.51355528833529e-07
2023-05-12,12,AR1 alpha + Basic + One-Step,NYSE:ENVA,9.003793582908811e-07
2023-05-15,12,AR1 alpha + Basic + One-Step,NYSE:ENVA,2.9883612795114e-07
2023-05-16,12,AR1 alpha + Basic + One-Step,NYSE:ENVA,0.0
2023-05-17,12,AR1 alpha + Basic + One-Step,NYSE:ENVA,5.626286193350497e-08
2023-05-18,12,AR1 alpha + Basic + One-Step,NYSE:ENVA,0.0
2023-05-19,12,AR1 alpha + Basic + One-Step,NYSE:ENVA,0.0
2023-05-22,12,AR1 alpha + Basic + One-Step,NYSE:ENVA,0.009384272930499846
2023-05-23,12,AR1 alpha + Basic + One-Step,NYSE:ENVA,0.047396925477308345
2023-05-24,12,AR1 alpha + Basic + One-Step,NYSE:ENVA,0.06391262989894621
2023-05-25,12,AR1 alpha + Basic + One-Step,NYSE:ENVA,0.06679161554873073
2023-05-26,12,AR1 alpha + Basic + One-Step,NYSE:ENVA,0.07026567466622238
2023-05-30,12,AR1 alpha + Basic + One-Step,NYSE:ENVA,0.037662522846869106
2023-05-31,12,AR1 alpha + Basic + One-Step,NYSE:ENVA,0.06046702680848928
2023-06-01,12,AR1 alpha + Basic + One-Step,NYSE:ENVA,0.0604670158714125
2023-06-02,12,AR1 alpha + Basic + One-Step,NYSE:ENVA,0.07845532767499844
2023-06-05,12,AR1 alpha + Basic + One-Step,NYSE:ENVA,0.09118424624421351
2023-06-06,12,AR1 alpha + Basic + One-Step,NYSE:ENVA,0.08985609750478486
2023-06-07,12,AR1 alpha + Basic + One-Step,NYSE:ENVA,0.10000011652084606
2023-06-08,12,AR1 alpha + Basic + One-Step,NYSE:ENVA,0.09952071350815775
2023-06-09,12,AR1 alpha + Basic + One-Step,NYSE:ENVA,0.1000008345228324
2023-06-12,12,AR1 alpha + Basic + One-Step,NYSE:ENVA,0.09999796809975724
2023-06-13,12,AR1 alpha + Basic + One-Step,NYSE:ENVA,0.09999946986436778
2023-06-14,12,AR1 alpha + Basic + One-Step,NYSE:ENVA,0.09148045581529411
2023-06-15,12,AR1 alpha + Basic + One-Step,NYSE:ENVA,0.09999533208503979
2023-06-16,12,AR1 alpha + Basic + One-Step,NYSE:ENVA,0.0999982234720055
2023-06-20,12,AR1 alpha + Basic + One-Step,NYSE:ENVA,0.0999954120989474
2023-06-21,12,AR1 alpha + Basic + One-Step,NYSE:ENVA,0.09999780841574869
2023-06-22,12,AR1 alpha + Basic + One-Step,NYSE:ENVA,0.09999903898274436
2023-06-23,12,AR1 alpha + Basic + One-Step,NYSE:ENVA,0.0999983182970532
2023-06-26,12,AR1 alpha + Basic + One-Step,NYSE:ENVA,0.09999878958157885
2023-06-27,12,AR1 alpha + Basic + One-Step,NYSE:ENVA,0.09999621440653648
2023-06-28,12,AR1 alpha + Basic + One-Step,NYSE:ENVA,0.09999846326950886
2023-06-29,12,AR1 alpha + Basic + One-Step,NYSE:ENVA,0.09999795045331793
2023-06-30,12,AR1 alpha + Basic + One-Step,NYSE:ENVA,0.09999802280702214
2023-07-03,12,AR1 alpha + Basic + One-Step,NYSE:ENVA,0.0999983282519018
2023-07-05,12,AR1 alpha + Basic + One-Step,NYSE:ENVA,0.09999983675587318
2023-07-06,12,AR1 alpha + Basic + One-Step,NYSE:ENVA,0.09999548000215885
2023-07-07,12,AR1 alpha + Basic + One-Step,NYSE:ENVA,0.09999431674070636
2023-07-10,12,AR1 alpha + Basic + One-Step,NYSE:ENVA,0.09999878130667748
2023-07-11,12,AR1 alpha + Basic + One-Step,NYSE:ENVA,0.09837133956333124
2023-07-12,12,AR1 alpha + Basic + One-Step,NYSE:ENVA,0.0912217255519257
2023-07-13,12,AR1 alpha + Basic + One-Step,NYSE:ENVA,0.09999865048614812
2023-07-14,12,AR1 alpha + Basic + One-Step,NYSE:ENVA,0.0999995330528102
2023-07-17,12,AR1 alpha + Basic + One-Step,NYSE:ENVA,0.10000026434814303
2023-07-18,12,AR1 alpha + Basic + One-Step,NYSE:ENVA,0.10000098841596926
2023-07-19,12,AR1 alpha + Basic + One-Step,NYSE:ENVA,0.10000000000000003
2023-07-20,12,AR1 alpha + Basic + One-Step,NYSE:ENVA,0.09999999999999999
2023-07-21,12,AR1 alpha + Basic + One-Step,NYSE:ENVA,0.09999808201655576
2023-07-24,12,AR1 alpha + Basic + One-Step,NYSE:ENVA,0.09999477826394809
2023-07-25,12,AR1 alpha + Basic + One-Step,NYSE:ENVA,0.09999225495432754
2023-07-26,12,AR1 alpha + Basic + One-Step,NYSE:ENVA,0.09999527597901761
2023-07-27,12,AR1 alpha + Basic + One-Step,NYSE:ENVA,0.09999289649437301
2023-07-28,12,AR1 alpha + Basic + One-Step,NYSE:ENVA,0.0999943223788648
2023-07-31,12,AR1 alpha + Basic + One-Step,NYSE:ENVA,0.09999116484167045
2023-08-01,12,AR1 alpha + Basic + One-Step,NYSE:ENVA,0.09772410832015864
2023-08-02,12,AR1 alpha + Basic + One-Step,NYSE:ENVA,0.0999997868155709
2023-08-03,12,AR1 alpha + Basic + One-Step,NYSE:ENVA,0.09999433712365542
2023-08-04,12,AR1 alpha + Basic + One-Step,NYSE:ENVA,0.09999726802777555
2023-08-07,12,AR1 alpha + Basic + One-Step,NYSE:ENVA,0.09999874875366525
2023-08-08,12,AR1 alpha + Basic + One-Step,NYSE:ENVA,0.09999663768136863
2023-08-09,12,AR1 alpha + Basic + One-Step,NYSE:ENVA,0.09999460705118901
2023-08-10,12,AR1 alpha + Basic + One-Step,NYSE:ENVA,0.09999473149095521
2023-08-11,12,AR1 alpha + Basic + One-Step,NYSE:ENVA,0.09999829768553196
2023-08-14,12,AR1 alpha + Basic + One-Step,NYSE:ENVA,0.09999808423632478
2023-08-15,12,AR1 alpha + Basic + One-Step,NYSE:ENVA,0.09999829655062732
2023-08-16,12,AR1 alpha + Basic + One-Step,NYSE:ENVA,0.09999490686075738
2023-08-17,12,AR1 alpha + Basic + One-Step,NYSE:ENVA,0.08511240605943188
2023-08-18,12,AR1 alpha + Basic + One-Step,NYSE:ENVA,0.05039524538017711
2023-08-21,12,AR1 alpha + Basic + One-Step,NYSE:ENVA,0.049731330867070725
2023-08-22,12,AR1 alpha + Basic + One-Step,NYSE:ENVA,0.051815366805756415
2023-08-23,12,AR1 alpha + Basic + One-Step,NYSE:ENVA,0.08118401189880854
2023-08-24,12,AR1 alpha + Basic + One-Step,NYSE:ENVA,0.025274115579417708
2023-08-25,12,AR1 alpha + Basic + One-Step,NYSE:ENVA,0.03252714702716073
2023-08-28,12,AR1 alpha + Basic + One-Step,NYSE:ENVA,0.03675634139936285
2023-08-29,12,AR1 alpha + Basic + One-Step,NYSE:ENVA,0.009742003942581332
2023-08-30,12,AR1 alpha + Basic + One-Step,NYSE:ENVA,0.04537177318454447
2023-08-31,12,AR1 alpha + Basic + One-Step,NYSE:ENVA,0.045371696932319114
2023-09-01,12,AR1 alpha + Basic + One-Step,NYSE:ENVA,0.025633744010865215
2023-09-05,12,AR1 alpha + Basic + One-Step,NYSE:ENVA,0.011932943598685547
2023-09-06,12,AR1 alpha + Basic + One-Step,NYSE:ENVA,0.000533107532278065
2023-09-07,12,AR1 alpha + Basic + One-Step,NYSE:ENVA,0.024061614228171952
2023-09-08,12,AR1 alpha + Basic + One-Step,NYSE:ENVA,0.01859386734950304
2023-09-11,12,AR1 alpha + Basic + One-Step,NYSE:ENVA,0.02056123364391548
2023-09-12,12,AR1 alpha + Basic + One-Step,NYSE:ENVA,0.01577303899991271
2023-09-13,12,AR1 alpha + Basic + One-Step,NYSE:ENVA,0.052109562492122716
2023-09-14,12,AR1 alpha + Basic + One-Step,NYSE:ENVA,0.04476167951693535
2023-09-15,12,AR1 alpha + Basic + One-Step,NYSE:ENVA,0.06326064163845237
2023-09-18,12,AR1 alpha + Basic + One-Step,NYSE:ENVA,0.03977841912281438
2023-09-19,12,AR1 alpha + Basic + One-Step,NYSE:ENVA,0.0583902315682646
2023-09-20,12,AR1 alpha + Basic + One-Step,NYSE:ENVA,0.07444066340573761
2023-09-21,12,AR1 alpha + Basic + One-Step,NYSE:ENVA,0.06692017640429383
2023-09-22,12,AR1 alpha + Basic + One-Step,NYSE:ENVA,0.06732079028914947
2023-09-25,12,AR1 alpha + Basic + One-Step,NYSE:ENVA,0.07371531307507673
2023-09-26,12,AR1 alpha + Basic + One-Step,NYSE:ENVA,0.06797172097525564
2023-09-27,12,AR1 alpha + Basic + One-Step,NYSE:ENVA,0.026193644971583826
2023-09-28,12,AR1 alpha + Basic + One-Step,NYSE:ENVA,3.893754650414691e-07
2023-09-29,12,AR1 alpha + Basic + One-Step,NYSE:ENVA,0.05042394124349109
2023-10-02,12,AR1 alpha + Basic + One-Step,NYSE:ENVA,0.09999958005000865
2023-10-03,12,AR1 alpha + Basic + One-Step,NYSE:ENVA,0.09999916360907846
2023-10-04,12,AR1 alpha + Basic + One-Step,NYSE:ENVA,0.09999579100329603
2023-10-05,12,AR1 alpha + Basic + One-Step,NYSE:ENVA,0.09999759653491798
2023-10-06,12,AR1 alpha + Basic + One-Step,NYSE:ENVA,0.09999235251953817
2023-10-09,12,AR1 alpha + Basic + One-Step,NYSE:ENVA,0.09999761800965531
2023-10-10,12,AR1 alpha + Basic + One-Step,NYSE:ENVA,0.09999619763280666
2023-10-11,12,AR1 alpha + Basic + One-Step,NYSE:ENVA,0.09999860112140309
2023-10-12,12,AR1 alpha + Basic + One-Step,NYSE:ENVA,0.09999758423367025
2023-10-13,12,AR1 alpha + Basic + One-Step,NYSE:ENVA,0.09999903189379497
2023-10-16,12,AR1 alpha + Basic + One-Step,NYSE:ENVA,0.09999938353994606
2023-10-17,12,AR1 alpha + Basic + One-Step,NYSE:ENVA,0.09999976571144567
2023-10-18,12,AR1 alpha + Basic + One-Step,NYSE:ENVA,0.09108716988220467
2023-10-19,12,AR1 alpha + Basic + One-Step,NYSE:ENVA,0.09687373392836109
2023-10-20,12,AR1 alpha + Basic + One-Step,NYSE:ENVA,0.07190777397194538
2023-10-23,12,AR1 alpha + Basic + One-Step,NYSE:ENVA,0.049866754692241604
2023-10-24,12,AR1 alpha + Basic + One-Step,NYSE:ENVA,0.07721884096564803
2023-10-25,12,AR1 alpha + Basic + One-Step,NYSE:ENVA,0.0
2023-10-26,12,AR1 alpha + Basic + One-Step,NYSE:ENVA,0.0
2023-10-27,12,AR1 alpha + Basic + One-Step,NYSE:ENVA,0.0
2023-10-30,12,AR1 alpha + Basic + One-Step,NYSE:ENVA,5.299768974551855e-09
2023-10-31,12,AR1 alpha + Basic + One-Step,NYSE:ENVA,0.0
2023-11-01,12,AR1 alpha + Basic + One-Step,NYSE:ENVA,0.0
2023-11-02,12,AR1 alpha + Basic + One-Step,NYSE:ENVA,0.0
2023-11-03,12,AR1 alpha + Basic + One-Step,NYSE:ENVA,0.0
2023-11-06,12,AR1 alpha + Basic + One-Step,NYSE:ENVA,0.0
2023-11-07,12,AR1 alpha + Basic + One-Step,NYSE:ENVA,1.0387215603543408e-08
2023-11-08,12,AR1 alpha + Basic + One-Step,NYSE:ENVA,2.0463282003655705e-08
2023-11-09,12,AR1 alpha + Basic + One-Step,NYSE:ENVA,0.0
2023-11-10,12,AR1 alpha + Basic + One-Step,NYSE:ENVA,0.0
2023-11-13,12,AR1 alpha + Basic + One-Step,NYSE:ENVA,0.0
2023-11-14,12,AR1 alpha + Basic + One-Step,NYSE:ENVA,0.0
2023-11-15,12,AR1 alpha + Basic + One-Step,NYSE:ENVA,0.0
2023-11-16,12,AR1 alpha + Basic + One-Step,NYSE:ENVA,0.0
2023-11-17,12,AR1 alpha + Basic + One-Step,NYSE:ENVA,4.0879142565068805e-08
2023-11-20,12,AR1 alpha + Basic + One-Step,NYSE:ENVA,0.0
2023-11-21,12,AR1 alpha + Basic + One-Step,NYSE:ENVA,0.0
2023-11-22,12,AR1 alpha + Basic + One-Step,NYSE:ENVA,0.0
2023-11-24,12,AR1 alpha + Basic + One-Step,NYSE:ENVA,0.0
2023-11-27,12,AR1 alpha + Basic + One-Step,NYSE:ENVA,0.0
2023-11-28,12,AR1 alpha + Basic + One-Step,NYSE:ENVA,1.2956653004883208e-08
2023-11-29,12,AR1 alpha + Basic + One-Step,NYSE:ENVA,0.0
2023-11-30,12,AR1 alpha + Basic + One-Step,NYSE:ENVA,0.0
2023-12-01,12,AR1 alpha + Basic + One-Step,NYSE:ENVA,2.3491306175764875e-07
2023-12-04,12,AR1 alpha + Basic + One-Step,NYSE:ENVA,0.0
2023-12-05,12,AR1 alpha + Basic + One-Step,NYSE:ENVA,0.0
2023-12-06,12,AR1 alpha + Basic + One-Step,NYSE:ENVA,0.0
2023-12-07,12,AR1 alpha + Basic + One-Step,NYSE:ENVA,0.02700181739994483
2023-12-08,12,AR1 alpha + Basic + One-Step,NYSE:ENVA,0.015302201279024819
2023-12-11,12,AR1 alpha + Basic + One-Step,NYSE:ENVA,0.032392527751867996
2023-12-12,12,AR1 alpha + Basic + One-Step,NYSE:ENVA,0.02373392758275287
2023-12-13,12,AR1 alpha + Basic + One-Step,NYSE:ENVA,0.08640006170931075
2023-12-14,12,AR1 alpha + Basic + One-Step,NYSE:ENVA,0.08660217048527037
2023-12-15,12,AR1 alpha + Basic + One-Step,NYSE:ENVA,0.09262689940092983
2023-12-18,12,AR1 alpha + Basic + One-Step,NYSE:ENVA,0.06704711797388879
2023-12-19,12,AR1 alpha + Basic + One-Step,NYSE:ENVA,0.08144670378441972
2023-12-20,12,AR1 alpha + Basic + One-Step,NYSE:ENVA,0.05660816965590764
2023-12-21,12,AR1 alpha + Basic + One-Step,NYSE:ENVA,0.06390291929201083
2023-12-22,12,AR1 alpha + Basic + One-Step,NYSE:ENVA,0.046785058618545844
2023-12-26,12,AR1 alpha + Basic + One-Step,NYSE:ENVA,0.0489784840713341
2023-12-27,12,AR1 alpha + Basic + One-Step,NYSE:ENVA,0.037124939043258934
2023-12-28,12,AR1 alpha + Basic + One-Step,NYSE:ENVA,0.013341043987593018
2023-12-29,12,AR1 alpha + Basic + One-Step,NYSE:ENVA,0.0
2024-01-02,12,AR1 alpha + Basic + One-Step,NYSE:ENVA,0.0
2024-01-03,12,AR1 alpha + Basic + One-Step,NYSE:ENVA,0.0
2024-01-04,12,AR1 alpha + Basic + One-Step,NYSE:ENVA,0.0
2024-01-05,12,AR1 alpha + Basic + One-Step,NYSE:ENVA,0.0
2024-01-08,12,AR1 alpha + Basic + One-Step,NYSE:ENVA,0.05275049732367851
2024-01-09,12,AR1 alpha + Basic + One-Step,NYSE:ENVA,0.0026192832042406665
2024-01-10,12,AR1 alpha + Basic + One-Step,NYSE:ENVA,0.0
2024-01-11,12,AR1 alpha + Basic + One-Step,NYSE:ENVA,2.3169334795382268e-07
2024-01-12,12,AR1 alpha + Basic + One-Step,NYSE:ENVA,0.0
2024-01-16,12,AR1 alpha + Basic + One-Step,NYSE:ENVA,0.004418759300233927
2024-01-17,12,AR1 alpha + Basic + One-Step,NYSE:ENVA,0.007427809781131485
2024-01-18,12,AR1 alpha + Basic + One-Step,NYSE:ENVA,0.01759938005621811
2024-01-19,12,AR1 alpha + Basic + One-Step,NYSE:ENVA,0.026881890377435838
2024-01-22,12,AR1 alpha + Basic + One-Step,NYSE:ENVA,0.04671300815469092
2024-01-23,12,AR1 alpha + Basic + One-Step,NYSE:ENVA,0.03183005972861615
2024-01-24,12,AR1 alpha + Basic + One-Step,NYSE:ENVA,0.02537866551572226
2024-01-25,12,AR1 alpha + Basic + One-Step,NYSE:ENVA,0.04167122284585349
2024-01-26,12,AR1 alpha + Basic + One-Step,NYSE:ENVA,0.09756199135653601
2024-01-29,12,AR1 alpha + Basic + One-Step,NYSE:ENVA,0.08454759947740352
2024-01-30,12,AR1 alpha + Basic + One-Step,NYSE:ENVA,0.06758211727378752
2024-01-31,12,AR1 alpha + Basic + One-Step,NYSE:ENVA,1.0422741912214112e-09
2024-02-01,12,AR1 alpha + Basic + One-Step,NYSE:ENVA,0.0
2024-02-02,12,AR1 alpha + Basic + One-Step,NYSE:ENVA,0.0
2024-02-05,12,AR1 alpha + Basic + One-Step,NYSE:ENVA,0.0
2024-02-06,12,AR1 alpha + Basic + One-Step,NYSE:ENVA,0.0
2024-02-07,12,AR1 alpha + Basic + One-Step,NYSE:ENVA,1.3412646848480942e-08
2024-02-08,12,AR1 alpha + Basic + One-Step,NYSE:ENVA,5.466933902173705e-09
2024-02-09,12,AR1 alpha + Basic + One-Step,NYSE:ENVA,0.0
2024-02-12,12,AR1 alpha + Basic + One-Step,NYSE:ENVA,0.0
2024-02-13,12,AR1 alpha + Basic + One-Step,NYSE:ENVA,0.0
2024-02-14,12,AR1 alpha + Basic + One-Step,NYSE:ENVA,0.0
2024-02-15,12,AR1 alpha + Basic + One-Step,NYSE:ENVA,0.02829695820893358
2024-02-16,12,AR1 alpha + Basic + One-Step,NYSE:ENVA,0.011130022899962405
2024-02-20,12,AR1 alpha + Basic + One-Step,NYSE:ENVA,0.06509129516702308
2024-02-21,12,AR1 alpha + Basic + One-Step,NYSE:ENVA,0.03063368527848968
2024-02-22,12,AR1 alpha + Basic + One-Step,NYSE:ENVA,0.0
2024-02-23,12,AR1 alpha + Basic + One-Step,NYSE:ENVA,0.0028481396143860607
2024-02-26,12,AR1 alpha + Basic + One-Step,NYSE:ENVA,0.0
2024-02-27,12,AR1 alpha + Basic + One-Step,NYSE:ENVA,0.0
2024-02-28,12,AR1 alpha + Basic + One-Step,NYSE:ENVA,0.0
2024-02-29,12,AR1 alpha + Basic + One-Step,NYSE:ENVA,0.0
2024-03-01,12,AR1 alpha + Basic + One-Step,NYSE:ENVA,0.0
2024-03-04,12,AR1 alpha + Basic + One-Step,NYSE:ENVA,0.0
2024-03-05,12,AR1 alpha + Basic + One-Step,NYSE:ENVA,0.0
2024-03-06,12,AR1 alpha + Basic + One-Step,NYSE:ENVA,0.0
2024-03-07,12,AR1 alpha + Basic + One-Step,NYSE:ENVA,0.0
2024-03-08,12,AR1 alpha + Basic + One-Step,NYSE:ENVA,0.0
2024-03-11,12,AR1 alpha + Basic + One-Step,NYSE:ENVA,0.0
2024-03-12,12,AR1 alpha + Basic + One-Step,NYSE:ENVA,0.0
2024-03-13,12,AR1 alpha + Basic + One-Step,NYSE:ENVA,0.0
2024-03-14,12,AR1 alpha + Basic + One-Step,NYSE:ENVA,1.4509791265053527e-07
2024-03-15,12,AR1 alpha + Basic + One-Step,NYSE:ENVA,9.792999958152397e-08
2024-03-18,12,AR1 alpha + Basic + One-Step,NYSE:ENVA,0.0
2024-03-19,12,AR1 alpha + Basic + One-Step,NYSE:ENVA,0.0
2024-03-20,12,AR1 alpha + Basic + One-Step,NYSE:ENVA,0.0
2024-03-21,12,AR1 alpha + Basic + One-Step,NYSE:ENVA,4.204587663887468e-08
2024-03-22,12,AR1 alpha + Basic + One-Step,NYSE:ENVA,0.0
2024-03-25,12,AR1 alpha + Basic + One-Step,NYSE:ENVA,0.0
2024-03-26,12,AR1 alpha + Basic + One-Step,NYSE:ENVA,0.0
2024-03-27,12,AR1 alpha + Basic + One-Step,NYSE:ENVA,0.0
2024-03-28,12,AR1 alpha + Basic + One-Step,NYSE:ENVA,0.0
2024-04-01,12,AR1 alpha + Basic + One-Step,NYSE:ENVA,1.334660209052891e-06
2024-04-02,12,AR1 alpha + Basic + One-Step,NYSE:ENVA,0.0
2024-04-03,12,AR1 alpha + Basic + One-Step,NYSE:ENVA,0.0
2024-04-04,12,AR1 alpha + Basic + One-Step,NYSE:ENVA,0.0
2024-04-05,12,AR1 alpha + Basic + One-Step,NYSE:ENVA,0.0
2024-04-08,12,AR1 alpha + Basic + One-Step,NYSE:ENVA,0.0
2024-04-09,12,AR1 alpha + Basic + One-Step,NYSE:ENVA,0.0
2024-04-10,12,AR1 alpha + Basic + One-Step,NYSE:ENVA,5.305534800327375e-07
2024-04-11,12,AR1 alpha + Basic + One-Step,NYSE:ENVA,0.0
2024-04-12,12,AR1 alpha + Basic + One-Step,NYSE:ENVA,0.0
2024-04-15,12,AR1 alpha + Basic + One-Step,NYSE:ENVA,0.0
2024-04-16,12,AR1 alpha + Basic + One-Step,NYSE:ENVA,0.0
2024-04-17,12,AR1 alpha + Basic + One-Step,NYSE:ENVA,1.3854981187856341e-07
2024-04-18,12,AR1 alpha + Basic + One-Step,NYSE:ENVA,0.0
2024-04-19,12,AR1 alpha + Basic + One-Step,NYSE:ENVA,0.0
2020-03-25,12,AR1 alpha + Basic + One-Step,NYSE:ACM,0.02
2020-03-26,12,AR1 alpha + Basic + One-Step,NYSE:ACM,0.019999999999999997
2020-03-27,12,AR1 alpha + Basic + One-Step,NYSE:ACM,0.0
2020-03-30,12,AR1 alpha + Basic + One-Step,NYSE:ACM,2.079322659158129e-06
2020-03-31,12,AR1 alpha + Basic + One-Step,NYSE:ACM,7.009930577593417e-07
2020-04-01,12,AR1 alpha + Basic + One-Step,NYSE:ACM,0.0
2020-04-02,12,AR1 alpha + Basic + One-Step,NYSE:ACM,0.0
2020-04-03,12,AR1 alpha + Basic + One-Step,NYSE:ACM,1.5590405667648068e-08
2020-04-06,12,AR1 alpha + Basic + One-Step,NYSE:ACM,5.873704992084278e-08
2020-04-07,12,AR1 alpha + Basic + One-Step,NYSE:ACM,5.792957498674998e-08
2020-04-08,12,AR1 alpha + Basic + One-Step,NYSE:ACM,0.0
2020-04-09,12,AR1 alpha + Basic + One-Step,NYSE:ACM,0.0
2020-04-13,12,AR1 alpha + Basic + One-Step,NYSE:ACM,0.0
2020-04-14,12,AR1 alpha + Basic + One-Step,NYSE:ACM,0.0
2020-04-15,12,AR1 alpha + Basic + One-Step,NYSE:ACM,0.0
2020-04-16,12,AR1 alpha + Basic + One-Step,NYSE:ACM,1.3933301936498486e-08
2020-04-17,12,AR1 alpha + Basic + One-Step,NYSE:ACM,0.0
2020-04-20,12,AR1 alpha + Basic + One-Step,NYSE:ACM,0.0
2020-04-21,12,AR1 alpha + Basic + One-Step,NYSE:ACM,0.0
2020-04-22,12,AR1 alpha + Basic + One-Step,NYSE:ACM,7.873863851561686e-09
2020-04-23,12,AR1 alpha + Basic + One-Step,NYSE:ACM,0.0
2020-04-24,12,AR1 alpha + Basic + One-Step,NYSE:ACM,1.9339114675147945e-08
2020-04-27,12,AR1 alpha + Basic + One-Step,NYSE:ACM,0.0
2020-04-28,12,AR1 alpha + Basic + One-Step,NYSE:ACM,0.0
2020-04-29,12,AR1 alpha + Basic + One-Step,NYSE:ACM,4.695486810653196e-07
2020-04-30,12,AR1 alpha + Basic + One-Step,NYSE:ACM,0.0
2020-05-01,12,AR1 alpha + Basic + One-Step,NYSE:ACM,1.672830151620883e-08
2020-05-04,12,AR1 alpha + Basic + One-Step,NYSE:ACM,0.0
2020-05-05,12,AR1 alpha + Basic + One-Step,NYSE:ACM,5.48665732642599e-07
2020-05-06,12,AR1 alpha + Basic + One-Step,NYSE:ACM,0.0
2020-05-07,12,AR1 alpha + Basic + One-Step,NYSE:ACM,0.0
2020-05-08,12,AR1 alpha + Basic + One-Step,NYSE:ACM,8.885380040047917e-08
2020-05-11,12,AR1 alpha + Basic + One-Step,NYSE:ACM,0.0
2020-05-12,12,AR1 alpha + Basic + One-Step,NYSE:ACM,0.0
2020-05-13,12,AR1 alpha + Basic + One-Step,NYSE:ACM,0.0
2020-05-14,12,AR1 alpha + Basic + One-Step,NYSE:ACM,0.0
2020-05-15,12,AR1 alpha + Basic + One-Step,NYSE:ACM,0.0
2020-05-18,12,AR1 alpha + Basic + One-Step,NYSE:ACM,0.0
2020-05-19,12,AR1 alpha + Basic + One-Step,NYSE:ACM,0.0
2020-05-20,12,AR1 alpha + Basic + One-Step,NYSE:ACM,0.0
2020-05-21,12,AR1 alpha + Basic + One-Step,NYSE:ACM,0.0
2020-05-22,12,AR1 alpha + Basic + One-Step,NYSE:ACM,7.790492881294238e-08
2020-05-26,12,AR1 alpha + Basic + One-Step,NYSE:ACM,4.6985596995917164e-08
2020-05-27,12,AR1 alpha + Basic + One-Step,NYSE:ACM,4.601205871828242e-07
2020-05-28,12,AR1 alpha + Basic + One-Step,NYSE:ACM,2.708547206136787e-23
2020-05-29,12,AR1 alpha + Basic + One-Step,NYSE:ACM,0.0
2020-06-01,12,AR1 alpha + Basic + One-Step,NYSE:ACM,0.0
2020-06-02,12,AR1 alpha + Basic + One-Step,NYSE:ACM,2.6378089180467616e-07
2020-06-03,12,AR1 alpha + Basic + One-Step,NYSE:ACM,0.0
2020-06-04,12,AR1 alpha + Basic + One-Step,NYSE:ACM,0.0
2020-06-05,12,AR1 alpha + Basic + One-Step,NYSE:ACM,0.0
2020-06-08,12,AR1 alpha + Basic + One-Step,NYSE:ACM,0.0054618565704039265
2020-06-09,12,AR1 alpha + Basic + One-Step,NYSE:ACM,0.0
2020-06-10,12,AR1 alpha + Basic + One-Step,NYSE:ACM,0.0
2020-06-11,12,AR1 alpha + Basic + One-Step,NYSE:ACM,0.0
2020-06-12,12,AR1 alpha + Basic + One-Step,NYSE:ACM,3.75603872963169e-08
2020-06-15,12,AR1 alpha + Basic + One-Step,NYSE:ACM,2.0649955966420436e-08
2020-06-16,12,AR1 alpha + Basic + One-Step,NYSE:ACM,0.0
2020-06-17,12,AR1 alpha + Basic + One-Step,NYSE:ACM,0.0
2020-06-18,12,AR1 alpha + Basic + One-Step,NYSE:ACM,0.0
2020-06-19,12,AR1 alpha + Basic + One-Step,NYSE:ACM,0.0
2020-06-22,12,AR1 alpha + Basic + One-Step,NYSE:ACM,0.0
2020-06-23,12,AR1 alpha + Basic + One-Step,NYSE:ACM,0.0
2020-06-24,12,AR1 alpha + Basic + One-Step,NYSE:ACM,0.0
2020-06-25,12,AR1 alpha + Basic + One-Step,NYSE:ACM,0.0
2020-06-26,12,AR1 alpha + Basic + One-Step,NYSE:ACM,0.0
2020-06-29,12,AR1 alpha + Basic + One-Step,NYSE:ACM,0.0
2020-06-30,12,AR1 alpha + Basic + One-Step,NYSE:ACM,1.8081414101384128e-08
2020-07-01,12,AR1 alpha + Basic + One-Step,NYSE:ACM,0.0
2020-07-02,12,AR1 alpha + Basic + One-Step,NYSE:ACM,0.0
2020-07-06,12,AR1 alpha + Basic + One-Step,NYSE:ACM,0.0
2020-07-07,12,AR1 alpha + Basic + One-Step,NYSE:ACM,0.0
2020-07-08,12,AR1 alpha + Basic + One-Step,NYSE:ACM,0.0
2020-07-09,12,AR1 alpha + Basic + One-Step,NYSE:ACM,1.707343558642826e-07
2020-07-10,12,AR1 alpha + Basic + One-Step,NYSE:ACM,1.6085461383969226e-08
2020-07-13,12,AR1 alpha + Basic + One-Step,NYSE:ACM,8.855708407390705e-09
2020-07-14,12,AR1 alpha + Basic + One-Step,NYSE:ACM,0.0
2020-07-15,12,AR1 alpha + Basic + One-Step,NYSE:ACM,6.208046617503397e-08
2020-07-16,12,AR1 alpha + Basic + One-Step,NYSE:ACM,0.0
2020-07-17,12,AR1 alpha + Basic + One-Step,NYSE:ACM,0.0
2020-07-20,12,AR1 alpha + Basic + One-Step,NYSE:ACM,1.372212339910714e-07
2020-07-21,12,AR1 alpha + Basic + One-Step,NYSE:ACM,0.0
2020-07-22,12,AR1 alpha + Basic + One-Step,NYSE:ACM,0.0
2020-07-23,12,AR1 alpha + Basic + One-Step,NYSE:ACM,0.0
2020-07-24,12,AR1 alpha + Basic + One-Step,NYSE:ACM,0.0
2020-07-27,12,AR1 alpha + Basic + One-Step,NYSE:ACM,1.4821077010464956e-07
2020-07-28,12,AR1 alpha + Basic + One-Step,NYSE:ACM,0.0
2020-07-29,12,AR1 alpha + Basic + One-Step,NYSE:ACM,0.0
2020-07-30,12,AR1 alpha + Basic + One-Step,NYSE:ACM,0.0
2020-07-31,12,AR1 alpha + Basic + One-Step,NYSE:ACM,0.0
2020-08-03,12,AR1 alpha + Basic + One-Step,NYSE:ACM,3.171199538241841e-08
2020-08-04,12,AR1 alpha + Basic + One-Step,NYSE:ACM,0.0
2020-08-05,12,AR1 alpha + Basic + One-Step,NYSE:ACM,0.0
2020-08-06,12,AR1 alpha + Basic + One-Step,NYSE:ACM,0.0
2020-08-07,12,AR1 alpha + Basic + One-Step,NYSE:ACM,0.0
2020-08-10,12,AR1 alpha + Basic + One-Step,NYSE:ACM,0.0
2020-08-11,12,AR1 alpha + Basic + One-Step,NYSE:ACM,0.0
2020-08-12,12,AR1 alpha + Basic + One-Step,NYSE:ACM,0.0
2020-08-13,12,AR1 alpha + Basic + One-Step,NYSE:ACM,0.0
2020-08-14,12,AR1 alpha + Basic + One-Step,NYSE:ACM,0.0
2020-08-17,12,AR1 alpha + Basic + One-Step,NYSE:ACM,0.0
2020-08-18,12,AR1 alpha + Basic + One-Step,NYSE:ACM,0.0
2020-08-19,12,AR1 alpha + Basic + One-Step,NYSE:ACM,0.0
2020-08-20,12,AR1 alpha + Basic + One-Step,NYSE:ACM,1.3807061047184905e-07
2020-08-21,12,AR1 alpha + Basic + One-Step,NYSE:ACM,0.0
2020-08-24,12,AR1 alpha + Basic + One-Step,NYSE:ACM,0.0
2020-08-25,12,AR1 alpha + Basic + One-Step,NYSE:ACM,0.0
2020-08-26,12,AR1 alpha + Basic + One-Step,NYSE:ACM,0.0
2020-08-27,12,AR1 alpha + Basic + One-Step,NYSE:ACM,0.0
2020-08-28,12,AR1 alpha + Basic + One-Step,NYSE:ACM,0.0
2020-08-31,12,AR1 alpha + Basic + One-Step,NYSE:ACM,0.0
2020-09-01,12,AR1 alpha + Basic + One-Step,NYSE:ACM,0.0
2020-09-02,12,AR1 alpha + Basic + One-Step,NYSE:ACM,0.0
2020-09-03,12,AR1 alpha + Basic + One-Step,NYSE:ACM,0.0
2020-09-04,12,AR1 alpha + Basic + One-Step,NYSE:ACM,0.0
2020-09-08,12,AR1 alpha + Basic + One-Step,NYSE:ACM,0.0
2020-09-09,12,AR1 alpha + Basic + One-Step,NYSE:ACM,1.4826672839614274e-08
2020-09-10,12,AR1 alpha + Basic + One-Step,NYSE:ACM,0.0
2020-09-11,12,AR1 alpha + Basic + One-Step,NYSE:ACM,0.0
2020-09-14,12,AR1 alpha + Basic + One-Step,NYSE:ACM,0.0
2020-09-15,12,AR1 alpha + Basic + One-Step,NYSE:ACM,0.0
2020-09-16,12,AR1 alpha + Basic + One-Step,NYSE:ACM,0.0
2020-09-17,12,AR1 alpha + Basic + One-Step,NYSE:ACM,0.0
2020-09-18,12,AR1 alpha + Basic + One-Step,NYSE:ACM,0.0
2020-09-21,12,AR1 alpha + Basic + One-Step,NYSE:ACM,0.0
2020-09-22,12,AR1 alpha + Basic + One-Step,NYSE:ACM,0.0
2020-09-23,12,AR1 alpha + Basic + One-Step,NYSE:ACM,2.3893336165178906e-09
2020-09-24,12,AR1 alpha + Basic + One-Step,NYSE:ACM,1.8257732444073617e-07
2020-09-25,12,AR1 alpha + Basic + One-Step,NYSE:ACM,0.0
2020-09-28,12,AR1 alpha + Basic + One-Step,NYSE:ACM,0.0
2020-09-29,12,AR1 alpha + Basic + One-Step,NYSE:ACM,0.0
2020-09-30,12,AR1 alpha + Basic + One-Step,NYSE:ACM,2.2546721939839194e-09
2020-10-01,12,AR1 alpha + Basic + One-Step,NYSE:ACM,2.3640297194264082e-08
2020-10-02,12,AR1 alpha + Basic + One-Step,NYSE:ACM,0.0
2020-10-05,12,AR1 alpha + Basic + One-Step,NYSE:ACM,7.208594170859598e-09
2020-10-06,12,AR1 alpha + Basic + One-Step,NYSE:ACM,0.0
2020-10-07,12,AR1 alpha + Basic + One-Step,NYSE:ACM,2.6616363285520564e-07
2020-10-08,12,AR1 alpha + Basic + One-Step,NYSE:ACM,0.0
2020-10-09,12,AR1 alpha + Basic + One-Step,NYSE:ACM,0.0
2020-10-12,12,AR1 alpha + Basic + One-Step,NYSE:ACM,0.0
2020-10-13,12,AR1 alpha + Basic + One-Step,NYSE:ACM,0.0
2020-10-14,12,AR1 alpha + Basic + One-Step,NYSE:ACM,0.0
2020-10-15,12,AR1 alpha + Basic + One-Step,NYSE:ACM,0.0
2020-10-16,12,AR1 alpha + Basic + One-Step,NYSE:ACM,2.48051981043432e-08
2020-10-19,12,AR1 alpha + Basic + One-Step,NYSE:ACM,0.0
2020-10-20,12,AR1 alpha + Basic + One-Step,NYSE:ACM,0.0
2020-10-21,12,AR1 alpha + Basic + One-Step,NYSE:ACM,0.0
2020-10-22,12,AR1 alpha + Basic + One-Step,NYSE:ACM,0.0
2020-10-23,12,AR1 alpha + Basic + One-Step,NYSE:ACM,0.0
2020-10-26,12,AR1 alpha + Basic + One-Step,NYSE:ACM,0.0
2020-10-27,12,AR1 alpha + Basic + One-Step,NYSE:ACM,4.754080936947657e-09
2020-10-28,12,AR1 alpha + Basic + One-Step,NYSE:ACM,5.019164385786892e-09
2020-10-29,12,AR1 alpha + Basic + One-Step,NYSE:ACM,3.8260881525290744e-11
2020-10-30,12,AR1 alpha + Basic + One-Step,NYSE:ACM,0.0
2020-11-02,12,AR1 alpha + Basic + One-Step,NYSE:ACM,0.0
2020-11-03,12,AR1 alpha + Basic + One-Step,NYSE:ACM,0.0
2020-11-04,12,AR1 alpha + Basic + One-Step,NYSE:ACM,0.0
2020-11-05,12,AR1 alpha + Basic + One-Step,NYSE:ACM,0.0
2020-11-06,12,AR1 alpha + Basic + One-Step,NYSE:ACM,0.0
2020-11-09,12,AR1 alpha + Basic + One-Step,NYSE:ACM,0.0
2020-11-10,12,AR1 alpha + Basic + One-Step,NYSE:ACM,0.0
2020-11-11,12,AR1 alpha + Basic + One-Step,NYSE:ACM,0.0
2020-11-12,12,AR1 alpha + Basic + One-Step,NYSE:ACM,0.0
2020-11-13,12,AR1 alpha + Basic + One-Step,NYSE:ACM,0.0
2020-11-16,12,AR1 alpha + Basic + One-Step,NYSE:ACM,0.0
2020-11-17,12,AR1 alpha + Basic + One-Step,NYSE:ACM,0.0
2020-11-18,12,AR1 alpha + Basic + One-Step,NYSE:ACM,0.0
2020-11-19,12,AR1 alpha + Basic + One-Step,NYSE:ACM,4.1149869974098506e-08
2020-11-20,12,AR1 alpha + Basic + One-Step,NYSE:ACM,0.0
2020-11-23,12,AR1 alpha + Basic + One-Step,NYSE:ACM,0.0
2020-11-24,12,AR1 alpha + Basic + One-Step,NYSE:ACM,0.0
2020-11-25,12,AR1 alpha + Basic + One-Step,NYSE:ACM,0.0
2020-11-27,12,AR1 alpha + Basic + One-Step,NYSE:ACM,0.0
2020-11-30,12,AR1 alpha + Basic + One-Step,NYSE:ACM,0.0
2020-12-01,12,AR1 alpha + Basic + One-Step,NYSE:ACM,0.0
2020-12-02,12,AR1 alpha + Basic + One-Step,NYSE:ACM,0.0
2020-12-03,12,AR1 alpha + Basic + One-Step,NYSE:ACM,0.0
2020-12-04,12,AR1 alpha + Basic + One-Step,NYSE:ACM,0.0
2020-12-07,12,AR1 alpha + Basic + One-Step,NYSE:ACM,0.0
2020-12-08,12,AR1 alpha + Basic + One-Step,NYSE:ACM,1.730239559538917e-07
2020-12-09,12,AR1 alpha + Basic + One-Step,NYSE:ACM,0.0
2020-12-10,12,AR1 alpha + Basic + One-Step,NYSE:ACM,0.0
2020-12-11,12,AR1 alpha + Basic + One-Step,NYSE:ACM,3.2717380862075326e-07
2020-12-14,12,AR1 alpha + Basic + One-Step,NYSE:ACM,5.550542051688159e-07
2020-12-15,12,AR1 alpha + Basic + One-Step,NYSE:ACM,0.0
2020-12-16,12,AR1 alpha + Basic + One-Step,NYSE:ACM,9.221344255166147e-09
2020-12-17,12,AR1 alpha + Basic + One-Step,NYSE:ACM,0.0
2020-12-18,12,AR1 alpha + Basic + One-Step,NYSE:ACM,0.0
2020-12-21,12,AR1 alpha + Basic + One-Step,NYSE:ACM,5.364790189303436e-07
2020-12-22,12,AR1 alpha + Basic + One-Step,NYSE:ACM,1.0484375436520008e-07
2020-12-23,12,AR1 alpha + Basic + One-Step,NYSE:ACM,0.0
2020-12-24,12,AR1 alpha + Basic + One-Step,NYSE:ACM,0.0
2020-12-28,12,AR1 alpha + Basic + One-Step,NYSE:ACM,0.0
2020-12-29,12,AR1 alpha + Basic + One-Step,NYSE:ACM,0.0
2020-12-30,12,AR1 alpha + Basic + One-Step,NYSE:ACM,0.0
2020-12-31,12,AR1 alpha + Basic + One-Step,NYSE:ACM,0.0
2021-01-04,12,AR1 alpha + Basic + One-Step,NYSE:ACM,0.0
2021-01-05,12,AR1 alpha + Basic + One-Step,NYSE:ACM,0.0
2021-01-06,12,AR1 alpha + Basic + One-Step,NYSE:ACM,0.0
2021-01-07,12,AR1 alpha + Basic + One-Step,NYSE:ACM,0.0
2021-01-08,12,AR1 alpha + Basic + One-Step,NYSE:ACM,0.0
2021-01-11,12,AR1 alpha + Basic + One-Step,NYSE:ACM,0.0
2021-01-12,12,AR1 alpha + Basic + One-Step,NYSE:ACM,0.0
2021-01-13,12,AR1 alpha + Basic + One-Step,NYSE:ACM,0.0
2021-01-14,12,AR1 alpha + Basic + One-Step,NYSE:ACM,0.0
2021-01-15,12,AR1 alpha + Basic + One-Step,NYSE:ACM,0.0
2021-01-19,12,AR1 alpha + Basic + One-Step,NYSE:ACM,0.0
2021-01-20,12,AR1 alpha + Basic + One-Step,NYSE:ACM,0.0
2021-01-21,12,AR1 alpha + Basic + One-Step,NYSE:ACM,0.0
2021-01-22,12,AR1 alpha + Basic + One-Step,NYSE:ACM,0.0
2021-01-25,12,AR1 alpha + Basic + One-Step,NYSE:ACM,0.0
2021-01-26,12,AR1 alpha + Basic + One-Step,NYSE:ACM,0.0
2021-01-27,12,AR1 alpha + Basic + One-Step,NYSE:ACM,0.0
2021-01-28,12,AR1 alpha + Basic + One-Step,NYSE:ACM,0.0
2021-01-29,12,AR1 alpha + Basic + One-Step,NYSE:ACM,0.0
2021-02-01,12,AR1 alpha + Basic + One-Step,NYSE:ACM,2.010996970660433e-07
2021-02-02,12,AR1 alpha + Basic + One-Step,NYSE:ACM,0.0
2021-02-03,12,AR1 alpha + Basic + One-Step,NYSE:ACM,6.842855504890852e-09
2021-02-04,12,AR1 alpha + Basic + One-Step,NYSE:ACM,0.0
2021-02-05,12,AR1 alpha + Basic + One-Step,NYSE:ACM,0.0
2021-02-08,12,AR1 alpha + Basic + One-Step,NYSE:ACM,0.0
2021-02-09,12,AR1 alpha + Basic + One-Step,NYSE:ACM,0.0
2021-02-10,12,AR1 alpha + Basic + One-Step,NYSE:ACM,0.0
2021-02-11,12,AR1 alpha + Basic + One-Step,NYSE:ACM,0.0
2021-02-12,12,AR1 alpha + Basic + One-Step,NYSE:ACM,0.0
2021-02-16,12,AR1 alpha + Basic + One-Step,NYSE:ACM,0.0
2021-02-17,12,AR1 alpha + Basic + One-Step,NYSE:ACM,0.0
2021-02-18,12,AR1 alpha + Basic + One-Step,NYSE:ACM,0.0
2021-02-19,12,AR1 alpha + Basic + One-Step,NYSE:ACM,0.0
2021-02-22,12,AR1 alpha + Basic + One-Step,NYSE:ACM,4.700083538548189e-07
2021-02-23,12,AR1 alpha + Basic + One-Step,NYSE:ACM,2.941264168978981e-07
2021-02-24,12,AR1 alpha + Basic + One-Step,NYSE:ACM,0.0
2021-02-25,12,AR1 alpha + Basic + One-Step,NYSE:ACM,0.0
2021-02-26,12,AR1 alpha + Basic + One-Step,NYSE:ACM,1.0489127152928323e-06
2021-03-01,12,AR1 alpha + Basic + One-Step,NYSE:ACM,0.0
2021-03-02,12,AR1 alpha + Basic + One-Step,NYSE:ACM,0.0
2021-03-03,12,AR1 alpha + Basic + One-Step,NYSE:ACM,0.0
2021-03-04,12,AR1 alpha + Basic + One-Step,NYSE:ACM,0.0
2021-03-05,12,AR1 alpha + Basic + One-Step,NYSE:ACM,0.0
2021-03-08,12,AR1 alpha + Basic + One-Step,NYSE:ACM,0.0
2021-03-09,12,AR1 alpha + Basic + One-Step,NYSE:ACM,0.0
2021-03-10,12,AR1 alpha + Basic + One-Step,NYSE:ACM,0.0
2021-03-11,12,AR1 alpha + Basic + One-Step,NYSE:ACM,0.0
2021-03-12,12,AR1 alpha + Basic + One-Step,NYSE:ACM,0.0
2021-03-15,12,AR1 alpha + Basic + One-Step,NYSE:ACM,8.775390644626118e-10
2021-03-16,12,AR1 alpha + Basic + One-Step,NYSE:ACM,0.0
2021-03-17,12,AR1 alpha + Basic + One-Step,NYSE:ACM,0.0
2021-03-18,12,AR1 alpha + Basic + One-Step,NYSE:ACM,0.0
2021-03-19,12,AR1 alpha + Basic + One-Step,NYSE:ACM,0.0
2021-03-22,12,AR1 alpha + Basic + One-Step,NYSE:ACM,0.0
2021-03-23,12,AR1 alpha + Basic + One-Step,NYSE:ACM,0.0
2021-03-24,12,AR1 alpha + Basic + One-Step,NYSE:ACM,0.0
2021-03-25,12,AR1 alpha + Basic + One-Step,NYSE:ACM,0.0
2021-03-26,12,AR1 alpha + Basic + One-Step,NYSE:ACM,0.0
2021-03-29,12,AR1 alpha + Basic + One-Step,NYSE:ACM,0.0
2021-03-30,12,AR1 alpha + Basic + One-Step,NYSE:ACM,5.810040111396882e-07
2021-03-31,12,AR1 alpha + Basic + One-Step,NYSE:ACM,1.518741905173658e-08
2021-04-01,12,AR1 alpha + Basic + One-Step,NYSE:ACM,0.0
2021-04-05,12,AR1 alpha + Basic + One-Step,NYSE:ACM,1.5595186944872728e-06
2021-04-06,12,AR1 alpha + Basic + One-Step,NYSE:ACM,3.5160651100449926e-08
2021-04-07,12,AR1 alpha + Basic + One-Step,NYSE:ACM,0.0
2021-04-08,12,AR1 alpha + Basic + One-Step,NYSE:ACM,3.700612952322611e-07
2021-04-09,12,AR1 alpha + Basic + One-Step,NYSE:ACM,0.0
2021-04-12,12,AR1 alpha + Basic + One-Step,NYSE:ACM,5.45260443512119e-09
2021-04-13,12,AR1 alpha + Basic + One-Step,NYSE:ACM,0.0
2021-04-14,12,AR1 alpha + Basic + One-Step,NYSE:ACM,1.2925381824438976e-07
2021-04-15,12,AR1 alpha + Basic + One-Step,NYSE:ACM,0.0
2021-04-16,12,AR1 alpha + Basic + One-Step,NYSE:ACM,0.0
2021-04-19,12,AR1 alpha + Basic + One-Step,NYSE:ACM,1.6099730767555202e-08
2021-04-20,12,AR1 alpha + Basic + One-Step,NYSE:ACM,0.0
2021-04-21,12,AR1 alpha + Basic + One-Step,NYSE:ACM,0.0
2021-04-22,12,AR1 alpha + Basic + One-Step,NYSE:ACM,4.085819888778142e-08
2021-04-23,12,AR1 alpha + Basic + One-Step,NYSE:ACM,0.0
2021-04-26,12,AR1 alpha + Basic + One-Step,NYSE:ACM,0.0
2021-04-27,12,AR1 alpha + Basic + One-Step,NYSE:ACM,3.967473560748507e-07
2021-04-28,12,AR1 alpha + Basic + One-Step,NYSE:ACM,0.0
2021-04-29,12,AR1 alpha + Basic + One-Step,NYSE:ACM,0.0
2021-04-30,12,AR1 alpha + Basic + One-Step,NYSE:ACM,0.0
2021-05-03,12,AR1 alpha + Basic + One-Step,NYSE:ACM,0.0
2021-05-04,12,AR1 alpha + Basic + One-Step,NYSE:ACM,2.804921170097127e-08
2021-05-05,12,AR1 alpha + Basic + One-Step,NYSE:ACM,0.0
2021-05-06,12,AR1 alpha + Basic + One-Step,NYSE:ACM,0.0
2021-05-07,12,AR1 alpha + Basic + One-Step,NYSE:ACM,0.0
2021-05-10,12,AR1 alpha + Basic + One-Step,NYSE:ACM,0.0
2021-05-11,12,AR1 alpha + Basic + One-Step,NYSE:ACM,0.0
2021-05-12,12,AR1 alpha + Basic + One-Step,NYSE:ACM,0.0
2021-05-13,12,AR1 alpha + Basic + One-Step,NYSE:ACM,0.0
2021-05-14,12,AR1 alpha + Basic + One-Step,NYSE:ACM,0.0
2021-05-17,12,AR1 alpha + Basic + One-Step,NYSE:ACM,0.0
2021-05-18,12,AR1 alpha + Basic + One-Step,NYSE:ACM,0.0
2021-05-19,12,AR1 alpha + Basic + One-Step,NYSE:ACM,0.0
2021-05-20,12,AR1 alpha + Basic + One-Step,NYSE:ACM,4.49582102041295e-08
2021-05-21,12,AR1 alpha + Basic + One-Step,NYSE:ACM,0.0
2021-05-24,12,AR1 alpha + Basic + One-Step,NYSE:ACM,0.0
2021-05-25,12,AR1 alpha + Basic + One-Step,NYSE:ACM,0.0
2021-05-26,12,AR1 alpha + Basic + One-Step,NYSE:ACM,0.0
2021-05-27,12,AR1 alpha + Basic + One-Step,NYSE:ACM,1.0178766272152141e-07
2021-05-28,12,AR1 alpha + Basic + One-Step,NYSE:ACM,0.0
2021-06-01,12,AR1 alpha + Basic + One-Step,NYSE:ACM,0.0
2021-06-02,12,AR1 alpha + Basic + One-Step,NYSE:ACM,0.0
2021-06-03,12,AR1 alpha + Basic + One-Step,NYSE:ACM,0.0
2021-06-04,12,AR1 alpha + Basic + One-Step,NYSE:ACM,0.0
2021-06-07,12,AR1 alpha + Basic + One-Step,NYSE:ACM,8.159149821849936e-09
2021-06-08,12,AR1 alpha + Basic + One-Step,NYSE:ACM,0.0
2021-06-09,12,AR1 alpha + Basic + One-Step,NYSE:ACM,6.599518330066404e-08
2021-06-10,12,AR1 alpha + Basic + One-Step,NYSE:ACM,9.052805338311275e-08
2021-06-11,12,AR1 alpha + Basic + One-Step,NYSE:ACM,0.0
2021-06-14,12,AR1 alpha + Basic + One-Step,NYSE:ACM,0.0
2021-06-15,12,AR1 alpha + Basic + One-Step,NYSE:ACM,0.0
2021-06-16,12,AR1 alpha + Basic + One-Step,NYSE:ACM,0.0
2021-06-17,12,AR1 alpha + Basic + One-Step,NYSE:ACM,0.0
2021-06-18,12,AR1 alpha + Basic + One-Step,NYSE:ACM,0.0
2021-06-21,12,AR1 alpha + Basic + One-Step,NYSE:ACM,0.0
2021-06-22,12,AR1 alpha + Basic + One-Step,NYSE:ACM,1.1061956718095015e-06
2021-06-23,12,AR1 alpha + Basic + One-Step,NYSE:ACM,9.761731355993342e-07
2021-06-24,12,AR1 alpha + Basic + One-Step,NYSE:ACM,1.4009388949954364e-06
2021-06-25,12,AR1 alpha + Basic + One-Step,NYSE:ACM,0.0
2021-06-28,12,AR1 alpha + Basic + One-Step,NYSE:ACM,0.0
2021-06-29,12,AR1 alpha + Basic + One-Step,NYSE:ACM,0.0
2021-06-30,12,AR1 alpha + Basic + One-Step,NYSE:ACM,0.0
2021-07-01,12,AR1 alpha + Basic + One-Step,NYSE:ACM,0.0
2021-07-02,12,AR1 alpha + Basic + One-Step,NYSE:ACM,0.0
2021-07-06,12,AR1 alpha + Basic + One-Step,NYSE:ACM,0.0
2021-07-07,12,AR1 alpha + Basic + One-Step,NYSE:ACM,0.0
2021-07-08,12,AR1 alpha + Basic + One-Step,NYSE:ACM,0.0
2021-07-09,12,AR1 alpha + Basic + One-Step,NYSE:ACM,0.0
2021-07-12,12,AR1 alpha + Basic + One-Step,NYSE:ACM,0.0
2021-07-13,12,AR1 alpha + Basic + One-Step,NYSE:ACM,8.18742218713702e-08
2021-07-14,12,AR1 alpha + Basic + One-Step,NYSE:ACM,0.0
2021-07-15,12,AR1 alpha + Basic + One-Step,NYSE:ACM,0.0
2021-07-16,12,AR1 alpha + Basic + One-Step,NYSE:ACM,0.0
2021-07-19,12,AR1 alpha + Basic + One-Step,NYSE:ACM,0.0
2021-07-20,12,AR1 alpha + Basic + One-Step,NYSE:ACM,0.0
2021-07-21,12,AR1 alpha + Basic + One-Step,NYSE:ACM,0.0
2021-07-22,12,AR1 alpha + Basic + One-Step,NYSE:ACM,0.0
2021-07-23,12,AR1 alpha + Basic + One-Step,NYSE:ACM,0.0
2021-07-26,12,AR1 alpha + Basic + One-Step,NYSE:ACM,1.4524396264050556e-07
2021-07-27,12,AR1 alpha + Basic + One-Step,NYSE:ACM,3.0411223469856325e-06
2021-07-28,12,AR1 alpha + Basic + One-Step,NYSE:ACM,0.0
2021-07-29,12,AR1 alpha + Basic + One-Step,NYSE:ACM,0.0
2021-07-30,12,AR1 alpha + Basic + One-Step,NYSE:ACM,0.0
2021-08-02,12,AR1 alpha + Basic + One-Step,NYSE:ACM,0.0
2021-08-03,12,AR1 alpha + Basic + One-Step,NYSE:ACM,0.0
2021-08-04,12,AR1 alpha + Basic + One-Step,NYSE:ACM,3.6960803512102365e-08
2021-08-05,12,AR1 alpha + Basic + One-Step,NYSE:ACM,0.0
2021-08-06,12,AR1 alpha + Basic + One-Step,NYSE:ACM,0.0
2021-08-09,12,AR1 alpha + Basic + One-Step,NYSE:ACM,4.116519131410986e-07
2021-08-10,12,AR1 alpha + Basic + One-Step,NYSE:ACM,2.5158390401276845e-07
2021-08-11,12,AR1 alpha + Basic + One-Step,NYSE:ACM,1.839881303702269e-07
2021-08-12,12,AR1 alpha + Basic + One-Step,NYSE:ACM,0.0
2021-08-13,12,AR1 alpha + Basic + One-Step,NYSE:ACM,0.0
2021-08-16,12,AR1 alpha + Basic + One-Step,NYSE:ACM,0.0
2021-08-17,12,AR1 alpha + Basic + One-Step,NYSE:ACM,1.5333147142990056e-07
2021-08-18,12,AR1 alpha + Basic + One-Step,NYSE:ACM,0.0
2021-08-19,12,AR1 alpha + Basic + One-Step,NYSE:ACM,0.0
2021-08-20,12,AR1 alpha + Basic + One-Step,NYSE:ACM,2.880625477914639e-08
2021-08-23,12,AR1 alpha + Basic + One-Step,NYSE:ACM,0.0
2021-08-24,12,AR1 alpha + Basic + One-Step,NYSE:ACM,0.0
2021-08-25,12,AR1 alpha + Basic + One-Step,NYSE:ACM,0.0
2021-08-26,12,AR1 alpha + Basic + One-Step,NYSE:ACM,3.6359046128289125e-08
2021-08-27,12,AR1 alpha + Basic + One-Step,NYSE:ACM,7.672314958074331e-07
2021-08-30,12,AR1 alpha + Basic + One-Step,NYSE:ACM,4.7042178794135925e-07
2021-08-31,12,AR1 alpha + Basic + One-Step,NYSE:ACM,5.073054891268404e-07
2021-09-01,12,AR1 alpha + Basic + One-Step,NYSE:ACM,0.0
2021-09-02,12,AR1 alpha + Basic + One-Step,NYSE:ACM,0.0
2021-09-03,12,AR1 alpha + Basic + One-Step,NYSE:ACM,0.0
2021-09-07,12,AR1 alpha + Basic + One-Step,NYSE:ACM,0.0
2021-09-08,12,AR1 alpha + Basic + One-Step,NYSE:ACM,0.0
2021-09-09,12,AR1 alpha + Basic + One-Step,NYSE:ACM,1.7952971834053106e-08
2021-09-10,12,AR1 alpha + Basic + One-Step,NYSE:ACM,0.0
2021-09-13,12,AR1 alpha + Basic + One-Step,NYSE:ACM,0.0
2021-09-14,12,AR1 alpha + Basic + One-Step,NYSE:ACM,1.7482549669201136e-07
2021-09-15,12,AR1 alpha + Basic + One-Step,NYSE:ACM,0.0
2021-09-16,12,AR1 alpha + Basic + One-Step,NYSE:ACM,0.0
2021-09-17,12,AR1 alpha + Basic + One-Step,NYSE:ACM,0.0
2021-09-20,12,AR1 alpha + Basic + One-Step,NYSE:ACM,0.0
2021-09-21,12,AR1 alpha + Basic + One-Step,NYSE:ACM,1.7607824945918792e-07
2021-09-22,12,AR1 alpha + Basic + One-Step,NYSE:ACM,0.0
2021-09-23,12,AR1 alpha + Basic + One-Step,NYSE:ACM,0.0
2021-09-24,12,AR1 alpha + Basic + One-Step,NYSE:ACM,0.0
2021-09-27,12,AR1 alpha + Basic + One-Step,NYSE:ACM,0.0
2021-09-28,12,AR1 alpha + Basic + One-Step,NYSE:ACM,0.0
2021-09-29,12,AR1 alpha + Basic + One-Step,NYSE:ACM,0.0
2021-09-30,12,AR1 alpha + Basic + One-Step,NYSE:ACM,0.0
2021-10-01,12,AR1 alpha + Basic + One-Step,NYSE:ACM,0.0
2021-10-04,12,AR1 alpha + Basic + One-Step,NYSE:ACM,0.0
2021-10-05,12,AR1 alpha + Basic + One-Step,NYSE:ACM,0.0
2021-10-06,12,AR1 alpha + Basic + One-Step,NYSE:ACM,0.0
2021-10-07,12,AR1 alpha + Basic + One-Step,NYSE:ACM,0.0
2021-10-08,12,AR1 alpha + Basic + One-Step,NYSE:ACM,0.0
2021-10-11,12,AR1 alpha + Basic + One-Step,NYSE:ACM,0.0
2021-10-12,12,AR1 alpha + Basic + One-Step,NYSE:ACM,0.0
2021-10-13,12,AR1 alpha + Basic + One-Step,NYSE:ACM,0.0
2021-10-14,12,AR1 alpha + Basic + One-Step,NYSE:ACM,0.0
2021-10-15,12,AR1 alpha + Basic + One-Step,NYSE:ACM,0.0
2021-10-18,12,AR1 alpha + Basic + One-Step,NYSE:ACM,0.0
2021-10-19,12,AR1 alpha + Basic + One-Step,NYSE:ACM,0.0
2021-10-20,12,AR1 alpha + Basic + One-Step,NYSE:ACM,0.0
2021-10-21,12,AR1 alpha + Basic + One-Step,NYSE:ACM,0.0
2021-10-22,12,AR1 alpha + Basic + One-Step,NYSE:ACM,0.0
2021-10-25,12,AR1 alpha + Basic + One-Step,NYSE:ACM,0.0
2021-10-26,12,AR1 alpha + Basic + One-Step,NYSE:ACM,0.0
2021-10-27,12,AR1 alpha + Basic + One-Step,NYSE:ACM,0.0
2021-10-28,12,AR1 alpha + Basic + One-Step,NYSE:ACM,0.0
2021-10-29,12,AR1 alpha + Basic + One-Step,NYSE:ACM,0.0
2021-11-01,12,AR1 alpha + Basic + One-Step,NYSE:ACM,3.51202132617369e-07
2021-11-02,12,AR1 alpha + Basic + One-Step,NYSE:ACM,0.0
2021-11-03,12,AR1 alpha + Basic + One-Step,NYSE:ACM,0.0
2021-11-04,12,AR1 alpha + Basic + One-Step,NYSE:ACM,0.0
2021-11-05,12,AR1 alpha + Basic + One-Step,NYSE:ACM,0.0
2021-11-08,12,AR1 alpha + Basic + One-Step,NYSE:ACM,0.0
2021-11-09,12,AR1 alpha + Basic + One-Step,NYSE:ACM,5.522094159624619e-08
2021-11-10,12,AR1 alpha + Basic + One-Step,NYSE:ACM,4.221350079495811e-08
2021-11-11,12,AR1 alpha + Basic + One-Step,NYSE:ACM,0.0
2021-11-12,12,AR1 alpha + Basic + One-Step,NYSE:ACM,0.0
2021-11-15,12,AR1 alpha + Basic + One-Step,NYSE:ACM,0.0
2021-11-16,12,AR1 alpha + Basic + One-Step,NYSE:ACM,0.0
2021-11-17,12,AR1 alpha + Basic + One-Step,NYSE:ACM,0.0
2021-11-18,12,AR1 alpha + Basic + One-Step,NYSE:ACM,0.0
2021-11-19,12,AR1 alpha + Basic + One-Step,NYSE:ACM,0.0
2021-11-22,12,AR1 alpha + Basic + One-Step,NYSE:ACM,0.0
2021-11-23,12,AR1 alpha + Basic + One-Step,NYSE:ACM,0.0
2021-11-24,12,AR1 alpha + Basic + One-Step,NYSE:ACM,0.0
2021-11-26,12,AR1 alpha + Basic + One-Step,NYSE:ACM,0.0
2021-11-29,12,AR1 alpha + Basic + One-Step,NYSE:ACM,0.0
2021-11-30,12,AR1 alpha + Basic + One-Step,NYSE:ACM,0.0
2021-12-01,12,AR1 alpha + Basic + One-Step,NYSE:ACM,0.0
2021-12-02,12,AR1 alpha + Basic + One-Step,NYSE:ACM,0.0
2021-12-03,12,AR1 alpha + Basic + One-Step,NYSE:ACM,0.0
2021-12-06,12,AR1 alpha + Basic + One-Step,NYSE:ACM,0.0
2021-12-07,12,AR1 alpha + Basic + One-Step,NYSE:ACM,0.0
2021-12-08,12,AR1 alpha + Basic + One-Step,NYSE:ACM,0.0
2021-12-09,12,AR1 alpha + Basic + One-Step,NYSE:ACM,0.0
2021-12-10,12,AR1 alpha + Basic + One-Step,NYSE:ACM,9.848599543664765e-08
2021-12-13,12,AR1 alpha + Basic + One-Step,NYSE:ACM,0.0
2021-12-14,12,AR1 alpha + Basic + One-Step,NYSE:ACM,3.546373751565312e-08
2021-12-15,12,AR1 alpha + Basic + One-Step,NYSE:ACM,0.0
2021-12-16,12,AR1 alpha + Basic + One-Step,NYSE:ACM,0.0
2021-12-17,12,AR1 alpha + Basic + One-Step,NYSE:ACM,0.0
2021-12-20,12,AR1 alpha + Basic + One-Step,NYSE:ACM,0.0
2021-12-21,12,AR1 alpha + Basic + One-Step,NYSE:ACM,0.0
2021-12-22,12,AR1 alpha + Basic + One-Step,NYSE:ACM,0.014397288630956132
2021-12-23,12,AR1 alpha + Basic + One-Step,NYSE:ACM,0.04505078074019809
2021-12-27,12,AR1 alpha + Basic + One-Step,NYSE:ACM,0.0751252195658269
2021-12-28,12,AR1 alpha + Basic + One-Step,NYSE:ACM,0.060582137143261904
2021-12-29,12,AR1 alpha + Basic + One-Step,NYSE:ACM,0.070901951863421
2021-12-30,12,AR1 alpha + Basic + One-Step,NYSE:ACM,3.365325608207851e-06
2021-12-31,12,AR1 alpha + Basic + One-Step,NYSE:ACM,2.0469262012979374e-06
2022-01-03,12,AR1 alpha + Basic + One-Step,NYSE:ACM,1.4225201373468696e-06
2022-01-04,12,AR1 alpha + Basic + One-Step,NYSE:ACM,0.0
2022-01-05,12,AR1 alpha + Basic + One-Step,NYSE:ACM,0.0
2022-01-06,12,AR1 alpha + Basic + One-Step,NYSE:ACM,0.0
2022-01-07,12,AR1 alpha + Basic + One-Step,NYSE:ACM,6.586534993370494e-08
2022-01-10,12,AR1 alpha + Basic + One-Step,NYSE:ACM,0.0
2022-01-11,12,AR1 alpha + Basic + One-Step,NYSE:ACM,0.0
2022-01-12,12,AR1 alpha + Basic + One-Step,NYSE:ACM,0.0
2022-01-13,12,AR1 alpha + Basic + One-Step,NYSE:ACM,8.477327163499863e-07
2022-01-14,12,AR1 alpha + Basic + One-Step,NYSE:ACM,0.0
2022-01-18,12,AR1 alpha + Basic + One-Step,NYSE:ACM,0.0
2022-01-19,12,AR1 alpha + Basic + One-Step,NYSE:ACM,0.0
2022-01-20,12,AR1 alpha + Basic + One-Step,NYSE:ACM,0.0
2022-01-21,12,AR1 alpha + Basic + One-Step,NYSE:ACM,3.5349572914803775e-07
2022-01-24,12,AR1 alpha + Basic + One-Step,NYSE:ACM,0.0
2022-01-25,12,AR1 alpha + Basic + One-Step,NYSE:ACM,0.0
2022-01-26,12,AR1 alpha + Basic + One-Step,NYSE:ACM,1.7937529627486646e-08
2022-01-27,12,AR1 alpha + Basic + One-Step,NYSE:ACM,0.0
2022-01-28,12,AR1 alpha + Basic + One-Step,NYSE:ACM,0.0
2022-01-31,12,AR1 alpha + Basic + One-Step,NYSE:ACM,0.0
2022-02-01,12,AR1 alpha + Basic + One-Step,NYSE:ACM,0.0
2022-02-02,12,AR1 alpha + Basic + One-Step,NYSE:ACM,0.0
2022-02-03,12,AR1 alpha + Basic + One-Step,NYSE:ACM,0.0
2022-02-04,12,AR1 alpha + Basic + One-Step,NYSE:ACM,5.870063079237913e-08
2022-02-07,12,AR1 alpha + Basic + One-Step,NYSE:ACM,1.2285876969656468e-07
2022-02-08,12,AR1 alpha + Basic + One-Step,NYSE:ACM,0.0
2022-02-09,12,AR1 alpha + Basic + One-Step,NYSE:ACM,0.0
2022-02-10,12,AR1 alpha + Basic + One-Step,NYSE:ACM,0.0
2022-02-11,12,AR1 alpha + Basic + One-Step,NYSE:ACM,9.50060822271968e-08
2022-02-14,12,AR1 alpha + Basic + One-Step,NYSE:ACM,1.6745943218507417e-08
2022-02-15,12,AR1 alpha + Basic + One-Step,NYSE:ACM,0.0
2022-02-16,12,AR1 alpha + Basic + One-Step,NYSE:ACM,0.0
2022-02-17,12,AR1 alpha + Basic + One-Step,NYSE:ACM,0.0
2022-02-18,12,AR1 alpha + Basic + One-Step,NYSE:ACM,3.222506944376151e-07
2022-02-22,12,AR1 alpha + Basic + One-Step,NYSE:ACM,1.29545394869143e-07
2022-02-23,12,AR1 alpha + Basic + One-Step,NYSE:ACM,0.0
2022-02-24,12,AR1 alpha + Basic + One-Step,NYSE:ACM,0.0
2022-02-25,12,AR1 alpha + Basic + One-Step,NYSE:ACM,0.0
2022-02-28,12,AR1 alpha + Basic + One-Step,NYSE:ACM,0.0
2022-03-01,12,AR1 alpha + Basic + One-Step,NYSE:ACM,6.601544324785904e-08
2022-03-02,12,AR1 alpha + Basic + One-Step,NYSE:ACM,0.0
2022-03-03,12,AR1 alpha + Basic + One-Step,NYSE:ACM,0.0
2022-03-04,12,AR1 alpha + Basic + One-Step,NYSE:ACM,0.0
2022-03-07,12,AR1 alpha + Basic + One-Step,NYSE:ACM,0.0
2022-03-08,12,AR1 alpha + Basic + One-Step,NYSE:ACM,1.4622395676653558e-06
2022-03-09,12,AR1 alpha + Basic + One-Step,NYSE:ACM,2.502511700457734e-07
2022-03-10,12,AR1 alpha + Basic + One-Step,NYSE:ACM,0.0
2022-03-11,12,AR1 alpha + Basic + One-Step,NYSE:ACM,1.9052763364845964e-07
2022-03-14,12,AR1 alpha + Basic + One-Step,NYSE:ACM,0.0
2022-03-15,12,AR1 alpha + Basic + One-Step,NYSE:ACM,0.0
2022-03-16,12,AR1 alpha + Basic + One-Step,NYSE:ACM,0.0
2022-03-17,12,AR1 alpha + Basic + One-Step,NYSE:ACM,0.0
2022-03-18,12,AR1 alpha + Basic + One-Step,NYSE:ACM,0.0
2022-03-21,12,AR1 alpha + Basic + One-Step,NYSE:ACM,0.0
2022-03-22,12,AR1 alpha + Basic + One-Step,NYSE:ACM,0.0
2022-03-23,12,AR1 alpha + Basic + One-Step,NYSE:ACM,0.0
2022-03-24,12,AR1 alpha + Basic + One-Step,NYSE:ACM,6.619983495657665e-08
2022-03-25,12,AR1 alpha + Basic + One-Step,NYSE:ACM,0.0
2022-03-28,12,AR1 alpha + Basic + One-Step,NYSE:ACM,0.0
2022-03-29,12,AR1 alpha + Basic + One-Step,NYSE:ACM,0.0
2022-03-30,12,AR1 alpha + Basic + One-Step,NYSE:ACM,0.0
2022-03-31,12,AR1 alpha + Basic + One-Step,NYSE:ACM,0.0
2022-04-01,12,AR1 alpha + Basic + One-Step,NYSE:ACM,0.0
2022-04-04,12,AR1 alpha + Basic + One-Step,NYSE:ACM,0.0
2022-04-05,12,AR1 alpha + Basic + One-Step,NYSE:ACM,0.0
2022-04-06,12,AR1 alpha + Basic + One-Step,NYSE:ACM,0.0
2022-04-07,12,AR1 alpha + Basic + One-Step,NYSE:ACM,0.0
2022-04-08,12,AR1 alpha + Basic + One-Step,NYSE:ACM,0.0
2022-04-11,12,AR1 alpha + Basic + One-Step,NYSE:ACM,0.0
2022-04-12,12,AR1 alpha + Basic + One-Step,NYSE:ACM,0.0
2022-04-13,12,AR1 alpha + Basic + One-Step,NYSE:ACM,3.819849185814678e-07
2022-04-14,12,AR1 alpha + Basic + One-Step,NYSE:ACM,0.0
2022-04-18,12,AR1 alpha + Basic + One-Step,NYSE:ACM,0.0
2022-04-19,12,AR1 alpha + Basic + One-Step,NYSE:ACM,0.0
2022-04-20,12,AR1 alpha + Basic + One-Step,NYSE:ACM,9.358635076289273e-08
2022-04-21,12,AR1 alpha + Basic + One-Step,NYSE:ACM,0.0
2022-04-22,12,AR1 alpha + Basic + One-Step,NYSE:ACM,0.0
2022-04-25,12,AR1 alpha + Basic + One-Step,NYSE:ACM,0.0
2022-04-26,12,AR1 alpha + Basic + One-Step,NYSE:ACM,0.0
2022-04-27,12,AR1 alpha + Basic + One-Step,NYSE:ACM,0.0
2022-04-28,12,AR1 alpha + Basic + One-Step,NYSE:ACM,0.0
2022-04-29,12,AR1 alpha + Basic + One-Step,NYSE:ACM,0.0
2022-05-02,12,AR1 alpha + Basic + One-Step,NYSE:ACM,0.0
2022-05-03,12,AR1 alpha + Basic + One-Step,NYSE:ACM,0.0
2022-05-04,12,AR1 alpha + Basic + One-Step,NYSE:ACM,7.141595753620094e-07
2022-05-05,12,AR1 alpha + Basic + One-Step,NYSE:ACM,0.0
2022-05-06,12,AR1 alpha + Basic + One-Step,NYSE:ACM,0.0
2022-05-09,12,AR1 alpha + Basic + One-Step,NYSE:ACM,0.0
2022-05-10,12,AR1 alpha + Basic + One-Step,NYSE:ACM,4.264894509535455e-08
2022-05-11,12,AR1 alpha + Basic + One-Step,NYSE:ACM,0.0
2022-05-12,12,AR1 alpha + Basic + One-Step,NYSE:ACM,6.097143123379374e-08
2022-05-13,12,AR1 alpha + Basic + One-Step,NYSE:ACM,0.0
2022-05-16,12,AR1 alpha + Basic + One-Step,NYSE:ACM,5.684883419920429e-07
2022-05-17,12,AR1 alpha + Basic + One-Step,NYSE:ACM,2.2731977950349138e-07
2022-05-18,12,AR1 alpha + Basic + One-Step,NYSE:ACM,6.069195002399228e-07
2022-05-19,12,AR1 alpha + Basic + One-Step,NYSE:ACM,0.0
2022-05-20,12,AR1 alpha + Basic + One-Step,NYSE:ACM,0.0
2022-05-23,12,AR1 alpha + Basic + One-Step,NYSE:ACM,2.4157075527944813e-07
2022-05-24,12,AR1 alpha + Basic + One-Step,NYSE:ACM,0.0
2022-05-25,12,AR1 alpha + Basic + One-Step,NYSE:ACM,1.8246669653931503e-07
2022-05-26,12,AR1 alpha + Basic + One-Step,NYSE:ACM,0.0
2022-05-27,12,AR1 alpha + Basic + One-Step,NYSE:ACM,1.0095537666073789e-08
2022-05-31,12,AR1 alpha + Basic + One-Step,NYSE:ACM,0.0
2022-06-01,12,AR1 alpha + Basic + One-Step,NYSE:ACM,0.0
2022-06-02,12,AR1 alpha + Basic + One-Step,NYSE:ACM,0.0
2022-06-03,12,AR1 alpha + Basic + One-Step,NYSE:ACM,0.0
2022-06-06,12,AR1 alpha + Basic + One-Step,NYSE:ACM,0.0
2022-06-07,12,AR1 alpha + Basic + One-Step,NYSE:ACM,0.0
2022-06-08,12,AR1 alpha + Basic + One-Step,NYSE:ACM,0.0
2022-06-09,12,AR1 alpha + Basic + One-Step,NYSE:ACM,0.0
2022-06-10,12,AR1 alpha + Basic + One-Step,NYSE:ACM,8.435011273241913e-08
2022-06-13,12,AR1 alpha + Basic + One-Step,NYSE:ACM,3.2477922764171023e-07
2022-06-14,12,AR1 alpha + Basic + One-Step,NYSE:ACM,2.3463708866741666e-07
2022-06-15,12,AR1 alpha + Basic + One-Step,NYSE:ACM,0.0
2022-06-16,12,AR1 alpha + Basic + One-Step,NYSE:ACM,0.0
2022-06-17,12,AR1 alpha + Basic + One-Step,NYSE:ACM,0.0
2022-06-21,12,AR1 alpha + Basic + One-Step,NYSE:ACM,1.01114473685221e-06
2022-06-22,12,AR1 alpha + Basic + One-Step,NYSE:ACM,5.821876592417486e-07
2022-06-23,12,AR1 alpha + Basic + One-Step,NYSE:ACM,0.0
2022-06-24,12,AR1 alpha + Basic + One-Step,NYSE:ACM,0.0
2022-06-27,12,AR1 alpha + Basic + One-Step,NYSE:ACM,0.0
2022-06-28,12,AR1 alpha + Basic + One-Step,NYSE:ACM,0.0
2022-06-29,12,AR1 alpha + Basic + One-Step,NYSE:ACM,0.0
2022-06-30,12,AR1 alpha + Basic + One-Step,NYSE:ACM,0.0
2022-07-01,12,AR1 alpha + Basic + One-Step,NYSE:ACM,0.0
2022-07-05,12,AR1 alpha + Basic + One-Step,NYSE:ACM,0.0
2022-07-06,12,AR1 alpha + Basic + One-Step,NYSE:ACM,0.0
2022-07-07,12,AR1 alpha + Basic + One-Step,NYSE:ACM,0.0
2022-07-08,12,AR1 alpha + Basic + One-Step,NYSE:ACM,0.0
2022-07-11,12,AR1 alpha + Basic + One-Step,NYSE:ACM,0.0
2022-07-12,12,AR1 alpha + Basic + One-Step,NYSE:ACM,1.9498530463603591e-07
2022-07-13,12,AR1 alpha + Basic + One-Step,NYSE:ACM,3.339265918936188e-07
2022-07-14,12,AR1 alpha + Basic + One-Step,NYSE:ACM,0.0
2022-07-15,12,AR1 alpha + Basic + One-Step,NYSE:ACM,0.0
2022-07-18,12,AR1 alpha + Basic + One-Step,NYSE:ACM,6.636412885659474e-09
2022-07-19,12,AR1 alpha + Basic + One-Step,NYSE:ACM,0.0
2022-07-20,12,AR1 alpha + Basic + One-Step,NYSE:ACM,3.989145736199049e-07
2022-07-21,12,AR1 alpha + Basic + One-Step,NYSE:ACM,2.198215757868193e-07
2022-07-22,12,AR1 alpha + Basic + One-Step,NYSE:ACM,0.0
2022-07-25,12,AR1 alpha + Basic + One-Step,NYSE:ACM,0.0
2022-07-26,12,AR1 alpha + Basic + One-Step,NYSE:ACM,0.0
2022-07-27,12,AR1 alpha + Basic + One-Step,NYSE:ACM,0.0
2022-07-28,12,AR1 alpha + Basic + One-Step,NYSE:ACM,0.0
2022-07-29,12,AR1 alpha + Basic + One-Step,NYSE:ACM,0.0
2022-08-01,12,AR1 alpha + Basic + One-Step,NYSE:ACM,0.0
2022-08-02,12,AR1 alpha + Basic + One-Step,NYSE:ACM,0.0
2022-08-03,12,AR1 alpha + Basic + One-Step,NYSE:ACM,0.0
2022-08-04,12,AR1 alpha + Basic + One-Step,NYSE:ACM,0.0
2022-08-05,12,AR1 alpha + Basic + One-Step,NYSE:ACM,0.0
2022-08-08,12,AR1 alpha + Basic + One-Step,NYSE:ACM,0.0
2022-08-09,12,AR1 alpha + Basic + One-Step,NYSE:ACM,0.0
2022-08-10,12,AR1 alpha + Basic + One-Step,NYSE:ACM,0.0
2022-08-11,12,AR1 alpha + Basic + One-Step,NYSE:ACM,0.0
2022-08-12,12,AR1 alpha + Basic + One-Step,NYSE:ACM,0.0
2022-08-15,12,AR1 alpha + Basic + One-Step,NYSE:ACM,0.0
2022-08-16,12,AR1 alpha + Basic + One-Step,NYSE:ACM,0.0
2022-08-17,12,AR1 alpha + Basic + One-Step,NYSE:ACM,0.0
2022-08-18,12,AR1 alpha + Basic + One-Step,NYSE:ACM,0.0
2022-08-19,12,AR1 alpha + Basic + One-Step,NYSE:ACM,0.0
2022-08-22,12,AR1 alpha + Basic + One-Step,NYSE:ACM,0.0
2022-08-23,12,AR1 alpha + Basic + One-Step,NYSE:ACM,0.0
2022-08-24,12,AR1 alpha + Basic + One-Step,NYSE:ACM,2.688753739152081e-07
2022-08-25,12,AR1 alpha + Basic + One-Step,NYSE:ACM,0.0
2022-08-26,12,AR1 alpha + Basic + One-Step,NYSE:ACM,0.0
2022-08-29,12,AR1 alpha + Basic + One-Step,NYSE:ACM,0.0
2022-08-30,12,AR1 alpha + Basic + One-Step,NYSE:ACM,0.0
2022-08-31,12,AR1 alpha + Basic + One-Step,NYSE:ACM,0.0
2022-09-01,12,AR1 alpha + Basic + One-Step,NYSE:ACM,0.0
2022-09-02,12,AR1 alpha + Basic + One-Step,NYSE:ACM,0.0
2022-09-06,12,AR1 alpha + Basic + One-Step,NYSE:ACM,0.0
2022-09-07,12,AR1 alpha + Basic + One-Step,NYSE:ACM,0.0
2022-09-08,12,AR1 alpha + Basic + One-Step,NYSE:ACM,2.9104958922009473e-07
2022-09-09,12,AR1 alpha + Basic + One-Step,NYSE:ACM,0.0
2022-09-12,12,AR1 alpha + Basic + One-Step,NYSE:ACM,0.0
2022-09-13,12,AR1 alpha + Basic + One-Step,NYSE:ACM,0.0
2022-09-14,12,AR1 alpha + Basic + One-Step,NYSE:ACM,4.37221221153834e-08
2022-09-15,12,AR1 alpha + Basic + One-Step,NYSE:ACM,7.620087674556154e-09
2022-09-16,12,AR1 alpha + Basic + One-Step,NYSE:ACM,3.168435307072806e-08
2022-09-19,12,AR1 alpha + Basic + One-Step,NYSE:ACM,0.0
2022-09-20,12,AR1 alpha + Basic + One-Step,NYSE:ACM,2.274380338990514e-07
2022-09-21,12,AR1 alpha + Basic + One-Step,NYSE:ACM,0.0
2022-09-22,12,AR1 alpha + Basic + One-Step,NYSE:ACM,0.0
2022-09-23,12,AR1 alpha + Basic + One-Step,NYSE:ACM,0.0
2022-09-26,12,AR1 alpha + Basic + One-Step,NYSE:ACM,7.232774035867799e-09
2022-09-27,12,AR1 alpha + Basic + One-Step,NYSE:ACM,0.0
2022-09-28,12,AR1 alpha + Basic + One-Step,NYSE:ACM,0.0
2022-09-29,12,AR1 alpha + Basic + One-Step,NYSE:ACM,0.0
2022-09-30,12,AR1 alpha + Basic + One-Step,NYSE:ACM,0.0
2022-10-03,12,AR1 alpha + Basic + One-Step,NYSE:ACM,0.008773004727027318
2022-10-04,12,AR1 alpha + Basic + One-Step,NYSE:ACM,0.04519087711904812
2022-10-05,12,AR1 alpha + Basic + One-Step,NYSE:ACM,0.06542455758272316
2022-10-06,12,AR1 alpha + Basic + One-Step,NYSE:ACM,0.09999523505168767
2022-10-07,12,AR1 alpha + Basic + One-Step,NYSE:ACM,0.034025886869407725
2022-10-10,12,AR1 alpha + Basic + One-Step,NYSE:ACM,0.03633241849816932
2022-10-11,12,AR1 alpha + Basic + One-Step,NYSE:ACM,0.10000283658020626
2022-10-12,12,AR1 alpha + Basic + One-Step,NYSE:ACM,0.06916394663942357
2022-10-13,12,AR1 alpha + Basic + One-Step,NYSE:ACM,0.005710827966855261
2022-10-14,12,AR1 alpha + Basic + One-Step,NYSE:ACM,0.0789374573369535
2022-10-17,12,AR1 alpha + Basic + One-Step,NYSE:ACM,0.09999602825237033
2022-10-18,12,AR1 alpha + Basic + One-Step,NYSE:ACM,0.09999489940809414
2022-10-19,12,AR1 alpha + Basic + One-Step,NYSE:ACM,0.09999709590857435
2022-10-20,12,AR1 alpha + Basic + One-Step,NYSE:ACM,0.0036531868780953526
2022-10-21,12,AR1 alpha + Basic + One-Step,NYSE:ACM,0.0036533320792568025
2022-10-24,12,AR1 alpha + Basic + One-Step,NYSE:ACM,0.014677414793961226
2022-10-25,12,AR1 alpha + Basic + One-Step,NYSE:ACM,0.0
2022-10-26,12,AR1 alpha + Basic + One-Step,NYSE:ACM,0.0
2022-10-27,12,AR1 alpha + Basic + One-Step,NYSE:ACM,0.0
2022-10-28,12,AR1 alpha + Basic + One-Step,NYSE:ACM,0.0
2022-10-31,12,AR1 alpha + Basic + One-Step,NYSE:ACM,0.0
2022-11-01,12,AR1 alpha + Basic + One-Step,NYSE:ACM,0.0
2022-11-02,12,AR1 alpha + Basic + One-Step,NYSE:ACM,6.794462639937261e-07
2022-11-03,12,AR1 alpha + Basic + One-Step,NYSE:ACM,1.4584585058156273e-06
2022-11-04,12,AR1 alpha + Basic + One-Step,NYSE:ACM,1.2335877863196424e-06
2022-11-07,12,AR1 alpha + Basic + One-Step,NYSE:ACM,4.263544045049805e-07
2022-11-08,12,AR1 alpha + Basic + One-Step,NYSE:ACM,0.0
2022-11-09,12,AR1 alpha + Basic + One-Step,NYSE:ACM,0.0
2022-11-10,12,AR1 alpha + Basic + One-Step,NYSE:ACM,0.0
2022-11-11,12,AR1 alpha + Basic + One-Step,NYSE:ACM,1.8819716322033692e-07
2022-11-14,12,AR1 alpha + Basic + One-Step,NYSE:ACM,0.0
2022-11-15,12,AR1 alpha + Basic + One-Step,NYSE:ACM,0.0
2022-11-16,12,AR1 alpha + Basic + One-Step,NYSE:ACM,0.0
2022-11-17,12,AR1 alpha + Basic + One-Step,NYSE:ACM,0.0
2022-11-18,12,AR1 alpha + Basic + One-Step,NYSE:ACM,5.392851847214035e-07
2022-11-21,12,AR1 alpha + Basic + One-Step,NYSE:ACM,6.347650618421749e-07
2022-11-22,12,AR1 alpha + Basic + One-Step,NYSE:ACM,5.485071175714423e-08
2022-11-23,12,AR1 alpha + Basic + One-Step,NYSE:ACM,0.0
2022-11-25,12,AR1 alpha + Basic + One-Step,NYSE:ACM,0.014781384267618226
2022-11-28,12,AR1 alpha + Basic + One-Step,NYSE:ACM,9.133407855469826e-06
2022-11-29,12,AR1 alpha + Basic + One-Step,NYSE:ACM,3.7897880594210166e-06
2022-11-30,12,AR1 alpha + Basic + One-Step,NYSE:ACM,1.898167775305834e-06
2022-12-01,12,AR1 alpha + Basic + One-Step,NYSE:ACM,0.025316189431841284
2022-12-02,12,AR1 alpha + Basic + One-Step,NYSE:ACM,0.0
2022-12-05,12,AR1 alpha + Basic + One-Step,NYSE:ACM,0.0
2022-12-06,12,AR1 alpha + Basic + One-Step,NYSE:ACM,0.0
2022-12-07,12,AR1 alpha + Basic + One-Step,NYSE:ACM,0.0
2022-12-08,12,AR1 alpha + Basic + One-Step,NYSE:ACM,0.0
2022-12-09,12,AR1 alpha + Basic + One-Step,NYSE:ACM,0.0
2022-12-12,12,AR1 alpha + Basic + One-Step,NYSE:ACM,0.020436393947113277
2022-12-13,12,AR1 alpha + Basic + One-Step,NYSE:ACM,0.015860375071395837
2022-12-14,12,AR1 alpha + Basic + One-Step,NYSE:ACM,0.020127021312227985
2022-12-15,12,AR1 alpha + Basic + One-Step,NYSE:ACM,0.0
2022-12-16,12,AR1 alpha + Basic + One-Step,NYSE:ACM,0.0
2022-12-19,12,AR1 alpha + Basic + One-Step,NYSE:ACM,0.0
2022-12-20,12,AR1 alpha + Basic + One-Step,NYSE:ACM,0.0
2022-12-21,12,AR1 alpha + Basic + One-Step,NYSE:ACM,0.0400990194640484
2022-12-22,12,AR1 alpha + Basic + One-Step,NYSE:ACM,0.0024650587733615545
2022-12-23,12,AR1 alpha + Basic + One-Step,NYSE:ACM,7.1418923355470354e-09
2022-12-27,12,AR1 alpha + Basic + One-Step,NYSE:ACM,0.03179881468938781
2022-12-28,12,AR1 alpha + Basic + One-Step,NYSE:ACM,2.8009410174929835e-06
2022-12-29,12,AR1 alpha + Basic + One-Step,NYSE:ACM,0.08625716557036396
2022-12-30,12,AR1 alpha + Basic + One-Step,NYSE:ACM,0.03663025400026794
2023-01-03,12,AR1 alpha + Basic + One-Step,NYSE:ACM,0.0
2023-01-04,12,AR1 alpha + Basic + One-Step,NYSE:ACM,0.008919235190510789
2023-01-05,12,AR1 alpha + Basic + One-Step,NYSE:ACM,0.0
2023-01-06,12,AR1 alpha + Basic + One-Step,NYSE:ACM,0.0
2023-01-09,12,AR1 alpha + Basic + One-Step,NYSE:ACM,0.0
2023-01-10,12,AR1 alpha + Basic + One-Step,NYSE:ACM,0.0
2023-01-11,12,AR1 alpha + Basic + One-Step,NYSE:ACM,1.7189876932163293e-08
2023-01-12,12,AR1 alpha + Basic + One-Step,NYSE:ACM,0.0
2023-01-13,12,AR1 alpha + Basic + One-Step,NYSE:ACM,1.6905809655103515e-08
2023-01-17,12,AR1 alpha + Basic + One-Step,NYSE:ACM,0.0
2023-01-18,12,AR1 alpha + Basic + One-Step,NYSE:ACM,0.0
2023-01-19,12,AR1 alpha + Basic + One-Step,NYSE:ACM,0.0
2023-01-20,12,AR1 alpha + Basic + One-Step,NYSE:ACM,0.0
2023-01-23,12,AR1 alpha + Basic + One-Step,NYSE:ACM,0.0
2023-01-24,12,AR1 alpha + Basic + One-Step,NYSE:ACM,0.0
2023-01-25,12,AR1 alpha + Basic + One-Step,NYSE:ACM,0.005461948931274373
2023-01-26,12,AR1 alpha + Basic + One-Step,NYSE:ACM,0.09569662923991146
2023-01-27,12,AR1 alpha + Basic + One-Step,NYSE:ACM,0.02681870948653808
2023-01-30,12,AR1 alpha + Basic + One-Step,NYSE:ACM,0.026820393379074745
2023-01-31,12,AR1 alpha + Basic + One-Step,NYSE:ACM,0.057126540727847105
2023-02-01,12,AR1 alpha + Basic + One-Step,NYSE:ACM,0.09999927513180298
2023-02-02,12,AR1 alpha + Basic + One-Step,NYSE:ACM,0.09426736564888587
2023-02-03,12,AR1 alpha + Basic + One-Step,NYSE:ACM,0.06258072092537513
2023-02-06,12,AR1 alpha + Basic + One-Step,NYSE:ACM,0.09999786045309575
2023-02-07,12,AR1 alpha + Basic + One-Step,NYSE:ACM,0.09999886188327925
2023-02-08,12,AR1 alpha + Basic + One-Step,NYSE:ACM,0.09999915762329363
2023-02-09,12,AR1 alpha + Basic + One-Step,NYSE:ACM,0.09999093863006217
2023-02-10,12,AR1 alpha + Basic + One-Step,NYSE:ACM,0.0999966144084473
2023-02-13,12,AR1 alpha + Basic + One-Step,NYSE:ACM,0.0999982918581603
2023-02-14,12,AR1 alpha + Basic + One-Step,NYSE:ACM,0.0999993679657033
2023-02-15,12,AR1 alpha + Basic + One-Step,NYSE:ACM,0.09999683491225675
2023-02-16,12,AR1 alpha + Basic + One-Step,NYSE:ACM,0.0999988776017536
2023-02-17,12,AR1 alpha + Basic + One-Step,NYSE:ACM,0.09999943094594124
2023-02-21,12,AR1 alpha + Basic + One-Step,NYSE:ACM,0.09999948001284528
2023-02-22,12,AR1 alpha + Basic + One-Step,NYSE:ACM,0.0999958436823131
2023-02-23,12,AR1 alpha + Basic + One-Step,NYSE:ACM,0.0999978785667486
2023-02-24,12,AR1 alpha + Basic + One-Step,NYSE:ACM,0.09999289962693392
2023-02-27,12,AR1 alpha + Basic + One-Step,NYSE:ACM,0.09999571001754289
2023-02-28,12,AR1 alpha + Basic + One-Step,NYSE:ACM,0.09999750669608191
2023-03-01,12,AR1 alpha + Basic + One-Step,NYSE:ACM,0.07984861146418787
2023-03-02,12,AR1 alpha + Basic + One-Step,NYSE:ACM,0.0911204518486705
2023-03-03,12,AR1 alpha + Basic + One-Step,NYSE:ACM,0.09998950845281959
2023-03-06,12,AR1 alpha + Basic + One-Step,NYSE:ACM,0.09999111904276804
2023-03-07,12,AR1 alpha + Basic + One-Step,NYSE:ACM,0.09999577506356815
2023-03-08,12,AR1 alpha + Basic + One-Step,NYSE:ACM,0.09999805953758585
2023-03-09,12,AR1 alpha + Basic + One-Step,NYSE:ACM,0.09999504489961959
2023-03-10,12,AR1 alpha + Basic + One-Step,NYSE:ACM,0.03850850353852483
2023-03-13,12,AR1 alpha + Basic + One-Step,NYSE:ACM,0.0849606638248639
2023-03-14,12,AR1 alpha + Basic + One-Step,NYSE:ACM,0.09999479130094868
2023-03-15,12,AR1 alpha + Basic + One-Step,NYSE:ACM,0.028884129215363808
2023-03-16,12,AR1 alpha + Basic + One-Step,NYSE:ACM,0.04411404342039548
2023-03-17,12,AR1 alpha + Basic + One-Step,NYSE:ACM,0.040321676883603434
2023-03-20,12,AR1 alpha + Basic + One-Step,NYSE:ACM,0.016666747588519305
2023-03-21,12,AR1 alpha + Basic + One-Step,NYSE:ACM,4.0099698885589755e-07
2023-03-22,12,AR1 alpha + Basic + One-Step,NYSE:ACM,2.5895337835937194e-07
2023-03-23,12,AR1 alpha + Basic + One-Step,NYSE:ACM,2.715465927007585e-07
2023-03-24,12,AR1 alpha + Basic + One-Step,NYSE:ACM,0.0057273003368334225
2023-03-27,12,AR1 alpha + Basic + One-Step,NYSE:ACM,0.0
2023-03-28,12,AR1 alpha + Basic + One-Step,NYSE:ACM,3.463718034981349e-08
2023-03-29,12,AR1 alpha + Basic + One-Step,NYSE:ACM,0.0
2023-03-30,12,AR1 alpha + Basic + One-Step,NYSE:ACM,0.0
2023-03-31,12,AR1 alpha + Basic + One-Step,NYSE:ACM,3.248626192048848e-07
2023-04-03,12,AR1 alpha + Basic + One-Step,NYSE:ACM,0.0
2023-04-04,12,AR1 alpha + Basic + One-Step,NYSE:ACM,0.0
2023-04-05,12,AR1 alpha + Basic + One-Step,NYSE:ACM,1.8444771239011203e-07
2023-04-06,12,AR1 alpha + Basic + One-Step,NYSE:ACM,3.1688998755818707e-07
2023-04-10,12,AR1 alpha + Basic + One-Step,NYSE:ACM,0.0
2023-04-11,12,AR1 alpha + Basic + One-Step,NYSE:ACM,0.0
2023-04-12,12,AR1 alpha + Basic + One-Step,NYSE:ACM,0.0
2023-04-13,12,AR1 alpha + Basic + One-Step,NYSE:ACM,0.0
2023-04-14,12,AR1 alpha + Basic + One-Step,NYSE:ACM,0.0
2023-04-17,12,AR1 alpha + Basic + One-Step,NYSE:ACM,0.0
2023-04-18,12,AR1 alpha + Basic + One-Step,NYSE:ACM,0.0
2023-04-19,12,AR1 alpha + Basic + One-Step,NYSE:ACM,1.3092371046129247e-09
2023-04-20,12,AR1 alpha + Basic + One-Step,NYSE:ACM,3.667265393817556e-09
2023-04-21,12,AR1 alpha + Basic + One-Step,NYSE:ACM,1.7647388322343335e-08
2023-04-24,12,AR1 alpha + Basic + One-Step,NYSE:ACM,0.0
2023-04-25,12,AR1 alpha + Basic + One-Step,NYSE:ACM,0.0
2023-04-26,12,AR1 alpha + Basic + One-Step,NYSE:ACM,1.0137917891423123e-09
2023-04-27,12,AR1 alpha + Basic + One-Step,NYSE:ACM,4.154898247197206e-07
2023-04-28,12,AR1 alpha + Basic + One-Step,NYSE:ACM,2.1464838889677023e-07
2023-05-01,12,AR1 alpha + Basic + One-Step,NYSE:ACM,0.03080931369077487
2023-05-02,12,AR1 alpha + Basic + One-Step,NYSE:ACM,0.03475699024891735
2023-05-03,12,AR1 alpha + Basic + One-Step,NYSE:ACM,0.09667174129527856
2023-05-04,12,AR1 alpha + Basic + One-Step,NYSE:ACM,0.0772930740561493
2023-05-05,12,AR1 alpha + Basic + One-Step,NYSE:ACM,0.04168023164668389
2023-05-08,12,AR1 alpha + Basic + One-Step,NYSE:ACM,0.07689945008250178
2023-05-09,12,AR1 alpha + Basic + One-Step,NYSE:ACM,0.10000027891897996
2023-05-10,12,AR1 alpha + Basic + One-Step,NYSE:ACM,0.09999998439754888
2023-05-11,12,AR1 alpha + Basic + One-Step,NYSE:ACM,0.10000058527117583
2023-05-12,12,AR1 alpha + Basic + One-Step,NYSE:ACM,0.10000100928564967
2023-05-15,12,AR1 alpha + Basic + One-Step,NYSE:ACM,0.10000059382503931
2023-05-16,12,AR1 alpha + Basic + One-Step,NYSE:ACM,0.09999584564487916
2023-05-17,12,AR1 alpha + Basic + One-Step,NYSE:ACM,0.0999973811200948
2023-05-18,12,AR1 alpha + Basic + One-Step,NYSE:ACM,0.02386233354683777
2023-05-19,12,AR1 alpha + Basic + One-Step,NYSE:ACM,0.05172952222890583
2023-05-22,12,AR1 alpha + Basic + One-Step,NYSE:ACM,0.0581841979632747
2023-05-23,12,AR1 alpha + Basic + One-Step,NYSE:ACM,0.017714022142005195
2023-05-24,12,AR1 alpha + Basic + One-Step,NYSE:ACM,1.1790146975952392e-06
2023-05-25,12,AR1 alpha + Basic + One-Step,NYSE:ACM,6.983444370493478e-07
2023-05-26,12,AR1 alpha + Basic + One-Step,NYSE:ACM,0.0
2023-05-30,12,AR1 alpha + Basic + One-Step,NYSE:ACM,0.0
2023-05-31,12,AR1 alpha + Basic + One-Step,NYSE:ACM,0.0
2023-06-01,12,AR1 alpha + Basic + One-Step,NYSE:ACM,0.0
2023-06-02,12,AR1 alpha + Basic + One-Step,NYSE:ACM,0.0
2023-06-05,12,AR1 alpha + Basic + One-Step,NYSE:ACM,0.0
2023-06-06,12,AR1 alpha + Basic + One-Step,NYSE:ACM,1.5063097903323707e-06
2023-06-07,12,AR1 alpha + Basic + One-Step,NYSE:ACM,0.00845764710355303
2023-06-08,12,AR1 alpha + Basic + One-Step,NYSE:ACM,0.0
2023-06-09,12,AR1 alpha + Basic + One-Step,NYSE:ACM,1.3633554988615486e-06
2023-06-12,12,AR1 alpha + Basic + One-Step,NYSE:ACM,0.0
2023-06-13,12,AR1 alpha + Basic + One-Step,NYSE:ACM,0.01849973825544435
2023-06-14,12,AR1 alpha + Basic + One-Step,NYSE:ACM,0.0
2023-06-15,12,AR1 alpha + Basic + One-Step,NYSE:ACM,0.0
2023-06-16,12,AR1 alpha + Basic + One-Step,NYSE:ACM,0.052373818112299506
2023-06-20,12,AR1 alpha + Basic + One-Step,NYSE:ACM,0.0
2023-06-21,12,AR1 alpha + Basic + One-Step,NYSE:ACM,0.0
2023-06-22,12,AR1 alpha + Basic + One-Step,NYSE:ACM,0.06650436175404019
2023-06-23,12,AR1 alpha + Basic + One-Step,NYSE:ACM,0.09999833103408709
2023-06-26,12,AR1 alpha + Basic + One-Step,NYSE:ACM,0.046137256469960586
2023-06-27,12,AR1 alpha + Basic + One-Step,NYSE:ACM,0.0
2023-06-28,12,AR1 alpha + Basic + One-Step,NYSE:ACM,0.0
2023-06-29,12,AR1 alpha + Basic + One-Step,NYSE:ACM,0.0
2023-06-30,12,AR1 alpha + Basic + One-Step,NYSE:ACM,0.0
2023-07-03,12,AR1 alpha + Basic + One-Step,NYSE:ACM,0.0
2023-07-05,12,AR1 alpha + Basic + One-Step,NYSE:ACM,0.0035262021159451237
2023-07-06,12,AR1 alpha + Basic + One-Step,NYSE:ACM,0.0441404197469808
2023-07-07,12,AR1 alpha + Basic + One-Step,NYSE:ACM,0.014565425986417326
2023-07-10,12,AR1 alpha + Basic + One-Step,NYSE:ACM,0.03831041496922336
2023-07-11,12,AR1 alpha + Basic + One-Step,NYSE:ACM,0.0
2023-07-12,12,AR1 alpha + Basic + One-Step,NYSE:ACM,0.0504610087425212
2023-07-13,12,AR1 alpha + Basic + One-Step,NYSE:ACM,0.0
2023-07-14,12,AR1 alpha + Basic + One-Step,NYSE:ACM,0.09819506460641202
2023-07-17,12,AR1 alpha + Basic + One-Step,NYSE:ACM,0.0684144760136255
2023-07-18,12,AR1 alpha + Basic + One-Step,NYSE:ACM,0.0893789753988696
2023-07-19,12,AR1 alpha + Basic + One-Step,NYSE:ACM,0.08321110184876121
2023-07-20,12,AR1 alpha + Basic + One-Step,NYSE:ACM,0.09999999999999998
2023-07-21,12,AR1 alpha + Basic + One-Step,NYSE:ACM,0.09999764608956854
2023-07-24,12,AR1 alpha + Basic + One-Step,NYSE:ACM,0.09999395632407797
2023-07-25,12,AR1 alpha + Basic + One-Step,NYSE:ACM,0.09999017802314589
2023-07-26,12,AR1 alpha + Basic + One-Step,NYSE:ACM,0.09999207785504771
2023-07-27,12,AR1 alpha + Basic + One-Step,NYSE:ACM,0.0999897587332534
2023-07-28,12,AR1 alpha + Basic + One-Step,NYSE:ACM,0.09922283449916662
2023-07-31,12,AR1 alpha + Basic + One-Step,NYSE:ACM,0.09999710218413332
2023-08-01,12,AR1 alpha + Basic + One-Step,NYSE:ACM,0.0035210253886352526
2023-08-02,12,AR1 alpha + Basic + One-Step,NYSE:ACM,0.025962069851477556
2023-08-03,12,AR1 alpha + Basic + One-Step,NYSE:ACM,0.0
2023-08-04,12,AR1 alpha + Basic + One-Step,NYSE:ACM,0.09999985589948938
2023-08-07,12,AR1 alpha + Basic + One-Step,NYSE:ACM,0.0999999036612354
2023-08-08,12,AR1 alpha + Basic + One-Step,NYSE:ACM,0.09999721242447691
2023-08-09,12,AR1 alpha + Basic + One-Step,NYSE:ACM,0.0999943383728989
2023-08-10,12,AR1 alpha + Basic + One-Step,NYSE:ACM,0.021751254490652645
2023-08-11,12,AR1 alpha + Basic + One-Step,NYSE:ACM,1.8613966026817908e-06
2023-08-14,12,AR1 alpha + Basic + One-Step,NYSE:ACM,0.0
2023-08-15,12,AR1 alpha + Basic + One-Step,NYSE:ACM,0.0646788522274294
2023-08-16,12,AR1 alpha + Basic + One-Step,NYSE:ACM,0.09999436635762918
2023-08-17,12,AR1 alpha + Basic + One-Step,NYSE:ACM,0.09999004891420946
2023-08-18,12,AR1 alpha + Basic + One-Step,NYSE:ACM,0.08900425736985557
2023-08-21,12,AR1 alpha + Basic + One-Step,NYSE:ACM,0.0894747873890655
2023-08-22,12,AR1 alpha + Basic + One-Step,NYSE:ACM,0.08947267853157724
2023-08-23,12,AR1 alpha + Basic + One-Step,NYSE:ACM,0.10000057784045198
2023-08-24,12,AR1 alpha + Basic + One-Step,NYSE:ACM,0.09999922842049763
2023-08-25,12,AR1 alpha + Basic + One-Step,NYSE:ACM,0.09483734394577642
2023-08-28,12,AR1 alpha + Basic + One-Step,NYSE:ACM,0.0
2023-08-29,12,AR1 alpha + Basic + One-Step,NYSE:ACM,1.0370673526302754e-08
2023-08-30,12,AR1 alpha + Basic + One-Step,NYSE:ACM,0.0
2023-08-31,12,AR1 alpha + Basic + One-Step,NYSE:ACM,0.0020300198430177746
2023-09-01,12,AR1 alpha + Basic + One-Step,NYSE:ACM,2.1223714845867115e-07
2023-09-05,12,AR1 alpha + Basic + One-Step,NYSE:ACM,0.0305214313324155
2023-09-06,12,AR1 alpha + Basic + One-Step,NYSE:ACM,0.0999999449407657
2023-09-07,12,AR1 alpha + Basic + One-Step,NYSE:ACM,0.10000193666260823
2023-09-08,12,AR1 alpha + Basic + One-Step,NYSE:ACM,0.1000020991545111
2023-09-11,12,AR1 alpha + Basic + One-Step,NYSE:ACM,0.08328709048231975
2023-09-12,12,AR1 alpha + Basic + One-Step,NYSE:ACM,0.02852929187138388
2023-09-13,12,AR1 alpha + Basic + One-Step,NYSE:ACM,0.09999549722675259
2023-09-14,12,AR1 alpha + Basic + One-Step,NYSE:ACM,0.09805237035063316
2023-09-15,12,AR1 alpha + Basic + One-Step,NYSE:ACM,0.02446565546994496
2023-09-18,12,AR1 alpha + Basic + One-Step,NYSE:ACM,0.0
2023-09-19,12,AR1 alpha + Basic + One-Step,NYSE:ACM,0.025461829419404704
2023-09-20,12,AR1 alpha + Basic + One-Step,NYSE:ACM,0.021233782277006293
2023-09-21,12,AR1 alpha + Basic + One-Step,NYSE:ACM,0.0999820449840375
2023-09-22,12,AR1 alpha + Basic + One-Step,NYSE:ACM,0.06337668055183876
2023-09-25,12,AR1 alpha + Basic + One-Step,NYSE:ACM,0.09999622683464916
2023-09-26,12,AR1 alpha + Basic + One-Step,NYSE:ACM,0.09828413174047342
2023-09-27,12,AR1 alpha + Basic + One-Step,NYSE:ACM,0.0
2023-09-28,12,AR1 alpha + Basic + One-Step,NYSE:ACM,8.581958634230747e-08
2023-09-29,12,AR1 alpha + Basic + One-Step,NYSE:ACM,5.849174059241895e-08
2023-10-02,12,AR1 alpha + Basic + One-Step,NYSE:ACM,0.09999951539856483
2023-10-03,12,AR1 alpha + Basic + One-Step,NYSE:ACM,0.0999990751390313
2023-10-04,12,AR1 alpha + Basic + One-Step,NYSE:ACM,0.014228441799030614
2023-10-05,12,AR1 alpha + Basic + One-Step,NYSE:ACM,0.014228191384543834
2023-10-06,12,AR1 alpha + Basic + One-Step,NYSE:ACM,0.0
2023-10-09,12,AR1 alpha + Basic + One-Step,NYSE:ACM,7.942210619211639e-08
2023-10-10,12,AR1 alpha + Basic + One-Step,NYSE:ACM,0.0
2023-10-11,12,AR1 alpha + Basic + One-Step,NYSE:ACM,1.609245903913878e-08
2023-10-12,12,AR1 alpha + Basic + One-Step,NYSE:ACM,0.0
2023-10-13,12,AR1 alpha + Basic + One-Step,NYSE:ACM,0.03717307476864881
2023-10-16,12,AR1 alpha + Basic + One-Step,NYSE:ACM,5.168529417230612e-07
2023-10-17,12,AR1 alpha + Basic + One-Step,NYSE:ACM,1.2923394617892742e-06
2023-10-18,12,AR1 alpha + Basic + One-Step,NYSE:ACM,0.099994874666677
2023-10-19,12,AR1 alpha + Basic + One-Step,NYSE:ACM,0.09999300035228897
2023-10-20,12,AR1 alpha + Basic + One-Step,NYSE:ACM,0.09999204783714774
2023-10-23,12,AR1 alpha + Basic + One-Step,NYSE:ACM,0.07473909581611327
2023-10-24,12,AR1 alpha + Basic + One-Step,NYSE:ACM,0.09999078797292334
2023-10-25,12,AR1 alpha + Basic + One-Step,NYSE:ACM,0.021655270963882336
2023-10-26,12,AR1 alpha + Basic + One-Step,NYSE:ACM,0.0
2023-10-27,12,AR1 alpha + Basic + One-Step,NYSE:ACM,0.0
2023-10-30,12,AR1 alpha + Basic + One-Step,NYSE:ACM,1.0514537119042827e-08
2023-10-31,12,AR1 alpha + Basic + One-Step,NYSE:ACM,0.0
2023-11-01,12,AR1 alpha + Basic + One-Step,NYSE:ACM,1.9552928450588836e-09
2023-11-02,12,AR1 alpha + Basic + One-Step,NYSE:ACM,0.0
2023-11-03,12,AR1 alpha + Basic + One-Step,NYSE:ACM,0.0
2023-11-06,12,AR1 alpha + Basic + One-Step,NYSE:ACM,0.0
2023-11-07,12,AR1 alpha + Basic + One-Step,NYSE:ACM,1.626832681640024e-08
2023-11-08,12,AR1 alpha + Basic + One-Step,NYSE:ACM,2.7575404493255188e-08
2023-11-09,12,AR1 alpha + Basic + One-Step,NYSE:ACM,0.0
2023-11-10,12,AR1 alpha + Basic + One-Step,NYSE:ACM,0.0
2023-11-13,12,AR1 alpha + Basic + One-Step,NYSE:ACM,0.0
2023-11-14,12,AR1 alpha + Basic + One-Step,NYSE:ACM,0.0
2023-11-15,12,AR1 alpha + Basic + One-Step,NYSE:ACM,0.0
2023-11-16,12,AR1 alpha + Basic + One-Step,NYSE:ACM,0.0
2023-11-17,12,AR1 alpha + Basic + One-Step,NYSE:ACM,9.614393555786382e-08
2023-11-20,12,AR1 alpha + Basic + One-Step,NYSE:ACM,0.0
2023-11-21,12,AR1 alpha + Basic + One-Step,NYSE:ACM,0.0
2023-11-22,12,AR1 alpha + Basic + One-Step,NYSE:ACM,0.0
2023-11-24,12,AR1 alpha + Basic + One-Step,NYSE:ACM,0.0
2023-11-27,12,AR1 alpha + Basic + One-Step,NYSE:ACM,0.0
2023-11-28,12,AR1 alpha + Basic + One-Step,NYSE:ACM,4.587626111663231e-08
2023-11-29,12,AR1 alpha + Basic + One-Step,NYSE:ACM,1.740249716066629e-08
2023-11-30,12,AR1 alpha + Basic + One-Step,NYSE:ACM,0.0
2023-12-01,12,AR1 alpha + Basic + One-Step,NYSE:ACM,4.808371180569491e-07
2023-12-04,12,AR1 alpha + Basic + One-Step,NYSE:ACM,0.0
2023-12-05,12,AR1 alpha + Basic + One-Step,NYSE:ACM,0.0
2023-12-06,12,AR1 alpha + Basic + One-Step,NYSE:ACM,0.0
2023-12-07,12,AR1 alpha + Basic + One-Step,NYSE:ACM,0.0
2023-12-08,12,AR1 alpha + Basic + One-Step,NYSE:ACM,0.0
2023-12-11,12,AR1 alpha + Basic + One-Step,NYSE:ACM,0.0
2023-12-12,12,AR1 alpha + Basic + One-Step,NYSE:ACM,0.0
2023-12-13,12,AR1 alpha + Basic + One-Step,NYSE:ACM,0.0
2023-12-14,12,AR1 alpha + Basic + One-Step,NYSE:ACM,0.0
2023-12-15,12,AR1 alpha + Basic + One-Step,NYSE:ACM,0.0
2023-12-18,12,AR1 alpha + Basic + One-Step,NYSE:ACM,0.0
2023-12-19,12,AR1 alpha + Basic + One-Step,NYSE:ACM,0.0
2023-12-20,12,AR1 alpha + Basic + One-Step,NYSE:ACM,0.0
2023-12-21,12,AR1 alpha + Basic + One-Step,NYSE:ACM,0.0
2023-12-22,12,AR1 alpha + Basic + One-Step,NYSE:ACM,4.903454205523084e-07
2023-12-26,12,AR1 alpha + Basic + One-Step,NYSE:ACM,0.0
2023-12-27,12,AR1 alpha + Basic + One-Step,NYSE:ACM,9.595176150907492e-09
2023-12-28,12,AR1 alpha + Basic + One-Step,NYSE:ACM,0.0
2023-12-29,12,AR1 alpha + Basic + One-Step,NYSE:ACM,0.0
2024-01-02,12,AR1 alpha + Basic + One-Step,NYSE:ACM,0.0
2024-01-03,12,AR1 alpha + Basic + One-Step,NYSE:ACM,0.0
2024-01-04,12,AR1 alpha + Basic + One-Step,NYSE:ACM,0.0
2024-01-05,12,AR1 alpha + Basic + One-Step,NYSE:ACM,0.0
2024-01-08,12,AR1 alpha + Basic + One-Step,NYSE:ACM,0.0
2024-01-09,12,AR1 alpha + Basic + One-Step,NYSE:ACM,0.0
2024-01-10,12,AR1 alpha + Basic + One-Step,NYSE:ACM,0.0
2024-01-11,12,AR1 alpha + Basic + One-Step,NYSE:ACM,2.60279983602183e-07
2024-01-12,12,AR1 alpha + Basic + One-Step,NYSE:ACM,4.2762867566985554e-24
2024-01-16,12,AR1 alpha + Basic + One-Step,NYSE:ACM,0.0
2024-01-17,12,AR1 alpha + Basic + One-Step,NYSE:ACM,0.0
2024-01-18,12,AR1 alpha + Basic + One-Step,NYSE:ACM,6.635207627842273e-07
2024-01-19,12,AR1 alpha + Basic + One-Step,NYSE:ACM,0.0
2024-01-22,12,AR1 alpha + Basic + One-Step,NYSE:ACM,0.0
2024-01-23,12,AR1 alpha + Basic + One-Step,NYSE:ACM,0.0
2024-01-24,12,AR1 alpha + Basic + One-Step,NYSE:ACM,1.6391983468478223e-07
2024-01-25,12,AR1 alpha + Basic + One-Step,NYSE:ACM,4.0489994056625667e-08
2024-01-26,12,AR1 alpha + Basic + One-Step,NYSE:ACM,0.0
2024-01-29,12,AR1 alpha + Basic + One-Step,NYSE:ACM,0.0
2024-01-30,12,AR1 alpha + Basic + One-Step,NYSE:ACM,0.0
2024-01-31,12,AR1 alpha + Basic + One-Step,NYSE:ACM,0.0
2024-02-01,12,AR1 alpha + Basic + One-Step,NYSE:ACM,0.0
2024-02-02,12,AR1 alpha + Basic + One-Step,NYSE:ACM,0.0
2024-02-05,12,AR1 alpha + Basic + One-Step,NYSE:ACM,0.0
2024-02-06,12,AR1 alpha + Basic + One-Step,NYSE:ACM,0.0
2024-02-07,12,AR1 alpha + Basic + One-Step,NYSE:ACM,3.8758709586198376e-08
2024-02-08,12,AR1 alpha + Basic + One-Step,NYSE:ACM,2.713264103090385e-08
2024-02-09,12,AR1 alpha + Basic + One-Step,NYSE:ACM,0.0
2024-02-12,12,AR1 alpha + Basic + One-Step,NYSE:ACM,0.0
2024-02-13,12,AR1 alpha + Basic + One-Step,NYSE:ACM,0.0
2024-02-14,12,AR1 alpha + Basic + One-Step,NYSE:ACM,0.0
2024-02-15,12,AR1 alpha + Basic + One-Step,NYSE:ACM,1.7632682130927862e-08
2024-02-16,12,AR1 alpha + Basic + One-Step,NYSE:ACM,0.0
2024-02-20,12,AR1 alpha + Basic + One-Step,NYSE:ACM,0.0
2024-02-21,12,AR1 alpha + Basic + One-Step,NYSE:ACM,0.0
2024-02-22,12,AR1 alpha + Basic + One-Step,NYSE:ACM,0.0
2024-02-23,12,AR1 alpha + Basic + One-Step,NYSE:ACM,0.0
2024-02-26,12,AR1 alpha + Basic + One-Step,NYSE:ACM,0.0
2024-02-27,12,AR1 alpha + Basic + One-Step,NYSE:ACM,0.0
2024-02-28,12,AR1 alpha + Basic + One-Step,NYSE:ACM,0.0
2024-02-29,12,AR1 alpha + Basic + One-Step,NYSE:ACM,0.0
2024-03-01,12,AR1 alpha + Basic + One-Step,NYSE:ACM,0.0
2024-03-04,12,AR1 alpha + Basic + One-Step,NYSE:ACM,0.0
2024-03-05,12,AR1 alpha + Basic + One-Step,NYSE:ACM,0.0
2024-03-06,12,AR1 alpha + Basic + One-Step,NYSE:ACM,0.0
2024-03-07,12,AR1 alpha + Basic + One-Step,NYSE:ACM,0.0
2024-03-08,12,AR1 alpha + Basic + One-Step,NYSE:ACM,0.0
2024-03-11,12,AR1 alpha + Basic + One-Step,NYSE:ACM,0.0
2024-03-12,12,AR1 alpha + Basic + One-Step,NYSE:ACM,0.0
2024-03-13,12,AR1 alpha + Basic + One-Step,NYSE:ACM,0.0
2024-03-14,12,AR1 alpha + Basic + One-Step,NYSE:ACM,1.9276574838732731e-07
2024-03-15,12,AR1 alpha + Basic + One-Step,NYSE:ACM,2.225438700259248e-07
2024-03-18,12,AR1 alpha + Basic + One-Step,NYSE:ACM,0.0
2024-03-19,12,AR1 alpha + Basic + One-Step,NYSE:ACM,0.0
2024-03-20,12,AR1 alpha + Basic + One-Step,NYSE:ACM,0.0
2024-03-21,12,AR1 alpha + Basic + One-Step,NYSE:ACM,5.972815452048978e-08
2024-03-22,12,AR1 alpha + Basic + One-Step,NYSE:ACM,1.169471803945529e-08
2024-03-25,12,AR1 alpha + Basic + One-Step,NYSE:ACM,0.0
2024-03-26,12,AR1 alpha + Basic + One-Step,NYSE:ACM,0.0
2024-03-27,12,AR1 alpha + Basic + One-Step,NYSE:ACM,0.0
2024-03-28,12,AR1 alpha + Basic + One-Step,NYSE:ACM,0.0
2024-04-01,12,AR1 alpha + Basic + One-Step,NYSE:ACM,1.6098786308778203e-06
2024-04-02,12,AR1 alpha + Basic + One-Step,NYSE:ACM,0.0
2024-04-03,12,AR1 alpha + Basic + One-Step,NYSE:ACM,0.0
2024-04-04,12,AR1 alpha + Basic + One-Step,NYSE:ACM,0.0
2024-04-05,12,AR1 alpha + Basic + One-Step,NYSE:ACM,0.0
2024-04-08,12,AR1 alpha + Basic + One-Step,NYSE:ACM,0.0
2024-04-09,12,AR1 alpha + Basic + One-Step,NYSE:ACM,0.0
2024-04-10,12,AR1 alpha + Basic + One-Step,NYSE:ACM,7.112559961684948e-07
2024-04-11,12,AR1 alpha + Basic + One-Step,NYSE:ACM,0.0
2024-04-12,12,AR1 alpha + Basic + One-Step,NYSE:ACM,0.0
2024-04-15,12,AR1 alpha + Basic + One-Step,NYSE:ACM,0.0
2024-04-16,12,AR1 alpha + Basic + One-Step,NYSE:ACM,0.0
2024-04-17,12,AR1 alpha + Basic + One-Step,NYSE:ACM,1.209242878708055e-07
2024-04-18,12,AR1 alpha + Basic + One-Step,NYSE:ACM,0.0
2024-04-19,12,AR1 alpha + Basic + One-Step,NYSE:ACM,0.0
2020-03-25,12,AR1 alpha + Basic + One-Step,NYSE:GHC,0.02
2020-03-26,12,AR1 alpha + Basic + One-Step,NYSE:GHC,0.019999999999999997
2020-03-27,12,AR1 alpha + Basic + One-Step,NYSE:GHC,0.09999999999999998
2020-03-30,12,AR1 alpha + Basic + One-Step,NYSE:GHC,0.09999404706110668
2020-03-31,12,AR1 alpha + Basic + One-Step,NYSE:GHC,0.10000034638343964
2020-04-01,12,AR1 alpha + Basic + One-Step,NYSE:GHC,0.09999912648064459
2020-04-02,12,AR1 alpha + Basic + One-Step,NYSE:GHC,0.09999965668848759
2020-04-03,12,AR1 alpha + Basic + One-Step,NYSE:GHC,0.09999992217824633
2020-04-06,12,AR1 alpha + Basic + One-Step,NYSE:GHC,0.09999891191677636
2020-04-07,12,AR1 alpha + Basic + One-Step,NYSE:GHC,0.09999961941139283
2020-04-08,12,AR1 alpha + Basic + One-Step,NYSE:GHC,0.09999979849903592
2020-04-09,12,AR1 alpha + Basic + One-Step,NYSE:GHC,0.016152105333349424
2020-04-13,12,AR1 alpha + Basic + One-Step,NYSE:GHC,0.09999817653582412
2020-04-14,12,AR1 alpha + Basic + One-Step,NYSE:GHC,0.0999979299666146
2020-04-15,12,AR1 alpha + Basic + One-Step,NYSE:GHC,0.09999767069584772
2020-04-16,12,AR1 alpha + Basic + One-Step,NYSE:GHC,0.09999229012943579
2020-04-17,12,AR1 alpha + Basic + One-Step,NYSE:GHC,0.09666789668381313
2020-04-20,12,AR1 alpha + Basic + One-Step,NYSE:GHC,0.09999665196681574
2020-04-21,12,AR1 alpha + Basic + One-Step,NYSE:GHC,0.08455000837335412
2020-04-22,12,AR1 alpha + Basic + One-Step,NYSE:GHC,0.09999752004617704
2020-04-23,12,AR1 alpha + Basic + One-Step,NYSE:GHC,0.09525740295211121
2020-04-24,12,AR1 alpha + Basic + One-Step,NYSE:GHC,0.0
2020-04-27,12,AR1 alpha + Basic + One-Step,NYSE:GHC,0.0
2020-04-28,12,AR1 alpha + Basic + One-Step,NYSE:GHC,2.7699039587751366e-08
2020-04-29,12,AR1 alpha + Basic + One-Step,NYSE:GHC,7.824883796952865e-07
2020-04-30,12,AR1 alpha + Basic + One-Step,NYSE:GHC,0.0
2020-05-01,12,AR1 alpha + Basic + One-Step,NYSE:GHC,1.511289266313566e-08
2020-05-04,12,AR1 alpha + Basic + One-Step,NYSE:GHC,0.0
2020-05-05,12,AR1 alpha + Basic + One-Step,NYSE:GHC,0.05063234397198647
2020-05-06,12,AR1 alpha + Basic + One-Step,NYSE:GHC,0.061148231164273696
2020-05-07,12,AR1 alpha + Basic + One-Step,NYSE:GHC,0.0009802697321973902
2020-05-08,12,AR1 alpha + Basic + One-Step,NYSE:GHC,3.714513882442273e-08
2020-05-11,12,AR1 alpha + Basic + One-Step,NYSE:GHC,0.05046401364823653
2020-05-12,12,AR1 alpha + Basic + One-Step,NYSE:GHC,0.005991697311097832
2020-05-13,12,AR1 alpha + Basic + One-Step,NYSE:GHC,0.008068725358807568
2020-05-14,12,AR1 alpha + Basic + One-Step,NYSE:GHC,5.278875609397006e-08
2020-05-15,12,AR1 alpha + Basic + One-Step,NYSE:GHC,1.6056377977964163e-07
2020-05-18,12,AR1 alpha + Basic + One-Step,NYSE:GHC,1.0407181041037569e-07
2020-05-19,12,AR1 alpha + Basic + One-Step,NYSE:GHC,0.0
2020-05-20,12,AR1 alpha + Basic + One-Step,NYSE:GHC,2.5509001943164037e-07
2020-05-21,12,AR1 alpha + Basic + One-Step,NYSE:GHC,0.0
2020-05-22,12,AR1 alpha + Basic + One-Step,NYSE:GHC,4.771391641120595e-08
2020-05-26,12,AR1 alpha + Basic + One-Step,NYSE:GHC,3.924187757680584e-08
2020-05-27,12,AR1 alpha + Basic + One-Step,NYSE:GHC,3.6403524694544455e-07
2020-05-28,12,AR1 alpha + Basic + One-Step,NYSE:GHC,1.3200981777991185e-22
2020-05-29,12,AR1 alpha + Basic + One-Step,NYSE:GHC,2.593116276837546e-09
2020-06-01,12,AR1 alpha + Basic + One-Step,NYSE:GHC,0.0
2020-06-02,12,AR1 alpha + Basic + One-Step,NYSE:GHC,2.5720313131267356e-07
2020-06-03,12,AR1 alpha + Basic + One-Step,NYSE:GHC,0.0
2020-06-04,12,AR1 alpha + Basic + One-Step,NYSE:GHC,0.0
2020-06-05,12,AR1 alpha + Basic + One-Step,NYSE:GHC,3.719589655564258e-08
2020-06-08,12,AR1 alpha + Basic + One-Step,NYSE:GHC,0.0
2020-06-09,12,AR1 alpha + Basic + One-Step,NYSE:GHC,0.0
2020-06-10,12,AR1 alpha + Basic + One-Step,NYSE:GHC,0.0
2020-06-11,12,AR1 alpha + Basic + One-Step,NYSE:GHC,0.0
2020-06-12,12,AR1 alpha + Basic + One-Step,NYSE:GHC,1.4130411784173754e-08
2020-06-15,12,AR1 alpha + Basic + One-Step,NYSE:GHC,1.4327223989046903e-08
2020-06-16,12,AR1 alpha + Basic + One-Step,NYSE:GHC,0.0
2020-06-17,12,AR1 alpha + Basic + One-Step,NYSE:GHC,0.0
2020-06-18,12,AR1 alpha + Basic + One-Step,NYSE:GHC,3.6738861865767807e-07
2020-06-19,12,AR1 alpha + Basic + One-Step,NYSE:GHC,0.0
2020-06-22,12,AR1 alpha + Basic + One-Step,NYSE:GHC,0.0
2020-06-23,12,AR1 alpha + Basic + One-Step,NYSE:GHC,0.0
2020-06-24,12,AR1 alpha + Basic + One-Step,NYSE:GHC,3.1644942120719365e-08
2020-06-25,12,AR1 alpha + Basic + One-Step,NYSE:GHC,0.0
2020-06-26,12,AR1 alpha + Basic + One-Step,NYSE:GHC,0.0
2020-06-29,12,AR1 alpha + Basic + One-Step,NYSE:GHC,0.0
2020-06-30,12,AR1 alpha + Basic + One-Step,NYSE:GHC,0.0
2020-07-01,12,AR1 alpha + Basic + One-Step,NYSE:GHC,0.0
2020-07-02,12,AR1 alpha + Basic + One-Step,NYSE:GHC,0.0
2020-07-06,12,AR1 alpha + Basic + One-Step,NYSE:GHC,0.0
2020-07-07,12,AR1 alpha + Basic + One-Step,NYSE:GHC,0.0
2020-07-08,12,AR1 alpha + Basic + One-Step,NYSE:GHC,0.0
2020-07-09,12,AR1 alpha + Basic + One-Step,NYSE:GHC,0.0
2020-07-10,12,AR1 alpha + Basic + One-Step,NYSE:GHC,0.0
2020-07-13,12,AR1 alpha + Basic + One-Step,NYSE:GHC,4.749654853494716e-08
2020-07-14,12,AR1 alpha + Basic + One-Step,NYSE:GHC,0.0
2020-07-15,12,AR1 alpha + Basic + One-Step,NYSE:GHC,4.820863991713755e-08
2020-07-16,12,AR1 alpha + Basic + One-Step,NYSE:GHC,0.0
2020-07-17,12,AR1 alpha + Basic + One-Step,NYSE:GHC,0.0
2020-07-20,12,AR1 alpha + Basic + One-Step,NYSE:GHC,1.3476774165751136e-07
2020-07-21,12,AR1 alpha + Basic + One-Step,NYSE:GHC,0.0
2020-07-22,12,AR1 alpha + Basic + One-Step,NYSE:GHC,0.0
2020-07-23,12,AR1 alpha + Basic + One-Step,NYSE:GHC,0.0
2020-07-24,12,AR1 alpha + Basic + One-Step,NYSE:GHC,0.0
2020-07-27,12,AR1 alpha + Basic + One-Step,NYSE:GHC,1.5904293216787917e-07
2020-07-28,12,AR1 alpha + Basic + One-Step,NYSE:GHC,0.0
2020-07-29,12,AR1 alpha + Basic + One-Step,NYSE:GHC,0.0
2020-07-30,12,AR1 alpha + Basic + One-Step,NYSE:GHC,0.0
2020-07-31,12,AR1 alpha + Basic + One-Step,NYSE:GHC,0.0
2020-08-03,12,AR1 alpha + Basic + One-Step,NYSE:GHC,4.8933236040961145e-08
2020-08-04,12,AR1 alpha + Basic + One-Step,NYSE:GHC,0.0
2020-08-05,12,AR1 alpha + Basic + One-Step,NYSE:GHC,0.0
2020-08-06,12,AR1 alpha + Basic + One-Step,NYSE:GHC,0.0
2020-08-07,12,AR1 alpha + Basic + One-Step,NYSE:GHC,0.0
2020-08-10,12,AR1 alpha + Basic + One-Step,NYSE:GHC,0.0
2020-08-11,12,AR1 alpha + Basic + One-Step,NYSE:GHC,0.0
2020-08-12,12,AR1 alpha + Basic + One-Step,NYSE:GHC,0.0
2020-08-13,12,AR1 alpha + Basic + One-Step,NYSE:GHC,0.0
2020-08-14,12,AR1 alpha + Basic + One-Step,NYSE:GHC,0.0
2020-08-17,12,AR1 alpha + Basic + One-Step,NYSE:GHC,0.0
2020-08-18,12,AR1 alpha + Basic + One-Step,NYSE:GHC,0.017178295784797237
2020-08-19,12,AR1 alpha + Basic + One-Step,NYSE:GHC,0.0
2020-08-20,12,AR1 alpha + Basic + One-Step,NYSE:GHC,1.4142973078450854e-07
2020-08-21,12,AR1 alpha + Basic + One-Step,NYSE:GHC,0.0
2020-08-24,12,AR1 alpha + Basic + One-Step,NYSE:GHC,0.0
2020-08-25,12,AR1 alpha + Basic + One-Step,NYSE:GHC,0.0
2020-08-26,12,AR1 alpha + Basic + One-Step,NYSE:GHC,0.0
2020-08-27,12,AR1 alpha + Basic + One-Step,NYSE:GHC,0.0
2020-08-28,12,AR1 alpha + Basic + One-Step,NYSE:GHC,0.0
2020-08-31,12,AR1 alpha + Basic + One-Step,NYSE:GHC,0.0
2020-09-01,12,AR1 alpha + Basic + One-Step,NYSE:GHC,0.0
2020-09-02,12,AR1 alpha + Basic + One-Step,NYSE:GHC,0.0
2020-09-03,12,AR1 alpha + Basic + One-Step,NYSE:GHC,0.0
2020-09-04,12,AR1 alpha + Basic + One-Step,NYSE:GHC,0.022041967230168873
2020-09-08,12,AR1 alpha + Basic + One-Step,NYSE:GHC,0.04922588200669044
2020-09-09,12,AR1 alpha + Basic + One-Step,NYSE:GHC,0.08174096582859379
2020-09-10,12,AR1 alpha + Basic + One-Step,NYSE:GHC,0.04622319618034701
2020-09-11,12,AR1 alpha + Basic + One-Step,NYSE:GHC,0.0
2020-09-14,12,AR1 alpha + Basic + One-Step,NYSE:GHC,0.0
2020-09-15,12,AR1 alpha + Basic + One-Step,NYSE:GHC,0.0
2020-09-16,12,AR1 alpha + Basic + One-Step,NYSE:GHC,0.0
2020-09-17,12,AR1 alpha + Basic + One-Step,NYSE:GHC,0.0
2020-09-18,12,AR1 alpha + Basic + One-Step,NYSE:GHC,0.04896025470096534
2020-09-21,12,AR1 alpha + Basic + One-Step,NYSE:GHC,0.06764454998022908
2020-09-22,12,AR1 alpha + Basic + One-Step,NYSE:GHC,0.09720818683787913
2020-09-23,12,AR1 alpha + Basic + One-Step,NYSE:GHC,0.09999999901499679
2020-09-24,12,AR1 alpha + Basic + One-Step,NYSE:GHC,0.061428290967407435
2020-09-25,12,AR1 alpha + Basic + One-Step,NYSE:GHC,0.06422625218483168
2020-09-28,12,AR1 alpha + Basic + One-Step,NYSE:GHC,0.09999512081231351
2020-09-29,12,AR1 alpha + Basic + One-Step,NYSE:GHC,0.0999979892441561
2020-09-30,12,AR1 alpha + Basic + One-Step,NYSE:GHC,0.07370955969452185
2020-10-01,12,AR1 alpha + Basic + One-Step,NYSE:GHC,0.08929190160404973
2020-10-02,12,AR1 alpha + Basic + One-Step,NYSE:GHC,0.03949267085953903
2020-10-05,12,AR1 alpha + Basic + One-Step,NYSE:GHC,0.022506544071130716
2020-10-06,12,AR1 alpha + Basic + One-Step,NYSE:GHC,0.0
2020-10-07,12,AR1 alpha + Basic + One-Step,NYSE:GHC,0.0450616928855761
2020-10-08,12,AR1 alpha + Basic + One-Step,NYSE:GHC,0.0
2020-10-09,12,AR1 alpha + Basic + One-Step,NYSE:GHC,0.02060784931994955
2020-10-12,12,AR1 alpha + Basic + One-Step,NYSE:GHC,0.02060458272648612
2020-10-13,12,AR1 alpha + Basic + One-Step,NYSE:GHC,0.03166486389035863
2020-10-14,12,AR1 alpha + Basic + One-Step,NYSE:GHC,0.038680444199052214
2020-10-15,12,AR1 alpha + Basic + One-Step,NYSE:GHC,0.0
2020-10-16,12,AR1 alpha + Basic + One-Step,NYSE:GHC,0.00021121025512013387
2020-10-19,12,AR1 alpha + Basic + One-Step,NYSE:GHC,0.02302011717030031
2020-10-20,12,AR1 alpha + Basic + One-Step,NYSE:GHC,0.013236833200748848
2020-10-21,12,AR1 alpha + Basic + One-Step,NYSE:GHC,0.0
2020-10-22,12,AR1 alpha + Basic + One-Step,NYSE:GHC,0.0
2020-10-23,12,AR1 alpha + Basic + One-Step,NYSE:GHC,0.0
2020-10-26,12,AR1 alpha + Basic + One-Step,NYSE:GHC,0.0
2020-10-27,12,AR1 alpha + Basic + One-Step,NYSE:GHC,7.53499948988435e-09
2020-10-28,12,AR1 alpha + Basic + One-Step,NYSE:GHC,0.01067925924196319
2020-10-29,12,AR1 alpha + Basic + One-Step,NYSE:GHC,0.052329625112926346
2020-10-30,12,AR1 alpha + Basic + One-Step,NYSE:GHC,0.035006991092266765
2020-11-02,12,AR1 alpha + Basic + One-Step,NYSE:GHC,0.0
2020-11-03,12,AR1 alpha + Basic + One-Step,NYSE:GHC,0.0
2020-11-04,12,AR1 alpha + Basic + One-Step,NYSE:GHC,0.0
2020-11-05,12,AR1 alpha + Basic + One-Step,NYSE:GHC,0.0
2020-11-06,12,AR1 alpha + Basic + One-Step,NYSE:GHC,5.142537394601024e-08
2020-11-09,12,AR1 alpha + Basic + One-Step,NYSE:GHC,0.0
2020-11-10,12,AR1 alpha + Basic + One-Step,NYSE:GHC,0.0
2020-11-11,12,AR1 alpha + Basic + One-Step,NYSE:GHC,0.0
2020-11-12,12,AR1 alpha + Basic + One-Step,NYSE:GHC,0.0
2020-11-13,12,AR1 alpha + Basic + One-Step,NYSE:GHC,0.0
2020-11-16,12,AR1 alpha + Basic + One-Step,NYSE:GHC,0.0
2020-11-17,12,AR1 alpha + Basic + One-Step,NYSE:GHC,0.0
2020-11-18,12,AR1 alpha + Basic + One-Step,NYSE:GHC,0.0
2020-11-19,12,AR1 alpha + Basic + One-Step,NYSE:GHC,4.0415907073440605e-08
2020-11-20,12,AR1 alpha + Basic + One-Step,NYSE:GHC,0.00766706427680568
2020-11-23,12,AR1 alpha + Basic + One-Step,NYSE:GHC,0.0
2020-11-24,12,AR1 alpha + Basic + One-Step,NYSE:GHC,0.0
2020-11-25,12,AR1 alpha + Basic + One-Step,NYSE:GHC,0.0
2020-11-27,12,AR1 alpha + Basic + One-Step,NYSE:GHC,0.0
2020-11-30,12,AR1 alpha + Basic + One-Step,NYSE:GHC,0.05420167939085446
2020-12-01,12,AR1 alpha + Basic + One-Step,NYSE:GHC,0.01123448966790271
2020-12-02,12,AR1 alpha + Basic + One-Step,NYSE:GHC,0.000175575299502591
2020-12-03,12,AR1 alpha + Basic + One-Step,NYSE:GHC,2.4848109772968875e-09
2020-12-04,12,AR1 alpha + Basic + One-Step,NYSE:GHC,4.216398903853857e-09
2020-12-07,12,AR1 alpha + Basic + One-Step,NYSE:GHC,0.0
2020-12-08,12,AR1 alpha + Basic + One-Step,NYSE:GHC,2.633330073427662e-07
2020-12-09,12,AR1 alpha + Basic + One-Step,NYSE:GHC,0.0
2020-12-10,12,AR1 alpha + Basic + One-Step,NYSE:GHC,0.0
2020-12-11,12,AR1 alpha + Basic + One-Step,NYSE:GHC,5.784695728604819e-07
2020-12-14,12,AR1 alpha + Basic + One-Step,NYSE:GHC,7.585407769453281e-07
2020-12-15,12,AR1 alpha + Basic + One-Step,NYSE:GHC,0.0
2020-12-16,12,AR1 alpha + Basic + One-Step,NYSE:GHC,5.880081975962486e-09
2020-12-17,12,AR1 alpha + Basic + One-Step,NYSE:GHC,0.0
2020-12-18,12,AR1 alpha + Basic + One-Step,NYSE:GHC,0.0
2020-12-21,12,AR1 alpha + Basic + One-Step,NYSE:GHC,5.100206484177141e-07
2020-12-22,12,AR1 alpha + Basic + One-Step,NYSE:GHC,4.832515316173268e-07
2020-12-23,12,AR1 alpha + Basic + One-Step,NYSE:GHC,2.7388322561731614e-07
2020-12-24,12,AR1 alpha + Basic + One-Step,NYSE:GHC,0.0
2020-12-28,12,AR1 alpha + Basic + One-Step,NYSE:GHC,0.0
2020-12-29,12,AR1 alpha + Basic + One-Step,NYSE:GHC,0.0
2020-12-30,12,AR1 alpha + Basic + One-Step,NYSE:GHC,0.0
2020-12-31,12,AR1 alpha + Basic + One-Step,NYSE:GHC,0.0
2021-01-04,12,AR1 alpha + Basic + One-Step,NYSE:GHC,0.0
2021-01-05,12,AR1 alpha + Basic + One-Step,NYSE:GHC,0.0
2021-01-06,12,AR1 alpha + Basic + One-Step,NYSE:GHC,0.0
2021-01-07,12,AR1 alpha + Basic + One-Step,NYSE:GHC,0.0
2021-01-08,12,AR1 alpha + Basic + One-Step,NYSE:GHC,0.0
2021-01-11,12,AR1 alpha + Basic + One-Step,NYSE:GHC,0.0
2021-01-12,12,AR1 alpha + Basic + One-Step,NYSE:GHC,0.0
2021-01-13,12,AR1 alpha + Basic + One-Step,NYSE:GHC,0.0
2021-01-14,12,AR1 alpha + Basic + One-Step,NYSE:GHC,0.0
2021-01-15,12,AR1 alpha + Basic + One-Step,NYSE:GHC,0.0
2021-01-19,12,AR1 alpha + Basic + One-Step,NYSE:GHC,0.015137174823614196
2021-01-20,12,AR1 alpha + Basic + One-Step,NYSE:GHC,0.0
2021-01-21,12,AR1 alpha + Basic + One-Step,NYSE:GHC,0.0
2021-01-22,12,AR1 alpha + Basic + One-Step,NYSE:GHC,0.0
2021-01-25,12,AR1 alpha + Basic + One-Step,NYSE:GHC,0.0
2021-01-26,12,AR1 alpha + Basic + One-Step,NYSE:GHC,0.0
2021-01-27,12,AR1 alpha + Basic + One-Step,NYSE:GHC,0.0
2021-01-28,12,AR1 alpha + Basic + One-Step,NYSE:GHC,0.0
2021-01-29,12,AR1 alpha + Basic + One-Step,NYSE:GHC,0.0
2021-02-01,12,AR1 alpha + Basic + One-Step,NYSE:GHC,1.85386314417401e-07
2021-02-02,12,AR1 alpha + Basic + One-Step,NYSE:GHC,0.0
2021-02-03,12,AR1 alpha + Basic + One-Step,NYSE:GHC,0.0
2021-02-04,12,AR1 alpha + Basic + One-Step,NYSE:GHC,0.0
2021-02-05,12,AR1 alpha + Basic + One-Step,NYSE:GHC,0.0
2021-02-08,12,AR1 alpha + Basic + One-Step,NYSE:GHC,0.016639230237516324
2021-02-09,12,AR1 alpha + Basic + One-Step,NYSE:GHC,0.016172948472267704
2021-02-10,12,AR1 alpha + Basic + One-Step,NYSE:GHC,0.0059510272059118225
2021-02-11,12,AR1 alpha + Basic + One-Step,NYSE:GHC,0.0
2021-02-12,12,AR1 alpha + Basic + One-Step,NYSE:GHC,0.0014303410491393357
2021-02-16,12,AR1 alpha + Basic + One-Step,NYSE:GHC,0.03881493429349831
2021-02-17,12,AR1 alpha + Basic + One-Step,NYSE:GHC,0.0
2021-02-18,12,AR1 alpha + Basic + One-Step,NYSE:GHC,0.0
2021-02-19,12,AR1 alpha + Basic + One-Step,NYSE:GHC,0.0
2021-02-22,12,AR1 alpha + Basic + One-Step,NYSE:GHC,0.0
2021-02-23,12,AR1 alpha + Basic + One-Step,NYSE:GHC,9.774029857744805e-08
2021-02-24,12,AR1 alpha + Basic + One-Step,NYSE:GHC,0.0
2021-02-25,12,AR1 alpha + Basic + One-Step,NYSE:GHC,0.039945222267378185
2021-02-26,12,AR1 alpha + Basic + One-Step,NYSE:GHC,2.3741551300012917e-07
2021-03-01,12,AR1 alpha + Basic + One-Step,NYSE:GHC,0.09999552309537005
2021-03-02,12,AR1 alpha + Basic + One-Step,NYSE:GHC,0.09999974737533895
2021-03-03,12,AR1 alpha + Basic + One-Step,NYSE:GHC,0.09999271027543732
2021-03-04,12,AR1 alpha + Basic + One-Step,NYSE:GHC,0.09999022748247016
2021-03-05,12,AR1 alpha + Basic + One-Step,NYSE:GHC,0.06455287820487249
2021-03-08,12,AR1 alpha + Basic + One-Step,NYSE:GHC,0.0
2021-03-09,12,AR1 alpha + Basic + One-Step,NYSE:GHC,0.06145455214452498
2021-03-10,12,AR1 alpha + Basic + One-Step,NYSE:GHC,0.013577957674179977
2021-03-11,12,AR1 alpha + Basic + One-Step,NYSE:GHC,0.0
2021-03-12,12,AR1 alpha + Basic + One-Step,NYSE:GHC,8.885622108582094e-09
2021-03-15,12,AR1 alpha + Basic + One-Step,NYSE:GHC,0.007666457395612038
2021-03-16,12,AR1 alpha + Basic + One-Step,NYSE:GHC,0.041992269560181976
2021-03-17,12,AR1 alpha + Basic + One-Step,NYSE:GHC,0.0395084427333665
2021-03-18,12,AR1 alpha + Basic + One-Step,NYSE:GHC,0.005058268142043943
2021-03-19,12,AR1 alpha + Basic + One-Step,NYSE:GHC,0.04188147591816826
2021-03-22,12,AR1 alpha + Basic + One-Step,NYSE:GHC,0.09998733561202168
2021-03-23,12,AR1 alpha + Basic + One-Step,NYSE:GHC,0.09998519895805945
2021-03-24,12,AR1 alpha + Basic + One-Step,NYSE:GHC,0.09999094329034437
2021-03-25,12,AR1 alpha + Basic + One-Step,NYSE:GHC,0.09998294667467748
2021-03-26,12,AR1 alpha + Basic + One-Step,NYSE:GHC,0.09999100350424124
2021-03-29,12,AR1 alpha + Basic + One-Step,NYSE:GHC,0.09998484381325001
2021-03-30,12,AR1 alpha + Basic + One-Step,NYSE:GHC,0.004144727068250941
2021-03-31,12,AR1 alpha + Basic + One-Step,NYSE:GHC,0.08496590399387227
2021-04-01,12,AR1 alpha + Basic + One-Step,NYSE:GHC,0.0
2021-04-05,12,AR1 alpha + Basic + One-Step,NYSE:GHC,1.5597646332214112e-06
2021-04-06,12,AR1 alpha + Basic + One-Step,NYSE:GHC,2.0850766760090154e-07
2021-04-07,12,AR1 alpha + Basic + One-Step,NYSE:GHC,0.0
2021-04-08,12,AR1 alpha + Basic + One-Step,NYSE:GHC,4.1381590033685996e-07
2021-04-09,12,AR1 alpha + Basic + One-Step,NYSE:GHC,0.0
2021-04-12,12,AR1 alpha + Basic + One-Step,NYSE:GHC,5.2942531590425504e-09
2021-04-13,12,AR1 alpha + Basic + One-Step,NYSE:GHC,0.0
2021-04-14,12,AR1 alpha + Basic + One-Step,NYSE:GHC,9.671230441036277e-08
2021-04-15,12,AR1 alpha + Basic + One-Step,NYSE:GHC,0.0
2021-04-16,12,AR1 alpha + Basic + One-Step,NYSE:GHC,0.0
2021-04-19,12,AR1 alpha + Basic + One-Step,NYSE:GHC,2.3084925256595748e-08
2021-04-20,12,AR1 alpha + Basic + One-Step,NYSE:GHC,0.0
2021-04-21,12,AR1 alpha + Basic + One-Step,NYSE:GHC,0.0
2021-04-22,12,AR1 alpha + Basic + One-Step,NYSE:GHC,0.0
2021-04-23,12,AR1 alpha + Basic + One-Step,NYSE:GHC,0.0
2021-04-26,12,AR1 alpha + Basic + One-Step,NYSE:GHC,0.0
2021-04-27,12,AR1 alpha + Basic + One-Step,NYSE:GHC,6.63796558152072e-07
2021-04-28,12,AR1 alpha + Basic + One-Step,NYSE:GHC,0.0
2021-04-29,12,AR1 alpha + Basic + One-Step,NYSE:GHC,0.0
2021-04-30,12,AR1 alpha + Basic + One-Step,NYSE:GHC,0.0
2021-05-03,12,AR1 alpha + Basic + One-Step,NYSE:GHC,0.0
2021-05-04,12,AR1 alpha + Basic + One-Step,NYSE:GHC,1.3663681731945621e-08
2021-05-05,12,AR1 alpha + Basic + One-Step,NYSE:GHC,0.0
2021-05-06,12,AR1 alpha + Basic + One-Step,NYSE:GHC,0.0
2021-05-07,12,AR1 alpha + Basic + One-Step,NYSE:GHC,0.0
2021-05-10,12,AR1 alpha + Basic + One-Step,NYSE:GHC,0.0
2021-05-11,12,AR1 alpha + Basic + One-Step,NYSE:GHC,0.0
2021-05-12,12,AR1 alpha + Basic + One-Step,NYSE:GHC,0.0
2021-05-13,12,AR1 alpha + Basic + One-Step,NYSE:GHC,0.0
2021-05-14,12,AR1 alpha + Basic + One-Step,NYSE:GHC,0.0812580097082501
2021-05-17,12,AR1 alpha + Basic + One-Step,NYSE:GHC,0.06958977203324833
2021-05-18,12,AR1 alpha + Basic + One-Step,NYSE:GHC,0.0310699932698786
2021-05-19,12,AR1 alpha + Basic + One-Step,NYSE:GHC,0.030608042620378143
2021-05-20,12,AR1 alpha + Basic + One-Step,NYSE:GHC,0.03060809669744875
2021-05-21,12,AR1 alpha + Basic + One-Step,NYSE:GHC,0.0
2021-05-24,12,AR1 alpha + Basic + One-Step,NYSE:GHC,0.040601703076546224
2021-05-25,12,AR1 alpha + Basic + One-Step,NYSE:GHC,0.09999048467820995
2021-05-26,12,AR1 alpha + Basic + One-Step,NYSE:GHC,0.07701502211363402
2021-05-27,12,AR1 alpha + Basic + One-Step,NYSE:GHC,0.056105490371327116
2021-05-28,12,AR1 alpha + Basic + One-Step,NYSE:GHC,0.09999542202277417
2021-06-01,12,AR1 alpha + Basic + One-Step,NYSE:GHC,0.05996677396148206
2021-06-02,12,AR1 alpha + Basic + One-Step,NYSE:GHC,0.09998886635017908
2021-06-03,12,AR1 alpha + Basic + One-Step,NYSE:GHC,0.0999854498140657
2021-06-04,12,AR1 alpha + Basic + One-Step,NYSE:GHC,0.06228348234461637
2021-06-07,12,AR1 alpha + Basic + One-Step,NYSE:GHC,0.040414046897419155
2021-06-08,12,AR1 alpha + Basic + One-Step,NYSE:GHC,0.06494312162293081
2021-06-09,12,AR1 alpha + Basic + One-Step,NYSE:GHC,0.06045056707359106
2021-06-10,12,AR1 alpha + Basic + One-Step,NYSE:GHC,0.08245869145120215
2021-06-11,12,AR1 alpha + Basic + One-Step,NYSE:GHC,0.09999895904738143
2021-06-14,12,AR1 alpha + Basic + One-Step,NYSE:GHC,0.09998827361258104
2021-06-15,12,AR1 alpha + Basic + One-Step,NYSE:GHC,0.0999906118502896
2021-06-16,12,AR1 alpha + Basic + One-Step,NYSE:GHC,0.09998529043118219
2021-06-17,12,AR1 alpha + Basic + One-Step,NYSE:GHC,0.09999009748010955
2021-06-18,12,AR1 alpha + Basic + One-Step,NYSE:GHC,0.007712865294435123
2021-06-21,12,AR1 alpha + Basic + One-Step,NYSE:GHC,0.09999303130074647
2021-06-22,12,AR1 alpha + Basic + One-Step,NYSE:GHC,0.1000015383517402
2021-06-23,12,AR1 alpha + Basic + One-Step,NYSE:GHC,0.10000128559070769
2021-06-24,12,AR1 alpha + Basic + One-Step,NYSE:GHC,0.10000171525528487
2021-06-25,12,AR1 alpha + Basic + One-Step,NYSE:GHC,0.09998864974360673
2021-06-28,12,AR1 alpha + Basic + One-Step,NYSE:GHC,0.09998959083009976
2021-06-29,12,AR1 alpha + Basic + One-Step,NYSE:GHC,0.0999883111417699
2021-06-30,12,AR1 alpha + Basic + One-Step,NYSE:GHC,0.0956223928734005
2021-07-01,12,AR1 alpha + Basic + One-Step,NYSE:GHC,0.08758401091941138
2021-07-02,12,AR1 alpha + Basic + One-Step,NYSE:GHC,0.08318011163171828
2021-07-06,12,AR1 alpha + Basic + One-Step,NYSE:GHC,0.0
2021-07-07,12,AR1 alpha + Basic + One-Step,NYSE:GHC,0.0
2021-07-08,12,AR1 alpha + Basic + One-Step,NYSE:GHC,0.0
2021-07-09,12,AR1 alpha + Basic + One-Step,NYSE:GHC,0.0029233039486492095
2021-07-12,12,AR1 alpha + Basic + One-Step,NYSE:GHC,0.07335516702425016
2021-07-13,12,AR1 alpha + Basic + One-Step,NYSE:GHC,0.09030782970930254
2021-07-14,12,AR1 alpha + Basic + One-Step,NYSE:GHC,0.09998654973122152
2021-07-15,12,AR1 alpha + Basic + One-Step,NYSE:GHC,0.09998433521336388
2021-07-16,12,AR1 alpha + Basic + One-Step,NYSE:GHC,0.038710395573915236
2021-07-19,12,AR1 alpha + Basic + One-Step,NYSE:GHC,0.049953105286694444
2021-07-20,12,AR1 alpha + Basic + One-Step,NYSE:GHC,0.0
2021-07-21,12,AR1 alpha + Basic + One-Step,NYSE:GHC,0.0
2021-07-22,12,AR1 alpha + Basic + One-Step,NYSE:GHC,0.022046124912005773
2021-07-23,12,AR1 alpha + Basic + One-Step,NYSE:GHC,0.025734068963746127
2021-07-26,12,AR1 alpha + Basic + One-Step,NYSE:GHC,0.07534026673826785
2021-07-27,12,AR1 alpha + Basic + One-Step,NYSE:GHC,0.05557528092987409
2021-07-28,12,AR1 alpha + Basic + One-Step,NYSE:GHC,0.0055483379269434556
2021-07-29,12,AR1 alpha + Basic + One-Step,NYSE:GHC,0.0
2021-07-30,12,AR1 alpha + Basic + One-Step,NYSE:GHC,0.0
2021-08-02,12,AR1 alpha + Basic + One-Step,NYSE:GHC,0.0
2021-08-03,12,AR1 alpha + Basic + One-Step,NYSE:GHC,0.0
2021-08-04,12,AR1 alpha + Basic + One-Step,NYSE:GHC,0.06480827264451418
2021-08-05,12,AR1 alpha + Basic + One-Step,NYSE:GHC,0.04992340791583893
2021-08-06,12,AR1 alpha + Basic + One-Step,NYSE:GHC,0.0772339013638017
2021-08-09,12,AR1 alpha + Basic + One-Step,NYSE:GHC,0.04034645238004968
2021-08-10,12,AR1 alpha + Basic + One-Step,NYSE:GHC,0.0
2021-08-11,12,AR1 alpha + Basic + One-Step,NYSE:GHC,9.556557114548498e-09
2021-08-12,12,AR1 alpha + Basic + One-Step,NYSE:GHC,0.05567288556557973
2021-08-13,12,AR1 alpha + Basic + One-Step,NYSE:GHC,0.06497660399387499
2021-08-16,12,AR1 alpha + Basic + One-Step,NYSE:GHC,0.08678882389510514
2021-08-17,12,AR1 alpha + Basic + One-Step,NYSE:GHC,0.03315976016234532
2021-08-18,12,AR1 alpha + Basic + One-Step,NYSE:GHC,0.05525471156747061
2021-08-19,12,AR1 alpha + Basic + One-Step,NYSE:GHC,0.04216814070138315
2021-08-20,12,AR1 alpha + Basic + One-Step,NYSE:GHC,0.04072214237443401
2021-08-23,12,AR1 alpha + Basic + One-Step,NYSE:GHC,0.0
2021-08-24,12,AR1 alpha + Basic + One-Step,NYSE:GHC,0.0
2021-08-25,12,AR1 alpha + Basic + One-Step,NYSE:GHC,0.0
2021-08-26,12,AR1 alpha + Basic + One-Step,NYSE:GHC,1.3133846076213958e-08
2021-08-27,12,AR1 alpha + Basic + One-Step,NYSE:GHC,2.2969845504642196e-07
2021-08-30,12,AR1 alpha + Basic + One-Step,NYSE:GHC,1.2981833869166975e-07
2021-08-31,12,AR1 alpha + Basic + One-Step,NYSE:GHC,0.0
2021-09-01,12,AR1 alpha + Basic + One-Step,NYSE:GHC,0.0
2021-09-02,12,AR1 alpha + Basic + One-Step,NYSE:GHC,0.0
2021-09-03,12,AR1 alpha + Basic + One-Step,NYSE:GHC,0.0
2021-09-07,12,AR1 alpha + Basic + One-Step,NYSE:GHC,0.0
2021-09-08,12,AR1 alpha + Basic + One-Step,NYSE:GHC,0.0
2021-09-09,12,AR1 alpha + Basic + One-Step,NYSE:GHC,9.609016497000754e-08
2021-09-10,12,AR1 alpha + Basic + One-Step,NYSE:GHC,0.0
2021-09-13,12,AR1 alpha + Basic + One-Step,NYSE:GHC,0.0
2021-09-14,12,AR1 alpha + Basic + One-Step,NYSE:GHC,3.9317449717404e-07
2021-09-15,12,AR1 alpha + Basic + One-Step,NYSE:GHC,0.0
2021-09-16,12,AR1 alpha + Basic + One-Step,NYSE:GHC,0.0
2021-09-17,12,AR1 alpha + Basic + One-Step,NYSE:GHC,0.0
2021-09-20,12,AR1 alpha + Basic + One-Step,NYSE:GHC,0.0
2021-09-21,12,AR1 alpha + Basic + One-Step,NYSE:GHC,1.261824514662141e-07
2021-09-22,12,AR1 alpha + Basic + One-Step,NYSE:GHC,0.0
2021-09-23,12,AR1 alpha + Basic + One-Step,NYSE:GHC,0.0
2021-09-24,12,AR1 alpha + Basic + One-Step,NYSE:GHC,0.0
2021-09-27,12,AR1 alpha + Basic + One-Step,NYSE:GHC,0.0
2021-09-28,12,AR1 alpha + Basic + One-Step,NYSE:GHC,0.0
2021-09-29,12,AR1 alpha + Basic + One-Step,NYSE:GHC,0.0
2021-09-30,12,AR1 alpha + Basic + One-Step,NYSE:GHC,0.0
2021-10-01,12,AR1 alpha + Basic + One-Step,NYSE:GHC,0.0
2021-10-04,12,AR1 alpha + Basic + One-Step,NYSE:GHC,0.0
2021-10-05,12,AR1 alpha + Basic + One-Step,NYSE:GHC,0.0
2021-10-06,12,AR1 alpha + Basic + One-Step,NYSE:GHC,0.0
2021-10-07,12,AR1 alpha + Basic + One-Step,NYSE:GHC,0.0
2021-10-08,12,AR1 alpha + Basic + One-Step,NYSE:GHC,0.0
2021-10-11,12,AR1 alpha + Basic + One-Step,NYSE:GHC,0.0
2021-10-12,12,AR1 alpha + Basic + One-Step,NYSE:GHC,0.0
2021-10-13,12,AR1 alpha + Basic + One-Step,NYSE:GHC,0.0
2021-10-14,12,AR1 alpha + Basic + One-Step,NYSE:GHC,0.0
2021-10-15,12,AR1 alpha + Basic + One-Step,NYSE:GHC,0.0
2021-10-18,12,AR1 alpha + Basic + One-Step,NYSE:GHC,0.0
2021-10-19,12,AR1 alpha + Basic + One-Step,NYSE:GHC,6.712666415064371e-08
2021-10-20,12,AR1 alpha + Basic + One-Step,NYSE:GHC,0.0
2021-10-21,12,AR1 alpha + Basic + One-Step,NYSE:GHC,0.0
2021-10-22,12,AR1 alpha + Basic + One-Step,NYSE:GHC,0.0
2021-10-25,12,AR1 alpha + Basic + One-Step,NYSE:GHC,0.0
2021-10-26,12,AR1 alpha + Basic + One-Step,NYSE:GHC,0.0
2021-10-27,12,AR1 alpha + Basic + One-Step,NYSE:GHC,0.0
2021-10-28,12,AR1 alpha + Basic + One-Step,NYSE:GHC,0.0
2021-10-29,12,AR1 alpha + Basic + One-Step,NYSE:GHC,0.0
2021-11-01,12,AR1 alpha + Basic + One-Step,NYSE:GHC,3.2814381668652465e-07
2021-11-02,12,AR1 alpha + Basic + One-Step,NYSE:GHC,0.0
2021-11-03,12,AR1 alpha + Basic + One-Step,NYSE:GHC,0.0
2021-11-04,12,AR1 alpha + Basic + One-Step,NYSE:GHC,0.0
2021-11-05,12,AR1 alpha + Basic + One-Step,NYSE:GHC,0.0
2021-11-08,12,AR1 alpha + Basic + One-Step,NYSE:GHC,0.0
2021-11-09,12,AR1 alpha + Basic + One-Step,NYSE:GHC,9.408024424289745e-09
2021-11-10,12,AR1 alpha + Basic + One-Step,NYSE:GHC,0.0
2021-11-11,12,AR1 alpha + Basic + One-Step,NYSE:GHC,0.0
2021-11-12,12,AR1 alpha + Basic + One-Step,NYSE:GHC,0.0
2021-11-15,12,AR1 alpha + Basic + One-Step,NYSE:GHC,0.0
2021-11-16,12,AR1 alpha + Basic + One-Step,NYSE:GHC,0.0
2021-11-17,12,AR1 alpha + Basic + One-Step,NYSE:GHC,0.0
2021-11-18,12,AR1 alpha + Basic + One-Step,NYSE:GHC,0.0
2021-11-19,12,AR1 alpha + Basic + One-Step,NYSE:GHC,0.0
2021-11-22,12,AR1 alpha + Basic + One-Step,NYSE:GHC,0.0
2021-11-23,12,AR1 alpha + Basic + One-Step,NYSE:GHC,0.0
2021-11-24,12,AR1 alpha + Basic + One-Step,NYSE:GHC,0.0
2021-11-26,12,AR1 alpha + Basic + One-Step,NYSE:GHC,0.0
2021-11-29,12,AR1 alpha + Basic + One-Step,NYSE:GHC,0.0999988233065721
2021-11-30,12,AR1 alpha + Basic + One-Step,NYSE:GHC,0.09999485951348139
2021-12-01,12,AR1 alpha + Basic + One-Step,NYSE:GHC,0.0999905573694789
2021-12-02,12,AR1 alpha + Basic + One-Step,NYSE:GHC,0.0
2021-12-03,12,AR1 alpha + Basic + One-Step,NYSE:GHC,0.0
2021-12-06,12,AR1 alpha + Basic + One-Step,NYSE:GHC,0.0
2021-12-07,12,AR1 alpha + Basic + One-Step,NYSE:GHC,0.0
2021-12-08,12,AR1 alpha + Basic + One-Step,NYSE:GHC,0.0
2021-12-09,12,AR1 alpha + Basic + One-Step,NYSE:GHC,0.0
2021-12-10,12,AR1 alpha + Basic + One-Step,NYSE:GHC,6.245159647878033e-08
2021-12-13,12,AR1 alpha + Basic + One-Step,NYSE:GHC,0.0
2021-12-14,12,AR1 alpha + Basic + One-Step,NYSE:GHC,1.5046762782965264e-08
2021-12-15,12,AR1 alpha + Basic + One-Step,NYSE:GHC,0.022498100564099136
2021-12-16,12,AR1 alpha + Basic + One-Step,NYSE:GHC,0.09999336357554107
2021-12-17,12,AR1 alpha + Basic + One-Step,NYSE:GHC,0.06079156218081495
2021-12-20,12,AR1 alpha + Basic + One-Step,NYSE:GHC,0.09302033279752485
2021-12-21,12,AR1 alpha + Basic + One-Step,NYSE:GHC,0.0
2021-12-22,12,AR1 alpha + Basic + One-Step,NYSE:GHC,2.151091539313577e-07
2021-12-23,12,AR1 alpha + Basic + One-Step,NYSE:GHC,0.0
2021-12-27,12,AR1 alpha + Basic + One-Step,NYSE:GHC,0.0
2021-12-28,12,AR1 alpha + Basic + One-Step,NYSE:GHC,0.0
2021-12-29,12,AR1 alpha + Basic + One-Step,NYSE:GHC,0.0
2021-12-30,12,AR1 alpha + Basic + One-Step,NYSE:GHC,9.411807743853084e-07
2021-12-31,12,AR1 alpha + Basic + One-Step,NYSE:GHC,4.1103570389608297e-07
2022-01-03,12,AR1 alpha + Basic + One-Step,NYSE:GHC,2.861736396841037e-07
2022-01-04,12,AR1 alpha + Basic + One-Step,NYSE:GHC,0.0
2022-01-05,12,AR1 alpha + Basic + One-Step,NYSE:GHC,0.0
2022-01-06,12,AR1 alpha + Basic + One-Step,NYSE:GHC,0.0
2022-01-07,12,AR1 alpha + Basic + One-Step,NYSE:GHC,6.692332137788737e-08
2022-01-10,12,AR1 alpha + Basic + One-Step,NYSE:GHC,0.0
2022-01-11,12,AR1 alpha + Basic + One-Step,NYSE:GHC,0.0
2022-01-12,12,AR1 alpha + Basic + One-Step,NYSE:GHC,0.0
2022-01-13,12,AR1 alpha + Basic + One-Step,NYSE:GHC,1.5124055210492473e-06
2022-01-14,12,AR1 alpha + Basic + One-Step,NYSE:GHC,0.0
2022-01-18,12,AR1 alpha + Basic + One-Step,NYSE:GHC,0.0
2022-01-19,12,AR1 alpha + Basic + One-Step,NYSE:GHC,0.0
2022-01-20,12,AR1 alpha + Basic + One-Step,NYSE:GHC,0.0
2022-01-21,12,AR1 alpha + Basic + One-Step,NYSE:GHC,3.5380535886465876e-07
2022-01-24,12,AR1 alpha + Basic + One-Step,NYSE:GHC,0.0
2022-01-25,12,AR1 alpha + Basic + One-Step,NYSE:GHC,0.0
2022-01-26,12,AR1 alpha + Basic + One-Step,NYSE:GHC,0.017113046142709393
2022-01-27,12,AR1 alpha + Basic + One-Step,NYSE:GHC,0.05351472063099841
2022-01-28,12,AR1 alpha + Basic + One-Step,NYSE:GHC,0.0
2022-01-31,12,AR1 alpha + Basic + One-Step,NYSE:GHC,0.0
2022-02-01,12,AR1 alpha + Basic + One-Step,NYSE:GHC,0.0
2022-02-02,12,AR1 alpha + Basic + One-Step,NYSE:GHC,0.0
2022-02-03,12,AR1 alpha + Basic + One-Step,NYSE:GHC,0.0
2022-02-04,12,AR1 alpha + Basic + One-Step,NYSE:GHC,8.419661920338194e-10
2022-02-07,12,AR1 alpha + Basic + One-Step,NYSE:GHC,3.2856870768599284e-08
2022-02-08,12,AR1 alpha + Basic + One-Step,NYSE:GHC,0.0
2022-02-09,12,AR1 alpha + Basic + One-Step,NYSE:GHC,0.0
2022-02-10,12,AR1 alpha + Basic + One-Step,NYSE:GHC,0.0
2022-02-11,12,AR1 alpha + Basic + One-Step,NYSE:GHC,1.0159263867515374e-07
2022-02-14,12,AR1 alpha + Basic + One-Step,NYSE:GHC,1.0948983571750126e-07
2022-02-15,12,AR1 alpha + Basic + One-Step,NYSE:GHC,0.0
2022-02-16,12,AR1 alpha + Basic + One-Step,NYSE:GHC,0.0
2022-02-17,12,AR1 alpha + Basic + One-Step,NYSE:GHC,0.0
2022-02-18,12,AR1 alpha + Basic + One-Step,NYSE:GHC,3.140999694272585e-07
2022-02-22,12,AR1 alpha + Basic + One-Step,NYSE:GHC,2.0804811435777796e-07
2022-02-23,12,AR1 alpha + Basic + One-Step,NYSE:GHC,0.0
2022-02-24,12,AR1 alpha + Basic + One-Step,NYSE:GHC,0.0
2022-02-25,12,AR1 alpha + Basic + One-Step,NYSE:GHC,1.4783156766092285e-08
2022-02-28,12,AR1 alpha + Basic + One-Step,NYSE:GHC,0.0
2022-03-01,12,AR1 alpha + Basic + One-Step,NYSE:GHC,7.331216580261772e-08
2022-03-02,12,AR1 alpha + Basic + One-Step,NYSE:GHC,0.0
2022-03-03,12,AR1 alpha + Basic + One-Step,NYSE:GHC,0.0
2022-03-04,12,AR1 alpha + Basic + One-Step,NYSE:GHC,0.0
2022-03-07,12,AR1 alpha + Basic + One-Step,NYSE:GHC,0.06681080328258777
2022-03-08,12,AR1 alpha + Basic + One-Step,NYSE:GHC,4.916111964644606e-06
2022-03-09,12,AR1 alpha + Basic + One-Step,NYSE:GHC,2.243010269491762e-06
2022-03-10,12,AR1 alpha + Basic + One-Step,NYSE:GHC,1.3119066383424804e-06
2022-03-11,12,AR1 alpha + Basic + One-Step,NYSE:GHC,1.0773553690802115e-06
2022-03-14,12,AR1 alpha + Basic + One-Step,NYSE:GHC,4.213754041572647e-07
2022-03-15,12,AR1 alpha + Basic + One-Step,NYSE:GHC,0.0
2022-03-16,12,AR1 alpha + Basic + One-Step,NYSE:GHC,0.0
2022-03-17,12,AR1 alpha + Basic + One-Step,NYSE:GHC,0.0
2022-03-18,12,AR1 alpha + Basic + One-Step,NYSE:GHC,0.0
2022-03-21,12,AR1 alpha + Basic + One-Step,NYSE:GHC,0.0
2022-03-22,12,AR1 alpha + Basic + One-Step,NYSE:GHC,0.0
2022-03-23,12,AR1 alpha + Basic + One-Step,NYSE:GHC,0.0
2022-03-24,12,AR1 alpha + Basic + One-Step,NYSE:GHC,8.010506972032742e-08
2022-03-25,12,AR1 alpha + Basic + One-Step,NYSE:GHC,0.0
2022-03-28,12,AR1 alpha + Basic + One-Step,NYSE:GHC,0.0
2022-03-29,12,AR1 alpha + Basic + One-Step,NYSE:GHC,0.0
2022-03-30,12,AR1 alpha + Basic + One-Step,NYSE:GHC,0.0
2022-03-31,12,AR1 alpha + Basic + One-Step,NYSE:GHC,0.0
2022-04-01,12,AR1 alpha + Basic + One-Step,NYSE:GHC,0.0
2022-04-04,12,AR1 alpha + Basic + One-Step,NYSE:GHC,0.0
2022-04-05,12,AR1 alpha + Basic + One-Step,NYSE:GHC,0.0
2022-04-06,12,AR1 alpha + Basic + One-Step,NYSE:GHC,0.0
2022-04-07,12,AR1 alpha + Basic + One-Step,NYSE:GHC,2.37958691566963e-10
2022-04-08,12,AR1 alpha + Basic + One-Step,NYSE:GHC,0.0
2022-04-11,12,AR1 alpha + Basic + One-Step,NYSE:GHC,0.0
2022-04-12,12,AR1 alpha + Basic + One-Step,NYSE:GHC,0.0
2022-04-13,12,AR1 alpha + Basic + One-Step,NYSE:GHC,3.874219490513759e-07
2022-04-14,12,AR1 alpha + Basic + One-Step,NYSE:GHC,4.172974165122869e-09
2022-04-18,12,AR1 alpha + Basic + One-Step,NYSE:GHC,0.0
2022-04-19,12,AR1 alpha + Basic + One-Step,NYSE:GHC,0.0
2022-04-20,12,AR1 alpha + Basic + One-Step,NYSE:GHC,1.1746921380884532e-07
2022-04-21,12,AR1 alpha + Basic + One-Step,NYSE:GHC,0.0
2022-04-22,12,AR1 alpha + Basic + One-Step,NYSE:GHC,0.0
2022-04-25,12,AR1 alpha + Basic + One-Step,NYSE:GHC,0.0
2022-04-26,12,AR1 alpha + Basic + One-Step,NYSE:GHC,0.0
2022-04-27,12,AR1 alpha + Basic + One-Step,NYSE:GHC,0.0
2022-04-28,12,AR1 alpha + Basic + One-Step,NYSE:GHC,3.4732675095316712e-09
2022-04-29,12,AR1 alpha + Basic + One-Step,NYSE:GHC,0.0
2022-05-02,12,AR1 alpha + Basic + One-Step,NYSE:GHC,0.0
2022-05-03,12,AR1 alpha + Basic + One-Step,NYSE:GHC,0.0
2022-05-04,12,AR1 alpha + Basic + One-Step,NYSE:GHC,5.680201317274227e-07
2022-05-05,12,AR1 alpha + Basic + One-Step,NYSE:GHC,0.0
2022-05-06,12,AR1 alpha + Basic + One-Step,NYSE:GHC,7.612425392397835e-10
2022-05-09,12,AR1 alpha + Basic + One-Step,NYSE:GHC,0.0
2022-05-10,12,AR1 alpha + Basic + One-Step,NYSE:GHC,0.0
2022-05-11,12,AR1 alpha + Basic + One-Step,NYSE:GHC,0.0
2022-05-12,12,AR1 alpha + Basic + One-Step,NYSE:GHC,5.244857381786897e-08
2022-05-13,12,AR1 alpha + Basic + One-Step,NYSE:GHC,0.0
2022-05-16,12,AR1 alpha + Basic + One-Step,NYSE:GHC,5.944908380735504e-07
2022-05-17,12,AR1 alpha + Basic + One-Step,NYSE:GHC,2.0218568048794448e-07
2022-05-18,12,AR1 alpha + Basic + One-Step,NYSE:GHC,9.306628441461793e-08
2022-05-19,12,AR1 alpha + Basic + One-Step,NYSE:GHC,0.0
2022-05-20,12,AR1 alpha + Basic + One-Step,NYSE:GHC,0.0
2022-05-23,12,AR1 alpha + Basic + One-Step,NYSE:GHC,4.849494032338412e-08
2022-05-24,12,AR1 alpha + Basic + One-Step,NYSE:GHC,0.0
2022-05-25,12,AR1 alpha + Basic + One-Step,NYSE:GHC,2.0951941802961698e-07
2022-05-26,12,AR1 alpha + Basic + One-Step,NYSE:GHC,0.0
2022-05-27,12,AR1 alpha + Basic + One-Step,NYSE:GHC,8.261414961343417e-09
2022-05-31,12,AR1 alpha + Basic + One-Step,NYSE:GHC,0.0
2022-06-01,12,AR1 alpha + Basic + One-Step,NYSE:GHC,0.0
2022-06-02,12,AR1 alpha + Basic + One-Step,NYSE:GHC,0.0
2022-06-03,12,AR1 alpha + Basic + One-Step,NYSE:GHC,0.0
2022-06-06,12,AR1 alpha + Basic + One-Step,NYSE:GHC,0.0
2022-06-07,12,AR1 alpha + Basic + One-Step,NYSE:GHC,0.0
2022-06-08,12,AR1 alpha + Basic + One-Step,NYSE:GHC,4.843685139654546e-08
2022-06-09,12,AR1 alpha + Basic + One-Step,NYSE:GHC,0.0
2022-06-10,12,AR1 alpha + Basic + One-Step,NYSE:GHC,8.41566144230785e-08
2022-06-13,12,AR1 alpha + Basic + One-Step,NYSE:GHC,0.028260730615699416
2022-06-14,12,AR1 alpha + Basic + One-Step,NYSE:GHC,0.028260776039530616
2022-06-15,12,AR1 alpha + Basic + One-Step,NYSE:GHC,0.01123569053352151
2022-06-16,12,AR1 alpha + Basic + One-Step,NYSE:GHC,0.0999989512008009
2022-06-17,12,AR1 alpha + Basic + One-Step,NYSE:GHC,0.09999916093286573
2022-06-21,12,AR1 alpha + Basic + One-Step,NYSE:GHC,0.038726136362924095
2022-06-22,12,AR1 alpha + Basic + One-Step,NYSE:GHC,7.614159445663769e-08
2022-06-23,12,AR1 alpha + Basic + One-Step,NYSE:GHC,0.0
2022-06-24,12,AR1 alpha + Basic + One-Step,NYSE:GHC,0.0
2022-06-27,12,AR1 alpha + Basic + One-Step,NYSE:GHC,0.0
2022-06-28,12,AR1 alpha + Basic + One-Step,NYSE:GHC,0.0
2022-06-29,12,AR1 alpha + Basic + One-Step,NYSE:GHC,0.0
2022-06-30,12,AR1 alpha + Basic + One-Step,NYSE:GHC,0.0
2022-07-01,12,AR1 alpha + Basic + One-Step,NYSE:GHC,0.0
2022-07-05,12,AR1 alpha + Basic + One-Step,NYSE:GHC,0.0
2022-07-06,12,AR1 alpha + Basic + One-Step,NYSE:GHC,0.0
2022-07-07,12,AR1 alpha + Basic + One-Step,NYSE:GHC,0.0
2022-07-08,12,AR1 alpha + Basic + One-Step,NYSE:GHC,0.0
2022-07-11,12,AR1 alpha + Basic + One-Step,NYSE:GHC,0.0
2022-07-12,12,AR1 alpha + Basic + One-Step,NYSE:GHC,2.933587334045866e-07
2022-07-13,12,AR1 alpha + Basic + One-Step,NYSE:GHC,4.609045379527074e-07
2022-07-14,12,AR1 alpha + Basic + One-Step,NYSE:GHC,0.0
2022-07-15,12,AR1 alpha + Basic + One-Step,NYSE:GHC,0.0
2022-07-18,12,AR1 alpha + Basic + One-Step,NYSE:GHC,4.240123244174146e-09
2022-07-19,12,AR1 alpha + Basic + One-Step,NYSE:GHC,0.0
2022-07-20,12,AR1 alpha + Basic + One-Step,NYSE:GHC,2.8498824981410078e-08
2022-07-21,12,AR1 alpha + Basic + One-Step,NYSE:GHC,3.3711558496845687e-08
2022-07-22,12,AR1 alpha + Basic + One-Step,NYSE:GHC,0.0
2022-07-25,12,AR1 alpha + Basic + One-Step,NYSE:GHC,0.0
2022-07-26,12,AR1 alpha + Basic + One-Step,NYSE:GHC,0.0
2022-07-27,12,AR1 alpha + Basic + One-Step,NYSE:GHC,0.0
2022-07-28,12,AR1 alpha + Basic + One-Step,NYSE:GHC,0.0
2022-07-29,12,AR1 alpha + Basic + One-Step,NYSE:GHC,0.0
2022-08-01,12,AR1 alpha + Basic + One-Step,NYSE:GHC,0.0
2022-08-02,12,AR1 alpha + Basic + One-Step,NYSE:GHC,0.0
2022-08-03,12,AR1 alpha + Basic + One-Step,NYSE:GHC,0.0
2022-08-04,12,AR1 alpha + Basic + One-Step,NYSE:GHC,0.0
2022-08-05,12,AR1 alpha + Basic + One-Step,NYSE:GHC,0.0
2022-08-08,12,AR1 alpha + Basic + One-Step,NYSE:GHC,0.0
2022-08-09,12,AR1 alpha + Basic + One-Step,NYSE:GHC,0.0
2022-08-10,12,AR1 alpha + Basic + One-Step,NYSE:GHC,0.0
2022-08-11,12,AR1 alpha + Basic + One-Step,NYSE:GHC,0.0
2022-08-12,12,AR1 alpha + Basic + One-Step,NYSE:GHC,0.0
2022-08-15,12,AR1 alpha + Basic + One-Step,NYSE:GHC,0.0
2022-08-16,12,AR1 alpha + Basic + One-Step,NYSE:GHC,0.0
2022-08-17,12,AR1 alpha + Basic + One-Step,NYSE:GHC,0.0
2022-08-18,12,AR1 alpha + Basic + One-Step,NYSE:GHC,0.0
2022-08-19,12,AR1 alpha + Basic + One-Step,NYSE:GHC,0.0
2022-08-22,12,AR1 alpha + Basic + One-Step,NYSE:GHC,0.0
2022-08-23,12,AR1 alpha + Basic + One-Step,NYSE:GHC,0.0
2022-08-24,12,AR1 alpha + Basic + One-Step,NYSE:GHC,2.6353381687076697e-07
2022-08-25,12,AR1 alpha + Basic + One-Step,NYSE:GHC,0.0
2022-08-26,12,AR1 alpha + Basic + One-Step,NYSE:GHC,0.0
2022-08-29,12,AR1 alpha + Basic + One-Step,NYSE:GHC,0.0
2022-08-30,12,AR1 alpha + Basic + One-Step,NYSE:GHC,0.0
2022-08-31,12,AR1 alpha + Basic + One-Step,NYSE:GHC,0.0
2022-09-01,12,AR1 alpha + Basic + One-Step,NYSE:GHC,0.0
2022-09-02,12,AR1 alpha + Basic + One-Step,NYSE:GHC,0.0
2022-09-06,12,AR1 alpha + Basic + One-Step,NYSE:GHC,0.0
2022-09-07,12,AR1 alpha + Basic + One-Step,NYSE:GHC,0.0
2022-09-08,12,AR1 alpha + Basic + One-Step,NYSE:GHC,0.0
2022-09-09,12,AR1 alpha + Basic + One-Step,NYSE:GHC,0.0
2022-09-12,12,AR1 alpha + Basic + One-Step,NYSE:GHC,0.0
2022-09-13,12,AR1 alpha + Basic + One-Step,NYSE:GHC,0.033154590461313686
2022-09-14,12,AR1 alpha + Basic + One-Step,NYSE:GHC,0.0
2022-09-15,12,AR1 alpha + Basic + One-Step,NYSE:GHC,0.0
2022-09-16,12,AR1 alpha + Basic + One-Step,NYSE:GHC,4.214900910414951e-08
2022-09-19,12,AR1 alpha + Basic + One-Step,NYSE:GHC,0.0
2022-09-20,12,AR1 alpha + Basic + One-Step,NYSE:GHC,3.599765419422001e-07
2022-09-21,12,AR1 alpha + Basic + One-Step,NYSE:GHC,0.0
2022-09-22,12,AR1 alpha + Basic + One-Step,NYSE:GHC,0.03765178709583335
2022-09-23,12,AR1 alpha + Basic + One-Step,NYSE:GHC,0.09999786728558248
2022-09-26,12,AR1 alpha + Basic + One-Step,NYSE:GHC,0.09999869326705502
2022-09-27,12,AR1 alpha + Basic + One-Step,NYSE:GHC,0.09999903955395133
2022-09-28,12,AR1 alpha + Basic + One-Step,NYSE:GHC,0.0
2022-09-29,12,AR1 alpha + Basic + One-Step,NYSE:GHC,0.0
2022-09-30,12,AR1 alpha + Basic + One-Step,NYSE:GHC,0.0
2022-10-03,12,AR1 alpha + Basic + One-Step,NYSE:GHC,0.0
2022-10-04,12,AR1 alpha + Basic + One-Step,NYSE:GHC,0.0
2022-10-05,12,AR1 alpha + Basic + One-Step,NYSE:GHC,6.216406887670366e-08
2022-10-06,12,AR1 alpha + Basic + One-Step,NYSE:GHC,0.0
2022-10-07,12,AR1 alpha + Basic + One-Step,NYSE:GHC,0.0
2022-10-10,12,AR1 alpha + Basic + One-Step,NYSE:GHC,0.0
2022-10-11,12,AR1 alpha + Basic + One-Step,NYSE:GHC,1.9499268859847723e-07
2022-10-12,12,AR1 alpha + Basic + One-Step,NYSE:GHC,1.451685610331051e-07
2022-10-13,12,AR1 alpha + Basic + One-Step,NYSE:GHC,2.1726478084250066e-07
2022-10-14,12,AR1 alpha + Basic + One-Step,NYSE:GHC,2.1343718298761885e-07
2022-10-17,12,AR1 alpha + Basic + One-Step,NYSE:GHC,0.0
2022-10-18,12,AR1 alpha + Basic + One-Step,NYSE:GHC,0.0
2022-10-19,12,AR1 alpha + Basic + One-Step,NYSE:GHC,2.2001360627977702e-08
2022-10-20,12,AR1 alpha + Basic + One-Step,NYSE:GHC,3.808678528186112e-09
2022-10-21,12,AR1 alpha + Basic + One-Step,NYSE:GHC,9.905084136389123e-08
2022-10-24,12,AR1 alpha + Basic + One-Step,NYSE:GHC,0.0
2022-10-25,12,AR1 alpha + Basic + One-Step,NYSE:GHC,0.0
2022-10-26,12,AR1 alpha + Basic + One-Step,NYSE:GHC,0.0
2022-10-27,12,AR1 alpha + Basic + One-Step,NYSE:GHC,0.0
2022-10-28,12,AR1 alpha + Basic + One-Step,NYSE:GHC,0.0
2022-10-31,12,AR1 alpha + Basic + One-Step,NYSE:GHC,0.0
2022-11-01,12,AR1 alpha + Basic + One-Step,NYSE:GHC,0.0
2022-11-02,12,AR1 alpha + Basic + One-Step,NYSE:GHC,8.265495562521693e-07
2022-11-03,12,AR1 alpha + Basic + One-Step,NYSE:GHC,1.7818057717406567e-06
2022-11-04,12,AR1 alpha + Basic + One-Step,NYSE:GHC,1.6620493164924212e-06
2022-11-07,12,AR1 alpha + Basic + One-Step,NYSE:GHC,7.127192600674099e-07
2022-11-08,12,AR1 alpha + Basic + One-Step,NYSE:GHC,0.0
2022-11-09,12,AR1 alpha + Basic + One-Step,NYSE:GHC,0.02909337634123034
2022-11-10,12,AR1 alpha + Basic + One-Step,NYSE:GHC,0.0
2022-11-11,12,AR1 alpha + Basic + One-Step,NYSE:GHC,1.0964466213025569e-07
2022-11-14,12,AR1 alpha + Basic + One-Step,NYSE:GHC,0.0
2022-11-15,12,AR1 alpha + Basic + One-Step,NYSE:GHC,0.0
2022-11-16,12,AR1 alpha + Basic + One-Step,NYSE:GHC,0.012073640931612192
2022-11-17,12,AR1 alpha + Basic + One-Step,NYSE:GHC,0.09999320747075184
2022-11-18,12,AR1 alpha + Basic + One-Step,NYSE:GHC,0.01455040075970593
2022-11-21,12,AR1 alpha + Basic + One-Step,NYSE:GHC,0.025839816080115898
2022-11-22,12,AR1 alpha + Basic + One-Step,NYSE:GHC,0.08469852941585432
2022-11-23,12,AR1 alpha + Basic + One-Step,NYSE:GHC,0.0999997063088522
2022-11-25,12,AR1 alpha + Basic + One-Step,NYSE:GHC,0.09999949554625556
2022-11-28,12,AR1 alpha + Basic + One-Step,NYSE:GHC,0.09999889387273796
2022-11-29,12,AR1 alpha + Basic + One-Step,NYSE:GHC,0.05654101016552747
2022-11-30,12,AR1 alpha + Basic + One-Step,NYSE:GHC,0.08611080317103476
2022-12-01,12,AR1 alpha + Basic + One-Step,NYSE:GHC,0.06449643097975535
2022-12-02,12,AR1 alpha + Basic + One-Step,NYSE:GHC,0.0999929956829571
2022-12-05,12,AR1 alpha + Basic + One-Step,NYSE:GHC,0.09999567551726116
2022-12-06,12,AR1 alpha + Basic + One-Step,NYSE:GHC,0.09999562871230655
2022-12-07,12,AR1 alpha + Basic + One-Step,NYSE:GHC,0.0999958939943028
2022-12-08,12,AR1 alpha + Basic + One-Step,NYSE:GHC,0.09999541552334194
2022-12-09,12,AR1 alpha + Basic + One-Step,NYSE:GHC,0.09999424209707086
2022-12-12,12,AR1 alpha + Basic + One-Step,NYSE:GHC,0.09999729864960662
2022-12-13,12,AR1 alpha + Basic + One-Step,NYSE:GHC,0.09999766437275334
2022-12-14,12,AR1 alpha + Basic + One-Step,NYSE:GHC,0.09999909880406888
2022-12-15,12,AR1 alpha + Basic + One-Step,NYSE:GHC,0.09999541452182062
2022-12-16,12,AR1 alpha + Basic + One-Step,NYSE:GHC,0.09999550482803438
2022-12-19,12,AR1 alpha + Basic + One-Step,NYSE:GHC,0.099995882874834
2022-12-20,12,AR1 alpha + Basic + One-Step,NYSE:GHC,0.0999974722387209
2022-12-21,12,AR1 alpha + Basic + One-Step,NYSE:GHC,0.09999877241750194
2022-12-22,12,AR1 alpha + Basic + One-Step,NYSE:GHC,0.0999987885613636
2022-12-23,12,AR1 alpha + Basic + One-Step,NYSE:GHC,0.04371593998438676
2022-12-27,12,AR1 alpha + Basic + One-Step,NYSE:GHC,0.05502078135322101
2022-12-28,12,AR1 alpha + Basic + One-Step,NYSE:GHC,0.09999335361253034
2022-12-29,12,AR1 alpha + Basic + One-Step,NYSE:GHC,0.0
2022-12-30,12,AR1 alpha + Basic + One-Step,NYSE:GHC,0.0
2023-01-03,12,AR1 alpha + Basic + One-Step,NYSE:GHC,2.048324811783299e-07
2023-01-04,12,AR1 alpha + Basic + One-Step,NYSE:GHC,0.0
2023-01-05,12,AR1 alpha + Basic + One-Step,NYSE:GHC,0.03047870178098303
2023-01-06,12,AR1 alpha + Basic + One-Step,NYSE:GHC,0.0
2023-01-09,12,AR1 alpha + Basic + One-Step,NYSE:GHC,0.0
2023-01-10,12,AR1 alpha + Basic + One-Step,NYSE:GHC,0.0
2023-01-11,12,AR1 alpha + Basic + One-Step,NYSE:GHC,1.611468174310663e-08
2023-01-12,12,AR1 alpha + Basic + One-Step,NYSE:GHC,0.0
2023-01-13,12,AR1 alpha + Basic + One-Step,NYSE:GHC,1.949791754486967e-08
2023-01-17,12,AR1 alpha + Basic + One-Step,NYSE:GHC,0.0
2023-01-18,12,AR1 alpha + Basic + One-Step,NYSE:GHC,0.0999914316674585
2023-01-19,12,AR1 alpha + Basic + One-Step,NYSE:GHC,0.09999031069793286
2023-01-20,12,AR1 alpha + Basic + One-Step,NYSE:GHC,0.0
2023-01-23,12,AR1 alpha + Basic + One-Step,NYSE:GHC,0.0
2023-01-24,12,AR1 alpha + Basic + One-Step,NYSE:GHC,0.0
2023-01-25,12,AR1 alpha + Basic + One-Step,NYSE:GHC,0.0
2023-01-26,12,AR1 alpha + Basic + One-Step,NYSE:GHC,0.0
2023-01-27,12,AR1 alpha + Basic + One-Step,NYSE:GHC,0.0
2023-01-30,12,AR1 alpha + Basic + One-Step,NYSE:GHC,0.0
2023-01-31,12,AR1 alpha + Basic + One-Step,NYSE:GHC,0.0
2023-02-01,12,AR1 alpha + Basic + One-Step,NYSE:GHC,0.0
2023-02-02,12,AR1 alpha + Basic + One-Step,NYSE:GHC,8.325300473537437e-07
2023-02-03,12,AR1 alpha + Basic + One-Step,NYSE:GHC,3.1789699896152017e-07
2023-02-06,12,AR1 alpha + Basic + One-Step,NYSE:GHC,0.0
2023-02-07,12,AR1 alpha + Basic + One-Step,NYSE:GHC,0.0
2023-02-08,12,AR1 alpha + Basic + One-Step,NYSE:GHC,0.06116551687621275
2023-02-09,12,AR1 alpha + Basic + One-Step,NYSE:GHC,0.09999050165380113
2023-02-10,12,AR1 alpha + Basic + One-Step,NYSE:GHC,0.09999599119749583
2023-02-13,12,AR1 alpha + Basic + One-Step,NYSE:GHC,0.0
2023-02-14,12,AR1 alpha + Basic + One-Step,NYSE:GHC,0.09513558724179635
2023-02-15,12,AR1 alpha + Basic + One-Step,NYSE:GHC,0.0
2023-02-16,12,AR1 alpha + Basic + One-Step,NYSE:GHC,0.09999996556076632
2023-02-17,12,AR1 alpha + Basic + One-Step,NYSE:GHC,0.0
2023-02-21,12,AR1 alpha + Basic + One-Step,NYSE:GHC,0.10000037718560635
2023-02-22,12,AR1 alpha + Basic + One-Step,NYSE:GHC,0.09999548136090881
2023-02-23,12,AR1 alpha + Basic + One-Step,NYSE:GHC,0.09999738798357732
2023-02-24,12,AR1 alpha + Basic + One-Step,NYSE:GHC,0.0999913705531753
2023-02-27,12,AR1 alpha + Basic + One-Step,NYSE:GHC,0.09999435326330385
2023-02-28,12,AR1 alpha + Basic + One-Step,NYSE:GHC,0.09999646585245152
2023-03-01,12,AR1 alpha + Basic + One-Step,NYSE:GHC,0.09999810382180223
2023-03-02,12,AR1 alpha + Basic + One-Step,NYSE:GHC,0.09999905227747477
2023-03-03,12,AR1 alpha + Basic + One-Step,NYSE:GHC,0.09999114831670244
2023-03-06,12,AR1 alpha + Basic + One-Step,NYSE:GHC,0.09999121967207183
2023-03-07,12,AR1 alpha + Basic + One-Step,NYSE:GHC,0.09999536588646184
2023-03-08,12,AR1 alpha + Basic + One-Step,NYSE:GHC,0.09999762072110877
2023-03-09,12,AR1 alpha + Basic + One-Step,NYSE:GHC,0.0999944016016402
2023-03-10,12,AR1 alpha + Basic + One-Step,NYSE:GHC,0.09999627277006456
2023-03-13,12,AR1 alpha + Basic + One-Step,NYSE:GHC,0.09999775579556802
2023-03-14,12,AR1 alpha + Basic + One-Step,NYSE:GHC,0.09999426248043312
2023-03-15,12,AR1 alpha + Basic + One-Step,NYSE:GHC,0.09999613962270121
2023-03-16,12,AR1 alpha + Basic + One-Step,NYSE:GHC,0.09999801431414662
2023-03-17,12,AR1 alpha + Basic + One-Step,NYSE:GHC,0.09999836307029879
2023-03-20,12,AR1 alpha + Basic + One-Step,NYSE:GHC,0.09999976084151264
2023-03-21,12,AR1 alpha + Basic + One-Step,NYSE:GHC,0.012109756606535549
2023-03-22,12,AR1 alpha + Basic + One-Step,NYSE:GHC,0.09999990401410509
2023-03-23,12,AR1 alpha + Basic + One-Step,NYSE:GHC,0.10000004131484412
2023-03-24,12,AR1 alpha + Basic + One-Step,NYSE:GHC,0.0
2023-03-27,12,AR1 alpha + Basic + One-Step,NYSE:GHC,0.0
2023-03-28,12,AR1 alpha + Basic + One-Step,NYSE:GHC,4.157483367139604e-08
2023-03-29,12,AR1 alpha + Basic + One-Step,NYSE:GHC,0.0
2023-03-30,12,AR1 alpha + Basic + One-Step,NYSE:GHC,0.0
2023-03-31,12,AR1 alpha + Basic + One-Step,NYSE:GHC,4.009105947426279e-07
2023-04-03,12,AR1 alpha + Basic + One-Step,NYSE:GHC,0.0
2023-04-04,12,AR1 alpha + Basic + One-Step,NYSE:GHC,0.0
2023-04-05,12,AR1 alpha + Basic + One-Step,NYSE:GHC,1.8451621338038814e-07
2023-04-06,12,AR1 alpha + Basic + One-Step,NYSE:GHC,0.0878246107287466
2023-04-10,12,AR1 alpha + Basic + One-Step,NYSE:GHC,0.0
2023-04-11,12,AR1 alpha + Basic + One-Step,NYSE:GHC,0.0
2023-04-12,12,AR1 alpha + Basic + One-Step,NYSE:GHC,0.0
2023-04-13,12,AR1 alpha + Basic + One-Step,NYSE:GHC,0.0
2023-04-14,12,AR1 alpha + Basic + One-Step,NYSE:GHC,0.0
2023-04-17,12,AR1 alpha + Basic + One-Step,NYSE:GHC,0.0
2023-04-18,12,AR1 alpha + Basic + One-Step,NYSE:GHC,0.0
2023-04-19,12,AR1 alpha + Basic + One-Step,NYSE:GHC,2.4003853108295354e-09
2023-04-20,12,AR1 alpha + Basic + One-Step,NYSE:GHC,8.613628779608227e-09
2023-04-21,12,AR1 alpha + Basic + One-Step,NYSE:GHC,9.174678045590493e-08
2023-04-24,12,AR1 alpha + Basic + One-Step,NYSE:GHC,0.004108277919302179
2023-04-25,12,AR1 alpha + Basic + One-Step,NYSE:GHC,0.09999420346364286
2023-04-26,12,AR1 alpha + Basic + One-Step,NYSE:GHC,0.09999686055561706
2023-04-27,12,AR1 alpha + Basic + One-Step,NYSE:GHC,2.7775094902639003e-06
2023-04-28,12,AR1 alpha + Basic + One-Step,NYSE:GHC,0.0039231193670162985
2023-05-01,12,AR1 alpha + Basic + One-Step,NYSE:GHC,3.013340052620732e-08
2023-05-02,12,AR1 alpha + Basic + One-Step,NYSE:GHC,0.10000016064672468
2023-05-03,12,AR1 alpha + Basic + One-Step,NYSE:GHC,0.0
2023-05-04,12,AR1 alpha + Basic + One-Step,NYSE:GHC,0.09999615490231387
2023-05-05,12,AR1 alpha + Basic + One-Step,NYSE:GHC,0.0
2023-05-08,12,AR1 alpha + Basic + One-Step,NYSE:GHC,4.958799133760983e-08
2023-05-09,12,AR1 alpha + Basic + One-Step,NYSE:GHC,0.0
2023-05-10,12,AR1 alpha + Basic + One-Step,NYSE:GHC,0.0
2023-05-11,12,AR1 alpha + Basic + One-Step,NYSE:GHC,6.159560197971562e-07
2023-05-12,12,AR1 alpha + Basic + One-Step,NYSE:GHC,1.1204719417228392e-06
2023-05-15,12,AR1 alpha + Basic + One-Step,NYSE:GHC,6.776271096065312e-07
2023-05-16,12,AR1 alpha + Basic + One-Step,NYSE:GHC,0.0
2023-05-17,12,AR1 alpha + Basic + One-Step,NYSE:GHC,0.0
2023-05-18,12,AR1 alpha + Basic + One-Step,NYSE:GHC,0.0
2023-05-19,12,AR1 alpha + Basic + One-Step,NYSE:GHC,0.0
2023-05-22,12,AR1 alpha + Basic + One-Step,NYSE:GHC,0.0
2023-05-23,12,AR1 alpha + Basic + One-Step,NYSE:GHC,0.0
2023-05-24,12,AR1 alpha + Basic + One-Step,NYSE:GHC,0.0
2023-05-25,12,AR1 alpha + Basic + One-Step,NYSE:GHC,0.0
2023-05-26,12,AR1 alpha + Basic + One-Step,NYSE:GHC,0.0
2023-05-30,12,AR1 alpha + Basic + One-Step,NYSE:GHC,0.0
2023-05-31,12,AR1 alpha + Basic + One-Step,NYSE:GHC,0.0
2023-06-01,12,AR1 alpha + Basic + One-Step,NYSE:GHC,0.0
2023-06-02,12,AR1 alpha + Basic + One-Step,NYSE:GHC,0.0
2023-06-05,12,AR1 alpha + Basic + One-Step,NYSE:GHC,0.012425412179602576
2023-06-06,12,AR1 alpha + Basic + One-Step,NYSE:GHC,6.424585656611883e-06
2023-06-07,12,AR1 alpha + Basic + One-Step,NYSE:GHC,2.353650233730179e-07
2023-06-08,12,AR1 alpha + Basic + One-Step,NYSE:GHC,2.066121374876174e-07
2023-06-09,12,AR1 alpha + Basic + One-Step,NYSE:GHC,1.8779263771694285e-06
2023-06-12,12,AR1 alpha + Basic + One-Step,NYSE:GHC,0.0
2023-06-13,12,AR1 alpha + Basic + One-Step,NYSE:GHC,1.7966172674047895e-07
2023-06-14,12,AR1 alpha + Basic + One-Step,NYSE:GHC,2.357008112216326e-07
2023-06-15,12,AR1 alpha + Basic + One-Step,NYSE:GHC,0.0
2023-06-16,12,AR1 alpha + Basic + One-Step,NYSE:GHC,2.9292849422101834e-08
2023-06-20,12,AR1 alpha + Basic + One-Step,NYSE:GHC,0.0
2023-06-21,12,AR1 alpha + Basic + One-Step,NYSE:GHC,0.0
2023-06-22,12,AR1 alpha + Basic + One-Step,NYSE:GHC,0.0
2023-06-23,12,AR1 alpha + Basic + One-Step,NYSE:GHC,0.0
2023-06-26,12,AR1 alpha + Basic + One-Step,NYSE:GHC,4.689035017422784e-07
2023-06-27,12,AR1 alpha + Basic + One-Step,NYSE:GHC,0.0
2023-06-28,12,AR1 alpha + Basic + One-Step,NYSE:GHC,0.0
2023-06-29,12,AR1 alpha + Basic + One-Step,NYSE:GHC,0.0
2023-06-30,12,AR1 alpha + Basic + One-Step,NYSE:GHC,0.0
2023-07-03,12,AR1 alpha + Basic + One-Step,NYSE:GHC,0.0
2023-07-05,12,AR1 alpha + Basic + One-Step,NYSE:GHC,2.6438420316177383e-06
2023-07-06,12,AR1 alpha + Basic + One-Step,NYSE:GHC,1.1946938149170296e-06
2023-07-07,12,AR1 alpha + Basic + One-Step,NYSE:GHC,0.0
2023-07-10,12,AR1 alpha + Basic + One-Step,NYSE:GHC,1.6141686051301317e-06
2023-07-11,12,AR1 alpha + Basic + One-Step,NYSE:GHC,0.0
2023-07-12,12,AR1 alpha + Basic + One-Step,NYSE:GHC,0.0
2023-07-13,12,AR1 alpha + Basic + One-Step,NYSE:GHC,0.0
2023-07-14,12,AR1 alpha + Basic + One-Step,NYSE:GHC,2.161197875998536e-07
2023-07-17,12,AR1 alpha + Basic + One-Step,NYSE:GHC,9.749935661120903e-07
2023-07-18,12,AR1 alpha + Basic + One-Step,NYSE:GHC,1.7437752842920308e-06
2023-07-19,12,AR1 alpha + Basic + One-Step,NYSE:GHC,2.0057476272068867e-22
2023-07-20,12,AR1 alpha + Basic + One-Step,NYSE:GHC,0.0
2023-07-21,12,AR1 alpha + Basic + One-Step,NYSE:GHC,0.0
2023-07-24,12,AR1 alpha + Basic + One-Step,NYSE:GHC,0.0
2023-07-25,12,AR1 alpha + Basic + One-Step,NYSE:GHC,0.0
2023-07-26,12,AR1 alpha + Basic + One-Step,NYSE:GHC,0.0
2023-07-27,12,AR1 alpha + Basic + One-Step,NYSE:GHC,0.0
2023-07-28,12,AR1 alpha + Basic + One-Step,NYSE:GHC,0.0
2023-07-31,12,AR1 alpha + Basic + One-Step,NYSE:GHC,0.0
2023-08-01,12,AR1 alpha + Basic + One-Step,NYSE:GHC,0.0
2023-08-02,12,AR1 alpha + Basic + One-Step,NYSE:GHC,0.0
2023-08-03,12,AR1 alpha + Basic + One-Step,NYSE:GHC,0.0
2023-08-04,12,AR1 alpha + Basic + One-Step,NYSE:GHC,0.0
2023-08-07,12,AR1 alpha + Basic + One-Step,NYSE:GHC,1.5474519111909202e-10
2023-08-08,12,AR1 alpha + Basic + One-Step,NYSE:GHC,0.0
2023-08-09,12,AR1 alpha + Basic + One-Step,NYSE:GHC,0.0
2023-08-10,12,AR1 alpha + Basic + One-Step,NYSE:GHC,0.0
2023-08-11,12,AR1 alpha + Basic + One-Step,NYSE:GHC,6.091288073501165e-07
2023-08-14,12,AR1 alpha + Basic + One-Step,NYSE:GHC,0.0
2023-08-15,12,AR1 alpha + Basic + One-Step,NYSE:GHC,0.0
2023-08-16,12,AR1 alpha + Basic + One-Step,NYSE:GHC,0.002335313677289009
2023-08-17,12,AR1 alpha + Basic + One-Step,NYSE:GHC,0.019889854616617804
2023-08-18,12,AR1 alpha + Basic + One-Step,NYSE:GHC,0.09998801398522307
2023-08-21,12,AR1 alpha + Basic + One-Step,NYSE:GHC,0.0705934097157965
2023-08-22,12,AR1 alpha + Basic + One-Step,NYSE:GHC,0.09999768921588414
2023-08-23,12,AR1 alpha + Basic + One-Step,NYSE:GHC,6.34917812727576e-07
2023-08-24,12,AR1 alpha + Basic + One-Step,NYSE:GHC,0.0
2023-08-25,12,AR1 alpha + Basic + One-Step,NYSE:GHC,0.006133502961684449
2023-08-28,12,AR1 alpha + Basic + One-Step,NYSE:GHC,7.365039742452481e-06
2023-08-29,12,AR1 alpha + Basic + One-Step,NYSE:GHC,0.0
2023-08-30,12,AR1 alpha + Basic + One-Step,NYSE:GHC,0.0
2023-08-31,12,AR1 alpha + Basic + One-Step,NYSE:GHC,0.0
2023-09-01,12,AR1 alpha + Basic + One-Step,NYSE:GHC,5.4296529763901195e-09
2023-09-05,12,AR1 alpha + Basic + One-Step,NYSE:GHC,0.0999912029043842
2023-09-06,12,AR1 alpha + Basic + One-Step,NYSE:GHC,0.0609066778189786
2023-09-07,12,AR1 alpha + Basic + One-Step,NYSE:GHC,0.006604319031365257
2023-09-08,12,AR1 alpha + Basic + One-Step,NYSE:GHC,4.98610011597575e-06
2023-09-11,12,AR1 alpha + Basic + One-Step,NYSE:GHC,2.7163932118769887e-06
2023-09-12,12,AR1 alpha + Basic + One-Step,NYSE:GHC,2.2836556899154613e-06
2023-09-13,12,AR1 alpha + Basic + One-Step,NYSE:GHC,0.0
2023-09-14,12,AR1 alpha + Basic + One-Step,NYSE:GHC,0.0
2023-09-15,12,AR1 alpha + Basic + One-Step,NYSE:GHC,0.0
2023-09-18,12,AR1 alpha + Basic + One-Step,NYSE:GHC,0.0
2023-09-19,12,AR1 alpha + Basic + One-Step,NYSE:GHC,9.660151408405049e-09
2023-09-20,12,AR1 alpha + Basic + One-Step,NYSE:GHC,0.0
2023-09-21,12,AR1 alpha + Basic + One-Step,NYSE:GHC,0.0
2023-09-22,12,AR1 alpha + Basic + One-Step,NYSE:GHC,0.0
2023-09-25,12,AR1 alpha + Basic + One-Step,NYSE:GHC,0.0
2023-09-26,12,AR1 alpha + Basic + One-Step,NYSE:GHC,0.018155450183944218
2023-09-27,12,AR1 alpha + Basic + One-Step,NYSE:GHC,0.0
2023-09-28,12,AR1 alpha + Basic + One-Step,NYSE:GHC,5.601328663818737e-08
2023-09-29,12,AR1 alpha + Basic + One-Step,NYSE:GHC,3.7041672787218064e-08
2023-10-02,12,AR1 alpha + Basic + One-Step,NYSE:GHC,0.0
2023-10-03,12,AR1 alpha + Basic + One-Step,NYSE:GHC,0.0
2023-10-04,12,AR1 alpha + Basic + One-Step,NYSE:GHC,0.0
2023-10-05,12,AR1 alpha + Basic + One-Step,NYSE:GHC,0.0
2023-10-06,12,AR1 alpha + Basic + One-Step,NYSE:GHC,0.0
2023-10-09,12,AR1 alpha + Basic + One-Step,NYSE:GHC,2.066977936148856e-08
2023-10-10,12,AR1 alpha + Basic + One-Step,NYSE:GHC,0.0
2023-10-11,12,AR1 alpha + Basic + One-Step,NYSE:GHC,1.7605366289086553e-08
2023-10-12,12,AR1 alpha + Basic + One-Step,NYSE:GHC,0.0
2023-10-13,12,AR1 alpha + Basic + One-Step,NYSE:GHC,1.471508680376261e-09
2023-10-16,12,AR1 alpha + Basic + One-Step,NYSE:GHC,0.0
2023-10-17,12,AR1 alpha + Basic + One-Step,NYSE:GHC,8.861703237649431e-07
2023-10-18,12,AR1 alpha + Basic + One-Step,NYSE:GHC,0.0
2023-10-19,12,AR1 alpha + Basic + One-Step,NYSE:GHC,0.0
2023-10-20,12,AR1 alpha + Basic + One-Step,NYSE:GHC,0.009047292027359438
2023-10-23,12,AR1 alpha + Basic + One-Step,NYSE:GHC,0.0514234478157164
2023-10-24,12,AR1 alpha + Basic + One-Step,NYSE:GHC,0.0
2023-10-25,12,AR1 alpha + Basic + One-Step,NYSE:GHC,0.0
2023-10-26,12,AR1 alpha + Basic + One-Step,NYSE:GHC,0.0
2023-10-27,12,AR1 alpha + Basic + One-Step,NYSE:GHC,0.0
2023-10-30,12,AR1 alpha + Basic + One-Step,NYSE:GHC,2.514386047327586e-08
2023-10-31,12,AR1 alpha + Basic + One-Step,NYSE:GHC,0.0
2023-11-01,12,AR1 alpha + Basic + One-Step,NYSE:GHC,0.0
2023-11-02,12,AR1 alpha + Basic + One-Step,NYSE:GHC,0.0
2023-11-03,12,AR1 alpha + Basic + One-Step,NYSE:GHC,0.0
2023-11-06,12,AR1 alpha + Basic + One-Step,NYSE:GHC,0.0
2023-11-07,12,AR1 alpha + Basic + One-Step,NYSE:GHC,1.611067067395615e-08
2023-11-08,12,AR1 alpha + Basic + One-Step,NYSE:GHC,2.5445804132649676e-08
2023-11-09,12,AR1 alpha + Basic + One-Step,NYSE:GHC,0.0
2023-11-10,12,AR1 alpha + Basic + One-Step,NYSE:GHC,0.0
2023-11-13,12,AR1 alpha + Basic + One-Step,NYSE:GHC,0.0
2023-11-14,12,AR1 alpha + Basic + One-Step,NYSE:GHC,0.0
2023-11-15,12,AR1 alpha + Basic + One-Step,NYSE:GHC,0.0
2023-11-16,12,AR1 alpha + Basic + One-Step,NYSE:GHC,0.0
2023-11-17,12,AR1 alpha + Basic + One-Step,NYSE:GHC,6.656421117677908e-08
2023-11-20,12,AR1 alpha + Basic + One-Step,NYSE:GHC,0.0
2023-11-21,12,AR1 alpha + Basic + One-Step,NYSE:GHC,0.0
2023-11-22,12,AR1 alpha + Basic + One-Step,NYSE:GHC,0.0
2023-11-24,12,AR1 alpha + Basic + One-Step,NYSE:GHC,0.0
2023-11-27,12,AR1 alpha + Basic + One-Step,NYSE:GHC,0.0
2023-11-28,12,AR1 alpha + Basic + One-Step,NYSE:GHC,3.918581026791279e-08
2023-11-29,12,AR1 alpha + Basic + One-Step,NYSE:GHC,1.9525226847043403e-08
2023-11-30,12,AR1 alpha + Basic + One-Step,NYSE:GHC,3.745355583188726e-09
2023-12-01,12,AR1 alpha + Basic + One-Step,NYSE:GHC,4.1153015841113955e-07
2023-12-04,12,AR1 alpha + Basic + One-Step,NYSE:GHC,0.0
2023-12-05,12,AR1 alpha + Basic + One-Step,NYSE:GHC,0.0
2023-12-06,12,AR1 alpha + Basic + One-Step,NYSE:GHC,0.0
2023-12-07,12,AR1 alpha + Basic + One-Step,NYSE:GHC,0.0
2023-12-08,12,AR1 alpha + Basic + One-Step,NYSE:GHC,0.0
2023-12-11,12,AR1 alpha + Basic + One-Step,NYSE:GHC,0.0
2023-12-12,12,AR1 alpha + Basic + One-Step,NYSE:GHC,0.0
2023-12-13,12,AR1 alpha + Basic + One-Step,NYSE:GHC,0.0
2023-12-14,12,AR1 alpha + Basic + One-Step,NYSE:GHC,0.0
2023-12-15,12,AR1 alpha + Basic + One-Step,NYSE:GHC,0.0
2023-12-18,12,AR1 alpha + Basic + One-Step,NYSE:GHC,0.0
2023-12-19,12,AR1 alpha + Basic + One-Step,NYSE:GHC,0.0
2023-12-20,12,AR1 alpha + Basic + One-Step,NYSE:GHC,0.0
2023-12-21,12,AR1 alpha + Basic + One-Step,NYSE:GHC,0.0
2023-12-22,12,AR1 alpha + Basic + One-Step,NYSE:GHC,4.6739990532669483e-07
2023-12-26,12,AR1 alpha + Basic + One-Step,NYSE:GHC,0.0
2023-12-27,12,AR1 alpha + Basic + One-Step,NYSE:GHC,4.1302479494193896e-09
2023-12-28,12,AR1 alpha + Basic + One-Step,NYSE:GHC,0.0
2023-12-29,12,AR1 alpha + Basic + One-Step,NYSE:GHC,0.0
2024-01-02,12,AR1 alpha + Basic + One-Step,NYSE:GHC,0.0
2024-01-03,12,AR1 alpha + Basic + One-Step,NYSE:GHC,0.0
2024-01-04,12,AR1 alpha + Basic + One-Step,NYSE:GHC,0.0
2024-01-05,12,AR1 alpha + Basic + One-Step,NYSE:GHC,0.0
2024-01-08,12,AR1 alpha + Basic + One-Step,NYSE:GHC,0.0
2024-01-09,12,AR1 alpha + Basic + One-Step,NYSE:GHC,0.09448116110099075
2024-01-10,12,AR1 alpha + Basic + One-Step,NYSE:GHC,0.0
2024-01-11,12,AR1 alpha + Basic + One-Step,NYSE:GHC,2.6093141656622823e-07
2024-01-12,12,AR1 alpha + Basic + One-Step,NYSE:GHC,3.828832954190893e-23
2024-01-16,12,AR1 alpha + Basic + One-Step,NYSE:GHC,0.0
2024-01-17,12,AR1 alpha + Basic + One-Step,NYSE:GHC,0.0
2024-01-18,12,AR1 alpha + Basic + One-Step,NYSE:GHC,6.02891544756225e-07
2024-01-19,12,AR1 alpha + Basic + One-Step,NYSE:GHC,0.0
2024-01-22,12,AR1 alpha + Basic + One-Step,NYSE:GHC,0.0
2024-01-23,12,AR1 alpha + Basic + One-Step,NYSE:GHC,0.0
2024-01-24,12,AR1 alpha + Basic + One-Step,NYSE:GHC,1.877536416716374e-07
2024-01-25,12,AR1 alpha + Basic + One-Step,NYSE:GHC,6.91956572841312e-08
2024-01-26,12,AR1 alpha + Basic + One-Step,NYSE:GHC,0.0
2024-01-29,12,AR1 alpha + Basic + One-Step,NYSE:GHC,0.0
2024-01-30,12,AR1 alpha + Basic + One-Step,NYSE:GHC,0.0
2024-01-31,12,AR1 alpha + Basic + One-Step,NYSE:GHC,4.188763371902165e-10
2024-02-01,12,AR1 alpha + Basic + One-Step,NYSE:GHC,0.0
2024-02-02,12,AR1 alpha + Basic + One-Step,NYSE:GHC,0.0999968501664488
2024-02-05,12,AR1 alpha + Basic + One-Step,NYSE:GHC,0.09999767400986116
2024-02-06,12,AR1 alpha + Basic + One-Step,NYSE:GHC,0.09999157573766346
2024-02-07,12,AR1 alpha + Basic + One-Step,NYSE:GHC,0.09999523449798443
2024-02-08,12,AR1 alpha + Basic + One-Step,NYSE:GHC,0.03854822969719109
2024-02-09,12,AR1 alpha + Basic + One-Step,NYSE:GHC,0.0
2024-02-12,12,AR1 alpha + Basic + One-Step,NYSE:GHC,0.0
2024-02-13,12,AR1 alpha + Basic + One-Step,NYSE:GHC,0.08517339276479886
2024-02-14,12,AR1 alpha + Basic + One-Step,NYSE:GHC,0.0
2024-02-15,12,AR1 alpha + Basic + One-Step,NYSE:GHC,2.3424833066744012e-08
2024-02-16,12,AR1 alpha + Basic + One-Step,NYSE:GHC,0.0
2024-02-20,12,AR1 alpha + Basic + One-Step,NYSE:GHC,0.099999528774931
2024-02-21,12,AR1 alpha + Basic + One-Step,NYSE:GHC,9.682144133162927e-08
2024-02-22,12,AR1 alpha + Basic + One-Step,NYSE:GHC,0.0
2024-02-23,12,AR1 alpha + Basic + One-Step,NYSE:GHC,0.0
2024-02-26,12,AR1 alpha + Basic + One-Step,NYSE:GHC,0.0999898001424671
2024-02-27,12,AR1 alpha + Basic + One-Step,NYSE:GHC,0.05445860213451241
2024-02-28,12,AR1 alpha + Basic + One-Step,NYSE:GHC,1.922131674445215e-06
2024-02-29,12,AR1 alpha + Basic + One-Step,NYSE:GHC,0.0
2024-03-01,12,AR1 alpha + Basic + One-Step,NYSE:GHC,0.0
2024-03-04,12,AR1 alpha + Basic + One-Step,NYSE:GHC,0.0
2024-03-05,12,AR1 alpha + Basic + One-Step,NYSE:GHC,0.0
2024-03-06,12,AR1 alpha + Basic + One-Step,NYSE:GHC,0.0
2024-03-07,12,AR1 alpha + Basic + One-Step,NYSE:GHC,0.0
2024-03-08,12,AR1 alpha + Basic + One-Step,NYSE:GHC,0.0
2024-03-11,12,AR1 alpha + Basic + One-Step,NYSE:GHC,0.0
2024-03-12,12,AR1 alpha + Basic + One-Step,NYSE:GHC,0.0
2024-03-13,12,AR1 alpha + Basic + One-Step,NYSE:GHC,0.0
2024-03-14,12,AR1 alpha + Basic + One-Step,NYSE:GHC,0.08967523191751123
2024-03-15,12,AR1 alpha + Basic + One-Step,NYSE:GHC,0.0
2024-03-18,12,AR1 alpha + Basic + One-Step,NYSE:GHC,0.0
2024-03-19,12,AR1 alpha + Basic + One-Step,NYSE:GHC,0.0
2024-03-20,12,AR1 alpha + Basic + One-Step,NYSE:GHC,0.0
2024-03-21,12,AR1 alpha + Basic + One-Step,NYSE:GHC,5.1545111021081666e-08
2024-03-22,12,AR1 alpha + Basic + One-Step,NYSE:GHC,1.3604107663158477e-08
2024-03-25,12,AR1 alpha + Basic + One-Step,NYSE:GHC,0.0
2024-03-26,12,AR1 alpha + Basic + One-Step,NYSE:GHC,0.0
2024-03-27,12,AR1 alpha + Basic + One-Step,NYSE:GHC,0.0
2024-03-28,12,AR1 alpha + Basic + One-Step,NYSE:GHC,0.0
2024-04-01,12,AR1 alpha + Basic + One-Step,NYSE:GHC,1.8213849373662394e-06
2024-04-02,12,AR1 alpha + Basic + One-Step,NYSE:GHC,0.0
2024-04-03,12,AR1 alpha + Basic + One-Step,NYSE:GHC,0.0
2024-04-04,12,AR1 alpha + Basic + One-Step,NYSE:GHC,0.0
2024-04-05,12,AR1 alpha + Basic + One-Step,NYSE:GHC,0.0
2024-04-08,12,AR1 alpha + Basic + One-Step,NYSE:GHC,0.0
2024-04-09,12,AR1 alpha + Basic + One-Step,NYSE:GHC,0.0
2024-04-10,12,AR1 alpha + Basic + One-Step,NYSE:GHC,0.10000227738646313
2024-04-11,12,AR1 alpha + Basic + One-Step,NYSE:GHC,0.09999618731251361
2024-04-12,12,AR1 alpha + Basic + One-Step,NYSE:GHC,0.09999057279237894
2024-04-15,12,AR1 alpha + Basic + One-Step,NYSE:GHC,0.09999215120252831
2024-04-16,12,AR1 alpha + Basic + One-Step,NYSE:GHC,0.09999407971757909
2024-04-17,12,AR1 alpha + Basic + One-Step,NYSE:GHC,0.09999613784979955
2024-04-18,12,AR1 alpha + Basic + One-Step,NYSE:GHC,0.09999675678657205
2024-04-19,12,AR1 alpha + Basic + One-Step,NYSE:GHC,0.0999973706446635
2020-03-25,12,AR1 alpha + Basic + One-Step,NYSE:BBW,0.02
2020-03-26,12,AR1 alpha + Basic + One-Step,NYSE:BBW,0.019999999999999997
2020-03-27,12,AR1 alpha + Basic + One-Step,NYSE:BBW,0.0
2020-03-30,12,AR1 alpha + Basic + One-Step,NYSE:BBW,2.179103175252323e-06
2020-03-31,12,AR1 alpha + Basic + One-Step,NYSE:BBW,8.584449442378926e-07
2020-04-01,12,AR1 alpha + Basic + One-Step,NYSE:BBW,0.0
2020-04-02,12,AR1 alpha + Basic + One-Step,NYSE:BBW,0.0
2020-04-03,12,AR1 alpha + Basic + One-Step,NYSE:BBW,2.194264005437178e-08
2020-04-06,12,AR1 alpha + Basic + One-Step,NYSE:BBW,1.5590786470465254e-07
2020-04-07,12,AR1 alpha + Basic + One-Step,NYSE:BBW,3.546304352554788e-08
2020-04-08,12,AR1 alpha + Basic + One-Step,NYSE:BBW,0.0
2020-04-09,12,AR1 alpha + Basic + One-Step,NYSE:BBW,0.0
2020-04-13,12,AR1 alpha + Basic + One-Step,NYSE:BBW,0.0
2020-04-14,12,AR1 alpha + Basic + One-Step,NYSE:BBW,1.4287709525859692e-09
2020-04-15,12,AR1 alpha + Basic + One-Step,NYSE:BBW,0.0
2020-04-16,12,AR1 alpha + Basic + One-Step,NYSE:BBW,1.3062420927867376e-06
2020-04-17,12,AR1 alpha + Basic + One-Step,NYSE:BBW,0.0
2020-04-20,12,AR1 alpha + Basic + One-Step,NYSE:BBW,0.03582937601589141
2020-04-21,12,AR1 alpha + Basic + One-Step,NYSE:BBW,0.01170885313169203
2020-04-22,12,AR1 alpha + Basic + One-Step,NYSE:BBW,0.052422154383473966
2020-04-23,12,AR1 alpha + Basic + One-Step,NYSE:BBW,0.06899228859839293
2020-04-24,12,AR1 alpha + Basic + One-Step,NYSE:BBW,0.07507172621822601
2020-04-27,12,AR1 alpha + Basic + One-Step,NYSE:BBW,0.08448617040655375
2020-04-28,12,AR1 alpha + Basic + One-Step,NYSE:BBW,0.09184293804074836
2020-04-29,12,AR1 alpha + Basic + One-Step,NYSE:BBW,0.10000003288032736
2020-04-30,12,AR1 alpha + Basic + One-Step,NYSE:BBW,0.09999864345110845
2020-05-01,12,AR1 alpha + Basic + One-Step,NYSE:BBW,0.05625458592921704
2020-05-04,12,AR1 alpha + Basic + One-Step,NYSE:BBW,0.07387975875561541
2020-05-05,12,AR1 alpha + Basic + One-Step,NYSE:BBW,0.09778404902236457
2020-05-06,12,AR1 alpha + Basic + One-Step,NYSE:BBW,0.07026769195357807
2020-05-07,12,AR1 alpha + Basic + One-Step,NYSE:BBW,0.07316544430641557
2020-05-08,12,AR1 alpha + Basic + One-Step,NYSE:BBW,0.06518435761687998
2020-05-11,12,AR1 alpha + Basic + One-Step,NYSE:BBW,0.045507716987753445
2020-05-12,12,AR1 alpha + Basic + One-Step,NYSE:BBW,0.021001835915897535
2020-05-13,12,AR1 alpha + Basic + One-Step,NYSE:BBW,0.0
2020-05-14,12,AR1 alpha + Basic + One-Step,NYSE:BBW,0.0
2020-05-15,12,AR1 alpha + Basic + One-Step,NYSE:BBW,3.6071281508728074e-08
2020-05-18,12,AR1 alpha + Basic + One-Step,NYSE:BBW,0.014777002925070936
2020-05-19,12,AR1 alpha + Basic + One-Step,NYSE:BBW,0.007274612246801878
2020-05-20,12,AR1 alpha + Basic + One-Step,NYSE:BBW,0.006639547854716774
2020-05-21,12,AR1 alpha + Basic + One-Step,NYSE:BBW,0.0
2020-05-22,12,AR1 alpha + Basic + One-Step,NYSE:BBW,7.439007944063502e-08
2020-05-26,12,AR1 alpha + Basic + One-Step,NYSE:BBW,0.010172733883740367
2020-05-27,12,AR1 alpha + Basic + One-Step,NYSE:BBW,5.858641143500714e-08
2020-05-28,12,AR1 alpha + Basic + One-Step,NYSE:BBW,3.986531428732239e-24
2020-05-29,12,AR1 alpha + Basic + One-Step,NYSE:BBW,0.002712176051622613
2020-06-01,12,AR1 alpha + Basic + One-Step,NYSE:BBW,0.0
2020-06-02,12,AR1 alpha + Basic + One-Step,NYSE:BBW,9.911359846952284e-08
2020-06-03,12,AR1 alpha + Basic + One-Step,NYSE:BBW,0.01193403986340832
2020-06-04,12,AR1 alpha + Basic + One-Step,NYSE:BBW,0.01681900521834793
2020-06-05,12,AR1 alpha + Basic + One-Step,NYSE:BBW,0.03805436102172488
2020-06-08,12,AR1 alpha + Basic + One-Step,NYSE:BBW,0.060418405753867276
2020-06-09,12,AR1 alpha + Basic + One-Step,NYSE:BBW,0.05357860384842419
2020-06-10,12,AR1 alpha + Basic + One-Step,NYSE:BBW,0.03536471214757702
2020-06-11,12,AR1 alpha + Basic + One-Step,NYSE:BBW,0.0
2020-06-12,12,AR1 alpha + Basic + One-Step,NYSE:BBW,1.3690954283529476e-08
2020-06-15,12,AR1 alpha + Basic + One-Step,NYSE:BBW,4.626190564450835e-09
2020-06-16,12,AR1 alpha + Basic + One-Step,NYSE:BBW,0.004530718647542861
2020-06-17,12,AR1 alpha + Basic + One-Step,NYSE:BBW,0.0
2020-06-18,12,AR1 alpha + Basic + One-Step,NYSE:BBW,7.753248224196994e-08
2020-06-19,12,AR1 alpha + Basic + One-Step,NYSE:BBW,0.0
2020-06-22,12,AR1 alpha + Basic + One-Step,NYSE:BBW,0.002810702605741676
2020-06-23,12,AR1 alpha + Basic + One-Step,NYSE:BBW,0.0035471322872236348
2020-06-24,12,AR1 alpha + Basic + One-Step,NYSE:BBW,0.0013014853023966375
2020-06-25,12,AR1 alpha + Basic + One-Step,NYSE:BBW,0.005313931646924169
2020-06-26,12,AR1 alpha + Basic + One-Step,NYSE:BBW,0.0
2020-06-29,12,AR1 alpha + Basic + One-Step,NYSE:BBW,0.0
2020-06-30,12,AR1 alpha + Basic + One-Step,NYSE:BBW,0.0020886042291064313
2020-07-01,12,AR1 alpha + Basic + One-Step,NYSE:BBW,0.0
2020-07-02,12,AR1 alpha + Basic + One-Step,NYSE:BBW,0.0
2020-07-06,12,AR1 alpha + Basic + One-Step,NYSE:BBW,0.0
2020-07-07,12,AR1 alpha + Basic + One-Step,NYSE:BBW,0.0
2020-07-08,12,AR1 alpha + Basic + One-Step,NYSE:BBW,0.0
2020-07-09,12,AR1 alpha + Basic + One-Step,NYSE:BBW,1.0205280588275398e-08
2020-07-10,12,AR1 alpha + Basic + One-Step,NYSE:BBW,0.0
2020-07-13,12,AR1 alpha + Basic + One-Step,NYSE:BBW,4.100862975517354e-08
2020-07-14,12,AR1 alpha + Basic + One-Step,NYSE:BBW,0.0
2020-07-15,12,AR1 alpha + Basic + One-Step,NYSE:BBW,1.0246873179320718e-08
2020-07-16,12,AR1 alpha + Basic + One-Step,NYSE:BBW,0.0
2020-07-17,12,AR1 alpha + Basic + One-Step,NYSE:BBW,0.00019368173845573584
2020-07-20,12,AR1 alpha + Basic + One-Step,NYSE:BBW,1.4308903700432907e-07
2020-07-21,12,AR1 alpha + Basic + One-Step,NYSE:BBW,0.0
2020-07-22,12,AR1 alpha + Basic + One-Step,NYSE:BBW,0.0
2020-07-23,12,AR1 alpha + Basic + One-Step,NYSE:BBW,7.717662080477967e-09
2020-07-24,12,AR1 alpha + Basic + One-Step,NYSE:BBW,0.0
2020-07-27,12,AR1 alpha + Basic + One-Step,NYSE:BBW,7.076547782695597e-08
2020-07-28,12,AR1 alpha + Basic + One-Step,NYSE:BBW,0.0
2020-07-29,12,AR1 alpha + Basic + One-Step,NYSE:BBW,0.0
2020-07-30,12,AR1 alpha + Basic + One-Step,NYSE:BBW,0.0
2020-07-31,12,AR1 alpha + Basic + One-Step,NYSE:BBW,0.0
2020-08-03,12,AR1 alpha + Basic + One-Step,NYSE:BBW,0.0
2020-08-04,12,AR1 alpha + Basic + One-Step,NYSE:BBW,0.0
2020-08-05,12,AR1 alpha + Basic + One-Step,NYSE:BBW,0.0
2020-08-06,12,AR1 alpha + Basic + One-Step,NYSE:BBW,0.0
2020-08-07,12,AR1 alpha + Basic + One-Step,NYSE:BBW,0.0
2020-08-10,12,AR1 alpha + Basic + One-Step,NYSE:BBW,0.0
2020-08-11,12,AR1 alpha + Basic + One-Step,NYSE:BBW,0.0
2020-08-12,12,AR1 alpha + Basic + One-Step,NYSE:BBW,0.0
2020-08-13,12,AR1 alpha + Basic + One-Step,NYSE:BBW,0.0
2020-08-14,12,AR1 alpha + Basic + One-Step,NYSE:BBW,0.0
2020-08-17,12,AR1 alpha + Basic + One-Step,NYSE:BBW,0.0
2020-08-18,12,AR1 alpha + Basic + One-Step,NYSE:BBW,0.0
2020-08-19,12,AR1 alpha + Basic + One-Step,NYSE:BBW,0.0
2020-08-20,12,AR1 alpha + Basic + One-Step,NYSE:BBW,6.03599916501123e-08
2020-08-21,12,AR1 alpha + Basic + One-Step,NYSE:BBW,0.0
2020-08-24,12,AR1 alpha + Basic + One-Step,NYSE:BBW,0.0
2020-08-25,12,AR1 alpha + Basic + One-Step,NYSE:BBW,0.0
2020-08-26,12,AR1 alpha + Basic + One-Step,NYSE:BBW,0.0
2020-08-27,12,AR1 alpha + Basic + One-Step,NYSE:BBW,0.0
2020-08-28,12,AR1 alpha + Basic + One-Step,NYSE:BBW,0.0
2020-08-31,12,AR1 alpha + Basic + One-Step,NYSE:BBW,0.005895589748388652
2020-09-01,12,AR1 alpha + Basic + One-Step,NYSE:BBW,0.06349466149028435
2020-09-02,12,AR1 alpha + Basic + One-Step,NYSE:BBW,0.0619783658518844
2020-09-03,12,AR1 alpha + Basic + One-Step,NYSE:BBW,0.05080441420516566
2020-09-04,12,AR1 alpha + Basic + One-Step,NYSE:BBW,0.062404971640369275
2020-09-08,12,AR1 alpha + Basic + One-Step,NYSE:BBW,0.05084345133045546
2020-09-09,12,AR1 alpha + Basic + One-Step,NYSE:BBW,0.05140563377419692
2020-09-10,12,AR1 alpha + Basic + One-Step,NYSE:BBW,0.04106082620187013
2020-09-11,12,AR1 alpha + Basic + One-Step,NYSE:BBW,0.0525844807627914
2020-09-14,12,AR1 alpha + Basic + One-Step,NYSE:BBW,0.06600309437532235
2020-09-15,12,AR1 alpha + Basic + One-Step,NYSE:BBW,0.07678223985581169
2020-09-16,12,AR1 alpha + Basic + One-Step,NYSE:BBW,0.0705995499549885
2020-09-17,12,AR1 alpha + Basic + One-Step,NYSE:BBW,0.07411051602619331
2020-09-18,12,AR1 alpha + Basic + One-Step,NYSE:BBW,0.08034173058400104
2020-09-21,12,AR1 alpha + Basic + One-Step,NYSE:BBW,0.054672490922358374
2020-09-22,12,AR1 alpha + Basic + One-Step,NYSE:BBW,0.0633186503309295
2020-09-23,12,AR1 alpha + Basic + One-Step,NYSE:BBW,0.05190487553037128
2020-09-24,12,AR1 alpha + Basic + One-Step,NYSE:BBW,0.05642666613729667
2020-09-25,12,AR1 alpha + Basic + One-Step,NYSE:BBW,0.06583402029384212
2020-09-28,12,AR1 alpha + Basic + One-Step,NYSE:BBW,0.06554034806823107
2020-09-29,12,AR1 alpha + Basic + One-Step,NYSE:BBW,0.05365276796831779
2020-09-30,12,AR1 alpha + Basic + One-Step,NYSE:BBW,0.04641673972886966
2020-10-01,12,AR1 alpha + Basic + One-Step,NYSE:BBW,0.04996720929645726
2020-10-02,12,AR1 alpha + Basic + One-Step,NYSE:BBW,0.05260159519748254
2020-10-05,12,AR1 alpha + Basic + One-Step,NYSE:BBW,0.05956186791185296
2020-10-06,12,AR1 alpha + Basic + One-Step,NYSE:BBW,0.05205194724024855
2020-10-07,12,AR1 alpha + Basic + One-Step,NYSE:BBW,0.05248481409124103
2020-10-08,12,AR1 alpha + Basic + One-Step,NYSE:BBW,0.051912671489660715
2020-10-09,12,AR1 alpha + Basic + One-Step,NYSE:BBW,0.05018105247499518
2020-10-12,12,AR1 alpha + Basic + One-Step,NYSE:BBW,0.04530550292238998
2020-10-13,12,AR1 alpha + Basic + One-Step,NYSE:BBW,0.047774706888788876
2020-10-14,12,AR1 alpha + Basic + One-Step,NYSE:BBW,0.04873601688850182
2020-10-15,12,AR1 alpha + Basic + One-Step,NYSE:BBW,0.05582053604470606
2020-10-16,12,AR1 alpha + Basic + One-Step,NYSE:BBW,0.05617835195785467
2020-10-19,12,AR1 alpha + Basic + One-Step,NYSE:BBW,0.06098897275735424
2020-10-20,12,AR1 alpha + Basic + One-Step,NYSE:BBW,0.0628810418255766
2020-10-21,12,AR1 alpha + Basic + One-Step,NYSE:BBW,0.05638186153466009
2020-10-22,12,AR1 alpha + Basic + One-Step,NYSE:BBW,0.06612329517481844
2020-10-23,12,AR1 alpha + Basic + One-Step,NYSE:BBW,0.06948988610032297
2020-10-26,12,AR1 alpha + Basic + One-Step,NYSE:BBW,0.06298742868961524
2020-10-27,12,AR1 alpha + Basic + One-Step,NYSE:BBW,0.06040889763691874
2020-10-28,12,AR1 alpha + Basic + One-Step,NYSE:BBW,0.05362115273445022
2020-10-29,12,AR1 alpha + Basic + One-Step,NYSE:BBW,0.03582012353275767
2020-10-30,12,AR1 alpha + Basic + One-Step,NYSE:BBW,0.05741110008735911
2020-11-02,12,AR1 alpha + Basic + One-Step,NYSE:BBW,0.07397169892677136
2020-11-03,12,AR1 alpha + Basic + One-Step,NYSE:BBW,0.06968209699729465
2020-11-04,12,AR1 alpha + Basic + One-Step,NYSE:BBW,0.057421456524609046
2020-11-05,12,AR1 alpha + Basic + One-Step,NYSE:BBW,0.06883471642455553
2020-11-06,12,AR1 alpha + Basic + One-Step,NYSE:BBW,0.06605667656480838
2020-11-09,12,AR1 alpha + Basic + One-Step,NYSE:BBW,0.0784926663497543
2020-11-10,12,AR1 alpha + Basic + One-Step,NYSE:BBW,0.08758151699770249
2020-11-11,12,AR1 alpha + Basic + One-Step,NYSE:BBW,0.08758101151844794
2020-11-12,12,AR1 alpha + Basic + One-Step,NYSE:BBW,0.09999379419514275
2020-11-13,12,AR1 alpha + Basic + One-Step,NYSE:BBW,0.0999960032622416
2020-11-16,12,AR1 alpha + Basic + One-Step,NYSE:BBW,0.09999727707001775
2020-11-17,12,AR1 alpha + Basic + One-Step,NYSE:BBW,0.0918063752260333
2020-11-18,12,AR1 alpha + Basic + One-Step,NYSE:BBW,0.08647026720795561
2020-11-19,12,AR1 alpha + Basic + One-Step,NYSE:BBW,0.08301818873282026
2020-11-20,12,AR1 alpha + Basic + One-Step,NYSE:BBW,0.07417518803699474
2020-11-23,12,AR1 alpha + Basic + One-Step,NYSE:BBW,0.07657774698091477
2020-11-24,12,AR1 alpha + Basic + One-Step,NYSE:BBW,0.06760786687297721
2020-11-25,12,AR1 alpha + Basic + One-Step,NYSE:BBW,0.06704942826171131
2020-11-27,12,AR1 alpha + Basic + One-Step,NYSE:BBW,0.07369271214038003
2020-11-30,12,AR1 alpha + Basic + One-Step,NYSE:BBW,0.07285194895906476
2020-12-01,12,AR1 alpha + Basic + One-Step,NYSE:BBW,0.05687791779928998
2020-12-02,12,AR1 alpha + Basic + One-Step,NYSE:BBW,0.06667601061425266
2020-12-03,12,AR1 alpha + Basic + One-Step,NYSE:BBW,0.08992679301345234
2020-12-04,12,AR1 alpha + Basic + One-Step,NYSE:BBW,0.0853654827089651
2020-12-07,12,AR1 alpha + Basic + One-Step,NYSE:BBW,0.08168246464239644
2020-12-08,12,AR1 alpha + Basic + One-Step,NYSE:BBW,0.0744657980617672
2020-12-09,12,AR1 alpha + Basic + One-Step,NYSE:BBW,0.06403022718135257
2020-12-10,12,AR1 alpha + Basic + One-Step,NYSE:BBW,0.06671578873674357
2020-12-11,12,AR1 alpha + Basic + One-Step,NYSE:BBW,0.058875888193535134
2020-12-14,12,AR1 alpha + Basic + One-Step,NYSE:BBW,0.0660701299047707
2020-12-15,12,AR1 alpha + Basic + One-Step,NYSE:BBW,0.07346016830994419
2020-12-16,12,AR1 alpha + Basic + One-Step,NYSE:BBW,0.0772425492062448
2020-12-17,12,AR1 alpha + Basic + One-Step,NYSE:BBW,0.07653149476179547
2020-12-18,12,AR1 alpha + Basic + One-Step,NYSE:BBW,0.07275381098800024
2020-12-21,12,AR1 alpha + Basic + One-Step,NYSE:BBW,0.0615095130516718
2020-12-22,12,AR1 alpha + Basic + One-Step,NYSE:BBW,0.06099998640926142
2020-12-23,12,AR1 alpha + Basic + One-Step,NYSE:BBW,0.05760753895685446
2020-12-24,12,AR1 alpha + Basic + One-Step,NYSE:BBW,0.05610244602973807
2020-12-28,12,AR1 alpha + Basic + One-Step,NYSE:BBW,0.05461641636497636
2020-12-29,12,AR1 alpha + Basic + One-Step,NYSE:BBW,0.046034425174269714
2020-12-30,12,AR1 alpha + Basic + One-Step,NYSE:BBW,0.06585112471796338
2020-12-31,12,AR1 alpha + Basic + One-Step,NYSE:BBW,0.062098150191900084
2021-01-04,12,AR1 alpha + Basic + One-Step,NYSE:BBW,0.06200964145590485
2021-01-05,12,AR1 alpha + Basic + One-Step,NYSE:BBW,0.05635077903947991
2021-01-06,12,AR1 alpha + Basic + One-Step,NYSE:BBW,0.05313697647174996
2021-01-07,12,AR1 alpha + Basic + One-Step,NYSE:BBW,0.061171977747898156
2021-01-08,12,AR1 alpha + Basic + One-Step,NYSE:BBW,0.06365191685652856
2021-01-11,12,AR1 alpha + Basic + One-Step,NYSE:BBW,0.07122831329308899
2021-01-12,12,AR1 alpha + Basic + One-Step,NYSE:BBW,0.0676692576976726
2021-01-13,12,AR1 alpha + Basic + One-Step,NYSE:BBW,0.07161831998797971
2021-01-14,12,AR1 alpha + Basic + One-Step,NYSE:BBW,0.0716089164719379
2021-01-15,12,AR1 alpha + Basic + One-Step,NYSE:BBW,0.06917074980472189
2021-01-19,12,AR1 alpha + Basic + One-Step,NYSE:BBW,0.0743742675907125
2021-01-20,12,AR1 alpha + Basic + One-Step,NYSE:BBW,0.06463638240527755
2021-01-21,12,AR1 alpha + Basic + One-Step,NYSE:BBW,0.06530927086782451
2021-01-22,12,AR1 alpha + Basic + One-Step,NYSE:BBW,0.06708300326425955
2021-01-25,12,AR1 alpha + Basic + One-Step,NYSE:BBW,0.07355285223758888
2021-01-26,12,AR1 alpha + Basic + One-Step,NYSE:BBW,0.0701386179883536
2021-01-27,12,AR1 alpha + Basic + One-Step,NYSE:BBW,0.0879868606537928
2021-01-28,12,AR1 alpha + Basic + One-Step,NYSE:BBW,0.09999132666300357
2021-01-29,12,AR1 alpha + Basic + One-Step,NYSE:BBW,0.09999696364667385
2021-02-01,12,AR1 alpha + Basic + One-Step,NYSE:BBW,0.09999962458571837
2021-02-02,12,AR1 alpha + Basic + One-Step,NYSE:BBW,0.09999941942131953
2021-02-03,12,AR1 alpha + Basic + One-Step,NYSE:BBW,0.0999996737878572
2021-02-04,12,AR1 alpha + Basic + One-Step,NYSE:BBW,0.09999813064143004
2021-02-05,12,AR1 alpha + Basic + One-Step,NYSE:BBW,0.09999591410259535
2021-02-08,12,AR1 alpha + Basic + One-Step,NYSE:BBW,0.08525083047949034
2021-02-09,12,AR1 alpha + Basic + One-Step,NYSE:BBW,0.09997556299738693
2021-02-10,12,AR1 alpha + Basic + One-Step,NYSE:BBW,0.09259206942122407
2021-02-11,12,AR1 alpha + Basic + One-Step,NYSE:BBW,0.0381576238450558
2021-02-12,12,AR1 alpha + Basic + One-Step,NYSE:BBW,0.06698002410606949
2021-02-16,12,AR1 alpha + Basic + One-Step,NYSE:BBW,0.09879061565218165
2021-02-17,12,AR1 alpha + Basic + One-Step,NYSE:BBW,0.09999613571479966
2021-02-18,12,AR1 alpha + Basic + One-Step,NYSE:BBW,0.09999896341140722
2021-02-19,12,AR1 alpha + Basic + One-Step,NYSE:BBW,0.09642825386429596
2021-02-22,12,AR1 alpha + Basic + One-Step,NYSE:BBW,0.06496180990115843
2021-02-23,12,AR1 alpha + Basic + One-Step,NYSE:BBW,0.07743918445661153
2021-02-24,12,AR1 alpha + Basic + One-Step,NYSE:BBW,0.04148656662534269
2021-02-25,12,AR1 alpha + Basic + One-Step,NYSE:BBW,0.05080768423522594
2021-02-26,12,AR1 alpha + Basic + One-Step,NYSE:BBW,0.038957977332434474
2021-03-01,12,AR1 alpha + Basic + One-Step,NYSE:BBW,0.008159931569590814
2021-03-02,12,AR1 alpha + Basic + One-Step,NYSE:BBW,0.04917086771492688
2021-03-03,12,AR1 alpha + Basic + One-Step,NYSE:BBW,0.0939716592293062
2021-03-04,12,AR1 alpha + Basic + One-Step,NYSE:BBW,0.09999441807943771
2021-03-05,12,AR1 alpha + Basic + One-Step,NYSE:BBW,0.08294712139573224
2021-03-08,12,AR1 alpha + Basic + One-Step,NYSE:BBW,0.07656302228800237
2021-03-09,12,AR1 alpha + Basic + One-Step,NYSE:BBW,0.09999470911879413
2021-03-10,12,AR1 alpha + Basic + One-Step,NYSE:BBW,0.0
2021-03-11,12,AR1 alpha + Basic + One-Step,NYSE:BBW,0.0384743328545664
2021-03-12,12,AR1 alpha + Basic + One-Step,NYSE:BBW,0.07248422280700934
2021-03-15,12,AR1 alpha + Basic + One-Step,NYSE:BBW,0.08252998073026169
2021-03-16,12,AR1 alpha + Basic + One-Step,NYSE:BBW,0.09999361678527648
2021-03-17,12,AR1 alpha + Basic + One-Step,NYSE:BBW,0.08876756024149118
2021-03-18,12,AR1 alpha + Basic + One-Step,NYSE:BBW,0.0999969200059895
2021-03-19,12,AR1 alpha + Basic + One-Step,NYSE:BBW,0.09998851073717216
2021-03-22,12,AR1 alpha + Basic + One-Step,NYSE:BBW,0.0999879935070874
2021-03-23,12,AR1 alpha + Basic + One-Step,NYSE:BBW,0.09999119154810479
2021-03-24,12,AR1 alpha + Basic + One-Step,NYSE:BBW,0.09999809382747891
2021-03-25,12,AR1 alpha + Basic + One-Step,NYSE:BBW,0.09998865249803549
2021-03-26,12,AR1 alpha + Basic + One-Step,NYSE:BBW,0.09999846627232924
2021-03-29,12,AR1 alpha + Basic + One-Step,NYSE:BBW,0.09999052395517917
2021-03-30,12,AR1 alpha + Basic + One-Step,NYSE:BBW,0.09999880751044252
2021-03-31,12,AR1 alpha + Basic + One-Step,NYSE:BBW,0.09999980479867306
2021-04-01,12,AR1 alpha + Basic + One-Step,NYSE:BBW,0.099996921385366
2021-04-05,12,AR1 alpha + Basic + One-Step,NYSE:BBW,0.09999997449033196
2021-04-06,12,AR1 alpha + Basic + One-Step,NYSE:BBW,0.0999995239934777
2021-04-07,12,AR1 alpha + Basic + One-Step,NYSE:BBW,0.09758046145235139
2021-04-08,12,AR1 alpha + Basic + One-Step,NYSE:BBW,0.1000001765081035
2021-04-09,12,AR1 alpha + Basic + One-Step,NYSE:BBW,0.04964314871971688
2021-04-12,12,AR1 alpha + Basic + One-Step,NYSE:BBW,0.10000000178141526
2021-04-13,12,AR1 alpha + Basic + One-Step,NYSE:BBW,0.09999502431301063
2021-04-14,12,AR1 alpha + Basic + One-Step,NYSE:BBW,0.09999919864248577
2021-04-15,12,AR1 alpha + Basic + One-Step,NYSE:BBW,0.0999980331864566
2021-04-16,12,AR1 alpha + Basic + One-Step,NYSE:BBW,0.09999425458510451
2021-04-19,12,AR1 alpha + Basic + One-Step,NYSE:BBW,0.09999933487354168
2021-04-20,12,AR1 alpha + Basic + One-Step,NYSE:BBW,0.09999979428341595
2021-04-21,12,AR1 alpha + Basic + One-Step,NYSE:BBW,0.09999752094981497
2021-04-22,12,AR1 alpha + Basic + One-Step,NYSE:BBW,0.09999941624110849
2021-04-23,12,AR1 alpha + Basic + One-Step,NYSE:BBW,0.09999803815533195
2021-04-26,12,AR1 alpha + Basic + One-Step,NYSE:BBW,0.09999855324623097
2021-04-27,12,AR1 alpha + Basic + One-Step,NYSE:BBW,0.09999960997464734
2021-04-28,12,AR1 alpha + Basic + One-Step,NYSE:BBW,0.09999888856133989
2021-04-29,12,AR1 alpha + Basic + One-Step,NYSE:BBW,0.09999807018888494
2021-04-30,12,AR1 alpha + Basic + One-Step,NYSE:BBW,0.09999971606692243
2021-05-03,12,AR1 alpha + Basic + One-Step,NYSE:BBW,0.09713697273628812
2021-05-04,12,AR1 alpha + Basic + One-Step,NYSE:BBW,0.09999998892508266
2021-05-05,12,AR1 alpha + Basic + One-Step,NYSE:BBW,0.09999194800068652
2021-05-06,12,AR1 alpha + Basic + One-Step,NYSE:BBW,0.09998820679087365
2021-05-07,12,AR1 alpha + Basic + One-Step,NYSE:BBW,0.09998931451852605
2021-05-10,12,AR1 alpha + Basic + One-Step,NYSE:BBW,0.09998750709619648
2021-05-11,12,AR1 alpha + Basic + One-Step,NYSE:BBW,0.0255596795292296
2021-05-12,12,AR1 alpha + Basic + One-Step,NYSE:BBW,0.0940003156449589
2021-05-13,12,AR1 alpha + Basic + One-Step,NYSE:BBW,0.09999969519359236
2021-05-14,12,AR1 alpha + Basic + One-Step,NYSE:BBW,0.03479152065734613
2021-05-17,12,AR1 alpha + Basic + One-Step,NYSE:BBW,0.022693226567643537
2021-05-18,12,AR1 alpha + Basic + One-Step,NYSE:BBW,0.07776620484247423
2021-05-19,12,AR1 alpha + Basic + One-Step,NYSE:BBW,0.09999999561740223
2021-05-20,12,AR1 alpha + Basic + One-Step,NYSE:BBW,0.05668092351024616
2021-05-21,12,AR1 alpha + Basic + One-Step,NYSE:BBW,0.07783331161744807
2021-05-24,12,AR1 alpha + Basic + One-Step,NYSE:BBW,0.0455734183170231
2021-05-25,12,AR1 alpha + Basic + One-Step,NYSE:BBW,0.08135568352345873
2021-05-26,12,AR1 alpha + Basic + One-Step,NYSE:BBW,0.0
2021-05-27,12,AR1 alpha + Basic + One-Step,NYSE:BBW,0.0
2021-05-28,12,AR1 alpha + Basic + One-Step,NYSE:BBW,0.0
2021-06-01,12,AR1 alpha + Basic + One-Step,NYSE:BBW,0.0
2021-06-02,12,AR1 alpha + Basic + One-Step,NYSE:BBW,0.0
2021-06-03,12,AR1 alpha + Basic + One-Step,NYSE:BBW,0.0
2021-06-04,12,AR1 alpha + Basic + One-Step,NYSE:BBW,0.032063973222124606
2021-06-07,12,AR1 alpha + Basic + One-Step,NYSE:BBW,0.03871348334010559
2021-06-08,12,AR1 alpha + Basic + One-Step,NYSE:BBW,0.02558104421938906
2021-06-09,12,AR1 alpha + Basic + One-Step,NYSE:BBW,0.09101962488183268
2021-06-10,12,AR1 alpha + Basic + One-Step,NYSE:BBW,0.09999993719279505
2021-06-11,12,AR1 alpha + Basic + One-Step,NYSE:BBW,0.08932106198182532
2021-06-14,12,AR1 alpha + Basic + One-Step,NYSE:BBW,0.09999140919348477
2021-06-15,12,AR1 alpha + Basic + One-Step,NYSE:BBW,0.09999764400927089
2021-06-16,12,AR1 alpha + Basic + One-Step,NYSE:BBW,0.09999153447639525
2021-06-17,12,AR1 alpha + Basic + One-Step,NYSE:BBW,0.09999835270282295
2021-06-18,12,AR1 alpha + Basic + One-Step,NYSE:BBW,0.099996291608827
2021-06-21,12,AR1 alpha + Basic + One-Step,NYSE:BBW,0.09999452985024655
2021-06-22,12,AR1 alpha + Basic + One-Step,NYSE:BBW,0.099999594246929
2021-06-23,12,AR1 alpha + Basic + One-Step,NYSE:BBW,0.09999981869251964
2021-06-24,12,AR1 alpha + Basic + One-Step,NYSE:BBW,0.10000012344325368
2021-06-25,12,AR1 alpha + Basic + One-Step,NYSE:BBW,0.09999195558294113
2021-06-28,12,AR1 alpha + Basic + One-Step,NYSE:BBW,0.09999622716313095
2021-06-29,12,AR1 alpha + Basic + One-Step,NYSE:BBW,0.09999510572953976
2021-06-30,12,AR1 alpha + Basic + One-Step,NYSE:BBW,0.09999904793408647
2021-07-01,12,AR1 alpha + Basic + One-Step,NYSE:BBW,0.0999960471526762
2021-07-02,12,AR1 alpha + Basic + One-Step,NYSE:BBW,0.09999250400351806
2021-07-06,12,AR1 alpha + Basic + One-Step,NYSE:BBW,0.09999748184956446
2021-07-07,12,AR1 alpha + Basic + One-Step,NYSE:BBW,0.09998742571928602
2021-07-08,12,AR1 alpha + Basic + One-Step,NYSE:BBW,0.09998864857297915
2021-07-09,12,AR1 alpha + Basic + One-Step,NYSE:BBW,0.09998324872359861
2021-07-12,12,AR1 alpha + Basic + One-Step,NYSE:BBW,0.09999664982000343
2021-07-13,12,AR1 alpha + Basic + One-Step,NYSE:BBW,0.0999994876340753
2021-07-14,12,AR1 alpha + Basic + One-Step,NYSE:BBW,0.09998999853666354
2021-07-15,12,AR1 alpha + Basic + One-Step,NYSE:BBW,0.0999922636072653
2021-07-16,12,AR1 alpha + Basic + One-Step,NYSE:BBW,0.1000003265445076
2021-07-19,12,AR1 alpha + Basic + One-Step,NYSE:BBW,0.09999443387285299
2021-07-20,12,AR1 alpha + Basic + One-Step,NYSE:BBW,0.09999240827606579
2021-07-21,12,AR1 alpha + Basic + One-Step,NYSE:BBW,0.0999947567414462
2021-07-22,12,AR1 alpha + Basic + One-Step,NYSE:BBW,0.099990824127703
2021-07-23,12,AR1 alpha + Basic + One-Step,NYSE:BBW,0.09999026771694425
2021-07-26,12,AR1 alpha + Basic + One-Step,NYSE:BBW,0.09999879456930386
2021-07-27,12,AR1 alpha + Basic + One-Step,NYSE:BBW,0.10000026428558713
2021-07-28,12,AR1 alpha + Basic + One-Step,NYSE:BBW,0.09999191481173886
2021-07-29,12,AR1 alpha + Basic + One-Step,NYSE:BBW,0.09998710572798529
2021-07-30,12,AR1 alpha + Basic + One-Step,NYSE:BBW,0.09998722698819605
2021-08-02,12,AR1 alpha + Basic + One-Step,NYSE:BBW,0.09999671642505951
2021-08-03,12,AR1 alpha + Basic + One-Step,NYSE:BBW,0.09999843670556172
2021-08-04,12,AR1 alpha + Basic + One-Step,NYSE:BBW,0.09999952627605412
2021-08-05,12,AR1 alpha + Basic + One-Step,NYSE:BBW,0.09999427461397724
2021-08-06,12,AR1 alpha + Basic + One-Step,NYSE:BBW,0.09999370205549374
2021-08-09,12,AR1 alpha + Basic + One-Step,NYSE:BBW,0.09999892043862331
2021-08-10,12,AR1 alpha + Basic + One-Step,NYSE:BBW,0.09999975410876996
2021-08-11,12,AR1 alpha + Basic + One-Step,NYSE:BBW,0.09999987181194714
2021-08-12,12,AR1 alpha + Basic + One-Step,NYSE:BBW,0.09999264952888882
2021-08-13,12,AR1 alpha + Basic + One-Step,NYSE:BBW,0.09999312012840504
2021-08-16,12,AR1 alpha + Basic + One-Step,NYSE:BBW,0.0999988459811891
2021-08-17,12,AR1 alpha + Basic + One-Step,NYSE:BBW,0.09999971030090041
2021-08-18,12,AR1 alpha + Basic + One-Step,NYSE:BBW,0.09999332885877459
2021-08-19,12,AR1 alpha + Basic + One-Step,NYSE:BBW,0.0999884041074211
2021-08-20,12,AR1 alpha + Basic + One-Step,NYSE:BBW,0.09999998170329004
2021-08-23,12,AR1 alpha + Basic + One-Step,NYSE:BBW,0.09999063384279575
2021-08-24,12,AR1 alpha + Basic + One-Step,NYSE:BBW,0.09999828785760569
2021-08-25,12,AR1 alpha + Basic + One-Step,NYSE:BBW,0.09999503220780707
2021-08-26,12,AR1 alpha + Basic + One-Step,NYSE:BBW,0.09999927800801327
2021-08-27,12,AR1 alpha + Basic + One-Step,NYSE:BBW,0.09999867851078942
2021-08-30,12,AR1 alpha + Basic + One-Step,NYSE:BBW,0.09999975270000476
2021-08-31,12,AR1 alpha + Basic + One-Step,NYSE:BBW,0.09999837816348162
2021-09-01,12,AR1 alpha + Basic + One-Step,NYSE:BBW,0.09998835674526596
2021-09-02,12,AR1 alpha + Basic + One-Step,NYSE:BBW,0.09999715278984204
2021-09-03,12,AR1 alpha + Basic + One-Step,NYSE:BBW,0.0999919069607923
2021-09-07,12,AR1 alpha + Basic + One-Step,NYSE:BBW,0.09998806161006744
2021-09-08,12,AR1 alpha + Basic + One-Step,NYSE:BBW,0.09998257042341098
2021-09-09,12,AR1 alpha + Basic + One-Step,NYSE:BBW,0.09999998836834113
2021-09-10,12,AR1 alpha + Basic + One-Step,NYSE:BBW,0.09999781567353681
2021-09-13,12,AR1 alpha + Basic + One-Step,NYSE:BBW,0.0999990928356865
2021-09-14,12,AR1 alpha + Basic + One-Step,NYSE:BBW,0.09999990548265299
2021-09-15,12,AR1 alpha + Basic + One-Step,NYSE:BBW,0.09999696721194178
2021-09-16,12,AR1 alpha + Basic + One-Step,NYSE:BBW,0.09999651605415054
2021-09-17,12,AR1 alpha + Basic + One-Step,NYSE:BBW,0.09999180808483912
2021-09-20,12,AR1 alpha + Basic + One-Step,NYSE:BBW,0.09999831948554018
2021-09-21,12,AR1 alpha + Basic + One-Step,NYSE:BBW,0.09999969852274405
2021-09-22,12,AR1 alpha + Basic + One-Step,NYSE:BBW,0.0999935316190088
2021-09-23,12,AR1 alpha + Basic + One-Step,NYSE:BBW,0.09999525659661251
2021-09-24,12,AR1 alpha + Basic + One-Step,NYSE:BBW,0.09999316402604057
2021-09-27,12,AR1 alpha + Basic + One-Step,NYSE:BBW,0.09999684008832124
2021-09-28,12,AR1 alpha + Basic + One-Step,NYSE:BBW,0.09999154454396712
2021-09-29,12,AR1 alpha + Basic + One-Step,NYSE:BBW,0.0999983206447964
2021-09-30,12,AR1 alpha + Basic + One-Step,NYSE:BBW,0.09999214096700607
2021-10-01,12,AR1 alpha + Basic + One-Step,NYSE:BBW,0.09999746405797615
2021-10-04,12,AR1 alpha + Basic + One-Step,NYSE:BBW,0.09999450770434501
2021-10-05,12,AR1 alpha + Basic + One-Step,NYSE:BBW,0.09999896761753976
2021-10-06,12,AR1 alpha + Basic + One-Step,NYSE:BBW,0.09999798767564869
2021-10-07,12,AR1 alpha + Basic + One-Step,NYSE:BBW,0.09999839444979079
2021-10-08,12,AR1 alpha + Basic + One-Step,NYSE:BBW,0.0999987345262832
2021-10-11,12,AR1 alpha + Basic + One-Step,NYSE:BBW,0.09999500301681565
2021-10-12,12,AR1 alpha + Basic + One-Step,NYSE:BBW,0.09999883372304098
2021-10-13,12,AR1 alpha + Basic + One-Step,NYSE:BBW,0.09999864838860954
2021-10-14,12,AR1 alpha + Basic + One-Step,NYSE:BBW,0.09999807267875149
2021-10-15,12,AR1 alpha + Basic + One-Step,NYSE:BBW,0.09999315479921872
2021-10-18,12,AR1 alpha + Basic + One-Step,NYSE:BBW,0.09999382290045854
2021-10-19,12,AR1 alpha + Basic + One-Step,NYSE:BBW,0.0999984028618719
2021-10-20,12,AR1 alpha + Basic + One-Step,NYSE:BBW,0.0999970312781031
2021-10-21,12,AR1 alpha + Basic + One-Step,NYSE:BBW,0.09999188304453949
2021-10-22,12,AR1 alpha + Basic + One-Step,NYSE:BBW,0.09999358923271302
2021-10-25,12,AR1 alpha + Basic + One-Step,NYSE:BBW,0.09999236313609973
2021-10-26,12,AR1 alpha + Basic + One-Step,NYSE:BBW,0.09999105710993676
2021-10-27,12,AR1 alpha + Basic + One-Step,NYSE:BBW,0.09999393776389934
2021-10-28,12,AR1 alpha + Basic + One-Step,NYSE:BBW,0.0999977856363917
2021-10-29,12,AR1 alpha + Basic + One-Step,NYSE:BBW,0.09999590571928532
2021-11-01,12,AR1 alpha + Basic + One-Step,NYSE:BBW,0.09999942555623895
2021-11-02,12,AR1 alpha + Basic + One-Step,NYSE:BBW,0.0999952356292729
2021-11-03,12,AR1 alpha + Basic + One-Step,NYSE:BBW,0.09999279217361584
2021-11-04,12,AR1 alpha + Basic + One-Step,NYSE:BBW,0.09999108144395774
2021-11-05,12,AR1 alpha + Basic + One-Step,NYSE:BBW,0.09999829097539349
2021-11-08,12,AR1 alpha + Basic + One-Step,NYSE:BBW,0.09999467541852289
2021-11-09,12,AR1 alpha + Basic + One-Step,NYSE:BBW,0.0999991330746479
2021-11-10,12,AR1 alpha + Basic + One-Step,NYSE:BBW,0.09999979145863436
2021-11-11,12,AR1 alpha + Basic + One-Step,NYSE:BBW,0.09999871987153003
2021-11-12,12,AR1 alpha + Basic + One-Step,NYSE:BBW,0.05533823419156955
2021-11-15,12,AR1 alpha + Basic + One-Step,NYSE:BBW,0.09445977345545561
2021-11-16,12,AR1 alpha + Basic + One-Step,NYSE:BBW,0.09999359406574698
2021-11-17,12,AR1 alpha + Basic + One-Step,NYSE:BBW,0.09999421094286395
2021-11-18,12,AR1 alpha + Basic + One-Step,NYSE:BBW,0.09999253917663053
2021-11-19,12,AR1 alpha + Basic + One-Step,NYSE:BBW,0.09999238712939838
2021-11-22,12,AR1 alpha + Basic + One-Step,NYSE:BBW,0.09999209993007517
2021-11-23,12,AR1 alpha + Basic + One-Step,NYSE:BBW,0.09999084851239452
2021-11-24,12,AR1 alpha + Basic + One-Step,NYSE:BBW,0.09998832218161277
2021-11-26,12,AR1 alpha + Basic + One-Step,NYSE:BBW,0.0999861111952713
2021-11-29,12,AR1 alpha + Basic + One-Step,NYSE:BBW,0.09999712576873669
2021-11-30,12,AR1 alpha + Basic + One-Step,NYSE:BBW,0.09999594576860328
2021-12-01,12,AR1 alpha + Basic + One-Step,NYSE:BBW,0.0
2021-12-02,12,AR1 alpha + Basic + One-Step,NYSE:BBW,0.0
2021-12-03,12,AR1 alpha + Basic + One-Step,NYSE:BBW,0.09999977205355115
2021-12-06,12,AR1 alpha + Basic + One-Step,NYSE:BBW,0.09850253154913706
2021-12-07,12,AR1 alpha + Basic + One-Step,NYSE:BBW,0.07953173884383777
2021-12-08,12,AR1 alpha + Basic + One-Step,NYSE:BBW,0.09999712419377868
2021-12-09,12,AR1 alpha + Basic + One-Step,NYSE:BBW,0.09999199745828313
2021-12-10,12,AR1 alpha + Basic + One-Step,NYSE:BBW,0.09999877265615072
2021-12-13,12,AR1 alpha + Basic + One-Step,NYSE:BBW,0.09999278763461775
2021-12-14,12,AR1 alpha + Basic + One-Step,NYSE:BBW,0.09999882941371464
2021-12-15,12,AR1 alpha + Basic + One-Step,NYSE:BBW,0.09999438474814155
2021-12-16,12,AR1 alpha + Basic + One-Step,NYSE:BBW,0.09999425904635124
2021-12-17,12,AR1 alpha + Basic + One-Step,NYSE:BBW,0.099990042358492
2021-12-20,12,AR1 alpha + Basic + One-Step,NYSE:BBW,0.09998942884222256
2021-12-21,12,AR1 alpha + Basic + One-Step,NYSE:BBW,0.09998488503323644
2021-12-22,12,AR1 alpha + Basic + One-Step,NYSE:BBW,0.10000012084860817
2021-12-23,12,AR1 alpha + Basic + One-Step,NYSE:BBW,0.09999603104021607
2021-12-27,12,AR1 alpha + Basic + One-Step,NYSE:BBW,0.09999177016840735
2021-12-28,12,AR1 alpha + Basic + One-Step,NYSE:BBW,0.09998656839367132
2021-12-29,12,AR1 alpha + Basic + One-Step,NYSE:BBW,0.09999903065460367
2021-12-30,12,AR1 alpha + Basic + One-Step,NYSE:BBW,0.0999999862222282
2021-12-31,12,AR1 alpha + Basic + One-Step,NYSE:BBW,0.09999995317653626
2022-01-03,12,AR1 alpha + Basic + One-Step,NYSE:BBW,0.08225529232036152
2022-01-04,12,AR1 alpha + Basic + One-Step,NYSE:BBW,0.10000000000000003
2022-01-05,12,AR1 alpha + Basic + One-Step,NYSE:BBW,0.09999999999999995
2022-01-06,12,AR1 alpha + Basic + One-Step,NYSE:BBW,0.08354604500767611
2022-01-07,12,AR1 alpha + Basic + One-Step,NYSE:BBW,0.10000002031589474
2022-01-10,12,AR1 alpha + Basic + One-Step,NYSE:BBW,0.0999944893836633
2022-01-11,12,AR1 alpha + Basic + One-Step,NYSE:BBW,0.09999004671730131
2022-01-12,12,AR1 alpha + Basic + One-Step,NYSE:BBW,0.0999919124207619
2022-01-13,12,AR1 alpha + Basic + One-Step,NYSE:BBW,0.09999930331027714
2022-01-14,12,AR1 alpha + Basic + One-Step,NYSE:BBW,0.09999506902334103
2022-01-18,12,AR1 alpha + Basic + One-Step,NYSE:BBW,0.09999425669478364
2022-01-19,12,AR1 alpha + Basic + One-Step,NYSE:BBW,0.09999206036840028
2022-01-20,12,AR1 alpha + Basic + One-Step,NYSE:BBW,0.09999020732170429
2022-01-21,12,AR1 alpha + Basic + One-Step,NYSE:BBW,0.10000010870389675
2022-01-24,12,AR1 alpha + Basic + One-Step,NYSE:BBW,0.09999970266533216
2022-01-25,12,AR1 alpha + Basic + One-Step,NYSE:BBW,0.09999469980263784
2022-01-26,12,AR1 alpha + Basic + One-Step,NYSE:BBW,0.09999920993390968
2022-01-27,12,AR1 alpha + Basic + One-Step,NYSE:BBW,0.09999749823048298
2022-01-28,12,AR1 alpha + Basic + One-Step,NYSE:BBW,0.09999951597178007
2022-01-31,12,AR1 alpha + Basic + One-Step,NYSE:BBW,0.09999594850999553
2022-02-01,12,AR1 alpha + Basic + One-Step,NYSE:BBW,0.09999421940929061
2022-02-02,12,AR1 alpha + Basic + One-Step,NYSE:BBW,0.09999170859042843
2022-02-03,12,AR1 alpha + Basic + One-Step,NYSE:BBW,0.09999223688207341
2022-02-04,12,AR1 alpha + Basic + One-Step,NYSE:BBW,0.09999868380429998
2022-02-07,12,AR1 alpha + Basic + One-Step,NYSE:BBW,0.09999978826137847
2022-02-08,12,AR1 alpha + Basic + One-Step,NYSE:BBW,0.09999822086471262
2022-02-09,12,AR1 alpha + Basic + One-Step,NYSE:BBW,0.09999947297994811
2022-02-10,12,AR1 alpha + Basic + One-Step,NYSE:BBW,0.09999979074185404
2022-02-11,12,AR1 alpha + Basic + One-Step,NYSE:BBW,0.09999996349804363
2022-02-14,12,AR1 alpha + Basic + One-Step,NYSE:BBW,0.0999991132097433
2022-02-15,12,AR1 alpha + Basic + One-Step,NYSE:BBW,0.0999981076753823
2022-02-16,12,AR1 alpha + Basic + One-Step,NYSE:BBW,0.09999713035684984
2022-02-17,12,AR1 alpha + Basic + One-Step,NYSE:BBW,0.09999804864766049
2022-02-18,12,AR1 alpha + Basic + One-Step,NYSE:BBW,0.09999977525611871
2022-02-22,12,AR1 alpha + Basic + One-Step,NYSE:BBW,0.09999995400393401
2022-02-23,12,AR1 alpha + Basic + One-Step,NYSE:BBW,0.10000000000000005
2022-02-24,12,AR1 alpha + Basic + One-Step,NYSE:BBW,0.10000000000000003
2022-02-25,12,AR1 alpha + Basic + One-Step,NYSE:BBW,0.09999942545111061
2022-02-28,12,AR1 alpha + Basic + One-Step,NYSE:BBW,0.09999398657632622
2022-03-01,12,AR1 alpha + Basic + One-Step,NYSE:BBW,0.09999924787154742
2022-03-02,12,AR1 alpha + Basic + One-Step,NYSE:BBW,0.09999942203312281
2022-03-03,12,AR1 alpha + Basic + One-Step,NYSE:BBW,0.0999988156379641
2022-03-04,12,AR1 alpha + Basic + One-Step,NYSE:BBW,0.09999790365678767
2022-03-07,12,AR1 alpha + Basic + One-Step,NYSE:BBW,0.09999971095954814
2022-03-08,12,AR1 alpha + Basic + One-Step,NYSE:BBW,0.10000011463495118
2022-03-09,12,AR1 alpha + Basic + One-Step,NYSE:BBW,0.09999929399522836
2022-03-10,12,AR1 alpha + Basic + One-Step,NYSE:BBW,0.09999976985636773
2022-03-11,12,AR1 alpha + Basic + One-Step,NYSE:BBW,0.09999961746095119
2022-03-14,12,AR1 alpha + Basic + One-Step,NYSE:BBW,0.09999969185489711
2022-03-15,12,AR1 alpha + Basic + One-Step,NYSE:BBW,0.09999989173286332
2022-03-16,12,AR1 alpha + Basic + One-Step,NYSE:BBW,0.1
2022-03-17,12,AR1 alpha + Basic + One-Step,NYSE:BBW,0.09999486296053149
2022-03-18,12,AR1 alpha + Basic + One-Step,NYSE:BBW,0.0999930636273167
2022-03-21,12,AR1 alpha + Basic + One-Step,NYSE:BBW,0.09999702566997279
2022-03-22,12,AR1 alpha + Basic + One-Step,NYSE:BBW,0.09999568095316079
2022-03-23,12,AR1 alpha + Basic + One-Step,NYSE:BBW,0.09999888562242083
2022-03-24,12,AR1 alpha + Basic + One-Step,NYSE:BBW,0.099999874826861
2022-03-25,12,AR1 alpha + Basic + One-Step,NYSE:BBW,0.09999881195992225
2022-03-28,12,AR1 alpha + Basic + One-Step,NYSE:BBW,0.09999827048630376
2022-03-29,12,AR1 alpha + Basic + One-Step,NYSE:BBW,0.09999344530906783
2022-03-30,12,AR1 alpha + Basic + One-Step,NYSE:BBW,0.09999610983836756
2022-03-31,12,AR1 alpha + Basic + One-Step,NYSE:BBW,0.09999275344597046
2022-04-01,12,AR1 alpha + Basic + One-Step,NYSE:BBW,0.09999571578790098
2022-04-04,12,AR1 alpha + Basic + One-Step,NYSE:BBW,0.09999791166928891
2022-04-05,12,AR1 alpha + Basic + One-Step,NYSE:BBW,0.09999730863869367
2022-04-06,12,AR1 alpha + Basic + One-Step,NYSE:BBW,0.09436670046530446
2022-04-07,12,AR1 alpha + Basic + One-Step,NYSE:BBW,0.09331105048576102
2022-04-08,12,AR1 alpha + Basic + One-Step,NYSE:BBW,0.09697646916776315
2022-04-11,12,AR1 alpha + Basic + One-Step,NYSE:BBW,0.09999647438061457
2022-04-12,12,AR1 alpha + Basic + One-Step,NYSE:BBW,0.09999895824872763
2022-04-13,12,AR1 alpha + Basic + One-Step,NYSE:BBW,0.09999992308855343
2022-04-14,12,AR1 alpha + Basic + One-Step,NYSE:BBW,0.09999996946160863
2022-04-18,12,AR1 alpha + Basic + One-Step,NYSE:BBW,0.09999978152344859
2022-04-19,12,AR1 alpha + Basic + One-Step,NYSE:BBW,0.09999842699676269
2022-04-20,12,AR1 alpha + Basic + One-Step,NYSE:BBW,0.09999982317401772
2022-04-21,12,AR1 alpha + Basic + One-Step,NYSE:BBW,0.09999655680661622
2022-04-22,12,AR1 alpha + Basic + One-Step,NYSE:BBW,0.09999778698214143
2022-04-25,12,AR1 alpha + Basic + One-Step,NYSE:BBW,0.09999717129353035
2022-04-26,12,AR1 alpha + Basic + One-Step,NYSE:BBW,0.09999598926354752
2022-04-27,12,AR1 alpha + Basic + One-Step,NYSE:BBW,0.099998359665983
2022-04-28,12,AR1 alpha + Basic + One-Step,NYSE:BBW,0.09999922858287125
2022-04-29,12,AR1 alpha + Basic + One-Step,NYSE:BBW,0.099998062010693
2022-05-02,12,AR1 alpha + Basic + One-Step,NYSE:BBW,0.0999950835079387
2022-05-03,12,AR1 alpha + Basic + One-Step,NYSE:BBW,0.09999604916631291
2022-05-04,12,AR1 alpha + Basic + One-Step,NYSE:BBW,0.09999956043023335
2022-05-05,12,AR1 alpha + Basic + One-Step,NYSE:BBW,0.09999771582759294
2022-05-06,12,AR1 alpha + Basic + One-Step,NYSE:BBW,0.09999935083109808
2022-05-09,12,AR1 alpha + Basic + One-Step,NYSE:BBW,0.09960542155617337
2022-05-10,12,AR1 alpha + Basic + One-Step,NYSE:BBW,0.09595448155580884
2022-05-11,12,AR1 alpha + Basic + One-Step,NYSE:BBW,0.09070648888330736
2022-05-12,12,AR1 alpha + Basic + One-Step,NYSE:BBW,0.10000017952543488
2022-05-13,12,AR1 alpha + Basic + One-Step,NYSE:BBW,0.09999944524100907
2022-05-16,12,AR1 alpha + Basic + One-Step,NYSE:BBW,0.10000000366314857
2022-05-17,12,AR1 alpha + Basic + One-Step,NYSE:BBW,0.0999998920603082
2022-05-18,12,AR1 alpha + Basic + One-Step,NYSE:BBW,0.08962575146184519
2022-05-19,12,AR1 alpha + Basic + One-Step,NYSE:BBW,0.09465185260180309
2022-05-20,12,AR1 alpha + Basic + One-Step,NYSE:BBW,0.0979284754665989
2022-05-23,12,AR1 alpha + Basic + One-Step,NYSE:BBW,0.09094799478248491
2022-05-24,12,AR1 alpha + Basic + One-Step,NYSE:BBW,0.02778178830833328
2022-05-25,12,AR1 alpha + Basic + One-Step,NYSE:BBW,5.3366336926882714e-08
2022-05-26,12,AR1 alpha + Basic + One-Step,NYSE:BBW,0.0
2022-05-27,12,AR1 alpha + Basic + One-Step,NYSE:BBW,0.0
2022-05-31,12,AR1 alpha + Basic + One-Step,NYSE:BBW,0.0
2022-06-01,12,AR1 alpha + Basic + One-Step,NYSE:BBW,0.0
2022-06-02,12,AR1 alpha + Basic + One-Step,NYSE:BBW,0.0
2022-06-03,12,AR1 alpha + Basic + One-Step,NYSE:BBW,0.0
2022-06-06,12,AR1 alpha + Basic + One-Step,NYSE:BBW,0.0
2022-06-07,12,AR1 alpha + Basic + One-Step,NYSE:BBW,0.0
2022-06-08,12,AR1 alpha + Basic + One-Step,NYSE:BBW,0.0
2022-06-09,12,AR1 alpha + Basic + One-Step,NYSE:BBW,0.0
2022-06-10,12,AR1 alpha + Basic + One-Step,NYSE:BBW,3.5720873686030415e-08
2022-06-13,12,AR1 alpha + Basic + One-Step,NYSE:BBW,1.849929432512043e-07
2022-06-14,12,AR1 alpha + Basic + One-Step,NYSE:BBW,4.3419059727855606e-08
2022-06-15,12,AR1 alpha + Basic + One-Step,NYSE:BBW,0.0
2022-06-16,12,AR1 alpha + Basic + One-Step,NYSE:BBW,0.0
2022-06-17,12,AR1 alpha + Basic + One-Step,NYSE:BBW,0.0
2022-06-21,12,AR1 alpha + Basic + One-Step,NYSE:BBW,2.588126651713376e-07
2022-06-22,12,AR1 alpha + Basic + One-Step,NYSE:BBW,0.0017478982326325386
2022-06-23,12,AR1 alpha + Basic + One-Step,NYSE:BBW,0.005926605630591789
2022-06-24,12,AR1 alpha + Basic + One-Step,NYSE:BBW,0.007653676067393148
2022-06-27,12,AR1 alpha + Basic + One-Step,NYSE:BBW,0.0120512988681081
2022-06-28,12,AR1 alpha + Basic + One-Step,NYSE:BBW,0.007617972639391251
2022-06-29,12,AR1 alpha + Basic + One-Step,NYSE:BBW,0.007850002426722742
2022-06-30,12,AR1 alpha + Basic + One-Step,NYSE:BBW,0.0
2022-07-01,12,AR1 alpha + Basic + One-Step,NYSE:BBW,0.0
2022-07-05,12,AR1 alpha + Basic + One-Step,NYSE:BBW,0.0
2022-07-06,12,AR1 alpha + Basic + One-Step,NYSE:BBW,0.0
2022-07-07,12,AR1 alpha + Basic + One-Step,NYSE:BBW,0.0
2022-07-08,12,AR1 alpha + Basic + One-Step,NYSE:BBW,0.0
2022-07-11,12,AR1 alpha + Basic + One-Step,NYSE:BBW,0.0
2022-07-12,12,AR1 alpha + Basic + One-Step,NYSE:BBW,2.719648783137625e-07
2022-07-13,12,AR1 alpha + Basic + One-Step,NYSE:BBW,2.4792453800732113e-07
2022-07-14,12,AR1 alpha + Basic + One-Step,NYSE:BBW,0.0
2022-07-15,12,AR1 alpha + Basic + One-Step,NYSE:BBW,0.011882232690435505
2022-07-18,12,AR1 alpha + Basic + One-Step,NYSE:BBW,0.0
2022-07-19,12,AR1 alpha + Basic + One-Step,NYSE:BBW,0.0
2022-07-20,12,AR1 alpha + Basic + One-Step,NYSE:BBW,0.0016686350586915784
2022-07-21,12,AR1 alpha + Basic + One-Step,NYSE:BBW,2.1499810268592132e-08
2022-07-22,12,AR1 alpha + Basic + One-Step,NYSE:BBW,0.0
2022-07-25,12,AR1 alpha + Basic + One-Step,NYSE:BBW,0.0
2022-07-26,12,AR1 alpha + Basic + One-Step,NYSE:BBW,0.0
2022-07-27,12,AR1 alpha + Basic + One-Step,NYSE:BBW,0.0
2022-07-28,12,AR1 alpha + Basic + One-Step,NYSE:BBW,0.0
2022-07-29,12,AR1 alpha + Basic + One-Step,NYSE:BBW,0.0
2022-08-01,12,AR1 alpha + Basic + One-Step,NYSE:BBW,0.0
2022-08-02,12,AR1 alpha + Basic + One-Step,NYSE:BBW,0.0
2022-08-03,12,AR1 alpha + Basic + One-Step,NYSE:BBW,0.0
2022-08-04,12,AR1 alpha + Basic + One-Step,NYSE:BBW,0.0
2022-08-05,12,AR1 alpha + Basic + One-Step,NYSE:BBW,0.0
2022-08-08,12,AR1 alpha + Basic + One-Step,NYSE:BBW,0.0
2022-08-09,12,AR1 alpha + Basic + One-Step,NYSE:BBW,0.0
2022-08-10,12,AR1 alpha + Basic + One-Step,NYSE:BBW,0.0
2022-08-11,12,AR1 alpha + Basic + One-Step,NYSE:BBW,0.006738644420418439
2022-08-12,12,AR1 alpha + Basic + One-Step,NYSE:BBW,0.008846184006781773
2022-08-15,12,AR1 alpha + Basic + One-Step,NYSE:BBW,0.017577776586481703
2022-08-16,12,AR1 alpha + Basic + One-Step,NYSE:BBW,0.033692648309874326
2022-08-17,12,AR1 alpha + Basic + One-Step,NYSE:BBW,0.031359806535840626
2022-08-18,12,AR1 alpha + Basic + One-Step,NYSE:BBW,0.012480339551559874
2022-08-19,12,AR1 alpha + Basic + One-Step,NYSE:BBW,0.017692301099162908
2022-08-22,12,AR1 alpha + Basic + One-Step,NYSE:BBW,0.0
2022-08-23,12,AR1 alpha + Basic + One-Step,NYSE:BBW,0.0
2022-08-24,12,AR1 alpha + Basic + One-Step,NYSE:BBW,3.782626949422268e-08
2022-08-25,12,AR1 alpha + Basic + One-Step,NYSE:BBW,0.0
2022-08-26,12,AR1 alpha + Basic + One-Step,NYSE:BBW,0.0
2022-08-29,12,AR1 alpha + Basic + One-Step,NYSE:BBW,0.0
2022-08-30,12,AR1 alpha + Basic + One-Step,NYSE:BBW,0.0
2022-08-31,12,AR1 alpha + Basic + One-Step,NYSE:BBW,0.0
2022-09-01,12,AR1 alpha + Basic + One-Step,NYSE:BBW,2.3439865792226723e-10
2022-09-02,12,AR1 alpha + Basic + One-Step,NYSE:BBW,0.0
2022-09-06,12,AR1 alpha + Basic + One-Step,NYSE:BBW,0.0
2022-09-07,12,AR1 alpha + Basic + One-Step,NYSE:BBW,0.0
2022-09-08,12,AR1 alpha + Basic + One-Step,NYSE:BBW,3.4708235318692283e-07
2022-09-09,12,AR1 alpha + Basic + One-Step,NYSE:BBW,0.0
2022-09-12,12,AR1 alpha + Basic + One-Step,NYSE:BBW,0.0
2022-09-13,12,AR1 alpha + Basic + One-Step,NYSE:BBW,6.265779176018021e-08
2022-09-14,12,AR1 alpha + Basic + One-Step,NYSE:BBW,6.224339039167322e-08
2022-09-15,12,AR1 alpha + Basic + One-Step,NYSE:BBW,0.0
2022-09-16,12,AR1 alpha + Basic + One-Step,NYSE:BBW,3.18205608667206e-08
2022-09-19,12,AR1 alpha + Basic + One-Step,NYSE:BBW,0.0
2022-09-20,12,AR1 alpha + Basic + One-Step,NYSE:BBW,0.0
2022-09-21,12,AR1 alpha + Basic + One-Step,NYSE:BBW,0.0
2022-09-22,12,AR1 alpha + Basic + One-Step,NYSE:BBW,0.0
2022-09-23,12,AR1 alpha + Basic + One-Step,NYSE:BBW,0.0
2022-09-26,12,AR1 alpha + Basic + One-Step,NYSE:BBW,2.5347606307470237e-09
2022-09-27,12,AR1 alpha + Basic + One-Step,NYSE:BBW,0.0
2022-09-28,12,AR1 alpha + Basic + One-Step,NYSE:BBW,0.0
2022-09-29,12,AR1 alpha + Basic + One-Step,NYSE:BBW,0.0
2022-09-30,12,AR1 alpha + Basic + One-Step,NYSE:BBW,0.0
2022-10-03,12,AR1 alpha + Basic + One-Step,NYSE:BBW,0.0
2022-10-04,12,AR1 alpha + Basic + One-Step,NYSE:BBW,0.0
2022-10-05,12,AR1 alpha + Basic + One-Step,NYSE:BBW,3.4235802441565395e-08
2022-10-06,12,AR1 alpha + Basic + One-Step,NYSE:BBW,0.0
2022-10-07,12,AR1 alpha + Basic + One-Step,NYSE:BBW,0.0
2022-10-10,12,AR1 alpha + Basic + One-Step,NYSE:BBW,0.0
2022-10-11,12,AR1 alpha + Basic + One-Step,NYSE:BBW,2.3673814534939218e-07
2022-10-12,12,AR1 alpha + Basic + One-Step,NYSE:BBW,5.9226529817428104e-08
2022-10-13,12,AR1 alpha + Basic + One-Step,NYSE:BBW,0.0
2022-10-14,12,AR1 alpha + Basic + One-Step,NYSE:BBW,0.0
2022-10-17,12,AR1 alpha + Basic + One-Step,NYSE:BBW,0.0
2022-10-18,12,AR1 alpha + Basic + One-Step,NYSE:BBW,0.0
2022-10-19,12,AR1 alpha + Basic + One-Step,NYSE:BBW,4.7236170682234136e-09
2022-10-20,12,AR1 alpha + Basic + One-Step,NYSE:BBW,1.2846068291035162e-09
2022-10-21,12,AR1 alpha + Basic + One-Step,NYSE:BBW,0.007729270513700964
2022-10-24,12,AR1 alpha + Basic + One-Step,NYSE:BBW,0.02628665545064679
2022-10-25,12,AR1 alpha + Basic + One-Step,NYSE:BBW,0.05834587894334798
2022-10-26,12,AR1 alpha + Basic + One-Step,NYSE:BBW,0.05754899497535051
2022-10-27,12,AR1 alpha + Basic + One-Step,NYSE:BBW,0.04280118910653365
2022-10-28,12,AR1 alpha + Basic + One-Step,NYSE:BBW,0.030719165200326755
2022-10-31,12,AR1 alpha + Basic + One-Step,NYSE:BBW,0.04235245367862097
2022-11-01,12,AR1 alpha + Basic + One-Step,NYSE:BBW,0.04107687031098486
2022-11-02,12,AR1 alpha + Basic + One-Step,NYSE:BBW,0.026748465790760127
2022-11-03,12,AR1 alpha + Basic + One-Step,NYSE:BBW,0.03399856404938085
2022-11-04,12,AR1 alpha + Basic + One-Step,NYSE:BBW,0.03399847228622946
2022-11-07,12,AR1 alpha + Basic + One-Step,NYSE:BBW,0.0310078494425613
2022-11-08,12,AR1 alpha + Basic + One-Step,NYSE:BBW,0.028052737059998053
2022-11-09,12,AR1 alpha + Basic + One-Step,NYSE:BBW,0.000774965361395119
2022-11-10,12,AR1 alpha + Basic + One-Step,NYSE:BBW,0.008965789056584522
2022-11-11,12,AR1 alpha + Basic + One-Step,NYSE:BBW,1.7813608823407234e-07
2022-11-14,12,AR1 alpha + Basic + One-Step,NYSE:BBW,0.00718957193074063
2022-11-15,12,AR1 alpha + Basic + One-Step,NYSE:BBW,0.013671014079965895
2022-11-16,12,AR1 alpha + Basic + One-Step,NYSE:BBW,0.0061529062439735615
2022-11-17,12,AR1 alpha + Basic + One-Step,NYSE:BBW,0.009593852764954535
2022-11-18,12,AR1 alpha + Basic + One-Step,NYSE:BBW,0.014560699440521675
2022-11-21,12,AR1 alpha + Basic + One-Step,NYSE:BBW,1.1673774199778022e-07
2022-11-22,12,AR1 alpha + Basic + One-Step,NYSE:BBW,0.0035843961063760765
2022-11-23,12,AR1 alpha + Basic + One-Step,NYSE:BBW,0.004940693178267955
2022-11-25,12,AR1 alpha + Basic + One-Step,NYSE:BBW,0.014821127610509214
2022-11-28,12,AR1 alpha + Basic + One-Step,NYSE:BBW,0.016254331744790948
2022-11-29,12,AR1 alpha + Basic + One-Step,NYSE:BBW,0.028572551629657866
2022-11-30,12,AR1 alpha + Basic + One-Step,NYSE:BBW,0.09999968269333334
2022-12-01,12,AR1 alpha + Basic + One-Step,NYSE:BBW,0.09297708945555437
2022-12-02,12,AR1 alpha + Basic + One-Step,NYSE:BBW,0.09361258307259725
2022-12-05,12,AR1 alpha + Basic + One-Step,NYSE:BBW,0.06312922892785676
2022-12-06,12,AR1 alpha + Basic + One-Step,NYSE:BBW,0.05448272950703606
2022-12-07,12,AR1 alpha + Basic + One-Step,NYSE:BBW,0.05474954062358138
2022-12-08,12,AR1 alpha + Basic + One-Step,NYSE:BBW,0.07236091851390129
2022-12-09,12,AR1 alpha + Basic + One-Step,NYSE:BBW,0.057861756571472606
2022-12-12,12,AR1 alpha + Basic + One-Step,NYSE:BBW,0.04690048496391135
2022-12-13,12,AR1 alpha + Basic + One-Step,NYSE:BBW,0.06342676787875724
2022-12-14,12,AR1 alpha + Basic + One-Step,NYSE:BBW,0.0796733134920567
2022-12-15,12,AR1 alpha + Basic + One-Step,NYSE:BBW,0.03724932090422059
2022-12-16,12,AR1 alpha + Basic + One-Step,NYSE:BBW,0.03589460114873376
2022-12-19,12,AR1 alpha + Basic + One-Step,NYSE:BBW,0.001618745836426123
2022-12-20,12,AR1 alpha + Basic + One-Step,NYSE:BBW,0.0017277992561791182
2022-12-21,12,AR1 alpha + Basic + One-Step,NYSE:BBW,0.02715470623393907
2022-12-22,12,AR1 alpha + Basic + One-Step,NYSE:BBW,0.023542958396637816
2022-12-23,12,AR1 alpha + Basic + One-Step,NYSE:BBW,0.03587440955989674
2022-12-27,12,AR1 alpha + Basic + One-Step,NYSE:BBW,0.026005521550588544
2022-12-28,12,AR1 alpha + Basic + One-Step,NYSE:BBW,0.0
2022-12-29,12,AR1 alpha + Basic + One-Step,NYSE:BBW,0.048308896879201584
2022-12-30,12,AR1 alpha + Basic + One-Step,NYSE:BBW,0.062147275421168914
2023-01-03,12,AR1 alpha + Basic + One-Step,NYSE:BBW,0.06171138544018237
2023-01-04,12,AR1 alpha + Basic + One-Step,NYSE:BBW,0.05494735767112631
2023-01-05,12,AR1 alpha + Basic + One-Step,NYSE:BBW,0.04790227922277666
2023-01-06,12,AR1 alpha + Basic + One-Step,NYSE:BBW,0.04527548722949603
2023-01-09,12,AR1 alpha + Basic + One-Step,NYSE:BBW,0.010051107114053272
2023-01-10,12,AR1 alpha + Basic + One-Step,NYSE:BBW,0.0
2023-01-11,12,AR1 alpha + Basic + One-Step,NYSE:BBW,0.011597485881404686
2023-01-12,12,AR1 alpha + Basic + One-Step,NYSE:BBW,0.018136125883737583
2023-01-13,12,AR1 alpha + Basic + One-Step,NYSE:BBW,0.00173495156612808
2023-01-17,12,AR1 alpha + Basic + One-Step,NYSE:BBW,0.0
2023-01-18,12,AR1 alpha + Basic + One-Step,NYSE:BBW,0.0
2023-01-19,12,AR1 alpha + Basic + One-Step,NYSE:BBW,0.0
2023-01-20,12,AR1 alpha + Basic + One-Step,NYSE:BBW,0.009003771971491166
2023-01-23,12,AR1 alpha + Basic + One-Step,NYSE:BBW,0.006365277472734732
2023-01-24,12,AR1 alpha + Basic + One-Step,NYSE:BBW,0.019165188658651168
2023-01-25,12,AR1 alpha + Basic + One-Step,NYSE:BBW,0.023948425269472422
2023-01-26,12,AR1 alpha + Basic + One-Step,NYSE:BBW,0.031036360374471862
2023-01-27,12,AR1 alpha + Basic + One-Step,NYSE:BBW,0.020233303960914224
2023-01-30,12,AR1 alpha + Basic + One-Step,NYSE:BBW,0.0129440944801425
2023-01-31,12,AR1 alpha + Basic + One-Step,NYSE:BBW,0.026751562604744473
2023-02-01,12,AR1 alpha + Basic + One-Step,NYSE:BBW,0.026249032121100475
2023-02-02,12,AR1 alpha + Basic + One-Step,NYSE:BBW,0.026082786948981446
2023-02-03,12,AR1 alpha + Basic + One-Step,NYSE:BBW,0.014862544653598616
2023-02-06,12,AR1 alpha + Basic + One-Step,NYSE:BBW,0.016928221230787105
2023-02-07,12,AR1 alpha + Basic + One-Step,NYSE:BBW,0.009621442250846763
2023-02-08,12,AR1 alpha + Basic + One-Step,NYSE:BBW,0.02819521727570775
2023-02-09,12,AR1 alpha + Basic + One-Step,NYSE:BBW,0.01811847632790411
2023-02-10,12,AR1 alpha + Basic + One-Step,NYSE:BBW,0.004105943342760078
2023-02-13,12,AR1 alpha + Basic + One-Step,NYSE:BBW,0.003959266205060638
2023-02-14,12,AR1 alpha + Basic + One-Step,NYSE:BBW,0.0009254722748872039
2023-02-15,12,AR1 alpha + Basic + One-Step,NYSE:BBW,0.0070022207395831785
2023-02-16,12,AR1 alpha + Basic + One-Step,NYSE:BBW,0.0
2023-02-17,12,AR1 alpha + Basic + One-Step,NYSE:BBW,0.0
2023-02-21,12,AR1 alpha + Basic + One-Step,NYSE:BBW,0.0
2023-02-22,12,AR1 alpha + Basic + One-Step,NYSE:BBW,0.0
2023-02-23,12,AR1 alpha + Basic + One-Step,NYSE:BBW,1.1679989152432928e-08
2023-02-24,12,AR1 alpha + Basic + One-Step,NYSE:BBW,0.0
2023-02-27,12,AR1 alpha + Basic + One-Step,NYSE:BBW,0.0
2023-02-28,12,AR1 alpha + Basic + One-Step,NYSE:BBW,4.54342435435755e-08
2023-03-01,12,AR1 alpha + Basic + One-Step,NYSE:BBW,1.3249874573242262e-08
2023-03-02,12,AR1 alpha + Basic + One-Step,NYSE:BBW,0.0
2023-03-03,12,AR1 alpha + Basic + One-Step,NYSE:BBW,5.710292645373917e-07
2023-03-06,12,AR1 alpha + Basic + One-Step,NYSE:BBW,0.0
2023-03-07,12,AR1 alpha + Basic + One-Step,NYSE:BBW,0.0
2023-03-08,12,AR1 alpha + Basic + One-Step,NYSE:BBW,1.4698146577851377e-09
2023-03-09,12,AR1 alpha + Basic + One-Step,NYSE:BBW,6.83570737306834e-08
2023-03-10,12,AR1 alpha + Basic + One-Step,NYSE:BBW,1.9586694095896508e-08
2023-03-13,12,AR1 alpha + Basic + One-Step,NYSE:BBW,1.838332434076909e-07
2023-03-14,12,AR1 alpha + Basic + One-Step,NYSE:BBW,0.002605740987274467
2023-03-15,12,AR1 alpha + Basic + One-Step,NYSE:BBW,0.0026057230501458683
2023-03-16,12,AR1 alpha + Basic + One-Step,NYSE:BBW,0.017666702194783692
2023-03-17,12,AR1 alpha + Basic + One-Step,NYSE:BBW,0.022759173827936536
2023-03-20,12,AR1 alpha + Basic + One-Step,NYSE:BBW,0.030121942024142125
2023-03-21,12,AR1 alpha + Basic + One-Step,NYSE:BBW,0.051991601595555104
2023-03-22,12,AR1 alpha + Basic + One-Step,NYSE:BBW,0.03617197954092311
2023-03-23,12,AR1 alpha + Basic + One-Step,NYSE:BBW,0.036189735423982496
2023-03-24,12,AR1 alpha + Basic + One-Step,NYSE:BBW,0.04685777250521678
2023-03-27,12,AR1 alpha + Basic + One-Step,NYSE:BBW,0.02909589688543591
2023-03-28,12,AR1 alpha + Basic + One-Step,NYSE:BBW,0.03956587738777225
2023-03-29,12,AR1 alpha + Basic + One-Step,NYSE:BBW,0.04075225262096517
2023-03-30,12,AR1 alpha + Basic + One-Step,NYSE:BBW,0.03918539242698397
2023-03-31,12,AR1 alpha + Basic + One-Step,NYSE:BBW,0.03545380955526083
2023-04-03,12,AR1 alpha + Basic + One-Step,NYSE:BBW,0.03527161362108644
2023-04-04,12,AR1 alpha + Basic + One-Step,NYSE:BBW,0.055863389707913234
2023-04-05,12,AR1 alpha + Basic + One-Step,NYSE:BBW,0.04930536129165344
2023-04-06,12,AR1 alpha + Basic + One-Step,NYSE:BBW,0.04991904009303713
2023-04-10,12,AR1 alpha + Basic + One-Step,NYSE:BBW,0.0580652043887116
2023-04-11,12,AR1 alpha + Basic + One-Step,NYSE:BBW,0.07146933293036542
2023-04-12,12,AR1 alpha + Basic + One-Step,NYSE:BBW,0.0736618563827424
2023-04-13,12,AR1 alpha + Basic + One-Step,NYSE:BBW,0.07249011549245599
2023-04-14,12,AR1 alpha + Basic + One-Step,NYSE:BBW,0.07282643817524664
2023-04-17,12,AR1 alpha + Basic + One-Step,NYSE:BBW,0.07372461866276879
2023-04-18,12,AR1 alpha + Basic + One-Step,NYSE:BBW,0.0766528251649965
2023-04-19,12,AR1 alpha + Basic + One-Step,NYSE:BBW,0.06731040032375521
2023-04-20,12,AR1 alpha + Basic + One-Step,NYSE:BBW,0.05561855926784212
2023-04-21,12,AR1 alpha + Basic + One-Step,NYSE:BBW,0.05337376554976263
2023-04-24,12,AR1 alpha + Basic + One-Step,NYSE:BBW,0.04709333517948668
2023-04-25,12,AR1 alpha + Basic + One-Step,NYSE:BBW,0.01675472683845216
2023-04-26,12,AR1 alpha + Basic + One-Step,NYSE:BBW,0.016509037016387527
2023-04-27,12,AR1 alpha + Basic + One-Step,NYSE:BBW,0.036966405677614805
2023-04-28,12,AR1 alpha + Basic + One-Step,NYSE:BBW,0.03152215997096823
2023-05-01,12,AR1 alpha + Basic + One-Step,NYSE:BBW,0.016797842836456536
2023-05-02,12,AR1 alpha + Basic + One-Step,NYSE:BBW,0.006290654326769807
2023-05-03,12,AR1 alpha + Basic + One-Step,NYSE:BBW,0.0
2023-05-04,12,AR1 alpha + Basic + One-Step,NYSE:BBW,0.0
2023-05-05,12,AR1 alpha + Basic + One-Step,NYSE:BBW,5.5349560636331114e-08
2023-05-08,12,AR1 alpha + Basic + One-Step,NYSE:BBW,6.886235438968995e-09
2023-05-09,12,AR1 alpha + Basic + One-Step,NYSE:BBW,0.0
2023-05-10,12,AR1 alpha + Basic + One-Step,NYSE:BBW,7.539812859039901e-08
2023-05-11,12,AR1 alpha + Basic + One-Step,NYSE:BBW,1.826999082795871e-07
2023-05-12,12,AR1 alpha + Basic + One-Step,NYSE:BBW,3.819404691464459e-07
2023-05-15,12,AR1 alpha + Basic + One-Step,NYSE:BBW,7.472151332244692e-08
2023-05-16,12,AR1 alpha + Basic + One-Step,NYSE:BBW,0.0
2023-05-17,12,AR1 alpha + Basic + One-Step,NYSE:BBW,9.048294310524413e-08
2023-05-18,12,AR1 alpha + Basic + One-Step,NYSE:BBW,0.0
2023-05-19,12,AR1 alpha + Basic + One-Step,NYSE:BBW,0.0
2023-05-22,12,AR1 alpha + Basic + One-Step,NYSE:BBW,0.0
2023-05-23,12,AR1 alpha + Basic + One-Step,NYSE:BBW,0.0
2023-05-24,12,AR1 alpha + Basic + One-Step,NYSE:BBW,0.0
2023-05-25,12,AR1 alpha + Basic + One-Step,NYSE:BBW,0.0
2023-05-26,12,AR1 alpha + Basic + One-Step,NYSE:BBW,0.0
2023-05-30,12,AR1 alpha + Basic + One-Step,NYSE:BBW,0.0
2023-05-31,12,AR1 alpha + Basic + One-Step,NYSE:BBW,0.0
2023-06-01,12,AR1 alpha + Basic + One-Step,NYSE:BBW,0.0
2023-06-02,12,AR1 alpha + Basic + One-Step,NYSE:BBW,0.0
2023-06-05,12,AR1 alpha + Basic + One-Step,NYSE:BBW,0.0
2023-06-06,12,AR1 alpha + Basic + One-Step,NYSE:BBW,3.1288881899036224e-07
2023-06-07,12,AR1 alpha + Basic + One-Step,NYSE:BBW,1.256846593587997e-08
2023-06-08,12,AR1 alpha + Basic + One-Step,NYSE:BBW,7.509837212047497e-11
2023-06-09,12,AR1 alpha + Basic + One-Step,NYSE:BBW,0.0
2023-06-12,12,AR1 alpha + Basic + One-Step,NYSE:BBW,0.0
2023-06-13,12,AR1 alpha + Basic + One-Step,NYSE:BBW,4.863609170550697e-08
2023-06-14,12,AR1 alpha + Basic + One-Step,NYSE:BBW,0.0
2023-06-15,12,AR1 alpha + Basic + One-Step,NYSE:BBW,0.0
2023-06-16,12,AR1 alpha + Basic + One-Step,NYSE:BBW,9.186023893041573e-09
2023-06-20,12,AR1 alpha + Basic + One-Step,NYSE:BBW,0.0
2023-06-21,12,AR1 alpha + Basic + One-Step,NYSE:BBW,0.0
2023-06-22,12,AR1 alpha + Basic + One-Step,NYSE:BBW,0.0
2023-06-23,12,AR1 alpha + Basic + One-Step,NYSE:BBW,0.0
2023-06-26,12,AR1 alpha + Basic + One-Step,NYSE:BBW,5.896237073835772e-08
2023-06-27,12,AR1 alpha + Basic + One-Step,NYSE:BBW,0.0
2023-06-28,12,AR1 alpha + Basic + One-Step,NYSE:BBW,0.0
2023-06-29,12,AR1 alpha + Basic + One-Step,NYSE:BBW,0.0
2023-06-30,12,AR1 alpha + Basic + One-Step,NYSE:BBW,0.0
2023-07-03,12,AR1 alpha + Basic + One-Step,NYSE:BBW,0.0
2023-07-05,12,AR1 alpha + Basic + One-Step,NYSE:BBW,2.750605159844321e-07
2023-07-06,12,AR1 alpha + Basic + One-Step,NYSE:BBW,0.0
2023-07-07,12,AR1 alpha + Basic + One-Step,NYSE:BBW,0.0
2023-07-10,12,AR1 alpha + Basic + One-Step,NYSE:BBW,4.2438683346514513e-07
2023-07-11,12,AR1 alpha + Basic + One-Step,NYSE:BBW,0.0
2023-07-12,12,AR1 alpha + Basic + One-Step,NYSE:BBW,0.0
2023-07-13,12,AR1 alpha + Basic + One-Step,NYSE:BBW,0.0
2023-07-14,12,AR1 alpha + Basic + One-Step,NYSE:BBW,9.1877455371345e-08
2023-07-17,12,AR1 alpha + Basic + One-Step,NYSE:BBW,4.811207507281573e-07
2023-07-18,12,AR1 alpha + Basic + One-Step,NYSE:BBW,4.954084812034188e-07
2023-07-19,12,AR1 alpha + Basic + One-Step,NYSE:BBW,0.0
2023-07-20,12,AR1 alpha + Basic + One-Step,NYSE:BBW,0.0
2023-07-21,12,AR1 alpha + Basic + One-Step,NYSE:BBW,0.0
2023-07-24,12,AR1 alpha + Basic + One-Step,NYSE:BBW,0.0051072635639925635
2023-07-25,12,AR1 alpha + Basic + One-Step,NYSE:BBW,0.0072822458576169485
2023-07-26,12,AR1 alpha + Basic + One-Step,NYSE:BBW,0.03721822605063356
2023-07-27,12,AR1 alpha + Basic + One-Step,NYSE:BBW,0.02417462789494612
2023-07-28,12,AR1 alpha + Basic + One-Step,NYSE:BBW,0.02167307278800917
2023-07-31,12,AR1 alpha + Basic + One-Step,NYSE:BBW,0.04052390855358607
2023-08-01,12,AR1 alpha + Basic + One-Step,NYSE:BBW,0.03725738490339011
2023-08-02,12,AR1 alpha + Basic + One-Step,NYSE:BBW,0.03170284976415777
2023-08-03,12,AR1 alpha + Basic + One-Step,NYSE:BBW,0.027810940184789926
2023-08-04,12,AR1 alpha + Basic + One-Step,NYSE:BBW,0.045289422832630204
2023-08-07,12,AR1 alpha + Basic + One-Step,NYSE:BBW,0.06351663422998842
2023-08-08,12,AR1 alpha + Basic + One-Step,NYSE:BBW,0.06033886285580223
2023-08-09,12,AR1 alpha + Basic + One-Step,NYSE:BBW,0.07862862517997908
2023-08-10,12,AR1 alpha + Basic + One-Step,NYSE:BBW,0.07977025114804015
2023-08-11,12,AR1 alpha + Basic + One-Step,NYSE:BBW,0.08777731785027706
2023-08-14,12,AR1 alpha + Basic + One-Step,NYSE:BBW,0.0714296048287859
2023-08-15,12,AR1 alpha + Basic + One-Step,NYSE:BBW,0.06937882929503503
2023-08-16,12,AR1 alpha + Basic + One-Step,NYSE:BBW,0.07736957327362065
2023-08-17,12,AR1 alpha + Basic + One-Step,NYSE:BBW,0.06259862037374044
2023-08-18,12,AR1 alpha + Basic + One-Step,NYSE:BBW,0.059921268035433184
2023-08-21,12,AR1 alpha + Basic + One-Step,NYSE:BBW,0.04897774038688579
2023-08-22,12,AR1 alpha + Basic + One-Step,NYSE:BBW,0.032649665639918495
2023-08-23,12,AR1 alpha + Basic + One-Step,NYSE:BBW,0.054269464382228044
2023-08-24,12,AR1 alpha + Basic + One-Step,NYSE:BBW,0.09022646107611876
2023-08-25,12,AR1 alpha + Basic + One-Step,NYSE:BBW,0.08849910106955258
2023-08-28,12,AR1 alpha + Basic + One-Step,NYSE:BBW,0.09999884183129132
2023-08-29,12,AR1 alpha + Basic + One-Step,NYSE:BBW,0.09689257213776409
2023-08-30,12,AR1 alpha + Basic + One-Step,NYSE:BBW,0.0999968633068091
2023-08-31,12,AR1 alpha + Basic + One-Step,NYSE:BBW,0.09999945092069054
2023-09-01,12,AR1 alpha + Basic + One-Step,NYSE:BBW,0.09999975969809548
2023-09-05,12,AR1 alpha + Basic + One-Step,NYSE:BBW,0.09999364556043895
2023-09-06,12,AR1 alpha + Basic + One-Step,NYSE:BBW,0.09999856818401386
2023-09-07,12,AR1 alpha + Basic + One-Step,NYSE:BBW,0.10000041418389732
2023-09-08,12,AR1 alpha + Basic + One-Step,NYSE:BBW,0.1000005635801537
2023-09-11,12,AR1 alpha + Basic + One-Step,NYSE:BBW,0.1000001223836708
2023-09-12,12,AR1 alpha + Basic + One-Step,NYSE:BBW,0.10000148543535528
2023-09-13,12,AR1 alpha + Basic + One-Step,NYSE:BBW,0.0999967565427358
2023-09-14,12,AR1 alpha + Basic + One-Step,NYSE:BBW,0.09999648833989415
2023-09-15,12,AR1 alpha + Basic + One-Step,NYSE:BBW,0.09999220881060217
2023-09-18,12,AR1 alpha + Basic + One-Step,NYSE:BBW,0.09999681966307558
2023-09-19,12,AR1 alpha + Basic + One-Step,NYSE:BBW,0.09999907891124843
2023-09-20,12,AR1 alpha + Basic + One-Step,NYSE:BBW,0.09999822215584861
2023-09-21,12,AR1 alpha + Basic + One-Step,NYSE:BBW,0.09999280522880823
2023-09-22,12,AR1 alpha + Basic + One-Step,NYSE:BBW,0.09999749287151884
2023-09-25,12,AR1 alpha + Basic + One-Step,NYSE:BBW,0.09999631545934823
2023-09-26,12,AR1 alpha + Basic + One-Step,NYSE:BBW,0.09999662401392466
2023-09-27,12,AR1 alpha + Basic + One-Step,NYSE:BBW,0.09998886780982603
2023-09-28,12,AR1 alpha + Basic + One-Step,NYSE:BBW,0.09999676787495297
2023-09-29,12,AR1 alpha + Basic + One-Step,NYSE:BBW,0.09999906219595059
2023-10-02,12,AR1 alpha + Basic + One-Step,NYSE:BBW,0.09999936305388155
2023-10-03,12,AR1 alpha + Basic + One-Step,NYSE:BBW,0.0999991932369696
2023-10-04,12,AR1 alpha + Basic + One-Step,NYSE:BBW,0.09999608514203367
2023-10-05,12,AR1 alpha + Basic + One-Step,NYSE:BBW,0.0999982449856377
2023-10-06,12,AR1 alpha + Basic + One-Step,NYSE:BBW,0.09999306100010191
2023-10-09,12,AR1 alpha + Basic + One-Step,NYSE:BBW,0.09999863634764815
2023-10-10,12,AR1 alpha + Basic + One-Step,NYSE:BBW,0.09999697076940184
2023-10-11,12,AR1 alpha + Basic + One-Step,NYSE:BBW,0.09999924916917004
2023-10-12,12,AR1 alpha + Basic + One-Step,NYSE:BBW,0.0999979814359011
2023-10-13,12,AR1 alpha + Basic + One-Step,NYSE:BBW,0.09999944284388201
2023-10-16,12,AR1 alpha + Basic + One-Step,NYSE:BBW,0.09999967846647577
2023-10-17,12,AR1 alpha + Basic + One-Step,NYSE:BBW,0.09999964252588257
2023-10-18,12,AR1 alpha + Basic + One-Step,NYSE:BBW,0.09999525187160399
2023-10-19,12,AR1 alpha + Basic + One-Step,NYSE:BBW,0.09999436561825394
2023-10-20,12,AR1 alpha + Basic + One-Step,NYSE:BBW,0.09999489652293322
2023-10-23,12,AR1 alpha + Basic + One-Step,NYSE:BBW,0.09999846576737945
2023-10-24,12,AR1 alpha + Basic + One-Step,NYSE:BBW,0.09999270128974165
2023-10-25,12,AR1 alpha + Basic + One-Step,NYSE:BBW,0.09999477666998598
2023-10-26,12,AR1 alpha + Basic + One-Step,NYSE:BBW,0.0999945808147543
2023-10-27,12,AR1 alpha + Basic + One-Step,NYSE:BBW,0.09999370251689427
2023-10-30,12,AR1 alpha + Basic + One-Step,NYSE:BBW,0.09999812221447191
2023-10-31,12,AR1 alpha + Basic + One-Step,NYSE:BBW,0.09999410477723943
2023-11-01,12,AR1 alpha + Basic + One-Step,NYSE:BBW,0.09999685858807322
2023-11-02,12,AR1 alpha + Basic + One-Step,NYSE:BBW,0.09999566665562144
2023-11-03,12,AR1 alpha + Basic + One-Step,NYSE:BBW,0.09250527025083138
2023-11-06,12,AR1 alpha + Basic + One-Step,NYSE:BBW,0.099995486712998
2023-11-07,12,AR1 alpha + Basic + One-Step,NYSE:BBW,0.09999808494673668
2023-11-08,12,AR1 alpha + Basic + One-Step,NYSE:BBW,0.09999925187619642
2023-11-09,12,AR1 alpha + Basic + One-Step,NYSE:BBW,0.09999642936140725
2023-11-10,12,AR1 alpha + Basic + One-Step,NYSE:BBW,0.09999643057508577
2023-11-13,12,AR1 alpha + Basic + One-Step,NYSE:BBW,0.09999675787825081
2023-11-14,12,AR1 alpha + Basic + One-Step,NYSE:BBW,0.0988209622441815
2023-11-15,12,AR1 alpha + Basic + One-Step,NYSE:BBW,0.09881875496483639
2023-11-16,12,AR1 alpha + Basic + One-Step,NYSE:BBW,0.08734107379213372
2023-11-17,12,AR1 alpha + Basic + One-Step,NYSE:BBW,0.08532773348131271
2023-11-20,12,AR1 alpha + Basic + One-Step,NYSE:BBW,0.09045960150277292
2023-11-21,12,AR1 alpha + Basic + One-Step,NYSE:BBW,0.08910310798764036
2023-11-22,12,AR1 alpha + Basic + One-Step,NYSE:BBW,0.08145378891051154
2023-11-24,12,AR1 alpha + Basic + One-Step,NYSE:BBW,0.09334483022303784
2023-11-27,12,AR1 alpha + Basic + One-Step,NYSE:BBW,0.07924849695322436
2023-11-28,12,AR1 alpha + Basic + One-Step,NYSE:BBW,0.07848467491097644
2023-11-29,12,AR1 alpha + Basic + One-Step,NYSE:BBW,0.0831238838421724
2023-11-30,12,AR1 alpha + Basic + One-Step,NYSE:BBW,0.06067133272435008
2023-12-01,12,AR1 alpha + Basic + One-Step,NYSE:BBW,2.729761942795776e-07
2023-12-04,12,AR1 alpha + Basic + One-Step,NYSE:BBW,0.053813261155010055
2023-12-05,12,AR1 alpha + Basic + One-Step,NYSE:BBW,0.054622481810472655
2023-12-06,12,AR1 alpha + Basic + One-Step,NYSE:BBW,0.019928985172428703
2023-12-07,12,AR1 alpha + Basic + One-Step,NYSE:BBW,0.015685119678163613
2023-12-08,12,AR1 alpha + Basic + One-Step,NYSE:BBW,0.00881452424440475
2023-12-11,12,AR1 alpha + Basic + One-Step,NYSE:BBW,0.0
2023-12-12,12,AR1 alpha + Basic + One-Step,NYSE:BBW,0.0
2023-12-13,12,AR1 alpha + Basic + One-Step,NYSE:BBW,0.0
2023-12-14,12,AR1 alpha + Basic + One-Step,NYSE:BBW,0.0
2023-12-15,12,AR1 alpha + Basic + One-Step,NYSE:BBW,0.0
2023-12-18,12,AR1 alpha + Basic + One-Step,NYSE:BBW,0.0
2023-12-19,12,AR1 alpha + Basic + One-Step,NYSE:BBW,0.0
2023-12-20,12,AR1 alpha + Basic + One-Step,NYSE:BBW,0.0
2023-12-21,12,AR1 alpha + Basic + One-Step,NYSE:BBW,0.0
2023-12-22,12,AR1 alpha + Basic + One-Step,NYSE:BBW,3.5471730712650174e-07
2023-12-26,12,AR1 alpha + Basic + One-Step,NYSE:BBW,0.0
2023-12-27,12,AR1 alpha + Basic + One-Step,NYSE:BBW,3.8634995719144794e-09
2023-12-28,12,AR1 alpha + Basic + One-Step,NYSE:BBW,0.0
2023-12-29,12,AR1 alpha + Basic + One-Step,NYSE:BBW,0.0
2024-01-02,12,AR1 alpha + Basic + One-Step,NYSE:BBW,0.0
2024-01-03,12,AR1 alpha + Basic + One-Step,NYSE:BBW,0.0
2024-01-04,12,AR1 alpha + Basic + One-Step,NYSE:BBW,0.0
2024-01-05,12,AR1 alpha + Basic + One-Step,NYSE:BBW,0.0
2024-01-08,12,AR1 alpha + Basic + One-Step,NYSE:BBW,0.0
2024-01-09,12,AR1 alpha + Basic + One-Step,NYSE:BBW,0.0
2024-01-10,12,AR1 alpha + Basic + One-Step,NYSE:BBW,0.0
2024-01-11,12,AR1 alpha + Basic + One-Step,NYSE:BBW,2.2918105456234732e-07
2024-01-12,12,AR1 alpha + Basic + One-Step,NYSE:BBW,5.680398187763426e-24
2024-01-16,12,AR1 alpha + Basic + One-Step,NYSE:BBW,0.0
2024-01-17,12,AR1 alpha + Basic + One-Step,NYSE:BBW,0.0
2024-01-18,12,AR1 alpha + Basic + One-Step,NYSE:BBW,4.708887785457132e-07
2024-01-19,12,AR1 alpha + Basic + One-Step,NYSE:BBW,0.0
2024-01-22,12,AR1 alpha + Basic + One-Step,NYSE:BBW,0.0
2024-01-23,12,AR1 alpha + Basic + One-Step,NYSE:BBW,0.0
2024-01-24,12,AR1 alpha + Basic + One-Step,NYSE:BBW,1.4534114181506874e-07
2024-01-25,12,AR1 alpha + Basic + One-Step,NYSE:BBW,3.15178190659728e-08
2024-01-26,12,AR1 alpha + Basic + One-Step,NYSE:BBW,0.0
2024-01-29,12,AR1 alpha + Basic + One-Step,NYSE:BBW,0.0
2024-01-30,12,AR1 alpha + Basic + One-Step,NYSE:BBW,0.0
2024-01-31,12,AR1 alpha + Basic + One-Step,NYSE:BBW,0.0
2024-02-01,12,AR1 alpha + Basic + One-Step,NYSE:BBW,0.0
2024-02-02,12,AR1 alpha + Basic + One-Step,NYSE:BBW,0.0
2024-02-05,12,AR1 alpha + Basic + One-Step,NYSE:BBW,0.0
2024-02-06,12,AR1 alpha + Basic + One-Step,NYSE:BBW,0.0
2024-02-07,12,AR1 alpha + Basic + One-Step,NYSE:BBW,1.481105027603345e-08
2024-02-08,12,AR1 alpha + Basic + One-Step,NYSE:BBW,6.037033131168206e-09
2024-02-09,12,AR1 alpha + Basic + One-Step,NYSE:BBW,0.0
2024-02-12,12,AR1 alpha + Basic + One-Step,NYSE:BBW,0.0
2024-02-13,12,AR1 alpha + Basic + One-Step,NYSE:BBW,0.0
2024-02-14,12,AR1 alpha + Basic + One-Step,NYSE:BBW,0.0
2024-02-15,12,AR1 alpha + Basic + One-Step,NYSE:BBW,2.8002058220674936e-08
2024-02-16,12,AR1 alpha + Basic + One-Step,NYSE:BBW,0.0
2024-02-20,12,AR1 alpha + Basic + One-Step,NYSE:BBW,0.0
2024-02-21,12,AR1 alpha + Basic + One-Step,NYSE:BBW,0.0
2024-02-22,12,AR1 alpha + Basic + One-Step,NYSE:BBW,0.0
2024-02-23,12,AR1 alpha + Basic + One-Step,NYSE:BBW,0.0
2024-02-26,12,AR1 alpha + Basic + One-Step,NYSE:BBW,0.0
2024-02-27,12,AR1 alpha + Basic + One-Step,NYSE:BBW,0.0
2024-02-28,12,AR1 alpha + Basic + One-Step,NYSE:BBW,0.0
2024-02-29,12,AR1 alpha + Basic + One-Step,NYSE:BBW,0.0
2024-03-01,12,AR1 alpha + Basic + One-Step,NYSE:BBW,0.0
2024-03-04,12,AR1 alpha + Basic + One-Step,NYSE:BBW,0.0
2024-03-05,12,AR1 alpha + Basic + One-Step,NYSE:BBW,0.0
2024-03-06,12,AR1 alpha + Basic + One-Step,NYSE:BBW,0.0
2024-03-07,12,AR1 alpha + Basic + One-Step,NYSE:BBW,0.0
2024-03-08,12,AR1 alpha + Basic + One-Step,NYSE:BBW,0.0
2024-03-11,12,AR1 alpha + Basic + One-Step,NYSE:BBW,0.0
2024-03-12,12,AR1 alpha + Basic + One-Step,NYSE:BBW,0.0
2024-03-13,12,AR1 alpha + Basic + One-Step,NYSE:BBW,0.0
2024-03-14,12,AR1 alpha + Basic + One-Step,NYSE:BBW,0.06842288098515215
2024-03-15,12,AR1 alpha + Basic + One-Step,NYSE:BBW,0.09999999307120129
2024-03-18,12,AR1 alpha + Basic + One-Step,NYSE:BBW,0.019449773016191774
2024-03-19,12,AR1 alpha + Basic + One-Step,NYSE:BBW,0.0
2024-03-20,12,AR1 alpha + Basic + One-Step,NYSE:BBW,0.0
2024-03-21,12,AR1 alpha + Basic + One-Step,NYSE:BBW,4.40075206017952e-08
2024-03-22,12,AR1 alpha + Basic + One-Step,NYSE:BBW,0.0
2024-03-25,12,AR1 alpha + Basic + One-Step,NYSE:BBW,0.0
2024-03-26,12,AR1 alpha + Basic + One-Step,NYSE:BBW,0.0
2024-03-27,12,AR1 alpha + Basic + One-Step,NYSE:BBW,0.0
2024-03-28,12,AR1 alpha + Basic + One-Step,NYSE:BBW,0.02039318454168743
2024-04-01,12,AR1 alpha + Basic + One-Step,NYSE:BBW,0.0008420144806636158
2024-04-02,12,AR1 alpha + Basic + One-Step,NYSE:BBW,0.0
2024-04-03,12,AR1 alpha + Basic + One-Step,NYSE:BBW,0.0
2024-04-04,12,AR1 alpha + Basic + One-Step,NYSE:BBW,0.0
2024-04-05,12,AR1 alpha + Basic + One-Step,NYSE:BBW,0.0
2024-04-08,12,AR1 alpha + Basic + One-Step,NYSE:BBW,0.0
2024-04-09,12,AR1 alpha + Basic + One-Step,NYSE:BBW,0.0
2024-04-10,12,AR1 alpha + Basic + One-Step,NYSE:BBW,5.365684558961626e-07
2024-04-11,12,AR1 alpha + Basic + One-Step,NYSE:BBW,0.0
2024-04-12,12,AR1 alpha + Basic + One-Step,NYSE:BBW,0.0
2024-04-15,12,AR1 alpha + Basic + One-Step,NYSE:BBW,0.0
2024-04-16,12,AR1 alpha + Basic + One-Step,NYSE:BBW,0.0
2024-04-17,12,AR1 alpha + Basic + One-Step,NYSE:BBW,6.34714997713558e-08
2024-04-18,12,AR1 alpha + Basic + One-Step,NYSE:BBW,0.0
2024-04-19,12,AR1 alpha + Basic + One-Step,NYSE:BBW,0.0
2020-03-25,12,AR1 alpha + Basic + One-Step,NASDAQ:ABCB,0.02
2020-03-26,12,AR1 alpha + Basic + One-Step,NASDAQ:ABCB,0.019999999999999997
2020-03-27,12,AR1 alpha + Basic + One-Step,NASDAQ:ABCB,0.0
2020-03-30,12,AR1 alpha + Basic + One-Step,NASDAQ:ABCB,0.09998738635153527
2020-03-31,12,AR1 alpha + Basic + One-Step,NASDAQ:ABCB,0.09999842252986306
2020-04-01,12,AR1 alpha + Basic + One-Step,NASDAQ:ABCB,0.09999819650683994
2020-04-02,12,AR1 alpha + Basic + One-Step,NASDAQ:ABCB,0.09999920383386118
2020-04-03,12,AR1 alpha + Basic + One-Step,NASDAQ:ABCB,0.09999974629125902
2020-04-06,12,AR1 alpha + Basic + One-Step,NASDAQ:ABCB,0.0
2020-04-07,12,AR1 alpha + Basic + One-Step,NASDAQ:ABCB,4.184234823449105e-08
2020-04-08,12,AR1 alpha + Basic + One-Step,NASDAQ:ABCB,0.0
2020-04-09,12,AR1 alpha + Basic + One-Step,NASDAQ:ABCB,0.0
2020-04-13,12,AR1 alpha + Basic + One-Step,NASDAQ:ABCB,0.0
2020-04-14,12,AR1 alpha + Basic + One-Step,NASDAQ:ABCB,0.0
2020-04-15,12,AR1 alpha + Basic + One-Step,NASDAQ:ABCB,0.0
2020-04-16,12,AR1 alpha + Basic + One-Step,NASDAQ:ABCB,4.891457969626957e-07
2020-04-17,12,AR1 alpha + Basic + One-Step,NASDAQ:ABCB,0.0
2020-04-20,12,AR1 alpha + Basic + One-Step,NASDAQ:ABCB,0.0
2020-04-21,12,AR1 alpha + Basic + One-Step,NASDAQ:ABCB,5.269022414519748e-09
2020-04-22,12,AR1 alpha + Basic + One-Step,NASDAQ:ABCB,6.872842943361533e-07
2020-04-23,12,AR1 alpha + Basic + One-Step,NASDAQ:ABCB,2.0082795361372025e-07
2020-04-24,12,AR1 alpha + Basic + One-Step,NASDAQ:ABCB,1.503498157247245e-08
2020-04-27,12,AR1 alpha + Basic + One-Step,NASDAQ:ABCB,4.213809781752425e-09
2020-04-28,12,AR1 alpha + Basic + One-Step,NASDAQ:ABCB,1.3588218420897833e-07
2020-04-29,12,AR1 alpha + Basic + One-Step,NASDAQ:ABCB,5.585114057460731e-07
2020-04-30,12,AR1 alpha + Basic + One-Step,NASDAQ:ABCB,0.0
2020-05-01,12,AR1 alpha + Basic + One-Step,NASDAQ:ABCB,8.27148637046002e-09
2020-05-04,12,AR1 alpha + Basic + One-Step,NASDAQ:ABCB,0.0
2020-05-05,12,AR1 alpha + Basic + One-Step,NASDAQ:ABCB,7.271108107353338e-08
2020-05-06,12,AR1 alpha + Basic + One-Step,NASDAQ:ABCB,0.0
2020-05-07,12,AR1 alpha + Basic + One-Step,NASDAQ:ABCB,2.3361797361821892e-08
2020-05-08,12,AR1 alpha + Basic + One-Step,NASDAQ:ABCB,1.4259169698705162e-07
2020-05-11,12,AR1 alpha + Basic + One-Step,NASDAQ:ABCB,2.433242369791057e-07
2020-05-12,12,AR1 alpha + Basic + One-Step,NASDAQ:ABCB,0.0
2020-05-13,12,AR1 alpha + Basic + One-Step,NASDAQ:ABCB,0.0
2020-05-14,12,AR1 alpha + Basic + One-Step,NASDAQ:ABCB,0.0
2020-05-15,12,AR1 alpha + Basic + One-Step,NASDAQ:ABCB,5.578667764334437e-08
2020-05-18,12,AR1 alpha + Basic + One-Step,NASDAQ:ABCB,2.320547656232496e-09
2020-05-19,12,AR1 alpha + Basic + One-Step,NASDAQ:ABCB,0.0
2020-05-20,12,AR1 alpha + Basic + One-Step,NASDAQ:ABCB,8.809671231928609e-08
2020-05-21,12,AR1 alpha + Basic + One-Step,NASDAQ:ABCB,0.0
2020-05-22,12,AR1 alpha + Basic + One-Step,NASDAQ:ABCB,1.9360101951415393e-07
2020-05-26,12,AR1 alpha + Basic + One-Step,NASDAQ:ABCB,3.3180325913767653e-08
2020-05-27,12,AR1 alpha + Basic + One-Step,NASDAQ:ABCB,2.639860184108318e-07
2020-05-28,12,AR1 alpha + Basic + One-Step,NASDAQ:ABCB,0.0
2020-05-29,12,AR1 alpha + Basic + One-Step,NASDAQ:ABCB,4.98928164996823e-09
2020-06-01,12,AR1 alpha + Basic + One-Step,NASDAQ:ABCB,0.0
2020-06-02,12,AR1 alpha + Basic + One-Step,NASDAQ:ABCB,2.489882093894464e-07
2020-06-03,12,AR1 alpha + Basic + One-Step,NASDAQ:ABCB,0.0
2020-06-04,12,AR1 alpha + Basic + One-Step,NASDAQ:ABCB,0.0
2020-06-05,12,AR1 alpha + Basic + One-Step,NASDAQ:ABCB,3.8794141088896444e-08
2020-06-08,12,AR1 alpha + Basic + One-Step,NASDAQ:ABCB,0.0
2020-06-09,12,AR1 alpha + Basic + One-Step,NASDAQ:ABCB,0.0
2020-06-10,12,AR1 alpha + Basic + One-Step,NASDAQ:ABCB,1.2391261423058718e-07
2020-06-11,12,AR1 alpha + Basic + One-Step,NASDAQ:ABCB,0.0
2020-06-12,12,AR1 alpha + Basic + One-Step,NASDAQ:ABCB,6.674749714925026e-08
2020-06-15,12,AR1 alpha + Basic + One-Step,NASDAQ:ABCB,2.6496160946553888e-08
2020-06-16,12,AR1 alpha + Basic + One-Step,NASDAQ:ABCB,0.0
2020-06-17,12,AR1 alpha + Basic + One-Step,NASDAQ:ABCB,0.0
2020-06-18,12,AR1 alpha + Basic + One-Step,NASDAQ:ABCB,2.9282652708797677e-07
2020-06-19,12,AR1 alpha + Basic + One-Step,NASDAQ:ABCB,0.0
2020-06-22,12,AR1 alpha + Basic + One-Step,NASDAQ:ABCB,0.0
2020-06-23,12,AR1 alpha + Basic + One-Step,NASDAQ:ABCB,0.0
2020-06-24,12,AR1 alpha + Basic + One-Step,NASDAQ:ABCB,0.0
2020-06-25,12,AR1 alpha + Basic + One-Step,NASDAQ:ABCB,0.0
2020-06-26,12,AR1 alpha + Basic + One-Step,NASDAQ:ABCB,0.0
2020-06-29,12,AR1 alpha + Basic + One-Step,NASDAQ:ABCB,0.0
2020-06-30,12,AR1 alpha + Basic + One-Step,NASDAQ:ABCB,0.0
2020-07-01,12,AR1 alpha + Basic + One-Step,NASDAQ:ABCB,0.0
2020-07-02,12,AR1 alpha + Basic + One-Step,NASDAQ:ABCB,0.0
2020-07-06,12,AR1 alpha + Basic + One-Step,NASDAQ:ABCB,0.0
2020-07-07,12,AR1 alpha + Basic + One-Step,NASDAQ:ABCB,0.0
2020-07-08,12,AR1 alpha + Basic + One-Step,NASDAQ:ABCB,0.0
2020-07-09,12,AR1 alpha + Basic + One-Step,NASDAQ:ABCB,0.0
2020-07-10,12,AR1 alpha + Basic + One-Step,NASDAQ:ABCB,0.0
2020-07-13,12,AR1 alpha + Basic + One-Step,NASDAQ:ABCB,1.7864860697293933e-08
2020-07-14,12,AR1 alpha + Basic + One-Step,NASDAQ:ABCB,0.0
2020-07-15,12,AR1 alpha + Basic + One-Step,NASDAQ:ABCB,6.4280020250285005e-09
2020-07-16,12,AR1 alpha + Basic + One-Step,NASDAQ:ABCB,0.0
2020-07-17,12,AR1 alpha + Basic + One-Step,NASDAQ:ABCB,5.206864324021271e-08
2020-07-20,12,AR1 alpha + Basic + One-Step,NASDAQ:ABCB,1.1695321724936922e-07
2020-07-21,12,AR1 alpha + Basic + One-Step,NASDAQ:ABCB,0.0
2020-07-22,12,AR1 alpha + Basic + One-Step,NASDAQ:ABCB,0.0
2020-07-23,12,AR1 alpha + Basic + One-Step,NASDAQ:ABCB,0.0
2020-07-24,12,AR1 alpha + Basic + One-Step,NASDAQ:ABCB,0.0
2020-07-27,12,AR1 alpha + Basic + One-Step,NASDAQ:ABCB,1.8361163569944266e-07
2020-07-28,12,AR1 alpha + Basic + One-Step,NASDAQ:ABCB,0.0
2020-07-29,12,AR1 alpha + Basic + One-Step,NASDAQ:ABCB,0.0
2020-07-30,12,AR1 alpha + Basic + One-Step,NASDAQ:ABCB,0.0
2020-07-31,12,AR1 alpha + Basic + One-Step,NASDAQ:ABCB,0.0
2020-08-03,12,AR1 alpha + Basic + One-Step,NASDAQ:ABCB,1.8940434453496557e-07
2020-08-04,12,AR1 alpha + Basic + One-Step,NASDAQ:ABCB,0.0
2020-08-05,12,AR1 alpha + Basic + One-Step,NASDAQ:ABCB,0.0
2020-08-06,12,AR1 alpha + Basic + One-Step,NASDAQ:ABCB,0.0
2020-08-07,12,AR1 alpha + Basic + One-Step,NASDAQ:ABCB,0.0
2020-08-10,12,AR1 alpha + Basic + One-Step,NASDAQ:ABCB,0.0
2020-08-11,12,AR1 alpha + Basic + One-Step,NASDAQ:ABCB,0.0
2020-08-12,12,AR1 alpha + Basic + One-Step,NASDAQ:ABCB,0.0
2020-08-13,12,AR1 alpha + Basic + One-Step,NASDAQ:ABCB,0.0
2020-08-14,12,AR1 alpha + Basic + One-Step,NASDAQ:ABCB,0.0
2020-08-17,12,AR1 alpha + Basic + One-Step,NASDAQ:ABCB,0.0
2020-08-18,12,AR1 alpha + Basic + One-Step,NASDAQ:ABCB,0.0
2020-08-19,12,AR1 alpha + Basic + One-Step,NASDAQ:ABCB,0.0
2020-08-20,12,AR1 alpha + Basic + One-Step,NASDAQ:ABCB,9.771908563178821e-08
2020-08-21,12,AR1 alpha + Basic + One-Step,NASDAQ:ABCB,0.0
2020-08-24,12,AR1 alpha + Basic + One-Step,NASDAQ:ABCB,0.0
2020-08-25,12,AR1 alpha + Basic + One-Step,NASDAQ:ABCB,0.0
2020-08-26,12,AR1 alpha + Basic + One-Step,NASDAQ:ABCB,0.0
2020-08-27,12,AR1 alpha + Basic + One-Step,NASDAQ:ABCB,0.0
2020-08-28,12,AR1 alpha + Basic + One-Step,NASDAQ:ABCB,0.0
2020-08-31,12,AR1 alpha + Basic + One-Step,NASDAQ:ABCB,0.0
2020-09-01,12,AR1 alpha + Basic + One-Step,NASDAQ:ABCB,0.0
2020-09-02,12,AR1 alpha + Basic + One-Step,NASDAQ:ABCB,0.0
2020-09-03,12,AR1 alpha + Basic + One-Step,NASDAQ:ABCB,0.0
2020-09-04,12,AR1 alpha + Basic + One-Step,NASDAQ:ABCB,0.0
2020-09-08,12,AR1 alpha + Basic + One-Step,NASDAQ:ABCB,0.0
2020-09-09,12,AR1 alpha + Basic + One-Step,NASDAQ:ABCB,2.5168817235766532e-08
2020-09-10,12,AR1 alpha + Basic + One-Step,NASDAQ:ABCB,2.5889727270945496e-09
2020-09-11,12,AR1 alpha + Basic + One-Step,NASDAQ:ABCB,0.0
2020-09-14,12,AR1 alpha + Basic + One-Step,NASDAQ:ABCB,0.0
2020-09-15,12,AR1 alpha + Basic + One-Step,NASDAQ:ABCB,0.0
2020-09-16,12,AR1 alpha + Basic + One-Step,NASDAQ:ABCB,0.0
2020-09-17,12,AR1 alpha + Basic + One-Step,NASDAQ:ABCB,0.0
2020-09-18,12,AR1 alpha + Basic + One-Step,NASDAQ:ABCB,0.0
2020-09-21,12,AR1 alpha + Basic + One-Step,NASDAQ:ABCB,0.0
2020-09-22,12,AR1 alpha + Basic + One-Step,NASDAQ:ABCB,0.0
2020-09-23,12,AR1 alpha + Basic + One-Step,NASDAQ:ABCB,2.844686492864135e-09
2020-09-24,12,AR1 alpha + Basic + One-Step,NASDAQ:ABCB,1.1586367201151713e-07
2020-09-25,12,AR1 alpha + Basic + One-Step,NASDAQ:ABCB,0.0
2020-09-28,12,AR1 alpha + Basic + One-Step,NASDAQ:ABCB,0.0
2020-09-29,12,AR1 alpha + Basic + One-Step,NASDAQ:ABCB,0.0
2020-09-30,12,AR1 alpha + Basic + One-Step,NASDAQ:ABCB,0.0
2020-10-01,12,AR1 alpha + Basic + One-Step,NASDAQ:ABCB,3.865648430094824e-07
2020-10-02,12,AR1 alpha + Basic + One-Step,NASDAQ:ABCB,0.0
2020-10-05,12,AR1 alpha + Basic + One-Step,NASDAQ:ABCB,2.908390705615223e-09
2020-10-06,12,AR1 alpha + Basic + One-Step,NASDAQ:ABCB,4.010506430050023e-08
2020-10-07,12,AR1 alpha + Basic + One-Step,NASDAQ:ABCB,2.9956016449224126e-07
2020-10-08,12,AR1 alpha + Basic + One-Step,NASDAQ:ABCB,0.0
2020-10-09,12,AR1 alpha + Basic + One-Step,NASDAQ:ABCB,0.0
2020-10-12,12,AR1 alpha + Basic + One-Step,NASDAQ:ABCB,0.0
2020-10-13,12,AR1 alpha + Basic + One-Step,NASDAQ:ABCB,0.0
2020-10-14,12,AR1 alpha + Basic + One-Step,NASDAQ:ABCB,0.0
2020-10-15,12,AR1 alpha + Basic + One-Step,NASDAQ:ABCB,0.0
2020-10-16,12,AR1 alpha + Basic + One-Step,NASDAQ:ABCB,1.1609198363508033e-07
2020-10-19,12,AR1 alpha + Basic + One-Step,NASDAQ:ABCB,2.4857563295763767e-07
2020-10-20,12,AR1 alpha + Basic + One-Step,NASDAQ:ABCB,0.0
2020-10-21,12,AR1 alpha + Basic + One-Step,NASDAQ:ABCB,0.0
2020-10-22,12,AR1 alpha + Basic + One-Step,NASDAQ:ABCB,0.0
2020-10-23,12,AR1 alpha + Basic + One-Step,NASDAQ:ABCB,0.0
2020-10-26,12,AR1 alpha + Basic + One-Step,NASDAQ:ABCB,0.0
2020-10-27,12,AR1 alpha + Basic + One-Step,NASDAQ:ABCB,8.422243434981131e-09
2020-10-28,12,AR1 alpha + Basic + One-Step,NASDAQ:ABCB,8.783770118765485e-09
2020-10-29,12,AR1 alpha + Basic + One-Step,NASDAQ:ABCB,4.769245286121567e-10
2020-10-30,12,AR1 alpha + Basic + One-Step,NASDAQ:ABCB,0.0
2020-11-02,12,AR1 alpha + Basic + One-Step,NASDAQ:ABCB,0.0
2020-11-03,12,AR1 alpha + Basic + One-Step,NASDAQ:ABCB,0.0
2020-11-04,12,AR1 alpha + Basic + One-Step,NASDAQ:ABCB,0.0
2020-11-05,12,AR1 alpha + Basic + One-Step,NASDAQ:ABCB,0.0
2020-11-06,12,AR1 alpha + Basic + One-Step,NASDAQ:ABCB,0.0
2020-11-09,12,AR1 alpha + Basic + One-Step,NASDAQ:ABCB,0.0
2020-11-10,12,AR1 alpha + Basic + One-Step,NASDAQ:ABCB,0.0
2020-11-11,12,AR1 alpha + Basic + One-Step,NASDAQ:ABCB,0.0
2020-11-12,12,AR1 alpha + Basic + One-Step,NASDAQ:ABCB,0.0
2020-11-13,12,AR1 alpha + Basic + One-Step,NASDAQ:ABCB,0.0
2020-11-16,12,AR1 alpha + Basic + One-Step,NASDAQ:ABCB,0.0
2020-11-17,12,AR1 alpha + Basic + One-Step,NASDAQ:ABCB,0.0
2020-11-18,12,AR1 alpha + Basic + One-Step,NASDAQ:ABCB,0.0
2020-11-19,12,AR1 alpha + Basic + One-Step,NASDAQ:ABCB,3.1094666694760724e-08
2020-11-20,12,AR1 alpha + Basic + One-Step,NASDAQ:ABCB,0.0
2020-11-23,12,AR1 alpha + Basic + One-Step,NASDAQ:ABCB,0.0
2020-11-24,12,AR1 alpha + Basic + One-Step,NASDAQ:ABCB,0.0
2020-11-25,12,AR1 alpha + Basic + One-Step,NASDAQ:ABCB,0.0
2020-11-27,12,AR1 alpha + Basic + One-Step,NASDAQ:ABCB,0.0
2020-11-30,12,AR1 alpha + Basic + One-Step,NASDAQ:ABCB,2.690222303799397e-09
2020-12-01,12,AR1 alpha + Basic + One-Step,NASDAQ:ABCB,0.0
2020-12-02,12,AR1 alpha + Basic + One-Step,NASDAQ:ABCB,0.0
2020-12-03,12,AR1 alpha + Basic + One-Step,NASDAQ:ABCB,2.833872658667578e-10
2020-12-04,12,AR1 alpha + Basic + One-Step,NASDAQ:ABCB,0.0
2020-12-07,12,AR1 alpha + Basic + One-Step,NASDAQ:ABCB,0.0
2020-12-08,12,AR1 alpha + Basic + One-Step,NASDAQ:ABCB,1.0529168877069047e-07
2020-12-09,12,AR1 alpha + Basic + One-Step,NASDAQ:ABCB,0.0
2020-12-10,12,AR1 alpha + Basic + One-Step,NASDAQ:ABCB,1.0683230371296197e-08
2020-12-11,12,AR1 alpha + Basic + One-Step,NASDAQ:ABCB,3.3164060463076367e-07
2020-12-14,12,AR1 alpha + Basic + One-Step,NASDAQ:ABCB,4.4311729720796565e-07
2020-12-15,12,AR1 alpha + Basic + One-Step,NASDAQ:ABCB,0.0
2020-12-16,12,AR1 alpha + Basic + One-Step,NASDAQ:ABCB,6.9500866479896456e-09
2020-12-17,12,AR1 alpha + Basic + One-Step,NASDAQ:ABCB,0.0
2020-12-18,12,AR1 alpha + Basic + One-Step,NASDAQ:ABCB,0.0
2020-12-21,12,AR1 alpha + Basic + One-Step,NASDAQ:ABCB,8.935407552058668e-07
2020-12-22,12,AR1 alpha + Basic + One-Step,NASDAQ:ABCB,1.7359621083330538e-07
2020-12-23,12,AR1 alpha + Basic + One-Step,NASDAQ:ABCB,0.0
2020-12-24,12,AR1 alpha + Basic + One-Step,NASDAQ:ABCB,0.0
2020-12-28,12,AR1 alpha + Basic + One-Step,NASDAQ:ABCB,0.0
2020-12-29,12,AR1 alpha + Basic + One-Step,NASDAQ:ABCB,0.0
2020-12-30,12,AR1 alpha + Basic + One-Step,NASDAQ:ABCB,0.0
2020-12-31,12,AR1 alpha + Basic + One-Step,NASDAQ:ABCB,0.0
2021-01-04,12,AR1 alpha + Basic + One-Step,NASDAQ:ABCB,0.0
2021-01-05,12,AR1 alpha + Basic + One-Step,NASDAQ:ABCB,0.0
2021-01-06,12,AR1 alpha + Basic + One-Step,NASDAQ:ABCB,0.0
2021-01-07,12,AR1 alpha + Basic + One-Step,NASDAQ:ABCB,0.0
2021-01-08,12,AR1 alpha + Basic + One-Step,NASDAQ:ABCB,0.0
2021-01-11,12,AR1 alpha + Basic + One-Step,NASDAQ:ABCB,0.0
2021-01-12,12,AR1 alpha + Basic + One-Step,NASDAQ:ABCB,0.0
2021-01-13,12,AR1 alpha + Basic + One-Step,NASDAQ:ABCB,0.0
2021-01-14,12,AR1 alpha + Basic + One-Step,NASDAQ:ABCB,0.0
2021-01-15,12,AR1 alpha + Basic + One-Step,NASDAQ:ABCB,0.0
2021-01-19,12,AR1 alpha + Basic + One-Step,NASDAQ:ABCB,0.0
2021-01-20,12,AR1 alpha + Basic + One-Step,NASDAQ:ABCB,4.880248244722274e-09
2021-01-21,12,AR1 alpha + Basic + One-Step,NASDAQ:ABCB,0.0
2021-01-22,12,AR1 alpha + Basic + One-Step,NASDAQ:ABCB,4.8672352721322856e-09
2021-01-25,12,AR1 alpha + Basic + One-Step,NASDAQ:ABCB,0.0
2021-01-26,12,AR1 alpha + Basic + One-Step,NASDAQ:ABCB,0.0
2021-01-27,12,AR1 alpha + Basic + One-Step,NASDAQ:ABCB,0.0
2021-01-28,12,AR1 alpha + Basic + One-Step,NASDAQ:ABCB,0.0
2021-01-29,12,AR1 alpha + Basic + One-Step,NASDAQ:ABCB,0.0
2021-02-01,12,AR1 alpha + Basic + One-Step,NASDAQ:ABCB,1.5982334854293727e-07
2021-02-02,12,AR1 alpha + Basic + One-Step,NASDAQ:ABCB,0.0
2021-02-03,12,AR1 alpha + Basic + One-Step,NASDAQ:ABCB,1.395395908457179e-08
2021-02-04,12,AR1 alpha + Basic + One-Step,NASDAQ:ABCB,0.0
2021-02-05,12,AR1 alpha + Basic + One-Step,NASDAQ:ABCB,0.0
2021-02-08,12,AR1 alpha + Basic + One-Step,NASDAQ:ABCB,0.0
2021-02-09,12,AR1 alpha + Basic + One-Step,NASDAQ:ABCB,0.0
2021-02-10,12,AR1 alpha + Basic + One-Step,NASDAQ:ABCB,0.0
2021-02-11,12,AR1 alpha + Basic + One-Step,NASDAQ:ABCB,0.0
2021-02-12,12,AR1 alpha + Basic + One-Step,NASDAQ:ABCB,0.0
2021-02-16,12,AR1 alpha + Basic + One-Step,NASDAQ:ABCB,0.0
2021-02-17,12,AR1 alpha + Basic + One-Step,NASDAQ:ABCB,0.0
2021-02-18,12,AR1 alpha + Basic + One-Step,NASDAQ:ABCB,0.0
2021-02-19,12,AR1 alpha + Basic + One-Step,NASDAQ:ABCB,0.0
2021-02-22,12,AR1 alpha + Basic + One-Step,NASDAQ:ABCB,0.0
2021-02-23,12,AR1 alpha + Basic + One-Step,NASDAQ:ABCB,4.1139417902389666e-08
2021-02-24,12,AR1 alpha + Basic + One-Step,NASDAQ:ABCB,0.0
2021-02-25,12,AR1 alpha + Basic + One-Step,NASDAQ:ABCB,0.0
2021-02-26,12,AR1 alpha + Basic + One-Step,NASDAQ:ABCB,1.0296607940955292e-06
2021-03-01,12,AR1 alpha + Basic + One-Step,NASDAQ:ABCB,0.0
2021-03-02,12,AR1 alpha + Basic + One-Step,NASDAQ:ABCB,4.338442583459407e-08
2021-03-03,12,AR1 alpha + Basic + One-Step,NASDAQ:ABCB,0.0
2021-03-04,12,AR1 alpha + Basic + One-Step,NASDAQ:ABCB,0.0
2021-03-05,12,AR1 alpha + Basic + One-Step,NASDAQ:ABCB,0.0
2021-03-08,12,AR1 alpha + Basic + One-Step,NASDAQ:ABCB,0.0
2021-03-09,12,AR1 alpha + Basic + One-Step,NASDAQ:ABCB,0.0
2021-03-10,12,AR1 alpha + Basic + One-Step,NASDAQ:ABCB,0.0
2021-03-11,12,AR1 alpha + Basic + One-Step,NASDAQ:ABCB,0.0
2021-03-12,12,AR1 alpha + Basic + One-Step,NASDAQ:ABCB,0.0
2021-03-15,12,AR1 alpha + Basic + One-Step,NASDAQ:ABCB,0.0
2021-03-16,12,AR1 alpha + Basic + One-Step,NASDAQ:ABCB,0.0
2021-03-17,12,AR1 alpha + Basic + One-Step,NASDAQ:ABCB,0.0
2021-03-18,12,AR1 alpha + Basic + One-Step,NASDAQ:ABCB,0.0
2021-03-19,12,AR1 alpha + Basic + One-Step,NASDAQ:ABCB,0.0
2021-03-22,12,AR1 alpha + Basic + One-Step,NASDAQ:ABCB,0.0
2021-03-23,12,AR1 alpha + Basic + One-Step,NASDAQ:ABCB,0.0
2021-03-24,12,AR1 alpha + Basic + One-Step,NASDAQ:ABCB,0.0
2021-03-25,12,AR1 alpha + Basic + One-Step,NASDAQ:ABCB,0.0
2021-03-26,12,AR1 alpha + Basic + One-Step,NASDAQ:ABCB,1.6985043314876044e-08
2021-03-29,12,AR1 alpha + Basic + One-Step,NASDAQ:ABCB,0.0
2021-03-30,12,AR1 alpha + Basic + One-Step,NASDAQ:ABCB,3.3090177069027854e-07
2021-03-31,12,AR1 alpha + Basic + One-Step,NASDAQ:ABCB,9.436570172066924e-08
2021-04-01,12,AR1 alpha + Basic + One-Step,NASDAQ:ABCB,0.0
2021-04-05,12,AR1 alpha + Basic + One-Step,NASDAQ:ABCB,1.1106748856222955e-06
2021-04-06,12,AR1 alpha + Basic + One-Step,NASDAQ:ABCB,1.817724650386526e-07
2021-04-07,12,AR1 alpha + Basic + One-Step,NASDAQ:ABCB,4.650225132845993e-08
2021-04-08,12,AR1 alpha + Basic + One-Step,NASDAQ:ABCB,1.018838521088571e-07
2021-04-09,12,AR1 alpha + Basic + One-Step,NASDAQ:ABCB,0.0
2021-04-12,12,AR1 alpha + Basic + One-Step,NASDAQ:ABCB,6.7004727951964685e-09
2021-04-13,12,AR1 alpha + Basic + One-Step,NASDAQ:ABCB,1.024296800856238e-07
2021-04-14,12,AR1 alpha + Basic + One-Step,NASDAQ:ABCB,2.4991778346539305e-07
2021-04-15,12,AR1 alpha + Basic + One-Step,NASDAQ:ABCB,0.0
2021-04-16,12,AR1 alpha + Basic + One-Step,NASDAQ:ABCB,0.0
2021-04-19,12,AR1 alpha + Basic + One-Step,NASDAQ:ABCB,1.0332165219282436e-08
2021-04-20,12,AR1 alpha + Basic + One-Step,NASDAQ:ABCB,0.0
2021-04-21,12,AR1 alpha + Basic + One-Step,NASDAQ:ABCB,0.0
2021-04-22,12,AR1 alpha + Basic + One-Step,NASDAQ:ABCB,0.0
2021-04-23,12,AR1 alpha + Basic + One-Step,NASDAQ:ABCB,0.0
2021-04-26,12,AR1 alpha + Basic + One-Step,NASDAQ:ABCB,0.0
2021-04-27,12,AR1 alpha + Basic + One-Step,NASDAQ:ABCB,0.0
2021-04-28,12,AR1 alpha + Basic + One-Step,NASDAQ:ABCB,1.4310734659964766e-08
2021-04-29,12,AR1 alpha + Basic + One-Step,NASDAQ:ABCB,4.761149239556193e-08
2021-04-30,12,AR1 alpha + Basic + One-Step,NASDAQ:ABCB,1.1555506085078098e-08
2021-05-03,12,AR1 alpha + Basic + One-Step,NASDAQ:ABCB,0.0
2021-05-04,12,AR1 alpha + Basic + One-Step,NASDAQ:ABCB,6.479775201832414e-08
2021-05-05,12,AR1 alpha + Basic + One-Step,NASDAQ:ABCB,0.0
2021-05-06,12,AR1 alpha + Basic + One-Step,NASDAQ:ABCB,0.0
2021-05-07,12,AR1 alpha + Basic + One-Step,NASDAQ:ABCB,0.0
2021-05-10,12,AR1 alpha + Basic + One-Step,NASDAQ:ABCB,0.0
2021-05-11,12,AR1 alpha + Basic + One-Step,NASDAQ:ABCB,0.0
2021-05-12,12,AR1 alpha + Basic + One-Step,NASDAQ:ABCB,0.0
2021-05-13,12,AR1 alpha + Basic + One-Step,NASDAQ:ABCB,0.0
2021-05-14,12,AR1 alpha + Basic + One-Step,NASDAQ:ABCB,0.0
2021-05-17,12,AR1 alpha + Basic + One-Step,NASDAQ:ABCB,0.0
2021-05-18,12,AR1 alpha + Basic + One-Step,NASDAQ:ABCB,0.0
2021-05-19,12,AR1 alpha + Basic + One-Step,NASDAQ:ABCB,0.0
2021-05-20,12,AR1 alpha + Basic + One-Step,NASDAQ:ABCB,4.6924694932008e-08
2021-05-21,12,AR1 alpha + Basic + One-Step,NASDAQ:ABCB,0.0
2021-05-24,12,AR1 alpha + Basic + One-Step,NASDAQ:ABCB,0.0
2021-05-25,12,AR1 alpha + Basic + One-Step,NASDAQ:ABCB,0.009902106775124618
2021-05-26,12,AR1 alpha + Basic + One-Step,NASDAQ:ABCB,0.0
2021-05-27,12,AR1 alpha + Basic + One-Step,NASDAQ:ABCB,5.704792904326816e-08
2021-05-28,12,AR1 alpha + Basic + One-Step,NASDAQ:ABCB,0.007930905945734154
2021-06-01,12,AR1 alpha + Basic + One-Step,NASDAQ:ABCB,0.0
2021-06-02,12,AR1 alpha + Basic + One-Step,NASDAQ:ABCB,0.0
2021-06-03,12,AR1 alpha + Basic + One-Step,NASDAQ:ABCB,0.0
2021-06-04,12,AR1 alpha + Basic + One-Step,NASDAQ:ABCB,0.0
2021-06-07,12,AR1 alpha + Basic + One-Step,NASDAQ:ABCB,1.811682670683807e-08
2021-06-08,12,AR1 alpha + Basic + One-Step,NASDAQ:ABCB,0.0
2021-06-09,12,AR1 alpha + Basic + One-Step,NASDAQ:ABCB,0.0
2021-06-10,12,AR1 alpha + Basic + One-Step,NASDAQ:ABCB,0.09965867602366203
2021-06-11,12,AR1 alpha + Basic + One-Step,NASDAQ:ABCB,0.09965782058556688
2021-06-14,12,AR1 alpha + Basic + One-Step,NASDAQ:ABCB,0.09999222202753483
2021-06-15,12,AR1 alpha + Basic + One-Step,NASDAQ:ABCB,0.04528988560888719
2021-06-16,12,AR1 alpha + Basic + One-Step,NASDAQ:ABCB,0.014211200087400734
2021-06-17,12,AR1 alpha + Basic + One-Step,NASDAQ:ABCB,0.07259254700439441
2021-06-18,12,AR1 alpha + Basic + One-Step,NASDAQ:ABCB,0.09999633541303081
2021-06-21,12,AR1 alpha + Basic + One-Step,NASDAQ:ABCB,0.05024768074373621
2021-06-22,12,AR1 alpha + Basic + One-Step,NASDAQ:ABCB,0.06827788841112954
2021-06-23,12,AR1 alpha + Basic + One-Step,NASDAQ:ABCB,0.07389844813539641
2021-06-24,12,AR1 alpha + Basic + One-Step,NASDAQ:ABCB,0.012906425437784804
2021-06-25,12,AR1 alpha + Basic + One-Step,NASDAQ:ABCB,0.016200613760310626
2021-06-28,12,AR1 alpha + Basic + One-Step,NASDAQ:ABCB,0.008032623648673042
2021-06-29,12,AR1 alpha + Basic + One-Step,NASDAQ:ABCB,0.02559177178065876
2021-06-30,12,AR1 alpha + Basic + One-Step,NASDAQ:ABCB,0.03790555317970532
2021-07-01,12,AR1 alpha + Basic + One-Step,NASDAQ:ABCB,0.03745246203506061
2021-07-02,12,AR1 alpha + Basic + One-Step,NASDAQ:ABCB,0.03005856987186889
2021-07-06,12,AR1 alpha + Basic + One-Step,NASDAQ:ABCB,0.0
2021-07-07,12,AR1 alpha + Basic + One-Step,NASDAQ:ABCB,0.013116815442184992
2021-07-08,12,AR1 alpha + Basic + One-Step,NASDAQ:ABCB,0.0
2021-07-09,12,AR1 alpha + Basic + One-Step,NASDAQ:ABCB,0.06156482868240113
2021-07-12,12,AR1 alpha + Basic + One-Step,NASDAQ:ABCB,0.045240126627606306
2021-07-13,12,AR1 alpha + Basic + One-Step,NASDAQ:ABCB,0.036738615515599
2021-07-14,12,AR1 alpha + Basic + One-Step,NASDAQ:ABCB,0.0010724901126197767
2021-07-15,12,AR1 alpha + Basic + One-Step,NASDAQ:ABCB,0.0
2021-07-16,12,AR1 alpha + Basic + One-Step,NASDAQ:ABCB,0.0
2021-07-19,12,AR1 alpha + Basic + One-Step,NASDAQ:ABCB,0.0
2021-07-20,12,AR1 alpha + Basic + One-Step,NASDAQ:ABCB,0.0
2021-07-21,12,AR1 alpha + Basic + One-Step,NASDAQ:ABCB,0.03558614986380575
2021-07-22,12,AR1 alpha + Basic + One-Step,NASDAQ:ABCB,2.4869225079170676e-07
2021-07-23,12,AR1 alpha + Basic + One-Step,NASDAQ:ABCB,0.0
2021-07-26,12,AR1 alpha + Basic + One-Step,NASDAQ:ABCB,0.03362572693729497
2021-07-27,12,AR1 alpha + Basic + One-Step,NASDAQ:ABCB,5.174960541936263e-06
2021-07-28,12,AR1 alpha + Basic + One-Step,NASDAQ:ABCB,0.06985553101113118
2021-07-29,12,AR1 alpha + Basic + One-Step,NASDAQ:ABCB,0.06537525508680837
2021-07-30,12,AR1 alpha + Basic + One-Step,NASDAQ:ABCB,0.016973195030900584
2021-08-02,12,AR1 alpha + Basic + One-Step,NASDAQ:ABCB,3.610608771888687e-07
2021-08-03,12,AR1 alpha + Basic + One-Step,NASDAQ:ABCB,4.6503043049509645e-08
2021-08-04,12,AR1 alpha + Basic + One-Step,NASDAQ:ABCB,1.3946812675639437e-08
2021-08-05,12,AR1 alpha + Basic + One-Step,NASDAQ:ABCB,4.6012148016778684e-07
2021-08-06,12,AR1 alpha + Basic + One-Step,NASDAQ:ABCB,0.018342709542715226
2021-08-09,12,AR1 alpha + Basic + One-Step,NASDAQ:ABCB,3.7822625568651484e-07
2021-08-10,12,AR1 alpha + Basic + One-Step,NASDAQ:ABCB,1.9225548819476378e-07
2021-08-11,12,AR1 alpha + Basic + One-Step,NASDAQ:ABCB,2.640738781167109e-07
2021-08-12,12,AR1 alpha + Basic + One-Step,NASDAQ:ABCB,2.882739279698976e-07
2021-08-13,12,AR1 alpha + Basic + One-Step,NASDAQ:ABCB,0.0
2021-08-16,12,AR1 alpha + Basic + One-Step,NASDAQ:ABCB,0.0
2021-08-17,12,AR1 alpha + Basic + One-Step,NASDAQ:ABCB,2.2500714659991767e-07
2021-08-18,12,AR1 alpha + Basic + One-Step,NASDAQ:ABCB,2.88886876385681e-07
2021-08-19,12,AR1 alpha + Basic + One-Step,NASDAQ:ABCB,0.0
2021-08-20,12,AR1 alpha + Basic + One-Step,NASDAQ:ABCB,4.863506003472631e-08
2021-08-23,12,AR1 alpha + Basic + One-Step,NASDAQ:ABCB,6.555978562270027e-08
2021-08-24,12,AR1 alpha + Basic + One-Step,NASDAQ:ABCB,0.0
2021-08-25,12,AR1 alpha + Basic + One-Step,NASDAQ:ABCB,0.006713474043549554
2021-08-26,12,AR1 alpha + Basic + One-Step,NASDAQ:ABCB,4.6745952280394096e-08
2021-08-27,12,AR1 alpha + Basic + One-Step,NASDAQ:ABCB,0.015351142020583108
2021-08-30,12,AR1 alpha + Basic + One-Step,NASDAQ:ABCB,0.0
2021-08-31,12,AR1 alpha + Basic + One-Step,NASDAQ:ABCB,4.088180982840618e-07
2021-09-01,12,AR1 alpha + Basic + One-Step,NASDAQ:ABCB,0.0
2021-09-02,12,AR1 alpha + Basic + One-Step,NASDAQ:ABCB,0.0
2021-09-03,12,AR1 alpha + Basic + One-Step,NASDAQ:ABCB,0.0
2021-09-07,12,AR1 alpha + Basic + One-Step,NASDAQ:ABCB,0.0
2021-09-08,12,AR1 alpha + Basic + One-Step,NASDAQ:ABCB,0.0
2021-09-09,12,AR1 alpha + Basic + One-Step,NASDAQ:ABCB,0.0
2021-09-10,12,AR1 alpha + Basic + One-Step,NASDAQ:ABCB,5.702141872126951e-07
2021-09-13,12,AR1 alpha + Basic + One-Step,NASDAQ:ABCB,1.1865389669526017e-07
2021-09-14,12,AR1 alpha + Basic + One-Step,NASDAQ:ABCB,0.0
2021-09-15,12,AR1 alpha + Basic + One-Step,NASDAQ:ABCB,2.617800432322644e-07
2021-09-16,12,AR1 alpha + Basic + One-Step,NASDAQ:ABCB,2.2941927556559875e-07
2021-09-17,12,AR1 alpha + Basic + One-Step,NASDAQ:ABCB,1.5263785626405357e-07
2021-09-20,12,AR1 alpha + Basic + One-Step,NASDAQ:ABCB,1.8209774978735863e-08
2021-09-21,12,AR1 alpha + Basic + One-Step,NASDAQ:ABCB,2.1931586899217421e-07
2021-09-22,12,AR1 alpha + Basic + One-Step,NASDAQ:ABCB,1.596138156513091e-07
2021-09-23,12,AR1 alpha + Basic + One-Step,NASDAQ:ABCB,0.0
2021-09-24,12,AR1 alpha + Basic + One-Step,NASDAQ:ABCB,0.0027514708379356677
2021-09-27,12,AR1 alpha + Basic + One-Step,NASDAQ:ABCB,0.06339789062769854
2021-09-28,12,AR1 alpha + Basic + One-Step,NASDAQ:ABCB,0.02374773936196406
2021-09-29,12,AR1 alpha + Basic + One-Step,NASDAQ:ABCB,0.001414075287744728
2021-09-30,12,AR1 alpha + Basic + One-Step,NASDAQ:ABCB,0.0
2021-10-01,12,AR1 alpha + Basic + One-Step,NASDAQ:ABCB,0.0060492629949747585
2021-10-04,12,AR1 alpha + Basic + One-Step,NASDAQ:ABCB,0.0
2021-10-05,12,AR1 alpha + Basic + One-Step,NASDAQ:ABCB,0.015633053092629894
2021-10-06,12,AR1 alpha + Basic + One-Step,NASDAQ:ABCB,0.0
2021-10-07,12,AR1 alpha + Basic + One-Step,NASDAQ:ABCB,0.0
2021-10-08,12,AR1 alpha + Basic + One-Step,NASDAQ:ABCB,0.0
2021-10-11,12,AR1 alpha + Basic + One-Step,NASDAQ:ABCB,0.0
2021-10-12,12,AR1 alpha + Basic + One-Step,NASDAQ:ABCB,0.0
2021-10-13,12,AR1 alpha + Basic + One-Step,NASDAQ:ABCB,0.0
2021-10-14,12,AR1 alpha + Basic + One-Step,NASDAQ:ABCB,6.76877901539565e-08
2021-10-15,12,AR1 alpha + Basic + One-Step,NASDAQ:ABCB,0.0
2021-10-18,12,AR1 alpha + Basic + One-Step,NASDAQ:ABCB,0.0
2021-10-19,12,AR1 alpha + Basic + One-Step,NASDAQ:ABCB,0.0
2021-10-20,12,AR1 alpha + Basic + One-Step,NASDAQ:ABCB,0.0
2021-10-21,12,AR1 alpha + Basic + One-Step,NASDAQ:ABCB,0.0
2021-10-22,12,AR1 alpha + Basic + One-Step,NASDAQ:ABCB,0.0
2021-10-25,12,AR1 alpha + Basic + One-Step,NASDAQ:ABCB,0.0
2021-10-26,12,AR1 alpha + Basic + One-Step,NASDAQ:ABCB,0.0
2021-10-27,12,AR1 alpha + Basic + One-Step,NASDAQ:ABCB,0.0
2021-10-28,12,AR1 alpha + Basic + One-Step,NASDAQ:ABCB,0.0
2021-10-29,12,AR1 alpha + Basic + One-Step,NASDAQ:ABCB,0.0
2021-11-01,12,AR1 alpha + Basic + One-Step,NASDAQ:ABCB,3.5447773845582843e-07
2021-11-02,12,AR1 alpha + Basic + One-Step,NASDAQ:ABCB,1.0882043696186072e-08
2021-11-03,12,AR1 alpha + Basic + One-Step,NASDAQ:ABCB,0.0
2021-11-04,12,AR1 alpha + Basic + One-Step,NASDAQ:ABCB,0.0
2021-11-05,12,AR1 alpha + Basic + One-Step,NASDAQ:ABCB,0.0
2021-11-08,12,AR1 alpha + Basic + One-Step,NASDAQ:ABCB,0.0
2021-11-09,12,AR1 alpha + Basic + One-Step,NASDAQ:ABCB,7.125373556741603e-08
2021-11-10,12,AR1 alpha + Basic + One-Step,NASDAQ:ABCB,3.6358815844076947e-08
2021-11-11,12,AR1 alpha + Basic + One-Step,NASDAQ:ABCB,0.0
2021-11-12,12,AR1 alpha + Basic + One-Step,NASDAQ:ABCB,0.0
2021-11-15,12,AR1 alpha + Basic + One-Step,NASDAQ:ABCB,0.0
2021-11-16,12,AR1 alpha + Basic + One-Step,NASDAQ:ABCB,0.0
2021-11-17,12,AR1 alpha + Basic + One-Step,NASDAQ:ABCB,0.0
2021-11-18,12,AR1 alpha + Basic + One-Step,NASDAQ:ABCB,2.5169613620116992e-08
2021-11-19,12,AR1 alpha + Basic + One-Step,NASDAQ:ABCB,0.0
2021-11-22,12,AR1 alpha + Basic + One-Step,NASDAQ:ABCB,0.0
2021-11-23,12,AR1 alpha + Basic + One-Step,NASDAQ:ABCB,0.0
2021-11-24,12,AR1 alpha + Basic + One-Step,NASDAQ:ABCB,0.0
2021-11-26,12,AR1 alpha + Basic + One-Step,NASDAQ:ABCB,0.0
2021-11-29,12,AR1 alpha + Basic + One-Step,NASDAQ:ABCB,0.0
2021-11-30,12,AR1 alpha + Basic + One-Step,NASDAQ:ABCB,0.0
2021-12-01,12,AR1 alpha + Basic + One-Step,NASDAQ:ABCB,0.0
2021-12-02,12,AR1 alpha + Basic + One-Step,NASDAQ:ABCB,0.0
2021-12-03,12,AR1 alpha + Basic + One-Step,NASDAQ:ABCB,0.0
2021-12-06,12,AR1 alpha + Basic + One-Step,NASDAQ:ABCB,0.0
2021-12-07,12,AR1 alpha + Basic + One-Step,NASDAQ:ABCB,0.0
2021-12-08,12,AR1 alpha + Basic + One-Step,NASDAQ:ABCB,0.0
2021-12-09,12,AR1 alpha + Basic + One-Step,NASDAQ:ABCB,0.0
2021-12-10,12,AR1 alpha + Basic + One-Step,NASDAQ:ABCB,1.3120493126330162e-07
2021-12-13,12,AR1 alpha + Basic + One-Step,NASDAQ:ABCB,0.0
2021-12-14,12,AR1 alpha + Basic + One-Step,NASDAQ:ABCB,5.2786800563612445e-08
2021-12-15,12,AR1 alpha + Basic + One-Step,NASDAQ:ABCB,0.0
2021-12-16,12,AR1 alpha + Basic + One-Step,NASDAQ:ABCB,0.0
2021-12-17,12,AR1 alpha + Basic + One-Step,NASDAQ:ABCB,0.0
2021-12-20,12,AR1 alpha + Basic + One-Step,NASDAQ:ABCB,0.0
2021-12-21,12,AR1 alpha + Basic + One-Step,NASDAQ:ABCB,0.0
2021-12-22,12,AR1 alpha + Basic + One-Step,NASDAQ:ABCB,1.847367888964708e-07
2021-12-23,12,AR1 alpha + Basic + One-Step,NASDAQ:ABCB,0.0
2021-12-27,12,AR1 alpha + Basic + One-Step,NASDAQ:ABCB,0.0
2021-12-28,12,AR1 alpha + Basic + One-Step,NASDAQ:ABCB,0.0
2021-12-29,12,AR1 alpha + Basic + One-Step,NASDAQ:ABCB,0.0
2021-12-30,12,AR1 alpha + Basic + One-Step,NASDAQ:ABCB,1.0307084411763198e-06
2021-12-31,12,AR1 alpha + Basic + One-Step,NASDAQ:ABCB,4.0990310796652355e-07
2022-01-03,12,AR1 alpha + Basic + One-Step,NASDAQ:ABCB,3.623285127104052e-07
2022-01-04,12,AR1 alpha + Basic + One-Step,NASDAQ:ABCB,0.0
2022-01-05,12,AR1 alpha + Basic + One-Step,NASDAQ:ABCB,0.0
2022-01-06,12,AR1 alpha + Basic + One-Step,NASDAQ:ABCB,0.0
2022-01-07,12,AR1 alpha + Basic + One-Step,NASDAQ:ABCB,6.619741410372166e-08
2022-01-10,12,AR1 alpha + Basic + One-Step,NASDAQ:ABCB,0.0
2022-01-11,12,AR1 alpha + Basic + One-Step,NASDAQ:ABCB,0.0
2022-01-12,12,AR1 alpha + Basic + One-Step,NASDAQ:ABCB,0.0
2022-01-13,12,AR1 alpha + Basic + One-Step,NASDAQ:ABCB,1.960935312898077e-07
2022-01-14,12,AR1 alpha + Basic + One-Step,NASDAQ:ABCB,0.0
2022-01-18,12,AR1 alpha + Basic + One-Step,NASDAQ:ABCB,0.0
2022-01-19,12,AR1 alpha + Basic + One-Step,NASDAQ:ABCB,0.0
2022-01-20,12,AR1 alpha + Basic + One-Step,NASDAQ:ABCB,0.0
2022-01-21,12,AR1 alpha + Basic + One-Step,NASDAQ:ABCB,3.3654828880566737e-07
2022-01-24,12,AR1 alpha + Basic + One-Step,NASDAQ:ABCB,0.0
2022-01-25,12,AR1 alpha + Basic + One-Step,NASDAQ:ABCB,0.0
2022-01-26,12,AR1 alpha + Basic + One-Step,NASDAQ:ABCB,2.8022127615408435e-08
2022-01-27,12,AR1 alpha + Basic + One-Step,NASDAQ:ABCB,0.0
2022-01-28,12,AR1 alpha + Basic + One-Step,NASDAQ:ABCB,5.893442859482591e-09
2022-01-31,12,AR1 alpha + Basic + One-Step,NASDAQ:ABCB,0.0
2022-02-01,12,AR1 alpha + Basic + One-Step,NASDAQ:ABCB,0.0
2022-02-02,12,AR1 alpha + Basic + One-Step,NASDAQ:ABCB,0.0
2022-02-03,12,AR1 alpha + Basic + One-Step,NASDAQ:ABCB,0.0
2022-02-04,12,AR1 alpha + Basic + One-Step,NASDAQ:ABCB,3.329244723245995e-09
2022-02-07,12,AR1 alpha + Basic + One-Step,NASDAQ:ABCB,0.0
2022-02-08,12,AR1 alpha + Basic + One-Step,NASDAQ:ABCB,0.0
2022-02-09,12,AR1 alpha + Basic + One-Step,NASDAQ:ABCB,1.0898406996576209e-08
2022-02-10,12,AR1 alpha + Basic + One-Step,NASDAQ:ABCB,1.7151196774256342e-08
2022-02-11,12,AR1 alpha + Basic + One-Step,NASDAQ:ABCB,8.954934186176834e-08
2022-02-14,12,AR1 alpha + Basic + One-Step,NASDAQ:ABCB,1.688128322197635e-07
2022-02-15,12,AR1 alpha + Basic + One-Step,NASDAQ:ABCB,6.753435164235565e-09
2022-02-16,12,AR1 alpha + Basic + One-Step,NASDAQ:ABCB,0.0
2022-02-17,12,AR1 alpha + Basic + One-Step,NASDAQ:ABCB,0.0
2022-02-18,12,AR1 alpha + Basic + One-Step,NASDAQ:ABCB,2.889890073553195e-07
2022-02-22,12,AR1 alpha + Basic + One-Step,NASDAQ:ABCB,1.0350149122671324e-07
2022-02-23,12,AR1 alpha + Basic + One-Step,NASDAQ:ABCB,0.0
2022-02-24,12,AR1 alpha + Basic + One-Step,NASDAQ:ABCB,0.0
2022-02-25,12,AR1 alpha + Basic + One-Step,NASDAQ:ABCB,5.256901331952821e-08
2022-02-28,12,AR1 alpha + Basic + One-Step,NASDAQ:ABCB,5.965778709584134e-08
2022-03-01,12,AR1 alpha + Basic + One-Step,NASDAQ:ABCB,1.3619350870007066e-07
2022-03-02,12,AR1 alpha + Basic + One-Step,NASDAQ:ABCB,0.0
2022-03-03,12,AR1 alpha + Basic + One-Step,NASDAQ:ABCB,0.0
2022-03-04,12,AR1 alpha + Basic + One-Step,NASDAQ:ABCB,0.0
2022-03-07,12,AR1 alpha + Basic + One-Step,NASDAQ:ABCB,0.0
2022-03-08,12,AR1 alpha + Basic + One-Step,NASDAQ:ABCB,1.2813672618039557e-06
2022-03-09,12,AR1 alpha + Basic + One-Step,NASDAQ:ABCB,2.7259138147967015e-08
2022-03-10,12,AR1 alpha + Basic + One-Step,NASDAQ:ABCB,1.5114961084043405e-09
2022-03-11,12,AR1 alpha + Basic + One-Step,NASDAQ:ABCB,2.5701069968305874e-07
2022-03-14,12,AR1 alpha + Basic + One-Step,NASDAQ:ABCB,0.0
2022-03-15,12,AR1 alpha + Basic + One-Step,NASDAQ:ABCB,0.0
2022-03-16,12,AR1 alpha + Basic + One-Step,NASDAQ:ABCB,0.0
2022-03-17,12,AR1 alpha + Basic + One-Step,NASDAQ:ABCB,3.4917815853100146e-07
2022-03-18,12,AR1 alpha + Basic + One-Step,NASDAQ:ABCB,0.0
2022-03-21,12,AR1 alpha + Basic + One-Step,NASDAQ:ABCB,0.0
2022-03-22,12,AR1 alpha + Basic + One-Step,NASDAQ:ABCB,0.0
2022-03-23,12,AR1 alpha + Basic + One-Step,NASDAQ:ABCB,1.1793198341885429e-09
2022-03-24,12,AR1 alpha + Basic + One-Step,NASDAQ:ABCB,7.438388957240019e-08
2022-03-25,12,AR1 alpha + Basic + One-Step,NASDAQ:ABCB,0.0
2022-03-28,12,AR1 alpha + Basic + One-Step,NASDAQ:ABCB,0.0
2022-03-29,12,AR1 alpha + Basic + One-Step,NASDAQ:ABCB,0.0
2022-03-30,12,AR1 alpha + Basic + One-Step,NASDAQ:ABCB,1.3582023478662497e-06
2022-03-31,12,AR1 alpha + Basic + One-Step,NASDAQ:ABCB,0.0
2022-04-01,12,AR1 alpha + Basic + One-Step,NASDAQ:ABCB,0.0
2022-04-04,12,AR1 alpha + Basic + One-Step,NASDAQ:ABCB,0.0
2022-04-05,12,AR1 alpha + Basic + One-Step,NASDAQ:ABCB,0.0
2022-04-06,12,AR1 alpha + Basic + One-Step,NASDAQ:ABCB,0.0
2022-04-07,12,AR1 alpha + Basic + One-Step,NASDAQ:ABCB,0.0
2022-04-08,12,AR1 alpha + Basic + One-Step,NASDAQ:ABCB,0.0
2022-04-11,12,AR1 alpha + Basic + One-Step,NASDAQ:ABCB,0.0
2022-04-12,12,AR1 alpha + Basic + One-Step,NASDAQ:ABCB,0.0
2022-04-13,12,AR1 alpha + Basic + One-Step,NASDAQ:ABCB,3.407355976459956e-07
2022-04-14,12,AR1 alpha + Basic + One-Step,NASDAQ:ABCB,1.9491589724450627e-07
2022-04-18,12,AR1 alpha + Basic + One-Step,NASDAQ:ABCB,2.2892375924278333e-08
2022-04-19,12,AR1 alpha + Basic + One-Step,NASDAQ:ABCB,0.0
2022-04-20,12,AR1 alpha + Basic + One-Step,NASDAQ:ABCB,8.23228325614337e-08
2022-04-21,12,AR1 alpha + Basic + One-Step,NASDAQ:ABCB,0.0
2022-04-22,12,AR1 alpha + Basic + One-Step,NASDAQ:ABCB,0.0
2022-04-25,12,AR1 alpha + Basic + One-Step,NASDAQ:ABCB,0.0
2022-04-26,12,AR1 alpha + Basic + One-Step,NASDAQ:ABCB,0.0
2022-04-27,12,AR1 alpha + Basic + One-Step,NASDAQ:ABCB,0.0
2022-04-28,12,AR1 alpha + Basic + One-Step,NASDAQ:ABCB,0.0
2022-04-29,12,AR1 alpha + Basic + One-Step,NASDAQ:ABCB,0.0
2022-05-02,12,AR1 alpha + Basic + One-Step,NASDAQ:ABCB,0.0
2022-05-03,12,AR1 alpha + Basic + One-Step,NASDAQ:ABCB,0.0
2022-05-04,12,AR1 alpha + Basic + One-Step,NASDAQ:ABCB,6.080419110889396e-07
2022-05-05,12,AR1 alpha + Basic + One-Step,NASDAQ:ABCB,0.0
2022-05-06,12,AR1 alpha + Basic + One-Step,NASDAQ:ABCB,0.0
2022-05-09,12,AR1 alpha + Basic + One-Step,NASDAQ:ABCB,0.0
2022-05-10,12,AR1 alpha + Basic + One-Step,NASDAQ:ABCB,0.0
2022-05-11,12,AR1 alpha + Basic + One-Step,NASDAQ:ABCB,0.0
2022-05-12,12,AR1 alpha + Basic + One-Step,NASDAQ:ABCB,1.618242525978956e-07
2022-05-13,12,AR1 alpha + Basic + One-Step,NASDAQ:ABCB,8.682807282320325e-08
2022-05-16,12,AR1 alpha + Basic + One-Step,NASDAQ:ABCB,6.435768556527681e-07
2022-05-17,12,AR1 alpha + Basic + One-Step,NASDAQ:ABCB,1.1614761851586527e-07
2022-05-18,12,AR1 alpha + Basic + One-Step,NASDAQ:ABCB,3.5347736892871773e-07
2022-05-19,12,AR1 alpha + Basic + One-Step,NASDAQ:ABCB,0.0
2022-05-20,12,AR1 alpha + Basic + One-Step,NASDAQ:ABCB,0.0
2022-05-23,12,AR1 alpha + Basic + One-Step,NASDAQ:ABCB,0.0
2022-05-24,12,AR1 alpha + Basic + One-Step,NASDAQ:ABCB,0.0
2022-05-25,12,AR1 alpha + Basic + One-Step,NASDAQ:ABCB,2.5454696863215924e-07
2022-05-26,12,AR1 alpha + Basic + One-Step,NASDAQ:ABCB,0.0
2022-05-27,12,AR1 alpha + Basic + One-Step,NASDAQ:ABCB,2.5772599346051806e-08
2022-05-31,12,AR1 alpha + Basic + One-Step,NASDAQ:ABCB,0.0
2022-06-01,12,AR1 alpha + Basic + One-Step,NASDAQ:ABCB,6.137691344848759e-09
2022-06-02,12,AR1 alpha + Basic + One-Step,NASDAQ:ABCB,0.0
2022-06-03,12,AR1 alpha + Basic + One-Step,NASDAQ:ABCB,0.0
2022-06-06,12,AR1 alpha + Basic + One-Step,NASDAQ:ABCB,0.0
2022-06-07,12,AR1 alpha + Basic + One-Step,NASDAQ:ABCB,0.0
2022-06-08,12,AR1 alpha + Basic + One-Step,NASDAQ:ABCB,0.0
2022-06-09,12,AR1 alpha + Basic + One-Step,NASDAQ:ABCB,0.0
2022-06-10,12,AR1 alpha + Basic + One-Step,NASDAQ:ABCB,1.4049394535171074e-07
2022-06-13,12,AR1 alpha + Basic + One-Step,NASDAQ:ABCB,3.16763695877185e-07
2022-06-14,12,AR1 alpha + Basic + One-Step,NASDAQ:ABCB,2.6853828952273355e-07
2022-06-15,12,AR1 alpha + Basic + One-Step,NASDAQ:ABCB,0.0
2022-06-16,12,AR1 alpha + Basic + One-Step,NASDAQ:ABCB,0.0
2022-06-17,12,AR1 alpha + Basic + One-Step,NASDAQ:ABCB,0.0
2022-06-21,12,AR1 alpha + Basic + One-Step,NASDAQ:ABCB,9.544533621346329e-07
2022-06-22,12,AR1 alpha + Basic + One-Step,NASDAQ:ABCB,5.088752856967078e-07
2022-06-23,12,AR1 alpha + Basic + One-Step,NASDAQ:ABCB,0.0
2022-06-24,12,AR1 alpha + Basic + One-Step,NASDAQ:ABCB,4.121216955453158e-11
2022-06-27,12,AR1 alpha + Basic + One-Step,NASDAQ:ABCB,0.0
2022-06-28,12,AR1 alpha + Basic + One-Step,NASDAQ:ABCB,0.0
2022-06-29,12,AR1 alpha + Basic + One-Step,NASDAQ:ABCB,0.0
2022-06-30,12,AR1 alpha + Basic + One-Step,NASDAQ:ABCB,0.0
2022-07-01,12,AR1 alpha + Basic + One-Step,NASDAQ:ABCB,0.0
2022-07-05,12,AR1 alpha + Basic + One-Step,NASDAQ:ABCB,0.0
2022-07-06,12,AR1 alpha + Basic + One-Step,NASDAQ:ABCB,0.0
2022-07-07,12,AR1 alpha + Basic + One-Step,NASDAQ:ABCB,0.0
2022-07-08,12,AR1 alpha + Basic + One-Step,NASDAQ:ABCB,0.0
2022-07-11,12,AR1 alpha + Basic + One-Step,NASDAQ:ABCB,0.0
2022-07-12,12,AR1 alpha + Basic + One-Step,NASDAQ:ABCB,4.750207196691981e-07
2022-07-13,12,AR1 alpha + Basic + One-Step,NASDAQ:ABCB,4.005438458384949e-07
2022-07-14,12,AR1 alpha + Basic + One-Step,NASDAQ:ABCB,0.0
2022-07-15,12,AR1 alpha + Basic + One-Step,NASDAQ:ABCB,0.0
2022-07-18,12,AR1 alpha + Basic + One-Step,NASDAQ:ABCB,1.3416639183492428e-09
2022-07-19,12,AR1 alpha + Basic + One-Step,NASDAQ:ABCB,1.718113651817837e-09
2022-07-20,12,AR1 alpha + Basic + One-Step,NASDAQ:ABCB,1.7844616043071323e-08
2022-07-21,12,AR1 alpha + Basic + One-Step,NASDAQ:ABCB,1.6714723976585266e-08
2022-07-22,12,AR1 alpha + Basic + One-Step,NASDAQ:ABCB,0.0
2022-07-25,12,AR1 alpha + Basic + One-Step,NASDAQ:ABCB,0.0
2022-07-26,12,AR1 alpha + Basic + One-Step,NASDAQ:ABCB,0.0
2022-07-27,12,AR1 alpha + Basic + One-Step,NASDAQ:ABCB,0.0
2022-07-28,12,AR1 alpha + Basic + One-Step,NASDAQ:ABCB,0.0
2022-07-29,12,AR1 alpha + Basic + One-Step,NASDAQ:ABCB,0.0
2022-08-01,12,AR1 alpha + Basic + One-Step,NASDAQ:ABCB,0.0
2022-08-02,12,AR1 alpha + Basic + One-Step,NASDAQ:ABCB,0.0
2022-08-03,12,AR1 alpha + Basic + One-Step,NASDAQ:ABCB,0.0
2022-08-04,12,AR1 alpha + Basic + One-Step,NASDAQ:ABCB,0.0
2022-08-05,12,AR1 alpha + Basic + One-Step,NASDAQ:ABCB,0.0
2022-08-08,12,AR1 alpha + Basic + One-Step,NASDAQ:ABCB,0.0
2022-08-09,12,AR1 alpha + Basic + One-Step,NASDAQ:ABCB,0.0
2022-08-10,12,AR1 alpha + Basic + One-Step,NASDAQ:ABCB,0.0
2022-08-11,12,AR1 alpha + Basic + One-Step,NASDAQ:ABCB,0.0
2022-08-12,12,AR1 alpha + Basic + One-Step,NASDAQ:ABCB,0.0
2022-08-15,12,AR1 alpha + Basic + One-Step,NASDAQ:ABCB,0.0
2022-08-16,12,AR1 alpha + Basic + One-Step,NASDAQ:ABCB,0.0
2022-08-17,12,AR1 alpha + Basic + One-Step,NASDAQ:ABCB,7.737052391164479e-10
2022-08-18,12,AR1 alpha + Basic + One-Step,NASDAQ:ABCB,0.0
2022-08-19,12,AR1 alpha + Basic + One-Step,NASDAQ:ABCB,0.0
2022-08-22,12,AR1 alpha + Basic + One-Step,NASDAQ:ABCB,0.0
2022-08-23,12,AR1 alpha + Basic + One-Step,NASDAQ:ABCB,0.0
2022-08-24,12,AR1 alpha + Basic + One-Step,NASDAQ:ABCB,1.7147586279560563e-07
2022-08-25,12,AR1 alpha + Basic + One-Step,NASDAQ:ABCB,0.0
2022-08-26,12,AR1 alpha + Basic + One-Step,NASDAQ:ABCB,0.0
2022-08-29,12,AR1 alpha + Basic + One-Step,NASDAQ:ABCB,0.0
2022-08-30,12,AR1 alpha + Basic + One-Step,NASDAQ:ABCB,0.0
2022-08-31,12,AR1 alpha + Basic + One-Step,NASDAQ:ABCB,0.0
2022-09-01,12,AR1 alpha + Basic + One-Step,NASDAQ:ABCB,0.0
2022-09-02,12,AR1 alpha + Basic + One-Step,NASDAQ:ABCB,0.0
2022-09-06,12,AR1 alpha + Basic + One-Step,NASDAQ:ABCB,0.0
2022-09-07,12,AR1 alpha + Basic + One-Step,NASDAQ:ABCB,0.0
2022-09-08,12,AR1 alpha + Basic + One-Step,NASDAQ:ABCB,0.0
2022-09-09,12,AR1 alpha + Basic + One-Step,NASDAQ:ABCB,3.0015301765185775e-07
2022-09-12,12,AR1 alpha + Basic + One-Step,NASDAQ:ABCB,0.0
2022-09-13,12,AR1 alpha + Basic + One-Step,NASDAQ:ABCB,0.0
2022-09-14,12,AR1 alpha + Basic + One-Step,NASDAQ:ABCB,0.0
2022-09-15,12,AR1 alpha + Basic + One-Step,NASDAQ:ABCB,4.793250335930248e-09
2022-09-16,12,AR1 alpha + Basic + One-Step,NASDAQ:ABCB,0.0
2022-09-19,12,AR1 alpha + Basic + One-Step,NASDAQ:ABCB,0.0
2022-09-20,12,AR1 alpha + Basic + One-Step,NASDAQ:ABCB,4.796688197635056e-07
2022-09-21,12,AR1 alpha + Basic + One-Step,NASDAQ:ABCB,0.0
2022-09-22,12,AR1 alpha + Basic + One-Step,NASDAQ:ABCB,0.0
2022-09-23,12,AR1 alpha + Basic + One-Step,NASDAQ:ABCB,0.0
2022-09-26,12,AR1 alpha + Basic + One-Step,NASDAQ:ABCB,2.6750578762947633e-09
2022-09-27,12,AR1 alpha + Basic + One-Step,NASDAQ:ABCB,0.0
2022-09-28,12,AR1 alpha + Basic + One-Step,NASDAQ:ABCB,0.0
2022-09-29,12,AR1 alpha + Basic + One-Step,NASDAQ:ABCB,0.0
2022-09-30,12,AR1 alpha + Basic + One-Step,NASDAQ:ABCB,0.0
2022-10-03,12,AR1 alpha + Basic + One-Step,NASDAQ:ABCB,0.0
2022-10-04,12,AR1 alpha + Basic + One-Step,NASDAQ:ABCB,0.0
2022-10-05,12,AR1 alpha + Basic + One-Step,NASDAQ:ABCB,0.0
2022-10-06,12,AR1 alpha + Basic + One-Step,NASDAQ:ABCB,0.0
2022-10-07,12,AR1 alpha + Basic + One-Step,NASDAQ:ABCB,0.0
2022-10-10,12,AR1 alpha + Basic + One-Step,NASDAQ:ABCB,0.0
2022-10-11,12,AR1 alpha + Basic + One-Step,NASDAQ:ABCB,7.868416964205089e-07
2022-10-12,12,AR1 alpha + Basic + One-Step,NASDAQ:ABCB,4.803240803689142e-07
2022-10-13,12,AR1 alpha + Basic + One-Step,NASDAQ:ABCB,0.0
2022-10-14,12,AR1 alpha + Basic + One-Step,NASDAQ:ABCB,1.808428296536475e-07
2022-10-17,12,AR1 alpha + Basic + One-Step,NASDAQ:ABCB,0.0
2022-10-18,12,AR1 alpha + Basic + One-Step,NASDAQ:ABCB,0.0
2022-10-19,12,AR1 alpha + Basic + One-Step,NASDAQ:ABCB,1.931001305962121e-08
2022-10-20,12,AR1 alpha + Basic + One-Step,NASDAQ:ABCB,0.0
2022-10-21,12,AR1 alpha + Basic + One-Step,NASDAQ:ABCB,1.3723233069209744e-07
2022-10-24,12,AR1 alpha + Basic + One-Step,NASDAQ:ABCB,0.0
2022-10-25,12,AR1 alpha + Basic + One-Step,NASDAQ:ABCB,0.0
2022-10-26,12,AR1 alpha + Basic + One-Step,NASDAQ:ABCB,0.0
2022-10-27,12,AR1 alpha + Basic + One-Step,NASDAQ:ABCB,0.0
2022-10-28,12,AR1 alpha + Basic + One-Step,NASDAQ:ABCB,0.0
2022-10-31,12,AR1 alpha + Basic + One-Step,NASDAQ:ABCB,0.0
2022-11-01,12,AR1 alpha + Basic + One-Step,NASDAQ:ABCB,0.0
2022-11-02,12,AR1 alpha + Basic + One-Step,NASDAQ:ABCB,7.623383917939272e-07
2022-11-03,12,AR1 alpha + Basic + One-Step,NASDAQ:ABCB,1.1500862670408345e-06
2022-11-04,12,AR1 alpha + Basic + One-Step,NASDAQ:ABCB,1.1167490930811713e-06
2022-11-07,12,AR1 alpha + Basic + One-Step,NASDAQ:ABCB,4.255162059402182e-07
2022-11-08,12,AR1 alpha + Basic + One-Step,NASDAQ:ABCB,0.0
2022-11-09,12,AR1 alpha + Basic + One-Step,NASDAQ:ABCB,0.0
2022-11-10,12,AR1 alpha + Basic + One-Step,NASDAQ:ABCB,0.0
2022-11-11,12,AR1 alpha + Basic + One-Step,NASDAQ:ABCB,2.1764005888711932e-07
2022-11-14,12,AR1 alpha + Basic + One-Step,NASDAQ:ABCB,0.0
2022-11-15,12,AR1 alpha + Basic + One-Step,NASDAQ:ABCB,0.0
2022-11-16,12,AR1 alpha + Basic + One-Step,NASDAQ:ABCB,0.0
2022-11-17,12,AR1 alpha + Basic + One-Step,NASDAQ:ABCB,0.0
2022-11-18,12,AR1 alpha + Basic + One-Step,NASDAQ:ABCB,4.976298432478156e-07
2022-11-21,12,AR1 alpha + Basic + One-Step,NASDAQ:ABCB,6.079980769845544e-07
2022-11-22,12,AR1 alpha + Basic + One-Step,NASDAQ:ABCB,7.713045290634581e-08
2022-11-23,12,AR1 alpha + Basic + One-Step,NASDAQ:ABCB,0.0
2022-11-25,12,AR1 alpha + Basic + One-Step,NASDAQ:ABCB,0.0
2022-11-28,12,AR1 alpha + Basic + One-Step,NASDAQ:ABCB,3.19931367139065e-08
2022-11-29,12,AR1 alpha + Basic + One-Step,NASDAQ:ABCB,0.0
2022-11-30,12,AR1 alpha + Basic + One-Step,NASDAQ:ABCB,7.313414022448486e-08
2022-12-01,12,AR1 alpha + Basic + One-Step,NASDAQ:ABCB,4.1326040605612135e-08
2022-12-02,12,AR1 alpha + Basic + One-Step,NASDAQ:ABCB,0.0
2022-12-05,12,AR1 alpha + Basic + One-Step,NASDAQ:ABCB,0.0
2022-12-06,12,AR1 alpha + Basic + One-Step,NASDAQ:ABCB,0.0
2022-12-07,12,AR1 alpha + Basic + One-Step,NASDAQ:ABCB,0.0
2022-12-08,12,AR1 alpha + Basic + One-Step,NASDAQ:ABCB,0.0
2022-12-09,12,AR1 alpha + Basic + One-Step,NASDAQ:ABCB,0.0
2022-12-12,12,AR1 alpha + Basic + One-Step,NASDAQ:ABCB,1.759770692063741e-08
2022-12-13,12,AR1 alpha + Basic + One-Step,NASDAQ:ABCB,0.0
2022-12-14,12,AR1 alpha + Basic + One-Step,NASDAQ:ABCB,1.2753105411122704e-07
2022-12-15,12,AR1 alpha + Basic + One-Step,NASDAQ:ABCB,0.0
2022-12-16,12,AR1 alpha + Basic + One-Step,NASDAQ:ABCB,0.0
2022-12-19,12,AR1 alpha + Basic + One-Step,NASDAQ:ABCB,0.0
2022-12-20,12,AR1 alpha + Basic + One-Step,NASDAQ:ABCB,0.0
2022-12-21,12,AR1 alpha + Basic + One-Step,NASDAQ:ABCB,1.285511325062999e-09
2022-12-22,12,AR1 alpha + Basic + One-Step,NASDAQ:ABCB,0.0
2022-12-23,12,AR1 alpha + Basic + One-Step,NASDAQ:ABCB,0.0
2022-12-27,12,AR1 alpha + Basic + One-Step,NASDAQ:ABCB,3.5789484186212053e-07
2022-12-28,12,AR1 alpha + Basic + One-Step,NASDAQ:ABCB,0.0
2022-12-29,12,AR1 alpha + Basic + One-Step,NASDAQ:ABCB,2.3298276706952054e-08
2022-12-30,12,AR1 alpha + Basic + One-Step,NASDAQ:ABCB,0.0
2023-01-03,12,AR1 alpha + Basic + One-Step,NASDAQ:ABCB,1.7908145157962743e-07
2023-01-04,12,AR1 alpha + Basic + One-Step,NASDAQ:ABCB,0.0
2023-01-05,12,AR1 alpha + Basic + One-Step,NASDAQ:ABCB,0.0
2023-01-06,12,AR1 alpha + Basic + One-Step,NASDAQ:ABCB,0.0
2023-01-09,12,AR1 alpha + Basic + One-Step,NASDAQ:ABCB,0.0
2023-01-10,12,AR1 alpha + Basic + One-Step,NASDAQ:ABCB,0.0
2023-01-11,12,AR1 alpha + Basic + One-Step,NASDAQ:ABCB,1.653536683605162e-08
2023-01-12,12,AR1 alpha + Basic + One-Step,NASDAQ:ABCB,0.0
2023-01-13,12,AR1 alpha + Basic + One-Step,NASDAQ:ABCB,1.545430410012974e-08
2023-01-17,12,AR1 alpha + Basic + One-Step,NASDAQ:ABCB,0.0
2023-01-18,12,AR1 alpha + Basic + One-Step,NASDAQ:ABCB,0.0
2023-01-19,12,AR1 alpha + Basic + One-Step,NASDAQ:ABCB,0.0
2023-01-20,12,AR1 alpha + Basic + One-Step,NASDAQ:ABCB,0.0
2023-01-23,12,AR1 alpha + Basic + One-Step,NASDAQ:ABCB,0.0
2023-01-24,12,AR1 alpha + Basic + One-Step,NASDAQ:ABCB,0.0
2023-01-25,12,AR1 alpha + Basic + One-Step,NASDAQ:ABCB,0.0
2023-01-26,12,AR1 alpha + Basic + One-Step,NASDAQ:ABCB,0.0
2023-01-27,12,AR1 alpha + Basic + One-Step,NASDAQ:ABCB,0.0
2023-01-30,12,AR1 alpha + Basic + One-Step,NASDAQ:ABCB,0.0
2023-01-31,12,AR1 alpha + Basic + One-Step,NASDAQ:ABCB,0.0
2023-02-01,12,AR1 alpha + Basic + One-Step,NASDAQ:ABCB,0.0
2023-02-02,12,AR1 alpha + Basic + One-Step,NASDAQ:ABCB,7.822210549386237e-07
2023-02-03,12,AR1 alpha + Basic + One-Step,NASDAQ:ABCB,1.2832369607663794e-07
2023-02-06,12,AR1 alpha + Basic + One-Step,NASDAQ:ABCB,0.0
2023-02-07,12,AR1 alpha + Basic + One-Step,NASDAQ:ABCB,0.0
2023-02-08,12,AR1 alpha + Basic + One-Step,NASDAQ:ABCB,0.0
2023-02-09,12,AR1 alpha + Basic + One-Step,NASDAQ:ABCB,0.0
2023-02-10,12,AR1 alpha + Basic + One-Step,NASDAQ:ABCB,0.0
2023-02-13,12,AR1 alpha + Basic + One-Step,NASDAQ:ABCB,0.0
2023-02-14,12,AR1 alpha + Basic + One-Step,NASDAQ:ABCB,0.0
2023-02-15,12,AR1 alpha + Basic + One-Step,NASDAQ:ABCB,0.0
2023-02-16,12,AR1 alpha + Basic + One-Step,NASDAQ:ABCB,2.5603881966744075e-09
2023-02-17,12,AR1 alpha + Basic + One-Step,NASDAQ:ABCB,0.0
2023-02-21,12,AR1 alpha + Basic + One-Step,NASDAQ:ABCB,0.0
2023-02-22,12,AR1 alpha + Basic + One-Step,NASDAQ:ABCB,0.0
2023-02-23,12,AR1 alpha + Basic + One-Step,NASDAQ:ABCB,4.342343790322936e-08
2023-02-24,12,AR1 alpha + Basic + One-Step,NASDAQ:ABCB,0.0
2023-02-27,12,AR1 alpha + Basic + One-Step,NASDAQ:ABCB,0.0
2023-02-28,12,AR1 alpha + Basic + One-Step,NASDAQ:ABCB,0.0
2023-03-01,12,AR1 alpha + Basic + One-Step,NASDAQ:ABCB,0.0
2023-03-02,12,AR1 alpha + Basic + One-Step,NASDAQ:ABCB,1.4704607911765991e-08
2023-03-03,12,AR1 alpha + Basic + One-Step,NASDAQ:ABCB,0.0
2023-03-06,12,AR1 alpha + Basic + One-Step,NASDAQ:ABCB,0.0
2023-03-07,12,AR1 alpha + Basic + One-Step,NASDAQ:ABCB,0.0
2023-03-08,12,AR1 alpha + Basic + One-Step,NASDAQ:ABCB,0.0
2023-03-09,12,AR1 alpha + Basic + One-Step,NASDAQ:ABCB,0.0
2023-03-10,12,AR1 alpha + Basic + One-Step,NASDAQ:ABCB,7.782609502131061e-09
2023-03-13,12,AR1 alpha + Basic + One-Step,NASDAQ:ABCB,2.4982962390063003e-07
2023-03-14,12,AR1 alpha + Basic + One-Step,NASDAQ:ABCB,0.0
2023-03-15,12,AR1 alpha + Basic + One-Step,NASDAQ:ABCB,2.8333139203899436e-08
2023-03-16,12,AR1 alpha + Basic + One-Step,NASDAQ:ABCB,9.144840972189546e-08
2023-03-17,12,AR1 alpha + Basic + One-Step,NASDAQ:ABCB,0.0
2023-03-20,12,AR1 alpha + Basic + One-Step,NASDAQ:ABCB,0.0
2023-03-21,12,AR1 alpha + Basic + One-Step,NASDAQ:ABCB,0.0
2023-03-22,12,AR1 alpha + Basic + One-Step,NASDAQ:ABCB,0.0
2023-03-23,12,AR1 alpha + Basic + One-Step,NASDAQ:ABCB,3.820889786726058e-08
2023-03-24,12,AR1 alpha + Basic + One-Step,NASDAQ:ABCB,9.551980131406018e-09
2023-03-27,12,AR1 alpha + Basic + One-Step,NASDAQ:ABCB,0.0
2023-03-28,12,AR1 alpha + Basic + One-Step,NASDAQ:ABCB,0.0
2023-03-29,12,AR1 alpha + Basic + One-Step,NASDAQ:ABCB,0.0
2023-03-30,12,AR1 alpha + Basic + One-Step,NASDAQ:ABCB,0.0
2023-03-31,12,AR1 alpha + Basic + One-Step,NASDAQ:ABCB,3.0553554467511803e-07
2023-04-03,12,AR1 alpha + Basic + One-Step,NASDAQ:ABCB,0.0
2023-04-04,12,AR1 alpha + Basic + One-Step,NASDAQ:ABCB,0.0
2023-04-05,12,AR1 alpha + Basic + One-Step,NASDAQ:ABCB,1.6687048496926006e-07
2023-04-06,12,AR1 alpha + Basic + One-Step,NASDAQ:ABCB,3.67825100944838e-07
2023-04-10,12,AR1 alpha + Basic + One-Step,NASDAQ:ABCB,6.069930260174059e-07
2023-04-11,12,AR1 alpha + Basic + One-Step,NASDAQ:ABCB,2.095176163769307e-07
2023-04-12,12,AR1 alpha + Basic + One-Step,NASDAQ:ABCB,9.933242073751883e-07
2023-04-13,12,AR1 alpha + Basic + One-Step,NASDAQ:ABCB,4.4644596392929165e-07
2023-04-14,12,AR1 alpha + Basic + One-Step,NASDAQ:ABCB,1.5346349713774154e-07
2023-04-17,12,AR1 alpha + Basic + One-Step,NASDAQ:ABCB,5.3262742571648576e-08
2023-04-18,12,AR1 alpha + Basic + One-Step,NASDAQ:ABCB,5.402803118111005e-07
2023-04-19,12,AR1 alpha + Basic + One-Step,NASDAQ:ABCB,2.35057703542392e-07
2023-04-20,12,AR1 alpha + Basic + One-Step,NASDAQ:ABCB,1.0164462920576537e-07
2023-04-21,12,AR1 alpha + Basic + One-Step,NASDAQ:ABCB,2.0916779891742845e-07
2023-04-24,12,AR1 alpha + Basic + One-Step,NASDAQ:ABCB,0.0
2023-04-25,12,AR1 alpha + Basic + One-Step,NASDAQ:ABCB,0.0
2023-04-26,12,AR1 alpha + Basic + One-Step,NASDAQ:ABCB,1.1200734615523082e-09
2023-04-27,12,AR1 alpha + Basic + One-Step,NASDAQ:ABCB,3.2873693666766786e-07
2023-04-28,12,AR1 alpha + Basic + One-Step,NASDAQ:ABCB,1.2698057174950523e-07
2023-05-01,12,AR1 alpha + Basic + One-Step,NASDAQ:ABCB,5.98321675003622e-08
2023-05-02,12,AR1 alpha + Basic + One-Step,NASDAQ:ABCB,9.766680061042148e-08
2023-05-03,12,AR1 alpha + Basic + One-Step,NASDAQ:ABCB,0.0
2023-05-04,12,AR1 alpha + Basic + One-Step,NASDAQ:ABCB,0.0
2023-05-05,12,AR1 alpha + Basic + One-Step,NASDAQ:ABCB,1.2028388785960684e-07
2023-05-08,12,AR1 alpha + Basic + One-Step,NASDAQ:ABCB,1.8798572356585377e-08
2023-05-09,12,AR1 alpha + Basic + One-Step,NASDAQ:ABCB,0.0
2023-05-10,12,AR1 alpha + Basic + One-Step,NASDAQ:ABCB,1.278415345224238e-07
2023-05-11,12,AR1 alpha + Basic + One-Step,NASDAQ:ABCB,5.640855302052915e-07
2023-05-12,12,AR1 alpha + Basic + One-Step,NASDAQ:ABCB,1.3133483658805142e-06
2023-05-15,12,AR1 alpha + Basic + One-Step,NASDAQ:ABCB,6.134517100903008e-07
2023-05-16,12,AR1 alpha + Basic + One-Step,NASDAQ:ABCB,0.0
2023-05-17,12,AR1 alpha + Basic + One-Step,NASDAQ:ABCB,0.0
2023-05-18,12,AR1 alpha + Basic + One-Step,NASDAQ:ABCB,0.0
2023-05-19,12,AR1 alpha + Basic + One-Step,NASDAQ:ABCB,0.0
2023-05-22,12,AR1 alpha + Basic + One-Step,NASDAQ:ABCB,0.0
2023-05-23,12,AR1 alpha + Basic + One-Step,NASDAQ:ABCB,0.0
2023-05-24,12,AR1 alpha + Basic + One-Step,NASDAQ:ABCB,0.0
2023-05-25,12,AR1 alpha + Basic + One-Step,NASDAQ:ABCB,0.0
2023-05-26,12,AR1 alpha + Basic + One-Step,NASDAQ:ABCB,0.0
2023-05-30,12,AR1 alpha + Basic + One-Step,NASDAQ:ABCB,0.0
2023-05-31,12,AR1 alpha + Basic + One-Step,NASDAQ:ABCB,0.0
2023-06-01,12,AR1 alpha + Basic + One-Step,NASDAQ:ABCB,0.0
2023-06-02,12,AR1 alpha + Basic + One-Step,NASDAQ:ABCB,0.0
2023-06-05,12,AR1 alpha + Basic + One-Step,NASDAQ:ABCB,0.0
2023-06-06,12,AR1 alpha + Basic + One-Step,NASDAQ:ABCB,1.1249444702895387e-06
2023-06-07,12,AR1 alpha + Basic + One-Step,NASDAQ:ABCB,4.735271163002636e-08
2023-06-08,12,AR1 alpha + Basic + One-Step,NASDAQ:ABCB,3.311615712256581e-08
2023-06-09,12,AR1 alpha + Basic + One-Step,NASDAQ:ABCB,1.3607698866369696e-06
2023-06-12,12,AR1 alpha + Basic + One-Step,NASDAQ:ABCB,0.0
2023-06-13,12,AR1 alpha + Basic + One-Step,NASDAQ:ABCB,1.3885909104573965e-07
2023-06-14,12,AR1 alpha + Basic + One-Step,NASDAQ:ABCB,0.0
2023-06-15,12,AR1 alpha + Basic + One-Step,NASDAQ:ABCB,0.0
2023-06-16,12,AR1 alpha + Basic + One-Step,NASDAQ:ABCB,1.693905868266042e-08
2023-06-20,12,AR1 alpha + Basic + One-Step,NASDAQ:ABCB,0.0
2023-06-21,12,AR1 alpha + Basic + One-Step,NASDAQ:ABCB,0.0
2023-06-22,12,AR1 alpha + Basic + One-Step,NASDAQ:ABCB,0.0
2023-06-23,12,AR1 alpha + Basic + One-Step,NASDAQ:ABCB,0.0
2023-06-26,12,AR1 alpha + Basic + One-Step,NASDAQ:ABCB,2.579569423743721e-08
2023-06-27,12,AR1 alpha + Basic + One-Step,NASDAQ:ABCB,0.0
2023-06-28,12,AR1 alpha + Basic + One-Step,NASDAQ:ABCB,0.0
2023-06-29,12,AR1 alpha + Basic + One-Step,NASDAQ:ABCB,0.0
2023-06-30,12,AR1 alpha + Basic + One-Step,NASDAQ:ABCB,0.0
2023-07-03,12,AR1 alpha + Basic + One-Step,NASDAQ:ABCB,0.0
2023-07-05,12,AR1 alpha + Basic + One-Step,NASDAQ:ABCB,1.5100755736695871e-06
2023-07-06,12,AR1 alpha + Basic + One-Step,NASDAQ:ABCB,0.0
2023-07-07,12,AR1 alpha + Basic + One-Step,NASDAQ:ABCB,0.0
2023-07-10,12,AR1 alpha + Basic + One-Step,NASDAQ:ABCB,2.065734930509576e-06
2023-07-11,12,AR1 alpha + Basic + One-Step,NASDAQ:ABCB,0.0
2023-07-12,12,AR1 alpha + Basic + One-Step,NASDAQ:ABCB,0.0
2023-07-13,12,AR1 alpha + Basic + One-Step,NASDAQ:ABCB,0.0
2023-07-14,12,AR1 alpha + Basic + One-Step,NASDAQ:ABCB,1.83175613475226e-07
2023-07-17,12,AR1 alpha + Basic + One-Step,NASDAQ:ABCB,5.590113195661734e-07
2023-07-18,12,AR1 alpha + Basic + One-Step,NASDAQ:ABCB,1.1213767926087874e-06
2023-07-19,12,AR1 alpha + Basic + One-Step,NASDAQ:ABCB,6.893027841379024e-23
2023-07-20,12,AR1 alpha + Basic + One-Step,NASDAQ:ABCB,0.0
2023-07-21,12,AR1 alpha + Basic + One-Step,NASDAQ:ABCB,0.0
2023-07-24,12,AR1 alpha + Basic + One-Step,NASDAQ:ABCB,0.0
2023-07-25,12,AR1 alpha + Basic + One-Step,NASDAQ:ABCB,0.0
2023-07-26,12,AR1 alpha + Basic + One-Step,NASDAQ:ABCB,0.0
2023-07-27,12,AR1 alpha + Basic + One-Step,NASDAQ:ABCB,0.0
2023-07-28,12,AR1 alpha + Basic + One-Step,NASDAQ:ABCB,0.0
2023-07-31,12,AR1 alpha + Basic + One-Step,NASDAQ:ABCB,0.0
2023-08-01,12,AR1 alpha + Basic + One-Step,NASDAQ:ABCB,0.0
2023-08-02,12,AR1 alpha + Basic + One-Step,NASDAQ:ABCB,0.0
2023-08-03,12,AR1 alpha + Basic + One-Step,NASDAQ:ABCB,0.0
2023-08-04,12,AR1 alpha + Basic + One-Step,NASDAQ:ABCB,0.0
2023-08-07,12,AR1 alpha + Basic + One-Step,NASDAQ:ABCB,2.2579408330875128e-09
2023-08-08,12,AR1 alpha + Basic + One-Step,NASDAQ:ABCB,0.0
2023-08-09,12,AR1 alpha + Basic + One-Step,NASDAQ:ABCB,0.0
2023-08-10,12,AR1 alpha + Basic + One-Step,NASDAQ:ABCB,0.0
2023-08-11,12,AR1 alpha + Basic + One-Step,NASDAQ:ABCB,5.316346703545544e-07
2023-08-14,12,AR1 alpha + Basic + One-Step,NASDAQ:ABCB,0.0
2023-08-15,12,AR1 alpha + Basic + One-Step,NASDAQ:ABCB,0.0
2023-08-16,12,AR1 alpha + Basic + One-Step,NASDAQ:ABCB,0.0
2023-08-17,12,AR1 alpha + Basic + One-Step,NASDAQ:ABCB,0.0
2023-08-18,12,AR1 alpha + Basic + One-Step,NASDAQ:ABCB,0.0
2023-08-21,12,AR1 alpha + Basic + One-Step,NASDAQ:ABCB,9.659564033838008e-10
2023-08-22,12,AR1 alpha + Basic + One-Step,NASDAQ:ABCB,0.0
2023-08-23,12,AR1 alpha + Basic + One-Step,NASDAQ:ABCB,7.125948360222164e-08
2023-08-24,12,AR1 alpha + Basic + One-Step,NASDAQ:ABCB,0.0
2023-08-25,12,AR1 alpha + Basic + One-Step,NASDAQ:ABCB,7.890698780538651e-08
2023-08-28,12,AR1 alpha + Basic + One-Step,NASDAQ:ABCB,6.527701689308648e-09
2023-08-29,12,AR1 alpha + Basic + One-Step,NASDAQ:ABCB,0.0
2023-08-30,12,AR1 alpha + Basic + One-Step,NASDAQ:ABCB,0.0
2023-08-31,12,AR1 alpha + Basic + One-Step,NASDAQ:ABCB,0.0
2023-09-01,12,AR1 alpha + Basic + One-Step,NASDAQ:ABCB,0.0
2023-09-05,12,AR1 alpha + Basic + One-Step,NASDAQ:ABCB,0.0
2023-09-06,12,AR1 alpha + Basic + One-Step,NASDAQ:ABCB,5.529222425854893e-09
2023-09-07,12,AR1 alpha + Basic + One-Step,NASDAQ:ABCB,8.37280479535221e-07
2023-09-08,12,AR1 alpha + Basic + One-Step,NASDAQ:ABCB,1.239898073749535e-06
2023-09-11,12,AR1 alpha + Basic + One-Step,NASDAQ:ABCB,4.492493879708691e-07
2023-09-12,12,AR1 alpha + Basic + One-Step,NASDAQ:ABCB,3.7530165195518443e-06
2023-09-13,12,AR1 alpha + Basic + One-Step,NASDAQ:ABCB,0.0
2023-09-14,12,AR1 alpha + Basic + One-Step,NASDAQ:ABCB,0.0
2023-09-15,12,AR1 alpha + Basic + One-Step,NASDAQ:ABCB,0.0
2023-09-18,12,AR1 alpha + Basic + One-Step,NASDAQ:ABCB,3.4613613464097663e-10
2023-09-19,12,AR1 alpha + Basic + One-Step,NASDAQ:ABCB,8.131479484548318e-09
2023-09-20,12,AR1 alpha + Basic + One-Step,NASDAQ:ABCB,0.0
2023-09-21,12,AR1 alpha + Basic + One-Step,NASDAQ:ABCB,0.0
2023-09-22,12,AR1 alpha + Basic + One-Step,NASDAQ:ABCB,0.0
2023-09-25,12,AR1 alpha + Basic + One-Step,NASDAQ:ABCB,0.0
2023-09-26,12,AR1 alpha + Basic + One-Step,NASDAQ:ABCB,0.0
2023-09-27,12,AR1 alpha + Basic + One-Step,NASDAQ:ABCB,0.0
2023-09-28,12,AR1 alpha + Basic + One-Step,NASDAQ:ABCB,0.0
2023-09-29,12,AR1 alpha + Basic + One-Step,NASDAQ:ABCB,6.169595706953601e-10
2023-10-02,12,AR1 alpha + Basic + One-Step,NASDAQ:ABCB,0.0
2023-10-03,12,AR1 alpha + Basic + One-Step,NASDAQ:ABCB,0.0
2023-10-04,12,AR1 alpha + Basic + One-Step,NASDAQ:ABCB,0.0
2023-10-05,12,AR1 alpha + Basic + One-Step,NASDAQ:ABCB,0.0
2023-10-06,12,AR1 alpha + Basic + One-Step,NASDAQ:ABCB,0.0
2023-10-09,12,AR1 alpha + Basic + One-Step,NASDAQ:ABCB,0.0
2023-10-10,12,AR1 alpha + Basic + One-Step,NASDAQ:ABCB,0.0
2023-10-11,12,AR1 alpha + Basic + One-Step,NASDAQ:ABCB,1.0087847318006913e-08
2023-10-12,12,AR1 alpha + Basic + One-Step,NASDAQ:ABCB,0.0
2023-10-13,12,AR1 alpha + Basic + One-Step,NASDAQ:ABCB,5.013456028686417e-09
2023-10-16,12,AR1 alpha + Basic + One-Step,NASDAQ:ABCB,0.0
2023-10-17,12,AR1 alpha + Basic + One-Step,NASDAQ:ABCB,5.311389116816963e-07
2023-10-18,12,AR1 alpha + Basic + One-Step,NASDAQ:ABCB,0.0
2023-10-19,12,AR1 alpha + Basic + One-Step,NASDAQ:ABCB,0.0
2023-10-20,12,AR1 alpha + Basic + One-Step,NASDAQ:ABCB,0.0
2023-10-23,12,AR1 alpha + Basic + One-Step,NASDAQ:ABCB,0.0
2023-10-24,12,AR1 alpha + Basic + One-Step,NASDAQ:ABCB,0.0
2023-10-25,12,AR1 alpha + Basic + One-Step,NASDAQ:ABCB,0.0
2023-10-26,12,AR1 alpha + Basic + One-Step,NASDAQ:ABCB,0.0
2023-10-27,12,AR1 alpha + Basic + One-Step,NASDAQ:ABCB,0.0
2023-10-30,12,AR1 alpha + Basic + One-Step,NASDAQ:ABCB,0.0
2023-10-31,12,AR1 alpha + Basic + One-Step,NASDAQ:ABCB,0.0
2023-11-01,12,AR1 alpha + Basic + One-Step,NASDAQ:ABCB,0.0
2023-11-02,12,AR1 alpha + Basic + One-Step,NASDAQ:ABCB,0.0
2023-11-03,12,AR1 alpha + Basic + One-Step,NASDAQ:ABCB,0.0
2023-11-06,12,AR1 alpha + Basic + One-Step,NASDAQ:ABCB,0.0
2023-11-07,12,AR1 alpha + Basic + One-Step,NASDAQ:ABCB,8.322580144026845e-09
2023-11-08,12,AR1 alpha + Basic + One-Step,NASDAQ:ABCB,2.1059875496052717e-08
2023-11-09,12,AR1 alpha + Basic + One-Step,NASDAQ:ABCB,0.0
2023-11-10,12,AR1 alpha + Basic + One-Step,NASDAQ:ABCB,0.0
2023-11-13,12,AR1 alpha + Basic + One-Step,NASDAQ:ABCB,0.0
2023-11-14,12,AR1 alpha + Basic + One-Step,NASDAQ:ABCB,0.0
2023-11-15,12,AR1 alpha + Basic + One-Step,NASDAQ:ABCB,0.0
2023-11-16,12,AR1 alpha + Basic + One-Step,NASDAQ:ABCB,0.0
2023-11-17,12,AR1 alpha + Basic + One-Step,NASDAQ:ABCB,0.0
2023-11-20,12,AR1 alpha + Basic + One-Step,NASDAQ:ABCB,0.0
2023-11-21,12,AR1 alpha + Basic + One-Step,NASDAQ:ABCB,0.0
2023-11-22,12,AR1 alpha + Basic + One-Step,NASDAQ:ABCB,0.0
2023-11-24,12,AR1 alpha + Basic + One-Step,NASDAQ:ABCB,0.0
2023-11-27,12,AR1 alpha + Basic + One-Step,NASDAQ:ABCB,0.0
2023-11-28,12,AR1 alpha + Basic + One-Step,NASDAQ:ABCB,7.858048551954816e-09
2023-11-29,12,AR1 alpha + Basic + One-Step,NASDAQ:ABCB,4.866825434287679e-09
2023-11-30,12,AR1 alpha + Basic + One-Step,NASDAQ:ABCB,0.0
2023-12-01,12,AR1 alpha + Basic + One-Step,NASDAQ:ABCB,3.4254742663749895e-07
2023-12-04,12,AR1 alpha + Basic + One-Step,NASDAQ:ABCB,0.0
2023-12-05,12,AR1 alpha + Basic + One-Step,NASDAQ:ABCB,0.0
2023-12-06,12,AR1 alpha + Basic + One-Step,NASDAQ:ABCB,0.0
2023-12-07,12,AR1 alpha + Basic + One-Step,NASDAQ:ABCB,0.0
2023-12-08,12,AR1 alpha + Basic + One-Step,NASDAQ:ABCB,0.0
2023-12-11,12,AR1 alpha + Basic + One-Step,NASDAQ:ABCB,0.0
2023-12-12,12,AR1 alpha + Basic + One-Step,NASDAQ:ABCB,0.0
2023-12-13,12,AR1 alpha + Basic + One-Step,NASDAQ:ABCB,0.0
2023-12-14,12,AR1 alpha + Basic + One-Step,NASDAQ:ABCB,0.0
2023-12-15,12,AR1 alpha + Basic + One-Step,NASDAQ:ABCB,0.0
2023-12-18,12,AR1 alpha + Basic + One-Step,NASDAQ:ABCB,0.0
2023-12-19,12,AR1 alpha + Basic + One-Step,NASDAQ:ABCB,0.0
2023-12-20,12,AR1 alpha + Basic + One-Step,NASDAQ:ABCB,0.0
2023-12-21,12,AR1 alpha + Basic + One-Step,NASDAQ:ABCB,0.0
2023-12-22,12,AR1 alpha + Basic + One-Step,NASDAQ:ABCB,4.788141404824298e-07
2023-12-26,12,AR1 alpha + Basic + One-Step,NASDAQ:ABCB,0.0
2023-12-27,12,AR1 alpha + Basic + One-Step,NASDAQ:ABCB,1.0113111430362245e-08
2023-12-28,12,AR1 alpha + Basic + One-Step,NASDAQ:ABCB,0.0
2023-12-29,12,AR1 alpha + Basic + One-Step,NASDAQ:ABCB,0.0
2024-01-02,12,AR1 alpha + Basic + One-Step,NASDAQ:ABCB,0.0
2024-01-03,12,AR1 alpha + Basic + One-Step,NASDAQ:ABCB,0.0
2024-01-04,12,AR1 alpha + Basic + One-Step,NASDAQ:ABCB,0.0
2024-01-05,12,AR1 alpha + Basic + One-Step,NASDAQ:ABCB,0.0
2024-01-08,12,AR1 alpha + Basic + One-Step,NASDAQ:ABCB,0.0
2024-01-09,12,AR1 alpha + Basic + One-Step,NASDAQ:ABCB,0.0
2024-01-10,12,AR1 alpha + Basic + One-Step,NASDAQ:ABCB,0.0
2024-01-11,12,AR1 alpha + Basic + One-Step,NASDAQ:ABCB,2.370022474991935e-07
2024-01-12,12,AR1 alpha + Basic + One-Step,NASDAQ:ABCB,0.0
2024-01-16,12,AR1 alpha + Basic + One-Step,NASDAQ:ABCB,0.0
2024-01-17,12,AR1 alpha + Basic + One-Step,NASDAQ:ABCB,0.0
2024-01-18,12,AR1 alpha + Basic + One-Step,NASDAQ:ABCB,5.015376122174357e-07
2024-01-19,12,AR1 alpha + Basic + One-Step,NASDAQ:ABCB,0.0
2024-01-22,12,AR1 alpha + Basic + One-Step,NASDAQ:ABCB,0.0
2024-01-23,12,AR1 alpha + Basic + One-Step,NASDAQ:ABCB,0.0
2024-01-24,12,AR1 alpha + Basic + One-Step,NASDAQ:ABCB,1.6391299503477436e-07
2024-01-25,12,AR1 alpha + Basic + One-Step,NASDAQ:ABCB,4.7402244333934165e-08
2024-01-26,12,AR1 alpha + Basic + One-Step,NASDAQ:ABCB,0.0
2024-01-29,12,AR1 alpha + Basic + One-Step,NASDAQ:ABCB,0.0
2024-01-30,12,AR1 alpha + Basic + One-Step,NASDAQ:ABCB,0.0
2024-01-31,12,AR1 alpha + Basic + One-Step,NASDAQ:ABCB,0.0
2024-02-01,12,AR1 alpha + Basic + One-Step,NASDAQ:ABCB,0.0
2024-02-02,12,AR1 alpha + Basic + One-Step,NASDAQ:ABCB,0.0
2024-02-05,12,AR1 alpha + Basic + One-Step,NASDAQ:ABCB,0.0
2024-02-06,12,AR1 alpha + Basic + One-Step,NASDAQ:ABCB,0.0
2024-02-07,12,AR1 alpha + Basic + One-Step,NASDAQ:ABCB,1.2230644092362882e-08
2024-02-08,12,AR1 alpha + Basic + One-Step,NASDAQ:ABCB,3.927770880676239e-09
2024-02-09,12,AR1 alpha + Basic + One-Step,NASDAQ:ABCB,0.0
2024-02-12,12,AR1 alpha + Basic + One-Step,NASDAQ:ABCB,0.0
2024-02-13,12,AR1 alpha + Basic + One-Step,NASDAQ:ABCB,0.0
2024-02-14,12,AR1 alpha + Basic + One-Step,NASDAQ:ABCB,0.0
2024-02-15,12,AR1 alpha + Basic + One-Step,NASDAQ:ABCB,5.7307440900184754e-08
2024-02-16,12,AR1 alpha + Basic + One-Step,NASDAQ:ABCB,0.0
2024-02-20,12,AR1 alpha + Basic + One-Step,NASDAQ:ABCB,0.0
2024-02-21,12,AR1 alpha + Basic + One-Step,NASDAQ:ABCB,1.8270297001556284e-08
2024-02-22,12,AR1 alpha + Basic + One-Step,NASDAQ:ABCB,0.0
2024-02-23,12,AR1 alpha + Basic + One-Step,NASDAQ:ABCB,0.0
2024-02-26,12,AR1 alpha + Basic + One-Step,NASDAQ:ABCB,0.0
2024-02-27,12,AR1 alpha + Basic + One-Step,NASDAQ:ABCB,0.0
2024-02-28,12,AR1 alpha + Basic + One-Step,NASDAQ:ABCB,0.0
2024-02-29,12,AR1 alpha + Basic + One-Step,NASDAQ:ABCB,0.0
2024-03-01,12,AR1 alpha + Basic + One-Step,NASDAQ:ABCB,0.0
2024-03-04,12,AR1 alpha + Basic + One-Step,NASDAQ:ABCB,0.0
2024-03-05,12,AR1 alpha + Basic + One-Step,NASDAQ:ABCB,0.0
2024-03-06,12,AR1 alpha + Basic + One-Step,NASDAQ:ABCB,0.0
2024-03-07,12,AR1 alpha + Basic + One-Step,NASDAQ:ABCB,0.0
2024-03-08,12,AR1 alpha + Basic + One-Step,NASDAQ:ABCB,0.0
2024-03-11,12,AR1 alpha + Basic + One-Step,NASDAQ:ABCB,0.0
2024-03-12,12,AR1 alpha + Basic + One-Step,NASDAQ:ABCB,0.0
2024-03-13,12,AR1 alpha + Basic + One-Step,NASDAQ:ABCB,0.0
2024-03-14,12,AR1 alpha + Basic + One-Step,NASDAQ:ABCB,1.4365440239270028e-07
2024-03-15,12,AR1 alpha + Basic + One-Step,NASDAQ:ABCB,1.0912620427858226e-07
2024-03-18,12,AR1 alpha + Basic + One-Step,NASDAQ:ABCB,0.0
2024-03-19,12,AR1 alpha + Basic + One-Step,NASDAQ:ABCB,0.0
2024-03-20,12,AR1 alpha + Basic + One-Step,NASDAQ:ABCB,0.0
2024-03-21,12,AR1 alpha + Basic + One-Step,NASDAQ:ABCB,4.010373913736671e-08
2024-03-22,12,AR1 alpha + Basic + One-Step,NASDAQ:ABCB,0.0
2024-03-25,12,AR1 alpha + Basic + One-Step,NASDAQ:ABCB,0.0
2024-03-26,12,AR1 alpha + Basic + One-Step,NASDAQ:ABCB,0.0
2024-03-27,12,AR1 alpha + Basic + One-Step,NASDAQ:ABCB,0.0
2024-03-28,12,AR1 alpha + Basic + One-Step,NASDAQ:ABCB,0.0
2024-04-01,12,AR1 alpha + Basic + One-Step,NASDAQ:ABCB,1.030175392915269e-06
2024-04-02,12,AR1 alpha + Basic + One-Step,NASDAQ:ABCB,0.0
2024-04-03,12,AR1 alpha + Basic + One-Step,NASDAQ:ABCB,0.0
2024-04-04,12,AR1 alpha + Basic + One-Step,NASDAQ:ABCB,0.0
2024-04-05,12,AR1 alpha + Basic + One-Step,NASDAQ:ABCB,0.0
2024-04-08,12,AR1 alpha + Basic + One-Step,NASDAQ:ABCB,0.0
2024-04-09,12,AR1 alpha + Basic + One-Step,NASDAQ:ABCB,0.0
2024-04-10,12,AR1 alpha + Basic + One-Step,NASDAQ:ABCB,5.028365553388077e-07
2024-04-11,12,AR1 alpha + Basic + One-Step,NASDAQ:ABCB,0.0
2024-04-12,12,AR1 alpha + Basic + One-Step,NASDAQ:ABCB,0.0
2024-04-15,12,AR1 alpha + Basic + One-Step,NASDAQ:ABCB,0.0
2024-04-16,12,AR1 alpha + Basic + One-Step,NASDAQ:ABCB,0.0
2024-04-17,12,AR1 alpha + Basic + One-Step,NASDAQ:ABCB,8.851966656408168e-08
2024-04-18,12,AR1 alpha + Basic + One-Step,NASDAQ:ABCB,0.0
2024-04-19,12,AR1 alpha + Basic + One-Step,NASDAQ:ABCB,0.0
2020-03-25,12,AR1 alpha + Basic + One-Step,NASDAQ:TRMK,0.02
2020-03-26,12,AR1 alpha + Basic + One-Step,NASDAQ:TRMK,0.019999999999999997
2020-03-27,12,AR1 alpha + Basic + One-Step,NASDAQ:TRMK,0.0
2020-03-30,12,AR1 alpha + Basic + One-Step,NASDAQ:TRMK,0.0
2020-03-31,12,AR1 alpha + Basic + One-Step,NASDAQ:TRMK,0.0
2020-04-01,12,AR1 alpha + Basic + One-Step,NASDAQ:TRMK,0.0
2020-04-02,12,AR1 alpha + Basic + One-Step,NASDAQ:TRMK,1.3970103908378486e-09
2020-04-03,12,AR1 alpha + Basic + One-Step,NASDAQ:TRMK,3.164354850953211e-08
2020-04-06,12,AR1 alpha + Basic + One-Step,NASDAQ:TRMK,0.0
2020-04-07,12,AR1 alpha + Basic + One-Step,NASDAQ:TRMK,4.649779911301355e-08
2020-04-08,12,AR1 alpha + Basic + One-Step,NASDAQ:TRMK,0.0
2020-04-09,12,AR1 alpha + Basic + One-Step,NASDAQ:TRMK,0.0
2020-04-13,12,AR1 alpha + Basic + One-Step,NASDAQ:TRMK,0.0
2020-04-14,12,AR1 alpha + Basic + One-Step,NASDAQ:TRMK,0.0
2020-04-15,12,AR1 alpha + Basic + One-Step,NASDAQ:TRMK,0.0
2020-04-16,12,AR1 alpha + Basic + One-Step,NASDAQ:TRMK,0.0
2020-04-17,12,AR1 alpha + Basic + One-Step,NASDAQ:TRMK,0.0
2020-04-20,12,AR1 alpha + Basic + One-Step,NASDAQ:TRMK,0.0
2020-04-21,12,AR1 alpha + Basic + One-Step,NASDAQ:TRMK,1.6760398190673225e-08
2020-04-22,12,AR1 alpha + Basic + One-Step,NASDAQ:TRMK,0.0
2020-04-23,12,AR1 alpha + Basic + One-Step,NASDAQ:TRMK,0.0
2020-04-24,12,AR1 alpha + Basic + One-Step,NASDAQ:TRMK,0.0
2020-04-27,12,AR1 alpha + Basic + One-Step,NASDAQ:TRMK,0.0
2020-04-28,12,AR1 alpha + Basic + One-Step,NASDAQ:TRMK,0.0
2020-04-29,12,AR1 alpha + Basic + One-Step,NASDAQ:TRMK,5.351262314681652e-07
2020-04-30,12,AR1 alpha + Basic + One-Step,NASDAQ:TRMK,0.0
2020-05-01,12,AR1 alpha + Basic + One-Step,NASDAQ:TRMK,3.6405607465712283e-09
2020-05-04,12,AR1 alpha + Basic + One-Step,NASDAQ:TRMK,0.0
2020-05-05,12,AR1 alpha + Basic + One-Step,NASDAQ:TRMK,2.522447555283296e-07
2020-05-06,12,AR1 alpha + Basic + One-Step,NASDAQ:TRMK,0.0
2020-05-07,12,AR1 alpha + Basic + One-Step,NASDAQ:TRMK,0.0
2020-05-08,12,AR1 alpha + Basic + One-Step,NASDAQ:TRMK,1.5676691826756117e-07
2020-05-11,12,AR1 alpha + Basic + One-Step,NASDAQ:TRMK,0.0
2020-05-12,12,AR1 alpha + Basic + One-Step,NASDAQ:TRMK,0.0
2020-05-13,12,AR1 alpha + Basic + One-Step,NASDAQ:TRMK,0.0
2020-05-14,12,AR1 alpha + Basic + One-Step,NASDAQ:TRMK,0.0
2020-05-15,12,AR1 alpha + Basic + One-Step,NASDAQ:TRMK,6.37110330191368e-08
2020-05-18,12,AR1 alpha + Basic + One-Step,NASDAQ:TRMK,0.0
2020-05-19,12,AR1 alpha + Basic + One-Step,NASDAQ:TRMK,0.0
2020-05-20,12,AR1 alpha + Basic + One-Step,NASDAQ:TRMK,0.0
2020-05-21,12,AR1 alpha + Basic + One-Step,NASDAQ:TRMK,0.0
2020-05-22,12,AR1 alpha + Basic + One-Step,NASDAQ:TRMK,1.6767979502147885e-07
2020-05-26,12,AR1 alpha + Basic + One-Step,NASDAQ:TRMK,6.303607949794994e-08
2020-05-27,12,AR1 alpha + Basic + One-Step,NASDAQ:TRMK,4.956611203036936e-07
2020-05-28,12,AR1 alpha + Basic + One-Step,NASDAQ:TRMK,0.0
2020-05-29,12,AR1 alpha + Basic + One-Step,NASDAQ:TRMK,2.761661119304567e-09
2020-06-01,12,AR1 alpha + Basic + One-Step,NASDAQ:TRMK,0.0
2020-06-02,12,AR1 alpha + Basic + One-Step,NASDAQ:TRMK,3.3453485739413714e-07
2020-06-03,12,AR1 alpha + Basic + One-Step,NASDAQ:TRMK,0.0
2020-06-04,12,AR1 alpha + Basic + One-Step,NASDAQ:TRMK,0.0
2020-06-05,12,AR1 alpha + Basic + One-Step,NASDAQ:TRMK,4.026465242293692e-08
2020-06-08,12,AR1 alpha + Basic + One-Step,NASDAQ:TRMK,0.0
2020-06-09,12,AR1 alpha + Basic + One-Step,NASDAQ:TRMK,0.0
2020-06-10,12,AR1 alpha + Basic + One-Step,NASDAQ:TRMK,0.0
2020-06-11,12,AR1 alpha + Basic + One-Step,NASDAQ:TRMK,0.0
2020-06-12,12,AR1 alpha + Basic + One-Step,NASDAQ:TRMK,4.468425851685314e-08
2020-06-15,12,AR1 alpha + Basic + One-Step,NASDAQ:TRMK,2.735868946074923e-08
2020-06-16,12,AR1 alpha + Basic + One-Step,NASDAQ:TRMK,0.0
2020-06-17,12,AR1 alpha + Basic + One-Step,NASDAQ:TRMK,0.0
2020-06-18,12,AR1 alpha + Basic + One-Step,NASDAQ:TRMK,1.8568617106099074e-07
2020-06-19,12,AR1 alpha + Basic + One-Step,NASDAQ:TRMK,0.0
2020-06-22,12,AR1 alpha + Basic + One-Step,NASDAQ:TRMK,0.0
2020-06-23,12,AR1 alpha + Basic + One-Step,NASDAQ:TRMK,0.0
2020-06-24,12,AR1 alpha + Basic + One-Step,NASDAQ:TRMK,0.0
2020-06-25,12,AR1 alpha + Basic + One-Step,NASDAQ:TRMK,0.0
2020-06-26,12,AR1 alpha + Basic + One-Step,NASDAQ:TRMK,0.0
2020-06-29,12,AR1 alpha + Basic + One-Step,NASDAQ:TRMK,0.0
2020-06-30,12,AR1 alpha + Basic + One-Step,NASDAQ:TRMK,0.0
2020-07-01,12,AR1 alpha + Basic + One-Step,NASDAQ:TRMK,0.0
2020-07-02,12,AR1 alpha + Basic + One-Step,NASDAQ:TRMK,3.68661332056702e-10
2020-07-06,12,AR1 alpha + Basic + One-Step,NASDAQ:TRMK,0.0
2020-07-07,12,AR1 alpha + Basic + One-Step,NASDAQ:TRMK,0.0
2020-07-08,12,AR1 alpha + Basic + One-Step,NASDAQ:TRMK,0.0
2020-07-09,12,AR1 alpha + Basic + One-Step,NASDAQ:TRMK,4.289690626954975e-08
2020-07-10,12,AR1 alpha + Basic + One-Step,NASDAQ:TRMK,0.0
2020-07-13,12,AR1 alpha + Basic + One-Step,NASDAQ:TRMK,2.052240852312892e-08
2020-07-14,12,AR1 alpha + Basic + One-Step,NASDAQ:TRMK,0.0
2020-07-15,12,AR1 alpha + Basic + One-Step,NASDAQ:TRMK,4.0889643225019715e-08
2020-07-16,12,AR1 alpha + Basic + One-Step,NASDAQ:TRMK,0.0
2020-07-17,12,AR1 alpha + Basic + One-Step,NASDAQ:TRMK,1.3118025499376804e-08
2020-07-20,12,AR1 alpha + Basic + One-Step,NASDAQ:TRMK,1.2528884306198054e-07
2020-07-21,12,AR1 alpha + Basic + One-Step,NASDAQ:TRMK,0.0
2020-07-22,12,AR1 alpha + Basic + One-Step,NASDAQ:TRMK,0.0
2020-07-23,12,AR1 alpha + Basic + One-Step,NASDAQ:TRMK,0.0
2020-07-24,12,AR1 alpha + Basic + One-Step,NASDAQ:TRMK,0.0
2020-07-27,12,AR1 alpha + Basic + One-Step,NASDAQ:TRMK,1.7125031636847994e-07
2020-07-28,12,AR1 alpha + Basic + One-Step,NASDAQ:TRMK,0.0
2020-07-29,12,AR1 alpha + Basic + One-Step,NASDAQ:TRMK,0.0
2020-07-30,12,AR1 alpha + Basic + One-Step,NASDAQ:TRMK,0.0
2020-07-31,12,AR1 alpha + Basic + One-Step,NASDAQ:TRMK,0.0
2020-08-03,12,AR1 alpha + Basic + One-Step,NASDAQ:TRMK,1.7959560839999278e-07
2020-08-04,12,AR1 alpha + Basic + One-Step,NASDAQ:TRMK,0.0
2020-08-05,12,AR1 alpha + Basic + One-Step,NASDAQ:TRMK,0.0
2020-08-06,12,AR1 alpha + Basic + One-Step,NASDAQ:TRMK,0.0
2020-08-07,12,AR1 alpha + Basic + One-Step,NASDAQ:TRMK,0.0
2020-08-10,12,AR1 alpha + Basic + One-Step,NASDAQ:TRMK,0.0
2020-08-11,12,AR1 alpha + Basic + One-Step,NASDAQ:TRMK,0.0
2020-08-12,12,AR1 alpha + Basic + One-Step,NASDAQ:TRMK,0.0
2020-08-13,12,AR1 alpha + Basic + One-Step,NASDAQ:TRMK,0.0
2020-08-14,12,AR1 alpha + Basic + One-Step,NASDAQ:TRMK,0.0
2020-08-17,12,AR1 alpha + Basic + One-Step,NASDAQ:TRMK,0.0
2020-08-18,12,AR1 alpha + Basic + One-Step,NASDAQ:TRMK,0.0
2020-08-19,12,AR1 alpha + Basic + One-Step,NASDAQ:TRMK,0.0
2020-08-20,12,AR1 alpha + Basic + One-Step,NASDAQ:TRMK,1.3272772019770886e-07
2020-08-21,12,AR1 alpha + Basic + One-Step,NASDAQ:TRMK,0.0
2020-08-24,12,AR1 alpha + Basic + One-Step,NASDAQ:TRMK,0.0
2020-08-25,12,AR1 alpha + Basic + One-Step,NASDAQ:TRMK,0.0
2020-08-26,12,AR1 alpha + Basic + One-Step,NASDAQ:TRMK,0.0
2020-08-27,12,AR1 alpha + Basic + One-Step,NASDAQ:TRMK,0.0
2020-08-28,12,AR1 alpha + Basic + One-Step,NASDAQ:TRMK,0.0
2020-08-31,12,AR1 alpha + Basic + One-Step,NASDAQ:TRMK,0.0
2020-09-01,12,AR1 alpha + Basic + One-Step,NASDAQ:TRMK,0.0
2020-09-02,12,AR1 alpha + Basic + One-Step,NASDAQ:TRMK,0.0
2020-09-03,12,AR1 alpha + Basic + One-Step,NASDAQ:TRMK,0.0
2020-09-04,12,AR1 alpha + Basic + One-Step,NASDAQ:TRMK,0.0
2020-09-08,12,AR1 alpha + Basic + One-Step,NASDAQ:TRMK,0.0
2020-09-09,12,AR1 alpha + Basic + One-Step,NASDAQ:TRMK,2.0039733293790175e-08
2020-09-10,12,AR1 alpha + Basic + One-Step,NASDAQ:TRMK,0.0
2020-09-11,12,AR1 alpha + Basic + One-Step,NASDAQ:TRMK,0.0
2020-09-14,12,AR1 alpha + Basic + One-Step,NASDAQ:TRMK,0.0
2020-09-15,12,AR1 alpha + Basic + One-Step,NASDAQ:TRMK,0.0
2020-09-16,12,AR1 alpha + Basic + One-Step,NASDAQ:TRMK,0.0
2020-09-17,12,AR1 alpha + Basic + One-Step,NASDAQ:TRMK,0.0
2020-09-18,12,AR1 alpha + Basic + One-Step,NASDAQ:TRMK,0.0
2020-09-21,12,AR1 alpha + Basic + One-Step,NASDAQ:TRMK,0.0
2020-09-22,12,AR1 alpha + Basic + One-Step,NASDAQ:TRMK,0.0
2020-09-23,12,AR1 alpha + Basic + One-Step,NASDAQ:TRMK,7.87840268163367e-09
2020-09-24,12,AR1 alpha + Basic + One-Step,NASDAQ:TRMK,1.8729048261618458e-07
2020-09-25,12,AR1 alpha + Basic + One-Step,NASDAQ:TRMK,0.0
2020-09-28,12,AR1 alpha + Basic + One-Step,NASDAQ:TRMK,0.0
2020-09-29,12,AR1 alpha + Basic + One-Step,NASDAQ:TRMK,0.0
2020-09-30,12,AR1 alpha + Basic + One-Step,NASDAQ:TRMK,3.0854311677088267e-10
2020-10-01,12,AR1 alpha + Basic + One-Step,NASDAQ:TRMK,3.312589762589889e-07
2020-10-02,12,AR1 alpha + Basic + One-Step,NASDAQ:TRMK,0.0
2020-10-05,12,AR1 alpha + Basic + One-Step,NASDAQ:TRMK,6.1132553080475e-09
2020-10-06,12,AR1 alpha + Basic + One-Step,NASDAQ:TRMK,8.212922646943431e-08
2020-10-07,12,AR1 alpha + Basic + One-Step,NASDAQ:TRMK,3.303364314256764e-07
2020-10-08,12,AR1 alpha + Basic + One-Step,NASDAQ:TRMK,0.0
2020-10-09,12,AR1 alpha + Basic + One-Step,NASDAQ:TRMK,0.0
2020-10-12,12,AR1 alpha + Basic + One-Step,NASDAQ:TRMK,0.0
2020-10-13,12,AR1 alpha + Basic + One-Step,NASDAQ:TRMK,0.0
2020-10-14,12,AR1 alpha + Basic + One-Step,NASDAQ:TRMK,0.0
2020-10-15,12,AR1 alpha + Basic + One-Step,NASDAQ:TRMK,0.0
2020-10-16,12,AR1 alpha + Basic + One-Step,NASDAQ:TRMK,8.787051595007811e-08
2020-10-19,12,AR1 alpha + Basic + One-Step,NASDAQ:TRMK,2.0049310632018294e-07
2020-10-20,12,AR1 alpha + Basic + One-Step,NASDAQ:TRMK,0.0
2020-10-21,12,AR1 alpha + Basic + One-Step,NASDAQ:TRMK,0.0
2020-10-22,12,AR1 alpha + Basic + One-Step,NASDAQ:TRMK,0.0
2020-10-23,12,AR1 alpha + Basic + One-Step,NASDAQ:TRMK,0.0
2020-10-26,12,AR1 alpha + Basic + One-Step,NASDAQ:TRMK,0.0
2020-10-27,12,AR1 alpha + Basic + One-Step,NASDAQ:TRMK,7.72150141604995e-09
2020-10-28,12,AR1 alpha + Basic + One-Step,NASDAQ:TRMK,1.0575723405359403e-08
2020-10-29,12,AR1 alpha + Basic + One-Step,NASDAQ:TRMK,2.213385054386815e-09
2020-10-30,12,AR1 alpha + Basic + One-Step,NASDAQ:TRMK,0.0
2020-11-02,12,AR1 alpha + Basic + One-Step,NASDAQ:TRMK,0.0
2020-11-03,12,AR1 alpha + Basic + One-Step,NASDAQ:TRMK,0.0
2020-11-04,12,AR1 alpha + Basic + One-Step,NASDAQ:TRMK,0.0
2020-11-05,12,AR1 alpha + Basic + One-Step,NASDAQ:TRMK,0.0
2020-11-06,12,AR1 alpha + Basic + One-Step,NASDAQ:TRMK,0.0
2020-11-09,12,AR1 alpha + Basic + One-Step,NASDAQ:TRMK,0.0
2020-11-10,12,AR1 alpha + Basic + One-Step,NASDAQ:TRMK,0.0
2020-11-11,12,AR1 alpha + Basic + One-Step,NASDAQ:TRMK,0.0
2020-11-12,12,AR1 alpha + Basic + One-Step,NASDAQ:TRMK,0.0
2020-11-13,12,AR1 alpha + Basic + One-Step,NASDAQ:TRMK,0.0
2020-11-16,12,AR1 alpha + Basic + One-Step,NASDAQ:TRMK,0.0
2020-11-17,12,AR1 alpha + Basic + One-Step,NASDAQ:TRMK,0.0
2020-11-18,12,AR1 alpha + Basic + One-Step,NASDAQ:TRMK,0.0
2020-11-19,12,AR1 alpha + Basic + One-Step,NASDAQ:TRMK,3.467913935800657e-08
2020-11-20,12,AR1 alpha + Basic + One-Step,NASDAQ:TRMK,0.0
2020-11-23,12,AR1 alpha + Basic + One-Step,NASDAQ:TRMK,0.0
2020-11-24,12,AR1 alpha + Basic + One-Step,NASDAQ:TRMK,0.0
2020-11-25,12,AR1 alpha + Basic + One-Step,NASDAQ:TRMK,0.0
2020-11-27,12,AR1 alpha + Basic + One-Step,NASDAQ:TRMK,0.0
2020-11-30,12,AR1 alpha + Basic + One-Step,NASDAQ:TRMK,2.880589649417309e-09
2020-12-01,12,AR1 alpha + Basic + One-Step,NASDAQ:TRMK,0.0
2020-12-02,12,AR1 alpha + Basic + One-Step,NASDAQ:TRMK,0.0
2020-12-03,12,AR1 alpha + Basic + One-Step,NASDAQ:TRMK,0.0
2020-12-04,12,AR1 alpha + Basic + One-Step,NASDAQ:TRMK,1.9890169142545698e-08
2020-12-07,12,AR1 alpha + Basic + One-Step,NASDAQ:TRMK,0.0
2020-12-08,12,AR1 alpha + Basic + One-Step,NASDAQ:TRMK,1.5554622505182047e-07
2020-12-09,12,AR1 alpha + Basic + One-Step,NASDAQ:TRMK,0.0
2020-12-10,12,AR1 alpha + Basic + One-Step,NASDAQ:TRMK,0.0
2020-12-11,12,AR1 alpha + Basic + One-Step,NASDAQ:TRMK,4.407897730187103e-07
2020-12-14,12,AR1 alpha + Basic + One-Step,NASDAQ:TRMK,6.67664792126854e-07
2020-12-15,12,AR1 alpha + Basic + One-Step,NASDAQ:TRMK,0.0
2020-12-16,12,AR1 alpha + Basic + One-Step,NASDAQ:TRMK,6.815967201606141e-11
2020-12-17,12,AR1 alpha + Basic + One-Step,NASDAQ:TRMK,0.0
2020-12-18,12,AR1 alpha + Basic + One-Step,NASDAQ:TRMK,0.0
2020-12-21,12,AR1 alpha + Basic + One-Step,NASDAQ:TRMK,1.0126458174373402e-06
2020-12-22,12,AR1 alpha + Basic + One-Step,NASDAQ:TRMK,1.3220692508948667e-06
2020-12-23,12,AR1 alpha + Basic + One-Step,NASDAQ:TRMK,2.720505772406404e-07
2020-12-24,12,AR1 alpha + Basic + One-Step,NASDAQ:TRMK,0.0
2020-12-28,12,AR1 alpha + Basic + One-Step,NASDAQ:TRMK,0.0
2020-12-29,12,AR1 alpha + Basic + One-Step,NASDAQ:TRMK,0.0
2020-12-30,12,AR1 alpha + Basic + One-Step,NASDAQ:TRMK,0.0
2020-12-31,12,AR1 alpha + Basic + One-Step,NASDAQ:TRMK,0.0
2021-01-04,12,AR1 alpha + Basic + One-Step,NASDAQ:TRMK,0.0
2021-01-05,12,AR1 alpha + Basic + One-Step,NASDAQ:TRMK,0.0
2021-01-06,12,AR1 alpha + Basic + One-Step,NASDAQ:TRMK,0.0
2021-01-07,12,AR1 alpha + Basic + One-Step,NASDAQ:TRMK,0.0
2021-01-08,12,AR1 alpha + Basic + One-Step,NASDAQ:TRMK,0.0
2021-01-11,12,AR1 alpha + Basic + One-Step,NASDAQ:TRMK,0.0
2021-01-12,12,AR1 alpha + Basic + One-Step,NASDAQ:TRMK,0.0
2021-01-13,12,AR1 alpha + Basic + One-Step,NASDAQ:TRMK,0.0
2021-01-14,12,AR1 alpha + Basic + One-Step,NASDAQ:TRMK,0.0
2021-01-15,12,AR1 alpha + Basic + One-Step,NASDAQ:TRMK,0.0
2021-01-19,12,AR1 alpha + Basic + One-Step,NASDAQ:TRMK,0.0
2021-01-20,12,AR1 alpha + Basic + One-Step,NASDAQ:TRMK,0.0
2021-01-21,12,AR1 alpha + Basic + One-Step,NASDAQ:TRMK,0.0
2021-01-22,12,AR1 alpha + Basic + One-Step,NASDAQ:TRMK,0.0
2021-01-25,12,AR1 alpha + Basic + One-Step,NASDAQ:TRMK,0.0
2021-01-26,12,AR1 alpha + Basic + One-Step,NASDAQ:TRMK,0.0
2021-01-27,12,AR1 alpha + Basic + One-Step,NASDAQ:TRMK,0.0
2021-01-28,12,AR1 alpha + Basic + One-Step,NASDAQ:TRMK,0.0
2021-01-29,12,AR1 alpha + Basic + One-Step,NASDAQ:TRMK,0.0
2021-02-01,12,AR1 alpha + Basic + One-Step,NASDAQ:TRMK,1.590730546281376e-07
2021-02-02,12,AR1 alpha + Basic + One-Step,NASDAQ:TRMK,0.0
2021-02-03,12,AR1 alpha + Basic + One-Step,NASDAQ:TRMK,1.7371568283848972e-08
2021-02-04,12,AR1 alpha + Basic + One-Step,NASDAQ:TRMK,0.0
2021-02-05,12,AR1 alpha + Basic + One-Step,NASDAQ:TRMK,0.0
2021-02-08,12,AR1 alpha + Basic + One-Step,NASDAQ:TRMK,0.0
2021-02-09,12,AR1 alpha + Basic + One-Step,NASDAQ:TRMK,0.0
2021-02-10,12,AR1 alpha + Basic + One-Step,NASDAQ:TRMK,0.0
2021-02-11,12,AR1 alpha + Basic + One-Step,NASDAQ:TRMK,0.0
2021-02-12,12,AR1 alpha + Basic + One-Step,NASDAQ:TRMK,0.0
2021-02-16,12,AR1 alpha + Basic + One-Step,NASDAQ:TRMK,0.0
2021-02-17,12,AR1 alpha + Basic + One-Step,NASDAQ:TRMK,0.0
2021-02-18,12,AR1 alpha + Basic + One-Step,NASDAQ:TRMK,0.0
2021-02-19,12,AR1 alpha + Basic + One-Step,NASDAQ:TRMK,0.0
2021-02-22,12,AR1 alpha + Basic + One-Step,NASDAQ:TRMK,1.9066973690535412e-07
2021-02-23,12,AR1 alpha + Basic + One-Step,NASDAQ:TRMK,1.5504029484152445e-07
2021-02-24,12,AR1 alpha + Basic + One-Step,NASDAQ:TRMK,0.0
2021-02-25,12,AR1 alpha + Basic + One-Step,NASDAQ:TRMK,0.0
2021-02-26,12,AR1 alpha + Basic + One-Step,NASDAQ:TRMK,1.4877682442368812e-06
2021-03-01,12,AR1 alpha + Basic + One-Step,NASDAQ:TRMK,0.0
2021-03-02,12,AR1 alpha + Basic + One-Step,NASDAQ:TRMK,1.818102425230605e-08
2021-03-03,12,AR1 alpha + Basic + One-Step,NASDAQ:TRMK,0.0
2021-03-04,12,AR1 alpha + Basic + One-Step,NASDAQ:TRMK,0.0
2021-03-05,12,AR1 alpha + Basic + One-Step,NASDAQ:TRMK,0.0
2021-03-08,12,AR1 alpha + Basic + One-Step,NASDAQ:TRMK,0.0
2021-03-09,12,AR1 alpha + Basic + One-Step,NASDAQ:TRMK,0.0
2021-03-10,12,AR1 alpha + Basic + One-Step,NASDAQ:TRMK,0.0
2021-03-11,12,AR1 alpha + Basic + One-Step,NASDAQ:TRMK,0.0
2021-03-12,12,AR1 alpha + Basic + One-Step,NASDAQ:TRMK,0.0
2021-03-15,12,AR1 alpha + Basic + One-Step,NASDAQ:TRMK,0.0
2021-03-16,12,AR1 alpha + Basic + One-Step,NASDAQ:TRMK,0.0
2021-03-17,12,AR1 alpha + Basic + One-Step,NASDAQ:TRMK,0.0
2021-03-18,12,AR1 alpha + Basic + One-Step,NASDAQ:TRMK,0.0
2021-03-19,12,AR1 alpha + Basic + One-Step,NASDAQ:TRMK,0.0
2021-03-22,12,AR1 alpha + Basic + One-Step,NASDAQ:TRMK,0.0
2021-03-23,12,AR1 alpha + Basic + One-Step,NASDAQ:TRMK,0.0
2021-03-24,12,AR1 alpha + Basic + One-Step,NASDAQ:TRMK,0.0
2021-03-25,12,AR1 alpha + Basic + One-Step,NASDAQ:TRMK,0.0
2021-03-26,12,AR1 alpha + Basic + One-Step,NASDAQ:TRMK,5.345797238730567e-09
2021-03-29,12,AR1 alpha + Basic + One-Step,NASDAQ:TRMK,0.0
2021-03-30,12,AR1 alpha + Basic + One-Step,NASDAQ:TRMK,5.028549869416594e-07
2021-03-31,12,AR1 alpha + Basic + One-Step,NASDAQ:TRMK,2.104943350588241e-07
2021-04-01,12,AR1 alpha + Basic + One-Step,NASDAQ:TRMK,0.0
2021-04-05,12,AR1 alpha + Basic + One-Step,NASDAQ:TRMK,1.5006310846384184e-06
2021-04-06,12,AR1 alpha + Basic + One-Step,NASDAQ:TRMK,0.0
2021-04-07,12,AR1 alpha + Basic + One-Step,NASDAQ:TRMK,8.841321536698263e-09
2021-04-08,12,AR1 alpha + Basic + One-Step,NASDAQ:TRMK,2.540211302862913e-07
2021-04-09,12,AR1 alpha + Basic + One-Step,NASDAQ:TRMK,0.0
2021-04-12,12,AR1 alpha + Basic + One-Step,NASDAQ:TRMK,7.0372108248311495e-09
2021-04-13,12,AR1 alpha + Basic + One-Step,NASDAQ:TRMK,0.0
2021-04-14,12,AR1 alpha + Basic + One-Step,NASDAQ:TRMK,2.4031452019642344e-07
2021-04-15,12,AR1 alpha + Basic + One-Step,NASDAQ:TRMK,0.0
2021-04-16,12,AR1 alpha + Basic + One-Step,NASDAQ:TRMK,0.0
2021-04-19,12,AR1 alpha + Basic + One-Step,NASDAQ:TRMK,2.0152290964521073e-08
2021-04-20,12,AR1 alpha + Basic + One-Step,NASDAQ:TRMK,0.0
2021-04-21,12,AR1 alpha + Basic + One-Step,NASDAQ:TRMK,0.0
2021-04-22,12,AR1 alpha + Basic + One-Step,NASDAQ:TRMK,0.0
2021-04-23,12,AR1 alpha + Basic + One-Step,NASDAQ:TRMK,0.0
2021-04-26,12,AR1 alpha + Basic + One-Step,NASDAQ:TRMK,0.0
2021-04-27,12,AR1 alpha + Basic + One-Step,NASDAQ:TRMK,4.4487775822679754e-07
2021-04-28,12,AR1 alpha + Basic + One-Step,NASDAQ:TRMK,1.795103196550467e-08
2021-04-29,12,AR1 alpha + Basic + One-Step,NASDAQ:TRMK,7.468925746323867e-08
2021-04-30,12,AR1 alpha + Basic + One-Step,NASDAQ:TRMK,2.599464353019856e-08
2021-05-03,12,AR1 alpha + Basic + One-Step,NASDAQ:TRMK,0.0
2021-05-04,12,AR1 alpha + Basic + One-Step,NASDAQ:TRMK,8.720925081437783e-08
2021-05-05,12,AR1 alpha + Basic + One-Step,NASDAQ:TRMK,0.0
2021-05-06,12,AR1 alpha + Basic + One-Step,NASDAQ:TRMK,0.0
2021-05-07,12,AR1 alpha + Basic + One-Step,NASDAQ:TRMK,0.0
2021-05-10,12,AR1 alpha + Basic + One-Step,NASDAQ:TRMK,0.0
2021-05-11,12,AR1 alpha + Basic + One-Step,NASDAQ:TRMK,0.0
2021-05-12,12,AR1 alpha + Basic + One-Step,NASDAQ:TRMK,0.0
2021-05-13,12,AR1 alpha + Basic + One-Step,NASDAQ:TRMK,0.0
2021-05-14,12,AR1 alpha + Basic + One-Step,NASDAQ:TRMK,0.0
2021-05-17,12,AR1 alpha + Basic + One-Step,NASDAQ:TRMK,0.0
2021-05-18,12,AR1 alpha + Basic + One-Step,NASDAQ:TRMK,0.0
2021-05-19,12,AR1 alpha + Basic + One-Step,NASDAQ:TRMK,0.0
2021-05-20,12,AR1 alpha + Basic + One-Step,NASDAQ:TRMK,5.719376478483455e-08
2021-05-21,12,AR1 alpha + Basic + One-Step,NASDAQ:TRMK,0.0
2021-05-24,12,AR1 alpha + Basic + One-Step,NASDAQ:TRMK,0.0
2021-05-25,12,AR1 alpha + Basic + One-Step,NASDAQ:TRMK,0.0
2021-05-26,12,AR1 alpha + Basic + One-Step,NASDAQ:TRMK,0.0
2021-05-27,12,AR1 alpha + Basic + One-Step,NASDAQ:TRMK,2.81950637593062e-08
2021-05-28,12,AR1 alpha + Basic + One-Step,NASDAQ:TRMK,0.0
2021-06-01,12,AR1 alpha + Basic + One-Step,NASDAQ:TRMK,0.0
2021-06-02,12,AR1 alpha + Basic + One-Step,NASDAQ:TRMK,0.0
2021-06-03,12,AR1 alpha + Basic + One-Step,NASDAQ:TRMK,0.0
2021-06-04,12,AR1 alpha + Basic + One-Step,NASDAQ:TRMK,0.0
2021-06-07,12,AR1 alpha + Basic + One-Step,NASDAQ:TRMK,1.0411829660241408e-08
2021-06-08,12,AR1 alpha + Basic + One-Step,NASDAQ:TRMK,0.0
2021-06-09,12,AR1 alpha + Basic + One-Step,NASDAQ:TRMK,0.0
2021-06-10,12,AR1 alpha + Basic + One-Step,NASDAQ:TRMK,3.276357376748619e-08
2021-06-11,12,AR1 alpha + Basic + One-Step,NASDAQ:TRMK,0.0
2021-06-14,12,AR1 alpha + Basic + One-Step,NASDAQ:TRMK,1.7649551091791313e-07
2021-06-15,12,AR1 alpha + Basic + One-Step,NASDAQ:TRMK,0.0
2021-06-16,12,AR1 alpha + Basic + One-Step,NASDAQ:TRMK,0.0
2021-06-17,12,AR1 alpha + Basic + One-Step,NASDAQ:TRMK,0.0
2021-06-18,12,AR1 alpha + Basic + One-Step,NASDAQ:TRMK,0.0
2021-06-21,12,AR1 alpha + Basic + One-Step,NASDAQ:TRMK,0.0
2021-06-22,12,AR1 alpha + Basic + One-Step,NASDAQ:TRMK,1.032751233951968e-07
2021-06-23,12,AR1 alpha + Basic + One-Step,NASDAQ:TRMK,4.6539100097630133e-07
2021-06-24,12,AR1 alpha + Basic + One-Step,NASDAQ:TRMK,7.977551921799154e-07
2021-06-25,12,AR1 alpha + Basic + One-Step,NASDAQ:TRMK,0.0
2021-06-28,12,AR1 alpha + Basic + One-Step,NASDAQ:TRMK,0.0
2021-06-29,12,AR1 alpha + Basic + One-Step,NASDAQ:TRMK,0.0
2021-06-30,12,AR1 alpha + Basic + One-Step,NASDAQ:TRMK,0.0
2021-07-01,12,AR1 alpha + Basic + One-Step,NASDAQ:TRMK,0.0
2021-07-02,12,AR1 alpha + Basic + One-Step,NASDAQ:TRMK,0.0
2021-07-06,12,AR1 alpha + Basic + One-Step,NASDAQ:TRMK,0.0
2021-07-07,12,AR1 alpha + Basic + One-Step,NASDAQ:TRMK,0.0
2021-07-08,12,AR1 alpha + Basic + One-Step,NASDAQ:TRMK,0.0
2021-07-09,12,AR1 alpha + Basic + One-Step,NASDAQ:TRMK,0.0
2021-07-12,12,AR1 alpha + Basic + One-Step,NASDAQ:TRMK,0.0
2021-07-13,12,AR1 alpha + Basic + One-Step,NASDAQ:TRMK,3.820581481307099e-08
2021-07-14,12,AR1 alpha + Basic + One-Step,NASDAQ:TRMK,0.0
2021-07-15,12,AR1 alpha + Basic + One-Step,NASDAQ:TRMK,0.0
2021-07-16,12,AR1 alpha + Basic + One-Step,NASDAQ:TRMK,0.0
2021-07-19,12,AR1 alpha + Basic + One-Step,NASDAQ:TRMK,0.0
2021-07-20,12,AR1 alpha + Basic + One-Step,NASDAQ:TRMK,0.0
2021-07-21,12,AR1 alpha + Basic + One-Step,NASDAQ:TRMK,0.0
2021-07-22,12,AR1 alpha + Basic + One-Step,NASDAQ:TRMK,0.0
2021-07-23,12,AR1 alpha + Basic + One-Step,NASDAQ:TRMK,0.0
2021-07-26,12,AR1 alpha + Basic + One-Step,NASDAQ:TRMK,1.7598260528047904e-07
2021-07-27,12,AR1 alpha + Basic + One-Step,NASDAQ:TRMK,3.360426672740583e-06
2021-07-28,12,AR1 alpha + Basic + One-Step,NASDAQ:TRMK,0.0
2021-07-29,12,AR1 alpha + Basic + One-Step,NASDAQ:TRMK,0.0
2021-07-30,12,AR1 alpha + Basic + One-Step,NASDAQ:TRMK,0.0
2021-08-02,12,AR1 alpha + Basic + One-Step,NASDAQ:TRMK,1.2500061319619167e-07
2021-08-03,12,AR1 alpha + Basic + One-Step,NASDAQ:TRMK,0.0
2021-08-04,12,AR1 alpha + Basic + One-Step,NASDAQ:TRMK,4.296244869301069e-08
2021-08-05,12,AR1 alpha + Basic + One-Step,NASDAQ:TRMK,1.6166324413598854e-07
2021-08-06,12,AR1 alpha + Basic + One-Step,NASDAQ:TRMK,0.0
2021-08-09,12,AR1 alpha + Basic + One-Step,NASDAQ:TRMK,1.8348909137327937e-07
2021-08-10,12,AR1 alpha + Basic + One-Step,NASDAQ:TRMK,1.0893516191139063e-07
2021-08-11,12,AR1 alpha + Basic + One-Step,NASDAQ:TRMK,1.9112944287047168e-07
2021-08-12,12,AR1 alpha + Basic + One-Step,NASDAQ:TRMK,1.6175969246842127e-07
2021-08-13,12,AR1 alpha + Basic + One-Step,NASDAQ:TRMK,0.0
2021-08-16,12,AR1 alpha + Basic + One-Step,NASDAQ:TRMK,0.0
2021-08-17,12,AR1 alpha + Basic + One-Step,NASDAQ:TRMK,2.6927110928511126e-07
2021-08-18,12,AR1 alpha + Basic + One-Step,NASDAQ:TRMK,1.1698539237308346e-07
2021-08-19,12,AR1 alpha + Basic + One-Step,NASDAQ:TRMK,0.0
2021-08-20,12,AR1 alpha + Basic + One-Step,NASDAQ:TRMK,5.050557348160391e-08
2021-08-23,12,AR1 alpha + Basic + One-Step,NASDAQ:TRMK,2.392586792173242e-07
2021-08-24,12,AR1 alpha + Basic + One-Step,NASDAQ:TRMK,0.0
2021-08-25,12,AR1 alpha + Basic + One-Step,NASDAQ:TRMK,0.0
2021-08-26,12,AR1 alpha + Basic + One-Step,NASDAQ:TRMK,0.0
2021-08-27,12,AR1 alpha + Basic + One-Step,NASDAQ:TRMK,0.0
2021-08-30,12,AR1 alpha + Basic + One-Step,NASDAQ:TRMK,0.0
2021-08-31,12,AR1 alpha + Basic + One-Step,NASDAQ:TRMK,4.580026061107739e-07
2021-09-01,12,AR1 alpha + Basic + One-Step,NASDAQ:TRMK,0.0
2021-09-02,12,AR1 alpha + Basic + One-Step,NASDAQ:TRMK,0.0
2021-09-03,12,AR1 alpha + Basic + One-Step,NASDAQ:TRMK,0.0
2021-09-07,12,AR1 alpha + Basic + One-Step,NASDAQ:TRMK,0.0
2021-09-08,12,AR1 alpha + Basic + One-Step,NASDAQ:TRMK,0.0
2021-09-09,12,AR1 alpha + Basic + One-Step,NASDAQ:TRMK,0.0
2021-09-10,12,AR1 alpha + Basic + One-Step,NASDAQ:TRMK,4.778933001109958e-07
2021-09-13,12,AR1 alpha + Basic + One-Step,NASDAQ:TRMK,7.055551997568149e-08
2021-09-14,12,AR1 alpha + Basic + One-Step,NASDAQ:TRMK,0.0
2021-09-15,12,AR1 alpha + Basic + One-Step,NASDAQ:TRMK,2.3180316985374098e-07
2021-09-16,12,AR1 alpha + Basic + One-Step,NASDAQ:TRMK,1.8687468153747572e-07
2021-09-17,12,AR1 alpha + Basic + One-Step,NASDAQ:TRMK,0.0
2021-09-20,12,AR1 alpha + Basic + One-Step,NASDAQ:TRMK,0.0
2021-09-21,12,AR1 alpha + Basic + One-Step,NASDAQ:TRMK,2.209976992151373e-07
2021-09-22,12,AR1 alpha + Basic + One-Step,NASDAQ:TRMK,0.0
2021-09-23,12,AR1 alpha + Basic + One-Step,NASDAQ:TRMK,0.0
2021-09-24,12,AR1 alpha + Basic + One-Step,NASDAQ:TRMK,0.0
2021-09-27,12,AR1 alpha + Basic + One-Step,NASDAQ:TRMK,0.0
2021-09-28,12,AR1 alpha + Basic + One-Step,NASDAQ:TRMK,0.0
2021-09-29,12,AR1 alpha + Basic + One-Step,NASDAQ:TRMK,0.0
2021-09-30,12,AR1 alpha + Basic + One-Step,NASDAQ:TRMK,0.0
2021-10-01,12,AR1 alpha + Basic + One-Step,NASDAQ:TRMK,0.0
2021-10-04,12,AR1 alpha + Basic + One-Step,NASDAQ:TRMK,0.0
2021-10-05,12,AR1 alpha + Basic + One-Step,NASDAQ:TRMK,0.0
2021-10-06,12,AR1 alpha + Basic + One-Step,NASDAQ:TRMK,0.0
2021-10-07,12,AR1 alpha + Basic + One-Step,NASDAQ:TRMK,0.0
2021-10-08,12,AR1 alpha + Basic + One-Step,NASDAQ:TRMK,0.0
2021-10-11,12,AR1 alpha + Basic + One-Step,NASDAQ:TRMK,0.0
2021-10-12,12,AR1 alpha + Basic + One-Step,NASDAQ:TRMK,0.0
2021-10-13,12,AR1 alpha + Basic + One-Step,NASDAQ:TRMK,0.0
2021-10-14,12,AR1 alpha + Basic + One-Step,NASDAQ:TRMK,0.0
2021-10-15,12,AR1 alpha + Basic + One-Step,NASDAQ:TRMK,0.0
2021-10-18,12,AR1 alpha + Basic + One-Step,NASDAQ:TRMK,0.0
2021-10-19,12,AR1 alpha + Basic + One-Step,NASDAQ:TRMK,6.015606640842249e-08
2021-10-20,12,AR1 alpha + Basic + One-Step,NASDAQ:TRMK,0.0
2021-10-21,12,AR1 alpha + Basic + One-Step,NASDAQ:TRMK,0.0
2021-10-22,12,AR1 alpha + Basic + One-Step,NASDAQ:TRMK,0.0
2021-10-25,12,AR1 alpha + Basic + One-Step,NASDAQ:TRMK,0.0
2021-10-26,12,AR1 alpha + Basic + One-Step,NASDAQ:TRMK,0.0
2021-10-27,12,AR1 alpha + Basic + One-Step,NASDAQ:TRMK,0.0
2021-10-28,12,AR1 alpha + Basic + One-Step,NASDAQ:TRMK,0.0
2021-10-29,12,AR1 alpha + Basic + One-Step,NASDAQ:TRMK,0.0
2021-11-01,12,AR1 alpha + Basic + One-Step,NASDAQ:TRMK,3.7128960783980176e-07
2021-11-02,12,AR1 alpha + Basic + One-Step,NASDAQ:TRMK,6.211996567868428e-08
2021-11-03,12,AR1 alpha + Basic + One-Step,NASDAQ:TRMK,0.0
2021-11-04,12,AR1 alpha + Basic + One-Step,NASDAQ:TRMK,0.0
2021-11-05,12,AR1 alpha + Basic + One-Step,NASDAQ:TRMK,0.0
2021-11-08,12,AR1 alpha + Basic + One-Step,NASDAQ:TRMK,0.0
2021-11-09,12,AR1 alpha + Basic + One-Step,NASDAQ:TRMK,6.501442046211954e-08
2021-11-10,12,AR1 alpha + Basic + One-Step,NASDAQ:TRMK,3.844201411638663e-08
2021-11-11,12,AR1 alpha + Basic + One-Step,NASDAQ:TRMK,0.0
2021-11-12,12,AR1 alpha + Basic + One-Step,NASDAQ:TRMK,0.0
2021-11-15,12,AR1 alpha + Basic + One-Step,NASDAQ:TRMK,0.0
2021-11-16,12,AR1 alpha + Basic + One-Step,NASDAQ:TRMK,0.0
2021-11-17,12,AR1 alpha + Basic + One-Step,NASDAQ:TRMK,0.0
2021-11-18,12,AR1 alpha + Basic + One-Step,NASDAQ:TRMK,1.314622474086595e-07
2021-11-19,12,AR1 alpha + Basic + One-Step,NASDAQ:TRMK,0.0
2021-11-22,12,AR1 alpha + Basic + One-Step,NASDAQ:TRMK,0.0
2021-11-23,12,AR1 alpha + Basic + One-Step,NASDAQ:TRMK,0.0
2021-11-24,12,AR1 alpha + Basic + One-Step,NASDAQ:TRMK,0.0
2021-11-26,12,AR1 alpha + Basic + One-Step,NASDAQ:TRMK,0.0
2021-11-29,12,AR1 alpha + Basic + One-Step,NASDAQ:TRMK,0.0
2021-11-30,12,AR1 alpha + Basic + One-Step,NASDAQ:TRMK,0.0
2021-12-01,12,AR1 alpha + Basic + One-Step,NASDAQ:TRMK,0.0
2021-12-02,12,AR1 alpha + Basic + One-Step,NASDAQ:TRMK,0.0
2021-12-03,12,AR1 alpha + Basic + One-Step,NASDAQ:TRMK,0.0
2021-12-06,12,AR1 alpha + Basic + One-Step,NASDAQ:TRMK,0.0
2021-12-07,12,AR1 alpha + Basic + One-Step,NASDAQ:TRMK,0.0
2021-12-08,12,AR1 alpha + Basic + One-Step,NASDAQ:TRMK,0.0
2021-12-09,12,AR1 alpha + Basic + One-Step,NASDAQ:TRMK,1.0456844315964408e-07
2021-12-10,12,AR1 alpha + Basic + One-Step,NASDAQ:TRMK,2.0684582296936948e-07
2021-12-13,12,AR1 alpha + Basic + One-Step,NASDAQ:TRMK,0.0
2021-12-14,12,AR1 alpha + Basic + One-Step,NASDAQ:TRMK,4.8537206531821586e-08
2021-12-15,12,AR1 alpha + Basic + One-Step,NASDAQ:TRMK,0.0
2021-12-16,12,AR1 alpha + Basic + One-Step,NASDAQ:TRMK,0.0
2021-12-17,12,AR1 alpha + Basic + One-Step,NASDAQ:TRMK,0.0
2021-12-20,12,AR1 alpha + Basic + One-Step,NASDAQ:TRMK,0.0
2021-12-21,12,AR1 alpha + Basic + One-Step,NASDAQ:TRMK,0.0
2021-12-22,12,AR1 alpha + Basic + One-Step,NASDAQ:TRMK,1.9848865019940945e-07
2021-12-23,12,AR1 alpha + Basic + One-Step,NASDAQ:TRMK,1.360312223928072e-07
2021-12-27,12,AR1 alpha + Basic + One-Step,NASDAQ:TRMK,4.559310882721921e-09
2021-12-28,12,AR1 alpha + Basic + One-Step,NASDAQ:TRMK,0.0
2021-12-29,12,AR1 alpha + Basic + One-Step,NASDAQ:TRMK,0.0
2021-12-30,12,AR1 alpha + Basic + One-Step,NASDAQ:TRMK,1.1567266493410302e-06
2021-12-31,12,AR1 alpha + Basic + One-Step,NASDAQ:TRMK,5.109784011016469e-07
2022-01-03,12,AR1 alpha + Basic + One-Step,NASDAQ:TRMK,3.988724996793531e-07
2022-01-04,12,AR1 alpha + Basic + One-Step,NASDAQ:TRMK,0.0
2022-01-05,12,AR1 alpha + Basic + One-Step,NASDAQ:TRMK,0.0
2022-01-06,12,AR1 alpha + Basic + One-Step,NASDAQ:TRMK,0.0
2022-01-07,12,AR1 alpha + Basic + One-Step,NASDAQ:TRMK,6.786824038052278e-08
2022-01-10,12,AR1 alpha + Basic + One-Step,NASDAQ:TRMK,0.0
2022-01-11,12,AR1 alpha + Basic + One-Step,NASDAQ:TRMK,0.0
2022-01-12,12,AR1 alpha + Basic + One-Step,NASDAQ:TRMK,0.0
2022-01-13,12,AR1 alpha + Basic + One-Step,NASDAQ:TRMK,3.4351607856941293e-07
2022-01-14,12,AR1 alpha + Basic + One-Step,NASDAQ:TRMK,0.0
2022-01-18,12,AR1 alpha + Basic + One-Step,NASDAQ:TRMK,0.0
2022-01-19,12,AR1 alpha + Basic + One-Step,NASDAQ:TRMK,0.0
2022-01-20,12,AR1 alpha + Basic + One-Step,NASDAQ:TRMK,0.0
2022-01-21,12,AR1 alpha + Basic + One-Step,NASDAQ:TRMK,3.501996626988276e-07
2022-01-24,12,AR1 alpha + Basic + One-Step,NASDAQ:TRMK,0.0
2022-01-25,12,AR1 alpha + Basic + One-Step,NASDAQ:TRMK,0.0
2022-01-26,12,AR1 alpha + Basic + One-Step,NASDAQ:TRMK,4.11324826066441e-08
2022-01-27,12,AR1 alpha + Basic + One-Step,NASDAQ:TRMK,0.0
2022-01-28,12,AR1 alpha + Basic + One-Step,NASDAQ:TRMK,6.617870742231256e-09
2022-01-31,12,AR1 alpha + Basic + One-Step,NASDAQ:TRMK,0.0
2022-02-01,12,AR1 alpha + Basic + One-Step,NASDAQ:TRMK,0.0
2022-02-02,12,AR1 alpha + Basic + One-Step,NASDAQ:TRMK,0.0
2022-02-03,12,AR1 alpha + Basic + One-Step,NASDAQ:TRMK,0.0
2022-02-04,12,AR1 alpha + Basic + One-Step,NASDAQ:TRMK,0.0
2022-02-07,12,AR1 alpha + Basic + One-Step,NASDAQ:TRMK,0.0
2022-02-08,12,AR1 alpha + Basic + One-Step,NASDAQ:TRMK,0.0
2022-02-09,12,AR1 alpha + Basic + One-Step,NASDAQ:TRMK,2.4029127665437154e-08
2022-02-10,12,AR1 alpha + Basic + One-Step,NASDAQ:TRMK,3.0955693608094695e-08
2022-02-11,12,AR1 alpha + Basic + One-Step,NASDAQ:TRMK,1.308328550992532e-07
2022-02-14,12,AR1 alpha + Basic + One-Step,NASDAQ:TRMK,2.5217260551405793e-07
2022-02-15,12,AR1 alpha + Basic + One-Step,NASDAQ:TRMK,1.2975273078773695e-07
2022-02-16,12,AR1 alpha + Basic + One-Step,NASDAQ:TRMK,0.0
2022-02-17,12,AR1 alpha + Basic + One-Step,NASDAQ:TRMK,0.0
2022-02-18,12,AR1 alpha + Basic + One-Step,NASDAQ:TRMK,3.241146409743333e-07
2022-02-22,12,AR1 alpha + Basic + One-Step,NASDAQ:TRMK,1.1429613062905221e-07
2022-02-23,12,AR1 alpha + Basic + One-Step,NASDAQ:TRMK,0.0
2022-02-24,12,AR1 alpha + Basic + One-Step,NASDAQ:TRMK,0.0
2022-02-25,12,AR1 alpha + Basic + One-Step,NASDAQ:TRMK,8.226307140955142e-08
2022-02-28,12,AR1 alpha + Basic + One-Step,NASDAQ:TRMK,0.0
2022-03-01,12,AR1 alpha + Basic + One-Step,NASDAQ:TRMK,9.831631461058655e-08
2022-03-02,12,AR1 alpha + Basic + One-Step,NASDAQ:TRMK,0.0
2022-03-03,12,AR1 alpha + Basic + One-Step,NASDAQ:TRMK,0.0
2022-03-04,12,AR1 alpha + Basic + One-Step,NASDAQ:TRMK,0.0
2022-03-07,12,AR1 alpha + Basic + One-Step,NASDAQ:TRMK,0.0
2022-03-08,12,AR1 alpha + Basic + One-Step,NASDAQ:TRMK,1.6588236175698356e-06
2022-03-09,12,AR1 alpha + Basic + One-Step,NASDAQ:TRMK,1.845422920188654e-07
2022-03-10,12,AR1 alpha + Basic + One-Step,NASDAQ:TRMK,9.51435452805861e-08
2022-03-11,12,AR1 alpha + Basic + One-Step,NASDAQ:TRMK,4.0956211908754084e-07
2022-03-14,12,AR1 alpha + Basic + One-Step,NASDAQ:TRMK,0.0
2022-03-15,12,AR1 alpha + Basic + One-Step,NASDAQ:TRMK,3.81455015878666e-09
2022-03-16,12,AR1 alpha + Basic + One-Step,NASDAQ:TRMK,0.0
2022-03-17,12,AR1 alpha + Basic + One-Step,NASDAQ:TRMK,1.376746137671742e-07
2022-03-18,12,AR1 alpha + Basic + One-Step,NASDAQ:TRMK,0.0
2022-03-21,12,AR1 alpha + Basic + One-Step,NASDAQ:TRMK,0.0
2022-03-22,12,AR1 alpha + Basic + One-Step,NASDAQ:TRMK,0.0
2022-03-23,12,AR1 alpha + Basic + One-Step,NASDAQ:TRMK,0.0
2022-03-24,12,AR1 alpha + Basic + One-Step,NASDAQ:TRMK,7.884907984495805e-08
2022-03-25,12,AR1 alpha + Basic + One-Step,NASDAQ:TRMK,0.0
2022-03-28,12,AR1 alpha + Basic + One-Step,NASDAQ:TRMK,0.0
2022-03-29,12,AR1 alpha + Basic + One-Step,NASDAQ:TRMK,0.0
2022-03-30,12,AR1 alpha + Basic + One-Step,NASDAQ:TRMK,1.1651150858808516e-06
2022-03-31,12,AR1 alpha + Basic + One-Step,NASDAQ:TRMK,0.0
2022-04-01,12,AR1 alpha + Basic + One-Step,NASDAQ:TRMK,0.0
2022-04-04,12,AR1 alpha + Basic + One-Step,NASDAQ:TRMK,0.0
2022-04-05,12,AR1 alpha + Basic + One-Step,NASDAQ:TRMK,0.0
2022-04-06,12,AR1 alpha + Basic + One-Step,NASDAQ:TRMK,0.0
2022-04-07,12,AR1 alpha + Basic + One-Step,NASDAQ:TRMK,0.0
2022-04-08,12,AR1 alpha + Basic + One-Step,NASDAQ:TRMK,0.0
2022-04-11,12,AR1 alpha + Basic + One-Step,NASDAQ:TRMK,0.0
2022-04-12,12,AR1 alpha + Basic + One-Step,NASDAQ:TRMK,0.0
2022-04-13,12,AR1 alpha + Basic + One-Step,NASDAQ:TRMK,3.7765494297600026e-07
2022-04-14,12,AR1 alpha + Basic + One-Step,NASDAQ:TRMK,2.50516056358817e-07
2022-04-18,12,AR1 alpha + Basic + One-Step,NASDAQ:TRMK,4.8664890860626943e-08
2022-04-19,12,AR1 alpha + Basic + One-Step,NASDAQ:TRMK,0.0
2022-04-20,12,AR1 alpha + Basic + One-Step,NASDAQ:TRMK,1.0123029198314154e-07
2022-04-21,12,AR1 alpha + Basic + One-Step,NASDAQ:TRMK,0.0
2022-04-22,12,AR1 alpha + Basic + One-Step,NASDAQ:TRMK,0.0
2022-04-25,12,AR1 alpha + Basic + One-Step,NASDAQ:TRMK,0.0
2022-04-26,12,AR1 alpha + Basic + One-Step,NASDAQ:TRMK,0.0
2022-04-27,12,AR1 alpha + Basic + One-Step,NASDAQ:TRMK,0.0
2022-04-28,12,AR1 alpha + Basic + One-Step,NASDAQ:TRMK,6.7165466549555085e-09
2022-04-29,12,AR1 alpha + Basic + One-Step,NASDAQ:TRMK,0.0
2022-05-02,12,AR1 alpha + Basic + One-Step,NASDAQ:TRMK,0.0
2022-05-03,12,AR1 alpha + Basic + One-Step,NASDAQ:TRMK,0.0
2022-05-04,12,AR1 alpha + Basic + One-Step,NASDAQ:TRMK,5.216717579760288e-07
2022-05-05,12,AR1 alpha + Basic + One-Step,NASDAQ:TRMK,0.0
2022-05-06,12,AR1 alpha + Basic + One-Step,NASDAQ:TRMK,3.3946357170918056e-09
2022-05-09,12,AR1 alpha + Basic + One-Step,NASDAQ:TRMK,0.0
2022-05-10,12,AR1 alpha + Basic + One-Step,NASDAQ:TRMK,0.0
2022-05-11,12,AR1 alpha + Basic + One-Step,NASDAQ:TRMK,0.0
2022-05-12,12,AR1 alpha + Basic + One-Step,NASDAQ:TRMK,9.434450142670936e-08
2022-05-13,12,AR1 alpha + Basic + One-Step,NASDAQ:TRMK,6.018519552021263e-08
2022-05-16,12,AR1 alpha + Basic + One-Step,NASDAQ:TRMK,6.808322531473736e-07
2022-05-17,12,AR1 alpha + Basic + One-Step,NASDAQ:TRMK,3.18377466822592e-07
2022-05-18,12,AR1 alpha + Basic + One-Step,NASDAQ:TRMK,2.5333150467348686e-07
2022-05-19,12,AR1 alpha + Basic + One-Step,NASDAQ:TRMK,0.0
2022-05-20,12,AR1 alpha + Basic + One-Step,NASDAQ:TRMK,0.0
2022-05-23,12,AR1 alpha + Basic + One-Step,NASDAQ:TRMK,0.0
2022-05-24,12,AR1 alpha + Basic + One-Step,NASDAQ:TRMK,0.0
2022-05-25,12,AR1 alpha + Basic + One-Step,NASDAQ:TRMK,2.6696710198263946e-07
2022-05-26,12,AR1 alpha + Basic + One-Step,NASDAQ:TRMK,0.0
2022-05-27,12,AR1 alpha + Basic + One-Step,NASDAQ:TRMK,2.7083602450457698e-08
2022-05-31,12,AR1 alpha + Basic + One-Step,NASDAQ:TRMK,0.0
2022-06-01,12,AR1 alpha + Basic + One-Step,NASDAQ:TRMK,0.0
2022-06-02,12,AR1 alpha + Basic + One-Step,NASDAQ:TRMK,0.0
2022-06-03,12,AR1 alpha + Basic + One-Step,NASDAQ:TRMK,0.0
2022-06-06,12,AR1 alpha + Basic + One-Step,NASDAQ:TRMK,0.0
2022-06-07,12,AR1 alpha + Basic + One-Step,NASDAQ:TRMK,0.0
2022-06-08,12,AR1 alpha + Basic + One-Step,NASDAQ:TRMK,0.0
2022-06-09,12,AR1 alpha + Basic + One-Step,NASDAQ:TRMK,0.0
2022-06-10,12,AR1 alpha + Basic + One-Step,NASDAQ:TRMK,1.3519949972647014e-07
2022-06-13,12,AR1 alpha + Basic + One-Step,NASDAQ:TRMK,3.1409495945196986e-07
2022-06-14,12,AR1 alpha + Basic + One-Step,NASDAQ:TRMK,2.8638070409995287e-07
2022-06-15,12,AR1 alpha + Basic + One-Step,NASDAQ:TRMK,2.996064578540854e-08
2022-06-16,12,AR1 alpha + Basic + One-Step,NASDAQ:TRMK,0.0
2022-06-17,12,AR1 alpha + Basic + One-Step,NASDAQ:TRMK,0.0
2022-06-21,12,AR1 alpha + Basic + One-Step,NASDAQ:TRMK,1.3085109224695528e-06
2022-06-22,12,AR1 alpha + Basic + One-Step,NASDAQ:TRMK,8.065692834719429e-07
2022-06-23,12,AR1 alpha + Basic + One-Step,NASDAQ:TRMK,0.0
2022-06-24,12,AR1 alpha + Basic + One-Step,NASDAQ:TRMK,2.61862802708463e-09
2022-06-27,12,AR1 alpha + Basic + One-Step,NASDAQ:TRMK,0.0
2022-06-28,12,AR1 alpha + Basic + One-Step,NASDAQ:TRMK,0.0
2022-06-29,12,AR1 alpha + Basic + One-Step,NASDAQ:TRMK,0.0
2022-06-30,12,AR1 alpha + Basic + One-Step,NASDAQ:TRMK,0.0
2022-07-01,12,AR1 alpha + Basic + One-Step,NASDAQ:TRMK,0.0
2022-07-05,12,AR1 alpha + Basic + One-Step,NASDAQ:TRMK,0.0
2022-07-06,12,AR1 alpha + Basic + One-Step,NASDAQ:TRMK,0.0
2022-07-07,12,AR1 alpha + Basic + One-Step,NASDAQ:TRMK,0.0
2022-07-08,12,AR1 alpha + Basic + One-Step,NASDAQ:TRMK,0.0
2022-07-11,12,AR1 alpha + Basic + One-Step,NASDAQ:TRMK,0.0
2022-07-12,12,AR1 alpha + Basic + One-Step,NASDAQ:TRMK,3.322684014933801e-07
2022-07-13,12,AR1 alpha + Basic + One-Step,NASDAQ:TRMK,0.004654665792463281
2022-07-14,12,AR1 alpha + Basic + One-Step,NASDAQ:TRMK,0.0999947644903662
2022-07-15,12,AR1 alpha + Basic + One-Step,NASDAQ:TRMK,0.0
2022-07-18,12,AR1 alpha + Basic + One-Step,NASDAQ:TRMK,3.855317929681172e-09
2022-07-19,12,AR1 alpha + Basic + One-Step,NASDAQ:TRMK,2.067159160516005e-08
2022-07-20,12,AR1 alpha + Basic + One-Step,NASDAQ:TRMK,1.5315649921590214e-07
2022-07-21,12,AR1 alpha + Basic + One-Step,NASDAQ:TRMK,8.388773050789471e-08
2022-07-22,12,AR1 alpha + Basic + One-Step,NASDAQ:TRMK,0.0
2022-07-25,12,AR1 alpha + Basic + One-Step,NASDAQ:TRMK,0.0
2022-07-26,12,AR1 alpha + Basic + One-Step,NASDAQ:TRMK,0.0
2022-07-27,12,AR1 alpha + Basic + One-Step,NASDAQ:TRMK,0.0
2022-07-28,12,AR1 alpha + Basic + One-Step,NASDAQ:TRMK,0.0
2022-07-29,12,AR1 alpha + Basic + One-Step,NASDAQ:TRMK,0.0
2022-08-01,12,AR1 alpha + Basic + One-Step,NASDAQ:TRMK,0.0
2022-08-02,12,AR1 alpha + Basic + One-Step,NASDAQ:TRMK,0.0
2022-08-03,12,AR1 alpha + Basic + One-Step,NASDAQ:TRMK,0.0
2022-08-04,12,AR1 alpha + Basic + One-Step,NASDAQ:TRMK,0.0
2022-08-05,12,AR1 alpha + Basic + One-Step,NASDAQ:TRMK,0.0
2022-08-08,12,AR1 alpha + Basic + One-Step,NASDAQ:TRMK,0.0
2022-08-09,12,AR1 alpha + Basic + One-Step,NASDAQ:TRMK,0.0
2022-08-10,12,AR1 alpha + Basic + One-Step,NASDAQ:TRMK,0.0
2022-08-11,12,AR1 alpha + Basic + One-Step,NASDAQ:TRMK,0.0
2022-08-12,12,AR1 alpha + Basic + One-Step,NASDAQ:TRMK,0.0
2022-08-15,12,AR1 alpha + Basic + One-Step,NASDAQ:TRMK,0.0
2022-08-16,12,AR1 alpha + Basic + One-Step,NASDAQ:TRMK,0.0
2022-08-17,12,AR1 alpha + Basic + One-Step,NASDAQ:TRMK,1.9879628045759142e-09
2022-08-18,12,AR1 alpha + Basic + One-Step,NASDAQ:TRMK,0.0
2022-08-19,12,AR1 alpha + Basic + One-Step,NASDAQ:TRMK,0.0
2022-08-22,12,AR1 alpha + Basic + One-Step,NASDAQ:TRMK,0.09999673419630022
2022-08-23,12,AR1 alpha + Basic + One-Step,NASDAQ:TRMK,0.09999698297700792
2022-08-24,12,AR1 alpha + Basic + One-Step,NASDAQ:TRMK,0.09999873669719674
2022-08-25,12,AR1 alpha + Basic + One-Step,NASDAQ:TRMK,0.0
2022-08-26,12,AR1 alpha + Basic + One-Step,NASDAQ:TRMK,0.09999348276076146
2022-08-29,12,AR1 alpha + Basic + One-Step,NASDAQ:TRMK,0.09999353710365082
2022-08-30,12,AR1 alpha + Basic + One-Step,NASDAQ:TRMK,0.09999189128852329
2022-08-31,12,AR1 alpha + Basic + One-Step,NASDAQ:TRMK,0.09999195958115399
2022-09-01,12,AR1 alpha + Basic + One-Step,NASDAQ:TRMK,0.09999538172850622
2022-09-02,12,AR1 alpha + Basic + One-Step,NASDAQ:TRMK,0.09999625768817397
2022-09-06,12,AR1 alpha + Basic + One-Step,NASDAQ:TRMK,0.09999681171328159
2022-09-07,12,AR1 alpha + Basic + One-Step,NASDAQ:TRMK,0.09999355413528593
2022-09-08,12,AR1 alpha + Basic + One-Step,NASDAQ:TRMK,0.045752673611517865
2022-09-09,12,AR1 alpha + Basic + One-Step,NASDAQ:TRMK,3.612010791178208e-07
2022-09-12,12,AR1 alpha + Basic + One-Step,NASDAQ:TRMK,0.0
2022-09-13,12,AR1 alpha + Basic + One-Step,NASDAQ:TRMK,0.09371173826537918
2022-09-14,12,AR1 alpha + Basic + One-Step,NASDAQ:TRMK,0.04096180011248925
2022-09-15,12,AR1 alpha + Basic + One-Step,NASDAQ:TRMK,5.17356735730459e-07
2022-09-16,12,AR1 alpha + Basic + One-Step,NASDAQ:TRMK,2.6529821363967627e-07
2022-09-19,12,AR1 alpha + Basic + One-Step,NASDAQ:TRMK,0.0
2022-09-20,12,AR1 alpha + Basic + One-Step,NASDAQ:TRMK,7.211296811014733e-07
2022-09-21,12,AR1 alpha + Basic + One-Step,NASDAQ:TRMK,4.4237977483636875e-07
2022-09-22,12,AR1 alpha + Basic + One-Step,NASDAQ:TRMK,0.07523024655388294
2022-09-23,12,AR1 alpha + Basic + One-Step,NASDAQ:TRMK,0.09999780399427527
2022-09-26,12,AR1 alpha + Basic + One-Step,NASDAQ:TRMK,0.03928606914415248
2022-09-27,12,AR1 alpha + Basic + One-Step,NASDAQ:TRMK,0.09999982959609348
2022-09-28,12,AR1 alpha + Basic + One-Step,NASDAQ:TRMK,0.09999885492048625
2022-09-29,12,AR1 alpha + Basic + One-Step,NASDAQ:TRMK,0.09999909722356397
2022-09-30,12,AR1 alpha + Basic + One-Step,NASDAQ:TRMK,0.09999853607504088
2022-10-03,12,AR1 alpha + Basic + One-Step,NASDAQ:TRMK,0.08350631537522284
2022-10-04,12,AR1 alpha + Basic + One-Step,NASDAQ:TRMK,0.0
2022-10-05,12,AR1 alpha + Basic + One-Step,NASDAQ:TRMK,0.0
2022-10-06,12,AR1 alpha + Basic + One-Step,NASDAQ:TRMK,0.0
2022-10-07,12,AR1 alpha + Basic + One-Step,NASDAQ:TRMK,0.0
2022-10-10,12,AR1 alpha + Basic + One-Step,NASDAQ:TRMK,0.0
2022-10-11,12,AR1 alpha + Basic + One-Step,NASDAQ:TRMK,0.0021257259782461488
2022-10-12,12,AR1 alpha + Basic + One-Step,NASDAQ:TRMK,0.009813939767305066
2022-10-13,12,AR1 alpha + Basic + One-Step,NASDAQ:TRMK,9.164973257220964e-06
2022-10-14,12,AR1 alpha + Basic + One-Step,NASDAQ:TRMK,6.2778840970642355e-06
2022-10-17,12,AR1 alpha + Basic + One-Step,NASDAQ:TRMK,7.581347353854981e-07
2022-10-18,12,AR1 alpha + Basic + One-Step,NASDAQ:TRMK,0.0
2022-10-19,12,AR1 alpha + Basic + One-Step,NASDAQ:TRMK,3.075429693571506e-08
2022-10-20,12,AR1 alpha + Basic + One-Step,NASDAQ:TRMK,0.09999998612158276
2022-10-21,12,AR1 alpha + Basic + One-Step,NASDAQ:TRMK,0.0
2022-10-24,12,AR1 alpha + Basic + One-Step,NASDAQ:TRMK,0.0
2022-10-25,12,AR1 alpha + Basic + One-Step,NASDAQ:TRMK,0.0
2022-10-26,12,AR1 alpha + Basic + One-Step,NASDAQ:TRMK,0.0
2022-10-27,12,AR1 alpha + Basic + One-Step,NASDAQ:TRMK,0.0
2022-10-28,12,AR1 alpha + Basic + One-Step,NASDAQ:TRMK,0.0
2022-10-31,12,AR1 alpha + Basic + One-Step,NASDAQ:TRMK,0.0
2022-11-01,12,AR1 alpha + Basic + One-Step,NASDAQ:TRMK,0.0
2022-11-02,12,AR1 alpha + Basic + One-Step,NASDAQ:TRMK,0.08247292135087096
2022-11-03,12,AR1 alpha + Basic + One-Step,NASDAQ:TRMK,0.075785602897262
2022-11-04,12,AR1 alpha + Basic + One-Step,NASDAQ:TRMK,0.07803251358944638
2022-11-07,12,AR1 alpha + Basic + One-Step,NASDAQ:TRMK,0.09883600038043307
2022-11-08,12,AR1 alpha + Basic + One-Step,NASDAQ:TRMK,0.09999642456951649
2022-11-09,12,AR1 alpha + Basic + One-Step,NASDAQ:TRMK,0.09999170521038266
2022-11-10,12,AR1 alpha + Basic + One-Step,NASDAQ:TRMK,0.06143585761666158
2022-11-11,12,AR1 alpha + Basic + One-Step,NASDAQ:TRMK,0.04785001885231174
2022-11-14,12,AR1 alpha + Basic + One-Step,NASDAQ:TRMK,0.09999041470323237
2022-11-15,12,AR1 alpha + Basic + One-Step,NASDAQ:TRMK,0.09998846584635092
2022-11-16,12,AR1 alpha + Basic + One-Step,NASDAQ:TRMK,0.09999200480207089
2022-11-17,12,AR1 alpha + Basic + One-Step,NASDAQ:TRMK,0.09998982179922637
2022-11-18,12,AR1 alpha + Basic + One-Step,NASDAQ:TRMK,0.09999480192040168
2022-11-21,12,AR1 alpha + Basic + One-Step,NASDAQ:TRMK,0.09999744212676191
2022-11-22,12,AR1 alpha + Basic + One-Step,NASDAQ:TRMK,0.09999821005713584
2022-11-23,12,AR1 alpha + Basic + One-Step,NASDAQ:TRMK,0.09999866144589105
2022-11-25,12,AR1 alpha + Basic + One-Step,NASDAQ:TRMK,0.09999875936404153
2022-11-28,12,AR1 alpha + Basic + One-Step,NASDAQ:TRMK,0.0999987331241434
2022-11-29,12,AR1 alpha + Basic + One-Step,NASDAQ:TRMK,0.09999763550440971
2022-11-30,12,AR1 alpha + Basic + One-Step,NASDAQ:TRMK,0.09999865868934962
2022-12-01,12,AR1 alpha + Basic + One-Step,NASDAQ:TRMK,0.09999859229712654
2022-12-02,12,AR1 alpha + Basic + One-Step,NASDAQ:TRMK,0.09999298120756592
2022-12-05,12,AR1 alpha + Basic + One-Step,NASDAQ:TRMK,0.09999520224407073
2022-12-06,12,AR1 alpha + Basic + One-Step,NASDAQ:TRMK,0.09999544112624757
2022-12-07,12,AR1 alpha + Basic + One-Step,NASDAQ:TRMK,0.09999537179745009
2022-12-08,12,AR1 alpha + Basic + One-Step,NASDAQ:TRMK,0.0999949068527384
2022-12-09,12,AR1 alpha + Basic + One-Step,NASDAQ:TRMK,0.09999351529969457
2022-12-12,12,AR1 alpha + Basic + One-Step,NASDAQ:TRMK,0.09999651579588507
2022-12-13,12,AR1 alpha + Basic + One-Step,NASDAQ:TRMK,0.09999676606995295
2022-12-14,12,AR1 alpha + Basic + One-Step,NASDAQ:TRMK,0.09999854738613713
2022-12-15,12,AR1 alpha + Basic + One-Step,NASDAQ:TRMK,0.09999420871394543
2022-12-16,12,AR1 alpha + Basic + One-Step,NASDAQ:TRMK,0.09999429625450433
2022-12-19,12,AR1 alpha + Basic + One-Step,NASDAQ:TRMK,0.09999470293558368
2022-12-20,12,AR1 alpha + Basic + One-Step,NASDAQ:TRMK,0.0999965091622533
2022-12-21,12,AR1 alpha + Basic + One-Step,NASDAQ:TRMK,0.09999804776885762
2022-12-22,12,AR1 alpha + Basic + One-Step,NASDAQ:TRMK,0.0999983165897391
2022-12-23,12,AR1 alpha + Basic + One-Step,NASDAQ:TRMK,0.09999874211142837
2022-12-27,12,AR1 alpha + Basic + One-Step,NASDAQ:TRMK,0.09999973696720675
2022-12-28,12,AR1 alpha + Basic + One-Step,NASDAQ:TRMK,0.09999674802174924
2022-12-29,12,AR1 alpha + Basic + One-Step,NASDAQ:TRMK,0.09999791710469456
2022-12-30,12,AR1 alpha + Basic + One-Step,NASDAQ:TRMK,0.09999557915680832
2023-01-03,12,AR1 alpha + Basic + One-Step,NASDAQ:TRMK,0.09999735675267293
2023-01-04,12,AR1 alpha + Basic + One-Step,NASDAQ:TRMK,0.09999802162263936
2023-01-05,12,AR1 alpha + Basic + One-Step,NASDAQ:TRMK,0.09999542537954913
2023-01-06,12,AR1 alpha + Basic + One-Step,NASDAQ:TRMK,0.09999692516938445
2023-01-09,12,AR1 alpha + Basic + One-Step,NASDAQ:TRMK,0.09999572400113804
2023-01-10,12,AR1 alpha + Basic + One-Step,NASDAQ:TRMK,0.09999532267428561
2023-01-11,12,AR1 alpha + Basic + One-Step,NASDAQ:TRMK,0.09999689960294728
2023-01-12,12,AR1 alpha + Basic + One-Step,NASDAQ:TRMK,0.05251840050808415
2023-01-13,12,AR1 alpha + Basic + One-Step,NASDAQ:TRMK,0.026261863383913373
2023-01-17,12,AR1 alpha + Basic + One-Step,NASDAQ:TRMK,0.0021203847881023064
2023-01-18,12,AR1 alpha + Basic + One-Step,NASDAQ:TRMK,0.0
2023-01-19,12,AR1 alpha + Basic + One-Step,NASDAQ:TRMK,0.0
2023-01-20,12,AR1 alpha + Basic + One-Step,NASDAQ:TRMK,0.0
2023-01-23,12,AR1 alpha + Basic + One-Step,NASDAQ:TRMK,0.0
2023-01-24,12,AR1 alpha + Basic + One-Step,NASDAQ:TRMK,0.0
2023-01-25,12,AR1 alpha + Basic + One-Step,NASDAQ:TRMK,0.0
2023-01-26,12,AR1 alpha + Basic + One-Step,NASDAQ:TRMK,0.0
2023-01-27,12,AR1 alpha + Basic + One-Step,NASDAQ:TRMK,0.0
2023-01-30,12,AR1 alpha + Basic + One-Step,NASDAQ:TRMK,0.0
2023-01-31,12,AR1 alpha + Basic + One-Step,NASDAQ:TRMK,0.0
2023-02-01,12,AR1 alpha + Basic + One-Step,NASDAQ:TRMK,0.0
2023-02-02,12,AR1 alpha + Basic + One-Step,NASDAQ:TRMK,1.1665983902659906e-06
2023-02-03,12,AR1 alpha + Basic + One-Step,NASDAQ:TRMK,3.7176973026574883e-07
2023-02-06,12,AR1 alpha + Basic + One-Step,NASDAQ:TRMK,0.0
2023-02-07,12,AR1 alpha + Basic + One-Step,NASDAQ:TRMK,0.0
2023-02-08,12,AR1 alpha + Basic + One-Step,NASDAQ:TRMK,0.0
2023-02-09,12,AR1 alpha + Basic + One-Step,NASDAQ:TRMK,0.0
2023-02-10,12,AR1 alpha + Basic + One-Step,NASDAQ:TRMK,0.0
2023-02-13,12,AR1 alpha + Basic + One-Step,NASDAQ:TRMK,0.0
2023-02-14,12,AR1 alpha + Basic + One-Step,NASDAQ:TRMK,0.0
2023-02-15,12,AR1 alpha + Basic + One-Step,NASDAQ:TRMK,0.0
2023-02-16,12,AR1 alpha + Basic + One-Step,NASDAQ:TRMK,2.1383123797231738e-09
2023-02-17,12,AR1 alpha + Basic + One-Step,NASDAQ:TRMK,0.0
2023-02-21,12,AR1 alpha + Basic + One-Step,NASDAQ:TRMK,0.0
2023-02-22,12,AR1 alpha + Basic + One-Step,NASDAQ:TRMK,4.3476080506395725e-07
2023-02-23,12,AR1 alpha + Basic + One-Step,NASDAQ:TRMK,0.0
2023-02-24,12,AR1 alpha + Basic + One-Step,NASDAQ:TRMK,0.0
2023-02-27,12,AR1 alpha + Basic + One-Step,NASDAQ:TRMK,0.0
2023-02-28,12,AR1 alpha + Basic + One-Step,NASDAQ:TRMK,0.0
2023-03-01,12,AR1 alpha + Basic + One-Step,NASDAQ:TRMK,0.0
2023-03-02,12,AR1 alpha + Basic + One-Step,NASDAQ:TRMK,1.758427673858548e-07
2023-03-03,12,AR1 alpha + Basic + One-Step,NASDAQ:TRMK,0.0
2023-03-06,12,AR1 alpha + Basic + One-Step,NASDAQ:TRMK,0.0
2023-03-07,12,AR1 alpha + Basic + One-Step,NASDAQ:TRMK,0.0
2023-03-08,12,AR1 alpha + Basic + One-Step,NASDAQ:TRMK,0.0
2023-03-09,12,AR1 alpha + Basic + One-Step,NASDAQ:TRMK,0.0
2023-03-10,12,AR1 alpha + Basic + One-Step,NASDAQ:TRMK,1.037860882967788e-08
2023-03-13,12,AR1 alpha + Basic + One-Step,NASDAQ:TRMK,2.088601888696444e-07
2023-03-14,12,AR1 alpha + Basic + One-Step,NASDAQ:TRMK,0.0
2023-03-15,12,AR1 alpha + Basic + One-Step,NASDAQ:TRMK,8.360665444529111e-08
2023-03-16,12,AR1 alpha + Basic + One-Step,NASDAQ:TRMK,2.049578292853955e-07
2023-03-17,12,AR1 alpha + Basic + One-Step,NASDAQ:TRMK,0.0
2023-03-20,12,AR1 alpha + Basic + One-Step,NASDAQ:TRMK,1.2255792027918861e-06
2023-03-21,12,AR1 alpha + Basic + One-Step,NASDAQ:TRMK,5.978401918265912e-07
2023-03-22,12,AR1 alpha + Basic + One-Step,NASDAQ:TRMK,7.519283119017568e-08
2023-03-23,12,AR1 alpha + Basic + One-Step,NASDAQ:TRMK,1.521557756607022e-07
2023-03-24,12,AR1 alpha + Basic + One-Step,NASDAQ:TRMK,8.679156991253468e-08
2023-03-27,12,AR1 alpha + Basic + One-Step,NASDAQ:TRMK,0.0
2023-03-28,12,AR1 alpha + Basic + One-Step,NASDAQ:TRMK,4.032598525114106e-08
2023-03-29,12,AR1 alpha + Basic + One-Step,NASDAQ:TRMK,0.0
2023-03-30,12,AR1 alpha + Basic + One-Step,NASDAQ:TRMK,0.0
2023-03-31,12,AR1 alpha + Basic + One-Step,NASDAQ:TRMK,3.961811633340979e-07
2023-04-03,12,AR1 alpha + Basic + One-Step,NASDAQ:TRMK,0.0
2023-04-04,12,AR1 alpha + Basic + One-Step,NASDAQ:TRMK,0.0
2023-04-05,12,AR1 alpha + Basic + One-Step,NASDAQ:TRMK,1.975946493166595e-07
2023-04-06,12,AR1 alpha + Basic + One-Step,NASDAQ:TRMK,4.071725857265524e-07
2023-04-10,12,AR1 alpha + Basic + One-Step,NASDAQ:TRMK,0.0
2023-04-11,12,AR1 alpha + Basic + One-Step,NASDAQ:TRMK,0.0
2023-04-12,12,AR1 alpha + Basic + One-Step,NASDAQ:TRMK,4.394302991081541e-10
2023-04-13,12,AR1 alpha + Basic + One-Step,NASDAQ:TRMK,0.0
2023-04-14,12,AR1 alpha + Basic + One-Step,NASDAQ:TRMK,0.0
2023-04-17,12,AR1 alpha + Basic + One-Step,NASDAQ:TRMK,0.0
2023-04-18,12,AR1 alpha + Basic + One-Step,NASDAQ:TRMK,0.0
2023-04-19,12,AR1 alpha + Basic + One-Step,NASDAQ:TRMK,2.323074772949683e-09
2023-04-20,12,AR1 alpha + Basic + One-Step,NASDAQ:TRMK,4.557048487278497e-09
2023-04-21,12,AR1 alpha + Basic + One-Step,NASDAQ:TRMK,9.888167946660787e-08
2023-04-24,12,AR1 alpha + Basic + One-Step,NASDAQ:TRMK,0.0
2023-04-25,12,AR1 alpha + Basic + One-Step,NASDAQ:TRMK,0.0
2023-04-26,12,AR1 alpha + Basic + One-Step,NASDAQ:TRMK,2.6827681422414543e-10
2023-04-27,12,AR1 alpha + Basic + One-Step,NASDAQ:TRMK,9.114777310739115e-07
2023-04-28,12,AR1 alpha + Basic + One-Step,NASDAQ:TRMK,4.5322433950175304e-07
2023-05-01,12,AR1 alpha + Basic + One-Step,NASDAQ:TRMK,2.3991025906119937e-07
2023-05-02,12,AR1 alpha + Basic + One-Step,NASDAQ:TRMK,1.883829857238017e-07
2023-05-03,12,AR1 alpha + Basic + One-Step,NASDAQ:TRMK,0.0
2023-05-04,12,AR1 alpha + Basic + One-Step,NASDAQ:TRMK,0.0
2023-05-05,12,AR1 alpha + Basic + One-Step,NASDAQ:TRMK,1.806363924722948e-07
2023-05-08,12,AR1 alpha + Basic + One-Step,NASDAQ:TRMK,1.0638776182027144e-07
2023-05-09,12,AR1 alpha + Basic + One-Step,NASDAQ:TRMK,1.6095498237543077e-08
2023-05-10,12,AR1 alpha + Basic + One-Step,NASDAQ:TRMK,0.0
2023-05-11,12,AR1 alpha + Basic + One-Step,NASDAQ:TRMK,3.277913590973337e-07
2023-05-12,12,AR1 alpha + Basic + One-Step,NASDAQ:TRMK,1.236659770665547e-06
2023-05-15,12,AR1 alpha + Basic + One-Step,NASDAQ:TRMK,7.556356086467997e-07
2023-05-16,12,AR1 alpha + Basic + One-Step,NASDAQ:TRMK,0.0
2023-05-17,12,AR1 alpha + Basic + One-Step,NASDAQ:TRMK,0.0
2023-05-18,12,AR1 alpha + Basic + One-Step,NASDAQ:TRMK,0.0
2023-05-19,12,AR1 alpha + Basic + One-Step,NASDAQ:TRMK,0.0
2023-05-22,12,AR1 alpha + Basic + One-Step,NASDAQ:TRMK,0.0
2023-05-23,12,AR1 alpha + Basic + One-Step,NASDAQ:TRMK,0.0
2023-05-24,12,AR1 alpha + Basic + One-Step,NASDAQ:TRMK,0.0
2023-05-25,12,AR1 alpha + Basic + One-Step,NASDAQ:TRMK,0.0
2023-05-26,12,AR1 alpha + Basic + One-Step,NASDAQ:TRMK,0.0
2023-05-30,12,AR1 alpha + Basic + One-Step,NASDAQ:TRMK,0.0
2023-05-31,12,AR1 alpha + Basic + One-Step,NASDAQ:TRMK,0.0
2023-06-01,12,AR1 alpha + Basic + One-Step,NASDAQ:TRMK,1.907781811243356e-08
2023-06-02,12,AR1 alpha + Basic + One-Step,NASDAQ:TRMK,0.0
2023-06-05,12,AR1 alpha + Basic + One-Step,NASDAQ:TRMK,0.0
2023-06-06,12,AR1 alpha + Basic + One-Step,NASDAQ:TRMK,2.399628047856263e-06
2023-06-07,12,AR1 alpha + Basic + One-Step,NASDAQ:TRMK,2.835534207114962e-07
2023-06-08,12,AR1 alpha + Basic + One-Step,NASDAQ:TRMK,1.9253090662236981e-07
2023-06-09,12,AR1 alpha + Basic + One-Step,NASDAQ:TRMK,1.1049373753967618e-06
2023-06-12,12,AR1 alpha + Basic + One-Step,NASDAQ:TRMK,0.0
2023-06-13,12,AR1 alpha + Basic + One-Step,NASDAQ:TRMK,1.1989084107989768e-07
2023-06-14,12,AR1 alpha + Basic + One-Step,NASDAQ:TRMK,9.559101546929151e-08
2023-06-15,12,AR1 alpha + Basic + One-Step,NASDAQ:TRMK,0.0
2023-06-16,12,AR1 alpha + Basic + One-Step,NASDAQ:TRMK,3.1421515142856755e-08
2023-06-20,12,AR1 alpha + Basic + One-Step,NASDAQ:TRMK,0.0
2023-06-21,12,AR1 alpha + Basic + One-Step,NASDAQ:TRMK,0.0
2023-06-22,12,AR1 alpha + Basic + One-Step,NASDAQ:TRMK,0.0
2023-06-23,12,AR1 alpha + Basic + One-Step,NASDAQ:TRMK,0.0
2023-06-26,12,AR1 alpha + Basic + One-Step,NASDAQ:TRMK,5.729378937473137e-07
2023-06-27,12,AR1 alpha + Basic + One-Step,NASDAQ:TRMK,0.0
2023-06-28,12,AR1 alpha + Basic + One-Step,NASDAQ:TRMK,0.0
2023-06-29,12,AR1 alpha + Basic + One-Step,NASDAQ:TRMK,0.0
2023-06-30,12,AR1 alpha + Basic + One-Step,NASDAQ:TRMK,0.0
2023-07-03,12,AR1 alpha + Basic + One-Step,NASDAQ:TRMK,0.0
2023-07-05,12,AR1 alpha + Basic + One-Step,NASDAQ:TRMK,1.6679248665840855e-06
2023-07-06,12,AR1 alpha + Basic + One-Step,NASDAQ:TRMK,0.0
2023-07-07,12,AR1 alpha + Basic + One-Step,NASDAQ:TRMK,0.0
2023-07-10,12,AR1 alpha + Basic + One-Step,NASDAQ:TRMK,2.1882463702901803e-06
2023-07-11,12,AR1 alpha + Basic + One-Step,NASDAQ:TRMK,0.0
2023-07-12,12,AR1 alpha + Basic + One-Step,NASDAQ:TRMK,0.0
2023-07-13,12,AR1 alpha + Basic + One-Step,NASDAQ:TRMK,0.0
2023-07-14,12,AR1 alpha + Basic + One-Step,NASDAQ:TRMK,2.1285706867752897e-07
2023-07-17,12,AR1 alpha + Basic + One-Step,NASDAQ:TRMK,8.688999161406412e-07
2023-07-18,12,AR1 alpha + Basic + One-Step,NASDAQ:TRMK,1.4588396559026609e-06
2023-07-19,12,AR1 alpha + Basic + One-Step,NASDAQ:TRMK,0.0
2023-07-20,12,AR1 alpha + Basic + One-Step,NASDAQ:TRMK,0.0
2023-07-21,12,AR1 alpha + Basic + One-Step,NASDAQ:TRMK,0.0
2023-07-24,12,AR1 alpha + Basic + One-Step,NASDAQ:TRMK,0.0
2023-07-25,12,AR1 alpha + Basic + One-Step,NASDAQ:TRMK,0.0
2023-07-26,12,AR1 alpha + Basic + One-Step,NASDAQ:TRMK,0.0
2023-07-27,12,AR1 alpha + Basic + One-Step,NASDAQ:TRMK,0.0
2023-07-28,12,AR1 alpha + Basic + One-Step,NASDAQ:TRMK,0.0
2023-07-31,12,AR1 alpha + Basic + One-Step,NASDAQ:TRMK,0.0
2023-08-01,12,AR1 alpha + Basic + One-Step,NASDAQ:TRMK,0.0
2023-08-02,12,AR1 alpha + Basic + One-Step,NASDAQ:TRMK,0.0
2023-08-03,12,AR1 alpha + Basic + One-Step,NASDAQ:TRMK,0.0
2023-08-04,12,AR1 alpha + Basic + One-Step,NASDAQ:TRMK,0.0
2023-08-07,12,AR1 alpha + Basic + One-Step,NASDAQ:TRMK,4.6020138368264497e-10
2023-08-08,12,AR1 alpha + Basic + One-Step,NASDAQ:TRMK,0.0
2023-08-09,12,AR1 alpha + Basic + One-Step,NASDAQ:TRMK,0.0
2023-08-10,12,AR1 alpha + Basic + One-Step,NASDAQ:TRMK,0.0
2023-08-11,12,AR1 alpha + Basic + One-Step,NASDAQ:TRMK,3.7519764605731185e-07
2023-08-14,12,AR1 alpha + Basic + One-Step,NASDAQ:TRMK,0.0
2023-08-15,12,AR1 alpha + Basic + One-Step,NASDAQ:TRMK,0.0
2023-08-16,12,AR1 alpha + Basic + One-Step,NASDAQ:TRMK,0.0
2023-08-17,12,AR1 alpha + Basic + One-Step,NASDAQ:TRMK,0.0
2023-08-18,12,AR1 alpha + Basic + One-Step,NASDAQ:TRMK,0.0
2023-08-21,12,AR1 alpha + Basic + One-Step,NASDAQ:TRMK,7.300102344645889e-10
2023-08-22,12,AR1 alpha + Basic + One-Step,NASDAQ:TRMK,0.0
2023-08-23,12,AR1 alpha + Basic + One-Step,NASDAQ:TRMK,8.346142186561226e-08
2023-08-24,12,AR1 alpha + Basic + One-Step,NASDAQ:TRMK,0.0
2023-08-25,12,AR1 alpha + Basic + One-Step,NASDAQ:TRMK,1.0672081659729813e-07
2023-08-28,12,AR1 alpha + Basic + One-Step,NASDAQ:TRMK,0.0
2023-08-29,12,AR1 alpha + Basic + One-Step,NASDAQ:TRMK,0.0
2023-08-30,12,AR1 alpha + Basic + One-Step,NASDAQ:TRMK,0.0
2023-08-31,12,AR1 alpha + Basic + One-Step,NASDAQ:TRMK,0.0
2023-09-01,12,AR1 alpha + Basic + One-Step,NASDAQ:TRMK,0.0
2023-09-05,12,AR1 alpha + Basic + One-Step,NASDAQ:TRMK,0.0
2023-09-06,12,AR1 alpha + Basic + One-Step,NASDAQ:TRMK,9.369133237610091e-09
2023-09-07,12,AR1 alpha + Basic + One-Step,NASDAQ:TRMK,9.367438169863985e-07
2023-09-08,12,AR1 alpha + Basic + One-Step,NASDAQ:TRMK,1.3777911489811388e-06
2023-09-11,12,AR1 alpha + Basic + One-Step,NASDAQ:TRMK,5.433586025545906e-07
2023-09-12,12,AR1 alpha + Basic + One-Step,NASDAQ:TRMK,4.310215470563389e-06
2023-09-13,12,AR1 alpha + Basic + One-Step,NASDAQ:TRMK,0.0
2023-09-14,12,AR1 alpha + Basic + One-Step,NASDAQ:TRMK,0.0
2023-09-15,12,AR1 alpha + Basic + One-Step,NASDAQ:TRMK,0.0
2023-09-18,12,AR1 alpha + Basic + One-Step,NASDAQ:TRMK,2.4881780932685285e-09
2023-09-19,12,AR1 alpha + Basic + One-Step,NASDAQ:TRMK,1.1881546160606502e-08
2023-09-20,12,AR1 alpha + Basic + One-Step,NASDAQ:TRMK,0.0
2023-09-21,12,AR1 alpha + Basic + One-Step,NASDAQ:TRMK,0.0
2023-09-22,12,AR1 alpha + Basic + One-Step,NASDAQ:TRMK,0.0
2023-09-25,12,AR1 alpha + Basic + One-Step,NASDAQ:TRMK,0.0
2023-09-26,12,AR1 alpha + Basic + One-Step,NASDAQ:TRMK,0.0
2023-09-27,12,AR1 alpha + Basic + One-Step,NASDAQ:TRMK,0.0
2023-09-28,12,AR1 alpha + Basic + One-Step,NASDAQ:TRMK,3.940064701799468e-08
2023-09-29,12,AR1 alpha + Basic + One-Step,NASDAQ:TRMK,2.071662114029179e-08
2023-10-02,12,AR1 alpha + Basic + One-Step,NASDAQ:TRMK,0.0
2023-10-03,12,AR1 alpha + Basic + One-Step,NASDAQ:TRMK,0.0
2023-10-04,12,AR1 alpha + Basic + One-Step,NASDAQ:TRMK,0.0
2023-10-05,12,AR1 alpha + Basic + One-Step,NASDAQ:TRMK,0.0
2023-10-06,12,AR1 alpha + Basic + One-Step,NASDAQ:TRMK,0.0
2023-10-09,12,AR1 alpha + Basic + One-Step,NASDAQ:TRMK,0.0
2023-10-10,12,AR1 alpha + Basic + One-Step,NASDAQ:TRMK,0.0
2023-10-11,12,AR1 alpha + Basic + One-Step,NASDAQ:TRMK,1.1858018082306643e-08
2023-10-12,12,AR1 alpha + Basic + One-Step,NASDAQ:TRMK,0.0
2023-10-13,12,AR1 alpha + Basic + One-Step,NASDAQ:TRMK,1.5209851980927205e-09
2023-10-16,12,AR1 alpha + Basic + One-Step,NASDAQ:TRMK,0.0
2023-10-17,12,AR1 alpha + Basic + One-Step,NASDAQ:TRMK,9.824006998809191e-07
2023-10-18,12,AR1 alpha + Basic + One-Step,NASDAQ:TRMK,0.0
2023-10-19,12,AR1 alpha + Basic + One-Step,NASDAQ:TRMK,0.0
2023-10-20,12,AR1 alpha + Basic + One-Step,NASDAQ:TRMK,0.0
2023-10-23,12,AR1 alpha + Basic + One-Step,NASDAQ:TRMK,0.0
2023-10-24,12,AR1 alpha + Basic + One-Step,NASDAQ:TRMK,0.0
2023-10-25,12,AR1 alpha + Basic + One-Step,NASDAQ:TRMK,0.0
2023-10-26,12,AR1 alpha + Basic + One-Step,NASDAQ:TRMK,0.0
2023-10-27,12,AR1 alpha + Basic + One-Step,NASDAQ:TRMK,0.0
2023-10-30,12,AR1 alpha + Basic + One-Step,NASDAQ:TRMK,0.0
2023-10-31,12,AR1 alpha + Basic + One-Step,NASDAQ:TRMK,0.0
2023-11-01,12,AR1 alpha + Basic + One-Step,NASDAQ:TRMK,0.0
2023-11-02,12,AR1 alpha + Basic + One-Step,NASDAQ:TRMK,0.0
2023-11-03,12,AR1 alpha + Basic + One-Step,NASDAQ:TRMK,0.0
2023-11-06,12,AR1 alpha + Basic + One-Step,NASDAQ:TRMK,0.0
2023-11-07,12,AR1 alpha + Basic + One-Step,NASDAQ:TRMK,1.0926318337075139e-08
2023-11-08,12,AR1 alpha + Basic + One-Step,NASDAQ:TRMK,2.457814400109549e-08
2023-11-09,12,AR1 alpha + Basic + One-Step,NASDAQ:TRMK,0.0
2023-11-10,12,AR1 alpha + Basic + One-Step,NASDAQ:TRMK,0.0
2023-11-13,12,AR1 alpha + Basic + One-Step,NASDAQ:TRMK,0.0
2023-11-14,12,AR1 alpha + Basic + One-Step,NASDAQ:TRMK,0.0
2023-11-15,12,AR1 alpha + Basic + One-Step,NASDAQ:TRMK,0.0
2023-11-16,12,AR1 alpha + Basic + One-Step,NASDAQ:TRMK,0.0
2023-11-17,12,AR1 alpha + Basic + One-Step,NASDAQ:TRMK,0.0
2023-11-20,12,AR1 alpha + Basic + One-Step,NASDAQ:TRMK,0.0
2023-11-21,12,AR1 alpha + Basic + One-Step,NASDAQ:TRMK,0.0
2023-11-22,12,AR1 alpha + Basic + One-Step,NASDAQ:TRMK,0.0
2023-11-24,12,AR1 alpha + Basic + One-Step,NASDAQ:TRMK,0.0
2023-11-27,12,AR1 alpha + Basic + One-Step,NASDAQ:TRMK,0.0
2023-11-28,12,AR1 alpha + Basic + One-Step,NASDAQ:TRMK,2.5138924192793672e-08
2023-11-29,12,AR1 alpha + Basic + One-Step,NASDAQ:TRMK,1.0916944741701983e-08
2023-11-30,12,AR1 alpha + Basic + One-Step,NASDAQ:TRMK,0.0
2023-12-01,12,AR1 alpha + Basic + One-Step,NASDAQ:TRMK,4.663631712216447e-07
2023-12-04,12,AR1 alpha + Basic + One-Step,NASDAQ:TRMK,0.0
2023-12-05,12,AR1 alpha + Basic + One-Step,NASDAQ:TRMK,0.0
2023-12-06,12,AR1 alpha + Basic + One-Step,NASDAQ:TRMK,0.0
2023-12-07,12,AR1 alpha + Basic + One-Step,NASDAQ:TRMK,0.0
2023-12-08,12,AR1 alpha + Basic + One-Step,NASDAQ:TRMK,0.0
2023-12-11,12,AR1 alpha + Basic + One-Step,NASDAQ:TRMK,0.0
2023-12-12,12,AR1 alpha + Basic + One-Step,NASDAQ:TRMK,0.0
2023-12-13,12,AR1 alpha + Basic + One-Step,NASDAQ:TRMK,0.0
2023-12-14,12,AR1 alpha + Basic + One-Step,NASDAQ:TRMK,0.0
2023-12-15,12,AR1 alpha + Basic + One-Step,NASDAQ:TRMK,0.0
2023-12-18,12,AR1 alpha + Basic + One-Step,NASDAQ:TRMK,0.0
2023-12-19,12,AR1 alpha + Basic + One-Step,NASDAQ:TRMK,0.0
2023-12-20,12,AR1 alpha + Basic + One-Step,NASDAQ:TRMK,0.0
2023-12-21,12,AR1 alpha + Basic + One-Step,NASDAQ:TRMK,0.0
2023-12-22,12,AR1 alpha + Basic + One-Step,NASDAQ:TRMK,5.007531871296276e-07
2023-12-26,12,AR1 alpha + Basic + One-Step,NASDAQ:TRMK,0.0
2023-12-27,12,AR1 alpha + Basic + One-Step,NASDAQ:TRMK,1.2048804571062325e-08
2023-12-28,12,AR1 alpha + Basic + One-Step,NASDAQ:TRMK,0.0
2023-12-29,12,AR1 alpha + Basic + One-Step,NASDAQ:TRMK,0.0
2024-01-02,12,AR1 alpha + Basic + One-Step,NASDAQ:TRMK,0.0
2024-01-03,12,AR1 alpha + Basic + One-Step,NASDAQ:TRMK,0.0
2024-01-04,12,AR1 alpha + Basic + One-Step,NASDAQ:TRMK,0.0
2024-01-05,12,AR1 alpha + Basic + One-Step,NASDAQ:TRMK,0.0
2024-01-08,12,AR1 alpha + Basic + One-Step,NASDAQ:TRMK,0.0
2024-01-09,12,AR1 alpha + Basic + One-Step,NASDAQ:TRMK,0.0
2024-01-10,12,AR1 alpha + Basic + One-Step,NASDAQ:TRMK,0.0
2024-01-11,12,AR1 alpha + Basic + One-Step,NASDAQ:TRMK,2.458893171466679e-07
2024-01-12,12,AR1 alpha + Basic + One-Step,NASDAQ:TRMK,3.467732995588777e-23
2024-01-16,12,AR1 alpha + Basic + One-Step,NASDAQ:TRMK,0.0
2024-01-17,12,AR1 alpha + Basic + One-Step,NASDAQ:TRMK,0.0
2024-01-18,12,AR1 alpha + Basic + One-Step,NASDAQ:TRMK,5.406461680672343e-07
2024-01-19,12,AR1 alpha + Basic + One-Step,NASDAQ:TRMK,0.0
2024-01-22,12,AR1 alpha + Basic + One-Step,NASDAQ:TRMK,0.0
2024-01-23,12,AR1 alpha + Basic + One-Step,NASDAQ:TRMK,0.0
2024-01-24,12,AR1 alpha + Basic + One-Step,NASDAQ:TRMK,1.2031694895912902e-07
2024-01-25,12,AR1 alpha + Basic + One-Step,NASDAQ:TRMK,2.2427206350775725e-08
2024-01-26,12,AR1 alpha + Basic + One-Step,NASDAQ:TRMK,0.0
2024-01-29,12,AR1 alpha + Basic + One-Step,NASDAQ:TRMK,0.0
2024-01-30,12,AR1 alpha + Basic + One-Step,NASDAQ:TRMK,0.0
2024-01-31,12,AR1 alpha + Basic + One-Step,NASDAQ:TRMK,0.0
2024-02-01,12,AR1 alpha + Basic + One-Step,NASDAQ:TRMK,0.0
2024-02-02,12,AR1 alpha + Basic + One-Step,NASDAQ:TRMK,0.0
2024-02-05,12,AR1 alpha + Basic + One-Step,NASDAQ:TRMK,0.0
2024-02-06,12,AR1 alpha + Basic + One-Step,NASDAQ:TRMK,0.0
2024-02-07,12,AR1 alpha + Basic + One-Step,NASDAQ:TRMK,1.9345045783867788e-08
2024-02-08,12,AR1 alpha + Basic + One-Step,NASDAQ:TRMK,8.580117214443706e-09
2024-02-09,12,AR1 alpha + Basic + One-Step,NASDAQ:TRMK,0.0
2024-02-12,12,AR1 alpha + Basic + One-Step,NASDAQ:TRMK,0.0
2024-02-13,12,AR1 alpha + Basic + One-Step,NASDAQ:TRMK,0.0
2024-02-14,12,AR1 alpha + Basic + One-Step,NASDAQ:TRMK,0.0
2024-02-15,12,AR1 alpha + Basic + One-Step,NASDAQ:TRMK,5.854124386443859e-08
2024-02-16,12,AR1 alpha + Basic + One-Step,NASDAQ:TRMK,0.0
2024-02-20,12,AR1 alpha + Basic + One-Step,NASDAQ:TRMK,0.0
2024-02-21,12,AR1 alpha + Basic + One-Step,NASDAQ:TRMK,4.258761681105975e-09
2024-02-22,12,AR1 alpha + Basic + One-Step,NASDAQ:TRMK,0.0
2024-02-23,12,AR1 alpha + Basic + One-Step,NASDAQ:TRMK,0.0
2024-02-26,12,AR1 alpha + Basic + One-Step,NASDAQ:TRMK,0.0
2024-02-27,12,AR1 alpha + Basic + One-Step,NASDAQ:TRMK,0.0
2024-02-28,12,AR1 alpha + Basic + One-Step,NASDAQ:TRMK,0.0
2024-02-29,12,AR1 alpha + Basic + One-Step,NASDAQ:TRMK,0.0
2024-03-01,12,AR1 alpha + Basic + One-Step,NASDAQ:TRMK,0.0
2024-03-04,12,AR1 alpha + Basic + One-Step,NASDAQ:TRMK,0.0
2024-03-05,12,AR1 alpha + Basic + One-Step,NASDAQ:TRMK,0.0
2024-03-06,12,AR1 alpha + Basic + One-Step,NASDAQ:TRMK,0.0
2024-03-07,12,AR1 alpha + Basic + One-Step,NASDAQ:TRMK,0.0
2024-03-08,12,AR1 alpha + Basic + One-Step,NASDAQ:TRMK,0.0
2024-03-11,12,AR1 alpha + Basic + One-Step,NASDAQ:TRMK,0.0
2024-03-12,12,AR1 alpha + Basic + One-Step,NASDAQ:TRMK,0.0
2024-03-13,12,AR1 alpha + Basic + One-Step,NASDAQ:TRMK,0.0
2024-03-14,12,AR1 alpha + Basic + One-Step,NASDAQ:TRMK,1.6313265897982263e-07
2024-03-15,12,AR1 alpha + Basic + One-Step,NASDAQ:TRMK,1.3025444880090627e-07
2024-03-18,12,AR1 alpha + Basic + One-Step,NASDAQ:TRMK,0.0
2024-03-19,12,AR1 alpha + Basic + One-Step,NASDAQ:TRMK,0.0
2024-03-20,12,AR1 alpha + Basic + One-Step,NASDAQ:TRMK,0.0
2024-03-21,12,AR1 alpha + Basic + One-Step,NASDAQ:TRMK,4.2209780534990134e-08
2024-03-22,12,AR1 alpha + Basic + One-Step,NASDAQ:TRMK,0.0
2024-03-25,12,AR1 alpha + Basic + One-Step,NASDAQ:TRMK,0.0
2024-03-26,12,AR1 alpha + Basic + One-Step,NASDAQ:TRMK,0.0
2024-03-27,12,AR1 alpha + Basic + One-Step,NASDAQ:TRMK,0.0
2024-03-28,12,AR1 alpha + Basic + One-Step,NASDAQ:TRMK,0.0
2024-04-01,12,AR1 alpha + Basic + One-Step,NASDAQ:TRMK,1.7246198807742892e-06
2024-04-02,12,AR1 alpha + Basic + One-Step,NASDAQ:TRMK,0.0
2024-04-03,12,AR1 alpha + Basic + One-Step,NASDAQ:TRMK,0.0
2024-04-04,12,AR1 alpha + Basic + One-Step,NASDAQ:TRMK,0.0
2024-04-05,12,AR1 alpha + Basic + One-Step,NASDAQ:TRMK,0.0
2024-04-08,12,AR1 alpha + Basic + One-Step,NASDAQ:TRMK,0.0
2024-04-09,12,AR1 alpha + Basic + One-Step,NASDAQ:TRMK,0.0
2024-04-10,12,AR1 alpha + Basic + One-Step,NASDAQ:TRMK,5.139177130438212e-07
2024-04-11,12,AR1 alpha + Basic + One-Step,NASDAQ:TRMK,0.0
2024-04-12,12,AR1 alpha + Basic + One-Step,NASDAQ:TRMK,0.0
2024-04-15,12,AR1 alpha + Basic + One-Step,NASDAQ:TRMK,0.0
2024-04-16,12,AR1 alpha + Basic + One-Step,NASDAQ:TRMK,0.0
2024-04-17,12,AR1 alpha + Basic + One-Step,NASDAQ:TRMK,7.156994604256987e-08
2024-04-18,12,AR1 alpha + Basic + One-Step,NASDAQ:TRMK,0.0
2024-04-19,12,AR1 alpha + Basic + One-Step,NASDAQ:TRMK,0.0
2020-03-25,12,AR1 alpha + Basic + One-Step,NASDAQ:LXRX,0.02
2020-03-26,12,AR1 alpha + Basic + One-Step,NASDAQ:LXRX,0.019999999999999997
2020-03-27,12,AR1 alpha + Basic + One-Step,NASDAQ:LXRX,0.0
2020-03-30,12,AR1 alpha + Basic + One-Step,NASDAQ:LXRX,0.0
2020-03-31,12,AR1 alpha + Basic + One-Step,NASDAQ:LXRX,0.0
2020-04-01,12,AR1 alpha + Basic + One-Step,NASDAQ:LXRX,0.0
2020-04-02,12,AR1 alpha + Basic + One-Step,NASDAQ:LXRX,0.0
2020-04-03,12,AR1 alpha + Basic + One-Step,NASDAQ:LXRX,3.613992065045305e-08
2020-04-06,12,AR1 alpha + Basic + One-Step,NASDAQ:LXRX,1.1057229179667851e-07
2020-04-07,12,AR1 alpha + Basic + One-Step,NASDAQ:LXRX,9.014345292482844e-08
2020-04-08,12,AR1 alpha + Basic + One-Step,NASDAQ:LXRX,0.0
2020-04-09,12,AR1 alpha + Basic + One-Step,NASDAQ:LXRX,0.0
2020-04-13,12,AR1 alpha + Basic + One-Step,NASDAQ:LXRX,0.0
2020-04-14,12,AR1 alpha + Basic + One-Step,NASDAQ:LXRX,0.0
2020-04-15,12,AR1 alpha + Basic + One-Step,NASDAQ:LXRX,0.0
2020-04-16,12,AR1 alpha + Basic + One-Step,NASDAQ:LXRX,0.0
2020-04-17,12,AR1 alpha + Basic + One-Step,NASDAQ:LXRX,0.0
2020-04-20,12,AR1 alpha + Basic + One-Step,NASDAQ:LXRX,0.0
2020-04-21,12,AR1 alpha + Basic + One-Step,NASDAQ:LXRX,0.0
2020-04-22,12,AR1 alpha + Basic + One-Step,NASDAQ:LXRX,0.0
2020-04-23,12,AR1 alpha + Basic + One-Step,NASDAQ:LXRX,0.0
2020-04-24,12,AR1 alpha + Basic + One-Step,NASDAQ:LXRX,0.0
2020-04-27,12,AR1 alpha + Basic + One-Step,NASDAQ:LXRX,0.0
2020-04-28,12,AR1 alpha + Basic + One-Step,NASDAQ:LXRX,0.0
2020-04-29,12,AR1 alpha + Basic + One-Step,NASDAQ:LXRX,3.0875391775506447e-07
2020-04-30,12,AR1 alpha + Basic + One-Step,NASDAQ:LXRX,0.0
2020-05-01,12,AR1 alpha + Basic + One-Step,NASDAQ:LXRX,1.4627567322623017e-08
2020-05-04,12,AR1 alpha + Basic + One-Step,NASDAQ:LXRX,0.0
2020-05-05,12,AR1 alpha + Basic + One-Step,NASDAQ:LXRX,2.416575369432703e-07
2020-05-06,12,AR1 alpha + Basic + One-Step,NASDAQ:LXRX,0.0
2020-05-07,12,AR1 alpha + Basic + One-Step,NASDAQ:LXRX,0.0
2020-05-08,12,AR1 alpha + Basic + One-Step,NASDAQ:LXRX,6.087734793879813e-08
2020-05-11,12,AR1 alpha + Basic + One-Step,NASDAQ:LXRX,1.1142823258214268e-07
2020-05-12,12,AR1 alpha + Basic + One-Step,NASDAQ:LXRX,0.0
2020-05-13,12,AR1 alpha + Basic + One-Step,NASDAQ:LXRX,0.0
2020-05-14,12,AR1 alpha + Basic + One-Step,NASDAQ:LXRX,8.441267743923918e-09
2020-05-15,12,AR1 alpha + Basic + One-Step,NASDAQ:LXRX,1.0297856480574388e-07
2020-05-18,12,AR1 alpha + Basic + One-Step,NASDAQ:LXRX,0.0
2020-05-19,12,AR1 alpha + Basic + One-Step,NASDAQ:LXRX,0.0
2020-05-20,12,AR1 alpha + Basic + One-Step,NASDAQ:LXRX,0.0
2020-05-21,12,AR1 alpha + Basic + One-Step,NASDAQ:LXRX,2.178604655900627e-08
2020-05-22,12,AR1 alpha + Basic + One-Step,NASDAQ:LXRX,4.26892294333519e-08
2020-05-26,12,AR1 alpha + Basic + One-Step,NASDAQ:LXRX,3.349631226690635e-08
2020-05-27,12,AR1 alpha + Basic + One-Step,NASDAQ:LXRX,5.026710966139339e-07
2020-05-28,12,AR1 alpha + Basic + One-Step,NASDAQ:LXRX,0.0
2020-05-29,12,AR1 alpha + Basic + One-Step,NASDAQ:LXRX,0.0
2020-06-01,12,AR1 alpha + Basic + One-Step,NASDAQ:LXRX,2.1394486110696676e-07
2020-06-02,12,AR1 alpha + Basic + One-Step,NASDAQ:LXRX,2.3616388262428921e-07
2020-06-03,12,AR1 alpha + Basic + One-Step,NASDAQ:LXRX,0.0
2020-06-04,12,AR1 alpha + Basic + One-Step,NASDAQ:LXRX,2.508302254632959e-07
2020-06-05,12,AR1 alpha + Basic + One-Step,NASDAQ:LXRX,1.0150476825158137e-07
2020-06-08,12,AR1 alpha + Basic + One-Step,NASDAQ:LXRX,7.69349737003208e-08
2020-06-09,12,AR1 alpha + Basic + One-Step,NASDAQ:LXRX,1.8851355180748842e-07
2020-06-10,12,AR1 alpha + Basic + One-Step,NASDAQ:LXRX,0.0
2020-06-11,12,AR1 alpha + Basic + One-Step,NASDAQ:LXRX,0.0
2020-06-12,12,AR1 alpha + Basic + One-Step,NASDAQ:LXRX,6.103397246976873e-09
2020-06-15,12,AR1 alpha + Basic + One-Step,NASDAQ:LXRX,9.042634505759574e-09
2020-06-16,12,AR1 alpha + Basic + One-Step,NASDAQ:LXRX,0.0
2020-06-17,12,AR1 alpha + Basic + One-Step,NASDAQ:LXRX,1.0838337913894155e-07
2020-06-18,12,AR1 alpha + Basic + One-Step,NASDAQ:LXRX,0.0
2020-06-19,12,AR1 alpha + Basic + One-Step,NASDAQ:LXRX,0.0
2020-06-22,12,AR1 alpha + Basic + One-Step,NASDAQ:LXRX,0.0
2020-06-23,12,AR1 alpha + Basic + One-Step,NASDAQ:LXRX,0.0
2020-06-24,12,AR1 alpha + Basic + One-Step,NASDAQ:LXRX,0.0
2020-06-25,12,AR1 alpha + Basic + One-Step,NASDAQ:LXRX,0.0
2020-06-26,12,AR1 alpha + Basic + One-Step,NASDAQ:LXRX,0.0
2020-06-29,12,AR1 alpha + Basic + One-Step,NASDAQ:LXRX,0.0
2020-06-30,12,AR1 alpha + Basic + One-Step,NASDAQ:LXRX,0.0
2020-07-01,12,AR1 alpha + Basic + One-Step,NASDAQ:LXRX,0.0
2020-07-02,12,AR1 alpha + Basic + One-Step,NASDAQ:LXRX,4.4605093176466064e-09
2020-07-06,12,AR1 alpha + Basic + One-Step,NASDAQ:LXRX,1.1012926562593056e-07
2020-07-07,12,AR1 alpha + Basic + One-Step,NASDAQ:LXRX,0.0
2020-07-08,12,AR1 alpha + Basic + One-Step,NASDAQ:LXRX,0.0
2020-07-09,12,AR1 alpha + Basic + One-Step,NASDAQ:LXRX,1.6253654432722024e-07
2020-07-10,12,AR1 alpha + Basic + One-Step,NASDAQ:LXRX,0.0
2020-07-13,12,AR1 alpha + Basic + One-Step,NASDAQ:LXRX,0.0
2020-07-14,12,AR1 alpha + Basic + One-Step,NASDAQ:LXRX,0.0
2020-07-15,12,AR1 alpha + Basic + One-Step,NASDAQ:LXRX,5.7037462230286525e-08
2020-07-16,12,AR1 alpha + Basic + One-Step,NASDAQ:LXRX,0.0
2020-07-17,12,AR1 alpha + Basic + One-Step,NASDAQ:LXRX,0.0
2020-07-20,12,AR1 alpha + Basic + One-Step,NASDAQ:LXRX,1.4973331213964154e-07
2020-07-21,12,AR1 alpha + Basic + One-Step,NASDAQ:LXRX,0.0
2020-07-22,12,AR1 alpha + Basic + One-Step,NASDAQ:LXRX,0.0
2020-07-23,12,AR1 alpha + Basic + One-Step,NASDAQ:LXRX,0.0
2020-07-24,12,AR1 alpha + Basic + One-Step,NASDAQ:LXRX,5.43665173967341e-07
2020-07-27,12,AR1 alpha + Basic + One-Step,NASDAQ:LXRX,2.0540582736070712e-07
2020-07-28,12,AR1 alpha + Basic + One-Step,NASDAQ:LXRX,0.0
2020-07-29,12,AR1 alpha + Basic + One-Step,NASDAQ:LXRX,0.0
2020-07-30,12,AR1 alpha + Basic + One-Step,NASDAQ:LXRX,0.0
2020-07-31,12,AR1 alpha + Basic + One-Step,NASDAQ:LXRX,0.0
2020-08-03,12,AR1 alpha + Basic + One-Step,NASDAQ:LXRX,0.0
2020-08-04,12,AR1 alpha + Basic + One-Step,NASDAQ:LXRX,0.0
2020-08-05,12,AR1 alpha + Basic + One-Step,NASDAQ:LXRX,0.0
2020-08-06,12,AR1 alpha + Basic + One-Step,NASDAQ:LXRX,0.0
2020-08-07,12,AR1 alpha + Basic + One-Step,NASDAQ:LXRX,0.0
2020-08-10,12,AR1 alpha + Basic + One-Step,NASDAQ:LXRX,0.0
2020-08-11,12,AR1 alpha + Basic + One-Step,NASDAQ:LXRX,0.0
2020-08-12,12,AR1 alpha + Basic + One-Step,NASDAQ:LXRX,0.0
2020-08-13,12,AR1 alpha + Basic + One-Step,NASDAQ:LXRX,0.0
2020-08-14,12,AR1 alpha + Basic + One-Step,NASDAQ:LXRX,0.0
2020-08-17,12,AR1 alpha + Basic + One-Step,NASDAQ:LXRX,0.0
2020-08-18,12,AR1 alpha + Basic + One-Step,NASDAQ:LXRX,0.0
2020-08-19,12,AR1 alpha + Basic + One-Step,NASDAQ:LXRX,0.0
2020-08-20,12,AR1 alpha + Basic + One-Step,NASDAQ:LXRX,9.218886804866619e-08
2020-08-21,12,AR1 alpha + Basic + One-Step,NASDAQ:LXRX,0.0
2020-08-24,12,AR1 alpha + Basic + One-Step,NASDAQ:LXRX,0.0
2020-08-25,12,AR1 alpha + Basic + One-Step,NASDAQ:LXRX,0.0
2020-08-26,12,AR1 alpha + Basic + One-Step,NASDAQ:LXRX,0.0
2020-08-27,12,AR1 alpha + Basic + One-Step,NASDAQ:LXRX,0.0
2020-08-28,12,AR1 alpha + Basic + One-Step,NASDAQ:LXRX,0.0
2020-08-31,12,AR1 alpha + Basic + One-Step,NASDAQ:LXRX,0.0
2020-09-01,12,AR1 alpha + Basic + One-Step,NASDAQ:LXRX,0.0
2020-09-02,12,AR1 alpha + Basic + One-Step,NASDAQ:LXRX,0.0
2020-09-03,12,AR1 alpha + Basic + One-Step,NASDAQ:LXRX,0.0
2020-09-04,12,AR1 alpha + Basic + One-Step,NASDAQ:LXRX,0.0
2020-09-08,12,AR1 alpha + Basic + One-Step,NASDAQ:LXRX,0.0
2020-09-09,12,AR1 alpha + Basic + One-Step,NASDAQ:LXRX,0.0
2020-09-10,12,AR1 alpha + Basic + One-Step,NASDAQ:LXRX,0.0
2020-09-11,12,AR1 alpha + Basic + One-Step,NASDAQ:LXRX,0.0
2020-09-14,12,AR1 alpha + Basic + One-Step,NASDAQ:LXRX,0.0
2020-09-15,12,AR1 alpha + Basic + One-Step,NASDAQ:LXRX,0.0
2020-09-16,12,AR1 alpha + Basic + One-Step,NASDAQ:LXRX,0.0
2020-09-17,12,AR1 alpha + Basic + One-Step,NASDAQ:LXRX,0.0
2020-09-18,12,AR1 alpha + Basic + One-Step,NASDAQ:LXRX,0.0
2020-09-21,12,AR1 alpha + Basic + One-Step,NASDAQ:LXRX,0.0
2020-09-22,12,AR1 alpha + Basic + One-Step,NASDAQ:LXRX,0.0
2020-09-23,12,AR1 alpha + Basic + One-Step,NASDAQ:LXRX,0.0
2020-09-24,12,AR1 alpha + Basic + One-Step,NASDAQ:LXRX,2.1916169216210202e-07
2020-09-25,12,AR1 alpha + Basic + One-Step,NASDAQ:LXRX,0.0
2020-09-28,12,AR1 alpha + Basic + One-Step,NASDAQ:LXRX,0.0
2020-09-29,12,AR1 alpha + Basic + One-Step,NASDAQ:LXRX,0.0
2020-09-30,12,AR1 alpha + Basic + One-Step,NASDAQ:LXRX,5.744829453797104e-09
2020-10-01,12,AR1 alpha + Basic + One-Step,NASDAQ:LXRX,0.0
2020-10-02,12,AR1 alpha + Basic + One-Step,NASDAQ:LXRX,0.0
2020-10-05,12,AR1 alpha + Basic + One-Step,NASDAQ:LXRX,1.1695791175547197e-08
2020-10-06,12,AR1 alpha + Basic + One-Step,NASDAQ:LXRX,0.0
2020-10-07,12,AR1 alpha + Basic + One-Step,NASDAQ:LXRX,0.0
2020-10-08,12,AR1 alpha + Basic + One-Step,NASDAQ:LXRX,0.0
2020-10-09,12,AR1 alpha + Basic + One-Step,NASDAQ:LXRX,0.0
2020-10-12,12,AR1 alpha + Basic + One-Step,NASDAQ:LXRX,0.0
2020-10-13,12,AR1 alpha + Basic + One-Step,NASDAQ:LXRX,0.0
2020-10-14,12,AR1 alpha + Basic + One-Step,NASDAQ:LXRX,0.0
2020-10-15,12,AR1 alpha + Basic + One-Step,NASDAQ:LXRX,0.0
2020-10-16,12,AR1 alpha + Basic + One-Step,NASDAQ:LXRX,2.1999429475073048e-08
2020-10-19,12,AR1 alpha + Basic + One-Step,NASDAQ:LXRX,0.0
2020-10-20,12,AR1 alpha + Basic + One-Step,NASDAQ:LXRX,0.0
2020-10-21,12,AR1 alpha + Basic + One-Step,NASDAQ:LXRX,0.0
2020-10-22,12,AR1 alpha + Basic + One-Step,NASDAQ:LXRX,0.0
2020-10-23,12,AR1 alpha + Basic + One-Step,NASDAQ:LXRX,0.0
2020-10-26,12,AR1 alpha + Basic + One-Step,NASDAQ:LXRX,0.0
2020-10-27,12,AR1 alpha + Basic + One-Step,NASDAQ:LXRX,0.0
2020-10-28,12,AR1 alpha + Basic + One-Step,NASDAQ:LXRX,6.747243801718742e-09
2020-10-29,12,AR1 alpha + Basic + One-Step,NASDAQ:LXRX,4.747669780575028e-10
2020-10-30,12,AR1 alpha + Basic + One-Step,NASDAQ:LXRX,0.0
2020-11-02,12,AR1 alpha + Basic + One-Step,NASDAQ:LXRX,0.0
2020-11-03,12,AR1 alpha + Basic + One-Step,NASDAQ:LXRX,0.0
2020-11-04,12,AR1 alpha + Basic + One-Step,NASDAQ:LXRX,0.0
2020-11-05,12,AR1 alpha + Basic + One-Step,NASDAQ:LXRX,0.0
2020-11-06,12,AR1 alpha + Basic + One-Step,NASDAQ:LXRX,1.3135219638478356e-07
2020-11-09,12,AR1 alpha + Basic + One-Step,NASDAQ:LXRX,0.0
2020-11-10,12,AR1 alpha + Basic + One-Step,NASDAQ:LXRX,0.0
2020-11-11,12,AR1 alpha + Basic + One-Step,NASDAQ:LXRX,0.0
2020-11-12,12,AR1 alpha + Basic + One-Step,NASDAQ:LXRX,0.0
2020-11-13,12,AR1 alpha + Basic + One-Step,NASDAQ:LXRX,0.0
2020-11-16,12,AR1 alpha + Basic + One-Step,NASDAQ:LXRX,0.0
2020-11-17,12,AR1 alpha + Basic + One-Step,NASDAQ:LXRX,0.0
2020-11-18,12,AR1 alpha + Basic + One-Step,NASDAQ:LXRX,0.0
2020-11-19,12,AR1 alpha + Basic + One-Step,NASDAQ:LXRX,0.0
2020-11-20,12,AR1 alpha + Basic + One-Step,NASDAQ:LXRX,0.0
2020-11-23,12,AR1 alpha + Basic + One-Step,NASDAQ:LXRX,0.0
2020-11-24,12,AR1 alpha + Basic + One-Step,NASDAQ:LXRX,0.0
2020-11-25,12,AR1 alpha + Basic + One-Step,NASDAQ:LXRX,0.0
2020-11-27,12,AR1 alpha + Basic + One-Step,NASDAQ:LXRX,0.0
2020-11-30,12,AR1 alpha + Basic + One-Step,NASDAQ:LXRX,0.0
2020-12-01,12,AR1 alpha + Basic + One-Step,NASDAQ:LXRX,0.0
2020-12-02,12,AR1 alpha + Basic + One-Step,NASDAQ:LXRX,0.0
2020-12-03,12,AR1 alpha + Basic + One-Step,NASDAQ:LXRX,0.0
2020-12-04,12,AR1 alpha + Basic + One-Step,NASDAQ:LXRX,7.03409322092086e-11
2020-12-07,12,AR1 alpha + Basic + One-Step,NASDAQ:LXRX,0.0
2020-12-08,12,AR1 alpha + Basic + One-Step,NASDAQ:LXRX,0.05302292022869516
2020-12-09,12,AR1 alpha + Basic + One-Step,NASDAQ:LXRX,0.0393446099715116
2020-12-10,12,AR1 alpha + Basic + One-Step,NASDAQ:LXRX,0.02213802092505522
2020-12-11,12,AR1 alpha + Basic + One-Step,NASDAQ:LXRX,0.032340291158263014
2020-12-14,12,AR1 alpha + Basic + One-Step,NASDAQ:LXRX,0.0374086236603185
2020-12-15,12,AR1 alpha + Basic + One-Step,NASDAQ:LXRX,0.038693713303709056
2020-12-16,12,AR1 alpha + Basic + One-Step,NASDAQ:LXRX,0.0395651538198046
2020-12-17,12,AR1 alpha + Basic + One-Step,NASDAQ:LXRX,0.018526926845875105
2020-12-18,12,AR1 alpha + Basic + One-Step,NASDAQ:LXRX,0.030940031358849426
2020-12-21,12,AR1 alpha + Basic + One-Step,NASDAQ:LXRX,0.026222279786794925
2020-12-22,12,AR1 alpha + Basic + One-Step,NASDAQ:LXRX,0.026726803586734064
2020-12-23,12,AR1 alpha + Basic + One-Step,NASDAQ:LXRX,0.026726874422021173
2020-12-24,12,AR1 alpha + Basic + One-Step,NASDAQ:LXRX,0.0397550129517491
2020-12-28,12,AR1 alpha + Basic + One-Step,NASDAQ:LXRX,0.04440815446609856
2020-12-29,12,AR1 alpha + Basic + One-Step,NASDAQ:LXRX,0.0408185891571722
2020-12-30,12,AR1 alpha + Basic + One-Step,NASDAQ:LXRX,0.04671216086145267
2020-12-31,12,AR1 alpha + Basic + One-Step,NASDAQ:LXRX,0.039119531142672095
2021-01-04,12,AR1 alpha + Basic + One-Step,NASDAQ:LXRX,0.03315058349469877
2021-01-05,12,AR1 alpha + Basic + One-Step,NASDAQ:LXRX,0.03391186022275198
2021-01-06,12,AR1 alpha + Basic + One-Step,NASDAQ:LXRX,0.03409996762813504
2021-01-07,12,AR1 alpha + Basic + One-Step,NASDAQ:LXRX,0.0315378831791052
2021-01-08,12,AR1 alpha + Basic + One-Step,NASDAQ:LXRX,0.028722933707401616
2021-01-11,12,AR1 alpha + Basic + One-Step,NASDAQ:LXRX,0.030739735308963255
2021-01-12,12,AR1 alpha + Basic + One-Step,NASDAQ:LXRX,0.035737745758823075
2021-01-13,12,AR1 alpha + Basic + One-Step,NASDAQ:LXRX,0.03527397675769811
2021-01-14,12,AR1 alpha + Basic + One-Step,NASDAQ:LXRX,0.0
2021-01-15,12,AR1 alpha + Basic + One-Step,NASDAQ:LXRX,0.0010707682681062717
2021-01-19,12,AR1 alpha + Basic + One-Step,NASDAQ:LXRX,0.0
2021-01-20,12,AR1 alpha + Basic + One-Step,NASDAQ:LXRX,0.009649359685747743
2021-01-21,12,AR1 alpha + Basic + One-Step,NASDAQ:LXRX,0.0017298882166882537
2021-01-22,12,AR1 alpha + Basic + One-Step,NASDAQ:LXRX,0.015258227461123111
2021-01-25,12,AR1 alpha + Basic + One-Step,NASDAQ:LXRX,0.025482856465222296
2021-01-26,12,AR1 alpha + Basic + One-Step,NASDAQ:LXRX,0.04125414432945231
2021-01-27,12,AR1 alpha + Basic + One-Step,NASDAQ:LXRX,0.05103283482000832
2021-01-28,12,AR1 alpha + Basic + One-Step,NASDAQ:LXRX,0.04805635909485956
2021-01-29,12,AR1 alpha + Basic + One-Step,NASDAQ:LXRX,0.05302331835026962
2021-02-01,12,AR1 alpha + Basic + One-Step,NASDAQ:LXRX,0.04752189840971801
2021-02-02,12,AR1 alpha + Basic + One-Step,NASDAQ:LXRX,0.035747931164426115
2021-02-03,12,AR1 alpha + Basic + One-Step,NASDAQ:LXRX,0.04933133752808918
2021-02-04,12,AR1 alpha + Basic + One-Step,NASDAQ:LXRX,0.05674425883984395
2021-02-05,12,AR1 alpha + Basic + One-Step,NASDAQ:LXRX,0.06112303770641626
2021-02-08,12,AR1 alpha + Basic + One-Step,NASDAQ:LXRX,0.06009890766000439
2021-02-09,12,AR1 alpha + Basic + One-Step,NASDAQ:LXRX,0.06566560554128968
2021-02-10,12,AR1 alpha + Basic + One-Step,NASDAQ:LXRX,0.06949871914948778
2021-02-11,12,AR1 alpha + Basic + One-Step,NASDAQ:LXRX,0.08110392984661526
2021-02-12,12,AR1 alpha + Basic + One-Step,NASDAQ:LXRX,0.07571727895708787
2021-02-16,12,AR1 alpha + Basic + One-Step,NASDAQ:LXRX,0.07940882597228141
2021-02-17,12,AR1 alpha + Basic + One-Step,NASDAQ:LXRX,0.07776012454968638
2021-02-18,12,AR1 alpha + Basic + One-Step,NASDAQ:LXRX,0.07991770451880827
2021-02-19,12,AR1 alpha + Basic + One-Step,NASDAQ:LXRX,0.07298384713818412
2021-02-22,12,AR1 alpha + Basic + One-Step,NASDAQ:LXRX,0.0705277943671568
2021-02-23,12,AR1 alpha + Basic + One-Step,NASDAQ:LXRX,0.07297548225018415
2021-02-24,12,AR1 alpha + Basic + One-Step,NASDAQ:LXRX,0.05874823154283501
2021-02-25,12,AR1 alpha + Basic + One-Step,NASDAQ:LXRX,0.06571055714293049
2021-02-26,12,AR1 alpha + Basic + One-Step,NASDAQ:LXRX,0.07236043959555419
2021-03-01,12,AR1 alpha + Basic + One-Step,NASDAQ:LXRX,0.051727792540630854
2021-03-02,12,AR1 alpha + Basic + One-Step,NASDAQ:LXRX,0.0606658129307119
2021-03-03,12,AR1 alpha + Basic + One-Step,NASDAQ:LXRX,0.07117622801295433
2021-03-04,12,AR1 alpha + Basic + One-Step,NASDAQ:LXRX,0.08096645539948678
2021-03-05,12,AR1 alpha + Basic + One-Step,NASDAQ:LXRX,0.07452352132210688
2021-03-08,12,AR1 alpha + Basic + One-Step,NASDAQ:LXRX,0.0693012071468515
2021-03-09,12,AR1 alpha + Basic + One-Step,NASDAQ:LXRX,0.059580846289798345
2021-03-10,12,AR1 alpha + Basic + One-Step,NASDAQ:LXRX,0.04640866089763915
2021-03-11,12,AR1 alpha + Basic + One-Step,NASDAQ:LXRX,0.06059870342607115
2021-03-12,12,AR1 alpha + Basic + One-Step,NASDAQ:LXRX,0.06290760120296846
2021-03-15,12,AR1 alpha + Basic + One-Step,NASDAQ:LXRX,0.06257276321352284
2021-03-16,12,AR1 alpha + Basic + One-Step,NASDAQ:LXRX,0.06931776492012662
2021-03-17,12,AR1 alpha + Basic + One-Step,NASDAQ:LXRX,0.06806652533197016
2021-03-18,12,AR1 alpha + Basic + One-Step,NASDAQ:LXRX,0.07619219313726158
2021-03-19,12,AR1 alpha + Basic + One-Step,NASDAQ:LXRX,0.05928479105206395
2021-03-22,12,AR1 alpha + Basic + One-Step,NASDAQ:LXRX,0.06193963322534561
2021-03-23,12,AR1 alpha + Basic + One-Step,NASDAQ:LXRX,0.07219087682927425
2021-03-24,12,AR1 alpha + Basic + One-Step,NASDAQ:LXRX,0.08336243326373154
2021-03-25,12,AR1 alpha + Basic + One-Step,NASDAQ:LXRX,0.07254576803082217
2021-03-26,12,AR1 alpha + Basic + One-Step,NASDAQ:LXRX,0.07837927169897131
2021-03-29,12,AR1 alpha + Basic + One-Step,NASDAQ:LXRX,0.07577447295010999
2021-03-30,12,AR1 alpha + Basic + One-Step,NASDAQ:LXRX,0.07560677923322542
2021-03-31,12,AR1 alpha + Basic + One-Step,NASDAQ:LXRX,0.05839574393579052
2021-04-01,12,AR1 alpha + Basic + One-Step,NASDAQ:LXRX,0.055259356917521145
2021-04-05,12,AR1 alpha + Basic + One-Step,NASDAQ:LXRX,0.05761205368606076
2021-04-06,12,AR1 alpha + Basic + One-Step,NASDAQ:LXRX,0.06185363305694171
2021-04-07,12,AR1 alpha + Basic + One-Step,NASDAQ:LXRX,0.07000750127058158
2021-04-08,12,AR1 alpha + Basic + One-Step,NASDAQ:LXRX,0.0686343995390258
2021-04-09,12,AR1 alpha + Basic + One-Step,NASDAQ:LXRX,0.06598540619486568
2021-04-12,12,AR1 alpha + Basic + One-Step,NASDAQ:LXRX,0.0741341920741445
2021-04-13,12,AR1 alpha + Basic + One-Step,NASDAQ:LXRX,0.05720589098410085
2021-04-14,12,AR1 alpha + Basic + One-Step,NASDAQ:LXRX,0.052581597514282465
2021-04-15,12,AR1 alpha + Basic + One-Step,NASDAQ:LXRX,0.047951238253153734
2021-04-16,12,AR1 alpha + Basic + One-Step,NASDAQ:LXRX,0.05530986685082023
2021-04-19,12,AR1 alpha + Basic + One-Step,NASDAQ:LXRX,0.06323253487189008
2021-04-20,12,AR1 alpha + Basic + One-Step,NASDAQ:LXRX,0.05874532471335659
2021-04-21,12,AR1 alpha + Basic + One-Step,NASDAQ:LXRX,0.04081288633095253
2021-04-22,12,AR1 alpha + Basic + One-Step,NASDAQ:LXRX,0.038624994999486795
2021-04-23,12,AR1 alpha + Basic + One-Step,NASDAQ:LXRX,0.04330300776229179
2021-04-26,12,AR1 alpha + Basic + One-Step,NASDAQ:LXRX,0.023098160223656555
2021-04-27,12,AR1 alpha + Basic + One-Step,NASDAQ:LXRX,0.02975971098950171
2021-04-28,12,AR1 alpha + Basic + One-Step,NASDAQ:LXRX,0.037012973148298906
2021-04-29,12,AR1 alpha + Basic + One-Step,NASDAQ:LXRX,0.04663845642877976
2021-04-30,12,AR1 alpha + Basic + One-Step,NASDAQ:LXRX,0.04992720379561253
2021-05-03,12,AR1 alpha + Basic + One-Step,NASDAQ:LXRX,0.04923649982424243
2021-05-04,12,AR1 alpha + Basic + One-Step,NASDAQ:LXRX,0.06053198888022939
2021-05-05,12,AR1 alpha + Basic + One-Step,NASDAQ:LXRX,0.05972555877446822
2021-05-06,12,AR1 alpha + Basic + One-Step,NASDAQ:LXRX,0.06549300766131168
2021-05-07,12,AR1 alpha + Basic + One-Step,NASDAQ:LXRX,0.051504922468246665
2021-05-10,12,AR1 alpha + Basic + One-Step,NASDAQ:LXRX,0.057523580928268696
2021-05-11,12,AR1 alpha + Basic + One-Step,NASDAQ:LXRX,0.04740626544643488
2021-05-12,12,AR1 alpha + Basic + One-Step,NASDAQ:LXRX,0.046991646521590894
2021-05-13,12,AR1 alpha + Basic + One-Step,NASDAQ:LXRX,0.05938766473835946
2021-05-14,12,AR1 alpha + Basic + One-Step,NASDAQ:LXRX,0.039487900240189194
2021-05-17,12,AR1 alpha + Basic + One-Step,NASDAQ:LXRX,0.04162732277431209
2021-05-18,12,AR1 alpha + Basic + One-Step,NASDAQ:LXRX,0.03657510684791389
2021-05-19,12,AR1 alpha + Basic + One-Step,NASDAQ:LXRX,0.039290906248539176
2021-05-20,12,AR1 alpha + Basic + One-Step,NASDAQ:LXRX,0.029757051130632015
2021-05-21,12,AR1 alpha + Basic + One-Step,NASDAQ:LXRX,0.03274045084619618
2021-05-24,12,AR1 alpha + Basic + One-Step,NASDAQ:LXRX,0.0389772316074658
2021-05-25,12,AR1 alpha + Basic + One-Step,NASDAQ:LXRX,0.038712154987233655
2021-05-26,12,AR1 alpha + Basic + One-Step,NASDAQ:LXRX,0.021415865756135206
2021-05-27,12,AR1 alpha + Basic + One-Step,NASDAQ:LXRX,0.012560292406667783
2021-05-28,12,AR1 alpha + Basic + One-Step,NASDAQ:LXRX,0.022417659635140093
2021-06-01,12,AR1 alpha + Basic + One-Step,NASDAQ:LXRX,0.022896625334251172
2021-06-02,12,AR1 alpha + Basic + One-Step,NASDAQ:LXRX,0.019629391052196514
2021-06-03,12,AR1 alpha + Basic + One-Step,NASDAQ:LXRX,0.032205135799114555
2021-06-04,12,AR1 alpha + Basic + One-Step,NASDAQ:LXRX,0.03217228136326372
2021-06-07,12,AR1 alpha + Basic + One-Step,NASDAQ:LXRX,0.008466095610465612
2021-06-08,12,AR1 alpha + Basic + One-Step,NASDAQ:LXRX,0.008449963248935712
2021-06-09,12,AR1 alpha + Basic + One-Step,NASDAQ:LXRX,0.007047527596317349
2021-06-10,12,AR1 alpha + Basic + One-Step,NASDAQ:LXRX,0.015094126990318842
2021-06-11,12,AR1 alpha + Basic + One-Step,NASDAQ:LXRX,0.017334074536189355
2021-06-14,12,AR1 alpha + Basic + One-Step,NASDAQ:LXRX,0.022756053686563874
2021-06-15,12,AR1 alpha + Basic + One-Step,NASDAQ:LXRX,0.03107237189009705
2021-06-16,12,AR1 alpha + Basic + One-Step,NASDAQ:LXRX,0.03498741939575794
2021-06-17,12,AR1 alpha + Basic + One-Step,NASDAQ:LXRX,0.03148242118662902
2021-06-18,12,AR1 alpha + Basic + One-Step,NASDAQ:LXRX,0.035733379665193764
2021-06-21,12,AR1 alpha + Basic + One-Step,NASDAQ:LXRX,0.03516042219092244
2021-06-22,12,AR1 alpha + Basic + One-Step,NASDAQ:LXRX,0.038107156126099544
2021-06-23,12,AR1 alpha + Basic + One-Step,NASDAQ:LXRX,0.030257747704721182
2021-06-24,12,AR1 alpha + Basic + One-Step,NASDAQ:LXRX,0.02798356149843536
2021-06-25,12,AR1 alpha + Basic + One-Step,NASDAQ:LXRX,0.0
2021-06-28,12,AR1 alpha + Basic + One-Step,NASDAQ:LXRX,0.0002856546223859509
2021-06-29,12,AR1 alpha + Basic + One-Step,NASDAQ:LXRX,0.02686652198867796
2021-06-30,12,AR1 alpha + Basic + One-Step,NASDAQ:LXRX,0.04859512966071098
2021-07-01,12,AR1 alpha + Basic + One-Step,NASDAQ:LXRX,0.04694444618187276
2021-07-02,12,AR1 alpha + Basic + One-Step,NASDAQ:LXRX,0.05554243521717604
2021-07-06,12,AR1 alpha + Basic + One-Step,NASDAQ:LXRX,0.05650393271947749
2021-07-07,12,AR1 alpha + Basic + One-Step,NASDAQ:LXRX,0.055142960087962774
2021-07-08,12,AR1 alpha + Basic + One-Step,NASDAQ:LXRX,0.04636824323506669
2021-07-09,12,AR1 alpha + Basic + One-Step,NASDAQ:LXRX,0.03794359489269779
2021-07-12,12,AR1 alpha + Basic + One-Step,NASDAQ:LXRX,0.046498281910794824
2021-07-13,12,AR1 alpha + Basic + One-Step,NASDAQ:LXRX,0.04528319308158103
2021-07-14,12,AR1 alpha + Basic + One-Step,NASDAQ:LXRX,0.049720394266735385
2021-07-15,12,AR1 alpha + Basic + One-Step,NASDAQ:LXRX,0.04392802048388162
2021-07-16,12,AR1 alpha + Basic + One-Step,NASDAQ:LXRX,0.036471353106107794
2021-07-19,12,AR1 alpha + Basic + One-Step,NASDAQ:LXRX,0.033996317477155744
2021-07-20,12,AR1 alpha + Basic + One-Step,NASDAQ:LXRX,0.038724213050977035
2021-07-21,12,AR1 alpha + Basic + One-Step,NASDAQ:LXRX,0.02091553215479973
2021-07-22,12,AR1 alpha + Basic + One-Step,NASDAQ:LXRX,0.03320607844059821
2021-07-23,12,AR1 alpha + Basic + One-Step,NASDAQ:LXRX,0.03860309233950786
2021-07-26,12,AR1 alpha + Basic + One-Step,NASDAQ:LXRX,0.04210788770740797
2021-07-27,12,AR1 alpha + Basic + One-Step,NASDAQ:LXRX,0.04125892182408473
2021-07-28,12,AR1 alpha + Basic + One-Step,NASDAQ:LXRX,0.024565227747757226
2021-07-29,12,AR1 alpha + Basic + One-Step,NASDAQ:LXRX,0.02084486304818293
2021-07-30,12,AR1 alpha + Basic + One-Step,NASDAQ:LXRX,0.02847617858577273
2021-08-02,12,AR1 alpha + Basic + One-Step,NASDAQ:LXRX,0.020773969754927325
2021-08-03,12,AR1 alpha + Basic + One-Step,NASDAQ:LXRX,0.025481301726138068
2021-08-04,12,AR1 alpha + Basic + One-Step,NASDAQ:LXRX,0.03374386116203524
2021-08-05,12,AR1 alpha + Basic + One-Step,NASDAQ:LXRX,0.015533011289400276
2021-08-06,12,AR1 alpha + Basic + One-Step,NASDAQ:LXRX,0.017819669826648538
2021-08-09,12,AR1 alpha + Basic + One-Step,NASDAQ:LXRX,0.008136213229023697
2021-08-10,12,AR1 alpha + Basic + One-Step,NASDAQ:LXRX,0.023646793858020522
2021-08-11,12,AR1 alpha + Basic + One-Step,NASDAQ:LXRX,0.018198238418330976
2021-08-12,12,AR1 alpha + Basic + One-Step,NASDAQ:LXRX,0.016567266722340806
2021-08-13,12,AR1 alpha + Basic + One-Step,NASDAQ:LXRX,0.0343160185219113
2021-08-16,12,AR1 alpha + Basic + One-Step,NASDAQ:LXRX,0.03612093380283281
2021-08-17,12,AR1 alpha + Basic + One-Step,NASDAQ:LXRX,0.045981601633413985
2021-08-18,12,AR1 alpha + Basic + One-Step,NASDAQ:LXRX,0.04088983052980228
2021-08-19,12,AR1 alpha + Basic + One-Step,NASDAQ:LXRX,0.043903841969928484
2021-08-20,12,AR1 alpha + Basic + One-Step,NASDAQ:LXRX,0.04255318878078302
2021-08-23,12,AR1 alpha + Basic + One-Step,NASDAQ:LXRX,0.016255213784416623
2021-08-24,12,AR1 alpha + Basic + One-Step,NASDAQ:LXRX,0.01406392312982908
2021-08-25,12,AR1 alpha + Basic + One-Step,NASDAQ:LXRX,0.020728119065941873
2021-08-26,12,AR1 alpha + Basic + One-Step,NASDAQ:LXRX,0.024643380884471388
2021-08-27,12,AR1 alpha + Basic + One-Step,NASDAQ:LXRX,0.0
2021-08-30,12,AR1 alpha + Basic + One-Step,NASDAQ:LXRX,0.01087885186104515
2021-08-31,12,AR1 alpha + Basic + One-Step,NASDAQ:LXRX,0.009505938491243869
2021-09-01,12,AR1 alpha + Basic + One-Step,NASDAQ:LXRX,0.01616896247376618
2021-09-02,12,AR1 alpha + Basic + One-Step,NASDAQ:LXRX,0.014716989929333762
2021-09-03,12,AR1 alpha + Basic + One-Step,NASDAQ:LXRX,0.021005007184713986
2021-09-07,12,AR1 alpha + Basic + One-Step,NASDAQ:LXRX,0.034203961434854824
2021-09-08,12,AR1 alpha + Basic + One-Step,NASDAQ:LXRX,0.04460526487514351
2021-09-09,12,AR1 alpha + Basic + One-Step,NASDAQ:LXRX,0.035191293723893166
2021-09-10,12,AR1 alpha + Basic + One-Step,NASDAQ:LXRX,0.04340647205513387
2021-09-13,12,AR1 alpha + Basic + One-Step,NASDAQ:LXRX,0.048652479007270384
2021-09-14,12,AR1 alpha + Basic + One-Step,NASDAQ:LXRX,0.050144127172298346
2021-09-15,12,AR1 alpha + Basic + One-Step,NASDAQ:LXRX,0.04806251915648517
2021-09-16,12,AR1 alpha + Basic + One-Step,NASDAQ:LXRX,0.04483090512435307
2021-09-17,12,AR1 alpha + Basic + One-Step,NASDAQ:LXRX,0.03331336365703907
2021-09-20,12,AR1 alpha + Basic + One-Step,NASDAQ:LXRX,0.04167312088762482
2021-09-21,12,AR1 alpha + Basic + One-Step,NASDAQ:LXRX,0.04170383825278404
2021-09-22,12,AR1 alpha + Basic + One-Step,NASDAQ:LXRX,0.04118216032754934
2021-09-23,12,AR1 alpha + Basic + One-Step,NASDAQ:LXRX,0.03156600469780083
2021-09-24,12,AR1 alpha + Basic + One-Step,NASDAQ:LXRX,0.039101492263156554
2021-09-27,12,AR1 alpha + Basic + One-Step,NASDAQ:LXRX,0.027115142769448018
2021-09-28,12,AR1 alpha + Basic + One-Step,NASDAQ:LXRX,0.0432038388804328
2021-09-29,12,AR1 alpha + Basic + One-Step,NASDAQ:LXRX,0.05496936951845286
2021-09-30,12,AR1 alpha + Basic + One-Step,NASDAQ:LXRX,0.0576740688697914
2021-10-01,12,AR1 alpha + Basic + One-Step,NASDAQ:LXRX,0.058616627190044776
2021-10-04,12,AR1 alpha + Basic + One-Step,NASDAQ:LXRX,0.06199229515458045
2021-10-05,12,AR1 alpha + Basic + One-Step,NASDAQ:LXRX,0.05827928921785528
2021-10-06,12,AR1 alpha + Basic + One-Step,NASDAQ:LXRX,0.03333241949083179
2021-10-07,12,AR1 alpha + Basic + One-Step,NASDAQ:LXRX,0.030656193655862175
2021-10-08,12,AR1 alpha + Basic + One-Step,NASDAQ:LXRX,0.03598747078379257
2021-10-11,12,AR1 alpha + Basic + One-Step,NASDAQ:LXRX,0.03585714160319498
2021-10-12,12,AR1 alpha + Basic + One-Step,NASDAQ:LXRX,0.027500646470477324
2021-10-13,12,AR1 alpha + Basic + One-Step,NASDAQ:LXRX,0.03563775032287663
2021-10-14,12,AR1 alpha + Basic + One-Step,NASDAQ:LXRX,0.03551508781252999
2021-10-15,12,AR1 alpha + Basic + One-Step,NASDAQ:LXRX,0.04219948298805748
2021-10-18,12,AR1 alpha + Basic + One-Step,NASDAQ:LXRX,0.07052209017055419
2021-10-19,12,AR1 alpha + Basic + One-Step,NASDAQ:LXRX,0.08237187848717696
2021-10-20,12,AR1 alpha + Basic + One-Step,NASDAQ:LXRX,0.07463357418692725
2021-10-21,12,AR1 alpha + Basic + One-Step,NASDAQ:LXRX,0.0696861191369998
2021-10-22,12,AR1 alpha + Basic + One-Step,NASDAQ:LXRX,0.07410989190977842
2021-10-25,12,AR1 alpha + Basic + One-Step,NASDAQ:LXRX,0.0692415247171762
2021-10-26,12,AR1 alpha + Basic + One-Step,NASDAQ:LXRX,0.06613328543342993
2021-10-27,12,AR1 alpha + Basic + One-Step,NASDAQ:LXRX,0.06701310646330493
2021-10-28,12,AR1 alpha + Basic + One-Step,NASDAQ:LXRX,0.06142066172271611
2021-10-29,12,AR1 alpha + Basic + One-Step,NASDAQ:LXRX,0.06358465443844111
2021-11-01,12,AR1 alpha + Basic + One-Step,NASDAQ:LXRX,0.04951949147300373
2021-11-02,12,AR1 alpha + Basic + One-Step,NASDAQ:LXRX,0.061596772376244315
2021-11-03,12,AR1 alpha + Basic + One-Step,NASDAQ:LXRX,0.05741123730803382
2021-11-04,12,AR1 alpha + Basic + One-Step,NASDAQ:LXRX,0.08524437460431947
2021-11-05,12,AR1 alpha + Basic + One-Step,NASDAQ:LXRX,0.08756416861047404
2021-11-08,12,AR1 alpha + Basic + One-Step,NASDAQ:LXRX,0.07759426078832449
2021-11-09,12,AR1 alpha + Basic + One-Step,NASDAQ:LXRX,0.07566950188876467
2021-11-10,12,AR1 alpha + Basic + One-Step,NASDAQ:LXRX,0.07879542212565463
2021-11-11,12,AR1 alpha + Basic + One-Step,NASDAQ:LXRX,0.068873853675904
2021-11-12,12,AR1 alpha + Basic + One-Step,NASDAQ:LXRX,0.06804642146631615
2021-11-15,12,AR1 alpha + Basic + One-Step,NASDAQ:LXRX,0.0671996532892076
2021-11-16,12,AR1 alpha + Basic + One-Step,NASDAQ:LXRX,0.06654857362888984
2021-11-17,12,AR1 alpha + Basic + One-Step,NASDAQ:LXRX,0.06643691645405601
2021-11-18,12,AR1 alpha + Basic + One-Step,NASDAQ:LXRX,0.07000484692884223
2021-11-19,12,AR1 alpha + Basic + One-Step,NASDAQ:LXRX,0.06780864969140989
2021-11-22,12,AR1 alpha + Basic + One-Step,NASDAQ:LXRX,0.0718745845977496
2021-11-23,12,AR1 alpha + Basic + One-Step,NASDAQ:LXRX,0.06740889274548151
2021-11-24,12,AR1 alpha + Basic + One-Step,NASDAQ:LXRX,0.05823307114527372
2021-11-26,12,AR1 alpha + Basic + One-Step,NASDAQ:LXRX,0.07303682920397762
2021-11-29,12,AR1 alpha + Basic + One-Step,NASDAQ:LXRX,0.07554453816805437
2021-11-30,12,AR1 alpha + Basic + One-Step,NASDAQ:LXRX,0.07465019363152185
2021-12-01,12,AR1 alpha + Basic + One-Step,NASDAQ:LXRX,0.07013222418271224
2021-12-02,12,AR1 alpha + Basic + One-Step,NASDAQ:LXRX,0.07120497480221426
2021-12-03,12,AR1 alpha + Basic + One-Step,NASDAQ:LXRX,0.0855273147655811
2021-12-06,12,AR1 alpha + Basic + One-Step,NASDAQ:LXRX,0.08153734141268325
2021-12-07,12,AR1 alpha + Basic + One-Step,NASDAQ:LXRX,0.06228071340170338
2021-12-08,12,AR1 alpha + Basic + One-Step,NASDAQ:LXRX,0.04941755156259975
2021-12-09,12,AR1 alpha + Basic + One-Step,NASDAQ:LXRX,0.06163846854621436
2021-12-10,12,AR1 alpha + Basic + One-Step,NASDAQ:LXRX,0.07206702120940137
2021-12-13,12,AR1 alpha + Basic + One-Step,NASDAQ:LXRX,0.06393403433645181
2021-12-14,12,AR1 alpha + Basic + One-Step,NASDAQ:LXRX,0.06930000093430903
2021-12-15,12,AR1 alpha + Basic + One-Step,NASDAQ:LXRX,0.06138867633188788
2021-12-16,12,AR1 alpha + Basic + One-Step,NASDAQ:LXRX,0.06249071247162829
2021-12-17,12,AR1 alpha + Basic + One-Step,NASDAQ:LXRX,0.04439533604408384
2021-12-20,12,AR1 alpha + Basic + One-Step,NASDAQ:LXRX,0.028639175884709073
2021-12-21,12,AR1 alpha + Basic + One-Step,NASDAQ:LXRX,0.029087267472099863
2021-12-22,12,AR1 alpha + Basic + One-Step,NASDAQ:LXRX,0.00406188046138779
2021-12-23,12,AR1 alpha + Basic + One-Step,NASDAQ:LXRX,0.0
2021-12-27,12,AR1 alpha + Basic + One-Step,NASDAQ:LXRX,0.0
2021-12-28,12,AR1 alpha + Basic + One-Step,NASDAQ:LXRX,0.017616357784880587
2021-12-29,12,AR1 alpha + Basic + One-Step,NASDAQ:LXRX,0.026003284571147603
2021-12-30,12,AR1 alpha + Basic + One-Step,NASDAQ:LXRX,0.01624612558281001
2021-12-31,12,AR1 alpha + Basic + One-Step,NASDAQ:LXRX,0.03408461484592824
2022-01-03,12,AR1 alpha + Basic + One-Step,NASDAQ:LXRX,0.0360379200078484
2022-01-04,12,AR1 alpha + Basic + One-Step,NASDAQ:LXRX,0.03639769633600293
2022-01-05,12,AR1 alpha + Basic + One-Step,NASDAQ:LXRX,0.05154686113275154
2022-01-06,12,AR1 alpha + Basic + One-Step,NASDAQ:LXRX,0.04146864227803188
2022-01-07,12,AR1 alpha + Basic + One-Step,NASDAQ:LXRX,0.035525329378603934
2022-01-10,12,AR1 alpha + Basic + One-Step,NASDAQ:LXRX,0.022267947645639215
2022-01-11,12,AR1 alpha + Basic + One-Step,NASDAQ:LXRX,0.006893080216783823
2022-01-12,12,AR1 alpha + Basic + One-Step,NASDAQ:LXRX,0.012685174684646005
2022-01-13,12,AR1 alpha + Basic + One-Step,NASDAQ:LXRX,7.63138125784968e-08
2022-01-14,12,AR1 alpha + Basic + One-Step,NASDAQ:LXRX,0.0
2022-01-18,12,AR1 alpha + Basic + One-Step,NASDAQ:LXRX,0.0
2022-01-19,12,AR1 alpha + Basic + One-Step,NASDAQ:LXRX,0.0
2022-01-20,12,AR1 alpha + Basic + One-Step,NASDAQ:LXRX,0.0
2022-01-21,12,AR1 alpha + Basic + One-Step,NASDAQ:LXRX,1.783759471653737e-07
2022-01-24,12,AR1 alpha + Basic + One-Step,NASDAQ:LXRX,0.0
2022-01-25,12,AR1 alpha + Basic + One-Step,NASDAQ:LXRX,0.0
2022-01-26,12,AR1 alpha + Basic + One-Step,NASDAQ:LXRX,0.0
2022-01-27,12,AR1 alpha + Basic + One-Step,NASDAQ:LXRX,0.0
2022-01-28,12,AR1 alpha + Basic + One-Step,NASDAQ:LXRX,0.0
2022-01-31,12,AR1 alpha + Basic + One-Step,NASDAQ:LXRX,0.0
2022-02-01,12,AR1 alpha + Basic + One-Step,NASDAQ:LXRX,0.0
2022-02-02,12,AR1 alpha + Basic + One-Step,NASDAQ:LXRX,0.0
2022-02-03,12,AR1 alpha + Basic + One-Step,NASDAQ:LXRX,0.0
2022-02-04,12,AR1 alpha + Basic + One-Step,NASDAQ:LXRX,7.041558595415628e-08
2022-02-07,12,AR1 alpha + Basic + One-Step,NASDAQ:LXRX,9.536673229013896e-08
2022-02-08,12,AR1 alpha + Basic + One-Step,NASDAQ:LXRX,3.329828203210265e-07
2022-02-09,12,AR1 alpha + Basic + One-Step,NASDAQ:LXRX,0.0
2022-02-10,12,AR1 alpha + Basic + One-Step,NASDAQ:LXRX,0.0
2022-02-11,12,AR1 alpha + Basic + One-Step,NASDAQ:LXRX,1.2385594358136638e-08
2022-02-14,12,AR1 alpha + Basic + One-Step,NASDAQ:LXRX,0.0
2022-02-15,12,AR1 alpha + Basic + One-Step,NASDAQ:LXRX,0.0
2022-02-16,12,AR1 alpha + Basic + One-Step,NASDAQ:LXRX,0.0
2022-02-17,12,AR1 alpha + Basic + One-Step,NASDAQ:LXRX,0.0
2022-02-18,12,AR1 alpha + Basic + One-Step,NASDAQ:LXRX,1.098884575372352e-07
2022-02-22,12,AR1 alpha + Basic + One-Step,NASDAQ:LXRX,0.0
2022-02-23,12,AR1 alpha + Basic + One-Step,NASDAQ:LXRX,0.0
2022-02-24,12,AR1 alpha + Basic + One-Step,NASDAQ:LXRX,0.0
2022-02-25,12,AR1 alpha + Basic + One-Step,NASDAQ:LXRX,0.0
2022-02-28,12,AR1 alpha + Basic + One-Step,NASDAQ:LXRX,0.0
2022-03-01,12,AR1 alpha + Basic + One-Step,NASDAQ:LXRX,1.1866497967478149e-08
2022-03-02,12,AR1 alpha + Basic + One-Step,NASDAQ:LXRX,2.0378366849782346e-08
2022-03-03,12,AR1 alpha + Basic + One-Step,NASDAQ:LXRX,0.0
2022-03-04,12,AR1 alpha + Basic + One-Step,NASDAQ:LXRX,0.0
2022-03-07,12,AR1 alpha + Basic + One-Step,NASDAQ:LXRX,4.397729459352681e-10
2022-03-08,12,AR1 alpha + Basic + One-Step,NASDAQ:LXRX,3.02142173548039e-07
2022-03-09,12,AR1 alpha + Basic + One-Step,NASDAQ:LXRX,7.750255588132311e-09
2022-03-10,12,AR1 alpha + Basic + One-Step,NASDAQ:LXRX,0.0
2022-03-11,12,AR1 alpha + Basic + One-Step,NASDAQ:LXRX,0.0
2022-03-14,12,AR1 alpha + Basic + One-Step,NASDAQ:LXRX,0.0
2022-03-15,12,AR1 alpha + Basic + One-Step,NASDAQ:LXRX,0.0
2022-03-16,12,AR1 alpha + Basic + One-Step,NASDAQ:LXRX,0.0
2022-03-17,12,AR1 alpha + Basic + One-Step,NASDAQ:LXRX,0.0
2022-03-18,12,AR1 alpha + Basic + One-Step,NASDAQ:LXRX,0.0
2022-03-21,12,AR1 alpha + Basic + One-Step,NASDAQ:LXRX,0.0
2022-03-22,12,AR1 alpha + Basic + One-Step,NASDAQ:LXRX,0.0
2022-03-23,12,AR1 alpha + Basic + One-Step,NASDAQ:LXRX,1.6159785211759003e-08
2022-03-24,12,AR1 alpha + Basic + One-Step,NASDAQ:LXRX,9.896743334106688e-09
2022-03-25,12,AR1 alpha + Basic + One-Step,NASDAQ:LXRX,0.0
2022-03-28,12,AR1 alpha + Basic + One-Step,NASDAQ:LXRX,0.0
2022-03-29,12,AR1 alpha + Basic + One-Step,NASDAQ:LXRX,0.0
2022-03-30,12,AR1 alpha + Basic + One-Step,NASDAQ:LXRX,0.0
2022-03-31,12,AR1 alpha + Basic + One-Step,NASDAQ:LXRX,0.0
2022-04-01,12,AR1 alpha + Basic + One-Step,NASDAQ:LXRX,0.0
2022-04-04,12,AR1 alpha + Basic + One-Step,NASDAQ:LXRX,0.0
2022-04-05,12,AR1 alpha + Basic + One-Step,NASDAQ:LXRX,0.0
2022-04-06,12,AR1 alpha + Basic + One-Step,NASDAQ:LXRX,0.0
2022-04-07,12,AR1 alpha + Basic + One-Step,NASDAQ:LXRX,0.0
2022-04-08,12,AR1 alpha + Basic + One-Step,NASDAQ:LXRX,0.0
2022-04-11,12,AR1 alpha + Basic + One-Step,NASDAQ:LXRX,0.0
2022-04-12,12,AR1 alpha + Basic + One-Step,NASDAQ:LXRX,0.0
2022-04-13,12,AR1 alpha + Basic + One-Step,NASDAQ:LXRX,1.0732014347414326e-07
2022-04-14,12,AR1 alpha + Basic + One-Step,NASDAQ:LXRX,0.0
2022-04-18,12,AR1 alpha + Basic + One-Step,NASDAQ:LXRX,0.0
2022-04-19,12,AR1 alpha + Basic + One-Step,NASDAQ:LXRX,0.0
2022-04-20,12,AR1 alpha + Basic + One-Step,NASDAQ:LXRX,1.4295216029381418e-08
2022-04-21,12,AR1 alpha + Basic + One-Step,NASDAQ:LXRX,0.0
2022-04-22,12,AR1 alpha + Basic + One-Step,NASDAQ:LXRX,0.0
2022-04-25,12,AR1 alpha + Basic + One-Step,NASDAQ:LXRX,0.0
2022-04-26,12,AR1 alpha + Basic + One-Step,NASDAQ:LXRX,0.0
2022-04-27,12,AR1 alpha + Basic + One-Step,NASDAQ:LXRX,0.0
2022-04-28,12,AR1 alpha + Basic + One-Step,NASDAQ:LXRX,0.0
2022-04-29,12,AR1 alpha + Basic + One-Step,NASDAQ:LXRX,0.0
2022-05-02,12,AR1 alpha + Basic + One-Step,NASDAQ:LXRX,0.0
2022-05-03,12,AR1 alpha + Basic + One-Step,NASDAQ:LXRX,0.0
2022-05-04,12,AR1 alpha + Basic + One-Step,NASDAQ:LXRX,3.2287490341983863e-07
2022-05-05,12,AR1 alpha + Basic + One-Step,NASDAQ:LXRX,0.0
2022-05-06,12,AR1 alpha + Basic + One-Step,NASDAQ:LXRX,0.0
2022-05-09,12,AR1 alpha + Basic + One-Step,NASDAQ:LXRX,0.0
2022-05-10,12,AR1 alpha + Basic + One-Step,NASDAQ:LXRX,1.364971406018725e-07
2022-05-11,12,AR1 alpha + Basic + One-Step,NASDAQ:LXRX,0.0
2022-05-12,12,AR1 alpha + Basic + One-Step,NASDAQ:LXRX,4.468824593378702e-08
2022-05-13,12,AR1 alpha + Basic + One-Step,NASDAQ:LXRX,0.0
2022-05-16,12,AR1 alpha + Basic + One-Step,NASDAQ:LXRX,1.0540123776471796e-07
2022-05-17,12,AR1 alpha + Basic + One-Step,NASDAQ:LXRX,2.345513443227588e-08
2022-05-18,12,AR1 alpha + Basic + One-Step,NASDAQ:LXRX,0.0
2022-05-19,12,AR1 alpha + Basic + One-Step,NASDAQ:LXRX,0.0
2022-05-20,12,AR1 alpha + Basic + One-Step,NASDAQ:LXRX,0.0
2022-05-23,12,AR1 alpha + Basic + One-Step,NASDAQ:LXRX,1.0625742595468753e-07
2022-05-24,12,AR1 alpha + Basic + One-Step,NASDAQ:LXRX,0.0
2022-05-25,12,AR1 alpha + Basic + One-Step,NASDAQ:LXRX,3.5710323297893387e-09
2022-05-26,12,AR1 alpha + Basic + One-Step,NASDAQ:LXRX,0.0
2022-05-27,12,AR1 alpha + Basic + One-Step,NASDAQ:LXRX,0.0
2022-05-31,12,AR1 alpha + Basic + One-Step,NASDAQ:LXRX,0.0
2022-06-01,12,AR1 alpha + Basic + One-Step,NASDAQ:LXRX,0.0
2022-06-02,12,AR1 alpha + Basic + One-Step,NASDAQ:LXRX,0.0
2022-06-03,12,AR1 alpha + Basic + One-Step,NASDAQ:LXRX,0.0
2022-06-06,12,AR1 alpha + Basic + One-Step,NASDAQ:LXRX,0.0
2022-06-07,12,AR1 alpha + Basic + One-Step,NASDAQ:LXRX,0.0
2022-06-08,12,AR1 alpha + Basic + One-Step,NASDAQ:LXRX,4.0057045703520116e-07
2022-06-09,12,AR1 alpha + Basic + One-Step,NASDAQ:LXRX,0.0
2022-06-10,12,AR1 alpha + Basic + One-Step,NASDAQ:LXRX,2.9186012234664494e-08
2022-06-13,12,AR1 alpha + Basic + One-Step,NASDAQ:LXRX,1.8474284886729586e-07
2022-06-14,12,AR1 alpha + Basic + One-Step,NASDAQ:LXRX,1.7649035019761592e-08
2022-06-15,12,AR1 alpha + Basic + One-Step,NASDAQ:LXRX,0.0
2022-06-16,12,AR1 alpha + Basic + One-Step,NASDAQ:LXRX,0.0
2022-06-17,12,AR1 alpha + Basic + One-Step,NASDAQ:LXRX,0.0
2022-06-21,12,AR1 alpha + Basic + One-Step,NASDAQ:LXRX,1.9412038320476276e-07
2022-06-22,12,AR1 alpha + Basic + One-Step,NASDAQ:LXRX,9.46692002071397e-09
2022-06-23,12,AR1 alpha + Basic + One-Step,NASDAQ:LXRX,0.0
2022-06-24,12,AR1 alpha + Basic + One-Step,NASDAQ:LXRX,0.0
2022-06-27,12,AR1 alpha + Basic + One-Step,NASDAQ:LXRX,0.0
2022-06-28,12,AR1 alpha + Basic + One-Step,NASDAQ:LXRX,0.0
2022-06-29,12,AR1 alpha + Basic + One-Step,NASDAQ:LXRX,0.0
2022-06-30,12,AR1 alpha + Basic + One-Step,NASDAQ:LXRX,0.0
2022-07-01,12,AR1 alpha + Basic + One-Step,NASDAQ:LXRX,0.0
2022-07-05,12,AR1 alpha + Basic + One-Step,NASDAQ:LXRX,0.09999997806193506
2022-07-06,12,AR1 alpha + Basic + One-Step,NASDAQ:LXRX,0.07275180422066173
2022-07-07,12,AR1 alpha + Basic + One-Step,NASDAQ:LXRX,0.061182512220859145
2022-07-08,12,AR1 alpha + Basic + One-Step,NASDAQ:LXRX,0.047162747966447316
2022-07-11,12,AR1 alpha + Basic + One-Step,NASDAQ:LXRX,0.01717267001222352
2022-07-12,12,AR1 alpha + Basic + One-Step,NASDAQ:LXRX,0.012254925527535508
2022-07-13,12,AR1 alpha + Basic + One-Step,NASDAQ:LXRX,0.01345575234650932
2022-07-14,12,AR1 alpha + Basic + One-Step,NASDAQ:LXRX,0.0
2022-07-15,12,AR1 alpha + Basic + One-Step,NASDAQ:LXRX,0.01595775676631407
2022-07-18,12,AR1 alpha + Basic + One-Step,NASDAQ:LXRX,0.0
2022-07-19,12,AR1 alpha + Basic + One-Step,NASDAQ:LXRX,0.0
2022-07-20,12,AR1 alpha + Basic + One-Step,NASDAQ:LXRX,0.0
2022-07-21,12,AR1 alpha + Basic + One-Step,NASDAQ:LXRX,1.856342673275455e-08
2022-07-22,12,AR1 alpha + Basic + One-Step,NASDAQ:LXRX,0.0
2022-07-25,12,AR1 alpha + Basic + One-Step,NASDAQ:LXRX,0.0
2022-07-26,12,AR1 alpha + Basic + One-Step,NASDAQ:LXRX,0.0
2022-07-27,12,AR1 alpha + Basic + One-Step,NASDAQ:LXRX,0.0
2022-07-28,12,AR1 alpha + Basic + One-Step,NASDAQ:LXRX,0.0
2022-07-29,12,AR1 alpha + Basic + One-Step,NASDAQ:LXRX,0.0
2022-08-01,12,AR1 alpha + Basic + One-Step,NASDAQ:LXRX,0.0
2022-08-02,12,AR1 alpha + Basic + One-Step,NASDAQ:LXRX,0.0
2022-08-03,12,AR1 alpha + Basic + One-Step,NASDAQ:LXRX,0.0
2022-08-04,12,AR1 alpha + Basic + One-Step,NASDAQ:LXRX,0.0
2022-08-05,12,AR1 alpha + Basic + One-Step,NASDAQ:LXRX,0.0
2022-08-08,12,AR1 alpha + Basic + One-Step,NASDAQ:LXRX,0.0
2022-08-09,12,AR1 alpha + Basic + One-Step,NASDAQ:LXRX,0.0
2022-08-10,12,AR1 alpha + Basic + One-Step,NASDAQ:LXRX,0.0
2022-08-11,12,AR1 alpha + Basic + One-Step,NASDAQ:LXRX,0.0
2022-08-12,12,AR1 alpha + Basic + One-Step,NASDAQ:LXRX,0.0
2022-08-15,12,AR1 alpha + Basic + One-Step,NASDAQ:LXRX,0.0
2022-08-16,12,AR1 alpha + Basic + One-Step,NASDAQ:LXRX,0.0
2022-08-17,12,AR1 alpha + Basic + One-Step,NASDAQ:LXRX,0.0
2022-08-18,12,AR1 alpha + Basic + One-Step,NASDAQ:LXRX,0.0
2022-08-19,12,AR1 alpha + Basic + One-Step,NASDAQ:LXRX,6.38721671913733e-09
2022-08-22,12,AR1 alpha + Basic + One-Step,NASDAQ:LXRX,0.0
2022-08-23,12,AR1 alpha + Basic + One-Step,NASDAQ:LXRX,0.0
2022-08-24,12,AR1 alpha + Basic + One-Step,NASDAQ:LXRX,7.508063007735458e-09
2022-08-25,12,AR1 alpha + Basic + One-Step,NASDAQ:LXRX,0.0
2022-08-26,12,AR1 alpha + Basic + One-Step,NASDAQ:LXRX,0.0
2022-08-29,12,AR1 alpha + Basic + One-Step,NASDAQ:LXRX,0.0
2022-08-30,12,AR1 alpha + Basic + One-Step,NASDAQ:LXRX,0.0
2022-08-31,12,AR1 alpha + Basic + One-Step,NASDAQ:LXRX,0.0
2022-09-01,12,AR1 alpha + Basic + One-Step,NASDAQ:LXRX,8.195550863834957e-10
2022-09-02,12,AR1 alpha + Basic + One-Step,NASDAQ:LXRX,0.0
2022-09-06,12,AR1 alpha + Basic + One-Step,NASDAQ:LXRX,0.0
2022-09-07,12,AR1 alpha + Basic + One-Step,NASDAQ:LXRX,0.0
2022-09-08,12,AR1 alpha + Basic + One-Step,NASDAQ:LXRX,2.150956399805538e-07
2022-09-09,12,AR1 alpha + Basic + One-Step,NASDAQ:LXRX,0.0
2022-09-12,12,AR1 alpha + Basic + One-Step,NASDAQ:LXRX,0.0
2022-09-13,12,AR1 alpha + Basic + One-Step,NASDAQ:LXRX,0.0
2022-09-14,12,AR1 alpha + Basic + One-Step,NASDAQ:LXRX,9.197333453410407e-08
2022-09-15,12,AR1 alpha + Basic + One-Step,NASDAQ:LXRX,0.0
2022-09-16,12,AR1 alpha + Basic + One-Step,NASDAQ:LXRX,2.5119027228305777e-08
2022-09-19,12,AR1 alpha + Basic + One-Step,NASDAQ:LXRX,0.0
2022-09-20,12,AR1 alpha + Basic + One-Step,NASDAQ:LXRX,0.0
2022-09-21,12,AR1 alpha + Basic + One-Step,NASDAQ:LXRX,0.0
2022-09-22,12,AR1 alpha + Basic + One-Step,NASDAQ:LXRX,0.0
2022-09-23,12,AR1 alpha + Basic + One-Step,NASDAQ:LXRX,0.0
2022-09-26,12,AR1 alpha + Basic + One-Step,NASDAQ:LXRX,1.6003127949605788e-09
2022-09-27,12,AR1 alpha + Basic + One-Step,NASDAQ:LXRX,0.0
2022-09-28,12,AR1 alpha + Basic + One-Step,NASDAQ:LXRX,0.0
2022-09-29,12,AR1 alpha + Basic + One-Step,NASDAQ:LXRX,0.0
2022-09-30,12,AR1 alpha + Basic + One-Step,NASDAQ:LXRX,0.0
2022-10-03,12,AR1 alpha + Basic + One-Step,NASDAQ:LXRX,0.0
2022-10-04,12,AR1 alpha + Basic + One-Step,NASDAQ:LXRX,0.0
2022-10-05,12,AR1 alpha + Basic + One-Step,NASDAQ:LXRX,9.451248113518159e-08
2022-10-06,12,AR1 alpha + Basic + One-Step,NASDAQ:LXRX,0.0
2022-10-07,12,AR1 alpha + Basic + One-Step,NASDAQ:LXRX,0.0
2022-10-10,12,AR1 alpha + Basic + One-Step,NASDAQ:LXRX,0.0
2022-10-11,12,AR1 alpha + Basic + One-Step,NASDAQ:LXRX,3.0803642722729087e-07
2022-10-12,12,AR1 alpha + Basic + One-Step,NASDAQ:LXRX,4.692382110046911e-08
2022-10-13,12,AR1 alpha + Basic + One-Step,NASDAQ:LXRX,0.0
2022-10-14,12,AR1 alpha + Basic + One-Step,NASDAQ:LXRX,0.0
2022-10-17,12,AR1 alpha + Basic + One-Step,NASDAQ:LXRX,0.0
2022-10-18,12,AR1 alpha + Basic + One-Step,NASDAQ:LXRX,0.0
2022-10-19,12,AR1 alpha + Basic + One-Step,NASDAQ:LXRX,1.4341637564263218e-09
2022-10-20,12,AR1 alpha + Basic + One-Step,NASDAQ:LXRX,2.645444418092927e-09
2022-10-21,12,AR1 alpha + Basic + One-Step,NASDAQ:LXRX,1.1079135742966122e-08
2022-10-24,12,AR1 alpha + Basic + One-Step,NASDAQ:LXRX,0.0
2022-10-25,12,AR1 alpha + Basic + One-Step,NASDAQ:LXRX,0.0
2022-10-26,12,AR1 alpha + Basic + One-Step,NASDAQ:LXRX,0.0
2022-10-27,12,AR1 alpha + Basic + One-Step,NASDAQ:LXRX,0.0
2022-10-28,12,AR1 alpha + Basic + One-Step,NASDAQ:LXRX,0.0
2022-10-31,12,AR1 alpha + Basic + One-Step,NASDAQ:LXRX,1.4330675866502087e-10
2022-11-01,12,AR1 alpha + Basic + One-Step,NASDAQ:LXRX,0.0
2022-11-02,12,AR1 alpha + Basic + One-Step,NASDAQ:LXRX,9.938711722719843e-08
2022-11-03,12,AR1 alpha + Basic + One-Step,NASDAQ:LXRX,2.0107178209385397e-07
2022-11-04,12,AR1 alpha + Basic + One-Step,NASDAQ:LXRX,1.1228893805853279e-08
2022-11-07,12,AR1 alpha + Basic + One-Step,NASDAQ:LXRX,0.0
2022-11-08,12,AR1 alpha + Basic + One-Step,NASDAQ:LXRX,0.0
2022-11-09,12,AR1 alpha + Basic + One-Step,NASDAQ:LXRX,0.0
2022-11-10,12,AR1 alpha + Basic + One-Step,NASDAQ:LXRX,0.0
2022-11-11,12,AR1 alpha + Basic + One-Step,NASDAQ:LXRX,1.6695639638607326e-09
2022-11-14,12,AR1 alpha + Basic + One-Step,NASDAQ:LXRX,0.0
2022-11-15,12,AR1 alpha + Basic + One-Step,NASDAQ:LXRX,0.0
2022-11-16,12,AR1 alpha + Basic + One-Step,NASDAQ:LXRX,3.831404550074232e-08
2022-11-17,12,AR1 alpha + Basic + One-Step,NASDAQ:LXRX,0.0
2022-11-18,12,AR1 alpha + Basic + One-Step,NASDAQ:LXRX,6.55049787697289e-08
2022-11-21,12,AR1 alpha + Basic + One-Step,NASDAQ:LXRX,1.568934479804545e-07
2022-11-22,12,AR1 alpha + Basic + One-Step,NASDAQ:LXRX,1.283196359958148e-07
2022-11-23,12,AR1 alpha + Basic + One-Step,NASDAQ:LXRX,0.0
2022-11-25,12,AR1 alpha + Basic + One-Step,NASDAQ:LXRX,0.0
2022-11-28,12,AR1 alpha + Basic + One-Step,NASDAQ:LXRX,1.5214076783621484e-07
2022-11-29,12,AR1 alpha + Basic + One-Step,NASDAQ:LXRX,0.0
2022-11-30,12,AR1 alpha + Basic + One-Step,NASDAQ:LXRX,0.0
2022-12-01,12,AR1 alpha + Basic + One-Step,NASDAQ:LXRX,0.0
2022-12-02,12,AR1 alpha + Basic + One-Step,NASDAQ:LXRX,0.0
2022-12-05,12,AR1 alpha + Basic + One-Step,NASDAQ:LXRX,0.0
2022-12-06,12,AR1 alpha + Basic + One-Step,NASDAQ:LXRX,0.0
2022-12-07,12,AR1 alpha + Basic + One-Step,NASDAQ:LXRX,0.0
2022-12-08,12,AR1 alpha + Basic + One-Step,NASDAQ:LXRX,0.0
2022-12-09,12,AR1 alpha + Basic + One-Step,NASDAQ:LXRX,0.0
2022-12-12,12,AR1 alpha + Basic + One-Step,NASDAQ:LXRX,6.605563351389966e-09
2022-12-13,12,AR1 alpha + Basic + One-Step,NASDAQ:LXRX,4.808677897199044e-07
2022-12-14,12,AR1 alpha + Basic + One-Step,NASDAQ:LXRX,0.0
2022-12-15,12,AR1 alpha + Basic + One-Step,NASDAQ:LXRX,0.0
2022-12-16,12,AR1 alpha + Basic + One-Step,NASDAQ:LXRX,0.0
2022-12-19,12,AR1 alpha + Basic + One-Step,NASDAQ:LXRX,0.0
2022-12-20,12,AR1 alpha + Basic + One-Step,NASDAQ:LXRX,0.0
2022-12-21,12,AR1 alpha + Basic + One-Step,NASDAQ:LXRX,0.0
2022-12-22,12,AR1 alpha + Basic + One-Step,NASDAQ:LXRX,0.0
2022-12-23,12,AR1 alpha + Basic + One-Step,NASDAQ:LXRX,0.0
2022-12-27,12,AR1 alpha + Basic + One-Step,NASDAQ:LXRX,9.002696537731249e-09
2022-12-28,12,AR1 alpha + Basic + One-Step,NASDAQ:LXRX,0.0
2022-12-29,12,AR1 alpha + Basic + One-Step,NASDAQ:LXRX,3.1834518514733556e-08
2022-12-30,12,AR1 alpha + Basic + One-Step,NASDAQ:LXRX,0.0
2023-01-03,12,AR1 alpha + Basic + One-Step,NASDAQ:LXRX,6.56530632221742e-09
2023-01-04,12,AR1 alpha + Basic + One-Step,NASDAQ:LXRX,0.0
2023-01-05,12,AR1 alpha + Basic + One-Step,NASDAQ:LXRX,0.0
2023-01-06,12,AR1 alpha + Basic + One-Step,NASDAQ:LXRX,0.0
2023-01-09,12,AR1 alpha + Basic + One-Step,NASDAQ:LXRX,0.0
2023-01-10,12,AR1 alpha + Basic + One-Step,NASDAQ:LXRX,0.0
2023-01-11,12,AR1 alpha + Basic + One-Step,NASDAQ:LXRX,4.424440169101662e-09
2023-01-12,12,AR1 alpha + Basic + One-Step,NASDAQ:LXRX,0.0
2023-01-13,12,AR1 alpha + Basic + One-Step,NASDAQ:LXRX,4.549707348993751e-09
2023-01-17,12,AR1 alpha + Basic + One-Step,NASDAQ:LXRX,0.0
2023-01-18,12,AR1 alpha + Basic + One-Step,NASDAQ:LXRX,0.0
2023-01-19,12,AR1 alpha + Basic + One-Step,NASDAQ:LXRX,0.0
2023-01-20,12,AR1 alpha + Basic + One-Step,NASDAQ:LXRX,0.0
2023-01-23,12,AR1 alpha + Basic + One-Step,NASDAQ:LXRX,2.2234022027635134e-08
2023-01-24,12,AR1 alpha + Basic + One-Step,NASDAQ:LXRX,0.0
2023-01-25,12,AR1 alpha + Basic + One-Step,NASDAQ:LXRX,0.0
2023-01-26,12,AR1 alpha + Basic + One-Step,NASDAQ:LXRX,0.0
2023-01-27,12,AR1 alpha + Basic + One-Step,NASDAQ:LXRX,0.0
2023-01-30,12,AR1 alpha + Basic + One-Step,NASDAQ:LXRX,0.0
2023-01-31,12,AR1 alpha + Basic + One-Step,NASDAQ:LXRX,0.0
2023-02-01,12,AR1 alpha + Basic + One-Step,NASDAQ:LXRX,0.0
2023-02-02,12,AR1 alpha + Basic + One-Step,NASDAQ:LXRX,1.880083668937271e-07
2023-02-03,12,AR1 alpha + Basic + One-Step,NASDAQ:LXRX,0.0
2023-02-06,12,AR1 alpha + Basic + One-Step,NASDAQ:LXRX,0.0
2023-02-07,12,AR1 alpha + Basic + One-Step,NASDAQ:LXRX,0.0
2023-02-08,12,AR1 alpha + Basic + One-Step,NASDAQ:LXRX,0.0
2023-02-09,12,AR1 alpha + Basic + One-Step,NASDAQ:LXRX,0.0
2023-02-10,12,AR1 alpha + Basic + One-Step,NASDAQ:LXRX,0.0
2023-02-13,12,AR1 alpha + Basic + One-Step,NASDAQ:LXRX,0.0
2023-02-14,12,AR1 alpha + Basic + One-Step,NASDAQ:LXRX,0.0
2023-02-15,12,AR1 alpha + Basic + One-Step,NASDAQ:LXRX,0.0
2023-02-16,12,AR1 alpha + Basic + One-Step,NASDAQ:LXRX,0.0
2023-02-17,12,AR1 alpha + Basic + One-Step,NASDAQ:LXRX,0.0
2023-02-21,12,AR1 alpha + Basic + One-Step,NASDAQ:LXRX,2.2163954027090093e-08
2023-02-22,12,AR1 alpha + Basic + One-Step,NASDAQ:LXRX,0.0
2023-02-23,12,AR1 alpha + Basic + One-Step,NASDAQ:LXRX,0.0
2023-02-24,12,AR1 alpha + Basic + One-Step,NASDAQ:LXRX,3.5718223473343595e-08
2023-02-27,12,AR1 alpha + Basic + One-Step,NASDAQ:LXRX,3.4713643893225864e-09
2023-02-28,12,AR1 alpha + Basic + One-Step,NASDAQ:LXRX,3.784884722998585e-08
2023-03-01,12,AR1 alpha + Basic + One-Step,NASDAQ:LXRX,0.0030143697693167286
2023-03-02,12,AR1 alpha + Basic + One-Step,NASDAQ:LXRX,0.0
2023-03-03,12,AR1 alpha + Basic + One-Step,NASDAQ:LXRX,3.2086992400391073e-07
2023-03-06,12,AR1 alpha + Basic + One-Step,NASDAQ:LXRX,0.01254346214333215
2023-03-07,12,AR1 alpha + Basic + One-Step,NASDAQ:LXRX,0.012538908328551316
2023-03-08,12,AR1 alpha + Basic + One-Step,NASDAQ:LXRX,0.02229203143879286
2023-03-09,12,AR1 alpha + Basic + One-Step,NASDAQ:LXRX,0.005595219740502268
2023-03-10,12,AR1 alpha + Basic + One-Step,NASDAQ:LXRX,0.0016615845751149561
2023-03-13,12,AR1 alpha + Basic + One-Step,NASDAQ:LXRX,0.015042357285596298
2023-03-14,12,AR1 alpha + Basic + One-Step,NASDAQ:LXRX,0.022891582093678513
2023-03-15,12,AR1 alpha + Basic + One-Step,NASDAQ:LXRX,0.015677665867509766
2023-03-16,12,AR1 alpha + Basic + One-Step,NASDAQ:LXRX,0.01690756403420637
2023-03-17,12,AR1 alpha + Basic + One-Step,NASDAQ:LXRX,0.020151080381345304
2023-03-20,12,AR1 alpha + Basic + One-Step,NASDAQ:LXRX,0.018619988713005867
2023-03-21,12,AR1 alpha + Basic + One-Step,NASDAQ:LXRX,0.021823653073038296
2023-03-22,12,AR1 alpha + Basic + One-Step,NASDAQ:LXRX,0.01950535282187195
2023-03-23,12,AR1 alpha + Basic + One-Step,NASDAQ:LXRX,0.015568248995122585
2023-03-24,12,AR1 alpha + Basic + One-Step,NASDAQ:LXRX,0.017398508366414774
2023-03-27,12,AR1 alpha + Basic + One-Step,NASDAQ:LXRX,0.018033187026501096
2023-03-28,12,AR1 alpha + Basic + One-Step,NASDAQ:LXRX,0.01889681145911908
2023-03-29,12,AR1 alpha + Basic + One-Step,NASDAQ:LXRX,0.018411693621193992
2023-03-30,12,AR1 alpha + Basic + One-Step,NASDAQ:LXRX,0.019946235476540425
2023-03-31,12,AR1 alpha + Basic + One-Step,NASDAQ:LXRX,0.01349107245258267
2023-04-03,12,AR1 alpha + Basic + One-Step,NASDAQ:LXRX,0.016558563536857418
2023-04-04,12,AR1 alpha + Basic + One-Step,NASDAQ:LXRX,0.018031693818741378
2023-04-05,12,AR1 alpha + Basic + One-Step,NASDAQ:LXRX,0.016003390873630518
2023-04-06,12,AR1 alpha + Basic + One-Step,NASDAQ:LXRX,0.002221904881336631
2023-04-10,12,AR1 alpha + Basic + One-Step,NASDAQ:LXRX,1.966146447490052e-06
2023-04-11,12,AR1 alpha + Basic + One-Step,NASDAQ:LXRX,2.0052973367895267e-07
2023-04-12,12,AR1 alpha + Basic + One-Step,NASDAQ:LXRX,2.604993505293677e-07
2023-04-13,12,AR1 alpha + Basic + One-Step,NASDAQ:LXRX,3.4772707899885565e-08
2023-04-14,12,AR1 alpha + Basic + One-Step,NASDAQ:LXRX,3.50684276203421e-09
2023-04-17,12,AR1 alpha + Basic + One-Step,NASDAQ:LXRX,3.2490390054308014e-10
2023-04-18,12,AR1 alpha + Basic + One-Step,NASDAQ:LXRX,5.274632868817759e-08
2023-04-19,12,AR1 alpha + Basic + One-Step,NASDAQ:LXRX,0.0013366386052448141
2023-04-20,12,AR1 alpha + Basic + One-Step,NASDAQ:LXRX,0.007657971568588949
2023-04-21,12,AR1 alpha + Basic + One-Step,NASDAQ:LXRX,0.007658145569956514
2023-04-24,12,AR1 alpha + Basic + One-Step,NASDAQ:LXRX,0.017293855088283436
2023-04-25,12,AR1 alpha + Basic + One-Step,NASDAQ:LXRX,0.013783952539950838
2023-04-26,12,AR1 alpha + Basic + One-Step,NASDAQ:LXRX,0.006579546476954387
2023-04-27,12,AR1 alpha + Basic + One-Step,NASDAQ:LXRX,0.023830545166346723
2023-04-28,12,AR1 alpha + Basic + One-Step,NASDAQ:LXRX,0.022807402772986013
2023-05-01,12,AR1 alpha + Basic + One-Step,NASDAQ:LXRX,0.01815515418790489
2023-05-02,12,AR1 alpha + Basic + One-Step,NASDAQ:LXRX,0.01912831976739122
2023-05-03,12,AR1 alpha + Basic + One-Step,NASDAQ:LXRX,0.0
2023-05-04,12,AR1 alpha + Basic + One-Step,NASDAQ:LXRX,0.006458304514977588
2023-05-05,12,AR1 alpha + Basic + One-Step,NASDAQ:LXRX,0.0332269999966456
2023-05-08,12,AR1 alpha + Basic + One-Step,NASDAQ:LXRX,0.03762785682307653
2023-05-09,12,AR1 alpha + Basic + One-Step,NASDAQ:LXRX,0.036312577903313305
2023-05-10,12,AR1 alpha + Basic + One-Step,NASDAQ:LXRX,0.042121023626568714
2023-05-11,12,AR1 alpha + Basic + One-Step,NASDAQ:LXRX,0.019291407068053535
2023-05-12,12,AR1 alpha + Basic + One-Step,NASDAQ:LXRX,0.020145308781020936
2023-05-15,12,AR1 alpha + Basic + One-Step,NASDAQ:LXRX,0.022371876525983204
2023-05-16,12,AR1 alpha + Basic + One-Step,NASDAQ:LXRX,0.03876095225267164
2023-05-17,12,AR1 alpha + Basic + One-Step,NASDAQ:LXRX,0.03291929028680326
2023-05-18,12,AR1 alpha + Basic + One-Step,NASDAQ:LXRX,0.02529071883790671
2023-05-19,12,AR1 alpha + Basic + One-Step,NASDAQ:LXRX,0.03304855743878733
2023-05-22,12,AR1 alpha + Basic + One-Step,NASDAQ:LXRX,0.03411077692481463
2023-05-23,12,AR1 alpha + Basic + One-Step,NASDAQ:LXRX,0.04079371247187315
2023-05-24,12,AR1 alpha + Basic + One-Step,NASDAQ:LXRX,0.042447861469138065
2023-05-25,12,AR1 alpha + Basic + One-Step,NASDAQ:LXRX,0.03911561391650905
2023-05-26,12,AR1 alpha + Basic + One-Step,NASDAQ:LXRX,0.03735002245885546
2023-05-30,12,AR1 alpha + Basic + One-Step,NASDAQ:LXRX,0.039809876466992286
2023-05-31,12,AR1 alpha + Basic + One-Step,NASDAQ:LXRX,0.019556759801633853
2023-06-01,12,AR1 alpha + Basic + One-Step,NASDAQ:LXRX,0.08133501419104686
2023-06-02,12,AR1 alpha + Basic + One-Step,NASDAQ:LXRX,0.08036815665609903
2023-06-05,12,AR1 alpha + Basic + One-Step,NASDAQ:LXRX,0.09595264143214571
2023-06-06,12,AR1 alpha + Basic + One-Step,NASDAQ:LXRX,0.06237117923394772
2023-06-07,12,AR1 alpha + Basic + One-Step,NASDAQ:LXRX,0.02556907301310336
2023-06-08,12,AR1 alpha + Basic + One-Step,NASDAQ:LXRX,0.015379378336269296
2023-06-09,12,AR1 alpha + Basic + One-Step,NASDAQ:LXRX,0.039523961920890416
2023-06-12,12,AR1 alpha + Basic + One-Step,NASDAQ:LXRX,0.05593172267753358
2023-06-13,12,AR1 alpha + Basic + One-Step,NASDAQ:LXRX,0.05375089512086764
2023-06-14,12,AR1 alpha + Basic + One-Step,NASDAQ:LXRX,0.066436879101887
2023-06-15,12,AR1 alpha + Basic + One-Step,NASDAQ:LXRX,0.0530507206295841
2023-06-16,12,AR1 alpha + Basic + One-Step,NASDAQ:LXRX,0.07524118374972832
2023-06-20,12,AR1 alpha + Basic + One-Step,NASDAQ:LXRX,0.07312190648404693
2023-06-21,12,AR1 alpha + Basic + One-Step,NASDAQ:LXRX,0.06823917320589575
2023-06-22,12,AR1 alpha + Basic + One-Step,NASDAQ:LXRX,0.047605397923390066
2023-06-23,12,AR1 alpha + Basic + One-Step,NASDAQ:LXRX,0.02787256614960698
2023-06-26,12,AR1 alpha + Basic + One-Step,NASDAQ:LXRX,0.06629460390863022
2023-06-27,12,AR1 alpha + Basic + One-Step,NASDAQ:LXRX,0.048565524345640765
2023-06-28,12,AR1 alpha + Basic + One-Step,NASDAQ:LXRX,0.0016922561801393226
2023-06-29,12,AR1 alpha + Basic + One-Step,NASDAQ:LXRX,0.018077405139514134
2023-06-30,12,AR1 alpha + Basic + One-Step,NASDAQ:LXRX,0.0
2023-07-03,12,AR1 alpha + Basic + One-Step,NASDAQ:LXRX,0.0
2023-07-05,12,AR1 alpha + Basic + One-Step,NASDAQ:LXRX,2.3456050525994158e-07
2023-07-06,12,AR1 alpha + Basic + One-Step,NASDAQ:LXRX,0.0
2023-07-07,12,AR1 alpha + Basic + One-Step,NASDAQ:LXRX,0.0
2023-07-10,12,AR1 alpha + Basic + One-Step,NASDAQ:LXRX,4.212742897585573e-07
2023-07-11,12,AR1 alpha + Basic + One-Step,NASDAQ:LXRX,3.1897505591782644e-09
2023-07-12,12,AR1 alpha + Basic + One-Step,NASDAQ:LXRX,0.0
2023-07-13,12,AR1 alpha + Basic + One-Step,NASDAQ:LXRX,0.0
2023-07-14,12,AR1 alpha + Basic + One-Step,NASDAQ:LXRX,5.8198980657792576e-08
2023-07-17,12,AR1 alpha + Basic + One-Step,NASDAQ:LXRX,3.005512158461534e-08
2023-07-18,12,AR1 alpha + Basic + One-Step,NASDAQ:LXRX,4.080701260911087e-07
2023-07-19,12,AR1 alpha + Basic + One-Step,NASDAQ:LXRX,0.0
2023-07-20,12,AR1 alpha + Basic + One-Step,NASDAQ:LXRX,8.874175307914559e-24
2023-07-21,12,AR1 alpha + Basic + One-Step,NASDAQ:LXRX,4.035194404231951e-08
2023-07-24,12,AR1 alpha + Basic + One-Step,NASDAQ:LXRX,0.0
2023-07-25,12,AR1 alpha + Basic + One-Step,NASDAQ:LXRX,0.0
2023-07-26,12,AR1 alpha + Basic + One-Step,NASDAQ:LXRX,0.0
2023-07-27,12,AR1 alpha + Basic + One-Step,NASDAQ:LXRX,0.0
2023-07-28,12,AR1 alpha + Basic + One-Step,NASDAQ:LXRX,0.0
2023-07-31,12,AR1 alpha + Basic + One-Step,NASDAQ:LXRX,0.0
2023-08-01,12,AR1 alpha + Basic + One-Step,NASDAQ:LXRX,0.0
2023-08-02,12,AR1 alpha + Basic + One-Step,NASDAQ:LXRX,0.0
2023-08-03,12,AR1 alpha + Basic + One-Step,NASDAQ:LXRX,0.0
2023-08-04,12,AR1 alpha + Basic + One-Step,NASDAQ:LXRX,0.0
2023-08-07,12,AR1 alpha + Basic + One-Step,NASDAQ:LXRX,6.457655312735381e-10
2023-08-08,12,AR1 alpha + Basic + One-Step,NASDAQ:LXRX,0.0
2023-08-09,12,AR1 alpha + Basic + One-Step,NASDAQ:LXRX,0.0
2023-08-10,12,AR1 alpha + Basic + One-Step,NASDAQ:LXRX,7.7971307970519e-10
2023-08-11,12,AR1 alpha + Basic + One-Step,NASDAQ:LXRX,8.330161360881169e-08
2023-08-14,12,AR1 alpha + Basic + One-Step,NASDAQ:LXRX,5.613724672538331e-08
2023-08-15,12,AR1 alpha + Basic + One-Step,NASDAQ:LXRX,5.023973422301443e-08
2023-08-16,12,AR1 alpha + Basic + One-Step,NASDAQ:LXRX,0.0
2023-08-17,12,AR1 alpha + Basic + One-Step,NASDAQ:LXRX,0.0
2023-08-18,12,AR1 alpha + Basic + One-Step,NASDAQ:LXRX,0.0
2023-08-21,12,AR1 alpha + Basic + One-Step,NASDAQ:LXRX,1.5957398849734865e-09
2023-08-22,12,AR1 alpha + Basic + One-Step,NASDAQ:LXRX,0.0
2023-08-23,12,AR1 alpha + Basic + One-Step,NASDAQ:LXRX,3.82607694184957e-08
2023-08-24,12,AR1 alpha + Basic + One-Step,NASDAQ:LXRX,0.0
2023-08-25,12,AR1 alpha + Basic + One-Step,NASDAQ:LXRX,2.404571416837817e-08
2023-08-28,12,AR1 alpha + Basic + One-Step,NASDAQ:LXRX,0.0
2023-08-29,12,AR1 alpha + Basic + One-Step,NASDAQ:LXRX,0.0
2023-08-30,12,AR1 alpha + Basic + One-Step,NASDAQ:LXRX,0.0
2023-08-31,12,AR1 alpha + Basic + One-Step,NASDAQ:LXRX,3.571105557864125e-09
2023-09-01,12,AR1 alpha + Basic + One-Step,NASDAQ:LXRX,6.212954283925548e-09
2023-09-05,12,AR1 alpha + Basic + One-Step,NASDAQ:LXRX,4.513192839378565e-08
2023-09-06,12,AR1 alpha + Basic + One-Step,NASDAQ:LXRX,5.921401118384813e-09
2023-09-07,12,AR1 alpha + Basic + One-Step,NASDAQ:LXRX,4.291561446757709e-07
2023-09-08,12,AR1 alpha + Basic + One-Step,NASDAQ:LXRX,7.625351934195856e-07
2023-09-11,12,AR1 alpha + Basic + One-Step,NASDAQ:LXRX,7.954143397857828e-08
2023-09-12,12,AR1 alpha + Basic + One-Step,NASDAQ:LXRX,0.0
2023-09-13,12,AR1 alpha + Basic + One-Step,NASDAQ:LXRX,1.4177650511234197e-08
2023-09-14,12,AR1 alpha + Basic + One-Step,NASDAQ:LXRX,0.017052137097911025
2023-09-15,12,AR1 alpha + Basic + One-Step,NASDAQ:LXRX,2.047380623786308e-07
2023-09-18,12,AR1 alpha + Basic + One-Step,NASDAQ:LXRX,0.058386568111711626
2023-09-19,12,AR1 alpha + Basic + One-Step,NASDAQ:LXRX,0.021016734281910858
2023-09-20,12,AR1 alpha + Basic + One-Step,NASDAQ:LXRX,0.032353006261376695
2023-09-21,12,AR1 alpha + Basic + One-Step,NASDAQ:LXRX,0.005511285017633988
2023-09-22,12,AR1 alpha + Basic + One-Step,NASDAQ:LXRX,0.02364312485202003
2023-09-25,12,AR1 alpha + Basic + One-Step,NASDAQ:LXRX,0.0
2023-09-26,12,AR1 alpha + Basic + One-Step,NASDAQ:LXRX,0.0
2023-09-27,12,AR1 alpha + Basic + One-Step,NASDAQ:LXRX,0.0
2023-09-28,12,AR1 alpha + Basic + One-Step,NASDAQ:LXRX,5.951407874053067e-08
2023-09-29,12,AR1 alpha + Basic + One-Step,NASDAQ:LXRX,8.941496338395722e-09
2023-10-02,12,AR1 alpha + Basic + One-Step,NASDAQ:LXRX,0.0
2023-10-03,12,AR1 alpha + Basic + One-Step,NASDAQ:LXRX,0.0
2023-10-04,12,AR1 alpha + Basic + One-Step,NASDAQ:LXRX,0.0
2023-10-05,12,AR1 alpha + Basic + One-Step,NASDAQ:LXRX,0.0
2023-10-06,12,AR1 alpha + Basic + One-Step,NASDAQ:LXRX,0.0
2023-10-09,12,AR1 alpha + Basic + One-Step,NASDAQ:LXRX,2.0715885877780816e-09
2023-10-10,12,AR1 alpha + Basic + One-Step,NASDAQ:LXRX,0.0
2023-10-11,12,AR1 alpha + Basic + One-Step,NASDAQ:LXRX,6.13469983259757e-10
2023-10-12,12,AR1 alpha + Basic + One-Step,NASDAQ:LXRX,0.0
2023-10-13,12,AR1 alpha + Basic + One-Step,NASDAQ:LXRX,0.0
2023-10-16,12,AR1 alpha + Basic + One-Step,NASDAQ:LXRX,3.401690703735769e-08
2023-10-17,12,AR1 alpha + Basic + One-Step,NASDAQ:LXRX,5.194438439238813e-08
2023-10-18,12,AR1 alpha + Basic + One-Step,NASDAQ:LXRX,0.0
2023-10-19,12,AR1 alpha + Basic + One-Step,NASDAQ:LXRX,0.0
2023-10-20,12,AR1 alpha + Basic + One-Step,NASDAQ:LXRX,0.0
2023-10-23,12,AR1 alpha + Basic + One-Step,NASDAQ:LXRX,0.0
2023-10-24,12,AR1 alpha + Basic + One-Step,NASDAQ:LXRX,0.0
2023-10-25,12,AR1 alpha + Basic + One-Step,NASDAQ:LXRX,0.0
2023-10-26,12,AR1 alpha + Basic + One-Step,NASDAQ:LXRX,0.0
2023-10-27,12,AR1 alpha + Basic + One-Step,NASDAQ:LXRX,0.0
2023-10-30,12,AR1 alpha + Basic + One-Step,NASDAQ:LXRX,0.0
2023-10-31,12,AR1 alpha + Basic + One-Step,NASDAQ:LXRX,0.0
2023-11-01,12,AR1 alpha + Basic + One-Step,NASDAQ:LXRX,0.0
2023-11-02,12,AR1 alpha + Basic + One-Step,NASDAQ:LXRX,0.0
2023-11-03,12,AR1 alpha + Basic + One-Step,NASDAQ:LXRX,0.0
2023-11-06,12,AR1 alpha + Basic + One-Step,NASDAQ:LXRX,0.0
2023-11-07,12,AR1 alpha + Basic + One-Step,NASDAQ:LXRX,3.156918778945128e-09
2023-11-08,12,AR1 alpha + Basic + One-Step,NASDAQ:LXRX,0.0
2023-11-09,12,AR1 alpha + Basic + One-Step,NASDAQ:LXRX,0.019404696881190456
2023-11-10,12,AR1 alpha + Basic + One-Step,NASDAQ:LXRX,4.291534491894727e-08
2023-11-13,12,AR1 alpha + Basic + One-Step,NASDAQ:LXRX,9.760141000198468e-08
2023-11-14,12,AR1 alpha + Basic + One-Step,NASDAQ:LXRX,0.0
2023-11-15,12,AR1 alpha + Basic + One-Step,NASDAQ:LXRX,0.0
2023-11-16,12,AR1 alpha + Basic + One-Step,NASDAQ:LXRX,0.0
2023-11-17,12,AR1 alpha + Basic + One-Step,NASDAQ:LXRX,3.0156166201925894e-08
2023-11-20,12,AR1 alpha + Basic + One-Step,NASDAQ:LXRX,0.0
2023-11-21,12,AR1 alpha + Basic + One-Step,NASDAQ:LXRX,0.0
2023-11-22,12,AR1 alpha + Basic + One-Step,NASDAQ:LXRX,3.4485958427676454e-09
2023-11-24,12,AR1 alpha + Basic + One-Step,NASDAQ:LXRX,0.0
2023-11-27,12,AR1 alpha + Basic + One-Step,NASDAQ:LXRX,8.45271039509008e-09
2023-11-28,12,AR1 alpha + Basic + One-Step,NASDAQ:LXRX,0.0
2023-11-29,12,AR1 alpha + Basic + One-Step,NASDAQ:LXRX,0.0
2023-11-30,12,AR1 alpha + Basic + One-Step,NASDAQ:LXRX,0.0
2023-12-01,12,AR1 alpha + Basic + One-Step,NASDAQ:LXRX,2.6839358970985977e-08
2023-12-04,12,AR1 alpha + Basic + One-Step,NASDAQ:LXRX,0.0
2023-12-05,12,AR1 alpha + Basic + One-Step,NASDAQ:LXRX,0.0
2023-12-06,12,AR1 alpha + Basic + One-Step,NASDAQ:LXRX,0.0
2023-12-07,12,AR1 alpha + Basic + One-Step,NASDAQ:LXRX,0.0
2023-12-08,12,AR1 alpha + Basic + One-Step,NASDAQ:LXRX,0.0
2023-12-11,12,AR1 alpha + Basic + One-Step,NASDAQ:LXRX,0.0
2023-12-12,12,AR1 alpha + Basic + One-Step,NASDAQ:LXRX,0.0
2023-12-13,12,AR1 alpha + Basic + One-Step,NASDAQ:LXRX,0.0
2023-12-14,12,AR1 alpha + Basic + One-Step,NASDAQ:LXRX,0.0
2023-12-15,12,AR1 alpha + Basic + One-Step,NASDAQ:LXRX,0.0
2023-12-18,12,AR1 alpha + Basic + One-Step,NASDAQ:LXRX,0.0
2023-12-19,12,AR1 alpha + Basic + One-Step,NASDAQ:LXRX,0.0
2023-12-20,12,AR1 alpha + Basic + One-Step,NASDAQ:LXRX,0.0
2023-12-21,12,AR1 alpha + Basic + One-Step,NASDAQ:LXRX,0.0
2023-12-22,12,AR1 alpha + Basic + One-Step,NASDAQ:LXRX,1.4902725520313388e-07
2023-12-26,12,AR1 alpha + Basic + One-Step,NASDAQ:LXRX,0.0
2023-12-27,12,AR1 alpha + Basic + One-Step,NASDAQ:LXRX,1.0000021761105385e-09
2023-12-28,12,AR1 alpha + Basic + One-Step,NASDAQ:LXRX,0.0
2023-12-29,12,AR1 alpha + Basic + One-Step,NASDAQ:LXRX,0.0
2024-01-02,12,AR1 alpha + Basic + One-Step,NASDAQ:LXRX,0.0
2024-01-03,12,AR1 alpha + Basic + One-Step,NASDAQ:LXRX,0.0
2024-01-04,12,AR1 alpha + Basic + One-Step,NASDAQ:LXRX,0.0
2024-01-05,12,AR1 alpha + Basic + One-Step,NASDAQ:LXRX,0.0
2024-01-08,12,AR1 alpha + Basic + One-Step,NASDAQ:LXRX,0.0
2024-01-09,12,AR1 alpha + Basic + One-Step,NASDAQ:LXRX,0.0
2024-01-10,12,AR1 alpha + Basic + One-Step,NASDAQ:LXRX,0.0
2024-01-11,12,AR1 alpha + Basic + One-Step,NASDAQ:LXRX,1.1109468615989216e-07
2024-01-12,12,AR1 alpha + Basic + One-Step,NASDAQ:LXRX,3.256162322392343e-24
2024-01-16,12,AR1 alpha + Basic + One-Step,NASDAQ:LXRX,0.0
2024-01-17,12,AR1 alpha + Basic + One-Step,NASDAQ:LXRX,0.0
2024-01-18,12,AR1 alpha + Basic + One-Step,NASDAQ:LXRX,2.0982626025929858e-07
2024-01-19,12,AR1 alpha + Basic + One-Step,NASDAQ:LXRX,0.0
2024-01-22,12,AR1 alpha + Basic + One-Step,NASDAQ:LXRX,0.0
2024-01-23,12,AR1 alpha + Basic + One-Step,NASDAQ:LXRX,0.0
2024-01-24,12,AR1 alpha + Basic + One-Step,NASDAQ:LXRX,5.650765978831646e-08
2024-01-25,12,AR1 alpha + Basic + One-Step,NASDAQ:LXRX,6.734408639329066e-09
2024-01-26,12,AR1 alpha + Basic + One-Step,NASDAQ:LXRX,0.0
2024-01-29,12,AR1 alpha + Basic + One-Step,NASDAQ:LXRX,0.0
2024-01-30,12,AR1 alpha + Basic + One-Step,NASDAQ:LXRX,0.0
2024-01-31,12,AR1 alpha + Basic + One-Step,NASDAQ:LXRX,3.948877742907185e-11
2024-02-01,12,AR1 alpha + Basic + One-Step,NASDAQ:LXRX,0.0
2024-02-02,12,AR1 alpha + Basic + One-Step,NASDAQ:LXRX,0.0
2024-02-05,12,AR1 alpha + Basic + One-Step,NASDAQ:LXRX,0.0
2024-02-06,12,AR1 alpha + Basic + One-Step,NASDAQ:LXRX,1.7456054814387627e-08
2024-02-07,12,AR1 alpha + Basic + One-Step,NASDAQ:LXRX,3.4987979142875777e-09
2024-02-08,12,AR1 alpha + Basic + One-Step,NASDAQ:LXRX,6.943600171481422e-10
2024-02-09,12,AR1 alpha + Basic + One-Step,NASDAQ:LXRX,0.0
2024-02-12,12,AR1 alpha + Basic + One-Step,NASDAQ:LXRX,0.0
2024-02-13,12,AR1 alpha + Basic + One-Step,NASDAQ:LXRX,0.0
2024-02-14,12,AR1 alpha + Basic + One-Step,NASDAQ:LXRX,0.0
2024-02-15,12,AR1 alpha + Basic + One-Step,NASDAQ:LXRX,2.5771311582621613e-08
2024-02-16,12,AR1 alpha + Basic + One-Step,NASDAQ:LXRX,0.0
2024-02-20,12,AR1 alpha + Basic + One-Step,NASDAQ:LXRX,0.0004242536092873145
2024-02-21,12,AR1 alpha + Basic + One-Step,NASDAQ:LXRX,0.010559479711445757
2024-02-22,12,AR1 alpha + Basic + One-Step,NASDAQ:LXRX,0.009257029240898496
2024-02-23,12,AR1 alpha + Basic + One-Step,NASDAQ:LXRX,0.0
2024-02-26,12,AR1 alpha + Basic + One-Step,NASDAQ:LXRX,6.657827695116576e-08
2024-02-27,12,AR1 alpha + Basic + One-Step,NASDAQ:LXRX,0.0
2024-02-28,12,AR1 alpha + Basic + One-Step,NASDAQ:LXRX,0.0
2024-02-29,12,AR1 alpha + Basic + One-Step,NASDAQ:LXRX,0.0030803864699904485
2024-03-01,12,AR1 alpha + Basic + One-Step,NASDAQ:LXRX,0.0
2024-03-04,12,AR1 alpha + Basic + One-Step,NASDAQ:LXRX,0.011250686975220572
2024-03-05,12,AR1 alpha + Basic + One-Step,NASDAQ:LXRX,0.009548018491614733
2024-03-06,12,AR1 alpha + Basic + One-Step,NASDAQ:LXRX,0.009546708482442613
2024-03-07,12,AR1 alpha + Basic + One-Step,NASDAQ:LXRX,0.0
2024-03-08,12,AR1 alpha + Basic + One-Step,NASDAQ:LXRX,0.0
2024-03-11,12,AR1 alpha + Basic + One-Step,NASDAQ:LXRX,0.0
2024-03-12,12,AR1 alpha + Basic + One-Step,NASDAQ:LXRX,0.006509680004219691
2024-03-13,12,AR1 alpha + Basic + One-Step,NASDAQ:LXRX,0.01422210997976217
2024-03-14,12,AR1 alpha + Basic + One-Step,NASDAQ:LXRX,0.008728906226136292
2024-03-15,12,AR1 alpha + Basic + One-Step,NASDAQ:LXRX,1.952238427168892e-08
2024-03-18,12,AR1 alpha + Basic + One-Step,NASDAQ:LXRX,0.005742642224187732
2024-03-19,12,AR1 alpha + Basic + One-Step,NASDAQ:LXRX,0.014191868221803976
2024-03-20,12,AR1 alpha + Basic + One-Step,NASDAQ:LXRX,0.005644163540145323
2024-03-21,12,AR1 alpha + Basic + One-Step,NASDAQ:LXRX,0.010447123160680147
2024-03-22,12,AR1 alpha + Basic + One-Step,NASDAQ:LXRX,0.018939492467575
2024-03-25,12,AR1 alpha + Basic + One-Step,NASDAQ:LXRX,0.02818158744927443
2024-03-26,12,AR1 alpha + Basic + One-Step,NASDAQ:LXRX,0.034220990908018174
2024-03-27,12,AR1 alpha + Basic + One-Step,NASDAQ:LXRX,0.0
2024-03-28,12,AR1 alpha + Basic + One-Step,NASDAQ:LXRX,0.0
2024-04-01,12,AR1 alpha + Basic + One-Step,NASDAQ:LXRX,5.290734987570959e-07
2024-04-02,12,AR1 alpha + Basic + One-Step,NASDAQ:LXRX,0.0038776779242633216
2024-04-03,12,AR1 alpha + Basic + One-Step,NASDAQ:LXRX,0.01515983768735995
2024-04-04,12,AR1 alpha + Basic + One-Step,NASDAQ:LXRX,0.01515789617266177
2024-04-05,12,AR1 alpha + Basic + One-Step,NASDAQ:LXRX,0.011126653481698917
2024-04-08,12,AR1 alpha + Basic + One-Step,NASDAQ:LXRX,0.005738908345848682
2024-04-09,12,AR1 alpha + Basic + One-Step,NASDAQ:LXRX,0.0
2024-04-10,12,AR1 alpha + Basic + One-Step,NASDAQ:LXRX,2.247435965396805e-07
2024-04-11,12,AR1 alpha + Basic + One-Step,NASDAQ:LXRX,0.0
2024-04-12,12,AR1 alpha + Basic + One-Step,NASDAQ:LXRX,0.0
2024-04-15,12,AR1 alpha + Basic + One-Step,NASDAQ:LXRX,0.0
2024-04-16,12,AR1 alpha + Basic + One-Step,NASDAQ:LXRX,0.0
2024-04-17,12,AR1 alpha + Basic + One-Step,NASDAQ:LXRX,0.0
2024-04-18,12,AR1 alpha + Basic + One-Step,NASDAQ:LXRX,0.0
2024-04-19,12,AR1 alpha + Basic + One-Step,NASDAQ:LXRX,0.0
2020-03-25,12,AR1 alpha + Basic + One-Step,NASDAQ:COST,0.02
2020-03-26,12,AR1 alpha + Basic + One-Step,NASDAQ:COST,0.019999999999999997
2020-03-27,12,AR1 alpha + Basic + One-Step,NASDAQ:COST,0.0
2020-03-30,12,AR1 alpha + Basic + One-Step,NASDAQ:COST,0.0
2020-03-31,12,AR1 alpha + Basic + One-Step,NASDAQ:COST,0.0
2020-04-01,12,AR1 alpha + Basic + One-Step,NASDAQ:COST,0.09999900843540659
2020-04-02,12,AR1 alpha + Basic + One-Step,NASDAQ:COST,0.09999947700681518
2020-04-03,12,AR1 alpha + Basic + One-Step,NASDAQ:COST,0.09999979723437974
2020-04-06,12,AR1 alpha + Basic + One-Step,NASDAQ:COST,0.0998412806077518
2020-04-07,12,AR1 alpha + Basic + One-Step,NASDAQ:COST,0.10000008203565483
2020-04-08,12,AR1 alpha + Basic + One-Step,NASDAQ:COST,0.03564706964406845
2020-04-09,12,AR1 alpha + Basic + One-Step,NASDAQ:COST,0.09999914701851693
2020-04-13,12,AR1 alpha + Basic + One-Step,NASDAQ:COST,0.04896798815957478
2020-04-14,12,AR1 alpha + Basic + One-Step,NASDAQ:COST,0.0
2020-04-15,12,AR1 alpha + Basic + One-Step,NASDAQ:COST,0.0
2020-04-16,12,AR1 alpha + Basic + One-Step,NASDAQ:COST,0.0
2020-04-17,12,AR1 alpha + Basic + One-Step,NASDAQ:COST,0.07721782928312111
2020-04-20,12,AR1 alpha + Basic + One-Step,NASDAQ:COST,0.09999655220597684
2020-04-21,12,AR1 alpha + Basic + One-Step,NASDAQ:COST,0.09999758443622025
2020-04-22,12,AR1 alpha + Basic + One-Step,NASDAQ:COST,0.09999405107429465
2020-04-23,12,AR1 alpha + Basic + One-Step,NASDAQ:COST,0.09999638739931607
2020-04-24,12,AR1 alpha + Basic + One-Step,NASDAQ:COST,0.09999802080504133
2020-04-27,12,AR1 alpha + Basic + One-Step,NASDAQ:COST,0.09999855052565426
2020-04-28,12,AR1 alpha + Basic + One-Step,NASDAQ:COST,0.09999695774969505
2020-04-29,12,AR1 alpha + Basic + One-Step,NASDAQ:COST,0.09999881211104997
2020-04-30,12,AR1 alpha + Basic + One-Step,NASDAQ:COST,0.09999758252630883
2020-05-01,12,AR1 alpha + Basic + One-Step,NASDAQ:COST,0.09999865540368617
2020-05-04,12,AR1 alpha + Basic + One-Step,NASDAQ:COST,0.09999593392580874
2020-05-05,12,AR1 alpha + Basic + One-Step,NASDAQ:COST,0.09999848495262822
2020-05-06,12,AR1 alpha + Basic + One-Step,NASDAQ:COST,0.0
2020-05-07,12,AR1 alpha + Basic + One-Step,NASDAQ:COST,0.09999878911313624
2020-05-08,12,AR1 alpha + Basic + One-Step,NASDAQ:COST,0.09999936520329483
2020-05-11,12,AR1 alpha + Basic + One-Step,NASDAQ:COST,5.947596895418343e-07
2020-05-12,12,AR1 alpha + Basic + One-Step,NASDAQ:COST,0.050147133312863766
2020-05-13,12,AR1 alpha + Basic + One-Step,NASDAQ:COST,0.04619140416936633
2020-05-14,12,AR1 alpha + Basic + One-Step,NASDAQ:COST,0.09999978937215769
2020-05-15,12,AR1 alpha + Basic + One-Step,NASDAQ:COST,0.09999946103647608
2020-05-18,12,AR1 alpha + Basic + One-Step,NASDAQ:COST,0.09999836612254401
2020-05-19,12,AR1 alpha + Basic + One-Step,NASDAQ:COST,0.0
2020-05-20,12,AR1 alpha + Basic + One-Step,NASDAQ:COST,0.0
2020-05-21,12,AR1 alpha + Basic + One-Step,NASDAQ:COST,0.02726949998862799
2020-05-22,12,AR1 alpha + Basic + One-Step,NASDAQ:COST,0.017513244154528627
2020-05-26,12,AR1 alpha + Basic + One-Step,NASDAQ:COST,2.4351332051598284e-07
2020-05-27,12,AR1 alpha + Basic + One-Step,NASDAQ:COST,1.2725752849161464e-06
2020-05-28,12,AR1 alpha + Basic + One-Step,NASDAQ:COST,0.0
2020-05-29,12,AR1 alpha + Basic + One-Step,NASDAQ:COST,0.0
2020-06-01,12,AR1 alpha + Basic + One-Step,NASDAQ:COST,1.0534566943991052e-07
2020-06-02,12,AR1 alpha + Basic + One-Step,NASDAQ:COST,4.3052324571159104e-07
2020-06-03,12,AR1 alpha + Basic + One-Step,NASDAQ:COST,0.0
2020-06-04,12,AR1 alpha + Basic + One-Step,NASDAQ:COST,1.3844962425791088e-07
2020-06-05,12,AR1 alpha + Basic + One-Step,NASDAQ:COST,5.246711855299269e-08
2020-06-08,12,AR1 alpha + Basic + One-Step,NASDAQ:COST,0.03843611125084909
2020-06-09,12,AR1 alpha + Basic + One-Step,NASDAQ:COST,0.0
2020-06-10,12,AR1 alpha + Basic + One-Step,NASDAQ:COST,0.0
2020-06-11,12,AR1 alpha + Basic + One-Step,NASDAQ:COST,0.013175883469882344
2020-06-12,12,AR1 alpha + Basic + One-Step,NASDAQ:COST,0.1000012373598892
2020-06-15,12,AR1 alpha + Basic + One-Step,NASDAQ:COST,0.10000081086639752
2020-06-16,12,AR1 alpha + Basic + One-Step,NASDAQ:COST,0.027453972760391514
2020-06-17,12,AR1 alpha + Basic + One-Step,NASDAQ:COST,1.0748024447829373e-07
2020-06-18,12,AR1 alpha + Basic + One-Step,NASDAQ:COST,0.0
2020-06-19,12,AR1 alpha + Basic + One-Step,NASDAQ:COST,0.0
2020-06-22,12,AR1 alpha + Basic + One-Step,NASDAQ:COST,0.0
2020-06-23,12,AR1 alpha + Basic + One-Step,NASDAQ:COST,0.0
2020-06-24,12,AR1 alpha + Basic + One-Step,NASDAQ:COST,8.554191257349047e-08
2020-06-25,12,AR1 alpha + Basic + One-Step,NASDAQ:COST,0.0
2020-06-26,12,AR1 alpha + Basic + One-Step,NASDAQ:COST,0.0
2020-06-29,12,AR1 alpha + Basic + One-Step,NASDAQ:COST,0.0
2020-06-30,12,AR1 alpha + Basic + One-Step,NASDAQ:COST,1.556669822819926e-08
2020-07-01,12,AR1 alpha + Basic + One-Step,NASDAQ:COST,0.0
2020-07-02,12,AR1 alpha + Basic + One-Step,NASDAQ:COST,1.524031099894466e-08
2020-07-06,12,AR1 alpha + Basic + One-Step,NASDAQ:COST,0.0
2020-07-07,12,AR1 alpha + Basic + One-Step,NASDAQ:COST,0.0
2020-07-08,12,AR1 alpha + Basic + One-Step,NASDAQ:COST,5.014095770821146e-08
2020-07-09,12,AR1 alpha + Basic + One-Step,NASDAQ:COST,7.17163319083788e-07
2020-07-10,12,AR1 alpha + Basic + One-Step,NASDAQ:COST,3.7328923773165903e-07
2020-07-13,12,AR1 alpha + Basic + One-Step,NASDAQ:COST,2.072353911157126e-07
2020-07-14,12,AR1 alpha + Basic + One-Step,NASDAQ:COST,0.0
2020-07-15,12,AR1 alpha + Basic + One-Step,NASDAQ:COST,1.6537538250643048e-07
2020-07-16,12,AR1 alpha + Basic + One-Step,NASDAQ:COST,0.0
2020-07-17,12,AR1 alpha + Basic + One-Step,NASDAQ:COST,0.06319166160858172
2020-07-20,12,AR1 alpha + Basic + One-Step,NASDAQ:COST,0.09646402064066871
2020-07-21,12,AR1 alpha + Basic + One-Step,NASDAQ:COST,0.05071943051528815
2020-07-22,12,AR1 alpha + Basic + One-Step,NASDAQ:COST,0.04365718983151816
2020-07-23,12,AR1 alpha + Basic + One-Step,NASDAQ:COST,0.0951227634524485
2020-07-24,12,AR1 alpha + Basic + One-Step,NASDAQ:COST,0.08614837688565842
2020-07-27,12,AR1 alpha + Basic + One-Step,NASDAQ:COST,0.06189589259464405
2020-07-28,12,AR1 alpha + Basic + One-Step,NASDAQ:COST,0.00882886640304296
2020-07-29,12,AR1 alpha + Basic + One-Step,NASDAQ:COST,0.09999737839566852
2020-07-30,12,AR1 alpha + Basic + One-Step,NASDAQ:COST,0.09999790298515962
2020-07-31,12,AR1 alpha + Basic + One-Step,NASDAQ:COST,0.09999496940936696
2020-08-03,12,AR1 alpha + Basic + One-Step,NASDAQ:COST,0.0999953426278906
2020-08-04,12,AR1 alpha + Basic + One-Step,NASDAQ:COST,5.888682654829299e-08
2020-08-05,12,AR1 alpha + Basic + One-Step,NASDAQ:COST,0.0
2020-08-06,12,AR1 alpha + Basic + One-Step,NASDAQ:COST,0.0
2020-08-07,12,AR1 alpha + Basic + One-Step,NASDAQ:COST,4.189212597592103e-08
2020-08-10,12,AR1 alpha + Basic + One-Step,NASDAQ:COST,0.0
2020-08-11,12,AR1 alpha + Basic + One-Step,NASDAQ:COST,0.09999934214532014
2020-08-12,12,AR1 alpha + Basic + One-Step,NASDAQ:COST,0.06816977073888429
2020-08-13,12,AR1 alpha + Basic + One-Step,NASDAQ:COST,0.07736800415477232
2020-08-14,12,AR1 alpha + Basic + One-Step,NASDAQ:COST,0.04301418700651672
2020-08-17,12,AR1 alpha + Basic + One-Step,NASDAQ:COST,0.0
2020-08-18,12,AR1 alpha + Basic + One-Step,NASDAQ:COST,0.0
2020-08-19,12,AR1 alpha + Basic + One-Step,NASDAQ:COST,2.5473025993909e-07
2020-08-20,12,AR1 alpha + Basic + One-Step,NASDAQ:COST,0.005406922047939762
2020-08-21,12,AR1 alpha + Basic + One-Step,NASDAQ:COST,0.0
2020-08-24,12,AR1 alpha + Basic + One-Step,NASDAQ:COST,0.030876219352565543
2020-08-25,12,AR1 alpha + Basic + One-Step,NASDAQ:COST,0.043705817728927475
2020-08-26,12,AR1 alpha + Basic + One-Step,NASDAQ:COST,0.048926660608014316
2020-08-27,12,AR1 alpha + Basic + One-Step,NASDAQ:COST,0.037352910319026926
2020-08-28,12,AR1 alpha + Basic + One-Step,NASDAQ:COST,0.04674309410637665
2020-08-31,12,AR1 alpha + Basic + One-Step,NASDAQ:COST,0.08264235289529653
2020-09-01,12,AR1 alpha + Basic + One-Step,NASDAQ:COST,0.050704976182957835
2020-09-02,12,AR1 alpha + Basic + One-Step,NASDAQ:COST,0.0
2020-09-03,12,AR1 alpha + Basic + One-Step,NASDAQ:COST,0.09999438096838874
2020-09-04,12,AR1 alpha + Basic + One-Step,NASDAQ:COST,0.099994510206894
2020-09-08,12,AR1 alpha + Basic + One-Step,NASDAQ:COST,0.0999926379626139
2020-09-09,12,AR1 alpha + Basic + One-Step,NASDAQ:COST,0.017033851612423757
2020-09-10,12,AR1 alpha + Basic + One-Step,NASDAQ:COST,0.0999997450019903
2020-09-11,12,AR1 alpha + Basic + One-Step,NASDAQ:COST,0.09999668678843418
2020-09-14,12,AR1 alpha + Basic + One-Step,NASDAQ:COST,0.0971012962507629
2020-09-15,12,AR1 alpha + Basic + One-Step,NASDAQ:COST,0.09999655841748406
2020-09-16,12,AR1 alpha + Basic + One-Step,NASDAQ:COST,0.09999679714929591
2020-09-17,12,AR1 alpha + Basic + One-Step,NASDAQ:COST,0.09999535803447138
2020-09-18,12,AR1 alpha + Basic + One-Step,NASDAQ:COST,0.09998930562044006
2020-09-21,12,AR1 alpha + Basic + One-Step,NASDAQ:COST,0.09999276720951636
2020-09-22,12,AR1 alpha + Basic + One-Step,NASDAQ:COST,0.07719351040108022
2020-09-23,12,AR1 alpha + Basic + One-Step,NASDAQ:COST,0.0001998527440849376
2020-09-24,12,AR1 alpha + Basic + One-Step,NASDAQ:COST,2.0274683256909627e-07
2020-09-25,12,AR1 alpha + Basic + One-Step,NASDAQ:COST,0.09999240866226954
2020-09-28,12,AR1 alpha + Basic + One-Step,NASDAQ:COST,0.09999021077080189
2020-09-29,12,AR1 alpha + Basic + One-Step,NASDAQ:COST,0.024111515393638695
2020-09-30,12,AR1 alpha + Basic + One-Step,NASDAQ:COST,6.207337172708711e-08
2020-10-01,12,AR1 alpha + Basic + One-Step,NASDAQ:COST,0.0
2020-10-02,12,AR1 alpha + Basic + One-Step,NASDAQ:COST,0.0999947340249642
2020-10-05,12,AR1 alpha + Basic + One-Step,NASDAQ:COST,0.09999651560996518
2020-10-06,12,AR1 alpha + Basic + One-Step,NASDAQ:COST,0.0999953045974053
2020-10-07,12,AR1 alpha + Basic + One-Step,NASDAQ:COST,0.016305126047645887
2020-10-08,12,AR1 alpha + Basic + One-Step,NASDAQ:COST,0.06098200858154347
2020-10-09,12,AR1 alpha + Basic + One-Step,NASDAQ:COST,0.0
2020-10-12,12,AR1 alpha + Basic + One-Step,NASDAQ:COST,0.0
2020-10-13,12,AR1 alpha + Basic + One-Step,NASDAQ:COST,0.0
2020-10-14,12,AR1 alpha + Basic + One-Step,NASDAQ:COST,0.0
2020-10-15,12,AR1 alpha + Basic + One-Step,NASDAQ:COST,0.09987979562128091
2020-10-16,12,AR1 alpha + Basic + One-Step,NASDAQ:COST,4.1799188763651134e-07
2020-10-19,12,AR1 alpha + Basic + One-Step,NASDAQ:COST,0.09998919104233513
2020-10-20,12,AR1 alpha + Basic + One-Step,NASDAQ:COST,0.09998632436334834
2020-10-21,12,AR1 alpha + Basic + One-Step,NASDAQ:COST,0.09998519576500695
2020-10-22,12,AR1 alpha + Basic + One-Step,NASDAQ:COST,0.09998569571151499
2020-10-23,12,AR1 alpha + Basic + One-Step,NASDAQ:COST,0.09998404709029382
2020-10-26,12,AR1 alpha + Basic + One-Step,NASDAQ:COST,0.09998867665539313
2020-10-27,12,AR1 alpha + Basic + One-Step,NASDAQ:COST,0.0999924445118057
2020-10-28,12,AR1 alpha + Basic + One-Step,NASDAQ:COST,0.09999496558621863
2020-10-29,12,AR1 alpha + Basic + One-Step,NASDAQ:COST,0.09999663809398356
2020-10-30,12,AR1 alpha + Basic + One-Step,NASDAQ:COST,0.09999726385351547
2020-11-02,12,AR1 alpha + Basic + One-Step,NASDAQ:COST,0.09999746396198633
2020-11-03,12,AR1 alpha + Basic + One-Step,NASDAQ:COST,0.09999771566620838
2020-11-04,12,AR1 alpha + Basic + One-Step,NASDAQ:COST,0.09999618049049593
2020-11-05,12,AR1 alpha + Basic + One-Step,NASDAQ:COST,0.0
2020-11-06,12,AR1 alpha + Basic + One-Step,NASDAQ:COST,0.021099466678072314
2020-11-09,12,AR1 alpha + Basic + One-Step,NASDAQ:COST,0.09999696555686498
2020-11-10,12,AR1 alpha + Basic + One-Step,NASDAQ:COST,0.09999234123529466
2020-11-11,12,AR1 alpha + Basic + One-Step,NASDAQ:COST,0.09999375103740625
2020-11-12,12,AR1 alpha + Basic + One-Step,NASDAQ:COST,0.09998863310017571
2020-11-13,12,AR1 alpha + Basic + One-Step,NASDAQ:COST,0.09998886276244524
2020-11-16,12,AR1 alpha + Basic + One-Step,NASDAQ:COST,0.0999902118508658
2020-11-17,12,AR1 alpha + Basic + One-Step,NASDAQ:COST,0.09999051564792835
2020-11-18,12,AR1 alpha + Basic + One-Step,NASDAQ:COST,0.099983319637594
2020-11-19,12,AR1 alpha + Basic + One-Step,NASDAQ:COST,0.09998890298450043
2020-11-20,12,AR1 alpha + Basic + One-Step,NASDAQ:COST,0.0999800610176599
2020-11-23,12,AR1 alpha + Basic + One-Step,NASDAQ:COST,0.09997815738825354
2020-11-24,12,AR1 alpha + Basic + One-Step,NASDAQ:COST,0.09997737484714453
2020-11-25,12,AR1 alpha + Basic + One-Step,NASDAQ:COST,0.09509055260799663
2020-11-27,12,AR1 alpha + Basic + One-Step,NASDAQ:COST,0.09998403249004065
2020-11-30,12,AR1 alpha + Basic + One-Step,NASDAQ:COST,2.7774247640835557e-07
2020-12-01,12,AR1 alpha + Basic + One-Step,NASDAQ:COST,0.09999881502631792
2020-12-02,12,AR1 alpha + Basic + One-Step,NASDAQ:COST,0.09999873228244306
2020-12-03,12,AR1 alpha + Basic + One-Step,NASDAQ:COST,0.09999913667692985
2020-12-04,12,AR1 alpha + Basic + One-Step,NASDAQ:COST,0.09999942604116195
2020-12-07,12,AR1 alpha + Basic + One-Step,NASDAQ:COST,0.09999702407301644
2020-12-08,12,AR1 alpha + Basic + One-Step,NASDAQ:COST,0.09999830185104239
2020-12-09,12,AR1 alpha + Basic + One-Step,NASDAQ:COST,0.0999956105323136
2020-12-10,12,AR1 alpha + Basic + One-Step,NASDAQ:COST,0.09999669767017084
2020-12-11,12,AR1 alpha + Basic + One-Step,NASDAQ:COST,0.09999833991937195
2020-12-14,12,AR1 alpha + Basic + One-Step,NASDAQ:COST,0.09999942260385082
2020-12-15,12,AR1 alpha + Basic + One-Step,NASDAQ:COST,0.09999144187587658
2020-12-16,12,AR1 alpha + Basic + One-Step,NASDAQ:COST,0.09999429985981623
2020-12-17,12,AR1 alpha + Basic + One-Step,NASDAQ:COST,0.0999959277567248
2020-12-18,12,AR1 alpha + Basic + One-Step,NASDAQ:COST,0.09999180383669251
2020-12-21,12,AR1 alpha + Basic + One-Step,NASDAQ:COST,0.0999946313107421
2020-12-22,12,AR1 alpha + Basic + One-Step,NASDAQ:COST,0.09999467925902732
2020-12-23,12,AR1 alpha + Basic + One-Step,NASDAQ:COST,0.09999623991439573
2020-12-24,12,AR1 alpha + Basic + One-Step,NASDAQ:COST,0.0999972850782626
2020-12-28,12,AR1 alpha + Basic + One-Step,NASDAQ:COST,0.0
2020-12-29,12,AR1 alpha + Basic + One-Step,NASDAQ:COST,0.0
2020-12-30,12,AR1 alpha + Basic + One-Step,NASDAQ:COST,0.0
2020-12-31,12,AR1 alpha + Basic + One-Step,NASDAQ:COST,0.0
2021-01-04,12,AR1 alpha + Basic + One-Step,NASDAQ:COST,0.0
2021-01-05,12,AR1 alpha + Basic + One-Step,NASDAQ:COST,1.9435574741871873e-07
2021-01-06,12,AR1 alpha + Basic + One-Step,NASDAQ:COST,0.09999948699690399
2021-01-07,12,AR1 alpha + Basic + One-Step,NASDAQ:COST,0.09999119635366335
2021-01-08,12,AR1 alpha + Basic + One-Step,NASDAQ:COST,0.09999240581206958
2021-01-11,12,AR1 alpha + Basic + One-Step,NASDAQ:COST,0.09998951287335875
2021-01-12,12,AR1 alpha + Basic + One-Step,NASDAQ:COST,0.09998802194675772
2021-01-13,12,AR1 alpha + Basic + One-Step,NASDAQ:COST,0.06909524302416957
2021-01-14,12,AR1 alpha + Basic + One-Step,NASDAQ:COST,0.09998473660599809
2021-01-15,12,AR1 alpha + Basic + One-Step,NASDAQ:COST,0.09998704294221052
2021-01-19,12,AR1 alpha + Basic + One-Step,NASDAQ:COST,0.09999037894158788
2021-01-20,12,AR1 alpha + Basic + One-Step,NASDAQ:COST,0.08812293573343245
2021-01-21,12,AR1 alpha + Basic + One-Step,NASDAQ:COST,0.05521517905476426
2021-01-22,12,AR1 alpha + Basic + One-Step,NASDAQ:COST,0.038511988784098096
2021-01-25,12,AR1 alpha + Basic + One-Step,NASDAQ:COST,0.0
2021-01-26,12,AR1 alpha + Basic + One-Step,NASDAQ:COST,0.0
2021-01-27,12,AR1 alpha + Basic + One-Step,NASDAQ:COST,0.0
2021-01-28,12,AR1 alpha + Basic + One-Step,NASDAQ:COST,0.0
2021-01-29,12,AR1 alpha + Basic + One-Step,NASDAQ:COST,0.013642472866638106
2021-02-01,12,AR1 alpha + Basic + One-Step,NASDAQ:COST,0.06917404984357235
2021-02-02,12,AR1 alpha + Basic + One-Step,NASDAQ:COST,1.6015128039100483e-07
2021-02-03,12,AR1 alpha + Basic + One-Step,NASDAQ:COST,0.0
2021-02-04,12,AR1 alpha + Basic + One-Step,NASDAQ:COST,0.0
2021-02-05,12,AR1 alpha + Basic + One-Step,NASDAQ:COST,0.0
2021-02-08,12,AR1 alpha + Basic + One-Step,NASDAQ:COST,0.0
2021-02-09,12,AR1 alpha + Basic + One-Step,NASDAQ:COST,0.0
2021-02-10,12,AR1 alpha + Basic + One-Step,NASDAQ:COST,0.02613953593298917
2021-02-11,12,AR1 alpha + Basic + One-Step,NASDAQ:COST,0.09999426379309659
2021-02-12,12,AR1 alpha + Basic + One-Step,NASDAQ:COST,0.09997944684764466
2021-02-16,12,AR1 alpha + Basic + One-Step,NASDAQ:COST,0.010840834296453362
2021-02-17,12,AR1 alpha + Basic + One-Step,NASDAQ:COST,0.0
2021-02-18,12,AR1 alpha + Basic + One-Step,NASDAQ:COST,0.0
2021-02-19,12,AR1 alpha + Basic + One-Step,NASDAQ:COST,0.0
2021-02-22,12,AR1 alpha + Basic + One-Step,NASDAQ:COST,1.2978460742947534e-06
2021-02-23,12,AR1 alpha + Basic + One-Step,NASDAQ:COST,2.701819782594275e-07
2021-02-24,12,AR1 alpha + Basic + One-Step,NASDAQ:COST,0.03071313525843824
2021-02-25,12,AR1 alpha + Basic + One-Step,NASDAQ:COST,0.0
2021-02-26,12,AR1 alpha + Basic + One-Step,NASDAQ:COST,0.05288041345640409
2021-03-01,12,AR1 alpha + Basic + One-Step,NASDAQ:COST,0.0034513018462777206
2021-03-02,12,AR1 alpha + Basic + One-Step,NASDAQ:COST,1.0728282952702704e-06
2021-03-03,12,AR1 alpha + Basic + One-Step,NASDAQ:COST,0.0
2021-03-04,12,AR1 alpha + Basic + One-Step,NASDAQ:COST,0.0022091391793303224
2021-03-05,12,AR1 alpha + Basic + One-Step,NASDAQ:COST,0.053285709257964026
2021-03-08,12,AR1 alpha + Basic + One-Step,NASDAQ:COST,0.0461947234297727
2021-03-09,12,AR1 alpha + Basic + One-Step,NASDAQ:COST,0.01876919073633511
2021-03-10,12,AR1 alpha + Basic + One-Step,NASDAQ:COST,0.0
2021-03-11,12,AR1 alpha + Basic + One-Step,NASDAQ:COST,0.0
2021-03-12,12,AR1 alpha + Basic + One-Step,NASDAQ:COST,0.0
2021-03-15,12,AR1 alpha + Basic + One-Step,NASDAQ:COST,1.5278918024693868e-09
2021-03-16,12,AR1 alpha + Basic + One-Step,NASDAQ:COST,0.0
2021-03-17,12,AR1 alpha + Basic + One-Step,NASDAQ:COST,0.0
2021-03-18,12,AR1 alpha + Basic + One-Step,NASDAQ:COST,0.0
2021-03-19,12,AR1 alpha + Basic + One-Step,NASDAQ:COST,0.0
2021-03-22,12,AR1 alpha + Basic + One-Step,NASDAQ:COST,0.0
2021-03-23,12,AR1 alpha + Basic + One-Step,NASDAQ:COST,0.0
2021-03-24,12,AR1 alpha + Basic + One-Step,NASDAQ:COST,5.5845225793046715e-09
2021-03-25,12,AR1 alpha + Basic + One-Step,NASDAQ:COST,0.0
2021-03-26,12,AR1 alpha + Basic + One-Step,NASDAQ:COST,0.0
2021-03-29,12,AR1 alpha + Basic + One-Step,NASDAQ:COST,0.0
2021-03-30,12,AR1 alpha + Basic + One-Step,NASDAQ:COST,1.2893421502014665e-06
2021-03-31,12,AR1 alpha + Basic + One-Step,NASDAQ:COST,0.0
2021-04-01,12,AR1 alpha + Basic + One-Step,NASDAQ:COST,0.0
2021-04-05,12,AR1 alpha + Basic + One-Step,NASDAQ:COST,2.591852516037953e-06
2021-04-06,12,AR1 alpha + Basic + One-Step,NASDAQ:COST,1.0082471375688313e-06
2021-04-07,12,AR1 alpha + Basic + One-Step,NASDAQ:COST,0.0
2021-04-08,12,AR1 alpha + Basic + One-Step,NASDAQ:COST,8.659937164396734e-07
2021-04-09,12,AR1 alpha + Basic + One-Step,NASDAQ:COST,0.0
2021-04-12,12,AR1 alpha + Basic + One-Step,NASDAQ:COST,4.935001309535095e-09
2021-04-13,12,AR1 alpha + Basic + One-Step,NASDAQ:COST,0.0
2021-04-14,12,AR1 alpha + Basic + One-Step,NASDAQ:COST,0.0
2021-04-15,12,AR1 alpha + Basic + One-Step,NASDAQ:COST,1.8988572183111712e-07
2021-04-16,12,AR1 alpha + Basic + One-Step,NASDAQ:COST,0.0
2021-04-19,12,AR1 alpha + Basic + One-Step,NASDAQ:COST,4.816111578215263e-08
2021-04-20,12,AR1 alpha + Basic + One-Step,NASDAQ:COST,0.0
2021-04-21,12,AR1 alpha + Basic + One-Step,NASDAQ:COST,0.0
2021-04-22,12,AR1 alpha + Basic + One-Step,NASDAQ:COST,2.7125541444602764e-07
2021-04-23,12,AR1 alpha + Basic + One-Step,NASDAQ:COST,0.0
2021-04-26,12,AR1 alpha + Basic + One-Step,NASDAQ:COST,0.0
2021-04-27,12,AR1 alpha + Basic + One-Step,NASDAQ:COST,1.3039594117981595e-06
2021-04-28,12,AR1 alpha + Basic + One-Step,NASDAQ:COST,0.0
2021-04-29,12,AR1 alpha + Basic + One-Step,NASDAQ:COST,0.0
2021-04-30,12,AR1 alpha + Basic + One-Step,NASDAQ:COST,0.0
2021-05-03,12,AR1 alpha + Basic + One-Step,NASDAQ:COST,0.0
2021-05-04,12,AR1 alpha + Basic + One-Step,NASDAQ:COST,6.166017407226889e-09
2021-05-05,12,AR1 alpha + Basic + One-Step,NASDAQ:COST,0.0
2021-05-06,12,AR1 alpha + Basic + One-Step,NASDAQ:COST,0.0
2021-05-07,12,AR1 alpha + Basic + One-Step,NASDAQ:COST,0.0
2021-05-10,12,AR1 alpha + Basic + One-Step,NASDAQ:COST,0.0
2021-05-11,12,AR1 alpha + Basic + One-Step,NASDAQ:COST,0.0
2021-05-12,12,AR1 alpha + Basic + One-Step,NASDAQ:COST,0.0
2021-05-13,12,AR1 alpha + Basic + One-Step,NASDAQ:COST,0.0
2021-05-14,12,AR1 alpha + Basic + One-Step,NASDAQ:COST,3.2364663902379546e-09
2021-05-17,12,AR1 alpha + Basic + One-Step,NASDAQ:COST,0.0
2021-05-18,12,AR1 alpha + Basic + One-Step,NASDAQ:COST,6.496950144091475e-07
2021-05-19,12,AR1 alpha + Basic + One-Step,NASDAQ:COST,4.40171069116455e-07
2021-05-20,12,AR1 alpha + Basic + One-Step,NASDAQ:COST,3.1718994918625754e-07
2021-05-21,12,AR1 alpha + Basic + One-Step,NASDAQ:COST,1.9149697176310108e-06
2021-05-24,12,AR1 alpha + Basic + One-Step,NASDAQ:COST,0.0
2021-05-25,12,AR1 alpha + Basic + One-Step,NASDAQ:COST,0.0
2021-05-26,12,AR1 alpha + Basic + One-Step,NASDAQ:COST,0.0
2021-05-27,12,AR1 alpha + Basic + One-Step,NASDAQ:COST,6.79132395422833e-08
2021-05-28,12,AR1 alpha + Basic + One-Step,NASDAQ:COST,0.0
2021-06-01,12,AR1 alpha + Basic + One-Step,NASDAQ:COST,0.0
2021-06-02,12,AR1 alpha + Basic + One-Step,NASDAQ:COST,0.0
2021-06-03,12,AR1 alpha + Basic + One-Step,NASDAQ:COST,0.0
2021-06-04,12,AR1 alpha + Basic + One-Step,NASDAQ:COST,0.0
2021-06-07,12,AR1 alpha + Basic + One-Step,NASDAQ:COST,0.0
2021-06-08,12,AR1 alpha + Basic + One-Step,NASDAQ:COST,0.0
2021-06-09,12,AR1 alpha + Basic + One-Step,NASDAQ:COST,1.817728946179232e-07
2021-06-10,12,AR1 alpha + Basic + One-Step,NASDAQ:COST,2.034322485461969e-07
2021-06-11,12,AR1 alpha + Basic + One-Step,NASDAQ:COST,0.0
2021-06-14,12,AR1 alpha + Basic + One-Step,NASDAQ:COST,0.0
2021-06-15,12,AR1 alpha + Basic + One-Step,NASDAQ:COST,0.0
2021-06-16,12,AR1 alpha + Basic + One-Step,NASDAQ:COST,0.0
2021-06-17,12,AR1 alpha + Basic + One-Step,NASDAQ:COST,0.0
2021-06-18,12,AR1 alpha + Basic + One-Step,NASDAQ:COST,0.0
2021-06-21,12,AR1 alpha + Basic + One-Step,NASDAQ:COST,0.0
2021-06-22,12,AR1 alpha + Basic + One-Step,NASDAQ:COST,1.3033537025616208e-06
2021-06-23,12,AR1 alpha + Basic + One-Step,NASDAQ:COST,1.204545519579619e-06
2021-06-24,12,AR1 alpha + Basic + One-Step,NASDAQ:COST,1.681156792525074e-06
2021-06-25,12,AR1 alpha + Basic + One-Step,NASDAQ:COST,0.0
2021-06-28,12,AR1 alpha + Basic + One-Step,NASDAQ:COST,0.0
2021-06-29,12,AR1 alpha + Basic + One-Step,NASDAQ:COST,0.0
2021-06-30,12,AR1 alpha + Basic + One-Step,NASDAQ:COST,0.0
2021-07-01,12,AR1 alpha + Basic + One-Step,NASDAQ:COST,0.0
2021-07-02,12,AR1 alpha + Basic + One-Step,NASDAQ:COST,0.0
2021-07-06,12,AR1 alpha + Basic + One-Step,NASDAQ:COST,0.0
2021-07-07,12,AR1 alpha + Basic + One-Step,NASDAQ:COST,0.0
2021-07-08,12,AR1 alpha + Basic + One-Step,NASDAQ:COST,0.0
2021-07-09,12,AR1 alpha + Basic + One-Step,NASDAQ:COST,0.0
2021-07-12,12,AR1 alpha + Basic + One-Step,NASDAQ:COST,0.0
2021-07-13,12,AR1 alpha + Basic + One-Step,NASDAQ:COST,1.4090004771178874e-07
2021-07-14,12,AR1 alpha + Basic + One-Step,NASDAQ:COST,0.0
2021-07-15,12,AR1 alpha + Basic + One-Step,NASDAQ:COST,0.0
2021-07-16,12,AR1 alpha + Basic + One-Step,NASDAQ:COST,3.707375101539929e-06
2021-07-19,12,AR1 alpha + Basic + One-Step,NASDAQ:COST,0.0
2021-07-20,12,AR1 alpha + Basic + One-Step,NASDAQ:COST,0.0
2021-07-21,12,AR1 alpha + Basic + One-Step,NASDAQ:COST,0.0
2021-07-22,12,AR1 alpha + Basic + One-Step,NASDAQ:COST,0.0
2021-07-23,12,AR1 alpha + Basic + One-Step,NASDAQ:COST,0.0
2021-07-26,12,AR1 alpha + Basic + One-Step,NASDAQ:COST,2.0036009583744538e-07
2021-07-27,12,AR1 alpha + Basic + One-Step,NASDAQ:COST,1.9238671695546305e-06
2021-07-28,12,AR1 alpha + Basic + One-Step,NASDAQ:COST,0.0
2021-07-29,12,AR1 alpha + Basic + One-Step,NASDAQ:COST,0.0
2021-07-30,12,AR1 alpha + Basic + One-Step,NASDAQ:COST,0.0
2021-08-02,12,AR1 alpha + Basic + One-Step,NASDAQ:COST,0.0
2021-08-03,12,AR1 alpha + Basic + One-Step,NASDAQ:COST,0.0
2021-08-04,12,AR1 alpha + Basic + One-Step,NASDAQ:COST,7.644692193412539e-08
2021-08-05,12,AR1 alpha + Basic + One-Step,NASDAQ:COST,0.0
2021-08-06,12,AR1 alpha + Basic + One-Step,NASDAQ:COST,0.0
2021-08-09,12,AR1 alpha + Basic + One-Step,NASDAQ:COST,5.656307618351828e-07
2021-08-10,12,AR1 alpha + Basic + One-Step,NASDAQ:COST,3.5038861542813016e-07
2021-08-11,12,AR1 alpha + Basic + One-Step,NASDAQ:COST,1.590757606310046e-08
2021-08-12,12,AR1 alpha + Basic + One-Step,NASDAQ:COST,0.0
2021-08-13,12,AR1 alpha + Basic + One-Step,NASDAQ:COST,0.0
2021-08-16,12,AR1 alpha + Basic + One-Step,NASDAQ:COST,0.0
2021-08-17,12,AR1 alpha + Basic + One-Step,NASDAQ:COST,1.9232641223898525e-07
2021-08-18,12,AR1 alpha + Basic + One-Step,NASDAQ:COST,0.0
2021-08-19,12,AR1 alpha + Basic + One-Step,NASDAQ:COST,0.0
2021-08-20,12,AR1 alpha + Basic + One-Step,NASDAQ:COST,1.427992552943915e-08
2021-08-23,12,AR1 alpha + Basic + One-Step,NASDAQ:COST,0.0
2021-08-24,12,AR1 alpha + Basic + One-Step,NASDAQ:COST,0.0
2021-08-25,12,AR1 alpha + Basic + One-Step,NASDAQ:COST,0.0
2021-08-26,12,AR1 alpha + Basic + One-Step,NASDAQ:COST,0.0
2021-08-27,12,AR1 alpha + Basic + One-Step,NASDAQ:COST,9.443537832713007e-07
2021-08-30,12,AR1 alpha + Basic + One-Step,NASDAQ:COST,6.486503155819203e-07
2021-08-31,12,AR1 alpha + Basic + One-Step,NASDAQ:COST,0.0
2021-09-01,12,AR1 alpha + Basic + One-Step,NASDAQ:COST,0.0
2021-09-02,12,AR1 alpha + Basic + One-Step,NASDAQ:COST,0.0
2021-09-03,12,AR1 alpha + Basic + One-Step,NASDAQ:COST,0.0
2021-09-07,12,AR1 alpha + Basic + One-Step,NASDAQ:COST,0.0
2021-09-08,12,AR1 alpha + Basic + One-Step,NASDAQ:COST,0.0
2021-09-09,12,AR1 alpha + Basic + One-Step,NASDAQ:COST,1.9586158839259416e-07
2021-09-10,12,AR1 alpha + Basic + One-Step,NASDAQ:COST,0.0
2021-09-13,12,AR1 alpha + Basic + One-Step,NASDAQ:COST,0.0
2021-09-14,12,AR1 alpha + Basic + One-Step,NASDAQ:COST,6.629484221398204e-07
2021-09-15,12,AR1 alpha + Basic + One-Step,NASDAQ:COST,0.0
2021-09-16,12,AR1 alpha + Basic + One-Step,NASDAQ:COST,0.0
2021-09-17,12,AR1 alpha + Basic + One-Step,NASDAQ:COST,0.0
2021-09-20,12,AR1 alpha + Basic + One-Step,NASDAQ:COST,0.0
2021-09-21,12,AR1 alpha + Basic + One-Step,NASDAQ:COST,1.0854534920876917e-07
2021-09-22,12,AR1 alpha + Basic + One-Step,NASDAQ:COST,0.0
2021-09-23,12,AR1 alpha + Basic + One-Step,NASDAQ:COST,0.0
2021-09-24,12,AR1 alpha + Basic + One-Step,NASDAQ:COST,0.0
2021-09-27,12,AR1 alpha + Basic + One-Step,NASDAQ:COST,0.0
2021-09-28,12,AR1 alpha + Basic + One-Step,NASDAQ:COST,0.0
2021-09-29,12,AR1 alpha + Basic + One-Step,NASDAQ:COST,2.7373925557519276e-08
2021-09-30,12,AR1 alpha + Basic + One-Step,NASDAQ:COST,0.0
2021-10-01,12,AR1 alpha + Basic + One-Step,NASDAQ:COST,0.0
2021-10-04,12,AR1 alpha + Basic + One-Step,NASDAQ:COST,0.0
2021-10-05,12,AR1 alpha + Basic + One-Step,NASDAQ:COST,0.0
2021-10-06,12,AR1 alpha + Basic + One-Step,NASDAQ:COST,0.0
2021-10-07,12,AR1 alpha + Basic + One-Step,NASDAQ:COST,2.8904744482167183e-08
2021-10-08,12,AR1 alpha + Basic + One-Step,NASDAQ:COST,0.0
2021-10-11,12,AR1 alpha + Basic + One-Step,NASDAQ:COST,0.0
2021-10-12,12,AR1 alpha + Basic + One-Step,NASDAQ:COST,0.0
2021-10-13,12,AR1 alpha + Basic + One-Step,NASDAQ:COST,0.0
2021-10-14,12,AR1 alpha + Basic + One-Step,NASDAQ:COST,0.0
2021-10-15,12,AR1 alpha + Basic + One-Step,NASDAQ:COST,0.0
2021-10-18,12,AR1 alpha + Basic + One-Step,NASDAQ:COST,0.0
2021-10-19,12,AR1 alpha + Basic + One-Step,NASDAQ:COST,0.0
2021-10-20,12,AR1 alpha + Basic + One-Step,NASDAQ:COST,0.0
2021-10-21,12,AR1 alpha + Basic + One-Step,NASDAQ:COST,0.0
2021-10-22,12,AR1 alpha + Basic + One-Step,NASDAQ:COST,0.0
2021-10-25,12,AR1 alpha + Basic + One-Step,NASDAQ:COST,0.05012806577286671
2021-10-26,12,AR1 alpha + Basic + One-Step,NASDAQ:COST,0.0
2021-10-27,12,AR1 alpha + Basic + One-Step,NASDAQ:COST,0.0
2021-10-28,12,AR1 alpha + Basic + One-Step,NASDAQ:COST,0.0
2021-10-29,12,AR1 alpha + Basic + One-Step,NASDAQ:COST,0.0
2021-11-01,12,AR1 alpha + Basic + One-Step,NASDAQ:COST,2.2414267506802925e-07
2021-11-02,12,AR1 alpha + Basic + One-Step,NASDAQ:COST,0.0
2021-11-03,12,AR1 alpha + Basic + One-Step,NASDAQ:COST,0.0
2021-11-04,12,AR1 alpha + Basic + One-Step,NASDAQ:COST,0.0
2021-11-05,12,AR1 alpha + Basic + One-Step,NASDAQ:COST,0.0
2021-11-08,12,AR1 alpha + Basic + One-Step,NASDAQ:COST,0.0
2021-11-09,12,AR1 alpha + Basic + One-Step,NASDAQ:COST,0.0
2021-11-10,12,AR1 alpha + Basic + One-Step,NASDAQ:COST,2.1405551351241524e-08
2021-11-11,12,AR1 alpha + Basic + One-Step,NASDAQ:COST,0.0
2021-11-12,12,AR1 alpha + Basic + One-Step,NASDAQ:COST,0.012220114996993717
2021-11-15,12,AR1 alpha + Basic + One-Step,NASDAQ:COST,0.0
2021-11-16,12,AR1 alpha + Basic + One-Step,NASDAQ:COST,0.0734271376257599
2021-11-17,12,AR1 alpha + Basic + One-Step,NASDAQ:COST,0.05717223192654427
2021-11-18,12,AR1 alpha + Basic + One-Step,NASDAQ:COST,0.09999063084373482
2021-11-19,12,AR1 alpha + Basic + One-Step,NASDAQ:COST,0.09998685839532376
2021-11-22,12,AR1 alpha + Basic + One-Step,NASDAQ:COST,0.09998437819915318
2021-11-23,12,AR1 alpha + Basic + One-Step,NASDAQ:COST,0.0999814343812904
2021-11-24,12,AR1 alpha + Basic + One-Step,NASDAQ:COST,0.09997606503995903
2021-11-26,12,AR1 alpha + Basic + One-Step,NASDAQ:COST,0.017421094399147467
2021-11-29,12,AR1 alpha + Basic + One-Step,NASDAQ:COST,0.06456365603939589
2021-11-30,12,AR1 alpha + Basic + One-Step,NASDAQ:COST,0.0
2021-12-01,12,AR1 alpha + Basic + One-Step,NASDAQ:COST,0.0
2021-12-02,12,AR1 alpha + Basic + One-Step,NASDAQ:COST,0.0
2021-12-03,12,AR1 alpha + Basic + One-Step,NASDAQ:COST,1.4091727003443365e-08
2021-12-06,12,AR1 alpha + Basic + One-Step,NASDAQ:COST,0.017843645149643823
2021-12-07,12,AR1 alpha + Basic + One-Step,NASDAQ:COST,0.09998220166837365
2021-12-08,12,AR1 alpha + Basic + One-Step,NASDAQ:COST,0.0999848884662698
2021-12-09,12,AR1 alpha + Basic + One-Step,NASDAQ:COST,0.09998134941213488
2021-12-10,12,AR1 alpha + Basic + One-Step,NASDAQ:COST,0.09998749151207036
2021-12-13,12,AR1 alpha + Basic + One-Step,NASDAQ:COST,0.09998398956219175
2021-12-14,12,AR1 alpha + Basic + One-Step,NASDAQ:COST,0.09998930920158382
2021-12-15,12,AR1 alpha + Basic + One-Step,NASDAQ:COST,0.09998655354043172
2021-12-16,12,AR1 alpha + Basic + One-Step,NASDAQ:COST,0.09998578161605223
2021-12-17,12,AR1 alpha + Basic + One-Step,NASDAQ:COST,0.0999801193691665
2021-12-20,12,AR1 alpha + Basic + One-Step,NASDAQ:COST,0.09379262322073628
2021-12-21,12,AR1 alpha + Basic + One-Step,NASDAQ:COST,0.09998654137900052
2021-12-22,12,AR1 alpha + Basic + One-Step,NASDAQ:COST,0.10000072140623524
2021-12-23,12,AR1 alpha + Basic + One-Step,NASDAQ:COST,0.09999526407169046
2021-12-27,12,AR1 alpha + Basic + One-Step,NASDAQ:COST,0.09998982611707509
2021-12-28,12,AR1 alpha + Basic + One-Step,NASDAQ:COST,0.09998045039473107
2021-12-29,12,AR1 alpha + Basic + One-Step,NASDAQ:COST,0.09999802620963354
2021-12-30,12,AR1 alpha + Basic + One-Step,NASDAQ:COST,0.09999955478815392
2021-12-31,12,AR1 alpha + Basic + One-Step,NASDAQ:COST,0.09999949235241372
2022-01-03,12,AR1 alpha + Basic + One-Step,NASDAQ:COST,0.09999960607852144
2022-01-04,12,AR1 alpha + Basic + One-Step,NASDAQ:COST,0.10000000000000003
2022-01-05,12,AR1 alpha + Basic + One-Step,NASDAQ:COST,0.09999999999999996
2022-01-06,12,AR1 alpha + Basic + One-Step,NASDAQ:COST,0.09999525511327277
2022-01-07,12,AR1 alpha + Basic + One-Step,NASDAQ:COST,0.09999690290061745
2022-01-10,12,AR1 alpha + Basic + One-Step,NASDAQ:COST,0.09999208650690004
2022-01-11,12,AR1 alpha + Basic + One-Step,NASDAQ:COST,0.09998412641886392
2022-01-12,12,AR1 alpha + Basic + One-Step,NASDAQ:COST,0.09998176590223502
2022-01-13,12,AR1 alpha + Basic + One-Step,NASDAQ:COST,0.10000648162385732
2022-01-14,12,AR1 alpha + Basic + One-Step,NASDAQ:COST,0.09999305319093925
2022-01-18,12,AR1 alpha + Basic + One-Step,NASDAQ:COST,0.09998994285117585
2022-01-19,12,AR1 alpha + Basic + One-Step,NASDAQ:COST,0.09998610395777938
2022-01-20,12,AR1 alpha + Basic + One-Step,NASDAQ:COST,0.09998261968076647
2022-01-21,12,AR1 alpha + Basic + One-Step,NASDAQ:COST,0.1000013771718113
2022-01-24,12,AR1 alpha + Basic + One-Step,NASDAQ:COST,0.1000006503389916
2022-01-25,12,AR1 alpha + Basic + One-Step,NASDAQ:COST,0.09999409759618895
2022-01-26,12,AR1 alpha + Basic + One-Step,NASDAQ:COST,0.09999611223618997
2022-01-27,12,AR1 alpha + Basic + One-Step,NASDAQ:COST,0.046066473268246755
2022-01-28,12,AR1 alpha + Basic + One-Step,NASDAQ:COST,0.0999999277763718
2022-01-31,12,AR1 alpha + Basic + One-Step,NASDAQ:COST,0.09999436806180591
2022-02-01,12,AR1 alpha + Basic + One-Step,NASDAQ:COST,0.09999135627794814
2022-02-02,12,AR1 alpha + Basic + One-Step,NASDAQ:COST,0.09998690143165574
2022-02-03,12,AR1 alpha + Basic + One-Step,NASDAQ:COST,0.09998550390774924
2022-02-04,12,AR1 alpha + Basic + One-Step,NASDAQ:COST,0.09999041744107776
2022-02-07,12,AR1 alpha + Basic + One-Step,NASDAQ:COST,0.09999365133806888
2022-02-08,12,AR1 alpha + Basic + One-Step,NASDAQ:COST,0.09999335972266081
2022-02-09,12,AR1 alpha + Basic + One-Step,NASDAQ:COST,0.09999534285053553
2022-02-10,12,AR1 alpha + Basic + One-Step,NASDAQ:COST,0.09999677097274325
2022-02-11,12,AR1 alpha + Basic + One-Step,NASDAQ:COST,0.09999790733292824
2022-02-14,12,AR1 alpha + Basic + One-Step,NASDAQ:COST,0.09999776855937971
2022-02-15,12,AR1 alpha + Basic + One-Step,NASDAQ:COST,0.09999640444238812
2022-02-16,12,AR1 alpha + Basic + One-Step,NASDAQ:COST,0.09999477008958808
2022-02-17,12,AR1 alpha + Basic + One-Step,NASDAQ:COST,0.0999949481418576
2022-02-18,12,AR1 alpha + Basic + One-Step,NASDAQ:COST,0.09999693940401518
2022-02-22,12,AR1 alpha + Basic + One-Step,NASDAQ:COST,0.0999979539796768
2022-02-23,12,AR1 alpha + Basic + One-Step,NASDAQ:COST,0.10000000000000005
2022-02-24,12,AR1 alpha + Basic + One-Step,NASDAQ:COST,0.10000000000000003
2022-02-25,12,AR1 alpha + Basic + One-Step,NASDAQ:COST,0.09999955366685766
2022-02-28,12,AR1 alpha + Basic + One-Step,NASDAQ:COST,0.09998868884697197
2022-03-01,12,AR1 alpha + Basic + One-Step,NASDAQ:COST,0.09999250072735588
2022-03-02,12,AR1 alpha + Basic + One-Step,NASDAQ:COST,0.09999456101328999
2022-03-03,12,AR1 alpha + Basic + One-Step,NASDAQ:COST,0.09999514135051694
2022-03-04,12,AR1 alpha + Basic + One-Step,NASDAQ:COST,0.09999403030547321
2022-03-07,12,AR1 alpha + Basic + One-Step,NASDAQ:COST,0.09999602204056718
2022-03-08,12,AR1 alpha + Basic + One-Step,NASDAQ:COST,0.09999891406013048
2022-03-09,12,AR1 alpha + Basic + One-Step,NASDAQ:COST,0.09999783407021756
2022-03-10,12,AR1 alpha + Basic + One-Step,NASDAQ:COST,0.09999842144219728
2022-03-11,12,AR1 alpha + Basic + One-Step,NASDAQ:COST,0.09999901065204572
2022-03-14,12,AR1 alpha + Basic + One-Step,NASDAQ:COST,0.09999867789901706
2022-03-15,12,AR1 alpha + Basic + One-Step,NASDAQ:COST,0.09999904711117269
2022-03-16,12,AR1 alpha + Basic + One-Step,NASDAQ:COST,0.1
2022-03-17,12,AR1 alpha + Basic + One-Step,NASDAQ:COST,0.09999032123450265
2022-03-18,12,AR1 alpha + Basic + One-Step,NASDAQ:COST,0.09998673330624784
2022-03-21,12,AR1 alpha + Basic + One-Step,NASDAQ:COST,0.09998908939731134
2022-03-22,12,AR1 alpha + Basic + One-Step,NASDAQ:COST,0.09998831264262856
2022-03-23,12,AR1 alpha + Basic + One-Step,NASDAQ:COST,0.09999148145283074
2022-03-24,12,AR1 alpha + Basic + One-Step,NASDAQ:COST,0.09999439536181787
2022-03-25,12,AR1 alpha + Basic + One-Step,NASDAQ:COST,0.09999484905851157
2022-03-28,12,AR1 alpha + Basic + One-Step,NASDAQ:COST,0.09999486069364125
2022-03-29,12,AR1 alpha + Basic + One-Step,NASDAQ:COST,0.09999028478809527
2022-03-30,12,AR1 alpha + Basic + One-Step,NASDAQ:COST,0.0999899702781375
2022-03-31,12,AR1 alpha + Basic + One-Step,NASDAQ:COST,0.09998524192253919
2022-04-01,12,AR1 alpha + Basic + One-Step,NASDAQ:COST,0.09998651901704388
2022-04-04,12,AR1 alpha + Basic + One-Step,NASDAQ:COST,0.09999648187487742
2022-04-05,12,AR1 alpha + Basic + One-Step,NASDAQ:COST,0.09999494052262868
2022-04-06,12,AR1 alpha + Basic + One-Step,NASDAQ:COST,0.09998916615961094
2022-04-07,12,AR1 alpha + Basic + One-Step,NASDAQ:COST,0.09999274365949236
2022-04-08,12,AR1 alpha + Basic + One-Step,NASDAQ:COST,0.09999426589276539
2022-04-11,12,AR1 alpha + Basic + One-Step,NASDAQ:COST,0.09999259086477057
2022-04-12,12,AR1 alpha + Basic + One-Step,NASDAQ:COST,0.09999473412574889
2022-04-13,12,AR1 alpha + Basic + One-Step,NASDAQ:COST,0.09999685805048197
2022-04-14,12,AR1 alpha + Basic + One-Step,NASDAQ:COST,0.09999789966618447
2022-04-18,12,AR1 alpha + Basic + One-Step,NASDAQ:COST,0.09999829690537068
2022-04-19,12,AR1 alpha + Basic + One-Step,NASDAQ:COST,0.09999678780254324
2022-04-20,12,AR1 alpha + Basic + One-Step,NASDAQ:COST,0.09999799144446837
2022-04-21,12,AR1 alpha + Basic + One-Step,NASDAQ:COST,0.09999491383909401
2022-04-22,12,AR1 alpha + Basic + One-Step,NASDAQ:COST,0.09999470748334768
2022-04-25,12,AR1 alpha + Basic + One-Step,NASDAQ:COST,0.09999371772384542
2022-04-26,12,AR1 alpha + Basic + One-Step,NASDAQ:COST,0.09999186305894128
2022-04-27,12,AR1 alpha + Basic + One-Step,NASDAQ:COST,0.09999355055248069
2022-04-28,12,AR1 alpha + Basic + One-Step,NASDAQ:COST,0.09999551980854886
2022-04-29,12,AR1 alpha + Basic + One-Step,NASDAQ:COST,0.0999953655802193
2022-05-02,12,AR1 alpha + Basic + One-Step,NASDAQ:COST,0.09999247145960945
2022-05-03,12,AR1 alpha + Basic + One-Step,NASDAQ:COST,0.09999207277002616
2022-05-04,12,AR1 alpha + Basic + One-Step,NASDAQ:COST,0.09999498254320979
2022-05-05,12,AR1 alpha + Basic + One-Step,NASDAQ:COST,0.09999447641786846
2022-05-06,12,AR1 alpha + Basic + One-Step,NASDAQ:COST,0.0999962732552988
2022-05-09,12,AR1 alpha + Basic + One-Step,NASDAQ:COST,0.09999690046700487
2022-05-10,12,AR1 alpha + Basic + One-Step,NASDAQ:COST,0.09999735208398171
2022-05-11,12,AR1 alpha + Basic + One-Step,NASDAQ:COST,0.09999647405482474
2022-05-12,12,AR1 alpha + Basic + One-Step,NASDAQ:COST,0.09999750043562676
2022-05-13,12,AR1 alpha + Basic + One-Step,NASDAQ:COST,0.09999774025671504
2022-05-16,12,AR1 alpha + Basic + One-Step,NASDAQ:COST,0.09999914614003874
2022-05-17,12,AR1 alpha + Basic + One-Step,NASDAQ:COST,0.09999930123204225
2022-05-18,12,AR1 alpha + Basic + One-Step,NASDAQ:COST,0.0
2022-05-19,12,AR1 alpha + Basic + One-Step,NASDAQ:COST,0.0
2022-05-20,12,AR1 alpha + Basic + One-Step,NASDAQ:COST,0.0
2022-05-23,12,AR1 alpha + Basic + One-Step,NASDAQ:COST,2.6135362609620893e-07
2022-05-24,12,AR1 alpha + Basic + One-Step,NASDAQ:COST,0.0950262504422239
2022-05-25,12,AR1 alpha + Basic + One-Step,NASDAQ:COST,0.09502656924827303
2022-05-26,12,AR1 alpha + Basic + One-Step,NASDAQ:COST,0.09999492369794037
2022-05-27,12,AR1 alpha + Basic + One-Step,NASDAQ:COST,0.0999969539675254
2022-05-31,12,AR1 alpha + Basic + One-Step,NASDAQ:COST,0.09999655844811253
2022-06-01,12,AR1 alpha + Basic + One-Step,NASDAQ:COST,0.09999805257390114
2022-06-02,12,AR1 alpha + Basic + One-Step,NASDAQ:COST,0.09999809390329494
2022-06-03,12,AR1 alpha + Basic + One-Step,NASDAQ:COST,0.09999897833499297
2022-06-06,12,AR1 alpha + Basic + One-Step,NASDAQ:COST,0.09999819308341142
2022-06-07,12,AR1 alpha + Basic + One-Step,NASDAQ:COST,0.09999489475189934
2022-06-08,12,AR1 alpha + Basic + One-Step,NASDAQ:COST,0.0999958417848365
2022-06-09,12,AR1 alpha + Basic + One-Step,NASDAQ:COST,0.09999673929621582
2022-06-10,12,AR1 alpha + Basic + One-Step,NASDAQ:COST,0.07936621704187956
2022-06-13,12,AR1 alpha + Basic + One-Step,NASDAQ:COST,1.163617321487418e-06
2022-06-14,12,AR1 alpha + Basic + One-Step,NASDAQ:COST,0.03754138819291235
2022-06-15,12,AR1 alpha + Basic + One-Step,NASDAQ:COST,0.10000293721760299
2022-06-16,12,AR1 alpha + Basic + One-Step,NASDAQ:COST,0.02762756866393322
2022-06-17,12,AR1 alpha + Basic + One-Step,NASDAQ:COST,0.07125901618709636
2022-06-21,12,AR1 alpha + Basic + One-Step,NASDAQ:COST,0.10000342145794194
2022-06-22,12,AR1 alpha + Basic + One-Step,NASDAQ:COST,0.10000198834918526
2022-06-23,12,AR1 alpha + Basic + One-Step,NASDAQ:COST,0.09999964629387563
2022-06-24,12,AR1 alpha + Basic + One-Step,NASDAQ:COST,0.09999975552637277
2022-06-27,12,AR1 alpha + Basic + One-Step,NASDAQ:COST,0.09999874238170384
2022-06-28,12,AR1 alpha + Basic + One-Step,NASDAQ:COST,0.09999668893459102
2022-06-29,12,AR1 alpha + Basic + One-Step,NASDAQ:COST,0.09999748354267209
2022-06-30,12,AR1 alpha + Basic + One-Step,NASDAQ:COST,0.09999546482025813
2022-07-01,12,AR1 alpha + Basic + One-Step,NASDAQ:COST,0.09999551822518102
2022-07-05,12,AR1 alpha + Basic + One-Step,NASDAQ:COST,0.09999739954846297
2022-07-06,12,AR1 alpha + Basic + One-Step,NASDAQ:COST,0.09999597504267205
2022-07-07,12,AR1 alpha + Basic + One-Step,NASDAQ:COST,0.09999751607354035
2022-07-08,12,AR1 alpha + Basic + One-Step,NASDAQ:COST,0.09999325158248393
2022-07-11,12,AR1 alpha + Basic + One-Step,NASDAQ:COST,0.09999352408525866
2022-07-12,12,AR1 alpha + Basic + One-Step,NASDAQ:COST,0.0999961473459806
2022-07-13,12,AR1 alpha + Basic + One-Step,NASDAQ:COST,0.09999807206656972
2022-07-14,12,AR1 alpha + Basic + One-Step,NASDAQ:COST,0.09999514648722592
2022-07-15,12,AR1 alpha + Basic + One-Step,NASDAQ:COST,0.09999505120144661
2022-07-18,12,AR1 alpha + Basic + One-Step,NASDAQ:COST,0.09999732525211547
2022-07-19,12,AR1 alpha + Basic + One-Step,NASDAQ:COST,0.0999981923033033
2022-07-20,12,AR1 alpha + Basic + One-Step,NASDAQ:COST,0.09999857338203602
2022-07-21,12,AR1 alpha + Basic + One-Step,NASDAQ:COST,0.09999927567143684
2022-07-22,12,AR1 alpha + Basic + One-Step,NASDAQ:COST,0.09999911185524328
2022-07-25,12,AR1 alpha + Basic + One-Step,NASDAQ:COST,0.09999936200482243
2022-07-26,12,AR1 alpha + Basic + One-Step,NASDAQ:COST,0.09469952893832305
2022-07-27,12,AR1 alpha + Basic + One-Step,NASDAQ:COST,0.09999892904414763
2022-07-28,12,AR1 alpha + Basic + One-Step,NASDAQ:COST,0.09999756407446811
2022-07-29,12,AR1 alpha + Basic + One-Step,NASDAQ:COST,0.09999745584195159
2022-08-01,12,AR1 alpha + Basic + One-Step,NASDAQ:COST,0.09999794719079906
2022-08-02,12,AR1 alpha + Basic + One-Step,NASDAQ:COST,0.09999836235107046
2022-08-03,12,AR1 alpha + Basic + One-Step,NASDAQ:COST,0.09999580377240902
2022-08-04,12,AR1 alpha + Basic + One-Step,NASDAQ:COST,0.09999613347146603
2022-08-05,12,AR1 alpha + Basic + One-Step,NASDAQ:COST,0.09999612387420961
2022-08-08,12,AR1 alpha + Basic + One-Step,NASDAQ:COST,0.09999734902151616
2022-08-09,12,AR1 alpha + Basic + One-Step,NASDAQ:COST,0.09999802343244689
2022-08-10,12,AR1 alpha + Basic + One-Step,NASDAQ:COST,0.09999823350105287
2022-08-11,12,AR1 alpha + Basic + One-Step,NASDAQ:COST,0.06396558274501551
2022-08-12,12,AR1 alpha + Basic + One-Step,NASDAQ:COST,0.0723075350995162
2022-08-15,12,AR1 alpha + Basic + One-Step,NASDAQ:COST,0.09999615705077461
2022-08-16,12,AR1 alpha + Basic + One-Step,NASDAQ:COST,0.09999723086111464
2022-08-17,12,AR1 alpha + Basic + One-Step,NASDAQ:COST,0.0999985187866597
2022-08-18,12,AR1 alpha + Basic + One-Step,NASDAQ:COST,0.09999855254068596
2022-08-19,12,AR1 alpha + Basic + One-Step,NASDAQ:COST,0.09999932749137855
2022-08-22,12,AR1 alpha + Basic + One-Step,NASDAQ:COST,0.06615910475816683
2022-08-23,12,AR1 alpha + Basic + One-Step,NASDAQ:COST,0.03329042813541355
2022-08-24,12,AR1 alpha + Basic + One-Step,NASDAQ:COST,0.052884458012064976
2022-08-25,12,AR1 alpha + Basic + One-Step,NASDAQ:COST,0.09999164719305766
2022-08-26,12,AR1 alpha + Basic + One-Step,NASDAQ:COST,0.0
2022-08-29,12,AR1 alpha + Basic + One-Step,NASDAQ:COST,0.0
2022-08-30,12,AR1 alpha + Basic + One-Step,NASDAQ:COST,0.0
2022-08-31,12,AR1 alpha + Basic + One-Step,NASDAQ:COST,0.0
2022-09-01,12,AR1 alpha + Basic + One-Step,NASDAQ:COST,0.0
2022-09-02,12,AR1 alpha + Basic + One-Step,NASDAQ:COST,0.0
2022-09-06,12,AR1 alpha + Basic + One-Step,NASDAQ:COST,0.033463433576793544
2022-09-07,12,AR1 alpha + Basic + One-Step,NASDAQ:COST,0.06538199671058213
2022-09-08,12,AR1 alpha + Basic + One-Step,NASDAQ:COST,0.10000142380772237
2022-09-09,12,AR1 alpha + Basic + One-Step,NASDAQ:COST,0.09999952218724595
2022-09-12,12,AR1 alpha + Basic + One-Step,NASDAQ:COST,0.09999963160923604
2022-09-13,12,AR1 alpha + Basic + One-Step,NASDAQ:COST,1.9543095531443737e-06
2022-09-14,12,AR1 alpha + Basic + One-Step,NASDAQ:COST,1.01243736373303e-06
2022-09-15,12,AR1 alpha + Basic + One-Step,NASDAQ:COST,0.0
2022-09-16,12,AR1 alpha + Basic + One-Step,NASDAQ:COST,3.1288434403558705e-08
2022-09-19,12,AR1 alpha + Basic + One-Step,NASDAQ:COST,0.005126962275574973
2022-09-20,12,AR1 alpha + Basic + One-Step,NASDAQ:COST,5.210402128488163e-07
2022-09-21,12,AR1 alpha + Basic + One-Step,NASDAQ:COST,0.0
2022-09-22,12,AR1 alpha + Basic + One-Step,NASDAQ:COST,0.0
2022-09-23,12,AR1 alpha + Basic + One-Step,NASDAQ:COST,0.0
2022-09-26,12,AR1 alpha + Basic + One-Step,NASDAQ:COST,1.2481666343522742e-09
2022-09-27,12,AR1 alpha + Basic + One-Step,NASDAQ:COST,0.0
2022-09-28,12,AR1 alpha + Basic + One-Step,NASDAQ:COST,0.06022672809196695
2022-09-29,12,AR1 alpha + Basic + One-Step,NASDAQ:COST,0.0
2022-09-30,12,AR1 alpha + Basic + One-Step,NASDAQ:COST,0.0
2022-10-03,12,AR1 alpha + Basic + One-Step,NASDAQ:COST,0.015842465694799857
2022-10-04,12,AR1 alpha + Basic + One-Step,NASDAQ:COST,0.0043011401310591585
2022-10-05,12,AR1 alpha + Basic + One-Step,NASDAQ:COST,0.0024566965821553894
2022-10-06,12,AR1 alpha + Basic + One-Step,NASDAQ:COST,0.02672238596208583
2022-10-07,12,AR1 alpha + Basic + One-Step,NASDAQ:COST,0.0
2022-10-10,12,AR1 alpha + Basic + One-Step,NASDAQ:COST,0.0
2022-10-11,12,AR1 alpha + Basic + One-Step,NASDAQ:COST,0.04331405084322774
2022-10-12,12,AR1 alpha + Basic + One-Step,NASDAQ:COST,0.032505647137441335
2022-10-13,12,AR1 alpha + Basic + One-Step,NASDAQ:COST,0.022282700365373765
2022-10-14,12,AR1 alpha + Basic + One-Step,NASDAQ:COST,0.032856008407657455
2022-10-17,12,AR1 alpha + Basic + One-Step,NASDAQ:COST,0.05531300769856941
2022-10-18,12,AR1 alpha + Basic + One-Step,NASDAQ:COST,0.04281894245966234
2022-10-19,12,AR1 alpha + Basic + One-Step,NASDAQ:COST,0.06930802950390252
2022-10-20,12,AR1 alpha + Basic + One-Step,NASDAQ:COST,0.04832485771499357
2022-10-21,12,AR1 alpha + Basic + One-Step,NASDAQ:COST,0.06705977333689489
2022-10-24,12,AR1 alpha + Basic + One-Step,NASDAQ:COST,0.09999960485283216
2022-10-25,12,AR1 alpha + Basic + One-Step,NASDAQ:COST,0.0999909895019111
2022-10-26,12,AR1 alpha + Basic + One-Step,NASDAQ:COST,0.09998555793358598
2022-10-27,12,AR1 alpha + Basic + One-Step,NASDAQ:COST,0.0
2022-10-28,12,AR1 alpha + Basic + One-Step,NASDAQ:COST,0.0
2022-10-31,12,AR1 alpha + Basic + One-Step,NASDAQ:COST,0.0
2022-11-01,12,AR1 alpha + Basic + One-Step,NASDAQ:COST,0.0
2022-11-02,12,AR1 alpha + Basic + One-Step,NASDAQ:COST,5.990787820665005e-07
2022-11-03,12,AR1 alpha + Basic + One-Step,NASDAQ:COST,1.4971340296121466e-06
2022-11-04,12,AR1 alpha + Basic + One-Step,NASDAQ:COST,1.1923162428697945e-06
2022-11-07,12,AR1 alpha + Basic + One-Step,NASDAQ:COST,2.953419673721356e-07
2022-11-08,12,AR1 alpha + Basic + One-Step,NASDAQ:COST,0.0
2022-11-09,12,AR1 alpha + Basic + One-Step,NASDAQ:COST,0.0
2022-11-10,12,AR1 alpha + Basic + One-Step,NASDAQ:COST,0.0
2022-11-11,12,AR1 alpha + Basic + One-Step,NASDAQ:COST,8.999181303464434e-08
2022-11-14,12,AR1 alpha + Basic + One-Step,NASDAQ:COST,0.0
2022-11-15,12,AR1 alpha + Basic + One-Step,NASDAQ:COST,0.0
2022-11-16,12,AR1 alpha + Basic + One-Step,NASDAQ:COST,0.0
2022-11-17,12,AR1 alpha + Basic + One-Step,NASDAQ:COST,0.0
2022-11-18,12,AR1 alpha + Basic + One-Step,NASDAQ:COST,5.080715072520181e-07
2022-11-21,12,AR1 alpha + Basic + One-Step,NASDAQ:COST,7.370801957450548e-07
2022-11-22,12,AR1 alpha + Basic + One-Step,NASDAQ:COST,2.7829641880018273e-07
2022-11-23,12,AR1 alpha + Basic + One-Step,NASDAQ:COST,3.8446772731889605e-08
2022-11-25,12,AR1 alpha + Basic + One-Step,NASDAQ:COST,0.0
2022-11-28,12,AR1 alpha + Basic + One-Step,NASDAQ:COST,0.0
2022-11-29,12,AR1 alpha + Basic + One-Step,NASDAQ:COST,0.0
2022-11-30,12,AR1 alpha + Basic + One-Step,NASDAQ:COST,1.265642427902126e-07
2022-12-01,12,AR1 alpha + Basic + One-Step,NASDAQ:COST,0.0
2022-12-02,12,AR1 alpha + Basic + One-Step,NASDAQ:COST,0.0
2022-12-05,12,AR1 alpha + Basic + One-Step,NASDAQ:COST,0.0
2022-12-06,12,AR1 alpha + Basic + One-Step,NASDAQ:COST,0.0
2022-12-07,12,AR1 alpha + Basic + One-Step,NASDAQ:COST,0.0
2022-12-08,12,AR1 alpha + Basic + One-Step,NASDAQ:COST,0.0
2022-12-09,12,AR1 alpha + Basic + One-Step,NASDAQ:COST,0.0
2022-12-12,12,AR1 alpha + Basic + One-Step,NASDAQ:COST,2.0358390673937478e-08
2022-12-13,12,AR1 alpha + Basic + One-Step,NASDAQ:COST,0.0
2022-12-14,12,AR1 alpha + Basic + One-Step,NASDAQ:COST,1.307558743914113e-07
2022-12-15,12,AR1 alpha + Basic + One-Step,NASDAQ:COST,0.0
2022-12-16,12,AR1 alpha + Basic + One-Step,NASDAQ:COST,0.0
2022-12-19,12,AR1 alpha + Basic + One-Step,NASDAQ:COST,0.0
2022-12-20,12,AR1 alpha + Basic + One-Step,NASDAQ:COST,0.0
2022-12-21,12,AR1 alpha + Basic + One-Step,NASDAQ:COST,0.0
2022-12-22,12,AR1 alpha + Basic + One-Step,NASDAQ:COST,0.0
2022-12-23,12,AR1 alpha + Basic + One-Step,NASDAQ:COST,0.0
2022-12-27,12,AR1 alpha + Basic + One-Step,NASDAQ:COST,3.468586894048319e-07
2022-12-28,12,AR1 alpha + Basic + One-Step,NASDAQ:COST,0.0
2022-12-29,12,AR1 alpha + Basic + One-Step,NASDAQ:COST,1.0930566017525152e-08
2022-12-30,12,AR1 alpha + Basic + One-Step,NASDAQ:COST,0.0
2023-01-03,12,AR1 alpha + Basic + One-Step,NASDAQ:COST,1.8221003226852564e-07
2023-01-04,12,AR1 alpha + Basic + One-Step,NASDAQ:COST,0.0
2023-01-05,12,AR1 alpha + Basic + One-Step,NASDAQ:COST,0.0
2023-01-06,12,AR1 alpha + Basic + One-Step,NASDAQ:COST,0.0
2023-01-09,12,AR1 alpha + Basic + One-Step,NASDAQ:COST,0.0
2023-01-10,12,AR1 alpha + Basic + One-Step,NASDAQ:COST,0.0
2023-01-11,12,AR1 alpha + Basic + One-Step,NASDAQ:COST,1.754344129708949e-08
2023-01-12,12,AR1 alpha + Basic + One-Step,NASDAQ:COST,0.0
2023-01-13,12,AR1 alpha + Basic + One-Step,NASDAQ:COST,5.559686797770077e-09
2023-01-17,12,AR1 alpha + Basic + One-Step,NASDAQ:COST,0.0
2023-01-18,12,AR1 alpha + Basic + One-Step,NASDAQ:COST,0.0
2023-01-19,12,AR1 alpha + Basic + One-Step,NASDAQ:COST,0.0
2023-01-20,12,AR1 alpha + Basic + One-Step,NASDAQ:COST,0.0
2023-01-23,12,AR1 alpha + Basic + One-Step,NASDAQ:COST,0.0
2023-01-24,12,AR1 alpha + Basic + One-Step,NASDAQ:COST,0.0
2023-01-25,12,AR1 alpha + Basic + One-Step,NASDAQ:COST,0.0
2023-01-26,12,AR1 alpha + Basic + One-Step,NASDAQ:COST,0.0
2023-01-27,12,AR1 alpha + Basic + One-Step,NASDAQ:COST,0.0
2023-01-30,12,AR1 alpha + Basic + One-Step,NASDAQ:COST,0.0
2023-01-31,12,AR1 alpha + Basic + One-Step,NASDAQ:COST,0.0
2023-02-01,12,AR1 alpha + Basic + One-Step,NASDAQ:COST,0.0
2023-02-02,12,AR1 alpha + Basic + One-Step,NASDAQ:COST,8.97468366020995e-07
2023-02-03,12,AR1 alpha + Basic + One-Step,NASDAQ:COST,2.566912144400462e-07
2023-02-06,12,AR1 alpha + Basic + One-Step,NASDAQ:COST,0.0
2023-02-07,12,AR1 alpha + Basic + One-Step,NASDAQ:COST,0.0
2023-02-08,12,AR1 alpha + Basic + One-Step,NASDAQ:COST,0.0
2023-02-09,12,AR1 alpha + Basic + One-Step,NASDAQ:COST,0.0
2023-02-10,12,AR1 alpha + Basic + One-Step,NASDAQ:COST,0.0
2023-02-13,12,AR1 alpha + Basic + One-Step,NASDAQ:COST,0.0
2023-02-14,12,AR1 alpha + Basic + One-Step,NASDAQ:COST,0.0
2023-02-15,12,AR1 alpha + Basic + One-Step,NASDAQ:COST,0.0
2023-02-16,12,AR1 alpha + Basic + One-Step,NASDAQ:COST,8.489352942732595e-09
2023-02-17,12,AR1 alpha + Basic + One-Step,NASDAQ:COST,0.0
2023-02-21,12,AR1 alpha + Basic + One-Step,NASDAQ:COST,0.0
2023-02-22,12,AR1 alpha + Basic + One-Step,NASDAQ:COST,0.0
2023-02-23,12,AR1 alpha + Basic + One-Step,NASDAQ:COST,1.4599145041801063e-08
2023-02-24,12,AR1 alpha + Basic + One-Step,NASDAQ:COST,0.0
2023-02-27,12,AR1 alpha + Basic + One-Step,NASDAQ:COST,0.0
2023-02-28,12,AR1 alpha + Basic + One-Step,NASDAQ:COST,0.0
2023-03-01,12,AR1 alpha + Basic + One-Step,NASDAQ:COST,0.0
2023-03-02,12,AR1 alpha + Basic + One-Step,NASDAQ:COST,1.2252027934227452e-07
2023-03-03,12,AR1 alpha + Basic + One-Step,NASDAQ:COST,0.0
2023-03-06,12,AR1 alpha + Basic + One-Step,NASDAQ:COST,0.0
2023-03-07,12,AR1 alpha + Basic + One-Step,NASDAQ:COST,0.0
2023-03-08,12,AR1 alpha + Basic + One-Step,NASDAQ:COST,0.0
2023-03-09,12,AR1 alpha + Basic + One-Step,NASDAQ:COST,0.0
2023-03-10,12,AR1 alpha + Basic + One-Step,NASDAQ:COST,0.0
2023-03-13,12,AR1 alpha + Basic + One-Step,NASDAQ:COST,2.3160239705596418e-07
2023-03-14,12,AR1 alpha + Basic + One-Step,NASDAQ:COST,0.0
2023-03-15,12,AR1 alpha + Basic + One-Step,NASDAQ:COST,3.157183205558696e-08
2023-03-16,12,AR1 alpha + Basic + One-Step,NASDAQ:COST,1.327616476312357e-07
2023-03-17,12,AR1 alpha + Basic + One-Step,NASDAQ:COST,0.0
2023-03-20,12,AR1 alpha + Basic + One-Step,NASDAQ:COST,1.4482204882607269e-06
2023-03-21,12,AR1 alpha + Basic + One-Step,NASDAQ:COST,6.181200144727448e-07
2023-03-22,12,AR1 alpha + Basic + One-Step,NASDAQ:COST,0.0
2023-03-23,12,AR1 alpha + Basic + One-Step,NASDAQ:COST,1.007497723795829e-07
2023-03-24,12,AR1 alpha + Basic + One-Step,NASDAQ:COST,5.232546363303031e-08
2023-03-27,12,AR1 alpha + Basic + One-Step,NASDAQ:COST,0.0
2023-03-28,12,AR1 alpha + Basic + One-Step,NASDAQ:COST,4.741163883276965e-08
2023-03-29,12,AR1 alpha + Basic + One-Step,NASDAQ:COST,0.0
2023-03-30,12,AR1 alpha + Basic + One-Step,NASDAQ:COST,0.0
2023-03-31,12,AR1 alpha + Basic + One-Step,NASDAQ:COST,3.3975445864862647e-07
2023-04-03,12,AR1 alpha + Basic + One-Step,NASDAQ:COST,0.0
2023-04-04,12,AR1 alpha + Basic + One-Step,NASDAQ:COST,0.0
2023-04-05,12,AR1 alpha + Basic + One-Step,NASDAQ:COST,1.8043059861985734e-07
2023-04-06,12,AR1 alpha + Basic + One-Step,NASDAQ:COST,2.8788270055833025e-07
2023-04-10,12,AR1 alpha + Basic + One-Step,NASDAQ:COST,0.0
2023-04-11,12,AR1 alpha + Basic + One-Step,NASDAQ:COST,0.0
2023-04-12,12,AR1 alpha + Basic + One-Step,NASDAQ:COST,0.0
2023-04-13,12,AR1 alpha + Basic + One-Step,NASDAQ:COST,0.0
2023-04-14,12,AR1 alpha + Basic + One-Step,NASDAQ:COST,0.0
2023-04-17,12,AR1 alpha + Basic + One-Step,NASDAQ:COST,0.0
2023-04-18,12,AR1 alpha + Basic + One-Step,NASDAQ:COST,0.0
2023-04-19,12,AR1 alpha + Basic + One-Step,NASDAQ:COST,1.5974866680358943e-09
2023-04-20,12,AR1 alpha + Basic + One-Step,NASDAQ:COST,6.834335325370682e-09
2023-04-21,12,AR1 alpha + Basic + One-Step,NASDAQ:COST,0.0
2023-04-24,12,AR1 alpha + Basic + One-Step,NASDAQ:COST,0.0
2023-04-25,12,AR1 alpha + Basic + One-Step,NASDAQ:COST,0.0
2023-04-26,12,AR1 alpha + Basic + One-Step,NASDAQ:COST,0.0
2023-04-27,12,AR1 alpha + Basic + One-Step,NASDAQ:COST,3.9684453712457736e-07
2023-04-28,12,AR1 alpha + Basic + One-Step,NASDAQ:COST,2.026552929829088e-07
2023-05-01,12,AR1 alpha + Basic + One-Step,NASDAQ:COST,1.0400370281560975e-07
2023-05-02,12,AR1 alpha + Basic + One-Step,NASDAQ:COST,9.071082644438107e-08
2023-05-03,12,AR1 alpha + Basic + One-Step,NASDAQ:COST,0.0
2023-05-04,12,AR1 alpha + Basic + One-Step,NASDAQ:COST,0.0
2023-05-05,12,AR1 alpha + Basic + One-Step,NASDAQ:COST,1.6140683032542117e-07
2023-05-08,12,AR1 alpha + Basic + One-Step,NASDAQ:COST,1.3821623935104266e-07
2023-05-09,12,AR1 alpha + Basic + One-Step,NASDAQ:COST,5.885253093015525e-08
2023-05-10,12,AR1 alpha + Basic + One-Step,NASDAQ:COST,0.0
2023-05-11,12,AR1 alpha + Basic + One-Step,NASDAQ:COST,4.794347957385138e-07
2023-05-12,12,AR1 alpha + Basic + One-Step,NASDAQ:COST,9.25985837840631e-07
2023-05-15,12,AR1 alpha + Basic + One-Step,NASDAQ:COST,5.090831757084004e-07
2023-05-16,12,AR1 alpha + Basic + One-Step,NASDAQ:COST,0.0
2023-05-17,12,AR1 alpha + Basic + One-Step,NASDAQ:COST,0.0
2023-05-18,12,AR1 alpha + Basic + One-Step,NASDAQ:COST,0.0
2023-05-19,12,AR1 alpha + Basic + One-Step,NASDAQ:COST,0.0
2023-05-22,12,AR1 alpha + Basic + One-Step,NASDAQ:COST,0.04048004282841895
2023-05-23,12,AR1 alpha + Basic + One-Step,NASDAQ:COST,0.09999980553120719
2023-05-24,12,AR1 alpha + Basic + One-Step,NASDAQ:COST,0.09999976865390504
2023-05-25,12,AR1 alpha + Basic + One-Step,NASDAQ:COST,0.04412723862213312
2023-05-26,12,AR1 alpha + Basic + One-Step,NASDAQ:COST,0.0
2023-05-30,12,AR1 alpha + Basic + One-Step,NASDAQ:COST,0.0
2023-05-31,12,AR1 alpha + Basic + One-Step,NASDAQ:COST,0.0
2023-06-01,12,AR1 alpha + Basic + One-Step,NASDAQ:COST,0.0
2023-06-02,12,AR1 alpha + Basic + One-Step,NASDAQ:COST,0.0
2023-06-05,12,AR1 alpha + Basic + One-Step,NASDAQ:COST,0.0
2023-06-06,12,AR1 alpha + Basic + One-Step,NASDAQ:COST,8.216011861395277e-07
2023-06-07,12,AR1 alpha + Basic + One-Step,NASDAQ:COST,5.931655824128224e-07
2023-06-08,12,AR1 alpha + Basic + One-Step,NASDAQ:COST,4.058336080615569e-07
2023-06-09,12,AR1 alpha + Basic + One-Step,NASDAQ:COST,1.363543251893526e-06
2023-06-12,12,AR1 alpha + Basic + One-Step,NASDAQ:COST,0.0
2023-06-13,12,AR1 alpha + Basic + One-Step,NASDAQ:COST,1.607956298471525e-07
2023-06-14,12,AR1 alpha + Basic + One-Step,NASDAQ:COST,1.8157935203773984e-07
2023-06-15,12,AR1 alpha + Basic + One-Step,NASDAQ:COST,0.0
2023-06-16,12,AR1 alpha + Basic + One-Step,NASDAQ:COST,2.923807516920424e-08
2023-06-20,12,AR1 alpha + Basic + One-Step,NASDAQ:COST,0.0
2023-06-21,12,AR1 alpha + Basic + One-Step,NASDAQ:COST,0.0
2023-06-22,12,AR1 alpha + Basic + One-Step,NASDAQ:COST,0.0
2023-06-23,12,AR1 alpha + Basic + One-Step,NASDAQ:COST,0.0
2023-06-26,12,AR1 alpha + Basic + One-Step,NASDAQ:COST,5.18046619707664e-07
2023-06-27,12,AR1 alpha + Basic + One-Step,NASDAQ:COST,0.0
2023-06-28,12,AR1 alpha + Basic + One-Step,NASDAQ:COST,0.0
2023-06-29,12,AR1 alpha + Basic + One-Step,NASDAQ:COST,0.0
2023-06-30,12,AR1 alpha + Basic + One-Step,NASDAQ:COST,0.0
2023-07-03,12,AR1 alpha + Basic + One-Step,NASDAQ:COST,0.0
2023-07-05,12,AR1 alpha + Basic + One-Step,NASDAQ:COST,2.366608694642254e-06
2023-07-06,12,AR1 alpha + Basic + One-Step,NASDAQ:COST,0.0
2023-07-07,12,AR1 alpha + Basic + One-Step,NASDAQ:COST,0.0
2023-07-10,12,AR1 alpha + Basic + One-Step,NASDAQ:COST,2.8573848006680742e-06
2023-07-11,12,AR1 alpha + Basic + One-Step,NASDAQ:COST,0.0
2023-07-12,12,AR1 alpha + Basic + One-Step,NASDAQ:COST,0.0
2023-07-13,12,AR1 alpha + Basic + One-Step,NASDAQ:COST,0.0
2023-07-14,12,AR1 alpha + Basic + One-Step,NASDAQ:COST,2.2608650972142802e-07
2023-07-17,12,AR1 alpha + Basic + One-Step,NASDAQ:COST,1.2359023275915e-06
2023-07-18,12,AR1 alpha + Basic + One-Step,NASDAQ:COST,2.0721205358974086e-06
2023-07-19,12,AR1 alpha + Basic + One-Step,NASDAQ:COST,1.1283466377254138e-23
2023-07-20,12,AR1 alpha + Basic + One-Step,NASDAQ:COST,0.0
2023-07-21,12,AR1 alpha + Basic + One-Step,NASDAQ:COST,0.0
2023-07-24,12,AR1 alpha + Basic + One-Step,NASDAQ:COST,0.0
2023-07-25,12,AR1 alpha + Basic + One-Step,NASDAQ:COST,0.0
2023-07-26,12,AR1 alpha + Basic + One-Step,NASDAQ:COST,0.0
2023-07-27,12,AR1 alpha + Basic + One-Step,NASDAQ:COST,0.0
2023-07-28,12,AR1 alpha + Basic + One-Step,NASDAQ:COST,0.0
2023-07-31,12,AR1 alpha + Basic + One-Step,NASDAQ:COST,0.0
2023-08-01,12,AR1 alpha + Basic + One-Step,NASDAQ:COST,0.0
2023-08-02,12,AR1 alpha + Basic + One-Step,NASDAQ:COST,0.0
2023-08-03,12,AR1 alpha + Basic + One-Step,NASDAQ:COST,0.0
2023-08-04,12,AR1 alpha + Basic + One-Step,NASDAQ:COST,0.0
2023-08-07,12,AR1 alpha + Basic + One-Step,NASDAQ:COST,0.0
2023-08-08,12,AR1 alpha + Basic + One-Step,NASDAQ:COST,0.0
2023-08-09,12,AR1 alpha + Basic + One-Step,NASDAQ:COST,0.0
2023-08-10,12,AR1 alpha + Basic + One-Step,NASDAQ:COST,0.0
2023-08-11,12,AR1 alpha + Basic + One-Step,NASDAQ:COST,4.779919939132331e-07
2023-08-14,12,AR1 alpha + Basic + One-Step,NASDAQ:COST,0.0
2023-08-15,12,AR1 alpha + Basic + One-Step,NASDAQ:COST,0.0
2023-08-16,12,AR1 alpha + Basic + One-Step,NASDAQ:COST,0.0
2023-08-17,12,AR1 alpha + Basic + One-Step,NASDAQ:COST,0.032466670877535526
2023-08-18,12,AR1 alpha + Basic + One-Step,NASDAQ:COST,0.0
2023-08-21,12,AR1 alpha + Basic + One-Step,NASDAQ:COST,2.2564157697157505e-09
2023-08-22,12,AR1 alpha + Basic + One-Step,NASDAQ:COST,0.005376167807883235
2023-08-23,12,AR1 alpha + Basic + One-Step,NASDAQ:COST,0.005376436000984577
2023-08-24,12,AR1 alpha + Basic + One-Step,NASDAQ:COST,0.0020929615699932084
2023-08-25,12,AR1 alpha + Basic + One-Step,NASDAQ:COST,4.4679171733566754e-07
2023-08-28,12,AR1 alpha + Basic + One-Step,NASDAQ:COST,0.0
2023-08-29,12,AR1 alpha + Basic + One-Step,NASDAQ:COST,0.0
2023-08-30,12,AR1 alpha + Basic + One-Step,NASDAQ:COST,0.0
2023-08-31,12,AR1 alpha + Basic + One-Step,NASDAQ:COST,9.04767025708406e-09
2023-09-01,12,AR1 alpha + Basic + One-Step,NASDAQ:COST,0.0
2023-09-05,12,AR1 alpha + Basic + One-Step,NASDAQ:COST,0.0
2023-09-06,12,AR1 alpha + Basic + One-Step,NASDAQ:COST,1.1701121291665898e-08
2023-09-07,12,AR1 alpha + Basic + One-Step,NASDAQ:COST,2.730782077577919e-06
2023-09-08,12,AR1 alpha + Basic + One-Step,NASDAQ:COST,3.649881878152051e-06
2023-09-11,12,AR1 alpha + Basic + One-Step,NASDAQ:COST,2.064442720985454e-06
2023-09-12,12,AR1 alpha + Basic + One-Step,NASDAQ:COST,2.561611897040941e-06
2023-09-13,12,AR1 alpha + Basic + One-Step,NASDAQ:COST,0.0
2023-09-14,12,AR1 alpha + Basic + One-Step,NASDAQ:COST,0.0
2023-09-15,12,AR1 alpha + Basic + One-Step,NASDAQ:COST,0.0
2023-09-18,12,AR1 alpha + Basic + One-Step,NASDAQ:COST,0.0
2023-09-19,12,AR1 alpha + Basic + One-Step,NASDAQ:COST,7.111517379775416e-09
2023-09-20,12,AR1 alpha + Basic + One-Step,NASDAQ:COST,1.6700177029275967e-07
2023-09-21,12,AR1 alpha + Basic + One-Step,NASDAQ:COST,0.0
2023-09-22,12,AR1 alpha + Basic + One-Step,NASDAQ:COST,0.0
2023-09-25,12,AR1 alpha + Basic + One-Step,NASDAQ:COST,0.0
2023-09-26,12,AR1 alpha + Basic + One-Step,NASDAQ:COST,0.004344895108056174
2023-09-27,12,AR1 alpha + Basic + One-Step,NASDAQ:COST,0.0
2023-09-28,12,AR1 alpha + Basic + One-Step,NASDAQ:COST,9.38608728746337e-08
2023-09-29,12,AR1 alpha + Basic + One-Step,NASDAQ:COST,6.47054407640297e-08
2023-10-02,12,AR1 alpha + Basic + One-Step,NASDAQ:COST,0.0
2023-10-03,12,AR1 alpha + Basic + One-Step,NASDAQ:COST,1.1821014043110541e-08
2023-10-04,12,AR1 alpha + Basic + One-Step,NASDAQ:COST,0.0
2023-10-05,12,AR1 alpha + Basic + One-Step,NASDAQ:COST,0.028989658014430437
2023-10-06,12,AR1 alpha + Basic + One-Step,NASDAQ:COST,0.099990929045748
2023-10-09,12,AR1 alpha + Basic + One-Step,NASDAQ:COST,0.09999494503322483
2023-10-10,12,AR1 alpha + Basic + One-Step,NASDAQ:COST,0.09999383540903345
2023-10-11,12,AR1 alpha + Basic + One-Step,NASDAQ:COST,0.08764566501056986
2023-10-12,12,AR1 alpha + Basic + One-Step,NASDAQ:COST,0.021884823607722943
2023-10-13,12,AR1 alpha + Basic + One-Step,NASDAQ:COST,1.129767229883072e-09
2023-10-16,12,AR1 alpha + Basic + One-Step,NASDAQ:COST,0.010474796418692535
2023-10-17,12,AR1 alpha + Basic + One-Step,NASDAQ:COST,0.0
2023-10-18,12,AR1 alpha + Basic + One-Step,NASDAQ:COST,0.0
2023-10-19,12,AR1 alpha + Basic + One-Step,NASDAQ:COST,0.027548601889972338
2023-10-20,12,AR1 alpha + Basic + One-Step,NASDAQ:COST,0.09999608055500163
2023-10-23,12,AR1 alpha + Basic + One-Step,NASDAQ:COST,0.08104175268148364
2023-10-24,12,AR1 alpha + Basic + One-Step,NASDAQ:COST,0.09999044574452068
2023-10-25,12,AR1 alpha + Basic + One-Step,NASDAQ:COST,0.09999200639532677
2023-10-26,12,AR1 alpha + Basic + One-Step,NASDAQ:COST,0.09238857445030622
2023-10-27,12,AR1 alpha + Basic + One-Step,NASDAQ:COST,0.05304601438450093
2023-10-30,12,AR1 alpha + Basic + One-Step,NASDAQ:COST,2.7387392699051986e-07
2023-10-31,12,AR1 alpha + Basic + One-Step,NASDAQ:COST,0.0283537028681495
2023-11-01,12,AR1 alpha + Basic + One-Step,NASDAQ:COST,0.0027806463327569404
2023-11-02,12,AR1 alpha + Basic + One-Step,NASDAQ:COST,0.05666026743800337
2023-11-03,12,AR1 alpha + Basic + One-Step,NASDAQ:COST,0.0
2023-11-06,12,AR1 alpha + Basic + One-Step,NASDAQ:COST,0.0
2023-11-07,12,AR1 alpha + Basic + One-Step,NASDAQ:COST,1.9758371361330683e-08
2023-11-08,12,AR1 alpha + Basic + One-Step,NASDAQ:COST,2.629826063889114e-08
2023-11-09,12,AR1 alpha + Basic + One-Step,NASDAQ:COST,0.0
2023-11-10,12,AR1 alpha + Basic + One-Step,NASDAQ:COST,0.0
2023-11-13,12,AR1 alpha + Basic + One-Step,NASDAQ:COST,0.0
2023-11-14,12,AR1 alpha + Basic + One-Step,NASDAQ:COST,0.0
2023-11-15,12,AR1 alpha + Basic + One-Step,NASDAQ:COST,0.0
2023-11-16,12,AR1 alpha + Basic + One-Step,NASDAQ:COST,0.0
2023-11-17,12,AR1 alpha + Basic + One-Step,NASDAQ:COST,2.0321229876467996e-07
2023-11-20,12,AR1 alpha + Basic + One-Step,NASDAQ:COST,0.0
2023-11-21,12,AR1 alpha + Basic + One-Step,NASDAQ:COST,2.573415838117876e-09
2023-11-22,12,AR1 alpha + Basic + One-Step,NASDAQ:COST,0.0
2023-11-24,12,AR1 alpha + Basic + One-Step,NASDAQ:COST,2.2576928457844606e-08
2023-11-27,12,AR1 alpha + Basic + One-Step,NASDAQ:COST,0.0
2023-11-28,12,AR1 alpha + Basic + One-Step,NASDAQ:COST,4.8690415966487474e-08
2023-11-29,12,AR1 alpha + Basic + One-Step,NASDAQ:COST,1.4028007043082831e-08
2023-11-30,12,AR1 alpha + Basic + One-Step,NASDAQ:COST,6.573104222004854e-09
2023-12-01,12,AR1 alpha + Basic + One-Step,NASDAQ:COST,1.7257975887408265e-07
2023-12-04,12,AR1 alpha + Basic + One-Step,NASDAQ:COST,0.0
2023-12-05,12,AR1 alpha + Basic + One-Step,NASDAQ:COST,0.0
2023-12-06,12,AR1 alpha + Basic + One-Step,NASDAQ:COST,0.0
2023-12-07,12,AR1 alpha + Basic + One-Step,NASDAQ:COST,0.0
2023-12-08,12,AR1 alpha + Basic + One-Step,NASDAQ:COST,0.0
2023-12-11,12,AR1 alpha + Basic + One-Step,NASDAQ:COST,0.0
2023-12-12,12,AR1 alpha + Basic + One-Step,NASDAQ:COST,0.0
2023-12-13,12,AR1 alpha + Basic + One-Step,NASDAQ:COST,0.0
2023-12-14,12,AR1 alpha + Basic + One-Step,NASDAQ:COST,0.0
2023-12-15,12,AR1 alpha + Basic + One-Step,NASDAQ:COST,0.0
2023-12-18,12,AR1 alpha + Basic + One-Step,NASDAQ:COST,0.0
2023-12-19,12,AR1 alpha + Basic + One-Step,NASDAQ:COST,0.0
2023-12-20,12,AR1 alpha + Basic + One-Step,NASDAQ:COST,0.06581393597757867
2023-12-21,12,AR1 alpha + Basic + One-Step,NASDAQ:COST,0.09999470146703726
2023-12-22,12,AR1 alpha + Basic + One-Step,NASDAQ:COST,0.07926819290027262
2023-12-26,12,AR1 alpha + Basic + One-Step,NASDAQ:COST,0.07926194628578415
2023-12-27,12,AR1 alpha + Basic + One-Step,NASDAQ:COST,0.09999993229985346
2023-12-28,12,AR1 alpha + Basic + One-Step,NASDAQ:COST,0.09999819860501574
2023-12-29,12,AR1 alpha + Basic + One-Step,NASDAQ:COST,0.09999840110074132
2024-01-02,12,AR1 alpha + Basic + One-Step,NASDAQ:COST,0.09999457465881295
2024-01-03,12,AR1 alpha + Basic + One-Step,NASDAQ:COST,0.09999038727012394
2024-01-04,12,AR1 alpha + Basic + One-Step,NASDAQ:COST,0.09999132901909351
2024-01-05,12,AR1 alpha + Basic + One-Step,NASDAQ:COST,0.09999075204804511
2024-01-08,12,AR1 alpha + Basic + One-Step,NASDAQ:COST,0.09998346936366781
2024-01-09,12,AR1 alpha + Basic + One-Step,NASDAQ:COST,0.09998223198152728
2024-01-10,12,AR1 alpha + Basic + One-Step,NASDAQ:COST,0.09997705424775001
2024-01-11,12,AR1 alpha + Basic + One-Step,NASDAQ:COST,0.10000086406390585
2024-01-12,12,AR1 alpha + Basic + One-Step,NASDAQ:COST,0.09999999999999998
2024-01-16,12,AR1 alpha + Basic + One-Step,NASDAQ:COST,0.09999905665212064
2024-01-17,12,AR1 alpha + Basic + One-Step,NASDAQ:COST,0.0999945844569973
2024-01-18,12,AR1 alpha + Basic + One-Step,NASDAQ:COST,0.09999704098644917
2024-01-19,12,AR1 alpha + Basic + One-Step,NASDAQ:COST,0.09999183786309598
2024-01-22,12,AR1 alpha + Basic + One-Step,NASDAQ:COST,0.09998835084682214
2024-01-23,12,AR1 alpha + Basic + One-Step,NASDAQ:COST,0.0999855036262031
2024-01-24,12,AR1 alpha + Basic + One-Step,NASDAQ:COST,0.09999039014251734
2024-01-25,12,AR1 alpha + Basic + One-Step,NASDAQ:COST,0.09999348327801377
2024-01-26,12,AR1 alpha + Basic + One-Step,NASDAQ:COST,0.09999257914591761
2024-01-29,12,AR1 alpha + Basic + One-Step,NASDAQ:COST,0.09999449624426196
2024-01-30,12,AR1 alpha + Basic + One-Step,NASDAQ:COST,0.09999106697451084
2024-01-31,12,AR1 alpha + Basic + One-Step,NASDAQ:COST,0.09999403668402893
2024-02-01,12,AR1 alpha + Basic + One-Step,NASDAQ:COST,0.09999483546988708
2024-02-02,12,AR1 alpha + Basic + One-Step,NASDAQ:COST,0.09999393024531109
2024-02-05,12,AR1 alpha + Basic + One-Step,NASDAQ:COST,0.09999557436540928
2024-02-06,12,AR1 alpha + Basic + One-Step,NASDAQ:COST,0.09998935371033994
2024-02-07,12,AR1 alpha + Basic + One-Step,NASDAQ:COST,0.09999294945414473
2024-02-08,12,AR1 alpha + Basic + One-Step,NASDAQ:COST,0.09999530379172819
2024-02-09,12,AR1 alpha + Basic + One-Step,NASDAQ:COST,0.09999263027181218
2024-02-12,12,AR1 alpha + Basic + One-Step,NASDAQ:COST,0.09999438484647162
2024-02-13,12,AR1 alpha + Basic + One-Step,NASDAQ:COST,0.09999131196993816
2024-02-14,12,AR1 alpha + Basic + One-Step,NASDAQ:COST,0.09999142210900235
2024-02-15,12,AR1 alpha + Basic + One-Step,NASDAQ:COST,0.09999427320188412
2024-02-16,12,AR1 alpha + Basic + One-Step,NASDAQ:COST,0.09999493392048818
2024-02-20,12,AR1 alpha + Basic + One-Step,NASDAQ:COST,0.099996285396526
2024-02-21,12,AR1 alpha + Basic + One-Step,NASDAQ:COST,0.0999973946815912
2024-02-22,12,AR1 alpha + Basic + One-Step,NASDAQ:COST,0.09999265798014713
2024-02-23,12,AR1 alpha + Basic + One-Step,NASDAQ:COST,0.09999424023733657
2024-02-26,12,AR1 alpha + Basic + One-Step,NASDAQ:COST,0.09999333656568253
2024-02-27,12,AR1 alpha + Basic + One-Step,NASDAQ:COST,0.09999310111493068
2024-02-28,12,AR1 alpha + Basic + One-Step,NASDAQ:COST,0.09998860713122282
2024-02-29,12,AR1 alpha + Basic + One-Step,NASDAQ:COST,0.09998886005098265
2024-03-01,12,AR1 alpha + Basic + One-Step,NASDAQ:COST,0.09999026117637072
2024-03-04,12,AR1 alpha + Basic + One-Step,NASDAQ:COST,0.09998949351178561
2024-03-05,12,AR1 alpha + Basic + One-Step,NASDAQ:COST,0.09998585514448764
2024-03-06,12,AR1 alpha + Basic + One-Step,NASDAQ:COST,0.09998630827154854
2024-03-07,12,AR1 alpha + Basic + One-Step,NASDAQ:COST,0.0999906102114269
2024-03-08,12,AR1 alpha + Basic + One-Step,NASDAQ:COST,0.0999930050512774
2024-03-11,12,AR1 alpha + Basic + One-Step,NASDAQ:COST,0.09999086930289985
2024-03-12,12,AR1 alpha + Basic + One-Step,NASDAQ:COST,0.0999878824917623
2024-03-13,12,AR1 alpha + Basic + One-Step,NASDAQ:COST,0.09998473383318987
2024-03-14,12,AR1 alpha + Basic + One-Step,NASDAQ:COST,0.09999000209978501
2024-03-15,12,AR1 alpha + Basic + One-Step,NASDAQ:COST,0.09999326565454884
2024-03-18,12,AR1 alpha + Basic + One-Step,NASDAQ:COST,0.09999507512259152
2024-03-19,12,AR1 alpha + Basic + One-Step,NASDAQ:COST,0.09999197948185691
2024-03-20,12,AR1 alpha + Basic + One-Step,NASDAQ:COST,0.09999216833663227
2024-03-21,12,AR1 alpha + Basic + One-Step,NASDAQ:COST,0.09999484290883218
2024-03-22,12,AR1 alpha + Basic + One-Step,NASDAQ:COST,0.09999651967647974
2024-03-25,12,AR1 alpha + Basic + One-Step,NASDAQ:COST,0.09999264757963859
2024-03-26,12,AR1 alpha + Basic + One-Step,NASDAQ:COST,0.09999252056303759
2024-03-27,12,AR1 alpha + Basic + One-Step,NASDAQ:COST,0.09999383633042387
2024-03-28,12,AR1 alpha + Basic + One-Step,NASDAQ:COST,0.09999526774478787
2024-04-01,12,AR1 alpha + Basic + One-Step,NASDAQ:COST,0.0999982522586885
2024-04-02,12,AR1 alpha + Basic + One-Step,NASDAQ:COST,0.09999107373631845
2024-04-03,12,AR1 alpha + Basic + One-Step,NASDAQ:COST,0.0999922779843094
2024-04-04,12,AR1 alpha + Basic + One-Step,NASDAQ:COST,0.0999926291387706
2024-04-05,12,AR1 alpha + Basic + One-Step,NASDAQ:COST,0.09998851279591207
2024-04-08,12,AR1 alpha + Basic + One-Step,NASDAQ:COST,0.09998792423646437
2024-04-09,12,AR1 alpha + Basic + One-Step,NASDAQ:COST,0.09998402607100394
2024-04-10,12,AR1 alpha + Basic + One-Step,NASDAQ:COST,0.09999000580332808
2024-04-11,12,AR1 alpha + Basic + One-Step,NASDAQ:COST,0.09998874472647994
2024-04-12,12,AR1 alpha + Basic + One-Step,NASDAQ:COST,0.0999855389807227
2024-04-15,12,AR1 alpha + Basic + One-Step,NASDAQ:COST,0.09998876024709374
2024-04-16,12,AR1 alpha + Basic + One-Step,NASDAQ:COST,0.09999183223472473
2024-04-17,12,AR1 alpha + Basic + One-Step,NASDAQ:COST,0.09999462518678648
2024-04-18,12,AR1 alpha + Basic + One-Step,NASDAQ:COST,0.09999576873726373
2024-04-19,12,AR1 alpha + Basic + One-Step,NASDAQ:COST,0.09999971082741081
2020-03-25,12,AR1 alpha + Basic + One-Step,NYSE:IT,0.02
2020-03-26,12,AR1 alpha + Basic + One-Step,NYSE:IT,0.019999999999999997
2020-03-27,12,AR1 alpha + Basic + One-Step,NYSE:IT,0.0
2020-03-30,12,AR1 alpha + Basic + One-Step,NYSE:IT,8.16584471324391e-07
2020-03-31,12,AR1 alpha + Basic + One-Step,NYSE:IT,1.4187315535407806e-07
2020-04-01,12,AR1 alpha + Basic + One-Step,NYSE:IT,8.126285408299885e-09
2020-04-02,12,AR1 alpha + Basic + One-Step,NYSE:IT,1.8169347453104893e-09
2020-04-03,12,AR1 alpha + Basic + One-Step,NYSE:IT,1.303163056131429e-08
2020-04-06,12,AR1 alpha + Basic + One-Step,NYSE:IT,3.869399976182051e-08
2020-04-07,12,AR1 alpha + Basic + One-Step,NYSE:IT,5.121872911428497e-08
2020-04-08,12,AR1 alpha + Basic + One-Step,NYSE:IT,0.0
2020-04-09,12,AR1 alpha + Basic + One-Step,NYSE:IT,0.0
2020-04-13,12,AR1 alpha + Basic + One-Step,NYSE:IT,0.0
2020-04-14,12,AR1 alpha + Basic + One-Step,NYSE:IT,0.0
2020-04-15,12,AR1 alpha + Basic + One-Step,NYSE:IT,0.0
2020-04-16,12,AR1 alpha + Basic + One-Step,NYSE:IT,0.0
2020-04-17,12,AR1 alpha + Basic + One-Step,NYSE:IT,0.0
2020-04-20,12,AR1 alpha + Basic + One-Step,NYSE:IT,0.0
2020-04-21,12,AR1 alpha + Basic + One-Step,NYSE:IT,0.0
2020-04-22,12,AR1 alpha + Basic + One-Step,NYSE:IT,0.0
2020-04-23,12,AR1 alpha + Basic + One-Step,NYSE:IT,0.0
2020-04-24,12,AR1 alpha + Basic + One-Step,NYSE:IT,8.048110741186642e-08
2020-04-27,12,AR1 alpha + Basic + One-Step,NYSE:IT,0.0
2020-04-28,12,AR1 alpha + Basic + One-Step,NYSE:IT,0.0
2020-04-29,12,AR1 alpha + Basic + One-Step,NYSE:IT,4.427167044281183e-07
2020-04-30,12,AR1 alpha + Basic + One-Step,NYSE:IT,0.0
2020-05-01,12,AR1 alpha + Basic + One-Step,NYSE:IT,1.3063754638085314e-08
2020-05-04,12,AR1 alpha + Basic + One-Step,NYSE:IT,0.0
2020-05-05,12,AR1 alpha + Basic + One-Step,NYSE:IT,8.339066542340853e-07
2020-05-06,12,AR1 alpha + Basic + One-Step,NYSE:IT,0.0
2020-05-07,12,AR1 alpha + Basic + One-Step,NYSE:IT,0.0
2020-05-08,12,AR1 alpha + Basic + One-Step,NYSE:IT,1.880666987357024e-07
2020-05-11,12,AR1 alpha + Basic + One-Step,NYSE:IT,0.0
2020-05-12,12,AR1 alpha + Basic + One-Step,NYSE:IT,0.0
2020-05-13,12,AR1 alpha + Basic + One-Step,NYSE:IT,0.0
2020-05-14,12,AR1 alpha + Basic + One-Step,NYSE:IT,0.0
2020-05-15,12,AR1 alpha + Basic + One-Step,NYSE:IT,1.6127775479603445e-07
2020-05-18,12,AR1 alpha + Basic + One-Step,NYSE:IT,0.0
2020-05-19,12,AR1 alpha + Basic + One-Step,NYSE:IT,0.0
2020-05-20,12,AR1 alpha + Basic + One-Step,NYSE:IT,0.0
2020-05-21,12,AR1 alpha + Basic + One-Step,NYSE:IT,0.0
2020-05-22,12,AR1 alpha + Basic + One-Step,NYSE:IT,1.454681771706717e-07
2020-05-26,12,AR1 alpha + Basic + One-Step,NYSE:IT,1.071897641589646e-07
2020-05-27,12,AR1 alpha + Basic + One-Step,NYSE:IT,4.898729288892153e-07
2020-05-28,12,AR1 alpha + Basic + One-Step,NYSE:IT,0.0
2020-05-29,12,AR1 alpha + Basic + One-Step,NYSE:IT,0.0
2020-06-01,12,AR1 alpha + Basic + One-Step,NYSE:IT,0.0
2020-06-02,12,AR1 alpha + Basic + One-Step,NYSE:IT,3.2220252731620377e-07
2020-06-03,12,AR1 alpha + Basic + One-Step,NYSE:IT,0.0
2020-06-04,12,AR1 alpha + Basic + One-Step,NYSE:IT,0.0
2020-06-05,12,AR1 alpha + Basic + One-Step,NYSE:IT,0.0
2020-06-08,12,AR1 alpha + Basic + One-Step,NYSE:IT,0.0
2020-06-09,12,AR1 alpha + Basic + One-Step,NYSE:IT,0.0
2020-06-10,12,AR1 alpha + Basic + One-Step,NYSE:IT,0.0
2020-06-11,12,AR1 alpha + Basic + One-Step,NYSE:IT,0.0
2020-06-12,12,AR1 alpha + Basic + One-Step,NYSE:IT,4.124226197015135e-08
2020-06-15,12,AR1 alpha + Basic + One-Step,NYSE:IT,3.099201389191547e-08
2020-06-16,12,AR1 alpha + Basic + One-Step,NYSE:IT,3.172982085788399e-08
2020-06-17,12,AR1 alpha + Basic + One-Step,NYSE:IT,0.0
2020-06-18,12,AR1 alpha + Basic + One-Step,NYSE:IT,0.0
2020-06-19,12,AR1 alpha + Basic + One-Step,NYSE:IT,0.0
2020-06-22,12,AR1 alpha + Basic + One-Step,NYSE:IT,0.0
2020-06-23,12,AR1 alpha + Basic + One-Step,NYSE:IT,0.0
2020-06-24,12,AR1 alpha + Basic + One-Step,NYSE:IT,4.769395612907947e-09
2020-06-25,12,AR1 alpha + Basic + One-Step,NYSE:IT,0.0
2020-06-26,12,AR1 alpha + Basic + One-Step,NYSE:IT,0.0
2020-06-29,12,AR1 alpha + Basic + One-Step,NYSE:IT,0.0
2020-06-30,12,AR1 alpha + Basic + One-Step,NYSE:IT,8.920368850282643e-09
2020-07-01,12,AR1 alpha + Basic + One-Step,NYSE:IT,0.0
2020-07-02,12,AR1 alpha + Basic + One-Step,NYSE:IT,6.368005762770271e-09
2020-07-06,12,AR1 alpha + Basic + One-Step,NYSE:IT,0.0
2020-07-07,12,AR1 alpha + Basic + One-Step,NYSE:IT,0.0
2020-07-08,12,AR1 alpha + Basic + One-Step,NYSE:IT,0.0
2020-07-09,12,AR1 alpha + Basic + One-Step,NYSE:IT,2.533723315196647e-07
2020-07-10,12,AR1 alpha + Basic + One-Step,NYSE:IT,0.0
2020-07-13,12,AR1 alpha + Basic + One-Step,NYSE:IT,3.979727559594553e-08
2020-07-14,12,AR1 alpha + Basic + One-Step,NYSE:IT,0.0
2020-07-15,12,AR1 alpha + Basic + One-Step,NYSE:IT,7.552015273884781e-08
2020-07-16,12,AR1 alpha + Basic + One-Step,NYSE:IT,0.0
2020-07-17,12,AR1 alpha + Basic + One-Step,NYSE:IT,0.0
2020-07-20,12,AR1 alpha + Basic + One-Step,NYSE:IT,2.6649798667706463e-07
2020-07-21,12,AR1 alpha + Basic + One-Step,NYSE:IT,0.0
2020-07-22,12,AR1 alpha + Basic + One-Step,NYSE:IT,0.0
2020-07-23,12,AR1 alpha + Basic + One-Step,NYSE:IT,1.637676636155471e-08
2020-07-24,12,AR1 alpha + Basic + One-Step,NYSE:IT,0.0
2020-07-27,12,AR1 alpha + Basic + One-Step,NYSE:IT,7.363858664892979e-08
2020-07-28,12,AR1 alpha + Basic + One-Step,NYSE:IT,0.0
2020-07-29,12,AR1 alpha + Basic + One-Step,NYSE:IT,0.0
2020-07-30,12,AR1 alpha + Basic + One-Step,NYSE:IT,0.0
2020-07-31,12,AR1 alpha + Basic + One-Step,NYSE:IT,0.0
2020-08-03,12,AR1 alpha + Basic + One-Step,NYSE:IT,0.0
2020-08-04,12,AR1 alpha + Basic + One-Step,NYSE:IT,0.0
2020-08-05,12,AR1 alpha + Basic + One-Step,NYSE:IT,0.0
2020-08-06,12,AR1 alpha + Basic + One-Step,NYSE:IT,0.0
2020-08-07,12,AR1 alpha + Basic + One-Step,NYSE:IT,0.0
2020-08-10,12,AR1 alpha + Basic + One-Step,NYSE:IT,0.0
2020-08-11,12,AR1 alpha + Basic + One-Step,NYSE:IT,0.0
2020-08-12,12,AR1 alpha + Basic + One-Step,NYSE:IT,0.0
2020-08-13,12,AR1 alpha + Basic + One-Step,NYSE:IT,0.0
2020-08-14,12,AR1 alpha + Basic + One-Step,NYSE:IT,0.0
2020-08-17,12,AR1 alpha + Basic + One-Step,NYSE:IT,0.0
2020-08-18,12,AR1 alpha + Basic + One-Step,NYSE:IT,0.0
2020-08-19,12,AR1 alpha + Basic + One-Step,NYSE:IT,0.0
2020-08-20,12,AR1 alpha + Basic + One-Step,NYSE:IT,1.4251798032054446e-07
2020-08-21,12,AR1 alpha + Basic + One-Step,NYSE:IT,0.0
2020-08-24,12,AR1 alpha + Basic + One-Step,NYSE:IT,0.0
2020-08-25,12,AR1 alpha + Basic + One-Step,NYSE:IT,0.0
2020-08-26,12,AR1 alpha + Basic + One-Step,NYSE:IT,0.0
2020-08-27,12,AR1 alpha + Basic + One-Step,NYSE:IT,0.0
2020-08-28,12,AR1 alpha + Basic + One-Step,NYSE:IT,0.0
2020-08-31,12,AR1 alpha + Basic + One-Step,NYSE:IT,0.0
2020-09-01,12,AR1 alpha + Basic + One-Step,NYSE:IT,0.0
2020-09-02,12,AR1 alpha + Basic + One-Step,NYSE:IT,0.0
2020-09-03,12,AR1 alpha + Basic + One-Step,NYSE:IT,0.0
2020-09-04,12,AR1 alpha + Basic + One-Step,NYSE:IT,0.0
2020-09-08,12,AR1 alpha + Basic + One-Step,NYSE:IT,0.0
2020-09-09,12,AR1 alpha + Basic + One-Step,NYSE:IT,1.077371550269298e-08
2020-09-10,12,AR1 alpha + Basic + One-Step,NYSE:IT,0.0
2020-09-11,12,AR1 alpha + Basic + One-Step,NYSE:IT,0.0
2020-09-14,12,AR1 alpha + Basic + One-Step,NYSE:IT,0.0
2020-09-15,12,AR1 alpha + Basic + One-Step,NYSE:IT,0.0
2020-09-16,12,AR1 alpha + Basic + One-Step,NYSE:IT,0.0
2020-09-17,12,AR1 alpha + Basic + One-Step,NYSE:IT,0.0
2020-09-18,12,AR1 alpha + Basic + One-Step,NYSE:IT,0.0
2020-09-21,12,AR1 alpha + Basic + One-Step,NYSE:IT,0.0
2020-09-22,12,AR1 alpha + Basic + One-Step,NYSE:IT,0.0
2020-09-23,12,AR1 alpha + Basic + One-Step,NYSE:IT,2.5449247080365665e-09
2020-09-24,12,AR1 alpha + Basic + One-Step,NYSE:IT,2.2998650489332762e-07
2020-09-25,12,AR1 alpha + Basic + One-Step,NYSE:IT,0.0
2020-09-28,12,AR1 alpha + Basic + One-Step,NYSE:IT,0.0
2020-09-29,12,AR1 alpha + Basic + One-Step,NYSE:IT,1.0569301623317292e-09
2020-09-30,12,AR1 alpha + Basic + One-Step,NYSE:IT,4.684590487753399e-09
2020-10-01,12,AR1 alpha + Basic + One-Step,NYSE:IT,0.0
2020-10-02,12,AR1 alpha + Basic + One-Step,NYSE:IT,0.0
2020-10-05,12,AR1 alpha + Basic + One-Step,NYSE:IT,1.5674019392401894e-08
2020-10-06,12,AR1 alpha + Basic + One-Step,NYSE:IT,0.0
2020-10-07,12,AR1 alpha + Basic + One-Step,NYSE:IT,4.349849584016865e-07
2020-10-08,12,AR1 alpha + Basic + One-Step,NYSE:IT,0.0
2020-10-09,12,AR1 alpha + Basic + One-Step,NYSE:IT,0.0
2020-10-12,12,AR1 alpha + Basic + One-Step,NYSE:IT,0.0
2020-10-13,12,AR1 alpha + Basic + One-Step,NYSE:IT,0.0
2020-10-14,12,AR1 alpha + Basic + One-Step,NYSE:IT,0.0
2020-10-15,12,AR1 alpha + Basic + One-Step,NYSE:IT,0.0
2020-10-16,12,AR1 alpha + Basic + One-Step,NYSE:IT,1.80094777637387e-07
2020-10-19,12,AR1 alpha + Basic + One-Step,NYSE:IT,0.0
2020-10-20,12,AR1 alpha + Basic + One-Step,NYSE:IT,0.0
2020-10-21,12,AR1 alpha + Basic + One-Step,NYSE:IT,0.0
2020-10-22,12,AR1 alpha + Basic + One-Step,NYSE:IT,0.0
2020-10-23,12,AR1 alpha + Basic + One-Step,NYSE:IT,0.0
2020-10-26,12,AR1 alpha + Basic + One-Step,NYSE:IT,0.0
2020-10-27,12,AR1 alpha + Basic + One-Step,NYSE:IT,3.2350977043867644e-09
2020-10-28,12,AR1 alpha + Basic + One-Step,NYSE:IT,8.830437296631356e-09
2020-10-29,12,AR1 alpha + Basic + One-Step,NYSE:IT,2.203600902156379e-09
2020-10-30,12,AR1 alpha + Basic + One-Step,NYSE:IT,0.0
2020-11-02,12,AR1 alpha + Basic + One-Step,NYSE:IT,0.0
2020-11-03,12,AR1 alpha + Basic + One-Step,NYSE:IT,0.0
2020-11-04,12,AR1 alpha + Basic + One-Step,NYSE:IT,0.0
2020-11-05,12,AR1 alpha + Basic + One-Step,NYSE:IT,0.0
2020-11-06,12,AR1 alpha + Basic + One-Step,NYSE:IT,0.0
2020-11-09,12,AR1 alpha + Basic + One-Step,NYSE:IT,0.0
2020-11-10,12,AR1 alpha + Basic + One-Step,NYSE:IT,0.0
2020-11-11,12,AR1 alpha + Basic + One-Step,NYSE:IT,0.0
2020-11-12,12,AR1 alpha + Basic + One-Step,NYSE:IT,0.0
2020-11-13,12,AR1 alpha + Basic + One-Step,NYSE:IT,0.0
2020-11-16,12,AR1 alpha + Basic + One-Step,NYSE:IT,0.0
2020-11-17,12,AR1 alpha + Basic + One-Step,NYSE:IT,0.0
2020-11-18,12,AR1 alpha + Basic + One-Step,NYSE:IT,0.0
2020-11-19,12,AR1 alpha + Basic + One-Step,NYSE:IT,4.590402783817837e-08
2020-11-20,12,AR1 alpha + Basic + One-Step,NYSE:IT,0.0
2020-11-23,12,AR1 alpha + Basic + One-Step,NYSE:IT,0.0
2020-11-24,12,AR1 alpha + Basic + One-Step,NYSE:IT,0.0
2020-11-25,12,AR1 alpha + Basic + One-Step,NYSE:IT,0.0
2020-11-27,12,AR1 alpha + Basic + One-Step,NYSE:IT,0.0
2020-11-30,12,AR1 alpha + Basic + One-Step,NYSE:IT,0.0
2020-12-01,12,AR1 alpha + Basic + One-Step,NYSE:IT,0.0
2020-12-02,12,AR1 alpha + Basic + One-Step,NYSE:IT,0.0
2020-12-03,12,AR1 alpha + Basic + One-Step,NYSE:IT,0.0
2020-12-04,12,AR1 alpha + Basic + One-Step,NYSE:IT,1.234622575581752e-08
2020-12-07,12,AR1 alpha + Basic + One-Step,NYSE:IT,0.0
2020-12-08,12,AR1 alpha + Basic + One-Step,NYSE:IT,2.4736972378640336e-07
2020-12-09,12,AR1 alpha + Basic + One-Step,NYSE:IT,0.0
2020-12-10,12,AR1 alpha + Basic + One-Step,NYSE:IT,0.0
2020-12-11,12,AR1 alpha + Basic + One-Step,NYSE:IT,5.33329807631336e-07
2020-12-14,12,AR1 alpha + Basic + One-Step,NYSE:IT,8.451171527627334e-07
2020-12-15,12,AR1 alpha + Basic + One-Step,NYSE:IT,0.0
2020-12-16,12,AR1 alpha + Basic + One-Step,NYSE:IT,3.342226109813861e-09
2020-12-17,12,AR1 alpha + Basic + One-Step,NYSE:IT,0.0
2020-12-18,12,AR1 alpha + Basic + One-Step,NYSE:IT,0.0
2020-12-21,12,AR1 alpha + Basic + One-Step,NYSE:IT,8.154178296182832e-07
2020-12-22,12,AR1 alpha + Basic + One-Step,NYSE:IT,0.0
2020-12-23,12,AR1 alpha + Basic + One-Step,NYSE:IT,2.0273786324384146e-08
2020-12-24,12,AR1 alpha + Basic + One-Step,NYSE:IT,0.0
2020-12-28,12,AR1 alpha + Basic + One-Step,NYSE:IT,1.4290411661753102e-08
2020-12-29,12,AR1 alpha + Basic + One-Step,NYSE:IT,0.0
2020-12-30,12,AR1 alpha + Basic + One-Step,NYSE:IT,0.0
2020-12-31,12,AR1 alpha + Basic + One-Step,NYSE:IT,0.0
2021-01-04,12,AR1 alpha + Basic + One-Step,NYSE:IT,0.0
2021-01-05,12,AR1 alpha + Basic + One-Step,NYSE:IT,0.0
2021-01-06,12,AR1 alpha + Basic + One-Step,NYSE:IT,0.0
2021-01-07,12,AR1 alpha + Basic + One-Step,NYSE:IT,0.0
2021-01-08,12,AR1 alpha + Basic + One-Step,NYSE:IT,0.0
2021-01-11,12,AR1 alpha + Basic + One-Step,NYSE:IT,0.0
2021-01-12,12,AR1 alpha + Basic + One-Step,NYSE:IT,0.0
2021-01-13,12,AR1 alpha + Basic + One-Step,NYSE:IT,0.0
2021-01-14,12,AR1 alpha + Basic + One-Step,NYSE:IT,0.0
2021-01-15,12,AR1 alpha + Basic + One-Step,NYSE:IT,0.0
2021-01-19,12,AR1 alpha + Basic + One-Step,NYSE:IT,0.0
2021-01-20,12,AR1 alpha + Basic + One-Step,NYSE:IT,0.0
2021-01-21,12,AR1 alpha + Basic + One-Step,NYSE:IT,0.0
2021-01-22,12,AR1 alpha + Basic + One-Step,NYSE:IT,0.0
2021-01-25,12,AR1 alpha + Basic + One-Step,NYSE:IT,0.0
2021-01-26,12,AR1 alpha + Basic + One-Step,NYSE:IT,0.0
2021-01-27,12,AR1 alpha + Basic + One-Step,NYSE:IT,0.0
2021-01-28,12,AR1 alpha + Basic + One-Step,NYSE:IT,0.0
2021-01-29,12,AR1 alpha + Basic + One-Step,NYSE:IT,0.0
2021-02-01,12,AR1 alpha + Basic + One-Step,NYSE:IT,4.2125024594916207e-07
2021-02-02,12,AR1 alpha + Basic + One-Step,NYSE:IT,0.0
2021-02-03,12,AR1 alpha + Basic + One-Step,NYSE:IT,0.0
2021-02-04,12,AR1 alpha + Basic + One-Step,NYSE:IT,0.0
2021-02-05,12,AR1 alpha + Basic + One-Step,NYSE:IT,0.0
2021-02-08,12,AR1 alpha + Basic + One-Step,NYSE:IT,0.0
2021-02-09,12,AR1 alpha + Basic + One-Step,NYSE:IT,0.0
2021-02-10,12,AR1 alpha + Basic + One-Step,NYSE:IT,0.0
2021-02-11,12,AR1 alpha + Basic + One-Step,NYSE:IT,0.0
2021-02-12,12,AR1 alpha + Basic + One-Step,NYSE:IT,0.0
2021-02-16,12,AR1 alpha + Basic + One-Step,NYSE:IT,0.0
2021-02-17,12,AR1 alpha + Basic + One-Step,NYSE:IT,0.0
2021-02-18,12,AR1 alpha + Basic + One-Step,NYSE:IT,0.0
2021-02-19,12,AR1 alpha + Basic + One-Step,NYSE:IT,0.0
2021-02-22,12,AR1 alpha + Basic + One-Step,NYSE:IT,4.083832094381773e-07
2021-02-23,12,AR1 alpha + Basic + One-Step,NYSE:IT,3.213058354216802e-07
2021-02-24,12,AR1 alpha + Basic + One-Step,NYSE:IT,0.0
2021-02-25,12,AR1 alpha + Basic + One-Step,NYSE:IT,0.0
2021-02-26,12,AR1 alpha + Basic + One-Step,NYSE:IT,4.1091235466379604e-07
2021-03-01,12,AR1 alpha + Basic + One-Step,NYSE:IT,0.0
2021-03-02,12,AR1 alpha + Basic + One-Step,NYSE:IT,0.0
2021-03-03,12,AR1 alpha + Basic + One-Step,NYSE:IT,0.0
2021-03-04,12,AR1 alpha + Basic + One-Step,NYSE:IT,0.0
2021-03-05,12,AR1 alpha + Basic + One-Step,NYSE:IT,0.0
2021-03-08,12,AR1 alpha + Basic + One-Step,NYSE:IT,0.0
2021-03-09,12,AR1 alpha + Basic + One-Step,NYSE:IT,0.0
2021-03-10,12,AR1 alpha + Basic + One-Step,NYSE:IT,0.0
2021-03-11,12,AR1 alpha + Basic + One-Step,NYSE:IT,0.0
2021-03-12,12,AR1 alpha + Basic + One-Step,NYSE:IT,0.0
2021-03-15,12,AR1 alpha + Basic + One-Step,NYSE:IT,1.433313960722496e-09
2021-03-16,12,AR1 alpha + Basic + One-Step,NYSE:IT,0.0
2021-03-17,12,AR1 alpha + Basic + One-Step,NYSE:IT,0.0
2021-03-18,12,AR1 alpha + Basic + One-Step,NYSE:IT,0.0
2021-03-19,12,AR1 alpha + Basic + One-Step,NYSE:IT,0.0
2021-03-22,12,AR1 alpha + Basic + One-Step,NYSE:IT,0.0
2021-03-23,12,AR1 alpha + Basic + One-Step,NYSE:IT,0.0
2021-03-24,12,AR1 alpha + Basic + One-Step,NYSE:IT,0.0
2021-03-25,12,AR1 alpha + Basic + One-Step,NYSE:IT,0.0
2021-03-26,12,AR1 alpha + Basic + One-Step,NYSE:IT,0.0
2021-03-29,12,AR1 alpha + Basic + One-Step,NYSE:IT,0.0
2021-03-30,12,AR1 alpha + Basic + One-Step,NYSE:IT,6.876779193409076e-07
2021-03-31,12,AR1 alpha + Basic + One-Step,NYSE:IT,1.2873832036635038e-08
2021-04-01,12,AR1 alpha + Basic + One-Step,NYSE:IT,0.0
2021-04-05,12,AR1 alpha + Basic + One-Step,NYSE:IT,2.0562696428412434e-06
2021-04-06,12,AR1 alpha + Basic + One-Step,NYSE:IT,1.0677995275642769e-06
2021-04-07,12,AR1 alpha + Basic + One-Step,NYSE:IT,0.0
2021-04-08,12,AR1 alpha + Basic + One-Step,NYSE:IT,4.796200211750988e-07
2021-04-09,12,AR1 alpha + Basic + One-Step,NYSE:IT,0.0
2021-04-12,12,AR1 alpha + Basic + One-Step,NYSE:IT,7.21675526273421e-09
2021-04-13,12,AR1 alpha + Basic + One-Step,NYSE:IT,0.0
2021-04-14,12,AR1 alpha + Basic + One-Step,NYSE:IT,1.4421938353731682e-07
2021-04-15,12,AR1 alpha + Basic + One-Step,NYSE:IT,0.0
2021-04-16,12,AR1 alpha + Basic + One-Step,NYSE:IT,0.0
2021-04-19,12,AR1 alpha + Basic + One-Step,NYSE:IT,2.5950614209356787e-08
2021-04-20,12,AR1 alpha + Basic + One-Step,NYSE:IT,0.0
2021-04-21,12,AR1 alpha + Basic + One-Step,NYSE:IT,0.0
2021-04-22,12,AR1 alpha + Basic + One-Step,NYSE:IT,1.516574466847166e-07
2021-04-23,12,AR1 alpha + Basic + One-Step,NYSE:IT,0.0
2021-04-26,12,AR1 alpha + Basic + One-Step,NYSE:IT,0.0
2021-04-27,12,AR1 alpha + Basic + One-Step,NYSE:IT,8.095161961398978e-07
2021-04-28,12,AR1 alpha + Basic + One-Step,NYSE:IT,0.0
2021-04-29,12,AR1 alpha + Basic + One-Step,NYSE:IT,0.0
2021-04-30,12,AR1 alpha + Basic + One-Step,NYSE:IT,0.0
2021-05-03,12,AR1 alpha + Basic + One-Step,NYSE:IT,0.0
2021-05-04,12,AR1 alpha + Basic + One-Step,NYSE:IT,0.09999996076099761
2021-05-05,12,AR1 alpha + Basic + One-Step,NYSE:IT,0.09998919338911431
2021-05-06,12,AR1 alpha + Basic + One-Step,NYSE:IT,0.09998237074846932
2021-05-07,12,AR1 alpha + Basic + One-Step,NYSE:IT,0.0999799691081225
2021-05-10,12,AR1 alpha + Basic + One-Step,NYSE:IT,0.07559848287439293
2021-05-11,12,AR1 alpha + Basic + One-Step,NYSE:IT,0.0
2021-05-12,12,AR1 alpha + Basic + One-Step,NYSE:IT,0.0
2021-05-13,12,AR1 alpha + Basic + One-Step,NYSE:IT,0.020959314670138972
2021-05-14,12,AR1 alpha + Basic + One-Step,NYSE:IT,0.06374276832231193
2021-05-17,12,AR1 alpha + Basic + One-Step,NYSE:IT,0.04287430133173746
2021-05-18,12,AR1 alpha + Basic + One-Step,NYSE:IT,0.0
2021-05-19,12,AR1 alpha + Basic + One-Step,NYSE:IT,0.03331970352375437
2021-05-20,12,AR1 alpha + Basic + One-Step,NYSE:IT,0.10000007924976624
2021-05-21,12,AR1 alpha + Basic + One-Step,NYSE:IT,0.09999719754388564
2021-05-24,12,AR1 alpha + Basic + One-Step,NYSE:IT,0.09999131045307115
2021-05-25,12,AR1 alpha + Basic + One-Step,NYSE:IT,0.07154377881083096
2021-05-26,12,AR1 alpha + Basic + One-Step,NYSE:IT,0.04559939387615794
2021-05-27,12,AR1 alpha + Basic + One-Step,NYSE:IT,0.01929383253540747
2021-05-28,12,AR1 alpha + Basic + One-Step,NYSE:IT,0.0
2021-06-01,12,AR1 alpha + Basic + One-Step,NYSE:IT,0.008111567434614048
2021-06-02,12,AR1 alpha + Basic + One-Step,NYSE:IT,0.008167310049802711
2021-06-03,12,AR1 alpha + Basic + One-Step,NYSE:IT,0.022594251976779355
2021-06-04,12,AR1 alpha + Basic + One-Step,NYSE:IT,0.048469606187821264
2021-06-07,12,AR1 alpha + Basic + One-Step,NYSE:IT,0.0
2021-06-08,12,AR1 alpha + Basic + One-Step,NYSE:IT,0.0
2021-06-09,12,AR1 alpha + Basic + One-Step,NYSE:IT,1.1496302414972358e-07
2021-06-10,12,AR1 alpha + Basic + One-Step,NYSE:IT,9.86606219191993e-08
2021-06-11,12,AR1 alpha + Basic + One-Step,NYSE:IT,0.010626618662281167
2021-06-14,12,AR1 alpha + Basic + One-Step,NYSE:IT,0.0
2021-06-15,12,AR1 alpha + Basic + One-Step,NYSE:IT,0.08589830737074818
2021-06-16,12,AR1 alpha + Basic + One-Step,NYSE:IT,0.08161551469773116
2021-06-17,12,AR1 alpha + Basic + One-Step,NYSE:IT,0.0
2021-06-18,12,AR1 alpha + Basic + One-Step,NYSE:IT,0.0
2021-06-21,12,AR1 alpha + Basic + One-Step,NYSE:IT,0.06452234005705403
2021-06-22,12,AR1 alpha + Basic + One-Step,NYSE:IT,0.09338567936125858
2021-06-23,12,AR1 alpha + Basic + One-Step,NYSE:IT,0.07345510694526898
2021-06-24,12,AR1 alpha + Basic + One-Step,NYSE:IT,0.1000023744124208
2021-06-25,12,AR1 alpha + Basic + One-Step,NYSE:IT,0.09999006956136137
2021-06-28,12,AR1 alpha + Basic + One-Step,NYSE:IT,0.09999064419527498
2021-06-29,12,AR1 alpha + Basic + One-Step,NYSE:IT,0.09998909421942219
2021-06-30,12,AR1 alpha + Basic + One-Step,NYSE:IT,0.09999942885955741
2021-07-01,12,AR1 alpha + Basic + One-Step,NYSE:IT,0.09999513564146374
2021-07-02,12,AR1 alpha + Basic + One-Step,NYSE:IT,0.09998968670364353
2021-07-06,12,AR1 alpha + Basic + One-Step,NYSE:IT,0.09999194506825552
2021-07-07,12,AR1 alpha + Basic + One-Step,NYSE:IT,0.09998260880858405
2021-07-08,12,AR1 alpha + Basic + One-Step,NYSE:IT,0.09997869290094982
2021-07-09,12,AR1 alpha + Basic + One-Step,NYSE:IT,0.09997030375348827
2021-07-12,12,AR1 alpha + Basic + One-Step,NYSE:IT,0.09997965047749252
2021-07-13,12,AR1 alpha + Basic + One-Step,NYSE:IT,0.09998656339130128
2021-07-14,12,AR1 alpha + Basic + One-Step,NYSE:IT,0.09998042583486996
2021-07-15,12,AR1 alpha + Basic + One-Step,NYSE:IT,0.0999803013917842
2021-07-16,12,AR1 alpha + Basic + One-Step,NYSE:IT,0.08085240405908493
2021-07-19,12,AR1 alpha + Basic + One-Step,NYSE:IT,0.05718048737183943
2021-07-20,12,AR1 alpha + Basic + One-Step,NYSE:IT,0.09999111292487625
2021-07-21,12,AR1 alpha + Basic + One-Step,NYSE:IT,0.0999897467873485
2021-07-22,12,AR1 alpha + Basic + One-Step,NYSE:IT,0.09998419910649352
2021-07-23,12,AR1 alpha + Basic + One-Step,NYSE:IT,0.09998088803119112
2021-07-26,12,AR1 alpha + Basic + One-Step,NYSE:IT,0.09998792883791918
2021-07-27,12,AR1 alpha + Basic + One-Step,NYSE:IT,0.09999463957006655
2021-07-28,12,AR1 alpha + Basic + One-Step,NYSE:IT,0.099987616567347
2021-07-29,12,AR1 alpha + Basic + One-Step,NYSE:IT,0.09997927032641411
2021-07-30,12,AR1 alpha + Basic + One-Step,NYSE:IT,0.099974375582111
2021-08-02,12,AR1 alpha + Basic + One-Step,NYSE:IT,0.09998183107686028
2021-08-03,12,AR1 alpha + Basic + One-Step,NYSE:IT,0.09999154118697859
2021-08-04,12,AR1 alpha + Basic + One-Step,NYSE:IT,0.09999449130075803
2021-08-05,12,AR1 alpha + Basic + One-Step,NYSE:IT,0.099990179776263
2021-08-06,12,AR1 alpha + Basic + One-Step,NYSE:IT,0.09998781612638422
2021-08-09,12,AR1 alpha + Basic + One-Step,NYSE:IT,0.09999246449328855
2021-08-10,12,AR1 alpha + Basic + One-Step,NYSE:IT,0.09999503695070404
2021-08-11,12,AR1 alpha + Basic + One-Step,NYSE:IT,0.09999684376636812
2021-08-12,12,AR1 alpha + Basic + One-Step,NYSE:IT,0.09998926470423178
2021-08-13,12,AR1 alpha + Basic + One-Step,NYSE:IT,0.09998642009134275
2021-08-16,12,AR1 alpha + Basic + One-Step,NYSE:IT,0.09999106675850918
2021-08-17,12,AR1 alpha + Basic + One-Step,NYSE:IT,0.09999430424506923
2021-08-18,12,AR1 alpha + Basic + One-Step,NYSE:IT,0.09998911441692253
2021-08-19,12,AR1 alpha + Basic + One-Step,NYSE:IT,0.09998193206776157
2021-08-20,12,AR1 alpha + Basic + One-Step,NYSE:IT,0.09998813153502914
2021-08-23,12,AR1 alpha + Basic + One-Step,NYSE:IT,0.09998241049664469
2021-08-24,12,AR1 alpha + Basic + One-Step,NYSE:IT,0.09999860630186964
2021-08-25,12,AR1 alpha + Basic + One-Step,NYSE:IT,0.09999403864429439
2021-08-26,12,AR1 alpha + Basic + One-Step,NYSE:IT,0.09999618472229925
2021-08-27,12,AR1 alpha + Basic + One-Step,NYSE:IT,0.09999676345641403
2021-08-30,12,AR1 alpha + Basic + One-Step,NYSE:IT,0.09999793599446859
2021-08-31,12,AR1 alpha + Basic + One-Step,NYSE:IT,0.0999971039669441
2021-09-01,12,AR1 alpha + Basic + One-Step,NYSE:IT,0.09998497844031048
2021-09-02,12,AR1 alpha + Basic + One-Step,NYSE:IT,0.09998905934003319
2021-09-03,12,AR1 alpha + Basic + One-Step,NYSE:IT,0.09998469061491345
2021-09-07,12,AR1 alpha + Basic + One-Step,NYSE:IT,0.09997876400202944
2021-09-08,12,AR1 alpha + Basic + One-Step,NYSE:IT,0.0999698430426672
2021-09-09,12,AR1 alpha + Basic + One-Step,NYSE:IT,0.09999964159334723
2021-09-10,12,AR1 alpha + Basic + One-Step,NYSE:IT,0.09999714901041327
2021-09-13,12,AR1 alpha + Basic + One-Step,NYSE:IT,0.0999973850034096
2021-09-14,12,AR1 alpha + Basic + One-Step,NYSE:IT,0.09999859960381235
2021-09-15,12,AR1 alpha + Basic + One-Step,NYSE:IT,0.09999589423165017
2021-09-16,12,AR1 alpha + Basic + One-Step,NYSE:IT,0.09999405385547629
2021-09-17,12,AR1 alpha + Basic + One-Step,NYSE:IT,0.09998787201418599
2021-09-20,12,AR1 alpha + Basic + One-Step,NYSE:IT,0.09999178865504846
2021-09-21,12,AR1 alpha + Basic + One-Step,NYSE:IT,0.09999473425703781
2021-09-22,12,AR1 alpha + Basic + One-Step,NYSE:IT,0.09998981317552447
2021-09-23,12,AR1 alpha + Basic + One-Step,NYSE:IT,0.09998948419938053
2021-09-24,12,AR1 alpha + Basic + One-Step,NYSE:IT,0.09998638755847446
2021-09-27,12,AR1 alpha + Basic + One-Step,NYSE:IT,0.0999887889476037
2021-09-28,12,AR1 alpha + Basic + One-Step,NYSE:IT,0.09998403715211443
2021-09-29,12,AR1 alpha + Basic + One-Step,NYSE:IT,0.09998905463396993
2021-09-30,12,AR1 alpha + Basic + One-Step,NYSE:IT,0.09998431785621588
2021-10-01,12,AR1 alpha + Basic + One-Step,NYSE:IT,0.0999885588570762
2021-10-04,12,AR1 alpha + Basic + One-Step,NYSE:IT,0.099986918958502
2021-10-05,12,AR1 alpha + Basic + One-Step,NYSE:IT,0.09999168308171229
2021-10-06,12,AR1 alpha + Basic + One-Step,NYSE:IT,0.09999312402926201
2021-10-07,12,AR1 alpha + Basic + One-Step,NYSE:IT,0.09999426830423061
2021-10-08,12,AR1 alpha + Basic + One-Step,NYSE:IT,0.09999535661228863
2021-10-11,12,AR1 alpha + Basic + One-Step,NYSE:IT,0.09999177043968967
2021-10-12,12,AR1 alpha + Basic + One-Step,NYSE:IT,0.09999440690723937
2021-10-13,12,AR1 alpha + Basic + One-Step,NYSE:IT,0.09999544348616801
2021-10-14,12,AR1 alpha + Basic + One-Step,NYSE:IT,0.09999530016616187
2021-10-15,12,AR1 alpha + Basic + One-Step,NYSE:IT,0.09998980718158405
2021-10-18,12,AR1 alpha + Basic + One-Step,NYSE:IT,0.09998816294291467
2021-10-19,12,AR1 alpha + Basic + One-Step,NYSE:IT,0.09999147915037286
2021-10-20,12,AR1 alpha + Basic + One-Step,NYSE:IT,0.09999162501817736
2021-10-21,12,AR1 alpha + Basic + One-Step,NYSE:IT,0.09998598329861325
2021-10-22,12,AR1 alpha + Basic + One-Step,NYSE:IT,0.09998601968164456
2021-10-25,12,AR1 alpha + Basic + One-Step,NYSE:IT,0.09998461431197993
2021-10-26,12,AR1 alpha + Basic + One-Step,NYSE:IT,0.0999824358858797
2021-10-27,12,AR1 alpha + Basic + One-Step,NYSE:IT,0.09998440223969225
2021-10-28,12,AR1 alpha + Basic + One-Step,NYSE:IT,0.0999882847582359
2021-10-29,12,AR1 alpha + Basic + One-Step,NYSE:IT,0.09998815682134227
2021-11-01,12,AR1 alpha + Basic + One-Step,NYSE:IT,0.09999244391459684
2021-11-02,12,AR1 alpha + Basic + One-Step,NYSE:IT,0.099989747913071
2021-11-03,12,AR1 alpha + Basic + One-Step,NYSE:IT,0.09998651730465424
2021-11-04,12,AR1 alpha + Basic + One-Step,NYSE:IT,0.0999828753691905
2021-11-05,12,AR1 alpha + Basic + One-Step,NYSE:IT,0.09998837641512108
2021-11-08,12,AR1 alpha + Basic + One-Step,NYSE:IT,0.09998759153435785
2021-11-09,12,AR1 alpha + Basic + One-Step,NYSE:IT,0.09999177097490383
2021-11-10,12,AR1 alpha + Basic + One-Step,NYSE:IT,0.09999449240863331
2021-11-11,12,AR1 alpha + Basic + One-Step,NYSE:IT,0.09999494588340786
2021-11-12,12,AR1 alpha + Basic + One-Step,NYSE:IT,0.09999439341448506
2021-11-15,12,AR1 alpha + Basic + One-Step,NYSE:IT,0.09999315103306157
2021-11-16,12,AR1 alpha + Basic + One-Step,NYSE:IT,0.09998847258484661
2021-11-17,12,AR1 alpha + Basic + One-Step,NYSE:IT,0.09998758451886708
2021-11-18,12,AR1 alpha + Basic + One-Step,NYSE:IT,0.09998496417911333
2021-11-19,12,AR1 alpha + Basic + One-Step,NYSE:IT,0.09998325322548716
2021-11-22,12,AR1 alpha + Basic + One-Step,NYSE:IT,0.09998237348948925
2021-11-23,12,AR1 alpha + Basic + One-Step,NYSE:IT,0.09997975621373467
2021-11-24,12,AR1 alpha + Basic + One-Step,NYSE:IT,0.09997485885942925
2021-11-26,12,AR1 alpha + Basic + One-Step,NYSE:IT,0.09996987717231468
2021-11-29,12,AR1 alpha + Basic + One-Step,NYSE:IT,0.09999887144059202
2021-11-30,12,AR1 alpha + Basic + One-Step,NYSE:IT,0.0999951716938801
2021-12-01,12,AR1 alpha + Basic + One-Step,NYSE:IT,0.09999103620641737
2021-12-02,12,AR1 alpha + Basic + One-Step,NYSE:IT,0.09999066069964878
2021-12-03,12,AR1 alpha + Basic + One-Step,NYSE:IT,0.09999354277115642
2021-12-06,12,AR1 alpha + Basic + One-Step,NYSE:IT,0.09998891048353313
2021-12-07,12,AR1 alpha + Basic + One-Step,NYSE:IT,0.09998150353634497
2021-12-08,12,AR1 alpha + Basic + One-Step,NYSE:IT,0.09998468680483179
2021-12-09,12,AR1 alpha + Basic + One-Step,NYSE:IT,0.09998174037660099
2021-12-10,12,AR1 alpha + Basic + One-Step,NYSE:IT,0.09998830863078613
2021-12-13,12,AR1 alpha + Basic + One-Step,NYSE:IT,0.09998457814549051
2021-12-14,12,AR1 alpha + Basic + One-Step,NYSE:IT,0.09998971952482237
2021-12-15,12,AR1 alpha + Basic + One-Step,NYSE:IT,0.09998768731711256
2021-12-16,12,AR1 alpha + Basic + One-Step,NYSE:IT,0.09998653296063725
2021-12-17,12,AR1 alpha + Basic + One-Step,NYSE:IT,0.09998109721997668
2021-12-20,12,AR1 alpha + Basic + One-Step,NYSE:IT,0.09997725227291074
2021-12-21,12,AR1 alpha + Basic + One-Step,NYSE:IT,0.09997227644370117
2021-12-22,12,AR1 alpha + Basic + One-Step,NYSE:IT,0.10000074185864814
2021-12-23,12,AR1 alpha + Basic + One-Step,NYSE:IT,0.09999592702566808
2021-12-27,12,AR1 alpha + Basic + One-Step,NYSE:IT,0.09999054316331286
2021-12-28,12,AR1 alpha + Basic + One-Step,NYSE:IT,0.09998127107923688
2021-12-29,12,AR1 alpha + Basic + One-Step,NYSE:IT,0.09999835053202384
2021-12-30,12,AR1 alpha + Basic + One-Step,NYSE:IT,0.09999990740997859
2021-12-31,12,AR1 alpha + Basic + One-Step,NYSE:IT,0.09999972598460403
2022-01-03,12,AR1 alpha + Basic + One-Step,NYSE:IT,0.09999978447781445
2022-01-04,12,AR1 alpha + Basic + One-Step,NYSE:IT,0.10000000000000006
2022-01-05,12,AR1 alpha + Basic + One-Step,NYSE:IT,0.09999999999999996
2022-01-06,12,AR1 alpha + Basic + One-Step,NYSE:IT,0.09999519256860956
2022-01-07,12,AR1 alpha + Basic + One-Step,NYSE:IT,0.09999696772892816
2022-01-10,12,AR1 alpha + Basic + One-Step,NYSE:IT,0.09999231689628332
2022-01-11,12,AR1 alpha + Basic + One-Step,NYSE:IT,0.09998526423457407
2022-01-12,12,AR1 alpha + Basic + One-Step,NYSE:IT,0.0999836960229244
2022-01-13,12,AR1 alpha + Basic + One-Step,NYSE:IT,0.10000350540697409
2022-01-14,12,AR1 alpha + Basic + One-Step,NYSE:IT,0.0999939130793708
2022-01-18,12,AR1 alpha + Basic + One-Step,NYSE:IT,0.09999060850043268
2022-01-19,12,AR1 alpha + Basic + One-Step,NYSE:IT,0.09998646531044453
2022-01-20,12,AR1 alpha + Basic + One-Step,NYSE:IT,0.0999827550370786
2022-01-21,12,AR1 alpha + Basic + One-Step,NYSE:IT,0.10000175989354476
2022-01-24,12,AR1 alpha + Basic + One-Step,NYSE:IT,0.09999970502129485
2022-01-25,12,AR1 alpha + Basic + One-Step,NYSE:IT,0.09999402705518344
2022-01-26,12,AR1 alpha + Basic + One-Step,NYSE:IT,0.0999963982889345
2022-01-27,12,AR1 alpha + Basic + One-Step,NYSE:IT,0.09999532634404835
2022-01-28,12,AR1 alpha + Basic + One-Step,NYSE:IT,0.09999713724980051
2022-01-31,12,AR1 alpha + Basic + One-Step,NYSE:IT,0.09999391698894969
2022-02-01,12,AR1 alpha + Basic + One-Step,NYSE:IT,0.09999128360625083
2022-02-02,12,AR1 alpha + Basic + One-Step,NYSE:IT,0.09998735456735956
2022-02-03,12,AR1 alpha + Basic + One-Step,NYSE:IT,0.0999865270600473
2022-02-04,12,AR1 alpha + Basic + One-Step,NYSE:IT,0.09999223083997848
2022-02-07,12,AR1 alpha + Basic + One-Step,NYSE:IT,0.09999547406945598
2022-02-08,12,AR1 alpha + Basic + One-Step,NYSE:IT,0.09999501632307148
2022-02-09,12,AR1 alpha + Basic + One-Step,NYSE:IT,0.09999676478522596
2022-02-10,12,AR1 alpha + Basic + One-Step,NYSE:IT,0.09999799043389737
2022-02-11,12,AR1 alpha + Basic + One-Step,NYSE:IT,0.09999887899152518
2022-02-14,12,AR1 alpha + Basic + One-Step,NYSE:IT,0.09999850630753071
2022-02-15,12,AR1 alpha + Basic + One-Step,NYSE:IT,0.09999719860396694
2022-02-16,12,AR1 alpha + Basic + One-Step,NYSE:IT,0.09999570399831638
2022-02-17,12,AR1 alpha + Basic + One-Step,NYSE:IT,0.09999588603966714
2022-02-18,12,AR1 alpha + Basic + One-Step,NYSE:IT,0.09999797325749342
2022-02-22,12,AR1 alpha + Basic + One-Step,NYSE:IT,0.09999881189080324
2022-02-23,12,AR1 alpha + Basic + One-Step,NYSE:IT,0.10000000000000009
2022-02-24,12,AR1 alpha + Basic + One-Step,NYSE:IT,0.1
2022-02-25,12,AR1 alpha + Basic + One-Step,NYSE:IT,0.09999952047100272
2022-02-28,12,AR1 alpha + Basic + One-Step,NYSE:IT,0.09999275332539706
2022-03-01,12,AR1 alpha + Basic + One-Step,NYSE:IT,0.09999635323342684
2022-03-02,12,AR1 alpha + Basic + One-Step,NYSE:IT,0.09999771673540835
2022-03-03,12,AR1 alpha + Basic + One-Step,NYSE:IT,0.0999977340550238
2022-03-04,12,AR1 alpha + Basic + One-Step,NYSE:IT,0.0999965959368293
2022-03-07,12,AR1 alpha + Basic + One-Step,NYSE:IT,0.09999823081227027
2022-03-08,12,AR1 alpha + Basic + One-Step,NYSE:IT,0.10000005345424948
2022-03-09,12,AR1 alpha + Basic + One-Step,NYSE:IT,0.0999988504462483
2022-03-10,12,AR1 alpha + Basic + One-Step,NYSE:IT,0.09999931006976082
2022-03-11,12,AR1 alpha + Basic + One-Step,NYSE:IT,0.09999956686948415
2022-03-14,12,AR1 alpha + Basic + One-Step,NYSE:IT,0.09999924680026975
2022-03-15,12,AR1 alpha + Basic + One-Step,NYSE:IT,0.09999957699197261
2022-03-16,12,AR1 alpha + Basic + One-Step,NYSE:IT,0.09999999999999998
2022-03-17,12,AR1 alpha + Basic + One-Step,NYSE:IT,0.09999337699747778
2022-03-18,12,AR1 alpha + Basic + One-Step,NYSE:IT,0.055522264436076614
2022-03-21,12,AR1 alpha + Basic + One-Step,NYSE:IT,0.09999764627162304
2022-03-22,12,AR1 alpha + Basic + One-Step,NYSE:IT,0.09999469581058572
2022-03-23,12,AR1 alpha + Basic + One-Step,NYSE:IT,0.09999686235807263
2022-03-24,12,AR1 alpha + Basic + One-Step,NYSE:IT,0.09999857219248587
2022-03-25,12,AR1 alpha + Basic + One-Step,NYSE:IT,0.09999791998734457
2022-03-28,12,AR1 alpha + Basic + One-Step,NYSE:IT,0.09999734697529898
2022-03-29,12,AR1 alpha + Basic + One-Step,NYSE:IT,0.09999241136367806
2022-03-30,12,AR1 alpha + Basic + One-Step,NYSE:IT,0.09999267278574972
2022-03-31,12,AR1 alpha + Basic + One-Step,NYSE:IT,0.09998920891243888
2022-04-01,12,AR1 alpha + Basic + One-Step,NYSE:IT,0.09999140400854921
2022-04-04,12,AR1 alpha + Basic + One-Step,NYSE:IT,0.09999422368272756
2022-04-05,12,AR1 alpha + Basic + One-Step,NYSE:IT,0.09999435505621407
2022-04-06,12,AR1 alpha + Basic + One-Step,NYSE:IT,0.09998999013292875
2022-04-07,12,AR1 alpha + Basic + One-Step,NYSE:IT,0.09999343062725417
2022-04-08,12,AR1 alpha + Basic + One-Step,NYSE:IT,0.09999490017567954
2022-04-11,12,AR1 alpha + Basic + One-Step,NYSE:IT,0.09999326869765708
2022-04-12,12,AR1 alpha + Basic + One-Step,NYSE:IT,0.09999566686316874
2022-04-13,12,AR1 alpha + Basic + One-Step,NYSE:IT,0.09999787528291242
2022-04-14,12,AR1 alpha + Basic + One-Step,NYSE:IT,0.09999877870246016
2022-04-18,12,AR1 alpha + Basic + One-Step,NYSE:IT,0.09999916314186379
2022-04-19,12,AR1 alpha + Basic + One-Step,NYSE:IT,0.09999771562812769
2022-04-20,12,AR1 alpha + Basic + One-Step,NYSE:IT,0.09999903542910905
2022-04-21,12,AR1 alpha + Basic + One-Step,NYSE:IT,0.09999579401301788
2022-04-22,12,AR1 alpha + Basic + One-Step,NYSE:IT,0.09999619425660625
2022-04-25,12,AR1 alpha + Basic + One-Step,NYSE:IT,0.09999555576745722
2022-04-26,12,AR1 alpha + Basic + One-Step,NYSE:IT,0.09999422682792415
2022-04-27,12,AR1 alpha + Basic + One-Step,NYSE:IT,0.09999608936545197
2022-04-28,12,AR1 alpha + Basic + One-Step,NYSE:IT,0.09999726408220531
2022-04-29,12,AR1 alpha + Basic + One-Step,NYSE:IT,0.09999651116473342
2022-05-02,12,AR1 alpha + Basic + One-Step,NYSE:IT,0.09999317372068357
2022-05-03,12,AR1 alpha + Basic + One-Step,NYSE:IT,0.09999287554930873
2022-05-04,12,AR1 alpha + Basic + One-Step,NYSE:IT,0.09999675197902666
2022-05-05,12,AR1 alpha + Basic + One-Step,NYSE:IT,0.09999560000653741
2022-05-06,12,AR1 alpha + Basic + One-Step,NYSE:IT,0.09999704171716797
2022-05-09,12,AR1 alpha + Basic + One-Step,NYSE:IT,0.09999744139328816
2022-05-10,12,AR1 alpha + Basic + One-Step,NYSE:IT,0.0999981154848332
2022-05-11,12,AR1 alpha + Basic + One-Step,NYSE:IT,0.09999695503677955
2022-05-12,12,AR1 alpha + Basic + One-Step,NYSE:IT,0.0999979736306489
2022-05-13,12,AR1 alpha + Basic + One-Step,NYSE:IT,0.0
2022-05-16,12,AR1 alpha + Basic + One-Step,NYSE:IT,5.760652261421219e-07
2022-05-17,12,AR1 alpha + Basic + One-Step,NYSE:IT,4.230427560254395e-09
2022-05-18,12,AR1 alpha + Basic + One-Step,NYSE:IT,0.10000246773640241
2022-05-19,12,AR1 alpha + Basic + One-Step,NYSE:IT,0.0
2022-05-20,12,AR1 alpha + Basic + One-Step,NYSE:IT,0.0
2022-05-23,12,AR1 alpha + Basic + One-Step,NYSE:IT,3.0976399424185276e-07
2022-05-24,12,AR1 alpha + Basic + One-Step,NYSE:IT,0.0
2022-05-25,12,AR1 alpha + Basic + One-Step,NYSE:IT,1.6101774250591254e-07
2022-05-26,12,AR1 alpha + Basic + One-Step,NYSE:IT,0.0
2022-05-27,12,AR1 alpha + Basic + One-Step,NYSE:IT,6.246874146456777e-09
2022-05-31,12,AR1 alpha + Basic + One-Step,NYSE:IT,0.0
2022-06-01,12,AR1 alpha + Basic + One-Step,NYSE:IT,0.0
2022-06-02,12,AR1 alpha + Basic + One-Step,NYSE:IT,0.0
2022-06-03,12,AR1 alpha + Basic + One-Step,NYSE:IT,0.0
2022-06-06,12,AR1 alpha + Basic + One-Step,NYSE:IT,1.860332496033702e-07
2022-06-07,12,AR1 alpha + Basic + One-Step,NYSE:IT,0.0
2022-06-08,12,AR1 alpha + Basic + One-Step,NYSE:IT,3.2953772326763293e-08
2022-06-09,12,AR1 alpha + Basic + One-Step,NYSE:IT,0.023005795575766996
2022-06-10,12,AR1 alpha + Basic + One-Step,NYSE:IT,0.10000015432645235
2022-06-13,12,AR1 alpha + Basic + One-Step,NYSE:IT,0.1000003734663274
2022-06-14,12,AR1 alpha + Basic + One-Step,NYSE:IT,0.10000021524873556
2022-06-15,12,AR1 alpha + Basic + One-Step,NYSE:IT,0.09999904600160645
2022-06-16,12,AR1 alpha + Basic + One-Step,NYSE:IT,0.09999880630357125
2022-06-17,12,AR1 alpha + Basic + One-Step,NYSE:IT,0.09999925360200461
2022-06-21,12,AR1 alpha + Basic + One-Step,NYSE:IT,7.082673848402799e-06
2022-06-22,12,AR1 alpha + Basic + One-Step,NYSE:IT,0.0
2022-06-23,12,AR1 alpha + Basic + One-Step,NYSE:IT,0.0
2022-06-24,12,AR1 alpha + Basic + One-Step,NYSE:IT,0.0
2022-06-27,12,AR1 alpha + Basic + One-Step,NYSE:IT,0.0
2022-06-28,12,AR1 alpha + Basic + One-Step,NYSE:IT,0.0
2022-06-29,12,AR1 alpha + Basic + One-Step,NYSE:IT,0.0
2022-06-30,12,AR1 alpha + Basic + One-Step,NYSE:IT,0.0
2022-07-01,12,AR1 alpha + Basic + One-Step,NYSE:IT,0.0
2022-07-05,12,AR1 alpha + Basic + One-Step,NYSE:IT,0.0
2022-07-06,12,AR1 alpha + Basic + One-Step,NYSE:IT,0.0
2022-07-07,12,AR1 alpha + Basic + One-Step,NYSE:IT,0.0
2022-07-08,12,AR1 alpha + Basic + One-Step,NYSE:IT,0.0
2022-07-11,12,AR1 alpha + Basic + One-Step,NYSE:IT,0.0
2022-07-12,12,AR1 alpha + Basic + One-Step,NYSE:IT,3.060793490683532e-07
2022-07-13,12,AR1 alpha + Basic + One-Step,NYSE:IT,4.4240077873788117e-07
2022-07-14,12,AR1 alpha + Basic + One-Step,NYSE:IT,0.0
2022-07-15,12,AR1 alpha + Basic + One-Step,NYSE:IT,0.0
2022-07-18,12,AR1 alpha + Basic + One-Step,NYSE:IT,3.2296357366920246e-09
2022-07-19,12,AR1 alpha + Basic + One-Step,NYSE:IT,0.0
2022-07-20,12,AR1 alpha + Basic + One-Step,NYSE:IT,0.0
2022-07-21,12,AR1 alpha + Basic + One-Step,NYSE:IT,2.2096289422271164e-08
2022-07-22,12,AR1 alpha + Basic + One-Step,NYSE:IT,0.0
2022-07-25,12,AR1 alpha + Basic + One-Step,NYSE:IT,0.0
2022-07-26,12,AR1 alpha + Basic + One-Step,NYSE:IT,0.0
2022-07-27,12,AR1 alpha + Basic + One-Step,NYSE:IT,0.0
2022-07-28,12,AR1 alpha + Basic + One-Step,NYSE:IT,0.0
2022-07-29,12,AR1 alpha + Basic + One-Step,NYSE:IT,0.0
2022-08-01,12,AR1 alpha + Basic + One-Step,NYSE:IT,0.0
2022-08-02,12,AR1 alpha + Basic + One-Step,NYSE:IT,0.0
2022-08-03,12,AR1 alpha + Basic + One-Step,NYSE:IT,0.0
2022-08-04,12,AR1 alpha + Basic + One-Step,NYSE:IT,0.0
2022-08-05,12,AR1 alpha + Basic + One-Step,NYSE:IT,0.0
2022-08-08,12,AR1 alpha + Basic + One-Step,NYSE:IT,0.0
2022-08-09,12,AR1 alpha + Basic + One-Step,NYSE:IT,0.0
2022-08-10,12,AR1 alpha + Basic + One-Step,NYSE:IT,0.0
2022-08-11,12,AR1 alpha + Basic + One-Step,NYSE:IT,0.0
2022-08-12,12,AR1 alpha + Basic + One-Step,NYSE:IT,0.0
2022-08-15,12,AR1 alpha + Basic + One-Step,NYSE:IT,0.0
2022-08-16,12,AR1 alpha + Basic + One-Step,NYSE:IT,0.0
2022-08-17,12,AR1 alpha + Basic + One-Step,NYSE:IT,0.0
2022-08-18,12,AR1 alpha + Basic + One-Step,NYSE:IT,0.0
2022-08-19,12,AR1 alpha + Basic + One-Step,NYSE:IT,0.0
2022-08-22,12,AR1 alpha + Basic + One-Step,NYSE:IT,0.0
2022-08-23,12,AR1 alpha + Basic + One-Step,NYSE:IT,0.0
2022-08-24,12,AR1 alpha + Basic + One-Step,NYSE:IT,1.2193816063314547e-07
2022-08-25,12,AR1 alpha + Basic + One-Step,NYSE:IT,0.0
2022-08-26,12,AR1 alpha + Basic + One-Step,NYSE:IT,0.0
2022-08-29,12,AR1 alpha + Basic + One-Step,NYSE:IT,0.0
2022-08-30,12,AR1 alpha + Basic + One-Step,NYSE:IT,0.0
2022-08-31,12,AR1 alpha + Basic + One-Step,NYSE:IT,0.0
2022-09-01,12,AR1 alpha + Basic + One-Step,NYSE:IT,0.0
2022-09-02,12,AR1 alpha + Basic + One-Step,NYSE:IT,0.0
2022-09-06,12,AR1 alpha + Basic + One-Step,NYSE:IT,0.0
2022-09-07,12,AR1 alpha + Basic + One-Step,NYSE:IT,0.0
2022-09-08,12,AR1 alpha + Basic + One-Step,NYSE:IT,6.411127738715736e-07
2022-09-09,12,AR1 alpha + Basic + One-Step,NYSE:IT,7.638443401923762e-08
2022-09-12,12,AR1 alpha + Basic + One-Step,NYSE:IT,0.0
2022-09-13,12,AR1 alpha + Basic + One-Step,NYSE:IT,0.0
2022-09-14,12,AR1 alpha + Basic + One-Step,NYSE:IT,1.0756146124600052e-07
2022-09-15,12,AR1 alpha + Basic + One-Step,NYSE:IT,0.0
2022-09-16,12,AR1 alpha + Basic + One-Step,NYSE:IT,5.0535691539989977e-08
2022-09-19,12,AR1 alpha + Basic + One-Step,NYSE:IT,0.0
2022-09-20,12,AR1 alpha + Basic + One-Step,NYSE:IT,3.703088965000582e-08
2022-09-21,12,AR1 alpha + Basic + One-Step,NYSE:IT,0.0
2022-09-22,12,AR1 alpha + Basic + One-Step,NYSE:IT,0.0
2022-09-23,12,AR1 alpha + Basic + One-Step,NYSE:IT,0.0
2022-09-26,12,AR1 alpha + Basic + One-Step,NYSE:IT,4.584775669879246e-09
2022-09-27,12,AR1 alpha + Basic + One-Step,NYSE:IT,0.0
2022-09-28,12,AR1 alpha + Basic + One-Step,NYSE:IT,0.0
2022-09-29,12,AR1 alpha + Basic + One-Step,NYSE:IT,0.0
2022-09-30,12,AR1 alpha + Basic + One-Step,NYSE:IT,0.0
2022-10-03,12,AR1 alpha + Basic + One-Step,NYSE:IT,0.0
2022-10-04,12,AR1 alpha + Basic + One-Step,NYSE:IT,2.430376764305205e-07
2022-10-05,12,AR1 alpha + Basic + One-Step,NYSE:IT,0.0
2022-10-06,12,AR1 alpha + Basic + One-Step,NYSE:IT,0.0
2022-10-07,12,AR1 alpha + Basic + One-Step,NYSE:IT,0.0
2022-10-10,12,AR1 alpha + Basic + One-Step,NYSE:IT,2.237974988602372e-08
2022-10-11,12,AR1 alpha + Basic + One-Step,NYSE:IT,0.0
2022-10-12,12,AR1 alpha + Basic + One-Step,NYSE:IT,4.937499770595221e-11
2022-10-13,12,AR1 alpha + Basic + One-Step,NYSE:IT,0.0
2022-10-14,12,AR1 alpha + Basic + One-Step,NYSE:IT,4.629696954684723e-07
2022-10-17,12,AR1 alpha + Basic + One-Step,NYSE:IT,6.11583034529401e-08
2022-10-18,12,AR1 alpha + Basic + One-Step,NYSE:IT,0.0
2022-10-19,12,AR1 alpha + Basic + One-Step,NYSE:IT,0.0
2022-10-20,12,AR1 alpha + Basic + One-Step,NYSE:IT,0.0
2022-10-21,12,AR1 alpha + Basic + One-Step,NYSE:IT,3.589188108246815e-08
2022-10-24,12,AR1 alpha + Basic + One-Step,NYSE:IT,0.0
2022-10-25,12,AR1 alpha + Basic + One-Step,NYSE:IT,0.0
2022-10-26,12,AR1 alpha + Basic + One-Step,NYSE:IT,0.0
2022-10-27,12,AR1 alpha + Basic + One-Step,NYSE:IT,0.0
2022-10-28,12,AR1 alpha + Basic + One-Step,NYSE:IT,0.0
2022-10-31,12,AR1 alpha + Basic + One-Step,NYSE:IT,0.0
2022-11-01,12,AR1 alpha + Basic + One-Step,NYSE:IT,0.0
2022-11-02,12,AR1 alpha + Basic + One-Step,NYSE:IT,4.0309442023390056e-07
2022-11-03,12,AR1 alpha + Basic + One-Step,NYSE:IT,1.0121811062518416e-06
2022-11-04,12,AR1 alpha + Basic + One-Step,NYSE:IT,6.594587408503661e-07
2022-11-07,12,AR1 alpha + Basic + One-Step,NYSE:IT,1.1891124538250219e-07
2022-11-08,12,AR1 alpha + Basic + One-Step,NYSE:IT,0.0
2022-11-09,12,AR1 alpha + Basic + One-Step,NYSE:IT,0.0
2022-11-10,12,AR1 alpha + Basic + One-Step,NYSE:IT,0.0
2022-11-11,12,AR1 alpha + Basic + One-Step,NYSE:IT,1.7528822629610543e-07
2022-11-14,12,AR1 alpha + Basic + One-Step,NYSE:IT,0.0
2022-11-15,12,AR1 alpha + Basic + One-Step,NYSE:IT,0.0
2022-11-16,12,AR1 alpha + Basic + One-Step,NYSE:IT,0.0
2022-11-17,12,AR1 alpha + Basic + One-Step,NYSE:IT,0.0
2022-11-18,12,AR1 alpha + Basic + One-Step,NYSE:IT,3.861972570225462e-07
2022-11-21,12,AR1 alpha + Basic + One-Step,NYSE:IT,4.960983531265169e-07
2022-11-22,12,AR1 alpha + Basic + One-Step,NYSE:IT,4.0130053276162675e-08
2022-11-23,12,AR1 alpha + Basic + One-Step,NYSE:IT,0.0
2022-11-25,12,AR1 alpha + Basic + One-Step,NYSE:IT,0.0
2022-11-28,12,AR1 alpha + Basic + One-Step,NYSE:IT,0.0
2022-11-29,12,AR1 alpha + Basic + One-Step,NYSE:IT,0.0
2022-11-30,12,AR1 alpha + Basic + One-Step,NYSE:IT,0.0
2022-12-01,12,AR1 alpha + Basic + One-Step,NYSE:IT,0.0
2022-12-02,12,AR1 alpha + Basic + One-Step,NYSE:IT,0.0
2022-12-05,12,AR1 alpha + Basic + One-Step,NYSE:IT,0.0
2022-12-06,12,AR1 alpha + Basic + One-Step,NYSE:IT,0.0
2022-12-07,12,AR1 alpha + Basic + One-Step,NYSE:IT,0.0
2022-12-08,12,AR1 alpha + Basic + One-Step,NYSE:IT,0.0
2022-12-09,12,AR1 alpha + Basic + One-Step,NYSE:IT,0.0
2022-12-12,12,AR1 alpha + Basic + One-Step,NYSE:IT,1.7975572213482588e-08
2022-12-13,12,AR1 alpha + Basic + One-Step,NYSE:IT,0.0
2022-12-14,12,AR1 alpha + Basic + One-Step,NYSE:IT,9.828508107855164e-08
2022-12-15,12,AR1 alpha + Basic + One-Step,NYSE:IT,0.0
2022-12-16,12,AR1 alpha + Basic + One-Step,NYSE:IT,0.0
2022-12-19,12,AR1 alpha + Basic + One-Step,NYSE:IT,0.0
2022-12-20,12,AR1 alpha + Basic + One-Step,NYSE:IT,0.0
2022-12-21,12,AR1 alpha + Basic + One-Step,NYSE:IT,0.0
2022-12-22,12,AR1 alpha + Basic + One-Step,NYSE:IT,0.0
2022-12-23,12,AR1 alpha + Basic + One-Step,NYSE:IT,0.0
2022-12-27,12,AR1 alpha + Basic + One-Step,NYSE:IT,3.0608747394748613e-07
2022-12-28,12,AR1 alpha + Basic + One-Step,NYSE:IT,2.795545490176328e-08
2022-12-29,12,AR1 alpha + Basic + One-Step,NYSE:IT,0.0
2022-12-30,12,AR1 alpha + Basic + One-Step,NYSE:IT,0.0
2023-01-03,12,AR1 alpha + Basic + One-Step,NYSE:IT,4.8955979688746044e-09
2023-01-04,12,AR1 alpha + Basic + One-Step,NYSE:IT,0.0
2023-01-05,12,AR1 alpha + Basic + One-Step,NYSE:IT,0.0
2023-01-06,12,AR1 alpha + Basic + One-Step,NYSE:IT,0.0
2023-01-09,12,AR1 alpha + Basic + One-Step,NYSE:IT,0.0
2023-01-10,12,AR1 alpha + Basic + One-Step,NYSE:IT,0.0
2023-01-11,12,AR1 alpha + Basic + One-Step,NYSE:IT,1.4903447730511966e-08
2023-01-12,12,AR1 alpha + Basic + One-Step,NYSE:IT,0.0
2023-01-13,12,AR1 alpha + Basic + One-Step,NYSE:IT,1.2995126645966773e-08
2023-01-17,12,AR1 alpha + Basic + One-Step,NYSE:IT,0.0
2023-01-18,12,AR1 alpha + Basic + One-Step,NYSE:IT,0.0
2023-01-19,12,AR1 alpha + Basic + One-Step,NYSE:IT,0.0
2023-01-20,12,AR1 alpha + Basic + One-Step,NYSE:IT,0.0
2023-01-23,12,AR1 alpha + Basic + One-Step,NYSE:IT,0.0
2023-01-24,12,AR1 alpha + Basic + One-Step,NYSE:IT,0.0
2023-01-25,12,AR1 alpha + Basic + One-Step,NYSE:IT,0.0
2023-01-26,12,AR1 alpha + Basic + One-Step,NYSE:IT,0.0
2023-01-27,12,AR1 alpha + Basic + One-Step,NYSE:IT,0.0
2023-01-30,12,AR1 alpha + Basic + One-Step,NYSE:IT,0.0
2023-01-31,12,AR1 alpha + Basic + One-Step,NYSE:IT,0.0
2023-02-01,12,AR1 alpha + Basic + One-Step,NYSE:IT,0.0
2023-02-02,12,AR1 alpha + Basic + One-Step,NYSE:IT,6.571816861454175e-07
2023-02-03,12,AR1 alpha + Basic + One-Step,NYSE:IT,1.7890938711807529e-07
2023-02-06,12,AR1 alpha + Basic + One-Step,NYSE:IT,0.0
2023-02-07,12,AR1 alpha + Basic + One-Step,NYSE:IT,0.0
2023-02-08,12,AR1 alpha + Basic + One-Step,NYSE:IT,0.0
2023-02-09,12,AR1 alpha + Basic + One-Step,NYSE:IT,0.0
2023-02-10,12,AR1 alpha + Basic + One-Step,NYSE:IT,0.0
2023-02-13,12,AR1 alpha + Basic + One-Step,NYSE:IT,0.0
2023-02-14,12,AR1 alpha + Basic + One-Step,NYSE:IT,0.0027619271018082376
2023-02-15,12,AR1 alpha + Basic + One-Step,NYSE:IT,0.03048271588067565
2023-02-16,12,AR1 alpha + Basic + One-Step,NYSE:IT,0.0
2023-02-17,12,AR1 alpha + Basic + One-Step,NYSE:IT,0.03478234160067719
2023-02-21,12,AR1 alpha + Basic + One-Step,NYSE:IT,4.7078781480239543e-07
2023-02-22,12,AR1 alpha + Basic + One-Step,NYSE:IT,0.0
2023-02-23,12,AR1 alpha + Basic + One-Step,NYSE:IT,0.04768862495777716
2023-02-24,12,AR1 alpha + Basic + One-Step,NYSE:IT,0.06235945047603165
2023-02-27,12,AR1 alpha + Basic + One-Step,NYSE:IT,0.08886872398595953
2023-02-28,12,AR1 alpha + Basic + One-Step,NYSE:IT,0.05930947116516175
2023-03-01,12,AR1 alpha + Basic + One-Step,NYSE:IT,0.05751934892707155
2023-03-02,12,AR1 alpha + Basic + One-Step,NYSE:IT,1.0583273950298206e-07
2023-03-03,12,AR1 alpha + Basic + One-Step,NYSE:IT,0.0
2023-03-06,12,AR1 alpha + Basic + One-Step,NYSE:IT,0.03890201578447837
2023-03-07,12,AR1 alpha + Basic + One-Step,NYSE:IT,0.09132769174392592
2023-03-08,12,AR1 alpha + Basic + One-Step,NYSE:IT,0.09999998939609885
2023-03-09,12,AR1 alpha + Basic + One-Step,NYSE:IT,0.019649125866658793
2023-03-10,12,AR1 alpha + Basic + One-Step,NYSE:IT,0.049289700857436385
2023-03-13,12,AR1 alpha + Basic + One-Step,NYSE:IT,0.10000051969858358
2023-03-14,12,AR1 alpha + Basic + One-Step,NYSE:IT,0.0999948981838329
2023-03-15,12,AR1 alpha + Basic + One-Step,NYSE:IT,0.07105975510117797
2023-03-16,12,AR1 alpha + Basic + One-Step,NYSE:IT,0.1000002017383025
2023-03-17,12,AR1 alpha + Basic + One-Step,NYSE:IT,0.07772839971628559
2023-03-20,12,AR1 alpha + Basic + One-Step,NYSE:IT,1.985842642969629e-06
2023-03-21,12,AR1 alpha + Basic + One-Step,NYSE:IT,8.229566677131134e-07
2023-03-22,12,AR1 alpha + Basic + One-Step,NYSE:IT,7.10449199238193e-08
2023-03-23,12,AR1 alpha + Basic + One-Step,NYSE:IT,1.0612300522600678e-07
2023-03-24,12,AR1 alpha + Basic + One-Step,NYSE:IT,5.1366532901521044e-08
2023-03-27,12,AR1 alpha + Basic + One-Step,NYSE:IT,0.0
2023-03-28,12,AR1 alpha + Basic + One-Step,NYSE:IT,2.827094116086113e-08
2023-03-29,12,AR1 alpha + Basic + One-Step,NYSE:IT,0.0
2023-03-30,12,AR1 alpha + Basic + One-Step,NYSE:IT,0.0
2023-03-31,12,AR1 alpha + Basic + One-Step,NYSE:IT,2.6045790102583636e-07
2023-04-03,12,AR1 alpha + Basic + One-Step,NYSE:IT,0.0
2023-04-04,12,AR1 alpha + Basic + One-Step,NYSE:IT,0.0
2023-04-05,12,AR1 alpha + Basic + One-Step,NYSE:IT,1.5440325811710632e-07
2023-04-06,12,AR1 alpha + Basic + One-Step,NYSE:IT,2.28017495863892e-07
2023-04-10,12,AR1 alpha + Basic + One-Step,NYSE:IT,0.0
2023-04-11,12,AR1 alpha + Basic + One-Step,NYSE:IT,0.0
2023-04-12,12,AR1 alpha + Basic + One-Step,NYSE:IT,0.0
2023-04-13,12,AR1 alpha + Basic + One-Step,NYSE:IT,0.0
2023-04-14,12,AR1 alpha + Basic + One-Step,NYSE:IT,0.0
2023-04-17,12,AR1 alpha + Basic + One-Step,NYSE:IT,0.0
2023-04-18,12,AR1 alpha + Basic + One-Step,NYSE:IT,0.0
2023-04-19,12,AR1 alpha + Basic + One-Step,NYSE:IT,1.3254088200423066e-09
2023-04-20,12,AR1 alpha + Basic + One-Step,NYSE:IT,6.751101906488397e-09
2023-04-21,12,AR1 alpha + Basic + One-Step,NYSE:IT,0.0
2023-04-24,12,AR1 alpha + Basic + One-Step,NYSE:IT,2.845676586080949e-07
2023-04-25,12,AR1 alpha + Basic + One-Step,NYSE:IT,0.0
2023-04-26,12,AR1 alpha + Basic + One-Step,NYSE:IT,0.0
2023-04-27,12,AR1 alpha + Basic + One-Step,NYSE:IT,2.999358783763252e-07
2023-04-28,12,AR1 alpha + Basic + One-Step,NYSE:IT,1.4377216626118988e-07
2023-05-01,12,AR1 alpha + Basic + One-Step,NYSE:IT,7.81672092522736e-08
2023-05-02,12,AR1 alpha + Basic + One-Step,NYSE:IT,9.717606765714568e-08
2023-05-03,12,AR1 alpha + Basic + One-Step,NYSE:IT,0.0
2023-05-04,12,AR1 alpha + Basic + One-Step,NYSE:IT,0.0
2023-05-05,12,AR1 alpha + Basic + One-Step,NYSE:IT,1.2756992807811491e-07
2023-05-08,12,AR1 alpha + Basic + One-Step,NYSE:IT,1.2412620890346154e-07
2023-05-09,12,AR1 alpha + Basic + One-Step,NYSE:IT,5.115888306879917e-08
2023-05-10,12,AR1 alpha + Basic + One-Step,NYSE:IT,1.1522174888964895e-07
2023-05-11,12,AR1 alpha + Basic + One-Step,NYSE:IT,7.150637870266073e-07
2023-05-12,12,AR1 alpha + Basic + One-Step,NYSE:IT,9.992746924827167e-07
2023-05-15,12,AR1 alpha + Basic + One-Step,NYSE:IT,5.222324038161712e-07
2023-05-16,12,AR1 alpha + Basic + One-Step,NYSE:IT,0.0
2023-05-17,12,AR1 alpha + Basic + One-Step,NYSE:IT,0.0
2023-05-18,12,AR1 alpha + Basic + One-Step,NYSE:IT,0.0
2023-05-19,12,AR1 alpha + Basic + One-Step,NYSE:IT,0.0
2023-05-22,12,AR1 alpha + Basic + One-Step,NYSE:IT,1.5156150854252128e-08
2023-05-23,12,AR1 alpha + Basic + One-Step,NYSE:IT,6.282382797615292e-08
2023-05-24,12,AR1 alpha + Basic + One-Step,NYSE:IT,0.041399512625006164
2023-05-25,12,AR1 alpha + Basic + One-Step,NYSE:IT,0.07578920410699505
2023-05-26,12,AR1 alpha + Basic + One-Step,NYSE:IT,0.0999937698297789
2023-05-30,12,AR1 alpha + Basic + One-Step,NYSE:IT,0.029068330104829614
2023-05-31,12,AR1 alpha + Basic + One-Step,NYSE:IT,0.0856663661208346
2023-06-01,12,AR1 alpha + Basic + One-Step,NYSE:IT,0.052576388333198276
2023-06-02,12,AR1 alpha + Basic + One-Step,NYSE:IT,0.072501149503366
2023-06-05,12,AR1 alpha + Basic + One-Step,NYSE:IT,0.09082055714553261
2023-06-06,12,AR1 alpha + Basic + One-Step,NYSE:IT,0.03496198579761453
2023-06-07,12,AR1 alpha + Basic + One-Step,NYSE:IT,0.10000005232079705
2023-06-08,12,AR1 alpha + Basic + One-Step,NYSE:IT,0.09656874071004774
2023-06-09,12,AR1 alpha + Basic + One-Step,NYSE:IT,0.07066847340105903
2023-06-12,12,AR1 alpha + Basic + One-Step,NYSE:IT,0.07815762931782291
2023-06-13,12,AR1 alpha + Basic + One-Step,NYSE:IT,0.10000078795589364
2023-06-14,12,AR1 alpha + Basic + One-Step,NYSE:IT,0.052886291276732035
2023-06-15,12,AR1 alpha + Basic + One-Step,NYSE:IT,0.08770860427779933
2023-06-16,12,AR1 alpha + Basic + One-Step,NYSE:IT,0.1000001088488141
2023-06-20,12,AR1 alpha + Basic + One-Step,NYSE:IT,0.09999493602732079
2023-06-21,12,AR1 alpha + Basic + One-Step,NYSE:IT,0.09999667391038244
2023-06-22,12,AR1 alpha + Basic + One-Step,NYSE:IT,0.09999792857810252
2023-06-23,12,AR1 alpha + Basic + One-Step,NYSE:IT,0.09999737748146431
2023-06-26,12,AR1 alpha + Basic + One-Step,NYSE:IT,0.09999859565826497
2023-06-27,12,AR1 alpha + Basic + One-Step,NYSE:IT,0.04380212462610867
2023-06-28,12,AR1 alpha + Basic + One-Step,NYSE:IT,0.05476641571157186
2023-06-29,12,AR1 alpha + Basic + One-Step,NYSE:IT,0.028539648289816824
2023-06-30,12,AR1 alpha + Basic + One-Step,NYSE:IT,0.07463304549752153
2023-07-03,12,AR1 alpha + Basic + One-Step,NYSE:IT,0.09999895031515617
2023-07-05,12,AR1 alpha + Basic + One-Step,NYSE:IT,0.10000208264128162
2023-07-06,12,AR1 alpha + Basic + One-Step,NYSE:IT,0.09999482416839854
2023-07-07,12,AR1 alpha + Basic + One-Step,NYSE:IT,0.09999319660360177
2023-07-10,12,AR1 alpha + Basic + One-Step,NYSE:IT,0.09999782757634466
2023-07-11,12,AR1 alpha + Basic + One-Step,NYSE:IT,0.07060399939202384
2023-07-12,12,AR1 alpha + Basic + One-Step,NYSE:IT,0.09999980940632158
2023-07-13,12,AR1 alpha + Basic + One-Step,NYSE:IT,0.09870362736374493
2023-07-14,12,AR1 alpha + Basic + One-Step,NYSE:IT,0.10000036122835299
2023-07-17,12,AR1 alpha + Basic + One-Step,NYSE:IT,0.1000012332000543
2023-07-18,12,AR1 alpha + Basic + One-Step,NYSE:IT,0.10000179406933664
2023-07-19,12,AR1 alpha + Basic + One-Step,NYSE:IT,0.10000000000000003
2023-07-20,12,AR1 alpha + Basic + One-Step,NYSE:IT,0.09999999999999998
2023-07-21,12,AR1 alpha + Basic + One-Step,NYSE:IT,0.0999978261472641
2023-07-24,12,AR1 alpha + Basic + One-Step,NYSE:IT,0.09999410528512753
2023-07-25,12,AR1 alpha + Basic + One-Step,NYSE:IT,0.09999055341282914
2023-07-26,12,AR1 alpha + Basic + One-Step,NYSE:IT,0.09999256368299901
2023-07-27,12,AR1 alpha + Basic + One-Step,NYSE:IT,0.09999049438999658
2023-07-28,12,AR1 alpha + Basic + One-Step,NYSE:IT,0.09999153855076588
2023-07-31,12,AR1 alpha + Basic + One-Step,NYSE:IT,0.09998829849488783
2023-08-01,12,AR1 alpha + Basic + One-Step,NYSE:IT,0.08469138060812026
2023-08-02,12,AR1 alpha + Basic + One-Step,NYSE:IT,0.0784490772292594
2023-08-03,12,AR1 alpha + Basic + One-Step,NYSE:IT,0.0
2023-08-04,12,AR1 alpha + Basic + One-Step,NYSE:IT,0.027810421828116376
2023-08-07,12,AR1 alpha + Basic + One-Step,NYSE:IT,0.027810422168551136
2023-08-08,12,AR1 alpha + Basic + One-Step,NYSE:IT,0.0
2023-08-09,12,AR1 alpha + Basic + One-Step,NYSE:IT,0.0
2023-08-10,12,AR1 alpha + Basic + One-Step,NYSE:IT,0.0
2023-08-11,12,AR1 alpha + Basic + One-Step,NYSE:IT,2.736250014944606e-07
2023-08-14,12,AR1 alpha + Basic + One-Step,NYSE:IT,0.0
2023-08-15,12,AR1 alpha + Basic + One-Step,NYSE:IT,0.0
2023-08-16,12,AR1 alpha + Basic + One-Step,NYSE:IT,0.0
2023-08-17,12,AR1 alpha + Basic + One-Step,NYSE:IT,0.0
2023-08-18,12,AR1 alpha + Basic + One-Step,NYSE:IT,0.0
2023-08-21,12,AR1 alpha + Basic + One-Step,NYSE:IT,3.1949014167257572e-09
2023-08-22,12,AR1 alpha + Basic + One-Step,NYSE:IT,0.0
2023-08-23,12,AR1 alpha + Basic + One-Step,NYSE:IT,1.5609069244160972e-07
2023-08-24,12,AR1 alpha + Basic + One-Step,NYSE:IT,0.0
2023-08-25,12,AR1 alpha + Basic + One-Step,NYSE:IT,1.3357708185884573e-07
2023-08-28,12,AR1 alpha + Basic + One-Step,NYSE:IT,0.0
2023-08-29,12,AR1 alpha + Basic + One-Step,NYSE:IT,0.0
2023-08-30,12,AR1 alpha + Basic + One-Step,NYSE:IT,0.0
2023-08-31,12,AR1 alpha + Basic + One-Step,NYSE:IT,1.5035069356332362e-08
2023-09-01,12,AR1 alpha + Basic + One-Step,NYSE:IT,0.0
2023-09-05,12,AR1 alpha + Basic + One-Step,NYSE:IT,0.0
2023-09-06,12,AR1 alpha + Basic + One-Step,NYSE:IT,1.0712306278939641e-08
2023-09-07,12,AR1 alpha + Basic + One-Step,NYSE:IT,2.344760306466594e-06
2023-09-08,12,AR1 alpha + Basic + One-Step,NYSE:IT,2.8151955885802915e-06
2023-09-11,12,AR1 alpha + Basic + One-Step,NYSE:IT,1.4851564221886756e-06
2023-09-12,12,AR1 alpha + Basic + One-Step,NYSE:IT,0.0
2023-09-13,12,AR1 alpha + Basic + One-Step,NYSE:IT,0.0
2023-09-14,12,AR1 alpha + Basic + One-Step,NYSE:IT,0.0
2023-09-15,12,AR1 alpha + Basic + One-Step,NYSE:IT,0.0
2023-09-18,12,AR1 alpha + Basic + One-Step,NYSE:IT,0.0
2023-09-19,12,AR1 alpha + Basic + One-Step,NYSE:IT,4.568981735383443e-09
2023-09-20,12,AR1 alpha + Basic + One-Step,NYSE:IT,7.896609596120265e-07
2023-09-21,12,AR1 alpha + Basic + One-Step,NYSE:IT,8.229690737758554e-07
2023-09-22,12,AR1 alpha + Basic + One-Step,NYSE:IT,0.0
2023-09-25,12,AR1 alpha + Basic + One-Step,NYSE:IT,0.0
2023-09-26,12,AR1 alpha + Basic + One-Step,NYSE:IT,0.0
2023-09-27,12,AR1 alpha + Basic + One-Step,NYSE:IT,0.08482877160099361
2023-09-28,12,AR1 alpha + Basic + One-Step,NYSE:IT,0.0852236733378983
2023-09-29,12,AR1 alpha + Basic + One-Step,NYSE:IT,0.06842650738790779
2023-10-02,12,AR1 alpha + Basic + One-Step,NYSE:IT,0.04911662891744083
2023-10-03,12,AR1 alpha + Basic + One-Step,NYSE:IT,0.06368449708511334
2023-10-04,12,AR1 alpha + Basic + One-Step,NYSE:IT,0.0
2023-10-05,12,AR1 alpha + Basic + One-Step,NYSE:IT,0.0
2023-10-06,12,AR1 alpha + Basic + One-Step,NYSE:IT,0.0
2023-10-09,12,AR1 alpha + Basic + One-Step,NYSE:IT,7.52572324320606e-08
2023-10-10,12,AR1 alpha + Basic + One-Step,NYSE:IT,0.0
2023-10-11,12,AR1 alpha + Basic + One-Step,NYSE:IT,1.3141855312578897e-08
2023-10-12,12,AR1 alpha + Basic + One-Step,NYSE:IT,0.0
2023-10-13,12,AR1 alpha + Basic + One-Step,NYSE:IT,0.0
2023-10-16,12,AR1 alpha + Basic + One-Step,NYSE:IT,0.017090140020827243
2023-10-17,12,AR1 alpha + Basic + One-Step,NYSE:IT,0.059659467427605264
2023-10-18,12,AR1 alpha + Basic + One-Step,NYSE:IT,0.0
2023-10-19,12,AR1 alpha + Basic + One-Step,NYSE:IT,0.0
2023-10-20,12,AR1 alpha + Basic + One-Step,NYSE:IT,0.0
2023-10-23,12,AR1 alpha + Basic + One-Step,NYSE:IT,0.006469570871908268
2023-10-24,12,AR1 alpha + Basic + One-Step,NYSE:IT,0.09999062347263576
2023-10-25,12,AR1 alpha + Basic + One-Step,NYSE:IT,0.09999226137659607
2023-10-26,12,AR1 alpha + Basic + One-Step,NYSE:IT,0.09999222063208991
2023-10-27,12,AR1 alpha + Basic + One-Step,NYSE:IT,0.05046598130497928
2023-10-30,12,AR1 alpha + Basic + One-Step,NYSE:IT,0.010565622470136806
2023-10-31,12,AR1 alpha + Basic + One-Step,NYSE:IT,0.0
2023-11-01,12,AR1 alpha + Basic + One-Step,NYSE:IT,0.01840068528872602
2023-11-02,12,AR1 alpha + Basic + One-Step,NYSE:IT,0.0
2023-11-03,12,AR1 alpha + Basic + One-Step,NYSE:IT,0.09999866663154419
2023-11-06,12,AR1 alpha + Basic + One-Step,NYSE:IT,0.0999950806596126
2023-11-07,12,AR1 alpha + Basic + One-Step,NYSE:IT,0.09999673799365165
2023-11-08,12,AR1 alpha + Basic + One-Step,NYSE:IT,0.09999784133181377
2023-11-09,12,AR1 alpha + Basic + One-Step,NYSE:IT,0.09999508630613661
2023-11-10,12,AR1 alpha + Basic + One-Step,NYSE:IT,0.09999451010132371
2023-11-13,12,AR1 alpha + Basic + One-Step,NYSE:IT,0.09999419876628653
2023-11-14,12,AR1 alpha + Basic + One-Step,NYSE:IT,0.0999958529502482
2023-11-15,12,AR1 alpha + Basic + One-Step,NYSE:IT,0.0999951209911939
2023-11-16,12,AR1 alpha + Basic + One-Step,NYSE:IT,0.09999652292313017
2023-11-17,12,AR1 alpha + Basic + One-Step,NYSE:IT,0.09999770142411622
2023-11-20,12,AR1 alpha + Basic + One-Step,NYSE:IT,0.09999680447594703
2023-11-21,12,AR1 alpha + Basic + One-Step,NYSE:IT,0.09999793479572332
2023-11-22,12,AR1 alpha + Basic + One-Step,NYSE:IT,0.09999847068124557
2023-11-24,12,AR1 alpha + Basic + One-Step,NYSE:IT,0.09999898162513329
2023-11-27,12,AR1 alpha + Basic + One-Step,NYSE:IT,0.09999856497333759
2023-11-28,12,AR1 alpha + Basic + One-Step,NYSE:IT,0.09999906832698603
2023-11-29,12,AR1 alpha + Basic + One-Step,NYSE:IT,0.09999936004534049
2023-11-30,12,AR1 alpha + Basic + One-Step,NYSE:IT,0.09999962661348841
2023-12-01,12,AR1 alpha + Basic + One-Step,NYSE:IT,0.10000029674451527
2023-12-04,12,AR1 alpha + Basic + One-Step,NYSE:IT,0.09999741846112123
2023-12-05,12,AR1 alpha + Basic + One-Step,NYSE:IT,0.0
2023-12-06,12,AR1 alpha + Basic + One-Step,NYSE:IT,0.10000195843695674
2023-12-07,12,AR1 alpha + Basic + One-Step,NYSE:IT,0.09999838019809555
2023-12-08,12,AR1 alpha + Basic + One-Step,NYSE:IT,0.09999298821456101
2023-12-11,12,AR1 alpha + Basic + One-Step,NYSE:IT,0.09999228151777043
2023-12-12,12,AR1 alpha + Basic + One-Step,NYSE:IT,0.09998998964943023
2023-12-13,12,AR1 alpha + Basic + One-Step,NYSE:IT,0.09998688834624266
2023-12-14,12,AR1 alpha + Basic + One-Step,NYSE:IT,0.0
2023-12-15,12,AR1 alpha + Basic + One-Step,NYSE:IT,0.0
2023-12-18,12,AR1 alpha + Basic + One-Step,NYSE:IT,0.0
2023-12-19,12,AR1 alpha + Basic + One-Step,NYSE:IT,0.0
2023-12-20,12,AR1 alpha + Basic + One-Step,NYSE:IT,0.0
2023-12-21,12,AR1 alpha + Basic + One-Step,NYSE:IT,0.0
2023-12-22,12,AR1 alpha + Basic + One-Step,NYSE:IT,4.2481669579140765e-07
2023-12-26,12,AR1 alpha + Basic + One-Step,NYSE:IT,0.0
2023-12-27,12,AR1 alpha + Basic + One-Step,NYSE:IT,3.558877275934152e-09
2023-12-28,12,AR1 alpha + Basic + One-Step,NYSE:IT,0.0
2023-12-29,12,AR1 alpha + Basic + One-Step,NYSE:IT,0.0
2024-01-02,12,AR1 alpha + Basic + One-Step,NYSE:IT,0.0
2024-01-03,12,AR1 alpha + Basic + One-Step,NYSE:IT,0.0
2024-01-04,12,AR1 alpha + Basic + One-Step,NYSE:IT,0.0
2024-01-05,12,AR1 alpha + Basic + One-Step,NYSE:IT,0.0
2024-01-08,12,AR1 alpha + Basic + One-Step,NYSE:IT,0.0
2024-01-09,12,AR1 alpha + Basic + One-Step,NYSE:IT,0.0
2024-01-10,12,AR1 alpha + Basic + One-Step,NYSE:IT,0.08299556026882908
2024-01-11,12,AR1 alpha + Basic + One-Step,NYSE:IT,0.10000103739710217
2024-01-12,12,AR1 alpha + Basic + One-Step,NYSE:IT,0.09999999999999998
2024-01-16,12,AR1 alpha + Basic + One-Step,NYSE:IT,0.09999905128349251
2024-01-17,12,AR1 alpha + Basic + One-Step,NYSE:IT,0.09999475702300878
2024-01-18,12,AR1 alpha + Basic + One-Step,NYSE:IT,0.09999716950630047
2024-01-19,12,AR1 alpha + Basic + One-Step,NYSE:IT,0.09999187832662189
2024-01-22,12,AR1 alpha + Basic + One-Step,NYSE:IT,0.09998860287230692
2024-01-23,12,AR1 alpha + Basic + One-Step,NYSE:IT,0.09998545348449327
2024-01-24,12,AR1 alpha + Basic + One-Step,NYSE:IT,0.0999918969863742
2024-01-25,12,AR1 alpha + Basic + One-Step,NYSE:IT,0.09999530502844149
2024-01-26,12,AR1 alpha + Basic + One-Step,NYSE:IT,0.09999449170915514
2024-01-29,12,AR1 alpha + Basic + One-Step,NYSE:IT,0.09999623985037057
2024-01-30,12,AR1 alpha + Basic + One-Step,NYSE:IT,0.09999271041669328
2024-01-31,12,AR1 alpha + Basic + One-Step,NYSE:IT,2.3020139812584387e-08
2024-02-01,12,AR1 alpha + Basic + One-Step,NYSE:IT,0.0999988474706707
2024-02-02,12,AR1 alpha + Basic + One-Step,NYSE:IT,0.09999683526930027
2024-02-05,12,AR1 alpha + Basic + One-Step,NYSE:IT,0.09999790527943767
2024-02-06,12,AR1 alpha + Basic + One-Step,NYSE:IT,0.09999217628749989
2024-02-07,12,AR1 alpha + Basic + One-Step,NYSE:IT,3.695512628203089e-08
2024-02-08,12,AR1 alpha + Basic + One-Step,NYSE:IT,0.0566974154345847
2024-02-09,12,AR1 alpha + Basic + One-Step,NYSE:IT,0.09999466425998706
2024-02-12,12,AR1 alpha + Basic + One-Step,NYSE:IT,0.0
2024-02-13,12,AR1 alpha + Basic + One-Step,NYSE:IT,0.0
2024-02-14,12,AR1 alpha + Basic + One-Step,NYSE:IT,0.0
2024-02-15,12,AR1 alpha + Basic + One-Step,NYSE:IT,0.0625455610018707
2024-02-16,12,AR1 alpha + Basic + One-Step,NYSE:IT,0.0
2024-02-20,12,AR1 alpha + Basic + One-Step,NYSE:IT,0.0
2024-02-21,12,AR1 alpha + Basic + One-Step,NYSE:IT,0.0
2024-02-22,12,AR1 alpha + Basic + One-Step,NYSE:IT,0.0999936176789176
2024-02-23,12,AR1 alpha + Basic + One-Step,NYSE:IT,0.0999949440244486
2024-02-26,12,AR1 alpha + Basic + One-Step,NYSE:IT,0.09999407173108588
2024-02-27,12,AR1 alpha + Basic + One-Step,NYSE:IT,0.09999347970831401
2024-02-28,12,AR1 alpha + Basic + One-Step,NYSE:IT,0.09999024217402067
2024-02-29,12,AR1 alpha + Basic + One-Step,NYSE:IT,0.09999069476625344
2024-03-01,12,AR1 alpha + Basic + One-Step,NYSE:IT,0.09999148944754603
2024-03-04,12,AR1 alpha + Basic + One-Step,NYSE:IT,0.09999147075779355
2024-03-05,12,AR1 alpha + Basic + One-Step,NYSE:IT,0.022268728268465807
2024-03-06,12,AR1 alpha + Basic + One-Step,NYSE:IT,0.09999506294576803
2024-03-07,12,AR1 alpha + Basic + One-Step,NYSE:IT,0.09999688379711479
2024-03-08,12,AR1 alpha + Basic + One-Step,NYSE:IT,0.025917762910236838
2024-03-11,12,AR1 alpha + Basic + One-Step,NYSE:IT,0.08801910624152959
2024-03-12,12,AR1 alpha + Basic + One-Step,NYSE:IT,0.09999265666084586
2024-03-13,12,AR1 alpha + Basic + One-Step,NYSE:IT,0.09998844313047343
2024-03-14,12,AR1 alpha + Basic + One-Step,NYSE:IT,8.109747304784529e-07
2024-03-15,12,AR1 alpha + Basic + One-Step,NYSE:IT,0.014380244499294663
2024-03-18,12,AR1 alpha + Basic + One-Step,NYSE:IT,0.09999956996981645
2024-03-19,12,AR1 alpha + Basic + One-Step,NYSE:IT,0.099994573626049
2024-03-20,12,AR1 alpha + Basic + One-Step,NYSE:IT,0.0999938572092392
2024-03-21,12,AR1 alpha + Basic + One-Step,NYSE:IT,0.09999596543741521
2024-03-22,12,AR1 alpha + Basic + One-Step,NYSE:IT,0.033310307306467335
2024-03-25,12,AR1 alpha + Basic + One-Step,NYSE:IT,0.0
2024-03-26,12,AR1 alpha + Basic + One-Step,NYSE:IT,0.0
2024-03-27,12,AR1 alpha + Basic + One-Step,NYSE:IT,0.09999858048338656
2024-03-28,12,AR1 alpha + Basic + One-Step,NYSE:IT,0.040866967975976234
2024-04-01,12,AR1 alpha + Basic + One-Step,NYSE:IT,0.07282946260772885
2024-04-02,12,AR1 alpha + Basic + One-Step,NYSE:IT,0.0
2024-04-03,12,AR1 alpha + Basic + One-Step,NYSE:IT,0.013560036586759838
2024-04-04,12,AR1 alpha + Basic + One-Step,NYSE:IT,0.0
2024-04-05,12,AR1 alpha + Basic + One-Step,NYSE:IT,0.06062861673544495
2024-04-08,12,AR1 alpha + Basic + One-Step,NYSE:IT,0.09999457254242011
2024-04-09,12,AR1 alpha + Basic + One-Step,NYSE:IT,0.018463207820939184
2024-04-10,12,AR1 alpha + Basic + One-Step,NYSE:IT,3.031879919665918e-06
2024-04-11,12,AR1 alpha + Basic + One-Step,NYSE:IT,0.09110857120972365
2024-04-12,12,AR1 alpha + Basic + One-Step,NYSE:IT,0.0
2024-04-15,12,AR1 alpha + Basic + One-Step,NYSE:IT,0.0
2024-04-16,12,AR1 alpha + Basic + One-Step,NYSE:IT,0.0
2024-04-17,12,AR1 alpha + Basic + One-Step,NYSE:IT,8.97187621479753e-08
2024-04-18,12,AR1 alpha + Basic + One-Step,NYSE:IT,0.0
2024-04-19,12,AR1 alpha + Basic + One-Step,NYSE:IT,0.0
2020-03-25,12,AR1 alpha + Basic + One-Step,NASDAQ:KELYA,0.02
2020-03-26,12,AR1 alpha + Basic + One-Step,NASDAQ:KELYA,0.019999999999999997
2020-03-27,12,AR1 alpha + Basic + One-Step,NASDAQ:KELYA,0.0
2020-03-30,12,AR1 alpha + Basic + One-Step,NASDAQ:KELYA,0.0
2020-03-31,12,AR1 alpha + Basic + One-Step,NASDAQ:KELYA,0.0
2020-04-01,12,AR1 alpha + Basic + One-Step,NASDAQ:KELYA,0.0
2020-04-02,12,AR1 alpha + Basic + One-Step,NASDAQ:KELYA,0.03882927996507834
2020-04-03,12,AR1 alpha + Basic + One-Step,NASDAQ:KELYA,3.336334160522693e-08
2020-04-06,12,AR1 alpha + Basic + One-Step,NASDAQ:KELYA,0.0
2020-04-07,12,AR1 alpha + Basic + One-Step,NASDAQ:KELYA,4.0418866281564806e-08
2020-04-08,12,AR1 alpha + Basic + One-Step,NASDAQ:KELYA,0.0
2020-04-09,12,AR1 alpha + Basic + One-Step,NASDAQ:KELYA,0.0
2020-04-13,12,AR1 alpha + Basic + One-Step,NASDAQ:KELYA,0.0
2020-04-14,12,AR1 alpha + Basic + One-Step,NASDAQ:KELYA,0.0
2020-04-15,12,AR1 alpha + Basic + One-Step,NASDAQ:KELYA,0.0
2020-04-16,12,AR1 alpha + Basic + One-Step,NASDAQ:KELYA,0.0
2020-04-17,12,AR1 alpha + Basic + One-Step,NASDAQ:KELYA,0.0
2020-04-20,12,AR1 alpha + Basic + One-Step,NASDAQ:KELYA,0.0
2020-04-21,12,AR1 alpha + Basic + One-Step,NASDAQ:KELYA,0.0
2020-04-22,12,AR1 alpha + Basic + One-Step,NASDAQ:KELYA,2.6716656278151257e-07
2020-04-23,12,AR1 alpha + Basic + One-Step,NASDAQ:KELYA,5.05010050280781e-08
2020-04-24,12,AR1 alpha + Basic + One-Step,NASDAQ:KELYA,4.072455903179753e-08
2020-04-27,12,AR1 alpha + Basic + One-Step,NASDAQ:KELYA,0.0
2020-04-28,12,AR1 alpha + Basic + One-Step,NASDAQ:KELYA,0.0
2020-04-29,12,AR1 alpha + Basic + One-Step,NASDAQ:KELYA,5.341121607086703e-07
2020-04-30,12,AR1 alpha + Basic + One-Step,NASDAQ:KELYA,0.0
2020-05-01,12,AR1 alpha + Basic + One-Step,NASDAQ:KELYA,1.1997764076970346e-08
2020-05-04,12,AR1 alpha + Basic + One-Step,NASDAQ:KELYA,0.0
2020-05-05,12,AR1 alpha + Basic + One-Step,NASDAQ:KELYA,6.911459695345699e-07
2020-05-06,12,AR1 alpha + Basic + One-Step,NASDAQ:KELYA,0.0
2020-05-07,12,AR1 alpha + Basic + One-Step,NASDAQ:KELYA,0.0
2020-05-08,12,AR1 alpha + Basic + One-Step,NASDAQ:KELYA,6.751696549505936e-08
2020-05-11,12,AR1 alpha + Basic + One-Step,NASDAQ:KELYA,7.390877134389843e-08
2020-05-12,12,AR1 alpha + Basic + One-Step,NASDAQ:KELYA,0.0
2020-05-13,12,AR1 alpha + Basic + One-Step,NASDAQ:KELYA,0.0
2020-05-14,12,AR1 alpha + Basic + One-Step,NASDAQ:KELYA,0.0
2020-05-15,12,AR1 alpha + Basic + One-Step,NASDAQ:KELYA,0.0
2020-05-18,12,AR1 alpha + Basic + One-Step,NASDAQ:KELYA,0.0
2020-05-19,12,AR1 alpha + Basic + One-Step,NASDAQ:KELYA,0.0
2020-05-20,12,AR1 alpha + Basic + One-Step,NASDAQ:KELYA,0.0
2020-05-21,12,AR1 alpha + Basic + One-Step,NASDAQ:KELYA,0.0
2020-05-22,12,AR1 alpha + Basic + One-Step,NASDAQ:KELYA,1.529154248769978e-07
2020-05-26,12,AR1 alpha + Basic + One-Step,NASDAQ:KELYA,4.3004467873180516e-08
2020-05-27,12,AR1 alpha + Basic + One-Step,NASDAQ:KELYA,3.6327727184085014e-07
2020-05-28,12,AR1 alpha + Basic + One-Step,NASDAQ:KELYA,3.8487714264736133e-25
2020-05-29,12,AR1 alpha + Basic + One-Step,NASDAQ:KELYA,2.55033633739534e-09
2020-06-01,12,AR1 alpha + Basic + One-Step,NASDAQ:KELYA,0.0
2020-06-02,12,AR1 alpha + Basic + One-Step,NASDAQ:KELYA,2.2926095250767099e-07
2020-06-03,12,AR1 alpha + Basic + One-Step,NASDAQ:KELYA,0.0
2020-06-04,12,AR1 alpha + Basic + One-Step,NASDAQ:KELYA,0.0
2020-06-05,12,AR1 alpha + Basic + One-Step,NASDAQ:KELYA,7.052978566292286e-08
2020-06-08,12,AR1 alpha + Basic + One-Step,NASDAQ:KELYA,0.0
2020-06-09,12,AR1 alpha + Basic + One-Step,NASDAQ:KELYA,0.0
2020-06-10,12,AR1 alpha + Basic + One-Step,NASDAQ:KELYA,4.354922129747726e-07
2020-06-11,12,AR1 alpha + Basic + One-Step,NASDAQ:KELYA,0.0
2020-06-12,12,AR1 alpha + Basic + One-Step,NASDAQ:KELYA,7.401234122027544e-08
2020-06-15,12,AR1 alpha + Basic + One-Step,NASDAQ:KELYA,2.8934869367210285e-08
2020-06-16,12,AR1 alpha + Basic + One-Step,NASDAQ:KELYA,0.0
2020-06-17,12,AR1 alpha + Basic + One-Step,NASDAQ:KELYA,0.0
2020-06-18,12,AR1 alpha + Basic + One-Step,NASDAQ:KELYA,6.222540628478506e-08
2020-06-19,12,AR1 alpha + Basic + One-Step,NASDAQ:KELYA,0.0
2020-06-22,12,AR1 alpha + Basic + One-Step,NASDAQ:KELYA,0.0
2020-06-23,12,AR1 alpha + Basic + One-Step,NASDAQ:KELYA,0.0
2020-06-24,12,AR1 alpha + Basic + One-Step,NASDAQ:KELYA,0.0
2020-06-25,12,AR1 alpha + Basic + One-Step,NASDAQ:KELYA,0.0
2020-06-26,12,AR1 alpha + Basic + One-Step,NASDAQ:KELYA,0.0
2020-06-29,12,AR1 alpha + Basic + One-Step,NASDAQ:KELYA,0.0
2020-06-30,12,AR1 alpha + Basic + One-Step,NASDAQ:KELYA,0.0
2020-07-01,12,AR1 alpha + Basic + One-Step,NASDAQ:KELYA,0.0
2020-07-02,12,AR1 alpha + Basic + One-Step,NASDAQ:KELYA,7.415784718196444e-10
2020-07-06,12,AR1 alpha + Basic + One-Step,NASDAQ:KELYA,0.0
2020-07-07,12,AR1 alpha + Basic + One-Step,NASDAQ:KELYA,0.0
2020-07-08,12,AR1 alpha + Basic + One-Step,NASDAQ:KELYA,0.0
2020-07-09,12,AR1 alpha + Basic + One-Step,NASDAQ:KELYA,1.4462967131383297e-08
2020-07-10,12,AR1 alpha + Basic + One-Step,NASDAQ:KELYA,0.0
2020-07-13,12,AR1 alpha + Basic + One-Step,NASDAQ:KELYA,0.0
2020-07-14,12,AR1 alpha + Basic + One-Step,NASDAQ:KELYA,0.0
2020-07-15,12,AR1 alpha + Basic + One-Step,NASDAQ:KELYA,2.8813815714070427e-08
2020-07-16,12,AR1 alpha + Basic + One-Step,NASDAQ:KELYA,0.0
2020-07-17,12,AR1 alpha + Basic + One-Step,NASDAQ:KELYA,3.922365453950288e-08
2020-07-20,12,AR1 alpha + Basic + One-Step,NASDAQ:KELYA,9.236477620757956e-08
2020-07-21,12,AR1 alpha + Basic + One-Step,NASDAQ:KELYA,0.0
2020-07-22,12,AR1 alpha + Basic + One-Step,NASDAQ:KELYA,0.0
2020-07-23,12,AR1 alpha + Basic + One-Step,NASDAQ:KELYA,0.0
2020-07-24,12,AR1 alpha + Basic + One-Step,NASDAQ:KELYA,0.0
2020-07-27,12,AR1 alpha + Basic + One-Step,NASDAQ:KELYA,1.9188778507448505e-07
2020-07-28,12,AR1 alpha + Basic + One-Step,NASDAQ:KELYA,0.0
2020-07-29,12,AR1 alpha + Basic + One-Step,NASDAQ:KELYA,0.0
2020-07-30,12,AR1 alpha + Basic + One-Step,NASDAQ:KELYA,0.0
2020-07-31,12,AR1 alpha + Basic + One-Step,NASDAQ:KELYA,0.0
2020-08-03,12,AR1 alpha + Basic + One-Step,NASDAQ:KELYA,1.0866655779374394e-07
2020-08-04,12,AR1 alpha + Basic + One-Step,NASDAQ:KELYA,0.0
2020-08-05,12,AR1 alpha + Basic + One-Step,NASDAQ:KELYA,0.0
2020-08-06,12,AR1 alpha + Basic + One-Step,NASDAQ:KELYA,0.0
2020-08-07,12,AR1 alpha + Basic + One-Step,NASDAQ:KELYA,0.0
2020-08-10,12,AR1 alpha + Basic + One-Step,NASDAQ:KELYA,0.0
2020-08-11,12,AR1 alpha + Basic + One-Step,NASDAQ:KELYA,0.0
2020-08-12,12,AR1 alpha + Basic + One-Step,NASDAQ:KELYA,0.0
2020-08-13,12,AR1 alpha + Basic + One-Step,NASDAQ:KELYA,0.0
2020-08-14,12,AR1 alpha + Basic + One-Step,NASDAQ:KELYA,0.0
2020-08-17,12,AR1 alpha + Basic + One-Step,NASDAQ:KELYA,0.0
2020-08-18,12,AR1 alpha + Basic + One-Step,NASDAQ:KELYA,0.0
2020-08-19,12,AR1 alpha + Basic + One-Step,NASDAQ:KELYA,0.0
2020-08-20,12,AR1 alpha + Basic + One-Step,NASDAQ:KELYA,1.0638283433179046e-07
2020-08-21,12,AR1 alpha + Basic + One-Step,NASDAQ:KELYA,0.0
2020-08-24,12,AR1 alpha + Basic + One-Step,NASDAQ:KELYA,0.0
2020-08-25,12,AR1 alpha + Basic + One-Step,NASDAQ:KELYA,0.0
2020-08-26,12,AR1 alpha + Basic + One-Step,NASDAQ:KELYA,0.0
2020-08-27,12,AR1 alpha + Basic + One-Step,NASDAQ:KELYA,0.0
2020-08-28,12,AR1 alpha + Basic + One-Step,NASDAQ:KELYA,0.0
2020-08-31,12,AR1 alpha + Basic + One-Step,NASDAQ:KELYA,0.0
2020-09-01,12,AR1 alpha + Basic + One-Step,NASDAQ:KELYA,0.0
2020-09-02,12,AR1 alpha + Basic + One-Step,NASDAQ:KELYA,0.0
2020-09-03,12,AR1 alpha + Basic + One-Step,NASDAQ:KELYA,0.0
2020-09-04,12,AR1 alpha + Basic + One-Step,NASDAQ:KELYA,0.0
2020-09-08,12,AR1 alpha + Basic + One-Step,NASDAQ:KELYA,0.0
2020-09-09,12,AR1 alpha + Basic + One-Step,NASDAQ:KELYA,2.4289477881128875e-08
2020-09-10,12,AR1 alpha + Basic + One-Step,NASDAQ:KELYA,0.0
2020-09-11,12,AR1 alpha + Basic + One-Step,NASDAQ:KELYA,0.0
2020-09-14,12,AR1 alpha + Basic + One-Step,NASDAQ:KELYA,0.0
2020-09-15,12,AR1 alpha + Basic + One-Step,NASDAQ:KELYA,0.0
2020-09-16,12,AR1 alpha + Basic + One-Step,NASDAQ:KELYA,0.0
2020-09-17,12,AR1 alpha + Basic + One-Step,NASDAQ:KELYA,0.0
2020-09-18,12,AR1 alpha + Basic + One-Step,NASDAQ:KELYA,0.0
2020-09-21,12,AR1 alpha + Basic + One-Step,NASDAQ:KELYA,0.0
2020-09-22,12,AR1 alpha + Basic + One-Step,NASDAQ:KELYA,0.0
2020-09-23,12,AR1 alpha + Basic + One-Step,NASDAQ:KELYA,5.260400387865794e-09
2020-09-24,12,AR1 alpha + Basic + One-Step,NASDAQ:KELYA,1.8052166438555784e-07
2020-09-25,12,AR1 alpha + Basic + One-Step,NASDAQ:KELYA,0.0
2020-09-28,12,AR1 alpha + Basic + One-Step,NASDAQ:KELYA,0.0
2020-09-29,12,AR1 alpha + Basic + One-Step,NASDAQ:KELYA,0.0
2020-09-30,12,AR1 alpha + Basic + One-Step,NASDAQ:KELYA,0.0
2020-10-01,12,AR1 alpha + Basic + One-Step,NASDAQ:KELYA,3.293929437890264e-07
2020-10-02,12,AR1 alpha + Basic + One-Step,NASDAQ:KELYA,0.0
2020-10-05,12,AR1 alpha + Basic + One-Step,NASDAQ:KELYA,4.5796985642054235e-09
2020-10-06,12,AR1 alpha + Basic + One-Step,NASDAQ:KELYA,1.0854548949112884e-07
2020-10-07,12,AR1 alpha + Basic + One-Step,NASDAQ:KELYA,3.926127528772897e-07
2020-10-08,12,AR1 alpha + Basic + One-Step,NASDAQ:KELYA,0.0
2020-10-09,12,AR1 alpha + Basic + One-Step,NASDAQ:KELYA,0.0
2020-10-12,12,AR1 alpha + Basic + One-Step,NASDAQ:KELYA,0.0
2020-10-13,12,AR1 alpha + Basic + One-Step,NASDAQ:KELYA,0.0
2020-10-14,12,AR1 alpha + Basic + One-Step,NASDAQ:KELYA,0.0
2020-10-15,12,AR1 alpha + Basic + One-Step,NASDAQ:KELYA,0.0
2020-10-16,12,AR1 alpha + Basic + One-Step,NASDAQ:KELYA,1.1376377311348382e-07
2020-10-19,12,AR1 alpha + Basic + One-Step,NASDAQ:KELYA,1.5522928603937647e-07
2020-10-20,12,AR1 alpha + Basic + One-Step,NASDAQ:KELYA,0.0
2020-10-21,12,AR1 alpha + Basic + One-Step,NASDAQ:KELYA,0.0
2020-10-22,12,AR1 alpha + Basic + One-Step,NASDAQ:KELYA,0.0
2020-10-23,12,AR1 alpha + Basic + One-Step,NASDAQ:KELYA,0.0
2020-10-26,12,AR1 alpha + Basic + One-Step,NASDAQ:KELYA,0.0
2020-10-27,12,AR1 alpha + Basic + One-Step,NASDAQ:KELYA,6.406431149388418e-09
2020-10-28,12,AR1 alpha + Basic + One-Step,NASDAQ:KELYA,5.649102135346146e-09
2020-10-29,12,AR1 alpha + Basic + One-Step,NASDAQ:KELYA,0.0
2020-10-30,12,AR1 alpha + Basic + One-Step,NASDAQ:KELYA,0.0
2020-11-02,12,AR1 alpha + Basic + One-Step,NASDAQ:KELYA,0.0
2020-11-03,12,AR1 alpha + Basic + One-Step,NASDAQ:KELYA,0.0
2020-11-04,12,AR1 alpha + Basic + One-Step,NASDAQ:KELYA,0.0
2020-11-05,12,AR1 alpha + Basic + One-Step,NASDAQ:KELYA,0.0
2020-11-06,12,AR1 alpha + Basic + One-Step,NASDAQ:KELYA,0.0
2020-11-09,12,AR1 alpha + Basic + One-Step,NASDAQ:KELYA,0.0
2020-11-10,12,AR1 alpha + Basic + One-Step,NASDAQ:KELYA,0.0
2020-11-11,12,AR1 alpha + Basic + One-Step,NASDAQ:KELYA,0.0
2020-11-12,12,AR1 alpha + Basic + One-Step,NASDAQ:KELYA,0.0
2020-11-13,12,AR1 alpha + Basic + One-Step,NASDAQ:KELYA,0.0
2020-11-16,12,AR1 alpha + Basic + One-Step,NASDAQ:KELYA,0.0
2020-11-17,12,AR1 alpha + Basic + One-Step,NASDAQ:KELYA,0.0
2020-11-18,12,AR1 alpha + Basic + One-Step,NASDAQ:KELYA,0.0
2020-11-19,12,AR1 alpha + Basic + One-Step,NASDAQ:KELYA,3.835452708607802e-08
2020-11-20,12,AR1 alpha + Basic + One-Step,NASDAQ:KELYA,0.0
2020-11-23,12,AR1 alpha + Basic + One-Step,NASDAQ:KELYA,0.0
2020-11-24,12,AR1 alpha + Basic + One-Step,NASDAQ:KELYA,0.0
2020-11-25,12,AR1 alpha + Basic + One-Step,NASDAQ:KELYA,0.0
2020-11-27,12,AR1 alpha + Basic + One-Step,NASDAQ:KELYA,0.0
2020-11-30,12,AR1 alpha + Basic + One-Step,NASDAQ:KELYA,1.8417416694112743e-09
2020-12-01,12,AR1 alpha + Basic + One-Step,NASDAQ:KELYA,0.0
2020-12-02,12,AR1 alpha + Basic + One-Step,NASDAQ:KELYA,0.0
2020-12-03,12,AR1 alpha + Basic + One-Step,NASDAQ:KELYA,0.0
2020-12-04,12,AR1 alpha + Basic + One-Step,NASDAQ:KELYA,0.0
2020-12-07,12,AR1 alpha + Basic + One-Step,NASDAQ:KELYA,0.0
2020-12-08,12,AR1 alpha + Basic + One-Step,NASDAQ:KELYA,1.0168363291955882e-07
2020-12-09,12,AR1 alpha + Basic + One-Step,NASDAQ:KELYA,0.0
2020-12-10,12,AR1 alpha + Basic + One-Step,NASDAQ:KELYA,0.0
2020-12-11,12,AR1 alpha + Basic + One-Step,NASDAQ:KELYA,2.6647232960657317e-07
2020-12-14,12,AR1 alpha + Basic + One-Step,NASDAQ:KELYA,3.3885540862865417e-07
2020-12-15,12,AR1 alpha + Basic + One-Step,NASDAQ:KELYA,0.0
2020-12-16,12,AR1 alpha + Basic + One-Step,NASDAQ:KELYA,8.998770336430743e-09
2020-12-17,12,AR1 alpha + Basic + One-Step,NASDAQ:KELYA,0.0
2020-12-18,12,AR1 alpha + Basic + One-Step,NASDAQ:KELYA,0.0
2020-12-21,12,AR1 alpha + Basic + One-Step,NASDAQ:KELYA,7.384683252757818e-07
2020-12-22,12,AR1 alpha + Basic + One-Step,NASDAQ:KELYA,4.710341268233788e-07
2020-12-23,12,AR1 alpha + Basic + One-Step,NASDAQ:KELYA,0.0
2020-12-24,12,AR1 alpha + Basic + One-Step,NASDAQ:KELYA,0.0
2020-12-28,12,AR1 alpha + Basic + One-Step,NASDAQ:KELYA,0.0
2020-12-29,12,AR1 alpha + Basic + One-Step,NASDAQ:KELYA,0.0
2020-12-30,12,AR1 alpha + Basic + One-Step,NASDAQ:KELYA,0.0
2020-12-31,12,AR1 alpha + Basic + One-Step,NASDAQ:KELYA,0.0
2021-01-04,12,AR1 alpha + Basic + One-Step,NASDAQ:KELYA,0.0
2021-01-05,12,AR1 alpha + Basic + One-Step,NASDAQ:KELYA,0.0
2021-01-06,12,AR1 alpha + Basic + One-Step,NASDAQ:KELYA,0.0
2021-01-07,12,AR1 alpha + Basic + One-Step,NASDAQ:KELYA,0.0
2021-01-08,12,AR1 alpha + Basic + One-Step,NASDAQ:KELYA,0.0
2021-01-11,12,AR1 alpha + Basic + One-Step,NASDAQ:KELYA,0.0
2021-01-12,12,AR1 alpha + Basic + One-Step,NASDAQ:KELYA,0.0
2021-01-13,12,AR1 alpha + Basic + One-Step,NASDAQ:KELYA,0.0
2021-01-14,12,AR1 alpha + Basic + One-Step,NASDAQ:KELYA,0.0
2021-01-15,12,AR1 alpha + Basic + One-Step,NASDAQ:KELYA,0.0
2021-01-19,12,AR1 alpha + Basic + One-Step,NASDAQ:KELYA,0.0
2021-01-20,12,AR1 alpha + Basic + One-Step,NASDAQ:KELYA,0.0
2021-01-21,12,AR1 alpha + Basic + One-Step,NASDAQ:KELYA,0.0
2021-01-22,12,AR1 alpha + Basic + One-Step,NASDAQ:KELYA,4.264441612128676e-10
2021-01-25,12,AR1 alpha + Basic + One-Step,NASDAQ:KELYA,0.0
2021-01-26,12,AR1 alpha + Basic + One-Step,NASDAQ:KELYA,0.0
2021-01-27,12,AR1 alpha + Basic + One-Step,NASDAQ:KELYA,0.0
2021-01-28,12,AR1 alpha + Basic + One-Step,NASDAQ:KELYA,0.0
2021-01-29,12,AR1 alpha + Basic + One-Step,NASDAQ:KELYA,0.0
2021-02-01,12,AR1 alpha + Basic + One-Step,NASDAQ:KELYA,1.2176892298340442e-07
2021-02-02,12,AR1 alpha + Basic + One-Step,NASDAQ:KELYA,0.0
2021-02-03,12,AR1 alpha + Basic + One-Step,NASDAQ:KELYA,8.78758433559306e-09
2021-02-04,12,AR1 alpha + Basic + One-Step,NASDAQ:KELYA,0.0
2021-02-05,12,AR1 alpha + Basic + One-Step,NASDAQ:KELYA,0.0
2021-02-08,12,AR1 alpha + Basic + One-Step,NASDAQ:KELYA,0.0
2021-02-09,12,AR1 alpha + Basic + One-Step,NASDAQ:KELYA,0.0
2021-02-10,12,AR1 alpha + Basic + One-Step,NASDAQ:KELYA,0.0
2021-02-11,12,AR1 alpha + Basic + One-Step,NASDAQ:KELYA,0.0
2021-02-12,12,AR1 alpha + Basic + One-Step,NASDAQ:KELYA,0.0
2021-02-16,12,AR1 alpha + Basic + One-Step,NASDAQ:KELYA,0.0
2021-02-17,12,AR1 alpha + Basic + One-Step,NASDAQ:KELYA,0.0
2021-02-18,12,AR1 alpha + Basic + One-Step,NASDAQ:KELYA,0.0
2021-02-19,12,AR1 alpha + Basic + One-Step,NASDAQ:KELYA,0.0
2021-02-22,12,AR1 alpha + Basic + One-Step,NASDAQ:KELYA,0.0
2021-02-23,12,AR1 alpha + Basic + One-Step,NASDAQ:KELYA,5.338852417337121e-08
2021-02-24,12,AR1 alpha + Basic + One-Step,NASDAQ:KELYA,0.0
2021-02-25,12,AR1 alpha + Basic + One-Step,NASDAQ:KELYA,0.0
2021-02-26,12,AR1 alpha + Basic + One-Step,NASDAQ:KELYA,1.2317897408795843e-06
2021-03-01,12,AR1 alpha + Basic + One-Step,NASDAQ:KELYA,0.0
2021-03-02,12,AR1 alpha + Basic + One-Step,NASDAQ:KELYA,2.7531531125834782e-08
2021-03-03,12,AR1 alpha + Basic + One-Step,NASDAQ:KELYA,0.0
2021-03-04,12,AR1 alpha + Basic + One-Step,NASDAQ:KELYA,0.0
2021-03-05,12,AR1 alpha + Basic + One-Step,NASDAQ:KELYA,0.0
2021-03-08,12,AR1 alpha + Basic + One-Step,NASDAQ:KELYA,0.0
2021-03-09,12,AR1 alpha + Basic + One-Step,NASDAQ:KELYA,0.0
2021-03-10,12,AR1 alpha + Basic + One-Step,NASDAQ:KELYA,0.0
2021-03-11,12,AR1 alpha + Basic + One-Step,NASDAQ:KELYA,0.0
2021-03-12,12,AR1 alpha + Basic + One-Step,NASDAQ:KELYA,0.0
2021-03-15,12,AR1 alpha + Basic + One-Step,NASDAQ:KELYA,0.0
2021-03-16,12,AR1 alpha + Basic + One-Step,NASDAQ:KELYA,0.0
2021-03-17,12,AR1 alpha + Basic + One-Step,NASDAQ:KELYA,0.0
2021-03-18,12,AR1 alpha + Basic + One-Step,NASDAQ:KELYA,0.0
2021-03-19,12,AR1 alpha + Basic + One-Step,NASDAQ:KELYA,0.0
2021-03-22,12,AR1 alpha + Basic + One-Step,NASDAQ:KELYA,0.0
2021-03-23,12,AR1 alpha + Basic + One-Step,NASDAQ:KELYA,0.0
2021-03-24,12,AR1 alpha + Basic + One-Step,NASDAQ:KELYA,0.0
2021-03-25,12,AR1 alpha + Basic + One-Step,NASDAQ:KELYA,0.0
2021-03-26,12,AR1 alpha + Basic + One-Step,NASDAQ:KELYA,8.23076198335077e-09
2021-03-29,12,AR1 alpha + Basic + One-Step,NASDAQ:KELYA,0.0
2021-03-30,12,AR1 alpha + Basic + One-Step,NASDAQ:KELYA,3.7375821669606893e-07
2021-03-31,12,AR1 alpha + Basic + One-Step,NASDAQ:KELYA,1.1985170909046297e-07
2021-04-01,12,AR1 alpha + Basic + One-Step,NASDAQ:KELYA,0.0
2021-04-05,12,AR1 alpha + Basic + One-Step,NASDAQ:KELYA,1.0416791311307746e-06
2021-04-06,12,AR1 alpha + Basic + One-Step,NASDAQ:KELYA,0.0
2021-04-07,12,AR1 alpha + Basic + One-Step,NASDAQ:KELYA,2.569487736596312e-09
2021-04-08,12,AR1 alpha + Basic + One-Step,NASDAQ:KELYA,1.7686725304380697e-07
2021-04-09,12,AR1 alpha + Basic + One-Step,NASDAQ:KELYA,0.0
2021-04-12,12,AR1 alpha + Basic + One-Step,NASDAQ:KELYA,3.3856642951368966e-09
2021-04-13,12,AR1 alpha + Basic + One-Step,NASDAQ:KELYA,5.660981369943619e-09
2021-04-14,12,AR1 alpha + Basic + One-Step,NASDAQ:KELYA,2.0959621000866267e-07
2021-04-15,12,AR1 alpha + Basic + One-Step,NASDAQ:KELYA,0.0
2021-04-16,12,AR1 alpha + Basic + One-Step,NASDAQ:KELYA,0.0
2021-04-19,12,AR1 alpha + Basic + One-Step,NASDAQ:KELYA,1.1747977501034756e-08
2021-04-20,12,AR1 alpha + Basic + One-Step,NASDAQ:KELYA,0.0
2021-04-21,12,AR1 alpha + Basic + One-Step,NASDAQ:KELYA,0.0
2021-04-22,12,AR1 alpha + Basic + One-Step,NASDAQ:KELYA,0.0
2021-04-23,12,AR1 alpha + Basic + One-Step,NASDAQ:KELYA,0.0
2021-04-26,12,AR1 alpha + Basic + One-Step,NASDAQ:KELYA,0.0
2021-04-27,12,AR1 alpha + Basic + One-Step,NASDAQ:KELYA,0.0
2021-04-28,12,AR1 alpha + Basic + One-Step,NASDAQ:KELYA,1.9033574034648684e-08
2021-04-29,12,AR1 alpha + Basic + One-Step,NASDAQ:KELYA,0.0
2021-04-30,12,AR1 alpha + Basic + One-Step,NASDAQ:KELYA,0.0
2021-05-03,12,AR1 alpha + Basic + One-Step,NASDAQ:KELYA,0.0
2021-05-04,12,AR1 alpha + Basic + One-Step,NASDAQ:KELYA,5.9293238938007194e-08
2021-05-05,12,AR1 alpha + Basic + One-Step,NASDAQ:KELYA,0.0
2021-05-06,12,AR1 alpha + Basic + One-Step,NASDAQ:KELYA,0.0
2021-05-07,12,AR1 alpha + Basic + One-Step,NASDAQ:KELYA,0.0
2021-05-10,12,AR1 alpha + Basic + One-Step,NASDAQ:KELYA,0.0
2021-05-11,12,AR1 alpha + Basic + One-Step,NASDAQ:KELYA,0.0
2021-05-12,12,AR1 alpha + Basic + One-Step,NASDAQ:KELYA,0.0
2021-05-13,12,AR1 alpha + Basic + One-Step,NASDAQ:KELYA,0.0
2021-05-14,12,AR1 alpha + Basic + One-Step,NASDAQ:KELYA,0.0
2021-05-17,12,AR1 alpha + Basic + One-Step,NASDAQ:KELYA,0.0
2021-05-18,12,AR1 alpha + Basic + One-Step,NASDAQ:KELYA,0.0
2021-05-19,12,AR1 alpha + Basic + One-Step,NASDAQ:KELYA,0.0
2021-05-20,12,AR1 alpha + Basic + One-Step,NASDAQ:KELYA,4.8591036940253244e-08
2021-05-21,12,AR1 alpha + Basic + One-Step,NASDAQ:KELYA,0.0
2021-05-24,12,AR1 alpha + Basic + One-Step,NASDAQ:KELYA,0.0
2021-05-25,12,AR1 alpha + Basic + One-Step,NASDAQ:KELYA,0.0
2021-05-26,12,AR1 alpha + Basic + One-Step,NASDAQ:KELYA,0.0
2021-05-27,12,AR1 alpha + Basic + One-Step,NASDAQ:KELYA,1.4454187895644e-08
2021-05-28,12,AR1 alpha + Basic + One-Step,NASDAQ:KELYA,0.0
2021-06-01,12,AR1 alpha + Basic + One-Step,NASDAQ:KELYA,0.0
2021-06-02,12,AR1 alpha + Basic + One-Step,NASDAQ:KELYA,0.0
2021-06-03,12,AR1 alpha + Basic + One-Step,NASDAQ:KELYA,0.0
2021-06-04,12,AR1 alpha + Basic + One-Step,NASDAQ:KELYA,0.0
2021-06-07,12,AR1 alpha + Basic + One-Step,NASDAQ:KELYA,1.490104588199915e-08
2021-06-08,12,AR1 alpha + Basic + One-Step,NASDAQ:KELYA,0.0
2021-06-09,12,AR1 alpha + Basic + One-Step,NASDAQ:KELYA,0.0
2021-06-10,12,AR1 alpha + Basic + One-Step,NASDAQ:KELYA,2.9286631604581685e-08
2021-06-11,12,AR1 alpha + Basic + One-Step,NASDAQ:KELYA,0.0
2021-06-14,12,AR1 alpha + Basic + One-Step,NASDAQ:KELYA,4.483603237108387e-08
2021-06-15,12,AR1 alpha + Basic + One-Step,NASDAQ:KELYA,0.0
2021-06-16,12,AR1 alpha + Basic + One-Step,NASDAQ:KELYA,0.0
2021-06-17,12,AR1 alpha + Basic + One-Step,NASDAQ:KELYA,0.0
2021-06-18,12,AR1 alpha + Basic + One-Step,NASDAQ:KELYA,0.0
2021-06-21,12,AR1 alpha + Basic + One-Step,NASDAQ:KELYA,0.0
2021-06-22,12,AR1 alpha + Basic + One-Step,NASDAQ:KELYA,5.789351219959854e-07
2021-06-23,12,AR1 alpha + Basic + One-Step,NASDAQ:KELYA,5.348663751735978e-07
2021-06-24,12,AR1 alpha + Basic + One-Step,NASDAQ:KELYA,8.029934689035411e-07
2021-06-25,12,AR1 alpha + Basic + One-Step,NASDAQ:KELYA,0.0
2021-06-28,12,AR1 alpha + Basic + One-Step,NASDAQ:KELYA,0.0
2021-06-29,12,AR1 alpha + Basic + One-Step,NASDAQ:KELYA,0.0
2021-06-30,12,AR1 alpha + Basic + One-Step,NASDAQ:KELYA,0.0
2021-07-01,12,AR1 alpha + Basic + One-Step,NASDAQ:KELYA,0.0
2021-07-02,12,AR1 alpha + Basic + One-Step,NASDAQ:KELYA,0.0
2021-07-06,12,AR1 alpha + Basic + One-Step,NASDAQ:KELYA,0.0
2021-07-07,12,AR1 alpha + Basic + One-Step,NASDAQ:KELYA,0.0
2021-07-08,12,AR1 alpha + Basic + One-Step,NASDAQ:KELYA,0.0
2021-07-09,12,AR1 alpha + Basic + One-Step,NASDAQ:KELYA,0.0
2021-07-12,12,AR1 alpha + Basic + One-Step,NASDAQ:KELYA,0.0
2021-07-13,12,AR1 alpha + Basic + One-Step,NASDAQ:KELYA,5.471260994514651e-08
2021-07-14,12,AR1 alpha + Basic + One-Step,NASDAQ:KELYA,0.0
2021-07-15,12,AR1 alpha + Basic + One-Step,NASDAQ:KELYA,0.0
2021-07-16,12,AR1 alpha + Basic + One-Step,NASDAQ:KELYA,0.0
2021-07-19,12,AR1 alpha + Basic + One-Step,NASDAQ:KELYA,0.0
2021-07-20,12,AR1 alpha + Basic + One-Step,NASDAQ:KELYA,0.0
2021-07-21,12,AR1 alpha + Basic + One-Step,NASDAQ:KELYA,0.0
2021-07-22,12,AR1 alpha + Basic + One-Step,NASDAQ:KELYA,0.0
2021-07-23,12,AR1 alpha + Basic + One-Step,NASDAQ:KELYA,0.0
2021-07-26,12,AR1 alpha + Basic + One-Step,NASDAQ:KELYA,2.1490006808193525e-07
2021-07-27,12,AR1 alpha + Basic + One-Step,NASDAQ:KELYA,2.883419030623894e-06
2021-07-28,12,AR1 alpha + Basic + One-Step,NASDAQ:KELYA,0.0
2021-07-29,12,AR1 alpha + Basic + One-Step,NASDAQ:KELYA,0.0
2021-07-30,12,AR1 alpha + Basic + One-Step,NASDAQ:KELYA,0.0
2021-08-02,12,AR1 alpha + Basic + One-Step,NASDAQ:KELYA,1.2086743831861162e-07
2021-08-03,12,AR1 alpha + Basic + One-Step,NASDAQ:KELYA,0.0
2021-08-04,12,AR1 alpha + Basic + One-Step,NASDAQ:KELYA,3.913262554341925e-08
2021-08-05,12,AR1 alpha + Basic + One-Step,NASDAQ:KELYA,4.113789841889035e-07
2021-08-06,12,AR1 alpha + Basic + One-Step,NASDAQ:KELYA,0.0
2021-08-09,12,AR1 alpha + Basic + One-Step,NASDAQ:KELYA,1.4125667282725084e-07
2021-08-10,12,AR1 alpha + Basic + One-Step,NASDAQ:KELYA,6.507198301096106e-08
2021-08-11,12,AR1 alpha + Basic + One-Step,NASDAQ:KELYA,1.4563250010339737e-07
2021-08-12,12,AR1 alpha + Basic + One-Step,NASDAQ:KELYA,1.6774142860130108e-07
2021-08-13,12,AR1 alpha + Basic + One-Step,NASDAQ:KELYA,0.0
2021-08-16,12,AR1 alpha + Basic + One-Step,NASDAQ:KELYA,0.0
2021-08-17,12,AR1 alpha + Basic + One-Step,NASDAQ:KELYA,2.0440687462218705e-07
2021-08-18,12,AR1 alpha + Basic + One-Step,NASDAQ:KELYA,0.0
2021-08-19,12,AR1 alpha + Basic + One-Step,NASDAQ:KELYA,0.0
2021-08-20,12,AR1 alpha + Basic + One-Step,NASDAQ:KELYA,4.995329393398478e-08
2021-08-23,12,AR1 alpha + Basic + One-Step,NASDAQ:KELYA,5.060598035450152e-07
2021-08-24,12,AR1 alpha + Basic + One-Step,NASDAQ:KELYA,0.0
2021-08-25,12,AR1 alpha + Basic + One-Step,NASDAQ:KELYA,8.999454529255462e-08
2021-08-26,12,AR1 alpha + Basic + One-Step,NASDAQ:KELYA,5.7740053471768135e-08
2021-08-27,12,AR1 alpha + Basic + One-Step,NASDAQ:KELYA,0.0
2021-08-30,12,AR1 alpha + Basic + One-Step,NASDAQ:KELYA,0.0
2021-08-31,12,AR1 alpha + Basic + One-Step,NASDAQ:KELYA,4.1691602864837534e-07
2021-09-01,12,AR1 alpha + Basic + One-Step,NASDAQ:KELYA,0.0
2021-09-02,12,AR1 alpha + Basic + One-Step,NASDAQ:KELYA,0.0
2021-09-03,12,AR1 alpha + Basic + One-Step,NASDAQ:KELYA,2.15928129990413e-08
2021-09-07,12,AR1 alpha + Basic + One-Step,NASDAQ:KELYA,0.0
2021-09-08,12,AR1 alpha + Basic + One-Step,NASDAQ:KELYA,0.0
2021-09-09,12,AR1 alpha + Basic + One-Step,NASDAQ:KELYA,0.0
2021-09-10,12,AR1 alpha + Basic + One-Step,NASDAQ:KELYA,2.606107560840487e-07
2021-09-13,12,AR1 alpha + Basic + One-Step,NASDAQ:KELYA,0.0
2021-09-14,12,AR1 alpha + Basic + One-Step,NASDAQ:KELYA,0.0
2021-09-15,12,AR1 alpha + Basic + One-Step,NASDAQ:KELYA,2.2368123746259467e-07
2021-09-16,12,AR1 alpha + Basic + One-Step,NASDAQ:KELYA,0.0
2021-09-17,12,AR1 alpha + Basic + One-Step,NASDAQ:KELYA,0.0
2021-09-20,12,AR1 alpha + Basic + One-Step,NASDAQ:KELYA,0.0
2021-09-21,12,AR1 alpha + Basic + One-Step,NASDAQ:KELYA,1.7600463196142623e-07
2021-09-22,12,AR1 alpha + Basic + One-Step,NASDAQ:KELYA,0.0
2021-09-23,12,AR1 alpha + Basic + One-Step,NASDAQ:KELYA,0.0
2021-09-24,12,AR1 alpha + Basic + One-Step,NASDAQ:KELYA,0.0
2021-09-27,12,AR1 alpha + Basic + One-Step,NASDAQ:KELYA,0.0
2021-09-28,12,AR1 alpha + Basic + One-Step,NASDAQ:KELYA,0.0
2021-09-29,12,AR1 alpha + Basic + One-Step,NASDAQ:KELYA,0.0
2021-09-30,12,AR1 alpha + Basic + One-Step,NASDAQ:KELYA,0.0
2021-10-01,12,AR1 alpha + Basic + One-Step,NASDAQ:KELYA,0.0
2021-10-04,12,AR1 alpha + Basic + One-Step,NASDAQ:KELYA,0.0
2021-10-05,12,AR1 alpha + Basic + One-Step,NASDAQ:KELYA,0.0
2021-10-06,12,AR1 alpha + Basic + One-Step,NASDAQ:KELYA,0.0
2021-10-07,12,AR1 alpha + Basic + One-Step,NASDAQ:KELYA,0.0
2021-10-08,12,AR1 alpha + Basic + One-Step,NASDAQ:KELYA,0.0
2021-10-11,12,AR1 alpha + Basic + One-Step,NASDAQ:KELYA,0.0
2021-10-12,12,AR1 alpha + Basic + One-Step,NASDAQ:KELYA,0.0
2021-10-13,12,AR1 alpha + Basic + One-Step,NASDAQ:KELYA,0.0
2021-10-14,12,AR1 alpha + Basic + One-Step,NASDAQ:KELYA,0.0
2021-10-15,12,AR1 alpha + Basic + One-Step,NASDAQ:KELYA,0.0
2021-10-18,12,AR1 alpha + Basic + One-Step,NASDAQ:KELYA,0.0
2021-10-19,12,AR1 alpha + Basic + One-Step,NASDAQ:KELYA,2.616589550007864e-08
2021-10-20,12,AR1 alpha + Basic + One-Step,NASDAQ:KELYA,0.0
2021-10-21,12,AR1 alpha + Basic + One-Step,NASDAQ:KELYA,0.0
2021-10-22,12,AR1 alpha + Basic + One-Step,NASDAQ:KELYA,0.0
2021-10-25,12,AR1 alpha + Basic + One-Step,NASDAQ:KELYA,0.0
2021-10-26,12,AR1 alpha + Basic + One-Step,NASDAQ:KELYA,0.0
2021-10-27,12,AR1 alpha + Basic + One-Step,NASDAQ:KELYA,0.0
2021-10-28,12,AR1 alpha + Basic + One-Step,NASDAQ:KELYA,0.0
2021-10-29,12,AR1 alpha + Basic + One-Step,NASDAQ:KELYA,0.0
2021-11-01,12,AR1 alpha + Basic + One-Step,NASDAQ:KELYA,3.4223190786498184e-07
2021-11-02,12,AR1 alpha + Basic + One-Step,NASDAQ:KELYA,1.0048504122026915e-07
2021-11-03,12,AR1 alpha + Basic + One-Step,NASDAQ:KELYA,0.0
2021-11-04,12,AR1 alpha + Basic + One-Step,NASDAQ:KELYA,0.0
2021-11-05,12,AR1 alpha + Basic + One-Step,NASDAQ:KELYA,0.0
2021-11-08,12,AR1 alpha + Basic + One-Step,NASDAQ:KELYA,0.0
2021-11-09,12,AR1 alpha + Basic + One-Step,NASDAQ:KELYA,6.363974111425005e-08
2021-11-10,12,AR1 alpha + Basic + One-Step,NASDAQ:KELYA,4.091331618564477e-08
2021-11-11,12,AR1 alpha + Basic + One-Step,NASDAQ:KELYA,0.0
2021-11-12,12,AR1 alpha + Basic + One-Step,NASDAQ:KELYA,0.0
2021-11-15,12,AR1 alpha + Basic + One-Step,NASDAQ:KELYA,0.0
2021-11-16,12,AR1 alpha + Basic + One-Step,NASDAQ:KELYA,0.0
2021-11-17,12,AR1 alpha + Basic + One-Step,NASDAQ:KELYA,0.0
2021-11-18,12,AR1 alpha + Basic + One-Step,NASDAQ:KELYA,1.1492398794240656e-07
2021-11-19,12,AR1 alpha + Basic + One-Step,NASDAQ:KELYA,0.0
2021-11-22,12,AR1 alpha + Basic + One-Step,NASDAQ:KELYA,0.0
2021-11-23,12,AR1 alpha + Basic + One-Step,NASDAQ:KELYA,0.0
2021-11-24,12,AR1 alpha + Basic + One-Step,NASDAQ:KELYA,0.0
2021-11-26,12,AR1 alpha + Basic + One-Step,NASDAQ:KELYA,0.0
2021-11-29,12,AR1 alpha + Basic + One-Step,NASDAQ:KELYA,0.0
2021-11-30,12,AR1 alpha + Basic + One-Step,NASDAQ:KELYA,0.0
2021-12-01,12,AR1 alpha + Basic + One-Step,NASDAQ:KELYA,0.0
2021-12-02,12,AR1 alpha + Basic + One-Step,NASDAQ:KELYA,0.0
2021-12-03,12,AR1 alpha + Basic + One-Step,NASDAQ:KELYA,0.0
2021-12-06,12,AR1 alpha + Basic + One-Step,NASDAQ:KELYA,0.0
2021-12-07,12,AR1 alpha + Basic + One-Step,NASDAQ:KELYA,0.0
2021-12-08,12,AR1 alpha + Basic + One-Step,NASDAQ:KELYA,0.0
2021-12-09,12,AR1 alpha + Basic + One-Step,NASDAQ:KELYA,1.3733755494459736e-07
2021-12-10,12,AR1 alpha + Basic + One-Step,NASDAQ:KELYA,2.075730265742338e-07
2021-12-13,12,AR1 alpha + Basic + One-Step,NASDAQ:KELYA,0.0
2021-12-14,12,AR1 alpha + Basic + One-Step,NASDAQ:KELYA,4.928201641828678e-08
2021-12-15,12,AR1 alpha + Basic + One-Step,NASDAQ:KELYA,0.0
2021-12-16,12,AR1 alpha + Basic + One-Step,NASDAQ:KELYA,0.0
2021-12-17,12,AR1 alpha + Basic + One-Step,NASDAQ:KELYA,0.0
2021-12-20,12,AR1 alpha + Basic + One-Step,NASDAQ:KELYA,0.0
2021-12-21,12,AR1 alpha + Basic + One-Step,NASDAQ:KELYA,0.0
2021-12-22,12,AR1 alpha + Basic + One-Step,NASDAQ:KELYA,1.9247606283033467e-07
2021-12-23,12,AR1 alpha + Basic + One-Step,NASDAQ:KELYA,1.2836946165351696e-08
2021-12-27,12,AR1 alpha + Basic + One-Step,NASDAQ:KELYA,0.0
2021-12-28,12,AR1 alpha + Basic + One-Step,NASDAQ:KELYA,0.0
2021-12-29,12,AR1 alpha + Basic + One-Step,NASDAQ:KELYA,0.0
2021-12-30,12,AR1 alpha + Basic + One-Step,NASDAQ:KELYA,1.0130315371466153e-06
2021-12-31,12,AR1 alpha + Basic + One-Step,NASDAQ:KELYA,3.675174637371833e-07
2022-01-03,12,AR1 alpha + Basic + One-Step,NASDAQ:KELYA,2.935736379748477e-07
2022-01-04,12,AR1 alpha + Basic + One-Step,NASDAQ:KELYA,0.0
2022-01-05,12,AR1 alpha + Basic + One-Step,NASDAQ:KELYA,0.0
2022-01-06,12,AR1 alpha + Basic + One-Step,NASDAQ:KELYA,0.0
2022-01-07,12,AR1 alpha + Basic + One-Step,NASDAQ:KELYA,6.317317726876705e-08
2022-01-10,12,AR1 alpha + Basic + One-Step,NASDAQ:KELYA,0.0
2022-01-11,12,AR1 alpha + Basic + One-Step,NASDAQ:KELYA,0.0
2022-01-12,12,AR1 alpha + Basic + One-Step,NASDAQ:KELYA,0.0
2022-01-13,12,AR1 alpha + Basic + One-Step,NASDAQ:KELYA,3.732298177218431e-07
2022-01-14,12,AR1 alpha + Basic + One-Step,NASDAQ:KELYA,0.0
2022-01-18,12,AR1 alpha + Basic + One-Step,NASDAQ:KELYA,0.0
2022-01-19,12,AR1 alpha + Basic + One-Step,NASDAQ:KELYA,0.0
2022-01-20,12,AR1 alpha + Basic + One-Step,NASDAQ:KELYA,0.0
2022-01-21,12,AR1 alpha + Basic + One-Step,NASDAQ:KELYA,3.211472401129425e-07
2022-01-24,12,AR1 alpha + Basic + One-Step,NASDAQ:KELYA,0.0
2022-01-25,12,AR1 alpha + Basic + One-Step,NASDAQ:KELYA,0.0
2022-01-26,12,AR1 alpha + Basic + One-Step,NASDAQ:KELYA,3.0741808032379644e-08
2022-01-27,12,AR1 alpha + Basic + One-Step,NASDAQ:KELYA,0.0
2022-01-28,12,AR1 alpha + Basic + One-Step,NASDAQ:KELYA,6.00213838685313e-09
2022-01-31,12,AR1 alpha + Basic + One-Step,NASDAQ:KELYA,0.0
2022-02-01,12,AR1 alpha + Basic + One-Step,NASDAQ:KELYA,0.0
2022-02-02,12,AR1 alpha + Basic + One-Step,NASDAQ:KELYA,0.0
2022-02-03,12,AR1 alpha + Basic + One-Step,NASDAQ:KELYA,0.0
2022-02-04,12,AR1 alpha + Basic + One-Step,NASDAQ:KELYA,1.397366252325935e-08
2022-02-07,12,AR1 alpha + Basic + One-Step,NASDAQ:KELYA,6.555352611138976e-09
2022-02-08,12,AR1 alpha + Basic + One-Step,NASDAQ:KELYA,0.0
2022-02-09,12,AR1 alpha + Basic + One-Step,NASDAQ:KELYA,1.5486844076294042e-08
2022-02-10,12,AR1 alpha + Basic + One-Step,NASDAQ:KELYA,1.8880596727432288e-08
2022-02-11,12,AR1 alpha + Basic + One-Step,NASDAQ:KELYA,1.0713565089661623e-07
2022-02-14,12,AR1 alpha + Basic + One-Step,NASDAQ:KELYA,1.3013472730244572e-07
2022-02-15,12,AR1 alpha + Basic + One-Step,NASDAQ:KELYA,0.0
2022-02-16,12,AR1 alpha + Basic + One-Step,NASDAQ:KELYA,0.0
2022-02-17,12,AR1 alpha + Basic + One-Step,NASDAQ:KELYA,0.0
2022-02-18,12,AR1 alpha + Basic + One-Step,NASDAQ:KELYA,2.4790916100611296e-07
2022-02-22,12,AR1 alpha + Basic + One-Step,NASDAQ:KELYA,7.17357687504662e-08
2022-02-23,12,AR1 alpha + Basic + One-Step,NASDAQ:KELYA,0.0
2022-02-24,12,AR1 alpha + Basic + One-Step,NASDAQ:KELYA,0.0
2022-02-25,12,AR1 alpha + Basic + One-Step,NASDAQ:KELYA,1.6876290873412794e-08
2022-02-28,12,AR1 alpha + Basic + One-Step,NASDAQ:KELYA,2.2202672159358206e-08
2022-03-01,12,AR1 alpha + Basic + One-Step,NASDAQ:KELYA,8.043885555478723e-08
2022-03-02,12,AR1 alpha + Basic + One-Step,NASDAQ:KELYA,0.0
2022-03-03,12,AR1 alpha + Basic + One-Step,NASDAQ:KELYA,0.0
2022-03-04,12,AR1 alpha + Basic + One-Step,NASDAQ:KELYA,0.0
2022-03-07,12,AR1 alpha + Basic + One-Step,NASDAQ:KELYA,0.0
2022-03-08,12,AR1 alpha + Basic + One-Step,NASDAQ:KELYA,1.0705647231758536e-06
2022-03-09,12,AR1 alpha + Basic + One-Step,NASDAQ:KELYA,0.0
2022-03-10,12,AR1 alpha + Basic + One-Step,NASDAQ:KELYA,0.0
2022-03-11,12,AR1 alpha + Basic + One-Step,NASDAQ:KELYA,1.6485648487261335e-07
2022-03-14,12,AR1 alpha + Basic + One-Step,NASDAQ:KELYA,0.0
2022-03-15,12,AR1 alpha + Basic + One-Step,NASDAQ:KELYA,0.0
2022-03-16,12,AR1 alpha + Basic + One-Step,NASDAQ:KELYA,0.0
2022-03-17,12,AR1 alpha + Basic + One-Step,NASDAQ:KELYA,0.0
2022-03-18,12,AR1 alpha + Basic + One-Step,NASDAQ:KELYA,0.0
2022-03-21,12,AR1 alpha + Basic + One-Step,NASDAQ:KELYA,0.0
2022-03-22,12,AR1 alpha + Basic + One-Step,NASDAQ:KELYA,0.0
2022-03-23,12,AR1 alpha + Basic + One-Step,NASDAQ:KELYA,0.0
2022-03-24,12,AR1 alpha + Basic + One-Step,NASDAQ:KELYA,5.312002436321703e-08
2022-03-25,12,AR1 alpha + Basic + One-Step,NASDAQ:KELYA,0.0
2022-03-28,12,AR1 alpha + Basic + One-Step,NASDAQ:KELYA,0.0
2022-03-29,12,AR1 alpha + Basic + One-Step,NASDAQ:KELYA,0.0
2022-03-30,12,AR1 alpha + Basic + One-Step,NASDAQ:KELYA,4.39864788780732e-07
2022-03-31,12,AR1 alpha + Basic + One-Step,NASDAQ:KELYA,0.0
2022-04-01,12,AR1 alpha + Basic + One-Step,NASDAQ:KELYA,0.0
2022-04-04,12,AR1 alpha + Basic + One-Step,NASDAQ:KELYA,0.0
2022-04-05,12,AR1 alpha + Basic + One-Step,NASDAQ:KELYA,0.0
2022-04-06,12,AR1 alpha + Basic + One-Step,NASDAQ:KELYA,0.0
2022-04-07,12,AR1 alpha + Basic + One-Step,NASDAQ:KELYA,0.0
2022-04-08,12,AR1 alpha + Basic + One-Step,NASDAQ:KELYA,0.0
2022-04-11,12,AR1 alpha + Basic + One-Step,NASDAQ:KELYA,0.0
2022-04-12,12,AR1 alpha + Basic + One-Step,NASDAQ:KELYA,0.0
2022-04-13,12,AR1 alpha + Basic + One-Step,NASDAQ:KELYA,2.749922885973374e-07
2022-04-14,12,AR1 alpha + Basic + One-Step,NASDAQ:KELYA,0.0
2022-04-18,12,AR1 alpha + Basic + One-Step,NASDAQ:KELYA,0.0
2022-04-19,12,AR1 alpha + Basic + One-Step,NASDAQ:KELYA,0.0
2022-04-20,12,AR1 alpha + Basic + One-Step,NASDAQ:KELYA,6.689732527474253e-08
2022-04-21,12,AR1 alpha + Basic + One-Step,NASDAQ:KELYA,0.0
2022-04-22,12,AR1 alpha + Basic + One-Step,NASDAQ:KELYA,0.0
2022-04-25,12,AR1 alpha + Basic + One-Step,NASDAQ:KELYA,0.0
2022-04-26,12,AR1 alpha + Basic + One-Step,NASDAQ:KELYA,0.0
2022-04-27,12,AR1 alpha + Basic + One-Step,NASDAQ:KELYA,0.0
2022-04-28,12,AR1 alpha + Basic + One-Step,NASDAQ:KELYA,0.0
2022-04-29,12,AR1 alpha + Basic + One-Step,NASDAQ:KELYA,0.0
2022-05-02,12,AR1 alpha + Basic + One-Step,NASDAQ:KELYA,0.0
2022-05-03,12,AR1 alpha + Basic + One-Step,NASDAQ:KELYA,0.0
2022-05-04,12,AR1 alpha + Basic + One-Step,NASDAQ:KELYA,5.160546636082551e-07
2022-05-05,12,AR1 alpha + Basic + One-Step,NASDAQ:KELYA,0.0
2022-05-06,12,AR1 alpha + Basic + One-Step,NASDAQ:KELYA,0.0
2022-05-09,12,AR1 alpha + Basic + One-Step,NASDAQ:KELYA,0.0
2022-05-10,12,AR1 alpha + Basic + One-Step,NASDAQ:KELYA,0.0
2022-05-11,12,AR1 alpha + Basic + One-Step,NASDAQ:KELYA,0.0
2022-05-12,12,AR1 alpha + Basic + One-Step,NASDAQ:KELYA,4.399690795924135e-08
2022-05-13,12,AR1 alpha + Basic + One-Step,NASDAQ:KELYA,0.0
2022-05-16,12,AR1 alpha + Basic + One-Step,NASDAQ:KELYA,4.930559853557878e-07
2022-05-17,12,AR1 alpha + Basic + One-Step,NASDAQ:KELYA,3.695420748418572e-08
2022-05-18,12,AR1 alpha + Basic + One-Step,NASDAQ:KELYA,4.423878043936565e-08
2022-05-19,12,AR1 alpha + Basic + One-Step,NASDAQ:KELYA,0.0
2022-05-20,12,AR1 alpha + Basic + One-Step,NASDAQ:KELYA,0.0
2022-05-23,12,AR1 alpha + Basic + One-Step,NASDAQ:KELYA,0.0
2022-05-24,12,AR1 alpha + Basic + One-Step,NASDAQ:KELYA,0.0
2022-05-25,12,AR1 alpha + Basic + One-Step,NASDAQ:KELYA,1.9536695610143024e-07
2022-05-26,12,AR1 alpha + Basic + One-Step,NASDAQ:KELYA,0.0
2022-05-27,12,AR1 alpha + Basic + One-Step,NASDAQ:KELYA,0.0
2022-05-31,12,AR1 alpha + Basic + One-Step,NASDAQ:KELYA,0.0
2022-06-01,12,AR1 alpha + Basic + One-Step,NASDAQ:KELYA,0.0
2022-06-02,12,AR1 alpha + Basic + One-Step,NASDAQ:KELYA,0.0
2022-06-03,12,AR1 alpha + Basic + One-Step,NASDAQ:KELYA,0.0
2022-06-06,12,AR1 alpha + Basic + One-Step,NASDAQ:KELYA,0.0
2022-06-07,12,AR1 alpha + Basic + One-Step,NASDAQ:KELYA,0.0
2022-06-08,12,AR1 alpha + Basic + One-Step,NASDAQ:KELYA,7.33785797055923e-08
2022-06-09,12,AR1 alpha + Basic + One-Step,NASDAQ:KELYA,0.0
2022-06-10,12,AR1 alpha + Basic + One-Step,NASDAQ:KELYA,8.60268707318907e-08
2022-06-13,12,AR1 alpha + Basic + One-Step,NASDAQ:KELYA,2.8101397377904925e-07
2022-06-14,12,AR1 alpha + Basic + One-Step,NASDAQ:KELYA,1.5067451202374323e-07
2022-06-15,12,AR1 alpha + Basic + One-Step,NASDAQ:KELYA,0.0
2022-06-16,12,AR1 alpha + Basic + One-Step,NASDAQ:KELYA,0.0
2022-06-17,12,AR1 alpha + Basic + One-Step,NASDAQ:KELYA,0.0
2022-06-21,12,AR1 alpha + Basic + One-Step,NASDAQ:KELYA,9.139576456620804e-07
2022-06-22,12,AR1 alpha + Basic + One-Step,NASDAQ:KELYA,3.2857568855472534e-07
2022-06-23,12,AR1 alpha + Basic + One-Step,NASDAQ:KELYA,0.0
2022-06-24,12,AR1 alpha + Basic + One-Step,NASDAQ:KELYA,0.0
2022-06-27,12,AR1 alpha + Basic + One-Step,NASDAQ:KELYA,0.0
2022-06-28,12,AR1 alpha + Basic + One-Step,NASDAQ:KELYA,0.0
2022-06-29,12,AR1 alpha + Basic + One-Step,NASDAQ:KELYA,0.0
2022-06-30,12,AR1 alpha + Basic + One-Step,NASDAQ:KELYA,0.0
2022-07-01,12,AR1 alpha + Basic + One-Step,NASDAQ:KELYA,0.0
2022-07-05,12,AR1 alpha + Basic + One-Step,NASDAQ:KELYA,0.0
2022-07-06,12,AR1 alpha + Basic + One-Step,NASDAQ:KELYA,0.0
2022-07-07,12,AR1 alpha + Basic + One-Step,NASDAQ:KELYA,0.0
2022-07-08,12,AR1 alpha + Basic + One-Step,NASDAQ:KELYA,0.0
2022-07-11,12,AR1 alpha + Basic + One-Step,NASDAQ:KELYA,0.0
2022-07-12,12,AR1 alpha + Basic + One-Step,NASDAQ:KELYA,3.145341297485265e-07
2022-07-13,12,AR1 alpha + Basic + One-Step,NASDAQ:KELYA,3.4805704791357786e-07
2022-07-14,12,AR1 alpha + Basic + One-Step,NASDAQ:KELYA,0.0
2022-07-15,12,AR1 alpha + Basic + One-Step,NASDAQ:KELYA,0.0
2022-07-18,12,AR1 alpha + Basic + One-Step,NASDAQ:KELYA,5.13744527903725e-09
2022-07-19,12,AR1 alpha + Basic + One-Step,NASDAQ:KELYA,0.0
2022-07-20,12,AR1 alpha + Basic + One-Step,NASDAQ:KELYA,5.7279515385047594e-08
2022-07-21,12,AR1 alpha + Basic + One-Step,NASDAQ:KELYA,2.7271651150995996e-08
2022-07-22,12,AR1 alpha + Basic + One-Step,NASDAQ:KELYA,0.0
2022-07-25,12,AR1 alpha + Basic + One-Step,NASDAQ:KELYA,0.0
2022-07-26,12,AR1 alpha + Basic + One-Step,NASDAQ:KELYA,0.0
2022-07-27,12,AR1 alpha + Basic + One-Step,NASDAQ:KELYA,0.0
2022-07-28,12,AR1 alpha + Basic + One-Step,NASDAQ:KELYA,0.0
2022-07-29,12,AR1 alpha + Basic + One-Step,NASDAQ:KELYA,0.0
2022-08-01,12,AR1 alpha + Basic + One-Step,NASDAQ:KELYA,0.0
2022-08-02,12,AR1 alpha + Basic + One-Step,NASDAQ:KELYA,0.0
2022-08-03,12,AR1 alpha + Basic + One-Step,NASDAQ:KELYA,0.0
2022-08-04,12,AR1 alpha + Basic + One-Step,NASDAQ:KELYA,0.0
2022-08-05,12,AR1 alpha + Basic + One-Step,NASDAQ:KELYA,0.0
2022-08-08,12,AR1 alpha + Basic + One-Step,NASDAQ:KELYA,0.0
2022-08-09,12,AR1 alpha + Basic + One-Step,NASDAQ:KELYA,0.0
2022-08-10,12,AR1 alpha + Basic + One-Step,NASDAQ:KELYA,0.0
2022-08-11,12,AR1 alpha + Basic + One-Step,NASDAQ:KELYA,0.0
2022-08-12,12,AR1 alpha + Basic + One-Step,NASDAQ:KELYA,0.0
2022-08-15,12,AR1 alpha + Basic + One-Step,NASDAQ:KELYA,0.0
2022-08-16,12,AR1 alpha + Basic + One-Step,NASDAQ:KELYA,0.0
2022-08-17,12,AR1 alpha + Basic + One-Step,NASDAQ:KELYA,0.0
2022-08-18,12,AR1 alpha + Basic + One-Step,NASDAQ:KELYA,0.0
2022-08-19,12,AR1 alpha + Basic + One-Step,NASDAQ:KELYA,0.0
2022-08-22,12,AR1 alpha + Basic + One-Step,NASDAQ:KELYA,0.0
2022-08-23,12,AR1 alpha + Basic + One-Step,NASDAQ:KELYA,0.0
2022-08-24,12,AR1 alpha + Basic + One-Step,NASDAQ:KELYA,1.5213301455334148e-07
2022-08-25,12,AR1 alpha + Basic + One-Step,NASDAQ:KELYA,0.0
2022-08-26,12,AR1 alpha + Basic + One-Step,NASDAQ:KELYA,0.0
2022-08-29,12,AR1 alpha + Basic + One-Step,NASDAQ:KELYA,0.0
2022-08-30,12,AR1 alpha + Basic + One-Step,NASDAQ:KELYA,0.0
2022-08-31,12,AR1 alpha + Basic + One-Step,NASDAQ:KELYA,0.0
2022-09-01,12,AR1 alpha + Basic + One-Step,NASDAQ:KELYA,0.0
2022-09-02,12,AR1 alpha + Basic + One-Step,NASDAQ:KELYA,0.0
2022-09-06,12,AR1 alpha + Basic + One-Step,NASDAQ:KELYA,0.0
2022-09-07,12,AR1 alpha + Basic + One-Step,NASDAQ:KELYA,0.0
2022-09-08,12,AR1 alpha + Basic + One-Step,NASDAQ:KELYA,3.5608047579252066e-08
2022-09-09,12,AR1 alpha + Basic + One-Step,NASDAQ:KELYA,2.384898761373263e-07
2022-09-12,12,AR1 alpha + Basic + One-Step,NASDAQ:KELYA,0.0
2022-09-13,12,AR1 alpha + Basic + One-Step,NASDAQ:KELYA,0.0
2022-09-14,12,AR1 alpha + Basic + One-Step,NASDAQ:KELYA,0.0
2022-09-15,12,AR1 alpha + Basic + One-Step,NASDAQ:KELYA,0.0
2022-09-16,12,AR1 alpha + Basic + One-Step,NASDAQ:KELYA,1.9611354491888043e-08
2022-09-19,12,AR1 alpha + Basic + One-Step,NASDAQ:KELYA,0.0
2022-09-20,12,AR1 alpha + Basic + One-Step,NASDAQ:KELYA,2.71821055368762e-07
2022-09-21,12,AR1 alpha + Basic + One-Step,NASDAQ:KELYA,0.0
2022-09-22,12,AR1 alpha + Basic + One-Step,NASDAQ:KELYA,0.0
2022-09-23,12,AR1 alpha + Basic + One-Step,NASDAQ:KELYA,0.0
2022-09-26,12,AR1 alpha + Basic + One-Step,NASDAQ:KELYA,1.4190291382368535e-09
2022-09-27,12,AR1 alpha + Basic + One-Step,NASDAQ:KELYA,0.0
2022-09-28,12,AR1 alpha + Basic + One-Step,NASDAQ:KELYA,0.0
2022-09-29,12,AR1 alpha + Basic + One-Step,NASDAQ:KELYA,0.0
2022-09-30,12,AR1 alpha + Basic + One-Step,NASDAQ:KELYA,0.0
2022-10-03,12,AR1 alpha + Basic + One-Step,NASDAQ:KELYA,0.0
2022-10-04,12,AR1 alpha + Basic + One-Step,NASDAQ:KELYA,0.0
2022-10-05,12,AR1 alpha + Basic + One-Step,NASDAQ:KELYA,4.818444204813748e-08
2022-10-06,12,AR1 alpha + Basic + One-Step,NASDAQ:KELYA,0.0
2022-10-07,12,AR1 alpha + Basic + One-Step,NASDAQ:KELYA,0.0
2022-10-10,12,AR1 alpha + Basic + One-Step,NASDAQ:KELYA,0.0
2022-10-11,12,AR1 alpha + Basic + One-Step,NASDAQ:KELYA,4.741636253621628e-07
2022-10-12,12,AR1 alpha + Basic + One-Step,NASDAQ:KELYA,2.0006372272406609e-07
2022-10-13,12,AR1 alpha + Basic + One-Step,NASDAQ:KELYA,0.0
2022-10-14,12,AR1 alpha + Basic + One-Step,NASDAQ:KELYA,6.333047365663984e-08
2022-10-17,12,AR1 alpha + Basic + One-Step,NASDAQ:KELYA,0.0
2022-10-18,12,AR1 alpha + Basic + One-Step,NASDAQ:KELYA,0.0
2022-10-19,12,AR1 alpha + Basic + One-Step,NASDAQ:KELYA,1.0458404695143753e-08
2022-10-20,12,AR1 alpha + Basic + One-Step,NASDAQ:KELYA,5.883854111691031e-11
2022-10-21,12,AR1 alpha + Basic + One-Step,NASDAQ:KELYA,7.558433098847336e-08
2022-10-24,12,AR1 alpha + Basic + One-Step,NASDAQ:KELYA,0.0
2022-10-25,12,AR1 alpha + Basic + One-Step,NASDAQ:KELYA,0.0
2022-10-26,12,AR1 alpha + Basic + One-Step,NASDAQ:KELYA,0.0
2022-10-27,12,AR1 alpha + Basic + One-Step,NASDAQ:KELYA,0.0
2022-10-28,12,AR1 alpha + Basic + One-Step,NASDAQ:KELYA,0.0
2022-10-31,12,AR1 alpha + Basic + One-Step,NASDAQ:KELYA,0.0
2022-11-01,12,AR1 alpha + Basic + One-Step,NASDAQ:KELYA,0.0
2022-11-02,12,AR1 alpha + Basic + One-Step,NASDAQ:KELYA,4.3143069083169536e-07
2022-11-03,12,AR1 alpha + Basic + One-Step,NASDAQ:KELYA,8.590115342875096e-07
2022-11-04,12,AR1 alpha + Basic + One-Step,NASDAQ:KELYA,6.509717063361421e-07
2022-11-07,12,AR1 alpha + Basic + One-Step,NASDAQ:KELYA,6.620005481316412e-08
2022-11-08,12,AR1 alpha + Basic + One-Step,NASDAQ:KELYA,0.0
2022-11-09,12,AR1 alpha + Basic + One-Step,NASDAQ:KELYA,0.0
2022-11-10,12,AR1 alpha + Basic + One-Step,NASDAQ:KELYA,0.09999988103252887
2022-11-11,12,AR1 alpha + Basic + One-Step,NASDAQ:KELYA,0.03085419380583252
2022-11-14,12,AR1 alpha + Basic + One-Step,NASDAQ:KELYA,0.0
2022-11-15,12,AR1 alpha + Basic + One-Step,NASDAQ:KELYA,0.0
2022-11-16,12,AR1 alpha + Basic + One-Step,NASDAQ:KELYA,0.0
2022-11-17,12,AR1 alpha + Basic + One-Step,NASDAQ:KELYA,0.0
2022-11-18,12,AR1 alpha + Basic + One-Step,NASDAQ:KELYA,3.4625699998658374e-07
2022-11-21,12,AR1 alpha + Basic + One-Step,NASDAQ:KELYA,3.3396309985585763e-07
2022-11-22,12,AR1 alpha + Basic + One-Step,NASDAQ:KELYA,0.0
2022-11-23,12,AR1 alpha + Basic + One-Step,NASDAQ:KELYA,0.0
2022-11-25,12,AR1 alpha + Basic + One-Step,NASDAQ:KELYA,0.0
2022-11-28,12,AR1 alpha + Basic + One-Step,NASDAQ:KELYA,1.0475529481326147e-07
2022-11-29,12,AR1 alpha + Basic + One-Step,NASDAQ:KELYA,0.0
2022-11-30,12,AR1 alpha + Basic + One-Step,NASDAQ:KELYA,1.698010745650699e-08
2022-12-01,12,AR1 alpha + Basic + One-Step,NASDAQ:KELYA,0.0
2022-12-02,12,AR1 alpha + Basic + One-Step,NASDAQ:KELYA,0.0
2022-12-05,12,AR1 alpha + Basic + One-Step,NASDAQ:KELYA,0.0
2022-12-06,12,AR1 alpha + Basic + One-Step,NASDAQ:KELYA,0.0
2022-12-07,12,AR1 alpha + Basic + One-Step,NASDAQ:KELYA,0.0
2022-12-08,12,AR1 alpha + Basic + One-Step,NASDAQ:KELYA,0.0
2022-12-09,12,AR1 alpha + Basic + One-Step,NASDAQ:KELYA,0.0
2022-12-12,12,AR1 alpha + Basic + One-Step,NASDAQ:KELYA,1.020804814745903e-08
2022-12-13,12,AR1 alpha + Basic + One-Step,NASDAQ:KELYA,0.0
2022-12-14,12,AR1 alpha + Basic + One-Step,NASDAQ:KELYA,4.713334348627816e-08
2022-12-15,12,AR1 alpha + Basic + One-Step,NASDAQ:KELYA,0.0
2022-12-16,12,AR1 alpha + Basic + One-Step,NASDAQ:KELYA,0.0
2022-12-19,12,AR1 alpha + Basic + One-Step,NASDAQ:KELYA,0.0
2022-12-20,12,AR1 alpha + Basic + One-Step,NASDAQ:KELYA,0.0
2022-12-21,12,AR1 alpha + Basic + One-Step,NASDAQ:KELYA,0.0
2022-12-22,12,AR1 alpha + Basic + One-Step,NASDAQ:KELYA,0.0
2022-12-23,12,AR1 alpha + Basic + One-Step,NASDAQ:KELYA,0.0
2022-12-27,12,AR1 alpha + Basic + One-Step,NASDAQ:KELYA,2.1910687237572485e-07
2022-12-28,12,AR1 alpha + Basic + One-Step,NASDAQ:KELYA,0.0
2022-12-29,12,AR1 alpha + Basic + One-Step,NASDAQ:KELYA,1.4512226888895525e-08
2022-12-30,12,AR1 alpha + Basic + One-Step,NASDAQ:KELYA,0.0
2023-01-03,12,AR1 alpha + Basic + One-Step,NASDAQ:KELYA,1.5727581735354884e-07
2023-01-04,12,AR1 alpha + Basic + One-Step,NASDAQ:KELYA,0.0
2023-01-05,12,AR1 alpha + Basic + One-Step,NASDAQ:KELYA,0.0
2023-01-06,12,AR1 alpha + Basic + One-Step,NASDAQ:KELYA,0.0
2023-01-09,12,AR1 alpha + Basic + One-Step,NASDAQ:KELYA,0.0
2023-01-10,12,AR1 alpha + Basic + One-Step,NASDAQ:KELYA,0.0
2023-01-11,12,AR1 alpha + Basic + One-Step,NASDAQ:KELYA,1.3350344931496607e-08
2023-01-12,12,AR1 alpha + Basic + One-Step,NASDAQ:KELYA,0.0
2023-01-13,12,AR1 alpha + Basic + One-Step,NASDAQ:KELYA,1.5584876338137697e-08
2023-01-17,12,AR1 alpha + Basic + One-Step,NASDAQ:KELYA,0.0
2023-01-18,12,AR1 alpha + Basic + One-Step,NASDAQ:KELYA,0.0
2023-01-19,12,AR1 alpha + Basic + One-Step,NASDAQ:KELYA,0.0
2023-01-20,12,AR1 alpha + Basic + One-Step,NASDAQ:KELYA,0.0
2023-01-23,12,AR1 alpha + Basic + One-Step,NASDAQ:KELYA,0.0
2023-01-24,12,AR1 alpha + Basic + One-Step,NASDAQ:KELYA,0.0
2023-01-25,12,AR1 alpha + Basic + One-Step,NASDAQ:KELYA,0.0
2023-01-26,12,AR1 alpha + Basic + One-Step,NASDAQ:KELYA,0.0
2023-01-27,12,AR1 alpha + Basic + One-Step,NASDAQ:KELYA,0.0
2023-01-30,12,AR1 alpha + Basic + One-Step,NASDAQ:KELYA,0.0
2023-01-31,12,AR1 alpha + Basic + One-Step,NASDAQ:KELYA,0.0
2023-02-01,12,AR1 alpha + Basic + One-Step,NASDAQ:KELYA,0.0
2023-02-02,12,AR1 alpha + Basic + One-Step,NASDAQ:KELYA,4.414953267255619e-07
2023-02-03,12,AR1 alpha + Basic + One-Step,NASDAQ:KELYA,0.0
2023-02-06,12,AR1 alpha + Basic + One-Step,NASDAQ:KELYA,0.0048292812349970005
2023-02-07,12,AR1 alpha + Basic + One-Step,NASDAQ:KELYA,0.008644441323108844
2023-02-08,12,AR1 alpha + Basic + One-Step,NASDAQ:KELYA,0.00541199631904378
2023-02-09,12,AR1 alpha + Basic + One-Step,NASDAQ:KELYA,0.0
2023-02-10,12,AR1 alpha + Basic + One-Step,NASDAQ:KELYA,0.0
2023-02-13,12,AR1 alpha + Basic + One-Step,NASDAQ:KELYA,0.0
2023-02-14,12,AR1 alpha + Basic + One-Step,NASDAQ:KELYA,0.0
2023-02-15,12,AR1 alpha + Basic + One-Step,NASDAQ:KELYA,0.0
2023-02-16,12,AR1 alpha + Basic + One-Step,NASDAQ:KELYA,0.0628808086553077
2023-02-17,12,AR1 alpha + Basic + One-Step,NASDAQ:KELYA,0.0
2023-02-21,12,AR1 alpha + Basic + One-Step,NASDAQ:KELYA,0.0
2023-02-22,12,AR1 alpha + Basic + One-Step,NASDAQ:KELYA,0.0
2023-02-23,12,AR1 alpha + Basic + One-Step,NASDAQ:KELYA,0.0
2023-02-24,12,AR1 alpha + Basic + One-Step,NASDAQ:KELYA,0.0
2023-02-27,12,AR1 alpha + Basic + One-Step,NASDAQ:KELYA,0.0
2023-02-28,12,AR1 alpha + Basic + One-Step,NASDAQ:KELYA,0.0
2023-03-01,12,AR1 alpha + Basic + One-Step,NASDAQ:KELYA,0.0
2023-03-02,12,AR1 alpha + Basic + One-Step,NASDAQ:KELYA,2.4803795244283987e-08
2023-03-03,12,AR1 alpha + Basic + One-Step,NASDAQ:KELYA,0.0
2023-03-06,12,AR1 alpha + Basic + One-Step,NASDAQ:KELYA,0.0
2023-03-07,12,AR1 alpha + Basic + One-Step,NASDAQ:KELYA,6.115620765655942e-09
2023-03-08,12,AR1 alpha + Basic + One-Step,NASDAQ:KELYA,0.0
2023-03-09,12,AR1 alpha + Basic + One-Step,NASDAQ:KELYA,0.0
2023-03-10,12,AR1 alpha + Basic + One-Step,NASDAQ:KELYA,5.226704402828509e-09
2023-03-13,12,AR1 alpha + Basic + One-Step,NASDAQ:KELYA,2.6906652935617806e-07
2023-03-14,12,AR1 alpha + Basic + One-Step,NASDAQ:KELYA,0.0
2023-03-15,12,AR1 alpha + Basic + One-Step,NASDAQ:KELYA,1.1322573905749117e-08
2023-03-16,12,AR1 alpha + Basic + One-Step,NASDAQ:KELYA,5.6539616051744606e-08
2023-03-17,12,AR1 alpha + Basic + One-Step,NASDAQ:KELYA,0.0
2023-03-20,12,AR1 alpha + Basic + One-Step,NASDAQ:KELYA,3.301716941747774e-07
2023-03-21,12,AR1 alpha + Basic + One-Step,NASDAQ:KELYA,7.45460268695409e-08
2023-03-22,12,AR1 alpha + Basic + One-Step,NASDAQ:KELYA,0.0
2023-03-23,12,AR1 alpha + Basic + One-Step,NASDAQ:KELYA,5.076748165591734e-08
2023-03-24,12,AR1 alpha + Basic + One-Step,NASDAQ:KELYA,0.0
2023-03-27,12,AR1 alpha + Basic + One-Step,NASDAQ:KELYA,0.0
2023-03-28,12,AR1 alpha + Basic + One-Step,NASDAQ:KELYA,6.7153738227564915e-09
2023-03-29,12,AR1 alpha + Basic + One-Step,NASDAQ:KELYA,0.0
2023-03-30,12,AR1 alpha + Basic + One-Step,NASDAQ:KELYA,0.0
2023-03-31,12,AR1 alpha + Basic + One-Step,NASDAQ:KELYA,2.6799485876235416e-07
2023-04-03,12,AR1 alpha + Basic + One-Step,NASDAQ:KELYA,0.0
2023-04-04,12,AR1 alpha + Basic + One-Step,NASDAQ:KELYA,0.0
2023-04-05,12,AR1 alpha + Basic + One-Step,NASDAQ:KELYA,1.2401833329089283e-07
2023-04-06,12,AR1 alpha + Basic + One-Step,NASDAQ:KELYA,2.50152045681649e-07
2023-04-10,12,AR1 alpha + Basic + One-Step,NASDAQ:KELYA,0.0
2023-04-11,12,AR1 alpha + Basic + One-Step,NASDAQ:KELYA,0.0
2023-04-12,12,AR1 alpha + Basic + One-Step,NASDAQ:KELYA,0.0
2023-04-13,12,AR1 alpha + Basic + One-Step,NASDAQ:KELYA,0.0
2023-04-14,12,AR1 alpha + Basic + One-Step,NASDAQ:KELYA,0.0
2023-04-17,12,AR1 alpha + Basic + One-Step,NASDAQ:KELYA,0.0
2023-04-18,12,AR1 alpha + Basic + One-Step,NASDAQ:KELYA,0.0
2023-04-19,12,AR1 alpha + Basic + One-Step,NASDAQ:KELYA,1.7024038148092242e-09
2023-04-20,12,AR1 alpha + Basic + One-Step,NASDAQ:KELYA,2.866655651479725e-09
2023-04-21,12,AR1 alpha + Basic + One-Step,NASDAQ:KELYA,5.8763771288514634e-08
2023-04-24,12,AR1 alpha + Basic + One-Step,NASDAQ:KELYA,0.0
2023-04-25,12,AR1 alpha + Basic + One-Step,NASDAQ:KELYA,0.0
2023-04-26,12,AR1 alpha + Basic + One-Step,NASDAQ:KELYA,7.809093957446404e-10
2023-04-27,12,AR1 alpha + Basic + One-Step,NASDAQ:KELYA,1.7653881774127465e-07
2023-04-28,12,AR1 alpha + Basic + One-Step,NASDAQ:KELYA,6.81604866825156e-08
2023-05-01,12,AR1 alpha + Basic + One-Step,NASDAQ:KELYA,2.9510224540430806e-08
2023-05-02,12,AR1 alpha + Basic + One-Step,NASDAQ:KELYA,6.677826247137336e-08
2023-05-03,12,AR1 alpha + Basic + One-Step,NASDAQ:KELYA,0.0
2023-05-04,12,AR1 alpha + Basic + One-Step,NASDAQ:KELYA,0.0
2023-05-05,12,AR1 alpha + Basic + One-Step,NASDAQ:KELYA,1.1446860495487206e-07
2023-05-08,12,AR1 alpha + Basic + One-Step,NASDAQ:KELYA,3.817892881361725e-08
2023-05-09,12,AR1 alpha + Basic + One-Step,NASDAQ:KELYA,0.0
2023-05-10,12,AR1 alpha + Basic + One-Step,NASDAQ:KELYA,4.486686881624631e-08
2023-05-11,12,AR1 alpha + Basic + One-Step,NASDAQ:KELYA,3.5663689146642737e-07
2023-05-12,12,AR1 alpha + Basic + One-Step,NASDAQ:KELYA,7.760384811378214e-07
2023-05-15,12,AR1 alpha + Basic + One-Step,NASDAQ:KELYA,3.151662130113624e-07
2023-05-16,12,AR1 alpha + Basic + One-Step,NASDAQ:KELYA,0.0
2023-05-17,12,AR1 alpha + Basic + One-Step,NASDAQ:KELYA,4.3545705710743235e-08
2023-05-18,12,AR1 alpha + Basic + One-Step,NASDAQ:KELYA,0.0
2023-05-19,12,AR1 alpha + Basic + One-Step,NASDAQ:KELYA,0.0
2023-05-22,12,AR1 alpha + Basic + One-Step,NASDAQ:KELYA,0.0
2023-05-23,12,AR1 alpha + Basic + One-Step,NASDAQ:KELYA,0.0
2023-05-24,12,AR1 alpha + Basic + One-Step,NASDAQ:KELYA,0.0
2023-05-25,12,AR1 alpha + Basic + One-Step,NASDAQ:KELYA,0.0
2023-05-26,12,AR1 alpha + Basic + One-Step,NASDAQ:KELYA,0.0
2023-05-30,12,AR1 alpha + Basic + One-Step,NASDAQ:KELYA,0.0
2023-05-31,12,AR1 alpha + Basic + One-Step,NASDAQ:KELYA,0.0
2023-06-01,12,AR1 alpha + Basic + One-Step,NASDAQ:KELYA,6.461349517141123e-09
2023-06-02,12,AR1 alpha + Basic + One-Step,NASDAQ:KELYA,0.0
2023-06-05,12,AR1 alpha + Basic + One-Step,NASDAQ:KELYA,0.0
2023-06-06,12,AR1 alpha + Basic + One-Step,NASDAQ:KELYA,3.6992582295720315e-07
2023-06-07,12,AR1 alpha + Basic + One-Step,NASDAQ:KELYA,6.019304704423606e-08
2023-06-08,12,AR1 alpha + Basic + One-Step,NASDAQ:KELYA,2.95241488933644e-08
2023-06-09,12,AR1 alpha + Basic + One-Step,NASDAQ:KELYA,8.833192835298874e-07
2023-06-12,12,AR1 alpha + Basic + One-Step,NASDAQ:KELYA,0.0
2023-06-13,12,AR1 alpha + Basic + One-Step,NASDAQ:KELYA,8.636488612002022e-08
2023-06-14,12,AR1 alpha + Basic + One-Step,NASDAQ:KELYA,4.162814516773214e-08
2023-06-15,12,AR1 alpha + Basic + One-Step,NASDAQ:KELYA,0.0
2023-06-16,12,AR1 alpha + Basic + One-Step,NASDAQ:KELYA,1.0278331306027946e-08
2023-06-20,12,AR1 alpha + Basic + One-Step,NASDAQ:KELYA,0.0
2023-06-21,12,AR1 alpha + Basic + One-Step,NASDAQ:KELYA,0.0
2023-06-22,12,AR1 alpha + Basic + One-Step,NASDAQ:KELYA,0.0
2023-06-23,12,AR1 alpha + Basic + One-Step,NASDAQ:KELYA,0.0
2023-06-26,12,AR1 alpha + Basic + One-Step,NASDAQ:KELYA,0.0
2023-06-27,12,AR1 alpha + Basic + One-Step,NASDAQ:KELYA,0.0
2023-06-28,12,AR1 alpha + Basic + One-Step,NASDAQ:KELYA,0.0
2023-06-29,12,AR1 alpha + Basic + One-Step,NASDAQ:KELYA,0.0
2023-06-30,12,AR1 alpha + Basic + One-Step,NASDAQ:KELYA,0.0
2023-07-03,12,AR1 alpha + Basic + One-Step,NASDAQ:KELYA,0.0
2023-07-05,12,AR1 alpha + Basic + One-Step,NASDAQ:KELYA,7.701130361177191e-07
2023-07-06,12,AR1 alpha + Basic + One-Step,NASDAQ:KELYA,0.0
2023-07-07,12,AR1 alpha + Basic + One-Step,NASDAQ:KELYA,0.0
2023-07-10,12,AR1 alpha + Basic + One-Step,NASDAQ:KELYA,1.2440440071951964e-06
2023-07-11,12,AR1 alpha + Basic + One-Step,NASDAQ:KELYA,0.0
2023-07-12,12,AR1 alpha + Basic + One-Step,NASDAQ:KELYA,0.0
2023-07-13,12,AR1 alpha + Basic + One-Step,NASDAQ:KELYA,0.0
2023-07-14,12,AR1 alpha + Basic + One-Step,NASDAQ:KELYA,1.3844209344184381e-07
2023-07-17,12,AR1 alpha + Basic + One-Step,NASDAQ:KELYA,3.768554115387226e-07
2023-07-18,12,AR1 alpha + Basic + One-Step,NASDAQ:KELYA,1.0260351891021412e-06
2023-07-19,12,AR1 alpha + Basic + One-Step,NASDAQ:KELYA,0.0
2023-07-20,12,AR1 alpha + Basic + One-Step,NASDAQ:KELYA,8.577860244235119e-23
2023-07-21,12,AR1 alpha + Basic + One-Step,NASDAQ:KELYA,0.0
2023-07-24,12,AR1 alpha + Basic + One-Step,NASDAQ:KELYA,0.0
2023-07-25,12,AR1 alpha + Basic + One-Step,NASDAQ:KELYA,0.0
2023-07-26,12,AR1 alpha + Basic + One-Step,NASDAQ:KELYA,0.0
2023-07-27,12,AR1 alpha + Basic + One-Step,NASDAQ:KELYA,0.0
2023-07-28,12,AR1 alpha + Basic + One-Step,NASDAQ:KELYA,0.0
2023-07-31,12,AR1 alpha + Basic + One-Step,NASDAQ:KELYA,0.0
2023-08-01,12,AR1 alpha + Basic + One-Step,NASDAQ:KELYA,0.0
2023-08-02,12,AR1 alpha + Basic + One-Step,NASDAQ:KELYA,0.0
2023-08-03,12,AR1 alpha + Basic + One-Step,NASDAQ:KELYA,0.0
2023-08-04,12,AR1 alpha + Basic + One-Step,NASDAQ:KELYA,0.0
2023-08-07,12,AR1 alpha + Basic + One-Step,NASDAQ:KELYA,7.015428257028478e-10
2023-08-08,12,AR1 alpha + Basic + One-Step,NASDAQ:KELYA,0.0
2023-08-09,12,AR1 alpha + Basic + One-Step,NASDAQ:KELYA,0.0
2023-08-10,12,AR1 alpha + Basic + One-Step,NASDAQ:KELYA,0.0
2023-08-11,12,AR1 alpha + Basic + One-Step,NASDAQ:KELYA,6.226665827322599e-07
2023-08-14,12,AR1 alpha + Basic + One-Step,NASDAQ:KELYA,0.0
2023-08-15,12,AR1 alpha + Basic + One-Step,NASDAQ:KELYA,0.0
2023-08-16,12,AR1 alpha + Basic + One-Step,NASDAQ:KELYA,0.0
2023-08-17,12,AR1 alpha + Basic + One-Step,NASDAQ:KELYA,0.0
2023-08-18,12,AR1 alpha + Basic + One-Step,NASDAQ:KELYA,0.0
2023-08-21,12,AR1 alpha + Basic + One-Step,NASDAQ:KELYA,0.0
2023-08-22,12,AR1 alpha + Basic + One-Step,NASDAQ:KELYA,0.0
2023-08-23,12,AR1 alpha + Basic + One-Step,NASDAQ:KELYA,8.992604580020838e-08
2023-08-24,12,AR1 alpha + Basic + One-Step,NASDAQ:KELYA,0.0
2023-08-25,12,AR1 alpha + Basic + One-Step,NASDAQ:KELYA,6.54166157799911e-08
2023-08-28,12,AR1 alpha + Basic + One-Step,NASDAQ:KELYA,1.6737955524342264e-07
2023-08-29,12,AR1 alpha + Basic + One-Step,NASDAQ:KELYA,0.0
2023-08-30,12,AR1 alpha + Basic + One-Step,NASDAQ:KELYA,0.0
2023-08-31,12,AR1 alpha + Basic + One-Step,NASDAQ:KELYA,0.0
2023-09-01,12,AR1 alpha + Basic + One-Step,NASDAQ:KELYA,0.0
2023-09-05,12,AR1 alpha + Basic + One-Step,NASDAQ:KELYA,0.0
2023-09-06,12,AR1 alpha + Basic + One-Step,NASDAQ:KELYA,5.361689151450282e-09
2023-09-07,12,AR1 alpha + Basic + One-Step,NASDAQ:KELYA,1.4729652394963515e-06
2023-09-08,12,AR1 alpha + Basic + One-Step,NASDAQ:KELYA,0.0021875399704260174
2023-09-11,12,AR1 alpha + Basic + One-Step,NASDAQ:KELYA,2.021760499391399e-08
2023-09-12,12,AR1 alpha + Basic + One-Step,NASDAQ:KELYA,1.1654909870937826e-06
2023-09-13,12,AR1 alpha + Basic + One-Step,NASDAQ:KELYA,0.0073432977997199495
2023-09-14,12,AR1 alpha + Basic + One-Step,NASDAQ:KELYA,0.0
2023-09-15,12,AR1 alpha + Basic + One-Step,NASDAQ:KELYA,0.0
2023-09-18,12,AR1 alpha + Basic + One-Step,NASDAQ:KELYA,0.0
2023-09-19,12,AR1 alpha + Basic + One-Step,NASDAQ:KELYA,6.0522781870761594e-09
2023-09-20,12,AR1 alpha + Basic + One-Step,NASDAQ:KELYA,0.028679351452209196
2023-09-21,12,AR1 alpha + Basic + One-Step,NASDAQ:KELYA,2.6302544572981585e-06
2023-09-22,12,AR1 alpha + Basic + One-Step,NASDAQ:KELYA,0.0
2023-09-25,12,AR1 alpha + Basic + One-Step,NASDAQ:KELYA,0.0
2023-09-26,12,AR1 alpha + Basic + One-Step,NASDAQ:KELYA,0.09999765060688276
2023-09-27,12,AR1 alpha + Basic + One-Step,NASDAQ:KELYA,0.05670569850631819
2023-09-28,12,AR1 alpha + Basic + One-Step,NASDAQ:KELYA,0.06564072094403198
2023-09-29,12,AR1 alpha + Basic + One-Step,NASDAQ:KELYA,0.04275377282135665
2023-10-02,12,AR1 alpha + Basic + One-Step,NASDAQ:KELYA,0.0
2023-10-03,12,AR1 alpha + Basic + One-Step,NASDAQ:KELYA,0.0
2023-10-04,12,AR1 alpha + Basic + One-Step,NASDAQ:KELYA,0.0
2023-10-05,12,AR1 alpha + Basic + One-Step,NASDAQ:KELYA,0.0
2023-10-06,12,AR1 alpha + Basic + One-Step,NASDAQ:KELYA,0.0
2023-10-09,12,AR1 alpha + Basic + One-Step,NASDAQ:KELYA,6.650146484302282e-09
2023-10-10,12,AR1 alpha + Basic + One-Step,NASDAQ:KELYA,0.0
2023-10-11,12,AR1 alpha + Basic + One-Step,NASDAQ:KELYA,8.676876380267736e-09
2023-10-12,12,AR1 alpha + Basic + One-Step,NASDAQ:KELYA,0.014009780968990396
2023-10-13,12,AR1 alpha + Basic + One-Step,NASDAQ:KELYA,0.10000000070963565
2023-10-16,12,AR1 alpha + Basic + One-Step,NASDAQ:KELYA,0.09999983255445428
2023-10-17,12,AR1 alpha + Basic + One-Step,NASDAQ:KELYA,0.06705085108195691
2023-10-18,12,AR1 alpha + Basic + One-Step,NASDAQ:KELYA,0.09999539940740045
2023-10-19,12,AR1 alpha + Basic + One-Step,NASDAQ:KELYA,0.08120480584886867
2023-10-20,12,AR1 alpha + Basic + One-Step,NASDAQ:KELYA,0.09999693743271319
2023-10-23,12,AR1 alpha + Basic + One-Step,NASDAQ:KELYA,0.09999858564939054
2023-10-24,12,AR1 alpha + Basic + One-Step,NASDAQ:KELYA,0.0999924176850894
2023-10-25,12,AR1 alpha + Basic + One-Step,NASDAQ:KELYA,0.0783945035639085
2023-10-26,12,AR1 alpha + Basic + One-Step,NASDAQ:KELYA,0.0
2023-10-27,12,AR1 alpha + Basic + One-Step,NASDAQ:KELYA,0.057658609610213074
2023-10-30,12,AR1 alpha + Basic + One-Step,NASDAQ:KELYA,0.01624780977383649
2023-10-31,12,AR1 alpha + Basic + One-Step,NASDAQ:KELYA,0.0
2023-11-01,12,AR1 alpha + Basic + One-Step,NASDAQ:KELYA,0.0
2023-11-02,12,AR1 alpha + Basic + One-Step,NASDAQ:KELYA,0.0
2023-11-03,12,AR1 alpha + Basic + One-Step,NASDAQ:KELYA,0.0
2023-11-06,12,AR1 alpha + Basic + One-Step,NASDAQ:KELYA,0.0
2023-11-07,12,AR1 alpha + Basic + One-Step,NASDAQ:KELYA,1.2010266249529074e-08
2023-11-08,12,AR1 alpha + Basic + One-Step,NASDAQ:KELYA,1.7330060992168906e-08
2023-11-09,12,AR1 alpha + Basic + One-Step,NASDAQ:KELYA,0.0
2023-11-10,12,AR1 alpha + Basic + One-Step,NASDAQ:KELYA,0.0
2023-11-13,12,AR1 alpha + Basic + One-Step,NASDAQ:KELYA,0.0
2023-11-14,12,AR1 alpha + Basic + One-Step,NASDAQ:KELYA,0.0
2023-11-15,12,AR1 alpha + Basic + One-Step,NASDAQ:KELYA,0.0
2023-11-16,12,AR1 alpha + Basic + One-Step,NASDAQ:KELYA,0.0
2023-11-17,12,AR1 alpha + Basic + One-Step,NASDAQ:KELYA,2.2671705000890077e-08
2023-11-20,12,AR1 alpha + Basic + One-Step,NASDAQ:KELYA,0.0
2023-11-21,12,AR1 alpha + Basic + One-Step,NASDAQ:KELYA,0.0
2023-11-22,12,AR1 alpha + Basic + One-Step,NASDAQ:KELYA,0.0
2023-11-24,12,AR1 alpha + Basic + One-Step,NASDAQ:KELYA,0.0
2023-11-27,12,AR1 alpha + Basic + One-Step,NASDAQ:KELYA,0.0
2023-11-28,12,AR1 alpha + Basic + One-Step,NASDAQ:KELYA,0.006691221977853728
2023-11-29,12,AR1 alpha + Basic + One-Step,NASDAQ:KELYA,0.0
2023-11-30,12,AR1 alpha + Basic + One-Step,NASDAQ:KELYA,0.0
2023-12-01,12,AR1 alpha + Basic + One-Step,NASDAQ:KELYA,3.355800688169518e-07
2023-12-04,12,AR1 alpha + Basic + One-Step,NASDAQ:KELYA,0.0
2023-12-05,12,AR1 alpha + Basic + One-Step,NASDAQ:KELYA,0.0
2023-12-06,12,AR1 alpha + Basic + One-Step,NASDAQ:KELYA,0.02883206346574158
2023-12-07,12,AR1 alpha + Basic + One-Step,NASDAQ:KELYA,0.0
2023-12-08,12,AR1 alpha + Basic + One-Step,NASDAQ:KELYA,0.0
2023-12-11,12,AR1 alpha + Basic + One-Step,NASDAQ:KELYA,0.0
2023-12-12,12,AR1 alpha + Basic + One-Step,NASDAQ:KELYA,0.08129129714660234
2023-12-13,12,AR1 alpha + Basic + One-Step,NASDAQ:KELYA,0.0
2023-12-14,12,AR1 alpha + Basic + One-Step,NASDAQ:KELYA,0.05786889951209978
2023-12-15,12,AR1 alpha + Basic + One-Step,NASDAQ:KELYA,0.09999940944878637
2023-12-18,12,AR1 alpha + Basic + One-Step,NASDAQ:KELYA,0.05121793255628511
2023-12-19,12,AR1 alpha + Basic + One-Step,NASDAQ:KELYA,0.0
2023-12-20,12,AR1 alpha + Basic + One-Step,NASDAQ:KELYA,0.0
2023-12-21,12,AR1 alpha + Basic + One-Step,NASDAQ:KELYA,0.0
2023-12-22,12,AR1 alpha + Basic + One-Step,NASDAQ:KELYA,4.5106278568961437e-07
2023-12-26,12,AR1 alpha + Basic + One-Step,NASDAQ:KELYA,0.0
2023-12-27,12,AR1 alpha + Basic + One-Step,NASDAQ:KELYA,5.544426010756434e-09
2023-12-28,12,AR1 alpha + Basic + One-Step,NASDAQ:KELYA,0.0
2023-12-29,12,AR1 alpha + Basic + One-Step,NASDAQ:KELYA,0.007551794494880736
2024-01-02,12,AR1 alpha + Basic + One-Step,NASDAQ:KELYA,0.0
2024-01-03,12,AR1 alpha + Basic + One-Step,NASDAQ:KELYA,0.09999356329545556
2024-01-04,12,AR1 alpha + Basic + One-Step,NASDAQ:KELYA,0.09999475490697195
2024-01-05,12,AR1 alpha + Basic + One-Step,NASDAQ:KELYA,0.09999359078096556
2024-01-08,12,AR1 alpha + Basic + One-Step,NASDAQ:KELYA,0.0999856396573467
2024-01-09,12,AR1 alpha + Basic + One-Step,NASDAQ:KELYA,0.099983787662982
2024-01-10,12,AR1 alpha + Basic + One-Step,NASDAQ:KELYA,0.09997783747046177
2024-01-11,12,AR1 alpha + Basic + One-Step,NASDAQ:KELYA,0.05867836273996059
2024-01-12,12,AR1 alpha + Basic + One-Step,NASDAQ:KELYA,0.09772004151941442
2024-01-16,12,AR1 alpha + Basic + One-Step,NASDAQ:KELYA,0.09999841320263335
2024-01-17,12,AR1 alpha + Basic + One-Step,NASDAQ:KELYA,0.09142217925782718
2024-01-18,12,AR1 alpha + Basic + One-Step,NASDAQ:KELYA,0.04101549297881998
2024-01-19,12,AR1 alpha + Basic + One-Step,NASDAQ:KELYA,0.012503644650173534
2024-01-22,12,AR1 alpha + Basic + One-Step,NASDAQ:KELYA,0.0
2024-01-23,12,AR1 alpha + Basic + One-Step,NASDAQ:KELYA,0.0
2024-01-24,12,AR1 alpha + Basic + One-Step,NASDAQ:KELYA,1.6025848442777958e-07
2024-01-25,12,AR1 alpha + Basic + One-Step,NASDAQ:KELYA,4.190811297142315e-08
2024-01-26,12,AR1 alpha + Basic + One-Step,NASDAQ:KELYA,0.0
2024-01-29,12,AR1 alpha + Basic + One-Step,NASDAQ:KELYA,0.0
2024-01-30,12,AR1 alpha + Basic + One-Step,NASDAQ:KELYA,0.0
2024-01-31,12,AR1 alpha + Basic + One-Step,NASDAQ:KELYA,0.08807959009815365
2024-02-01,12,AR1 alpha + Basic + One-Step,NASDAQ:KELYA,0.0
2024-02-02,12,AR1 alpha + Basic + One-Step,NASDAQ:KELYA,0.020583044545750922
2024-02-05,12,AR1 alpha + Basic + One-Step,NASDAQ:KELYA,0.0
2024-02-06,12,AR1 alpha + Basic + One-Step,NASDAQ:KELYA,0.0
2024-02-07,12,AR1 alpha + Basic + One-Step,NASDAQ:KELYA,5.8522216966566126e-05
2024-02-08,12,AR1 alpha + Basic + One-Step,NASDAQ:KELYA,8.133182854318353e-09
2024-02-09,12,AR1 alpha + Basic + One-Step,NASDAQ:KELYA,0.0
2024-02-12,12,AR1 alpha + Basic + One-Step,NASDAQ:KELYA,0.0
2024-02-13,12,AR1 alpha + Basic + One-Step,NASDAQ:KELYA,0.09999475086089209
2024-02-14,12,AR1 alpha + Basic + One-Step,NASDAQ:KELYA,0.0
2024-02-15,12,AR1 alpha + Basic + One-Step,NASDAQ:KELYA,2.3202668158023955e-08
2024-02-16,12,AR1 alpha + Basic + One-Step,NASDAQ:KELYA,0.0
2024-02-20,12,AR1 alpha + Basic + One-Step,NASDAQ:KELYA,0.0
2024-02-21,12,AR1 alpha + Basic + One-Step,NASDAQ:KELYA,0.0
2024-02-22,12,AR1 alpha + Basic + One-Step,NASDAQ:KELYA,0.0
2024-02-23,12,AR1 alpha + Basic + One-Step,NASDAQ:KELYA,0.0
2024-02-26,12,AR1 alpha + Basic + One-Step,NASDAQ:KELYA,0.0
2024-02-27,12,AR1 alpha + Basic + One-Step,NASDAQ:KELYA,0.0
2024-02-28,12,AR1 alpha + Basic + One-Step,NASDAQ:KELYA,0.0
2024-02-29,12,AR1 alpha + Basic + One-Step,NASDAQ:KELYA,0.0
2024-03-01,12,AR1 alpha + Basic + One-Step,NASDAQ:KELYA,0.0
2024-03-04,12,AR1 alpha + Basic + One-Step,NASDAQ:KELYA,0.027995090011776205
2024-03-05,12,AR1 alpha + Basic + One-Step,NASDAQ:KELYA,0.09999202452318673
2024-03-06,12,AR1 alpha + Basic + One-Step,NASDAQ:KELYA,0.09999190103111011
2024-03-07,12,AR1 alpha + Basic + One-Step,NASDAQ:KELYA,0.0938350792749423
2024-03-08,12,AR1 alpha + Basic + One-Step,NASDAQ:KELYA,0.09626407719639411
2024-03-11,12,AR1 alpha + Basic + One-Step,NASDAQ:KELYA,0.09999465302949817
2024-03-12,12,AR1 alpha + Basic + One-Step,NASDAQ:KELYA,0.09999117977233059
2024-03-13,12,AR1 alpha + Basic + One-Step,NASDAQ:KELYA,0.09998820374677177
2024-03-14,12,AR1 alpha + Basic + One-Step,NASDAQ:KELYA,0.09999380428245193
2024-03-15,12,AR1 alpha + Basic + One-Step,NASDAQ:KELYA,0.06171525095320784
2024-03-18,12,AR1 alpha + Basic + One-Step,NASDAQ:KELYA,0.10000236886297628
2024-03-19,12,AR1 alpha + Basic + One-Step,NASDAQ:KELYA,0.09999489569461244
2024-03-20,12,AR1 alpha + Basic + One-Step,NASDAQ:KELYA,0.07799880665634265
2024-03-21,12,AR1 alpha + Basic + One-Step,NASDAQ:KELYA,0.041776283132140275
2024-03-22,12,AR1 alpha + Basic + One-Step,NASDAQ:KELYA,0.09146231711841311
2024-03-25,12,AR1 alpha + Basic + One-Step,NASDAQ:KELYA,0.07705992890333847
2024-03-26,12,AR1 alpha + Basic + One-Step,NASDAQ:KELYA,0.061982185181841114
2024-03-27,12,AR1 alpha + Basic + One-Step,NASDAQ:KELYA,0.036363993640085406
2024-03-28,12,AR1 alpha + Basic + One-Step,NASDAQ:KELYA,0.09999921620714838
2024-04-01,12,AR1 alpha + Basic + One-Step,NASDAQ:KELYA,0.10000077468620953
2024-04-02,12,AR1 alpha + Basic + One-Step,NASDAQ:KELYA,0.09999269336689116
2024-04-03,12,AR1 alpha + Basic + One-Step,NASDAQ:KELYA,0.09999428279184054
2024-04-04,12,AR1 alpha + Basic + One-Step,NASDAQ:KELYA,0.09999462247352156
2024-04-05,12,AR1 alpha + Basic + One-Step,NASDAQ:KELYA,0.09999064120050265
2024-04-08,12,AR1 alpha + Basic + One-Step,NASDAQ:KELYA,0.09999051150008342
2024-04-09,12,AR1 alpha + Basic + One-Step,NASDAQ:KELYA,0.09998652359625113
2024-04-10,12,AR1 alpha + Basic + One-Step,NASDAQ:KELYA,0.09999284713483167
2024-04-11,12,AR1 alpha + Basic + One-Step,NASDAQ:KELYA,0.09999077329249173
2024-04-12,12,AR1 alpha + Basic + One-Step,NASDAQ:KELYA,0.09998724540050591
2024-04-15,12,AR1 alpha + Basic + One-Step,NASDAQ:KELYA,0.099990377884499
2024-04-16,12,AR1 alpha + Basic + One-Step,NASDAQ:KELYA,0.0999934209298281
2024-04-17,12,AR1 alpha + Basic + One-Step,NASDAQ:KELYA,0.09999589513158101
2024-04-18,12,AR1 alpha + Basic + One-Step,NASDAQ:KELYA,0.09999684776853619
2024-04-19,12,AR1 alpha + Basic + One-Step,NASDAQ:KELYA,0.09999987531728283
2020-03-25,12,AR1 alpha + Basic + One-Step,NYSE:VMI,0.02
2020-03-26,12,AR1 alpha + Basic + One-Step,NYSE:VMI,0.019999999999999997
2020-03-27,12,AR1 alpha + Basic + One-Step,NYSE:VMI,0.0
2020-03-30,12,AR1 alpha + Basic + One-Step,NYSE:VMI,0.08993616821077619
2020-03-31,12,AR1 alpha + Basic + One-Step,NYSE:VMI,0.09999957369818165
2020-04-01,12,AR1 alpha + Basic + One-Step,NYSE:VMI,0.09999872412292113
2020-04-02,12,AR1 alpha + Basic + One-Step,NYSE:VMI,0.09999943232556842
2020-04-03,12,AR1 alpha + Basic + One-Step,NYSE:VMI,0.09999978713041771
2020-04-06,12,AR1 alpha + Basic + One-Step,NYSE:VMI,0.09999920240684355
2020-04-07,12,AR1 alpha + Basic + One-Step,NYSE:VMI,0.09999967768816719
2020-04-08,12,AR1 alpha + Basic + One-Step,NYSE:VMI,0.09999946497399197
2020-04-09,12,AR1 alpha + Basic + One-Step,NYSE:VMI,0.09999901940942185
2020-04-13,12,AR1 alpha + Basic + One-Step,NYSE:VMI,0.09999776809274058
2020-04-14,12,AR1 alpha + Basic + One-Step,NYSE:VMI,0.09999713107193371
2020-04-15,12,AR1 alpha + Basic + One-Step,NYSE:VMI,0.09999687651623497
2020-04-16,12,AR1 alpha + Basic + One-Step,NYSE:VMI,0.09998955439311394
2020-04-17,12,AR1 alpha + Basic + One-Step,NYSE:VMI,0.09999061199893547
2020-04-20,12,AR1 alpha + Basic + One-Step,NYSE:VMI,0.09999249807614963
2020-04-21,12,AR1 alpha + Basic + One-Step,NYSE:VMI,0.09999555309300276
2020-04-22,12,AR1 alpha + Basic + One-Step,NYSE:VMI,0.0999938762082709
2020-04-23,12,AR1 alpha + Basic + One-Step,NYSE:VMI,0.09999647862159702
2020-04-24,12,AR1 alpha + Basic + One-Step,NYSE:VMI,0.09999808026698012
2020-04-27,12,AR1 alpha + Basic + One-Step,NYSE:VMI,0.09999871965497396
2020-04-28,12,AR1 alpha + Basic + One-Step,NYSE:VMI,0.09999751888844242
2020-04-29,12,AR1 alpha + Basic + One-Step,NYSE:VMI,0.099999457007343
2020-04-30,12,AR1 alpha + Basic + One-Step,NYSE:VMI,0.09999799311449359
2020-05-01,12,AR1 alpha + Basic + One-Step,NYSE:VMI,0.09999897075133889
2020-05-04,12,AR1 alpha + Basic + One-Step,NYSE:VMI,0.09999623570402212
2020-05-05,12,AR1 alpha + Basic + One-Step,NYSE:VMI,0.09999860037830892
2020-05-06,12,AR1 alpha + Basic + One-Step,NYSE:VMI,0.09999764751604423
2020-05-07,12,AR1 alpha + Basic + One-Step,NYSE:VMI,0.09999819645568013
2020-05-08,12,AR1 alpha + Basic + One-Step,NYSE:VMI,0.09999917288591789
2020-05-11,12,AR1 alpha + Basic + One-Step,NYSE:VMI,0.09999906074198821
2020-05-12,12,AR1 alpha + Basic + One-Step,NYSE:VMI,0.09999747396034431
2020-05-13,12,AR1 alpha + Basic + One-Step,NYSE:VMI,0.09999662724246139
2020-05-14,12,AR1 alpha + Basic + One-Step,NYSE:VMI,0.09999825398096192
2020-05-15,12,AR1 alpha + Basic + One-Step,NYSE:VMI,0.09999874792324595
2020-05-18,12,AR1 alpha + Basic + One-Step,NYSE:VMI,0.04781522264837093
2020-05-19,12,AR1 alpha + Basic + One-Step,NYSE:VMI,0.09481941507640812
2020-05-20,12,AR1 alpha + Basic + One-Step,NYSE:VMI,0.03577998486288786
2020-05-21,12,AR1 alpha + Basic + One-Step,NYSE:VMI,0.0
2020-05-22,12,AR1 alpha + Basic + One-Step,NYSE:VMI,1.2499930972682582e-07
2020-05-26,12,AR1 alpha + Basic + One-Step,NYSE:VMI,1.2248107945666362e-07
2020-05-27,12,AR1 alpha + Basic + One-Step,NYSE:VMI,1.170758195122264e-06
2020-05-28,12,AR1 alpha + Basic + One-Step,NYSE:VMI,0.0
2020-05-29,12,AR1 alpha + Basic + One-Step,NYSE:VMI,0.0
2020-06-01,12,AR1 alpha + Basic + One-Step,NYSE:VMI,0.0
2020-06-02,12,AR1 alpha + Basic + One-Step,NYSE:VMI,4.039092910783508e-07
2020-06-03,12,AR1 alpha + Basic + One-Step,NYSE:VMI,0.0
2020-06-04,12,AR1 alpha + Basic + One-Step,NYSE:VMI,0.0
2020-06-05,12,AR1 alpha + Basic + One-Step,NYSE:VMI,2.4403642898915115e-08
2020-06-08,12,AR1 alpha + Basic + One-Step,NYSE:VMI,0.0
2020-06-09,12,AR1 alpha + Basic + One-Step,NYSE:VMI,0.0
2020-06-10,12,AR1 alpha + Basic + One-Step,NYSE:VMI,0.02729627885876274
2020-06-11,12,AR1 alpha + Basic + One-Step,NYSE:VMI,0.0
2020-06-12,12,AR1 alpha + Basic + One-Step,NYSE:VMI,1.8961720949200792e-08
2020-06-15,12,AR1 alpha + Basic + One-Step,NYSE:VMI,2.1899952535024783e-08
2020-06-16,12,AR1 alpha + Basic + One-Step,NYSE:VMI,9.666372072678815e-08
2020-06-17,12,AR1 alpha + Basic + One-Step,NYSE:VMI,0.0
2020-06-18,12,AR1 alpha + Basic + One-Step,NYSE:VMI,7.261606466208737e-08
2020-06-19,12,AR1 alpha + Basic + One-Step,NYSE:VMI,0.0
2020-06-22,12,AR1 alpha + Basic + One-Step,NYSE:VMI,0.0
2020-06-23,12,AR1 alpha + Basic + One-Step,NYSE:VMI,0.0
2020-06-24,12,AR1 alpha + Basic + One-Step,NYSE:VMI,1.569531724684975e-08
2020-06-25,12,AR1 alpha + Basic + One-Step,NYSE:VMI,0.0
2020-06-26,12,AR1 alpha + Basic + One-Step,NYSE:VMI,0.0
2020-06-29,12,AR1 alpha + Basic + One-Step,NYSE:VMI,0.0
2020-06-30,12,AR1 alpha + Basic + One-Step,NYSE:VMI,0.0
2020-07-01,12,AR1 alpha + Basic + One-Step,NYSE:VMI,0.0
2020-07-02,12,AR1 alpha + Basic + One-Step,NYSE:VMI,0.0
2020-07-06,12,AR1 alpha + Basic + One-Step,NYSE:VMI,0.0
2020-07-07,12,AR1 alpha + Basic + One-Step,NYSE:VMI,0.0
2020-07-08,12,AR1 alpha + Basic + One-Step,NYSE:VMI,0.0
2020-07-09,12,AR1 alpha + Basic + One-Step,NYSE:VMI,3.2470680643047957e-07
2020-07-10,12,AR1 alpha + Basic + One-Step,NYSE:VMI,0.0
2020-07-13,12,AR1 alpha + Basic + One-Step,NYSE:VMI,7.132001854809665e-09
2020-07-14,12,AR1 alpha + Basic + One-Step,NYSE:VMI,0.0
2020-07-15,12,AR1 alpha + Basic + One-Step,NYSE:VMI,8.674379817136995e-08
2020-07-16,12,AR1 alpha + Basic + One-Step,NYSE:VMI,0.0
2020-07-17,12,AR1 alpha + Basic + One-Step,NYSE:VMI,0.004747623127588086
2020-07-20,12,AR1 alpha + Basic + One-Step,NYSE:VMI,0.01018593996888053
2020-07-21,12,AR1 alpha + Basic + One-Step,NYSE:VMI,0.0
2020-07-22,12,AR1 alpha + Basic + One-Step,NYSE:VMI,0.0
2020-07-23,12,AR1 alpha + Basic + One-Step,NYSE:VMI,0.0
2020-07-24,12,AR1 alpha + Basic + One-Step,NYSE:VMI,2.906701347110054e-07
2020-07-27,12,AR1 alpha + Basic + One-Step,NYSE:VMI,3.2198677401707183e-07
2020-07-28,12,AR1 alpha + Basic + One-Step,NYSE:VMI,0.0
2020-07-29,12,AR1 alpha + Basic + One-Step,NYSE:VMI,0.0
2020-07-30,12,AR1 alpha + Basic + One-Step,NYSE:VMI,0.0
2020-07-31,12,AR1 alpha + Basic + One-Step,NYSE:VMI,0.009825927548668472
2020-08-03,12,AR1 alpha + Basic + One-Step,NYSE:VMI,0.05085045127293006
2020-08-04,12,AR1 alpha + Basic + One-Step,NYSE:VMI,0.005386207598273571
2020-08-05,12,AR1 alpha + Basic + One-Step,NYSE:VMI,0.06427300848819008
2020-08-06,12,AR1 alpha + Basic + One-Step,NYSE:VMI,0.007433726525169289
2020-08-07,12,AR1 alpha + Basic + One-Step,NYSE:VMI,0.008751757464626236
2020-08-10,12,AR1 alpha + Basic + One-Step,NYSE:VMI,0.0
2020-08-11,12,AR1 alpha + Basic + One-Step,NYSE:VMI,0.0
2020-08-12,12,AR1 alpha + Basic + One-Step,NYSE:VMI,0.0
2020-08-13,12,AR1 alpha + Basic + One-Step,NYSE:VMI,0.01143309325929168
2020-08-14,12,AR1 alpha + Basic + One-Step,NYSE:VMI,0.027941300539304027
2020-08-17,12,AR1 alpha + Basic + One-Step,NYSE:VMI,0.09998955499697038
2020-08-18,12,AR1 alpha + Basic + One-Step,NYSE:VMI,0.0999809539059407
2020-08-19,12,AR1 alpha + Basic + One-Step,NYSE:VMI,0.049751128100251035
2020-08-20,12,AR1 alpha + Basic + One-Step,NYSE:VMI,0.04938172513302645
2020-08-21,12,AR1 alpha + Basic + One-Step,NYSE:VMI,0.03490613624697154
2020-08-24,12,AR1 alpha + Basic + One-Step,NYSE:VMI,0.062411975808998654
2020-08-25,12,AR1 alpha + Basic + One-Step,NYSE:VMI,0.056642029919168134
2020-08-26,12,AR1 alpha + Basic + One-Step,NYSE:VMI,0.021022244652898855
2020-08-27,12,AR1 alpha + Basic + One-Step,NYSE:VMI,0.04164047388194107
2020-08-28,12,AR1 alpha + Basic + One-Step,NYSE:VMI,0.0824652552238938
2020-08-31,12,AR1 alpha + Basic + One-Step,NYSE:VMI,0.05868492919549196
2020-09-01,12,AR1 alpha + Basic + One-Step,NYSE:VMI,0.08755753206157804
2020-09-02,12,AR1 alpha + Basic + One-Step,NYSE:VMI,0.09999392298157299
2020-09-03,12,AR1 alpha + Basic + One-Step,NYSE:VMI,0.0
2020-09-04,12,AR1 alpha + Basic + One-Step,NYSE:VMI,0.0
2020-09-08,12,AR1 alpha + Basic + One-Step,NYSE:VMI,0.0
2020-09-09,12,AR1 alpha + Basic + One-Step,NYSE:VMI,0.0
2020-09-10,12,AR1 alpha + Basic + One-Step,NYSE:VMI,0.0
2020-09-11,12,AR1 alpha + Basic + One-Step,NYSE:VMI,0.0
2020-09-14,12,AR1 alpha + Basic + One-Step,NYSE:VMI,0.0
2020-09-15,12,AR1 alpha + Basic + One-Step,NYSE:VMI,0.0
2020-09-16,12,AR1 alpha + Basic + One-Step,NYSE:VMI,0.0
2020-09-17,12,AR1 alpha + Basic + One-Step,NYSE:VMI,0.0
2020-09-18,12,AR1 alpha + Basic + One-Step,NYSE:VMI,0.0
2020-09-21,12,AR1 alpha + Basic + One-Step,NYSE:VMI,0.0
2020-09-22,12,AR1 alpha + Basic + One-Step,NYSE:VMI,0.0
2020-09-23,12,AR1 alpha + Basic + One-Step,NYSE:VMI,0.0
2020-09-24,12,AR1 alpha + Basic + One-Step,NYSE:VMI,3.763931756383083e-07
2020-09-25,12,AR1 alpha + Basic + One-Step,NYSE:VMI,0.0
2020-09-28,12,AR1 alpha + Basic + One-Step,NYSE:VMI,0.010223049625751216
2020-09-29,12,AR1 alpha + Basic + One-Step,NYSE:VMI,0.0035918564024537422
2020-09-30,12,AR1 alpha + Basic + One-Step,NYSE:VMI,0.033292272276621224
2020-10-01,12,AR1 alpha + Basic + One-Step,NYSE:VMI,0.0711051723670359
2020-10-02,12,AR1 alpha + Basic + One-Step,NYSE:VMI,0.06070853728206378
2020-10-05,12,AR1 alpha + Basic + One-Step,NYSE:VMI,0.10000010426786625
2020-10-06,12,AR1 alpha + Basic + One-Step,NYSE:VMI,0.06299165723130914
2020-10-07,12,AR1 alpha + Basic + One-Step,NYSE:VMI,0.10000018711158996
2020-10-08,12,AR1 alpha + Basic + One-Step,NYSE:VMI,0.09999546128921233
2020-10-09,12,AR1 alpha + Basic + One-Step,NYSE:VMI,0.09999348660321729
2020-10-12,12,AR1 alpha + Basic + One-Step,NYSE:VMI,0.09998937766984804
2020-10-13,12,AR1 alpha + Basic + One-Step,NYSE:VMI,0.0999892788583183
2020-10-14,12,AR1 alpha + Basic + One-Step,NYSE:VMI,0.0999925441187333
2020-10-15,12,AR1 alpha + Basic + One-Step,NYSE:VMI,0.09998887269976157
2020-10-16,12,AR1 alpha + Basic + One-Step,NYSE:VMI,0.0999935462108762
2020-10-19,12,AR1 alpha + Basic + One-Step,NYSE:VMI,0.0929515953557483
2020-10-20,12,AR1 alpha + Basic + One-Step,NYSE:VMI,0.09999065009759887
2020-10-21,12,AR1 alpha + Basic + One-Step,NYSE:VMI,0.06786728758017412
2020-10-22,12,AR1 alpha + Basic + One-Step,NYSE:VMI,0.09999326704109437
2020-10-23,12,AR1 alpha + Basic + One-Step,NYSE:VMI,0.09998885931027986
2020-10-26,12,AR1 alpha + Basic + One-Step,NYSE:VMI,0.06578083226306648
2020-10-27,12,AR1 alpha + Basic + One-Step,NYSE:VMI,0.04843131946887709
2020-10-28,12,AR1 alpha + Basic + One-Step,NYSE:VMI,8.346018707589235e-08
2020-10-29,12,AR1 alpha + Basic + One-Step,NYSE:VMI,4.5865023895803104e-08
2020-10-30,12,AR1 alpha + Basic + One-Step,NYSE:VMI,0.0
2020-11-02,12,AR1 alpha + Basic + One-Step,NYSE:VMI,0.07093550315222777
2020-11-03,12,AR1 alpha + Basic + One-Step,NYSE:VMI,0.09999901784217441
2020-11-04,12,AR1 alpha + Basic + One-Step,NYSE:VMI,0.09999719237262324
2020-11-05,12,AR1 alpha + Basic + One-Step,NYSE:VMI,0.09999238030517496
2020-11-06,12,AR1 alpha + Basic + One-Step,NYSE:VMI,0.09999552078558262
2020-11-09,12,AR1 alpha + Basic + One-Step,NYSE:VMI,0.09999415627401105
2020-11-10,12,AR1 alpha + Basic + One-Step,NYSE:VMI,0.09999017816806582
2020-11-11,12,AR1 alpha + Basic + One-Step,NYSE:VMI,0.09999302942809736
2020-11-12,12,AR1 alpha + Basic + One-Step,NYSE:VMI,0.09998861851460025
2020-11-13,12,AR1 alpha + Basic + One-Step,NYSE:VMI,0.0999897237479684
2020-11-16,12,AR1 alpha + Basic + One-Step,NYSE:VMI,0.09999153905176034
2020-11-17,12,AR1 alpha + Basic + One-Step,NYSE:VMI,0.0999920153975847
2020-11-18,12,AR1 alpha + Basic + One-Step,NYSE:VMI,0.09998459329955434
2020-11-19,12,AR1 alpha + Basic + One-Step,NYSE:VMI,0.09999096484633464
2020-11-20,12,AR1 alpha + Basic + One-Step,NYSE:VMI,0.09998230360887726
2020-11-23,12,AR1 alpha + Basic + One-Step,NYSE:VMI,0.09998111368212488
2020-11-24,12,AR1 alpha + Basic + One-Step,NYSE:VMI,0.0999806295619875
2020-11-25,12,AR1 alpha + Basic + One-Step,NYSE:VMI,0.09998665768429117
2020-11-27,12,AR1 alpha + Basic + One-Step,NYSE:VMI,0.09997998558509431
2020-11-30,12,AR1 alpha + Basic + One-Step,NYSE:VMI,0.09998799555047017
2020-12-01,12,AR1 alpha + Basic + One-Step,NYSE:VMI,0.09999226182755054
2020-12-02,12,AR1 alpha + Basic + One-Step,NYSE:VMI,0.09999484836896738
2020-12-03,12,AR1 alpha + Basic + One-Step,NYSE:VMI,0.09999687045408376
2020-12-04,12,AR1 alpha + Basic + One-Step,NYSE:VMI,0.09999810218744455
2020-12-07,12,AR1 alpha + Basic + One-Step,NYSE:VMI,0.09999670677999374
2020-12-08,12,AR1 alpha + Basic + One-Step,NYSE:VMI,0.07458557024077753
2020-12-09,12,AR1 alpha + Basic + One-Step,NYSE:VMI,0.010930112122683818
2020-12-10,12,AR1 alpha + Basic + One-Step,NYSE:VMI,0.05477543842502151
2020-12-11,12,AR1 alpha + Basic + One-Step,NYSE:VMI,0.0750495261371694
2020-12-14,12,AR1 alpha + Basic + One-Step,NYSE:VMI,0.08703798224730899
2020-12-15,12,AR1 alpha + Basic + One-Step,NYSE:VMI,0.0999913973789926
2020-12-16,12,AR1 alpha + Basic + One-Step,NYSE:VMI,0.09999477299623112
2020-12-17,12,AR1 alpha + Basic + One-Step,NYSE:VMI,0.09999655913189051
2020-12-18,12,AR1 alpha + Basic + One-Step,NYSE:VMI,0.09999230967958353
2020-12-21,12,AR1 alpha + Basic + One-Step,NYSE:VMI,0.09931863465784907
2020-12-22,12,AR1 alpha + Basic + One-Step,NYSE:VMI,0.10000065420127546
2020-12-23,12,AR1 alpha + Basic + One-Step,NYSE:VMI,0.09187424366742902
2020-12-24,12,AR1 alpha + Basic + One-Step,NYSE:VMI,0.09999975032923934
2020-12-28,12,AR1 alpha + Basic + One-Step,NYSE:VMI,0.09999906346294857
2020-12-29,12,AR1 alpha + Basic + One-Step,NYSE:VMI,0.07499444811580941
2020-12-30,12,AR1 alpha + Basic + One-Step,NYSE:VMI,0.09999572325476075
2020-12-31,12,AR1 alpha + Basic + One-Step,NYSE:VMI,0.0999960062195268
2021-01-04,12,AR1 alpha + Basic + One-Step,NYSE:VMI,0.0784685003805219
2021-01-05,12,AR1 alpha + Basic + One-Step,NYSE:VMI,0.09614473630259153
2021-01-06,12,AR1 alpha + Basic + One-Step,NYSE:VMI,0.09999954261750443
2021-01-07,12,AR1 alpha + Basic + One-Step,NYSE:VMI,0.09999114854090191
2021-01-08,12,AR1 alpha + Basic + One-Step,NYSE:VMI,0.09999311745877681
2021-01-11,12,AR1 alpha + Basic + One-Step,NYSE:VMI,0.09999021537119687
2021-01-12,12,AR1 alpha + Basic + One-Step,NYSE:VMI,0.0999884162424489
2021-01-13,12,AR1 alpha + Basic + One-Step,NYSE:VMI,0.09998962282852081
2021-01-14,12,AR1 alpha + Basic + One-Step,NYSE:VMI,0.09998203415026329
2021-01-15,12,AR1 alpha + Basic + One-Step,NYSE:VMI,0.09998600042847793
2021-01-19,12,AR1 alpha + Basic + One-Step,NYSE:VMI,0.09999046540800093
2021-01-20,12,AR1 alpha + Basic + One-Step,NYSE:VMI,0.09999385495756158
2021-01-21,12,AR1 alpha + Basic + One-Step,NYSE:VMI,0.09998840584702727
2021-01-22,12,AR1 alpha + Basic + One-Step,NYSE:VMI,0.09999283345211221
2021-01-25,12,AR1 alpha + Basic + One-Step,NYSE:VMI,0.09999542593592138
2021-01-26,12,AR1 alpha + Basic + One-Step,NYSE:VMI,0.09998964295948162
2021-01-27,12,AR1 alpha + Basic + One-Step,NYSE:VMI,0.0
2021-01-28,12,AR1 alpha + Basic + One-Step,NYSE:VMI,0.0
2021-01-29,12,AR1 alpha + Basic + One-Step,NYSE:VMI,0.0
2021-02-01,12,AR1 alpha + Basic + One-Step,NYSE:VMI,1.909171269500137e-07
2021-02-02,12,AR1 alpha + Basic + One-Step,NYSE:VMI,0.09999938942429426
2021-02-03,12,AR1 alpha + Basic + One-Step,NYSE:VMI,0.08612559263666242
2021-02-04,12,AR1 alpha + Basic + One-Step,NYSE:VMI,0.09999748240705857
2021-02-05,12,AR1 alpha + Basic + One-Step,NYSE:VMI,0.09999426659244534
2021-02-08,12,AR1 alpha + Basic + One-Step,NYSE:VMI,0.0999887550834429
2021-02-09,12,AR1 alpha + Basic + One-Step,NYSE:VMI,0.099991908214433
2021-02-10,12,AR1 alpha + Basic + One-Step,NYSE:VMI,0.09998724667737612
2021-02-11,12,AR1 alpha + Basic + One-Step,NYSE:VMI,0.09998735938020924
2021-02-12,12,AR1 alpha + Basic + One-Step,NYSE:VMI,0.0999798576962325
2021-02-16,12,AR1 alpha + Basic + One-Step,NYSE:VMI,0.09998800363252325
2021-02-17,12,AR1 alpha + Basic + One-Step,NYSE:VMI,0.0999884591733123
2021-02-18,12,AR1 alpha + Basic + One-Step,NYSE:VMI,0.09999240430617384
2021-02-19,12,AR1 alpha + Basic + One-Step,NYSE:VMI,0.09999040428282198
2021-02-22,12,AR1 alpha + Basic + One-Step,NYSE:VMI,0.08654382236132077
2021-02-23,12,AR1 alpha + Basic + One-Step,NYSE:VMI,0.08601600192847374
2021-02-24,12,AR1 alpha + Basic + One-Step,NYSE:VMI,0.09999785824734628
2021-02-25,12,AR1 alpha + Basic + One-Step,NYSE:VMI,0.04285778623937356
2021-02-26,12,AR1 alpha + Basic + One-Step,NYSE:VMI,0.09539081955399215
2021-03-01,12,AR1 alpha + Basic + One-Step,NYSE:VMI,0.09999606172893555
2021-03-02,12,AR1 alpha + Basic + One-Step,NYSE:VMI,0.09999745754745618
2021-03-03,12,AR1 alpha + Basic + One-Step,NYSE:VMI,0.09999217266928061
2021-03-04,12,AR1 alpha + Basic + One-Step,NYSE:VMI,0.0
2021-03-05,12,AR1 alpha + Basic + One-Step,NYSE:VMI,0.08587308254308994
2021-03-08,12,AR1 alpha + Basic + One-Step,NYSE:VMI,0.09999939275883271
2021-03-09,12,AR1 alpha + Basic + One-Step,NYSE:VMI,0.09999362145636875
2021-03-10,12,AR1 alpha + Basic + One-Step,NYSE:VMI,0.09999114478916339
2021-03-11,12,AR1 alpha + Basic + One-Step,NYSE:VMI,0.09999512475935493
2021-03-12,12,AR1 alpha + Basic + One-Step,NYSE:VMI,0.09999707175266774
2021-03-15,12,AR1 alpha + Basic + One-Step,NYSE:VMI,0.09999847543367135
2021-03-16,12,AR1 alpha + Basic + One-Step,NYSE:VMI,0.09999140494559605
2021-03-17,12,AR1 alpha + Basic + One-Step,NYSE:VMI,0.099992123109826
2021-03-18,12,AR1 alpha + Basic + One-Step,NYSE:VMI,0.09999170918853842
2021-03-19,12,AR1 alpha + Basic + One-Step,NYSE:VMI,0.09998263401149662
2021-03-22,12,AR1 alpha + Basic + One-Step,NYSE:VMI,0.09997780652602681
2021-03-23,12,AR1 alpha + Basic + One-Step,NYSE:VMI,0.09997846089960623
2021-03-24,12,AR1 alpha + Basic + One-Step,NYSE:VMI,0.09998613589868673
2021-03-25,12,AR1 alpha + Basic + One-Step,NYSE:VMI,0.09997884948581147
2021-03-26,12,AR1 alpha + Basic + One-Step,NYSE:VMI,0.09998747522538011
2021-03-29,12,AR1 alpha + Basic + One-Step,NYSE:VMI,0.09998181230614164
2021-03-30,12,AR1 alpha + Basic + One-Step,NYSE:VMI,0.09998944561654619
2021-03-31,12,AR1 alpha + Basic + One-Step,NYSE:VMI,0.09999407975422335
2021-04-01,12,AR1 alpha + Basic + One-Step,NYSE:VMI,0.09999327190122013
2021-04-05,12,AR1 alpha + Basic + One-Step,NYSE:VMI,0.099998125155411
2021-04-06,12,AR1 alpha + Basic + One-Step,NYSE:VMI,0.09999807023416343
2021-04-07,12,AR1 alpha + Basic + One-Step,NYSE:VMI,0.09999846095396323
2021-04-08,12,AR1 alpha + Basic + One-Step,NYSE:VMI,0.09245803273625786
2021-04-09,12,AR1 alpha + Basic + One-Step,NYSE:VMI,0.09999659931379938
2021-04-12,12,AR1 alpha + Basic + One-Step,NYSE:VMI,0.09999810798805571
2021-04-13,12,AR1 alpha + Basic + One-Step,NYSE:VMI,0.06139343834322689
2021-04-14,12,AR1 alpha + Basic + One-Step,NYSE:VMI,0.06439168157810676
2021-04-15,12,AR1 alpha + Basic + One-Step,NYSE:VMI,0.05422949060092788
2021-04-16,12,AR1 alpha + Basic + One-Step,NYSE:VMI,0.09999254674696924
2021-04-19,12,AR1 alpha + Basic + One-Step,NYSE:VMI,0.09627455666810637
2021-04-20,12,AR1 alpha + Basic + One-Step,NYSE:VMI,0.0038378594148867737
2021-04-21,12,AR1 alpha + Basic + One-Step,NYSE:VMI,0.09999737885896186
2021-04-22,12,AR1 alpha + Basic + One-Step,NYSE:VMI,0.033516895545425744
2021-04-23,12,AR1 alpha + Basic + One-Step,NYSE:VMI,0.09999763803638724
2021-04-26,12,AR1 alpha + Basic + One-Step,NYSE:VMI,0.09999734581114632
2021-04-27,12,AR1 alpha + Basic + One-Step,NYSE:VMI,0.09999903122218777
2021-04-28,12,AR1 alpha + Basic + One-Step,NYSE:VMI,0.09999829663963654
2021-04-29,12,AR1 alpha + Basic + One-Step,NYSE:VMI,0.09999669274011316
2021-04-30,12,AR1 alpha + Basic + One-Step,NYSE:VMI,0.060976593123624856
2021-05-03,12,AR1 alpha + Basic + One-Step,NYSE:VMI,0.036563146288899194
2021-05-04,12,AR1 alpha + Basic + One-Step,NYSE:VMI,0.03656321703030119
2021-05-05,12,AR1 alpha + Basic + One-Step,NYSE:VMI,0.09998879496234009
2021-05-06,12,AR1 alpha + Basic + One-Step,NYSE:VMI,0.09998157966313162
2021-05-07,12,AR1 alpha + Basic + One-Step,NYSE:VMI,0.09997839959222211
2021-05-10,12,AR1 alpha + Basic + One-Step,NYSE:VMI,0.07017081439502808
2021-05-11,12,AR1 alpha + Basic + One-Step,NYSE:VMI,0.0999832217804541
2021-05-12,12,AR1 alpha + Basic + One-Step,NYSE:VMI,0.0
2021-05-13,12,AR1 alpha + Basic + One-Step,NYSE:VMI,0.020543145586095546
2021-05-14,12,AR1 alpha + Basic + One-Step,NYSE:VMI,0.09999983226067959
2021-05-17,12,AR1 alpha + Basic + One-Step,NYSE:VMI,0.09998223731104164
2021-05-18,12,AR1 alpha + Basic + One-Step,NYSE:VMI,0.06525703941804505
2021-05-19,12,AR1 alpha + Basic + One-Step,NYSE:VMI,0.008020556796716899
2021-05-20,12,AR1 alpha + Basic + One-Step,NYSE:VMI,1.9999032461929984e-07
2021-05-21,12,AR1 alpha + Basic + One-Step,NYSE:VMI,0.025345328257511644
2021-05-24,12,AR1 alpha + Basic + One-Step,NYSE:VMI,0.057752873268817694
2021-05-25,12,AR1 alpha + Basic + One-Step,NYSE:VMI,0.03450216644368429
2021-05-26,12,AR1 alpha + Basic + One-Step,NYSE:VMI,0.0999996583421323
2021-05-27,12,AR1 alpha + Basic + One-Step,NYSE:VMI,0.0773477585387792
2021-05-28,12,AR1 alpha + Basic + One-Step,NYSE:VMI,0.0891104217203577
2021-06-01,12,AR1 alpha + Basic + One-Step,NYSE:VMI,0.0999990141280655
2021-06-02,12,AR1 alpha + Basic + One-Step,NYSE:VMI,0.09998882677845343
2021-06-03,12,AR1 alpha + Basic + One-Step,NYSE:VMI,0.09998540513489679
2021-06-04,12,AR1 alpha + Basic + One-Step,NYSE:VMI,0.09998828605045203
2021-06-07,12,AR1 alpha + Basic + One-Step,NYSE:VMI,0.024877007510697133
2021-06-08,12,AR1 alpha + Basic + One-Step,NYSE:VMI,0.0
2021-06-09,12,AR1 alpha + Basic + One-Step,NYSE:VMI,0.0
2021-06-10,12,AR1 alpha + Basic + One-Step,NYSE:VMI,4.6677037125630163e-08
2021-06-11,12,AR1 alpha + Basic + One-Step,NYSE:VMI,0.0
2021-06-14,12,AR1 alpha + Basic + One-Step,NYSE:VMI,0.0
2021-06-15,12,AR1 alpha + Basic + One-Step,NYSE:VMI,0.0
2021-06-16,12,AR1 alpha + Basic + One-Step,NYSE:VMI,0.0
2021-06-17,12,AR1 alpha + Basic + One-Step,NYSE:VMI,0.0
2021-06-18,12,AR1 alpha + Basic + One-Step,NYSE:VMI,0.0
2021-06-21,12,AR1 alpha + Basic + One-Step,NYSE:VMI,0.0
2021-06-22,12,AR1 alpha + Basic + One-Step,NYSE:VMI,8.591940958542967e-07
2021-06-23,12,AR1 alpha + Basic + One-Step,NYSE:VMI,8.887190128836374e-07
2021-06-24,12,AR1 alpha + Basic + One-Step,NYSE:VMI,1.2678975750551052e-06
2021-06-25,12,AR1 alpha + Basic + One-Step,NYSE:VMI,0.0
2021-06-28,12,AR1 alpha + Basic + One-Step,NYSE:VMI,0.0
2021-06-29,12,AR1 alpha + Basic + One-Step,NYSE:VMI,0.0
2021-06-30,12,AR1 alpha + Basic + One-Step,NYSE:VMI,0.0
2021-07-01,12,AR1 alpha + Basic + One-Step,NYSE:VMI,0.0
2021-07-02,12,AR1 alpha + Basic + One-Step,NYSE:VMI,0.0
2021-07-06,12,AR1 alpha + Basic + One-Step,NYSE:VMI,0.0
2021-07-07,12,AR1 alpha + Basic + One-Step,NYSE:VMI,0.0
2021-07-08,12,AR1 alpha + Basic + One-Step,NYSE:VMI,0.0
2021-07-09,12,AR1 alpha + Basic + One-Step,NYSE:VMI,0.0
2021-07-12,12,AR1 alpha + Basic + One-Step,NYSE:VMI,0.0
2021-07-13,12,AR1 alpha + Basic + One-Step,NYSE:VMI,5.707987099959354e-08
2021-07-14,12,AR1 alpha + Basic + One-Step,NYSE:VMI,0.0
2021-07-15,12,AR1 alpha + Basic + One-Step,NYSE:VMI,0.0
2021-07-16,12,AR1 alpha + Basic + One-Step,NYSE:VMI,4.901861180034973e-07
2021-07-19,12,AR1 alpha + Basic + One-Step,NYSE:VMI,0.0
2021-07-20,12,AR1 alpha + Basic + One-Step,NYSE:VMI,0.0
2021-07-21,12,AR1 alpha + Basic + One-Step,NYSE:VMI,0.0
2021-07-22,12,AR1 alpha + Basic + One-Step,NYSE:VMI,0.0
2021-07-23,12,AR1 alpha + Basic + One-Step,NYSE:VMI,0.0
2021-07-26,12,AR1 alpha + Basic + One-Step,NYSE:VMI,1.8789632096959756e-07
2021-07-27,12,AR1 alpha + Basic + One-Step,NYSE:VMI,2.657223685117715e-06
2021-07-28,12,AR1 alpha + Basic + One-Step,NYSE:VMI,0.0
2021-07-29,12,AR1 alpha + Basic + One-Step,NYSE:VMI,0.0
2021-07-30,12,AR1 alpha + Basic + One-Step,NYSE:VMI,0.003045910092755228
2021-08-02,12,AR1 alpha + Basic + One-Step,NYSE:VMI,0.0
2021-08-03,12,AR1 alpha + Basic + One-Step,NYSE:VMI,0.0
2021-08-04,12,AR1 alpha + Basic + One-Step,NYSE:VMI,1.4950315806363325e-08
2021-08-05,12,AR1 alpha + Basic + One-Step,NYSE:VMI,0.0
2021-08-06,12,AR1 alpha + Basic + One-Step,NYSE:VMI,0.0
2021-08-09,12,AR1 alpha + Basic + One-Step,NYSE:VMI,4.110360703602594e-07
2021-08-10,12,AR1 alpha + Basic + One-Step,NYSE:VMI,2.4428674870472377e-07
2021-08-11,12,AR1 alpha + Basic + One-Step,NYSE:VMI,1.4901500045211584e-07
2021-08-12,12,AR1 alpha + Basic + One-Step,NYSE:VMI,0.0
2021-08-13,12,AR1 alpha + Basic + One-Step,NYSE:VMI,0.0
2021-08-16,12,AR1 alpha + Basic + One-Step,NYSE:VMI,0.0
2021-08-17,12,AR1 alpha + Basic + One-Step,NYSE:VMI,1.0874014662939227e-07
2021-08-18,12,AR1 alpha + Basic + One-Step,NYSE:VMI,0.0
2021-08-19,12,AR1 alpha + Basic + One-Step,NYSE:VMI,0.0
2021-08-20,12,AR1 alpha + Basic + One-Step,NYSE:VMI,2.0065701885973315e-08
2021-08-23,12,AR1 alpha + Basic + One-Step,NYSE:VMI,0.0
2021-08-24,12,AR1 alpha + Basic + One-Step,NYSE:VMI,0.010582766734732008
2021-08-25,12,AR1 alpha + Basic + One-Step,NYSE:VMI,0.050350361335966945
2021-08-26,12,AR1 alpha + Basic + One-Step,NYSE:VMI,0.044465333883037694
2021-08-27,12,AR1 alpha + Basic + One-Step,NYSE:VMI,0.04793593051067534
2021-08-30,12,AR1 alpha + Basic + One-Step,NYSE:VMI,0.0736272187922732
2021-08-31,12,AR1 alpha + Basic + One-Step,NYSE:VMI,0.049648059497561556
2021-09-01,12,AR1 alpha + Basic + One-Step,NYSE:VMI,0.041897837035187104
2021-09-02,12,AR1 alpha + Basic + One-Step,NYSE:VMI,0.03839302284012239
2021-09-03,12,AR1 alpha + Basic + One-Step,NYSE:VMI,0.01598282983597425
2021-09-07,12,AR1 alpha + Basic + One-Step,NYSE:VMI,0.0
2021-09-08,12,AR1 alpha + Basic + One-Step,NYSE:VMI,0.0
2021-09-09,12,AR1 alpha + Basic + One-Step,NYSE:VMI,3.473055485494823e-08
2021-09-10,12,AR1 alpha + Basic + One-Step,NYSE:VMI,0.0
2021-09-13,12,AR1 alpha + Basic + One-Step,NYSE:VMI,0.0
2021-09-14,12,AR1 alpha + Basic + One-Step,NYSE:VMI,2.6369941385120294e-07
2021-09-15,12,AR1 alpha + Basic + One-Step,NYSE:VMI,0.0
2021-09-16,12,AR1 alpha + Basic + One-Step,NYSE:VMI,0.0
2021-09-17,12,AR1 alpha + Basic + One-Step,NYSE:VMI,0.0
2021-09-20,12,AR1 alpha + Basic + One-Step,NYSE:VMI,0.0
2021-09-21,12,AR1 alpha + Basic + One-Step,NYSE:VMI,1.6897836294906107e-07
2021-09-22,12,AR1 alpha + Basic + One-Step,NYSE:VMI,0.0
2021-09-23,12,AR1 alpha + Basic + One-Step,NYSE:VMI,0.0
2021-09-24,12,AR1 alpha + Basic + One-Step,NYSE:VMI,0.0
2021-09-27,12,AR1 alpha + Basic + One-Step,NYSE:VMI,0.0
2021-09-28,12,AR1 alpha + Basic + One-Step,NYSE:VMI,0.0
2021-09-29,12,AR1 alpha + Basic + One-Step,NYSE:VMI,0.0
2021-09-30,12,AR1 alpha + Basic + One-Step,NYSE:VMI,0.0
2021-10-01,12,AR1 alpha + Basic + One-Step,NYSE:VMI,0.0
2021-10-04,12,AR1 alpha + Basic + One-Step,NYSE:VMI,0.0
2021-10-05,12,AR1 alpha + Basic + One-Step,NYSE:VMI,0.0
2021-10-06,12,AR1 alpha + Basic + One-Step,NYSE:VMI,0.0
2021-10-07,12,AR1 alpha + Basic + One-Step,NYSE:VMI,0.0
2021-10-08,12,AR1 alpha + Basic + One-Step,NYSE:VMI,0.0
2021-10-11,12,AR1 alpha + Basic + One-Step,NYSE:VMI,0.0
2021-10-12,12,AR1 alpha + Basic + One-Step,NYSE:VMI,0.0
2021-10-13,12,AR1 alpha + Basic + One-Step,NYSE:VMI,0.0
2021-10-14,12,AR1 alpha + Basic + One-Step,NYSE:VMI,0.0
2021-10-15,12,AR1 alpha + Basic + One-Step,NYSE:VMI,0.0
2021-10-18,12,AR1 alpha + Basic + One-Step,NYSE:VMI,0.0
2021-10-19,12,AR1 alpha + Basic + One-Step,NYSE:VMI,0.0
2021-10-20,12,AR1 alpha + Basic + One-Step,NYSE:VMI,0.0
2021-10-21,12,AR1 alpha + Basic + One-Step,NYSE:VMI,0.0
2021-10-22,12,AR1 alpha + Basic + One-Step,NYSE:VMI,0.0
2021-10-25,12,AR1 alpha + Basic + One-Step,NYSE:VMI,0.0
2021-10-26,12,AR1 alpha + Basic + One-Step,NYSE:VMI,0.0
2021-10-27,12,AR1 alpha + Basic + One-Step,NYSE:VMI,0.0
2021-10-28,12,AR1 alpha + Basic + One-Step,NYSE:VMI,0.0
2021-10-29,12,AR1 alpha + Basic + One-Step,NYSE:VMI,0.0
2021-11-01,12,AR1 alpha + Basic + One-Step,NYSE:VMI,3.621061593799069e-07
2021-11-02,12,AR1 alpha + Basic + One-Step,NYSE:VMI,0.0
2021-11-03,12,AR1 alpha + Basic + One-Step,NYSE:VMI,0.0
2021-11-04,12,AR1 alpha + Basic + One-Step,NYSE:VMI,0.0
2021-11-05,12,AR1 alpha + Basic + One-Step,NYSE:VMI,0.0
2021-11-08,12,AR1 alpha + Basic + One-Step,NYSE:VMI,0.0
2021-11-09,12,AR1 alpha + Basic + One-Step,NYSE:VMI,2.865312919258607e-08
2021-11-10,12,AR1 alpha + Basic + One-Step,NYSE:VMI,2.0345729688347008e-08
2021-11-11,12,AR1 alpha + Basic + One-Step,NYSE:VMI,0.0
2021-11-12,12,AR1 alpha + Basic + One-Step,NYSE:VMI,0.0
2021-11-15,12,AR1 alpha + Basic + One-Step,NYSE:VMI,0.0
2021-11-16,12,AR1 alpha + Basic + One-Step,NYSE:VMI,0.0
2021-11-17,12,AR1 alpha + Basic + One-Step,NYSE:VMI,0.0
2021-11-18,12,AR1 alpha + Basic + One-Step,NYSE:VMI,0.0
2021-11-19,12,AR1 alpha + Basic + One-Step,NYSE:VMI,0.0
2021-11-22,12,AR1 alpha + Basic + One-Step,NYSE:VMI,0.0
2021-11-23,12,AR1 alpha + Basic + One-Step,NYSE:VMI,0.0
2021-11-24,12,AR1 alpha + Basic + One-Step,NYSE:VMI,0.0
2021-11-26,12,AR1 alpha + Basic + One-Step,NYSE:VMI,0.0
2021-11-29,12,AR1 alpha + Basic + One-Step,NYSE:VMI,0.0
2021-11-30,12,AR1 alpha + Basic + One-Step,NYSE:VMI,0.0
2021-12-01,12,AR1 alpha + Basic + One-Step,NYSE:VMI,0.0
2021-12-02,12,AR1 alpha + Basic + One-Step,NYSE:VMI,0.0
2021-12-03,12,AR1 alpha + Basic + One-Step,NYSE:VMI,0.0
2021-12-06,12,AR1 alpha + Basic + One-Step,NYSE:VMI,0.0
2021-12-07,12,AR1 alpha + Basic + One-Step,NYSE:VMI,0.030473310397939234
2021-12-08,12,AR1 alpha + Basic + One-Step,NYSE:VMI,0.0
2021-12-09,12,AR1 alpha + Basic + One-Step,NYSE:VMI,0.0
2021-12-10,12,AR1 alpha + Basic + One-Step,NYSE:VMI,9.461142236923393e-08
2021-12-13,12,AR1 alpha + Basic + One-Step,NYSE:VMI,0.0
2021-12-14,12,AR1 alpha + Basic + One-Step,NYSE:VMI,3.31159406442502e-08
2021-12-15,12,AR1 alpha + Basic + One-Step,NYSE:VMI,0.0
2021-12-16,12,AR1 alpha + Basic + One-Step,NYSE:VMI,0.0
2021-12-17,12,AR1 alpha + Basic + One-Step,NYSE:VMI,0.0
2021-12-20,12,AR1 alpha + Basic + One-Step,NYSE:VMI,0.0
2021-12-21,12,AR1 alpha + Basic + One-Step,NYSE:VMI,0.0
2021-12-22,12,AR1 alpha + Basic + One-Step,NYSE:VMI,1.9485049055333058e-07
2021-12-23,12,AR1 alpha + Basic + One-Step,NYSE:VMI,0.0
2021-12-27,12,AR1 alpha + Basic + One-Step,NYSE:VMI,0.0
2021-12-28,12,AR1 alpha + Basic + One-Step,NYSE:VMI,0.0
2021-12-29,12,AR1 alpha + Basic + One-Step,NYSE:VMI,0.0
2021-12-30,12,AR1 alpha + Basic + One-Step,NYSE:VMI,9.917659205977903e-07
2021-12-31,12,AR1 alpha + Basic + One-Step,NYSE:VMI,4.4701525635175805e-07
2022-01-03,12,AR1 alpha + Basic + One-Step,NYSE:VMI,3.321533358506076e-07
2022-01-04,12,AR1 alpha + Basic + One-Step,NYSE:VMI,0.0
2022-01-05,12,AR1 alpha + Basic + One-Step,NYSE:VMI,0.0
2022-01-06,12,AR1 alpha + Basic + One-Step,NYSE:VMI,0.0
2022-01-07,12,AR1 alpha + Basic + One-Step,NYSE:VMI,6.531580724007429e-08
2022-01-10,12,AR1 alpha + Basic + One-Step,NYSE:VMI,0.0
2022-01-11,12,AR1 alpha + Basic + One-Step,NYSE:VMI,0.0
2022-01-12,12,AR1 alpha + Basic + One-Step,NYSE:VMI,0.0
2022-01-13,12,AR1 alpha + Basic + One-Step,NYSE:VMI,9.815313432701556e-07
2022-01-14,12,AR1 alpha + Basic + One-Step,NYSE:VMI,0.0
2022-01-18,12,AR1 alpha + Basic + One-Step,NYSE:VMI,0.0
2022-01-19,12,AR1 alpha + Basic + One-Step,NYSE:VMI,0.0
2022-01-20,12,AR1 alpha + Basic + One-Step,NYSE:VMI,0.0
2022-01-21,12,AR1 alpha + Basic + One-Step,NYSE:VMI,3.537529141363628e-07
2022-01-24,12,AR1 alpha + Basic + One-Step,NYSE:VMI,0.0
2022-01-25,12,AR1 alpha + Basic + One-Step,NYSE:VMI,0.0
2022-01-26,12,AR1 alpha + Basic + One-Step,NYSE:VMI,2.7631225388884215e-08
2022-01-27,12,AR1 alpha + Basic + One-Step,NYSE:VMI,0.0
2022-01-28,12,AR1 alpha + Basic + One-Step,NYSE:VMI,0.0
2022-01-31,12,AR1 alpha + Basic + One-Step,NYSE:VMI,0.0
2022-02-01,12,AR1 alpha + Basic + One-Step,NYSE:VMI,0.0
2022-02-02,12,AR1 alpha + Basic + One-Step,NYSE:VMI,0.0
2022-02-03,12,AR1 alpha + Basic + One-Step,NYSE:VMI,0.0
2022-02-04,12,AR1 alpha + Basic + One-Step,NYSE:VMI,4.8692450721959256e-08
2022-02-07,12,AR1 alpha + Basic + One-Step,NYSE:VMI,8.950254370341518e-08
2022-02-08,12,AR1 alpha + Basic + One-Step,NYSE:VMI,0.0
2022-02-09,12,AR1 alpha + Basic + One-Step,NYSE:VMI,0.0
2022-02-10,12,AR1 alpha + Basic + One-Step,NYSE:VMI,0.0
2022-02-11,12,AR1 alpha + Basic + One-Step,NYSE:VMI,8.922967596822102e-08
2022-02-14,12,AR1 alpha + Basic + One-Step,NYSE:VMI,5.0849287785491315e-08
2022-02-15,12,AR1 alpha + Basic + One-Step,NYSE:VMI,0.0
2022-02-16,12,AR1 alpha + Basic + One-Step,NYSE:VMI,0.0
2022-02-17,12,AR1 alpha + Basic + One-Step,NYSE:VMI,0.0
2022-02-18,12,AR1 alpha + Basic + One-Step,NYSE:VMI,3.097635475633296e-07
2022-02-22,12,AR1 alpha + Basic + One-Step,NYSE:VMI,1.9186351867998278e-07
2022-02-23,12,AR1 alpha + Basic + One-Step,NYSE:VMI,0.0
2022-02-24,12,AR1 alpha + Basic + One-Step,NYSE:VMI,0.0
2022-02-25,12,AR1 alpha + Basic + One-Step,NYSE:VMI,0.0
2022-02-28,12,AR1 alpha + Basic + One-Step,NYSE:VMI,0.0
2022-03-01,12,AR1 alpha + Basic + One-Step,NYSE:VMI,6.070895728938421e-08
2022-03-02,12,AR1 alpha + Basic + One-Step,NYSE:VMI,0.0
2022-03-03,12,AR1 alpha + Basic + One-Step,NYSE:VMI,0.0
2022-03-04,12,AR1 alpha + Basic + One-Step,NYSE:VMI,0.0
2022-03-07,12,AR1 alpha + Basic + One-Step,NYSE:VMI,0.0
2022-03-08,12,AR1 alpha + Basic + One-Step,NYSE:VMI,1.5521851545766243e-06
2022-03-09,12,AR1 alpha + Basic + One-Step,NYSE:VMI,2.88083985733888e-07
2022-03-10,12,AR1 alpha + Basic + One-Step,NYSE:VMI,0.0
2022-03-11,12,AR1 alpha + Basic + One-Step,NYSE:VMI,2.1810139197519522e-07
2022-03-14,12,AR1 alpha + Basic + One-Step,NYSE:VMI,0.0
2022-03-15,12,AR1 alpha + Basic + One-Step,NYSE:VMI,0.0
2022-03-16,12,AR1 alpha + Basic + One-Step,NYSE:VMI,0.0
2022-03-17,12,AR1 alpha + Basic + One-Step,NYSE:VMI,0.0
2022-03-18,12,AR1 alpha + Basic + One-Step,NYSE:VMI,0.0
2022-03-21,12,AR1 alpha + Basic + One-Step,NYSE:VMI,0.0
2022-03-22,12,AR1 alpha + Basic + One-Step,NYSE:VMI,0.0
2022-03-23,12,AR1 alpha + Basic + One-Step,NYSE:VMI,0.0
2022-03-24,12,AR1 alpha + Basic + One-Step,NYSE:VMI,6.78703504859854e-08
2022-03-25,12,AR1 alpha + Basic + One-Step,NYSE:VMI,0.0
2022-03-28,12,AR1 alpha + Basic + One-Step,NYSE:VMI,0.0
2022-03-29,12,AR1 alpha + Basic + One-Step,NYSE:VMI,0.0
2022-03-30,12,AR1 alpha + Basic + One-Step,NYSE:VMI,1.8827444484959364e-07
2022-03-31,12,AR1 alpha + Basic + One-Step,NYSE:VMI,0.0
2022-04-01,12,AR1 alpha + Basic + One-Step,NYSE:VMI,0.0
2022-04-04,12,AR1 alpha + Basic + One-Step,NYSE:VMI,0.0
2022-04-05,12,AR1 alpha + Basic + One-Step,NYSE:VMI,0.0
2022-04-06,12,AR1 alpha + Basic + One-Step,NYSE:VMI,0.0
2022-04-07,12,AR1 alpha + Basic + One-Step,NYSE:VMI,0.0
2022-04-08,12,AR1 alpha + Basic + One-Step,NYSE:VMI,0.0
2022-04-11,12,AR1 alpha + Basic + One-Step,NYSE:VMI,0.0
2022-04-12,12,AR1 alpha + Basic + One-Step,NYSE:VMI,0.0
2022-04-13,12,AR1 alpha + Basic + One-Step,NYSE:VMI,3.9109780793930706e-07
2022-04-14,12,AR1 alpha + Basic + One-Step,NYSE:VMI,1.8030439670841863e-08
2022-04-18,12,AR1 alpha + Basic + One-Step,NYSE:VMI,0.0
2022-04-19,12,AR1 alpha + Basic + One-Step,NYSE:VMI,0.0
2022-04-20,12,AR1 alpha + Basic + One-Step,NYSE:VMI,1.084786719887971e-07
2022-04-21,12,AR1 alpha + Basic + One-Step,NYSE:VMI,0.0
2022-04-22,12,AR1 alpha + Basic + One-Step,NYSE:VMI,0.0
2022-04-25,12,AR1 alpha + Basic + One-Step,NYSE:VMI,0.0
2022-04-26,12,AR1 alpha + Basic + One-Step,NYSE:VMI,0.0
2022-04-27,12,AR1 alpha + Basic + One-Step,NYSE:VMI,0.0
2022-04-28,12,AR1 alpha + Basic + One-Step,NYSE:VMI,0.0
2022-04-29,12,AR1 alpha + Basic + One-Step,NYSE:VMI,0.0
2022-05-02,12,AR1 alpha + Basic + One-Step,NYSE:VMI,0.0
2022-05-03,12,AR1 alpha + Basic + One-Step,NYSE:VMI,0.0
2022-05-04,12,AR1 alpha + Basic + One-Step,NYSE:VMI,7.084415237078196e-07
2022-05-05,12,AR1 alpha + Basic + One-Step,NYSE:VMI,0.0
2022-05-06,12,AR1 alpha + Basic + One-Step,NYSE:VMI,0.0
2022-05-09,12,AR1 alpha + Basic + One-Step,NYSE:VMI,0.0
2022-05-10,12,AR1 alpha + Basic + One-Step,NYSE:VMI,0.0
2022-05-11,12,AR1 alpha + Basic + One-Step,NYSE:VMI,0.0
2022-05-12,12,AR1 alpha + Basic + One-Step,NYSE:VMI,2.120694927575962e-08
2022-05-13,12,AR1 alpha + Basic + One-Step,NYSE:VMI,0.0
2022-05-16,12,AR1 alpha + Basic + One-Step,NYSE:VMI,5.994318345687537e-07
2022-05-17,12,AR1 alpha + Basic + One-Step,NYSE:VMI,9.393082085401234e-08
2022-05-18,12,AR1 alpha + Basic + One-Step,NYSE:VMI,1.8247557057169192e-08
2022-05-19,12,AR1 alpha + Basic + One-Step,NYSE:VMI,0.0
2022-05-20,12,AR1 alpha + Basic + One-Step,NYSE:VMI,0.0
2022-05-23,12,AR1 alpha + Basic + One-Step,NYSE:VMI,8.717617047437683e-08
2022-05-24,12,AR1 alpha + Basic + One-Step,NYSE:VMI,0.0
2022-05-25,12,AR1 alpha + Basic + One-Step,NYSE:VMI,2.1342595204369563e-07
2022-05-26,12,AR1 alpha + Basic + One-Step,NYSE:VMI,0.02586943906050532
2022-05-27,12,AR1 alpha + Basic + One-Step,NYSE:VMI,0.06475544000728414
2022-05-31,12,AR1 alpha + Basic + One-Step,NYSE:VMI,0.0
2022-06-01,12,AR1 alpha + Basic + One-Step,NYSE:VMI,0.0
2022-06-02,12,AR1 alpha + Basic + One-Step,NYSE:VMI,0.008661692615047479
2022-06-03,12,AR1 alpha + Basic + One-Step,NYSE:VMI,0.0
2022-06-06,12,AR1 alpha + Basic + One-Step,NYSE:VMI,0.0
2022-06-07,12,AR1 alpha + Basic + One-Step,NYSE:VMI,0.0
2022-06-08,12,AR1 alpha + Basic + One-Step,NYSE:VMI,3.780413187254105e-07
2022-06-09,12,AR1 alpha + Basic + One-Step,NYSE:VMI,0.0
2022-06-10,12,AR1 alpha + Basic + One-Step,NYSE:VMI,9.292306629000903e-08
2022-06-13,12,AR1 alpha + Basic + One-Step,NYSE:VMI,3.572778497224747e-07
2022-06-14,12,AR1 alpha + Basic + One-Step,NYSE:VMI,2.400256649667947e-07
2022-06-15,12,AR1 alpha + Basic + One-Step,NYSE:VMI,0.0
2022-06-16,12,AR1 alpha + Basic + One-Step,NYSE:VMI,0.0
2022-06-17,12,AR1 alpha + Basic + One-Step,NYSE:VMI,0.0
2022-06-21,12,AR1 alpha + Basic + One-Step,NYSE:VMI,1.286933287419554e-06
2022-06-22,12,AR1 alpha + Basic + One-Step,NYSE:VMI,7.451042995670867e-07
2022-06-23,12,AR1 alpha + Basic + One-Step,NYSE:VMI,0.0
2022-06-24,12,AR1 alpha + Basic + One-Step,NYSE:VMI,0.0
2022-06-27,12,AR1 alpha + Basic + One-Step,NYSE:VMI,0.0
2022-06-28,12,AR1 alpha + Basic + One-Step,NYSE:VMI,0.0
2022-06-29,12,AR1 alpha + Basic + One-Step,NYSE:VMI,0.0
2022-06-30,12,AR1 alpha + Basic + One-Step,NYSE:VMI,0.0
2022-07-01,12,AR1 alpha + Basic + One-Step,NYSE:VMI,0.0
2022-07-05,12,AR1 alpha + Basic + One-Step,NYSE:VMI,0.0
2022-07-06,12,AR1 alpha + Basic + One-Step,NYSE:VMI,0.0
2022-07-07,12,AR1 alpha + Basic + One-Step,NYSE:VMI,0.0
2022-07-08,12,AR1 alpha + Basic + One-Step,NYSE:VMI,0.0
2022-07-11,12,AR1 alpha + Basic + One-Step,NYSE:VMI,0.0
2022-07-12,12,AR1 alpha + Basic + One-Step,NYSE:VMI,3.045746193852814e-07
2022-07-13,12,AR1 alpha + Basic + One-Step,NYSE:VMI,5.274590455906015e-07
2022-07-14,12,AR1 alpha + Basic + One-Step,NYSE:VMI,0.0
2022-07-15,12,AR1 alpha + Basic + One-Step,NYSE:VMI,0.011646923346393995
2022-07-18,12,AR1 alpha + Basic + One-Step,NYSE:VMI,0.0
2022-07-19,12,AR1 alpha + Basic + One-Step,NYSE:VMI,0.09458714964642556
2022-07-20,12,AR1 alpha + Basic + One-Step,NYSE:VMI,0.09999617121299438
2022-07-21,12,AR1 alpha + Basic + One-Step,NYSE:VMI,0.09999808980815258
2022-07-22,12,AR1 alpha + Basic + One-Step,NYSE:VMI,0.09999848790101758
2022-07-25,12,AR1 alpha + Basic + One-Step,NYSE:VMI,0.09999907086487801
2022-07-26,12,AR1 alpha + Basic + One-Step,NYSE:VMI,0.09999940046669191
2022-07-27,12,AR1 alpha + Basic + One-Step,NYSE:VMI,0.09999887465493068
2022-07-28,12,AR1 alpha + Basic + One-Step,NYSE:VMI,0.09999756755548755
2022-07-29,12,AR1 alpha + Basic + One-Step,NYSE:VMI,0.09999751664560604
2022-08-01,12,AR1 alpha + Basic + One-Step,NYSE:VMI,0.09999798124223763
2022-08-02,12,AR1 alpha + Basic + One-Step,NYSE:VMI,0.09999842362830223
2022-08-03,12,AR1 alpha + Basic + One-Step,NYSE:VMI,0.0999958744120016
2022-08-04,12,AR1 alpha + Basic + One-Step,NYSE:VMI,0.09999619223483652
2022-08-05,12,AR1 alpha + Basic + One-Step,NYSE:VMI,0.09999619429047521
2022-08-08,12,AR1 alpha + Basic + One-Step,NYSE:VMI,0.09999740308052671
2022-08-09,12,AR1 alpha + Basic + One-Step,NYSE:VMI,0.09999813403509022
2022-08-10,12,AR1 alpha + Basic + One-Step,NYSE:VMI,0.0999982835513219
2022-08-11,12,AR1 alpha + Basic + One-Step,NYSE:VMI,0.09999861628489735
2022-08-12,12,AR1 alpha + Basic + One-Step,NYSE:VMI,0.09999871221906999
2022-08-15,12,AR1 alpha + Basic + One-Step,NYSE:VMI,0.09999635078187576
2022-08-16,12,AR1 alpha + Basic + One-Step,NYSE:VMI,0.09999743825945855
2022-08-17,12,AR1 alpha + Basic + One-Step,NYSE:VMI,0.04686562466423842
2022-08-18,12,AR1 alpha + Basic + One-Step,NYSE:VMI,0.0999991315174811
2022-08-19,12,AR1 alpha + Basic + One-Step,NYSE:VMI,0.07379156494985072
2022-08-22,12,AR1 alpha + Basic + One-Step,NYSE:VMI,0.0
2022-08-23,12,AR1 alpha + Basic + One-Step,NYSE:VMI,0.0
2022-08-24,12,AR1 alpha + Basic + One-Step,NYSE:VMI,0.00018913788639133466
2022-08-25,12,AR1 alpha + Basic + One-Step,NYSE:VMI,0.04340341371438157
2022-08-26,12,AR1 alpha + Basic + One-Step,NYSE:VMI,0.0
2022-08-29,12,AR1 alpha + Basic + One-Step,NYSE:VMI,0.0
2022-08-30,12,AR1 alpha + Basic + One-Step,NYSE:VMI,0.0
2022-08-31,12,AR1 alpha + Basic + One-Step,NYSE:VMI,0.0
2022-09-01,12,AR1 alpha + Basic + One-Step,NYSE:VMI,0.0
2022-09-02,12,AR1 alpha + Basic + One-Step,NYSE:VMI,0.0
2022-09-06,12,AR1 alpha + Basic + One-Step,NYSE:VMI,0.0
2022-09-07,12,AR1 alpha + Basic + One-Step,NYSE:VMI,0.09999504759234448
2022-09-08,12,AR1 alpha + Basic + One-Step,NYSE:VMI,0.09999715593523015
2022-09-09,12,AR1 alpha + Basic + One-Step,NYSE:VMI,0.09999700770099182
2022-09-12,12,AR1 alpha + Basic + One-Step,NYSE:VMI,0.09999836806389222
2022-09-13,12,AR1 alpha + Basic + One-Step,NYSE:VMI,0.09999879327183654
2022-09-14,12,AR1 alpha + Basic + One-Step,NYSE:VMI,0.06313447676929794
2022-09-15,12,AR1 alpha + Basic + One-Step,NYSE:VMI,0.0
2022-09-16,12,AR1 alpha + Basic + One-Step,NYSE:VMI,4.728386554556891e-08
2022-09-19,12,AR1 alpha + Basic + One-Step,NYSE:VMI,0.0
2022-09-20,12,AR1 alpha + Basic + One-Step,NYSE:VMI,1.342300080245303e-07
2022-09-21,12,AR1 alpha + Basic + One-Step,NYSE:VMI,0.0
2022-09-22,12,AR1 alpha + Basic + One-Step,NYSE:VMI,0.0
2022-09-23,12,AR1 alpha + Basic + One-Step,NYSE:VMI,0.0
2022-09-26,12,AR1 alpha + Basic + One-Step,NYSE:VMI,4.547321971160913e-09
2022-09-27,12,AR1 alpha + Basic + One-Step,NYSE:VMI,0.0
2022-09-28,12,AR1 alpha + Basic + One-Step,NYSE:VMI,0.09999893097527479
2022-09-29,12,AR1 alpha + Basic + One-Step,NYSE:VMI,0.0999992482503857
2022-09-30,12,AR1 alpha + Basic + One-Step,NYSE:VMI,0.09999869673067156
2022-10-03,12,AR1 alpha + Basic + One-Step,NYSE:VMI,0.09999437609377113
2022-10-04,12,AR1 alpha + Basic + One-Step,NYSE:VMI,0.09999577579667872
2022-10-05,12,AR1 alpha + Basic + One-Step,NYSE:VMI,0.09999773637249787
2022-10-06,12,AR1 alpha + Basic + One-Step,NYSE:VMI,0.09999469739303553
2022-10-07,12,AR1 alpha + Basic + One-Step,NYSE:VMI,0.09999704991866457
2022-10-10,12,AR1 alpha + Basic + One-Step,NYSE:VMI,0.09999813148589899
2022-10-11,12,AR1 alpha + Basic + One-Step,NYSE:VMI,0.09999771287975132
2022-10-12,12,AR1 alpha + Basic + One-Step,NYSE:VMI,0.09999869068425601
2022-10-13,12,AR1 alpha + Basic + One-Step,NYSE:VMI,0.09999920310518531
2022-10-14,12,AR1 alpha + Basic + One-Step,NYSE:VMI,0.09999976219864368
2022-10-17,12,AR1 alpha + Basic + One-Step,NYSE:VMI,0.09999392994651103
2022-10-18,12,AR1 alpha + Basic + One-Step,NYSE:VMI,0.09999380624071642
2022-10-19,12,AR1 alpha + Basic + One-Step,NYSE:VMI,0.09999658744788062
2022-10-20,12,AR1 alpha + Basic + One-Step,NYSE:VMI,0.0999980764094425
2022-10-21,12,AR1 alpha + Basic + One-Step,NYSE:VMI,0.09999872559410505
2022-10-24,12,AR1 alpha + Basic + One-Step,NYSE:VMI,0.09999899610034543
2022-10-25,12,AR1 alpha + Basic + One-Step,NYSE:VMI,0.0999907812944426
2022-10-26,12,AR1 alpha + Basic + One-Step,NYSE:VMI,0.09998536344246148
2022-10-27,12,AR1 alpha + Basic + One-Step,NYSE:VMI,0.09999233499480578
2022-10-28,12,AR1 alpha + Basic + One-Step,NYSE:VMI,0.09999615492463666
2022-10-31,12,AR1 alpha + Basic + One-Step,NYSE:VMI,0.09999807370983961
2022-11-01,12,AR1 alpha + Basic + One-Step,NYSE:VMI,0.09999561939461676
2022-11-02,12,AR1 alpha + Basic + One-Step,NYSE:VMI,0.0999985431243285
2022-11-03,12,AR1 alpha + Basic + One-Step,NYSE:VMI,0.10000044187153494
2022-11-04,12,AR1 alpha + Basic + One-Step,NYSE:VMI,0.10000069679343838
2022-11-07,12,AR1 alpha + Basic + One-Step,NYSE:VMI,0.10000007122034042
2022-11-08,12,AR1 alpha + Basic + One-Step,NYSE:VMI,0.09999733057337726
2022-11-09,12,AR1 alpha + Basic + One-Step,NYSE:VMI,0.09999329750460235
2022-11-10,12,AR1 alpha + Basic + One-Step,NYSE:VMI,0.09999545685059942
2022-11-11,12,AR1 alpha + Basic + One-Step,NYSE:VMI,0.09999755823085828
2022-11-14,12,AR1 alpha + Basic + One-Step,NYSE:VMI,0.09999203476850092
2022-11-15,12,AR1 alpha + Basic + One-Step,NYSE:VMI,0.09999053500061685
2022-11-16,12,AR1 alpha + Basic + One-Step,NYSE:VMI,0.09999458387973359
2022-11-17,12,AR1 alpha + Basic + One-Step,NYSE:VMI,0.09999213953407772
2022-11-18,12,AR1 alpha + Basic + One-Step,NYSE:VMI,0.09999678451528964
2022-11-21,12,AR1 alpha + Basic + One-Step,NYSE:VMI,0.09999885545901674
2022-11-22,12,AR1 alpha + Basic + One-Step,NYSE:VMI,0.09999916122080739
2022-11-23,12,AR1 alpha + Basic + One-Step,NYSE:VMI,0.09999934373926227
2022-11-25,12,AR1 alpha + Basic + One-Step,NYSE:VMI,0.09999939429534865
2022-11-28,12,AR1 alpha + Basic + One-Step,NYSE:VMI,0.09999826586263659
2022-11-29,12,AR1 alpha + Basic + One-Step,NYSE:VMI,0.09999769482619238
2022-11-30,12,AR1 alpha + Basic + One-Step,NYSE:VMI,0.09999881866854361
2022-12-01,12,AR1 alpha + Basic + One-Step,NYSE:VMI,0.09999867353359225
2022-12-02,12,AR1 alpha + Basic + One-Step,NYSE:VMI,0.09999360227118377
2022-12-05,12,AR1 alpha + Basic + One-Step,NYSE:VMI,0.09999637678927785
2022-12-06,12,AR1 alpha + Basic + One-Step,NYSE:VMI,0.09999705548955448
2022-12-07,12,AR1 alpha + Basic + One-Step,NYSE:VMI,0.09999689712235375
2022-12-08,12,AR1 alpha + Basic + One-Step,NYSE:VMI,0.09999613019550627
2022-12-09,12,AR1 alpha + Basic + One-Step,NYSE:VMI,0.09999478442374403
2022-12-12,12,AR1 alpha + Basic + One-Step,NYSE:VMI,0.09999785782859524
2022-12-13,12,AR1 alpha + Basic + One-Step,NYSE:VMI,0.09999758216882691
2022-12-14,12,AR1 alpha + Basic + One-Step,NYSE:VMI,0.09999924252255535
2022-12-15,12,AR1 alpha + Basic + One-Step,NYSE:VMI,0.09999543092248364
2022-12-16,12,AR1 alpha + Basic + One-Step,NYSE:VMI,0.09999575886350134
2022-12-19,12,AR1 alpha + Basic + One-Step,NYSE:VMI,0.09999621649329431
2022-12-20,12,AR1 alpha + Basic + One-Step,NYSE:VMI,0.09999781592757943
2022-12-21,12,AR1 alpha + Basic + One-Step,NYSE:VMI,0.09999905040130158
2022-12-22,12,AR1 alpha + Basic + One-Step,NYSE:VMI,0.0999990496873508
2022-12-23,12,AR1 alpha + Basic + One-Step,NYSE:VMI,0.09999927509347682
2022-12-27,12,AR1 alpha + Basic + One-Step,NYSE:VMI,0.10000012150344954
2022-12-28,12,AR1 alpha + Basic + One-Step,NYSE:VMI,0.09999735155816568
2022-12-29,12,AR1 alpha + Basic + One-Step,NYSE:VMI,0.09999865285600489
2022-12-30,12,AR1 alpha + Basic + One-Step,NYSE:VMI,0.09999646108887968
2023-01-03,12,AR1 alpha + Basic + One-Step,NYSE:VMI,0.099998054362058
2023-01-04,12,AR1 alpha + Basic + One-Step,NYSE:VMI,0.0999987463818226
2023-01-05,12,AR1 alpha + Basic + One-Step,NYSE:VMI,0.0999951600642684
2023-01-06,12,AR1 alpha + Basic + One-Step,NYSE:VMI,0.09999675111142141
2023-01-09,12,AR1 alpha + Basic + One-Step,NYSE:VMI,0.09999565006635448
2023-01-10,12,AR1 alpha + Basic + One-Step,NYSE:VMI,0.09999519576777456
2023-01-11,12,AR1 alpha + Basic + One-Step,NYSE:VMI,0.09999681335743138
2023-01-12,12,AR1 alpha + Basic + One-Step,NYSE:VMI,0.09999613226176249
2023-01-13,12,AR1 alpha + Basic + One-Step,NYSE:VMI,0.09999778126610742
2023-01-17,12,AR1 alpha + Basic + One-Step,NYSE:VMI,0.09999541807583899
2023-01-18,12,AR1 alpha + Basic + One-Step,NYSE:VMI,0.09999138321232166
2023-01-19,12,AR1 alpha + Basic + One-Step,NYSE:VMI,0.09999106173304052
2023-01-20,12,AR1 alpha + Basic + One-Step,NYSE:VMI,0.09999619225438958
2023-01-23,12,AR1 alpha + Basic + One-Step,NYSE:VMI,0.09999757866984237
2023-01-24,12,AR1 alpha + Basic + One-Step,NYSE:VMI,0.09999104646185063
2023-01-25,12,AR1 alpha + Basic + One-Step,NYSE:VMI,0.09999593768950918
2023-01-26,12,AR1 alpha + Basic + One-Step,NYSE:VMI,0.09999743350606755
2023-01-27,12,AR1 alpha + Basic + One-Step,NYSE:VMI,0.09999864369575114
2023-01-30,12,AR1 alpha + Basic + One-Step,NYSE:VMI,0.09999910046592513
2023-01-31,12,AR1 alpha + Basic + One-Step,NYSE:VMI,0.09999914793983329
2023-02-01,12,AR1 alpha + Basic + One-Step,NYSE:VMI,0.09999894183587678
2023-02-02,12,AR1 alpha + Basic + One-Step,NYSE:VMI,0.1000001090354236
2023-02-03,12,AR1 alpha + Basic + One-Step,NYSE:VMI,0.0999998498802513
2023-02-06,12,AR1 alpha + Basic + One-Step,NYSE:VMI,0.09999758725526417
2023-02-07,12,AR1 alpha + Basic + One-Step,NYSE:VMI,0.09999877129583232
2023-02-08,12,AR1 alpha + Basic + One-Step,NYSE:VMI,0.09999911614295644
2023-02-09,12,AR1 alpha + Basic + One-Step,NYSE:VMI,0.09999111822227284
2023-02-10,12,AR1 alpha + Basic + One-Step,NYSE:VMI,0.09999678983247574
2023-02-13,12,AR1 alpha + Basic + One-Step,NYSE:VMI,0.09999839421018931
2023-02-14,12,AR1 alpha + Basic + One-Step,NYSE:VMI,0.09999942648086617
2023-02-15,12,AR1 alpha + Basic + One-Step,NYSE:VMI,0.099997002146256
2023-02-16,12,AR1 alpha + Basic + One-Step,NYSE:VMI,0.09999896001019504
2023-02-17,12,AR1 alpha + Basic + One-Step,NYSE:VMI,0.09999947253406591
2023-02-21,12,AR1 alpha + Basic + One-Step,NYSE:VMI,0.09999952556859268
2023-02-22,12,AR1 alpha + Basic + One-Step,NYSE:VMI,0.0999966821615175
2023-02-23,12,AR1 alpha + Basic + One-Step,NYSE:VMI,0.09999836773650558
2023-02-24,12,AR1 alpha + Basic + One-Step,NYSE:VMI,0.09999264008428126
2023-02-27,12,AR1 alpha + Basic + One-Step,NYSE:VMI,0.09999575530997414
2023-02-28,12,AR1 alpha + Basic + One-Step,NYSE:VMI,0.09999759598734015
2023-03-01,12,AR1 alpha + Basic + One-Step,NYSE:VMI,0.09999893460845714
2023-03-02,12,AR1 alpha + Basic + One-Step,NYSE:VMI,0.09999954811092865
2023-03-03,12,AR1 alpha + Basic + One-Step,NYSE:VMI,0.09999223105144402
2023-03-06,12,AR1 alpha + Basic + One-Step,NYSE:VMI,0.09999273933490983
2023-03-07,12,AR1 alpha + Basic + One-Step,NYSE:VMI,0.0999967768252826
2023-03-08,12,AR1 alpha + Basic + One-Step,NYSE:VMI,0.09999863162775018
2023-03-09,12,AR1 alpha + Basic + One-Step,NYSE:VMI,0.09999492358735161
2023-03-10,12,AR1 alpha + Basic + One-Step,NYSE:VMI,0.09999686150545348
2023-03-13,12,AR1 alpha + Basic + One-Step,NYSE:VMI,0.09999803057979845
2023-03-14,12,AR1 alpha + Basic + One-Step,NYSE:VMI,0.09999447103074868
2023-03-15,12,AR1 alpha + Basic + One-Step,NYSE:VMI,0.09999639037153579
2023-03-16,12,AR1 alpha + Basic + One-Step,NYSE:VMI,0.09999849119288153
2023-03-17,12,AR1 alpha + Basic + One-Step,NYSE:VMI,0.09999875353030967
2023-03-20,12,AR1 alpha + Basic + One-Step,NYSE:VMI,0.10000047745024945
2023-03-21,12,AR1 alpha + Basic + One-Step,NYSE:VMI,0.10000009756210293
2023-03-22,12,AR1 alpha + Basic + One-Step,NYSE:VMI,0.09999988267740094
2023-03-23,12,AR1 alpha + Basic + One-Step,NYSE:VMI,0.10000000700214794
2023-03-24,12,AR1 alpha + Basic + One-Step,NYSE:VMI,0.09999999933006545
2023-03-27,12,AR1 alpha + Basic + One-Step,NYSE:VMI,0.09999593908351447
2023-03-28,12,AR1 alpha + Basic + One-Step,NYSE:VMI,0.0999977258007447
2023-03-29,12,AR1 alpha + Basic + One-Step,NYSE:VMI,0.09999864733675308
2023-03-30,12,AR1 alpha + Basic + One-Step,NYSE:VMI,0.09999806411480847
2023-03-31,12,AR1 alpha + Basic + One-Step,NYSE:VMI,0.09999931678383013
2023-04-03,12,AR1 alpha + Basic + One-Step,NYSE:VMI,0.09999276883519324
2023-04-04,12,AR1 alpha + Basic + One-Step,NYSE:VMI,0.09999184819502298
2023-04-05,12,AR1 alpha + Basic + One-Step,NYSE:VMI,0.0999956368622867
2023-04-06,12,AR1 alpha + Basic + One-Step,NYSE:VMI,0.09999799764462114
2023-04-10,12,AR1 alpha + Basic + One-Step,NYSE:VMI,0.09998885890435277
2023-04-11,12,AR1 alpha + Basic + One-Step,NYSE:VMI,0.09999408185395865
2023-04-12,12,AR1 alpha + Basic + One-Step,NYSE:VMI,0.09999526774456241
2023-04-13,12,AR1 alpha + Basic + One-Step,NYSE:VMI,0.09999754921286926
2023-04-14,12,AR1 alpha + Basic + One-Step,NYSE:VMI,0.09999869954722655
2023-04-17,12,AR1 alpha + Basic + One-Step,NYSE:VMI,0.09999925083776771
2023-04-18,12,AR1 alpha + Basic + One-Step,NYSE:VMI,0.09999722367137967
2023-04-19,12,AR1 alpha + Basic + One-Step,NYSE:VMI,0.09999860013936808
2023-04-20,12,AR1 alpha + Basic + One-Step,NYSE:VMI,0.09999928325366216
2023-04-21,12,AR1 alpha + Basic + One-Step,NYSE:VMI,0.0999997098001602
2023-04-24,12,AR1 alpha + Basic + One-Step,NYSE:VMI,0.09999310295581072
2023-04-25,12,AR1 alpha + Basic + One-Step,NYSE:VMI,0.09999197304319485
2023-04-26,12,AR1 alpha + Basic + One-Step,NYSE:VMI,0.09999197327357266
2023-04-27,12,AR1 alpha + Basic + One-Step,NYSE:VMI,0.09999686523820575
2023-04-28,12,AR1 alpha + Basic + One-Step,NYSE:VMI,0.09999847561035616
2023-05-01,12,AR1 alpha + Basic + One-Step,NYSE:VMI,0.09999928127649685
2023-05-02,12,AR1 alpha + Basic + One-Step,NYSE:VMI,0.09999973771121835
2023-05-03,12,AR1 alpha + Basic + One-Step,NYSE:VMI,0.09999854149971067
2023-05-04,12,AR1 alpha + Basic + One-Step,NYSE:VMI,0.09999616924157763
2023-05-05,12,AR1 alpha + Basic + One-Step,NYSE:VMI,0.0999981592182996
2023-05-08,12,AR1 alpha + Basic + One-Step,NYSE:VMI,0.08637130940572244
2023-05-09,12,AR1 alpha + Basic + One-Step,NYSE:VMI,0.05347569641585495
2023-05-10,12,AR1 alpha + Basic + One-Step,NYSE:VMI,0.04693817143096686
2023-05-11,12,AR1 alpha + Basic + One-Step,NYSE:VMI,0.037840503433451626
2023-05-12,12,AR1 alpha + Basic + One-Step,NYSE:VMI,0.0036878997131322994
2023-05-15,12,AR1 alpha + Basic + One-Step,NYSE:VMI,0.017603125819418985
2023-05-16,12,AR1 alpha + Basic + One-Step,NYSE:VMI,0.09999523131625787
2023-05-17,12,AR1 alpha + Basic + One-Step,NYSE:VMI,0.04087758167990467
2023-05-18,12,AR1 alpha + Basic + One-Step,NYSE:VMI,0.0
2023-05-19,12,AR1 alpha + Basic + One-Step,NYSE:VMI,0.032260966509291236
2023-05-22,12,AR1 alpha + Basic + One-Step,NYSE:VMI,0.007774658568296761
2023-05-23,12,AR1 alpha + Basic + One-Step,NYSE:VMI,0.03856236686315173
2023-05-24,12,AR1 alpha + Basic + One-Step,NYSE:VMI,0.04898132917188007
2023-05-25,12,AR1 alpha + Basic + One-Step,NYSE:VMI,2.4098338922402965e-08
2023-05-26,12,AR1 alpha + Basic + One-Step,NYSE:VMI,0.0
2023-05-30,12,AR1 alpha + Basic + One-Step,NYSE:VMI,0.0
2023-05-31,12,AR1 alpha + Basic + One-Step,NYSE:VMI,0.0
2023-06-01,12,AR1 alpha + Basic + One-Step,NYSE:VMI,6.575006514450676e-09
2023-06-02,12,AR1 alpha + Basic + One-Step,NYSE:VMI,0.0
2023-06-05,12,AR1 alpha + Basic + One-Step,NYSE:VMI,0.0
2023-06-06,12,AR1 alpha + Basic + One-Step,NYSE:VMI,1.2738195450167808e-06
2023-06-07,12,AR1 alpha + Basic + One-Step,NYSE:VMI,7.012375787845451e-07
2023-06-08,12,AR1 alpha + Basic + One-Step,NYSE:VMI,4.4959682050266753e-07
2023-06-09,12,AR1 alpha + Basic + One-Step,NYSE:VMI,1.115367047056087e-06
2023-06-12,12,AR1 alpha + Basic + One-Step,NYSE:VMI,0.0
2023-06-13,12,AR1 alpha + Basic + One-Step,NYSE:VMI,1.0458229937913502e-07
2023-06-14,12,AR1 alpha + Basic + One-Step,NYSE:VMI,1.176759533125889e-07
2023-06-15,12,AR1 alpha + Basic + One-Step,NYSE:VMI,0.0
2023-06-16,12,AR1 alpha + Basic + One-Step,NYSE:VMI,4.3422155187843886e-08
2023-06-20,12,AR1 alpha + Basic + One-Step,NYSE:VMI,0.0
2023-06-21,12,AR1 alpha + Basic + One-Step,NYSE:VMI,0.0
2023-06-22,12,AR1 alpha + Basic + One-Step,NYSE:VMI,0.0
2023-06-23,12,AR1 alpha + Basic + One-Step,NYSE:VMI,0.0
2023-06-26,12,AR1 alpha + Basic + One-Step,NYSE:VMI,1.1388091195175328e-06
2023-06-27,12,AR1 alpha + Basic + One-Step,NYSE:VMI,0.0
2023-06-28,12,AR1 alpha + Basic + One-Step,NYSE:VMI,0.0
2023-06-29,12,AR1 alpha + Basic + One-Step,NYSE:VMI,0.04405033881105446
2023-06-30,12,AR1 alpha + Basic + One-Step,NYSE:VMI,0.08900826479744514
2023-07-03,12,AR1 alpha + Basic + One-Step,NYSE:VMI,0.05242186230270453
2023-07-05,12,AR1 alpha + Basic + One-Step,NYSE:VMI,0.10000105427331747
2023-07-06,12,AR1 alpha + Basic + One-Step,NYSE:VMI,0.09999566751369782
2023-07-07,12,AR1 alpha + Basic + One-Step,NYSE:VMI,0.08684953658624207
2023-07-10,12,AR1 alpha + Basic + One-Step,NYSE:VMI,0.05999596668472543
2023-07-11,12,AR1 alpha + Basic + One-Step,NYSE:VMI,0.09999933142354636
2023-07-12,12,AR1 alpha + Basic + One-Step,NYSE:VMI,0.0
2023-07-13,12,AR1 alpha + Basic + One-Step,NYSE:VMI,0.0999983820482054
2023-07-14,12,AR1 alpha + Basic + One-Step,NYSE:VMI,0.09999921982665304
2023-07-17,12,AR1 alpha + Basic + One-Step,NYSE:VMI,0.10000095280313145
2023-07-18,12,AR1 alpha + Basic + One-Step,NYSE:VMI,0.06836804321538514
2023-07-19,12,AR1 alpha + Basic + One-Step,NYSE:VMI,0.08894354471709531
2023-07-20,12,AR1 alpha + Basic + One-Step,NYSE:VMI,0.057107070213189684
2023-07-21,12,AR1 alpha + Basic + One-Step,NYSE:VMI,0.06267222273433222
2023-07-24,12,AR1 alpha + Basic + One-Step,NYSE:VMI,0.0
2023-07-25,12,AR1 alpha + Basic + One-Step,NYSE:VMI,0.0
2023-07-26,12,AR1 alpha + Basic + One-Step,NYSE:VMI,0.0
2023-07-27,12,AR1 alpha + Basic + One-Step,NYSE:VMI,0.09999430362995962
2023-07-28,12,AR1 alpha + Basic + One-Step,NYSE:VMI,0.09999429144188232
2023-07-31,12,AR1 alpha + Basic + One-Step,NYSE:VMI,0.03161360520598577
2023-08-01,12,AR1 alpha + Basic + One-Step,NYSE:VMI,1.5418036223644287e-08
2023-08-02,12,AR1 alpha + Basic + One-Step,NYSE:VMI,9.771519840548502e-09
2023-08-03,12,AR1 alpha + Basic + One-Step,NYSE:VMI,0.09999396442486644
2023-08-04,12,AR1 alpha + Basic + One-Step,NYSE:VMI,0.038718558937910076
2023-08-07,12,AR1 alpha + Basic + One-Step,NYSE:VMI,0.0
2023-08-08,12,AR1 alpha + Basic + One-Step,NYSE:VMI,0.031062747047108118
2023-08-09,12,AR1 alpha + Basic + One-Step,NYSE:VMI,0.0
2023-08-10,12,AR1 alpha + Basic + One-Step,NYSE:VMI,0.0
2023-08-11,12,AR1 alpha + Basic + One-Step,NYSE:VMI,0.0
2023-08-14,12,AR1 alpha + Basic + One-Step,NYSE:VMI,0.0
2023-08-15,12,AR1 alpha + Basic + One-Step,NYSE:VMI,0.0
2023-08-16,12,AR1 alpha + Basic + One-Step,NYSE:VMI,0.0
2023-08-17,12,AR1 alpha + Basic + One-Step,NYSE:VMI,0.0
2023-08-18,12,AR1 alpha + Basic + One-Step,NYSE:VMI,0.0
2023-08-21,12,AR1 alpha + Basic + One-Step,NYSE:VMI,3.235621378688284e-09
2023-08-22,12,AR1 alpha + Basic + One-Step,NYSE:VMI,0.0
2023-08-23,12,AR1 alpha + Basic + One-Step,NYSE:VMI,1.1333345470184108e-07
2023-08-24,12,AR1 alpha + Basic + One-Step,NYSE:VMI,0.0
2023-08-25,12,AR1 alpha + Basic + One-Step,NYSE:VMI,1.2804616654212917e-07
2023-08-28,12,AR1 alpha + Basic + One-Step,NYSE:VMI,0.0
2023-08-29,12,AR1 alpha + Basic + One-Step,NYSE:VMI,0.0
2023-08-30,12,AR1 alpha + Basic + One-Step,NYSE:VMI,0.0
2023-08-31,12,AR1 alpha + Basic + One-Step,NYSE:VMI,1.2503613097531825e-08
2023-09-01,12,AR1 alpha + Basic + One-Step,NYSE:VMI,0.0
2023-09-05,12,AR1 alpha + Basic + One-Step,NYSE:VMI,0.0
2023-09-06,12,AR1 alpha + Basic + One-Step,NYSE:VMI,1.3050927634620107e-08
2023-09-07,12,AR1 alpha + Basic + One-Step,NYSE:VMI,1.9582574488581157e-06
2023-09-08,12,AR1 alpha + Basic + One-Step,NYSE:VMI,2.082469260097213e-06
2023-09-11,12,AR1 alpha + Basic + One-Step,NYSE:VMI,9.702670408956797e-07
2023-09-12,12,AR1 alpha + Basic + One-Step,NYSE:VMI,2.74296146000483e-06
2023-09-13,12,AR1 alpha + Basic + One-Step,NYSE:VMI,0.0
2023-09-14,12,AR1 alpha + Basic + One-Step,NYSE:VMI,0.0
2023-09-15,12,AR1 alpha + Basic + One-Step,NYSE:VMI,0.0
2023-09-18,12,AR1 alpha + Basic + One-Step,NYSE:VMI,0.0
2023-09-19,12,AR1 alpha + Basic + One-Step,NYSE:VMI,1.206433421436578e-08
2023-09-20,12,AR1 alpha + Basic + One-Step,NYSE:VMI,0.0
2023-09-21,12,AR1 alpha + Basic + One-Step,NYSE:VMI,0.0
2023-09-22,12,AR1 alpha + Basic + One-Step,NYSE:VMI,0.0
2023-09-25,12,AR1 alpha + Basic + One-Step,NYSE:VMI,0.0
2023-09-26,12,AR1 alpha + Basic + One-Step,NYSE:VMI,0.0
2023-09-27,12,AR1 alpha + Basic + One-Step,NYSE:VMI,0.0
2023-09-28,12,AR1 alpha + Basic + One-Step,NYSE:VMI,2.4605314322721702e-08
2023-09-29,12,AR1 alpha + Basic + One-Step,NYSE:VMI,1.4560207784323016e-08
2023-10-02,12,AR1 alpha + Basic + One-Step,NYSE:VMI,0.0
2023-10-03,12,AR1 alpha + Basic + One-Step,NYSE:VMI,0.0
2023-10-04,12,AR1 alpha + Basic + One-Step,NYSE:VMI,0.0
2023-10-05,12,AR1 alpha + Basic + One-Step,NYSE:VMI,0.0
2023-10-06,12,AR1 alpha + Basic + One-Step,NYSE:VMI,0.0
2023-10-09,12,AR1 alpha + Basic + One-Step,NYSE:VMI,2.592971392547164e-08
2023-10-10,12,AR1 alpha + Basic + One-Step,NYSE:VMI,0.0
2023-10-11,12,AR1 alpha + Basic + One-Step,NYSE:VMI,1.7777399030255434e-08
2023-10-12,12,AR1 alpha + Basic + One-Step,NYSE:VMI,0.0
2023-10-13,12,AR1 alpha + Basic + One-Step,NYSE:VMI,0.0
2023-10-16,12,AR1 alpha + Basic + One-Step,NYSE:VMI,1.854357960290178e-08
2023-10-17,12,AR1 alpha + Basic + One-Step,NYSE:VMI,1.0849124712141342e-06
2023-10-18,12,AR1 alpha + Basic + One-Step,NYSE:VMI,0.0
2023-10-19,12,AR1 alpha + Basic + One-Step,NYSE:VMI,0.0
2023-10-20,12,AR1 alpha + Basic + One-Step,NYSE:VMI,0.0
2023-10-23,12,AR1 alpha + Basic + One-Step,NYSE:VMI,0.0
2023-10-24,12,AR1 alpha + Basic + One-Step,NYSE:VMI,0.0
2023-10-25,12,AR1 alpha + Basic + One-Step,NYSE:VMI,1.5311906856484023e-07
2023-10-26,12,AR1 alpha + Basic + One-Step,NYSE:VMI,0.099996657680832
2023-10-27,12,AR1 alpha + Basic + One-Step,NYSE:VMI,0.09999407759243359
2023-10-30,12,AR1 alpha + Basic + One-Step,NYSE:VMI,0.0999971179955358
2023-10-31,12,AR1 alpha + Basic + One-Step,NYSE:VMI,0.09999326979757248
2023-11-01,12,AR1 alpha + Basic + One-Step,NYSE:VMI,0.0
2023-11-02,12,AR1 alpha + Basic + One-Step,NYSE:VMI,0.0
2023-11-03,12,AR1 alpha + Basic + One-Step,NYSE:VMI,0.0
2023-11-06,12,AR1 alpha + Basic + One-Step,NYSE:VMI,0.0
2023-11-07,12,AR1 alpha + Basic + One-Step,NYSE:VMI,1.4829047348122445e-08
2023-11-08,12,AR1 alpha + Basic + One-Step,NYSE:VMI,2.2639745641849044e-08
2023-11-09,12,AR1 alpha + Basic + One-Step,NYSE:VMI,0.0
2023-11-10,12,AR1 alpha + Basic + One-Step,NYSE:VMI,0.0
2023-11-13,12,AR1 alpha + Basic + One-Step,NYSE:VMI,0.0
2023-11-14,12,AR1 alpha + Basic + One-Step,NYSE:VMI,0.0
2023-11-15,12,AR1 alpha + Basic + One-Step,NYSE:VMI,0.0
2023-11-16,12,AR1 alpha + Basic + One-Step,NYSE:VMI,0.0
2023-11-17,12,AR1 alpha + Basic + One-Step,NYSE:VMI,4.403494136802383e-08
2023-11-20,12,AR1 alpha + Basic + One-Step,NYSE:VMI,0.0
2023-11-21,12,AR1 alpha + Basic + One-Step,NYSE:VMI,0.0
2023-11-22,12,AR1 alpha + Basic + One-Step,NYSE:VMI,0.0
2023-11-24,12,AR1 alpha + Basic + One-Step,NYSE:VMI,0.0
2023-11-27,12,AR1 alpha + Basic + One-Step,NYSE:VMI,0.0
2023-11-28,12,AR1 alpha + Basic + One-Step,NYSE:VMI,2.4503605133050177e-08
2023-11-29,12,AR1 alpha + Basic + One-Step,NYSE:VMI,4.247038035075296e-09
2023-11-30,12,AR1 alpha + Basic + One-Step,NYSE:VMI,0.0
2023-12-01,12,AR1 alpha + Basic + One-Step,NYSE:VMI,3.7197450690685185e-07
2023-12-04,12,AR1 alpha + Basic + One-Step,NYSE:VMI,0.0
2023-12-05,12,AR1 alpha + Basic + One-Step,NYSE:VMI,0.0
2023-12-06,12,AR1 alpha + Basic + One-Step,NYSE:VMI,0.0
2023-12-07,12,AR1 alpha + Basic + One-Step,NYSE:VMI,0.0
2023-12-08,12,AR1 alpha + Basic + One-Step,NYSE:VMI,0.0
2023-12-11,12,AR1 alpha + Basic + One-Step,NYSE:VMI,0.0
2023-12-12,12,AR1 alpha + Basic + One-Step,NYSE:VMI,0.0
2023-12-13,12,AR1 alpha + Basic + One-Step,NYSE:VMI,0.0
2023-12-14,12,AR1 alpha + Basic + One-Step,NYSE:VMI,0.0
2023-12-15,12,AR1 alpha + Basic + One-Step,NYSE:VMI,0.0
2023-12-18,12,AR1 alpha + Basic + One-Step,NYSE:VMI,0.0
2023-12-19,12,AR1 alpha + Basic + One-Step,NYSE:VMI,0.0
2023-12-20,12,AR1 alpha + Basic + One-Step,NYSE:VMI,0.0
2023-12-21,12,AR1 alpha + Basic + One-Step,NYSE:VMI,0.0
2023-12-22,12,AR1 alpha + Basic + One-Step,NYSE:VMI,4.826690040428122e-07
2023-12-26,12,AR1 alpha + Basic + One-Step,NYSE:VMI,0.0
2023-12-27,12,AR1 alpha + Basic + One-Step,NYSE:VMI,8.56465363854087e-09
2023-12-28,12,AR1 alpha + Basic + One-Step,NYSE:VMI,0.0
2023-12-29,12,AR1 alpha + Basic + One-Step,NYSE:VMI,0.0
2024-01-02,12,AR1 alpha + Basic + One-Step,NYSE:VMI,0.0
2024-01-03,12,AR1 alpha + Basic + One-Step,NYSE:VMI,0.0
2024-01-04,12,AR1 alpha + Basic + One-Step,NYSE:VMI,0.0
2024-01-05,12,AR1 alpha + Basic + One-Step,NYSE:VMI,0.0
2024-01-08,12,AR1 alpha + Basic + One-Step,NYSE:VMI,0.0
2024-01-09,12,AR1 alpha + Basic + One-Step,NYSE:VMI,0.0
2024-01-10,12,AR1 alpha + Basic + One-Step,NYSE:VMI,0.0
2024-01-11,12,AR1 alpha + Basic + One-Step,NYSE:VMI,2.531807264838369e-07
2024-01-12,12,AR1 alpha + Basic + One-Step,NYSE:VMI,0.0
2024-01-16,12,AR1 alpha + Basic + One-Step,NYSE:VMI,0.0
2024-01-17,12,AR1 alpha + Basic + One-Step,NYSE:VMI,0.0
2024-01-18,12,AR1 alpha + Basic + One-Step,NYSE:VMI,6.059370422082328e-07
2024-01-19,12,AR1 alpha + Basic + One-Step,NYSE:VMI,0.0
2024-01-22,12,AR1 alpha + Basic + One-Step,NYSE:VMI,0.0
2024-01-23,12,AR1 alpha + Basic + One-Step,NYSE:VMI,0.0
2024-01-24,12,AR1 alpha + Basic + One-Step,NYSE:VMI,2.0873233866706844e-07
2024-01-25,12,AR1 alpha + Basic + One-Step,NYSE:VMI,6.348638924742614e-08
2024-01-26,12,AR1 alpha + Basic + One-Step,NYSE:VMI,0.0
2024-01-29,12,AR1 alpha + Basic + One-Step,NYSE:VMI,0.0
2024-01-30,12,AR1 alpha + Basic + One-Step,NYSE:VMI,0.0
2024-01-31,12,AR1 alpha + Basic + One-Step,NYSE:VMI,0.0
2024-02-01,12,AR1 alpha + Basic + One-Step,NYSE:VMI,0.0
2024-02-02,12,AR1 alpha + Basic + One-Step,NYSE:VMI,0.0
2024-02-05,12,AR1 alpha + Basic + One-Step,NYSE:VMI,0.0
2024-02-06,12,AR1 alpha + Basic + One-Step,NYSE:VMI,0.0
2024-02-07,12,AR1 alpha + Basic + One-Step,NYSE:VMI,2.485656558566408e-08
2024-02-08,12,AR1 alpha + Basic + One-Step,NYSE:VMI,1.2443665581518307e-08
2024-02-09,12,AR1 alpha + Basic + One-Step,NYSE:VMI,0.0
2024-02-12,12,AR1 alpha + Basic + One-Step,NYSE:VMI,0.0
2024-02-13,12,AR1 alpha + Basic + One-Step,NYSE:VMI,0.0
2024-02-14,12,AR1 alpha + Basic + One-Step,NYSE:VMI,0.0
2024-02-15,12,AR1 alpha + Basic + One-Step,NYSE:VMI,3.119542438739253e-08
2024-02-16,12,AR1 alpha + Basic + One-Step,NYSE:VMI,0.0
2024-02-20,12,AR1 alpha + Basic + One-Step,NYSE:VMI,0.0
2024-02-21,12,AR1 alpha + Basic + One-Step,NYSE:VMI,7.369230499516136e-09
2024-02-22,12,AR1 alpha + Basic + One-Step,NYSE:VMI,0.0
2024-02-23,12,AR1 alpha + Basic + One-Step,NYSE:VMI,0.0
2024-02-26,12,AR1 alpha + Basic + One-Step,NYSE:VMI,0.0
2024-02-27,12,AR1 alpha + Basic + One-Step,NYSE:VMI,0.0
2024-02-28,12,AR1 alpha + Basic + One-Step,NYSE:VMI,0.0
2024-02-29,12,AR1 alpha + Basic + One-Step,NYSE:VMI,0.0
2024-03-01,12,AR1 alpha + Basic + One-Step,NYSE:VMI,0.0
2024-03-04,12,AR1 alpha + Basic + One-Step,NYSE:VMI,0.0
2024-03-05,12,AR1 alpha + Basic + One-Step,NYSE:VMI,0.0
2024-03-06,12,AR1 alpha + Basic + One-Step,NYSE:VMI,0.0
2024-03-07,12,AR1 alpha + Basic + One-Step,NYSE:VMI,0.0
2024-03-08,12,AR1 alpha + Basic + One-Step,NYSE:VMI,0.0
2024-03-11,12,AR1 alpha + Basic + One-Step,NYSE:VMI,0.0
2024-03-12,12,AR1 alpha + Basic + One-Step,NYSE:VMI,0.0
2024-03-13,12,AR1 alpha + Basic + One-Step,NYSE:VMI,0.0
2024-03-14,12,AR1 alpha + Basic + One-Step,NYSE:VMI,1.5586846966543717e-07
2024-03-15,12,AR1 alpha + Basic + One-Step,NYSE:VMI,1.3045066319594898e-07
2024-03-18,12,AR1 alpha + Basic + One-Step,NYSE:VMI,4.016761542756345e-08
2024-03-19,12,AR1 alpha + Basic + One-Step,NYSE:VMI,0.0
2024-03-20,12,AR1 alpha + Basic + One-Step,NYSE:VMI,0.0
2024-03-21,12,AR1 alpha + Basic + One-Step,NYSE:VMI,5.229322577855693e-08
2024-03-22,12,AR1 alpha + Basic + One-Step,NYSE:VMI,0.0
2024-03-25,12,AR1 alpha + Basic + One-Step,NYSE:VMI,0.0
2024-03-26,12,AR1 alpha + Basic + One-Step,NYSE:VMI,0.0
2024-03-27,12,AR1 alpha + Basic + One-Step,NYSE:VMI,0.0
2024-03-28,12,AR1 alpha + Basic + One-Step,NYSE:VMI,0.0
2024-04-01,12,AR1 alpha + Basic + One-Step,NYSE:VMI,1.4061049141748386e-06
2024-04-02,12,AR1 alpha + Basic + One-Step,NYSE:VMI,0.0
2024-04-03,12,AR1 alpha + Basic + One-Step,NYSE:VMI,0.0
2024-04-04,12,AR1 alpha + Basic + One-Step,NYSE:VMI,0.0
2024-04-05,12,AR1 alpha + Basic + One-Step,NYSE:VMI,0.0
2024-04-08,12,AR1 alpha + Basic + One-Step,NYSE:VMI,0.0
2024-04-09,12,AR1 alpha + Basic + One-Step,NYSE:VMI,0.0
2024-04-10,12,AR1 alpha + Basic + One-Step,NYSE:VMI,6.131525373725253e-07
2024-04-11,12,AR1 alpha + Basic + One-Step,NYSE:VMI,0.0
2024-04-12,12,AR1 alpha + Basic + One-Step,NYSE:VMI,0.0
2024-04-15,12,AR1 alpha + Basic + One-Step,NYSE:VMI,0.0
2024-04-16,12,AR1 alpha + Basic + One-Step,NYSE:VMI,0.0
2024-04-17,12,AR1 alpha + Basic + One-Step,NYSE:VMI,8.304351689848916e-08
2024-04-18,12,AR1 alpha + Basic + One-Step,NYSE:VMI,0.0
2024-04-19,12,AR1 alpha + Basic + One-Step,NYSE:VMI,0.0
2020-03-25,12,AR1 alpha + Basic + One-Step,NASDAQ:MSEX,0.02
2020-03-26,12,AR1 alpha + Basic + One-Step,NASDAQ:MSEX,0.019999999999999997
2020-03-27,12,AR1 alpha + Basic + One-Step,NASDAQ:MSEX,0.09999999999999998
2020-03-30,12,AR1 alpha + Basic + One-Step,NASDAQ:MSEX,0.0
2020-03-31,12,AR1 alpha + Basic + One-Step,NASDAQ:MSEX,0.0
2020-04-01,12,AR1 alpha + Basic + One-Step,NASDAQ:MSEX,0.0
2020-04-02,12,AR1 alpha + Basic + One-Step,NASDAQ:MSEX,3.166981380483139e-08
2020-04-03,12,AR1 alpha + Basic + One-Step,NASDAQ:MSEX,6.567273565118525e-08
2020-04-06,12,AR1 alpha + Basic + One-Step,NASDAQ:MSEX,2.7182300433524285e-08
2020-04-07,12,AR1 alpha + Basic + One-Step,NASDAQ:MSEX,5.8674026016400234e-08
2020-04-08,12,AR1 alpha + Basic + One-Step,NASDAQ:MSEX,0.0
2020-04-09,12,AR1 alpha + Basic + One-Step,NASDAQ:MSEX,0.0
2020-04-13,12,AR1 alpha + Basic + One-Step,NASDAQ:MSEX,0.0
2020-04-14,12,AR1 alpha + Basic + One-Step,NASDAQ:MSEX,0.0
2020-04-15,12,AR1 alpha + Basic + One-Step,NASDAQ:MSEX,0.0
2020-04-16,12,AR1 alpha + Basic + One-Step,NASDAQ:MSEX,0.0
2020-04-17,12,AR1 alpha + Basic + One-Step,NASDAQ:MSEX,0.0
2020-04-20,12,AR1 alpha + Basic + One-Step,NASDAQ:MSEX,0.0
2020-04-21,12,AR1 alpha + Basic + One-Step,NASDAQ:MSEX,0.0
2020-04-22,12,AR1 alpha + Basic + One-Step,NASDAQ:MSEX,0.0
2020-04-23,12,AR1 alpha + Basic + One-Step,NASDAQ:MSEX,0.0
2020-04-24,12,AR1 alpha + Basic + One-Step,NASDAQ:MSEX,0.0
2020-04-27,12,AR1 alpha + Basic + One-Step,NASDAQ:MSEX,0.0
2020-04-28,12,AR1 alpha + Basic + One-Step,NASDAQ:MSEX,0.0
2020-04-29,12,AR1 alpha + Basic + One-Step,NASDAQ:MSEX,5.003357816779577e-07
2020-04-30,12,AR1 alpha + Basic + One-Step,NASDAQ:MSEX,0.0
2020-05-01,12,AR1 alpha + Basic + One-Step,NASDAQ:MSEX,9.721395429390947e-09
2020-05-04,12,AR1 alpha + Basic + One-Step,NASDAQ:MSEX,0.0
2020-05-05,12,AR1 alpha + Basic + One-Step,NASDAQ:MSEX,8.135753867284226e-07
2020-05-06,12,AR1 alpha + Basic + One-Step,NASDAQ:MSEX,0.0
2020-05-07,12,AR1 alpha + Basic + One-Step,NASDAQ:MSEX,0.0
2020-05-08,12,AR1 alpha + Basic + One-Step,NASDAQ:MSEX,1.395143193496689e-07
2020-05-11,12,AR1 alpha + Basic + One-Step,NASDAQ:MSEX,0.0
2020-05-12,12,AR1 alpha + Basic + One-Step,NASDAQ:MSEX,0.0
2020-05-13,12,AR1 alpha + Basic + One-Step,NASDAQ:MSEX,0.0
2020-05-14,12,AR1 alpha + Basic + One-Step,NASDAQ:MSEX,6.877767544936912e-09
2020-05-15,12,AR1 alpha + Basic + One-Step,NASDAQ:MSEX,1.4195457093772038e-07
2020-05-18,12,AR1 alpha + Basic + One-Step,NASDAQ:MSEX,0.0
2020-05-19,12,AR1 alpha + Basic + One-Step,NASDAQ:MSEX,0.0
2020-05-20,12,AR1 alpha + Basic + One-Step,NASDAQ:MSEX,0.0
2020-05-21,12,AR1 alpha + Basic + One-Step,NASDAQ:MSEX,0.0
2020-05-22,12,AR1 alpha + Basic + One-Step,NASDAQ:MSEX,6.637115321157155e-08
2020-05-26,12,AR1 alpha + Basic + One-Step,NASDAQ:MSEX,8.386712742237052e-08
2020-05-27,12,AR1 alpha + Basic + One-Step,NASDAQ:MSEX,8.08078357942471e-07
2020-05-28,12,AR1 alpha + Basic + One-Step,NASDAQ:MSEX,0.0
2020-05-29,12,AR1 alpha + Basic + One-Step,NASDAQ:MSEX,0.0
2020-06-01,12,AR1 alpha + Basic + One-Step,NASDAQ:MSEX,0.0
2020-06-02,12,AR1 alpha + Basic + One-Step,NASDAQ:MSEX,3.7406155116398967e-07
2020-06-03,12,AR1 alpha + Basic + One-Step,NASDAQ:MSEX,0.0
2020-06-04,12,AR1 alpha + Basic + One-Step,NASDAQ:MSEX,0.0
2020-06-05,12,AR1 alpha + Basic + One-Step,NASDAQ:MSEX,0.0
2020-06-08,12,AR1 alpha + Basic + One-Step,NASDAQ:MSEX,0.0
2020-06-09,12,AR1 alpha + Basic + One-Step,NASDAQ:MSEX,0.0
2020-06-10,12,AR1 alpha + Basic + One-Step,NASDAQ:MSEX,0.0
2020-06-11,12,AR1 alpha + Basic + One-Step,NASDAQ:MSEX,0.03950649400292045
2020-06-12,12,AR1 alpha + Basic + One-Step,NASDAQ:MSEX,0.009596386603999172
2020-06-15,12,AR1 alpha + Basic + One-Step,NASDAQ:MSEX,1.8976559426766463e-08
2020-06-16,12,AR1 alpha + Basic + One-Step,NASDAQ:MSEX,0.053472295716850395
2020-06-17,12,AR1 alpha + Basic + One-Step,NASDAQ:MSEX,0.09999749899254816
2020-06-18,12,AR1 alpha + Basic + One-Step,NASDAQ:MSEX,0.09999750051260349
2020-06-19,12,AR1 alpha + Basic + One-Step,NASDAQ:MSEX,0.09999705771245315
2020-06-22,12,AR1 alpha + Basic + One-Step,NASDAQ:MSEX,0.09999199235872748
2020-06-23,12,AR1 alpha + Basic + One-Step,NASDAQ:MSEX,0.09999553480310264
2020-06-24,12,AR1 alpha + Basic + One-Step,NASDAQ:MSEX,0.09999746873430129
2020-06-25,12,AR1 alpha + Basic + One-Step,NASDAQ:MSEX,0.09999482098096805
2020-06-26,12,AR1 alpha + Basic + One-Step,NASDAQ:MSEX,0.09999580461071346
2020-06-29,12,AR1 alpha + Basic + One-Step,NASDAQ:MSEX,0.0
2020-06-30,12,AR1 alpha + Basic + One-Step,NASDAQ:MSEX,0.0
2020-07-01,12,AR1 alpha + Basic + One-Step,NASDAQ:MSEX,0.0
2020-07-02,12,AR1 alpha + Basic + One-Step,NASDAQ:MSEX,8.437854432861296e-09
2020-07-06,12,AR1 alpha + Basic + One-Step,NASDAQ:MSEX,0.09002870412552885
2020-07-07,12,AR1 alpha + Basic + One-Step,NASDAQ:MSEX,0.09999446360827041
2020-07-08,12,AR1 alpha + Basic + One-Step,NASDAQ:MSEX,0.0999968090048024
2020-07-09,12,AR1 alpha + Basic + One-Step,NASDAQ:MSEX,0.09999845696234576
2020-07-10,12,AR1 alpha + Basic + One-Step,NASDAQ:MSEX,0.051552274261876245
2020-07-13,12,AR1 alpha + Basic + One-Step,NASDAQ:MSEX,0.07678213027412867
2020-07-14,12,AR1 alpha + Basic + One-Step,NASDAQ:MSEX,0.045948638357010005
2020-07-15,12,AR1 alpha + Basic + One-Step,NASDAQ:MSEX,2.553215114974197e-07
2020-07-16,12,AR1 alpha + Basic + One-Step,NASDAQ:MSEX,0.0
2020-07-17,12,AR1 alpha + Basic + One-Step,NASDAQ:MSEX,0.0
2020-07-20,12,AR1 alpha + Basic + One-Step,NASDAQ:MSEX,1.8913439237279177e-07
2020-07-21,12,AR1 alpha + Basic + One-Step,NASDAQ:MSEX,0.0
2020-07-22,12,AR1 alpha + Basic + One-Step,NASDAQ:MSEX,0.0
2020-07-23,12,AR1 alpha + Basic + One-Step,NASDAQ:MSEX,0.0
2020-07-24,12,AR1 alpha + Basic + One-Step,NASDAQ:MSEX,9.472099987990739e-07
2020-07-27,12,AR1 alpha + Basic + One-Step,NASDAQ:MSEX,5.748213141542397e-07
2020-07-28,12,AR1 alpha + Basic + One-Step,NASDAQ:MSEX,0.0
2020-07-29,12,AR1 alpha + Basic + One-Step,NASDAQ:MSEX,0.0
2020-07-30,12,AR1 alpha + Basic + One-Step,NASDAQ:MSEX,0.051695050494568594
2020-07-31,12,AR1 alpha + Basic + One-Step,NASDAQ:MSEX,0.09999613834355162
2020-08-03,12,AR1 alpha + Basic + One-Step,NASDAQ:MSEX,4.482729374805241e-09
2020-08-04,12,AR1 alpha + Basic + One-Step,NASDAQ:MSEX,0.0
2020-08-05,12,AR1 alpha + Basic + One-Step,NASDAQ:MSEX,0.0
2020-08-06,12,AR1 alpha + Basic + One-Step,NASDAQ:MSEX,0.0
2020-08-07,12,AR1 alpha + Basic + One-Step,NASDAQ:MSEX,0.0
2020-08-10,12,AR1 alpha + Basic + One-Step,NASDAQ:MSEX,0.0
2020-08-11,12,AR1 alpha + Basic + One-Step,NASDAQ:MSEX,0.0
2020-08-12,12,AR1 alpha + Basic + One-Step,NASDAQ:MSEX,0.0
2020-08-13,12,AR1 alpha + Basic + One-Step,NASDAQ:MSEX,0.0
2020-08-14,12,AR1 alpha + Basic + One-Step,NASDAQ:MSEX,0.0
2020-08-17,12,AR1 alpha + Basic + One-Step,NASDAQ:MSEX,0.0016223558024138758
2020-08-18,12,AR1 alpha + Basic + One-Step,NASDAQ:MSEX,0.0
2020-08-19,12,AR1 alpha + Basic + One-Step,NASDAQ:MSEX,0.07174819750566179
2020-08-20,12,AR1 alpha + Basic + One-Step,NASDAQ:MSEX,0.02790421810624267
2020-08-21,12,AR1 alpha + Basic + One-Step,NASDAQ:MSEX,0.03764613638150394
2020-08-24,12,AR1 alpha + Basic + One-Step,NASDAQ:MSEX,0.007075019758975753
2020-08-25,12,AR1 alpha + Basic + One-Step,NASDAQ:MSEX,0.0
2020-08-26,12,AR1 alpha + Basic + One-Step,NASDAQ:MSEX,0.0
2020-08-27,12,AR1 alpha + Basic + One-Step,NASDAQ:MSEX,0.0
2020-08-28,12,AR1 alpha + Basic + One-Step,NASDAQ:MSEX,0.0
2020-08-31,12,AR1 alpha + Basic + One-Step,NASDAQ:MSEX,0.0
2020-09-01,12,AR1 alpha + Basic + One-Step,NASDAQ:MSEX,0.0
2020-09-02,12,AR1 alpha + Basic + One-Step,NASDAQ:MSEX,0.0
2020-09-03,12,AR1 alpha + Basic + One-Step,NASDAQ:MSEX,0.0
2020-09-04,12,AR1 alpha + Basic + One-Step,NASDAQ:MSEX,0.0
2020-09-08,12,AR1 alpha + Basic + One-Step,NASDAQ:MSEX,0.0
2020-09-09,12,AR1 alpha + Basic + One-Step,NASDAQ:MSEX,0.0
2020-09-10,12,AR1 alpha + Basic + One-Step,NASDAQ:MSEX,0.0
2020-09-11,12,AR1 alpha + Basic + One-Step,NASDAQ:MSEX,0.0
2020-09-14,12,AR1 alpha + Basic + One-Step,NASDAQ:MSEX,0.0
2020-09-15,12,AR1 alpha + Basic + One-Step,NASDAQ:MSEX,0.0
2020-09-16,12,AR1 alpha + Basic + One-Step,NASDAQ:MSEX,0.0
2020-09-17,12,AR1 alpha + Basic + One-Step,NASDAQ:MSEX,0.0
2020-09-18,12,AR1 alpha + Basic + One-Step,NASDAQ:MSEX,0.0
2020-09-21,12,AR1 alpha + Basic + One-Step,NASDAQ:MSEX,0.0
2020-09-22,12,AR1 alpha + Basic + One-Step,NASDAQ:MSEX,0.0
2020-09-23,12,AR1 alpha + Basic + One-Step,NASDAQ:MSEX,0.09251701871473633
2020-09-24,12,AR1 alpha + Basic + One-Step,NASDAQ:MSEX,1.0140024934884883e-06
2020-09-25,12,AR1 alpha + Basic + One-Step,NASDAQ:MSEX,0.0
2020-09-28,12,AR1 alpha + Basic + One-Step,NASDAQ:MSEX,0.0
2020-09-29,12,AR1 alpha + Basic + One-Step,NASDAQ:MSEX,5.892575947793214e-08
2020-09-30,12,AR1 alpha + Basic + One-Step,NASDAQ:MSEX,4.640613822995189e-08
2020-10-01,12,AR1 alpha + Basic + One-Step,NASDAQ:MSEX,0.0
2020-10-02,12,AR1 alpha + Basic + One-Step,NASDAQ:MSEX,0.0
2020-10-05,12,AR1 alpha + Basic + One-Step,NASDAQ:MSEX,1.1046992806377565e-08
2020-10-06,12,AR1 alpha + Basic + One-Step,NASDAQ:MSEX,0.0
2020-10-07,12,AR1 alpha + Basic + One-Step,NASDAQ:MSEX,8.848946183827932e-08
2020-10-08,12,AR1 alpha + Basic + One-Step,NASDAQ:MSEX,0.0
2020-10-09,12,AR1 alpha + Basic + One-Step,NASDAQ:MSEX,0.0
2020-10-12,12,AR1 alpha + Basic + One-Step,NASDAQ:MSEX,0.0
2020-10-13,12,AR1 alpha + Basic + One-Step,NASDAQ:MSEX,0.0
2020-10-14,12,AR1 alpha + Basic + One-Step,NASDAQ:MSEX,0.0
2020-10-15,12,AR1 alpha + Basic + One-Step,NASDAQ:MSEX,0.0
2020-10-16,12,AR1 alpha + Basic + One-Step,NASDAQ:MSEX,9.996960627788036e-08
2020-10-19,12,AR1 alpha + Basic + One-Step,NASDAQ:MSEX,0.0
2020-10-20,12,AR1 alpha + Basic + One-Step,NASDAQ:MSEX,0.0
2020-10-21,12,AR1 alpha + Basic + One-Step,NASDAQ:MSEX,0.0
2020-10-22,12,AR1 alpha + Basic + One-Step,NASDAQ:MSEX,0.0
2020-10-23,12,AR1 alpha + Basic + One-Step,NASDAQ:MSEX,0.0
2020-10-26,12,AR1 alpha + Basic + One-Step,NASDAQ:MSEX,0.0
2020-10-27,12,AR1 alpha + Basic + One-Step,NASDAQ:MSEX,1.7429308589770915e-09
2020-10-28,12,AR1 alpha + Basic + One-Step,NASDAQ:MSEX,1.3013291386790472e-08
2020-10-29,12,AR1 alpha + Basic + One-Step,NASDAQ:MSEX,4.738535096932671e-09
2020-10-30,12,AR1 alpha + Basic + One-Step,NASDAQ:MSEX,0.09409229943803345
2020-11-02,12,AR1 alpha + Basic + One-Step,NASDAQ:MSEX,0.0
2020-11-03,12,AR1 alpha + Basic + One-Step,NASDAQ:MSEX,0.0
2020-11-04,12,AR1 alpha + Basic + One-Step,NASDAQ:MSEX,0.09999719791834248
2020-11-05,12,AR1 alpha + Basic + One-Step,NASDAQ:MSEX,0.0
2020-11-06,12,AR1 alpha + Basic + One-Step,NASDAQ:MSEX,1.474313765668665e-07
2020-11-09,12,AR1 alpha + Basic + One-Step,NASDAQ:MSEX,0.0
2020-11-10,12,AR1 alpha + Basic + One-Step,NASDAQ:MSEX,0.0
2020-11-11,12,AR1 alpha + Basic + One-Step,NASDAQ:MSEX,0.0
2020-11-12,12,AR1 alpha + Basic + One-Step,NASDAQ:MSEX,0.0
2020-11-13,12,AR1 alpha + Basic + One-Step,NASDAQ:MSEX,0.0
2020-11-16,12,AR1 alpha + Basic + One-Step,NASDAQ:MSEX,0.0
2020-11-17,12,AR1 alpha + Basic + One-Step,NASDAQ:MSEX,0.0
2020-11-18,12,AR1 alpha + Basic + One-Step,NASDAQ:MSEX,0.019349513868184492
2020-11-19,12,AR1 alpha + Basic + One-Step,NASDAQ:MSEX,0.004795582309106008
2020-11-20,12,AR1 alpha + Basic + One-Step,NASDAQ:MSEX,0.0
2020-11-23,12,AR1 alpha + Basic + One-Step,NASDAQ:MSEX,0.0
2020-11-24,12,AR1 alpha + Basic + One-Step,NASDAQ:MSEX,0.0
2020-11-25,12,AR1 alpha + Basic + One-Step,NASDAQ:MSEX,0.0
2020-11-27,12,AR1 alpha + Basic + One-Step,NASDAQ:MSEX,0.0
2020-11-30,12,AR1 alpha + Basic + One-Step,NASDAQ:MSEX,0.050406206467369125
2020-12-01,12,AR1 alpha + Basic + One-Step,NASDAQ:MSEX,0.0
2020-12-02,12,AR1 alpha + Basic + One-Step,NASDAQ:MSEX,0.0
2020-12-03,12,AR1 alpha + Basic + One-Step,NASDAQ:MSEX,0.0
2020-12-04,12,AR1 alpha + Basic + One-Step,NASDAQ:MSEX,0.0
2020-12-07,12,AR1 alpha + Basic + One-Step,NASDAQ:MSEX,0.0
2020-12-08,12,AR1 alpha + Basic + One-Step,NASDAQ:MSEX,2.836938501697733e-07
2020-12-09,12,AR1 alpha + Basic + One-Step,NASDAQ:MSEX,0.0
2020-12-10,12,AR1 alpha + Basic + One-Step,NASDAQ:MSEX,0.0
2020-12-11,12,AR1 alpha + Basic + One-Step,NASDAQ:MSEX,5.611017124732171e-07
2020-12-14,12,AR1 alpha + Basic + One-Step,NASDAQ:MSEX,1.0856141926438573e-06
2020-12-15,12,AR1 alpha + Basic + One-Step,NASDAQ:MSEX,0.0
2020-12-16,12,AR1 alpha + Basic + One-Step,NASDAQ:MSEX,1.0630220211492157e-08
2020-12-17,12,AR1 alpha + Basic + One-Step,NASDAQ:MSEX,0.0
2020-12-18,12,AR1 alpha + Basic + One-Step,NASDAQ:MSEX,0.0
2020-12-21,12,AR1 alpha + Basic + One-Step,NASDAQ:MSEX,0.10000149569282148
2020-12-22,12,AR1 alpha + Basic + One-Step,NASDAQ:MSEX,0.02962431412369909
2020-12-23,12,AR1 alpha + Basic + One-Step,NASDAQ:MSEX,0.0
2020-12-24,12,AR1 alpha + Basic + One-Step,NASDAQ:MSEX,0.0
2020-12-28,12,AR1 alpha + Basic + One-Step,NASDAQ:MSEX,0.0
2020-12-29,12,AR1 alpha + Basic + One-Step,NASDAQ:MSEX,0.0
2020-12-30,12,AR1 alpha + Basic + One-Step,NASDAQ:MSEX,0.0
2020-12-31,12,AR1 alpha + Basic + One-Step,NASDAQ:MSEX,0.0
2021-01-04,12,AR1 alpha + Basic + One-Step,NASDAQ:MSEX,0.0
2021-01-05,12,AR1 alpha + Basic + One-Step,NASDAQ:MSEX,0.0
2021-01-06,12,AR1 alpha + Basic + One-Step,NASDAQ:MSEX,0.0
2021-01-07,12,AR1 alpha + Basic + One-Step,NASDAQ:MSEX,0.0
2021-01-08,12,AR1 alpha + Basic + One-Step,NASDAQ:MSEX,0.0
2021-01-11,12,AR1 alpha + Basic + One-Step,NASDAQ:MSEX,0.0032743083912581236
2021-01-12,12,AR1 alpha + Basic + One-Step,NASDAQ:MSEX,0.0
2021-01-13,12,AR1 alpha + Basic + One-Step,NASDAQ:MSEX,0.0
2021-01-14,12,AR1 alpha + Basic + One-Step,NASDAQ:MSEX,0.0
2021-01-15,12,AR1 alpha + Basic + One-Step,NASDAQ:MSEX,0.0
2021-01-19,12,AR1 alpha + Basic + One-Step,NASDAQ:MSEX,0.0
2021-01-20,12,AR1 alpha + Basic + One-Step,NASDAQ:MSEX,0.0
2021-01-21,12,AR1 alpha + Basic + One-Step,NASDAQ:MSEX,0.0
2021-01-22,12,AR1 alpha + Basic + One-Step,NASDAQ:MSEX,0.0
2021-01-25,12,AR1 alpha + Basic + One-Step,NASDAQ:MSEX,0.0
2021-01-26,12,AR1 alpha + Basic + One-Step,NASDAQ:MSEX,0.0
2021-01-27,12,AR1 alpha + Basic + One-Step,NASDAQ:MSEX,0.0
2021-01-28,12,AR1 alpha + Basic + One-Step,NASDAQ:MSEX,0.0
2021-01-29,12,AR1 alpha + Basic + One-Step,NASDAQ:MSEX,0.0
2021-02-01,12,AR1 alpha + Basic + One-Step,NASDAQ:MSEX,1.5216346322161743e-07
2021-02-02,12,AR1 alpha + Basic + One-Step,NASDAQ:MSEX,0.0
2021-02-03,12,AR1 alpha + Basic + One-Step,NASDAQ:MSEX,0.0
2021-02-04,12,AR1 alpha + Basic + One-Step,NASDAQ:MSEX,0.0
2021-02-05,12,AR1 alpha + Basic + One-Step,NASDAQ:MSEX,0.0
2021-02-08,12,AR1 alpha + Basic + One-Step,NASDAQ:MSEX,0.0
2021-02-09,12,AR1 alpha + Basic + One-Step,NASDAQ:MSEX,0.0
2021-02-10,12,AR1 alpha + Basic + One-Step,NASDAQ:MSEX,0.0
2021-02-11,12,AR1 alpha + Basic + One-Step,NASDAQ:MSEX,0.07230603533857008
2021-02-12,12,AR1 alpha + Basic + One-Step,NASDAQ:MSEX,0.09998495870846673
2021-02-16,12,AR1 alpha + Basic + One-Step,NASDAQ:MSEX,0.09999137689907894
2021-02-17,12,AR1 alpha + Basic + One-Step,NASDAQ:MSEX,0.09999064240456451
2021-02-18,12,AR1 alpha + Basic + One-Step,NASDAQ:MSEX,0.09999388323401265
2021-02-19,12,AR1 alpha + Basic + One-Step,NASDAQ:MSEX,0.09999143711341023
2021-02-22,12,AR1 alpha + Basic + One-Step,NASDAQ:MSEX,0.09999505838396895
2021-02-23,12,AR1 alpha + Basic + One-Step,NASDAQ:MSEX,0.09999708448569156
2021-02-24,12,AR1 alpha + Basic + One-Step,NASDAQ:MSEX,0.09999656932813286
2021-02-25,12,AR1 alpha + Basic + One-Step,NASDAQ:MSEX,0.09999556384159716
2021-02-26,12,AR1 alpha + Basic + One-Step,NASDAQ:MSEX,0.09999750931479898
2021-03-01,12,AR1 alpha + Basic + One-Step,NASDAQ:MSEX,0.0
2021-03-02,12,AR1 alpha + Basic + One-Step,NASDAQ:MSEX,0.0
2021-03-03,12,AR1 alpha + Basic + One-Step,NASDAQ:MSEX,0.0
2021-03-04,12,AR1 alpha + Basic + One-Step,NASDAQ:MSEX,0.0
2021-03-05,12,AR1 alpha + Basic + One-Step,NASDAQ:MSEX,0.0
2021-03-08,12,AR1 alpha + Basic + One-Step,NASDAQ:MSEX,0.0
2021-03-09,12,AR1 alpha + Basic + One-Step,NASDAQ:MSEX,0.0
2021-03-10,12,AR1 alpha + Basic + One-Step,NASDAQ:MSEX,0.0
2021-03-11,12,AR1 alpha + Basic + One-Step,NASDAQ:MSEX,0.0
2021-03-12,12,AR1 alpha + Basic + One-Step,NASDAQ:MSEX,0.0
2021-03-15,12,AR1 alpha + Basic + One-Step,NASDAQ:MSEX,3.7476498708342656e-10
2021-03-16,12,AR1 alpha + Basic + One-Step,NASDAQ:MSEX,0.0
2021-03-17,12,AR1 alpha + Basic + One-Step,NASDAQ:MSEX,0.0
2021-03-18,12,AR1 alpha + Basic + One-Step,NASDAQ:MSEX,0.0
2021-03-19,12,AR1 alpha + Basic + One-Step,NASDAQ:MSEX,0.0
2021-03-22,12,AR1 alpha + Basic + One-Step,NASDAQ:MSEX,0.0
2021-03-23,12,AR1 alpha + Basic + One-Step,NASDAQ:MSEX,0.0
2021-03-24,12,AR1 alpha + Basic + One-Step,NASDAQ:MSEX,0.0
2021-03-25,12,AR1 alpha + Basic + One-Step,NASDAQ:MSEX,0.0
2021-03-26,12,AR1 alpha + Basic + One-Step,NASDAQ:MSEX,0.0
2021-03-29,12,AR1 alpha + Basic + One-Step,NASDAQ:MSEX,0.0
2021-03-30,12,AR1 alpha + Basic + One-Step,NASDAQ:MSEX,8.489009304121489e-07
2021-03-31,12,AR1 alpha + Basic + One-Step,NASDAQ:MSEX,0.0
2021-04-01,12,AR1 alpha + Basic + One-Step,NASDAQ:MSEX,0.0
2021-04-05,12,AR1 alpha + Basic + One-Step,NASDAQ:MSEX,2.2822892026079686e-06
2021-04-06,12,AR1 alpha + Basic + One-Step,NASDAQ:MSEX,7.046268784443558e-07
2021-04-07,12,AR1 alpha + Basic + One-Step,NASDAQ:MSEX,0.0
2021-04-08,12,AR1 alpha + Basic + One-Step,NASDAQ:MSEX,6.143540585187517e-07
2021-04-09,12,AR1 alpha + Basic + One-Step,NASDAQ:MSEX,0.0
2021-04-12,12,AR1 alpha + Basic + One-Step,NASDAQ:MSEX,6.496317481872299e-09
2021-04-13,12,AR1 alpha + Basic + One-Step,NASDAQ:MSEX,0.0
2021-04-14,12,AR1 alpha + Basic + One-Step,NASDAQ:MSEX,7.714338946179842e-08
2021-04-15,12,AR1 alpha + Basic + One-Step,NASDAQ:MSEX,5.3713962292749577e-08
2021-04-16,12,AR1 alpha + Basic + One-Step,NASDAQ:MSEX,0.0
2021-04-19,12,AR1 alpha + Basic + One-Step,NASDAQ:MSEX,3.905251234132747e-08
2021-04-20,12,AR1 alpha + Basic + One-Step,NASDAQ:MSEX,0.0
2021-04-21,12,AR1 alpha + Basic + One-Step,NASDAQ:MSEX,0.0
2021-04-22,12,AR1 alpha + Basic + One-Step,NASDAQ:MSEX,0.0
2021-04-23,12,AR1 alpha + Basic + One-Step,NASDAQ:MSEX,0.0
2021-04-26,12,AR1 alpha + Basic + One-Step,NASDAQ:MSEX,0.0
2021-04-27,12,AR1 alpha + Basic + One-Step,NASDAQ:MSEX,0.03541121036974479
2021-04-28,12,AR1 alpha + Basic + One-Step,NASDAQ:MSEX,0.05304938645265992
2021-04-29,12,AR1 alpha + Basic + One-Step,NASDAQ:MSEX,0.020377595725877534
2021-04-30,12,AR1 alpha + Basic + One-Step,NASDAQ:MSEX,0.0
2021-05-03,12,AR1 alpha + Basic + One-Step,NASDAQ:MSEX,0.0
2021-05-04,12,AR1 alpha + Basic + One-Step,NASDAQ:MSEX,7.627788451240986e-08
2021-05-05,12,AR1 alpha + Basic + One-Step,NASDAQ:MSEX,0.0
2021-05-06,12,AR1 alpha + Basic + One-Step,NASDAQ:MSEX,0.007480833442417326
2021-05-07,12,AR1 alpha + Basic + One-Step,NASDAQ:MSEX,0.0
2021-05-10,12,AR1 alpha + Basic + One-Step,NASDAQ:MSEX,0.0
2021-05-11,12,AR1 alpha + Basic + One-Step,NASDAQ:MSEX,0.0
2021-05-12,12,AR1 alpha + Basic + One-Step,NASDAQ:MSEX,0.0
2021-05-13,12,AR1 alpha + Basic + One-Step,NASDAQ:MSEX,2.1308236302788077e-07
2021-05-14,12,AR1 alpha + Basic + One-Step,NASDAQ:MSEX,1.2295898453425494e-07
2021-05-17,12,AR1 alpha + Basic + One-Step,NASDAQ:MSEX,0.0
2021-05-18,12,AR1 alpha + Basic + One-Step,NASDAQ:MSEX,4.538830226727617e-07
2021-05-19,12,AR1 alpha + Basic + One-Step,NASDAQ:MSEX,2.809738323547211e-07
2021-05-20,12,AR1 alpha + Basic + One-Step,NASDAQ:MSEX,2.121538764245443e-07
2021-05-21,12,AR1 alpha + Basic + One-Step,NASDAQ:MSEX,5.410809329308721e-07
2021-05-24,12,AR1 alpha + Basic + One-Step,NASDAQ:MSEX,0.0
2021-05-25,12,AR1 alpha + Basic + One-Step,NASDAQ:MSEX,0.0
2021-05-26,12,AR1 alpha + Basic + One-Step,NASDAQ:MSEX,0.0
2021-05-27,12,AR1 alpha + Basic + One-Step,NASDAQ:MSEX,0.0
2021-05-28,12,AR1 alpha + Basic + One-Step,NASDAQ:MSEX,0.0
2021-06-01,12,AR1 alpha + Basic + One-Step,NASDAQ:MSEX,0.0
2021-06-02,12,AR1 alpha + Basic + One-Step,NASDAQ:MSEX,0.0
2021-06-03,12,AR1 alpha + Basic + One-Step,NASDAQ:MSEX,0.0
2021-06-04,12,AR1 alpha + Basic + One-Step,NASDAQ:MSEX,0.0
2021-06-07,12,AR1 alpha + Basic + One-Step,NASDAQ:MSEX,0.0
2021-06-08,12,AR1 alpha + Basic + One-Step,NASDAQ:MSEX,0.0
2021-06-09,12,AR1 alpha + Basic + One-Step,NASDAQ:MSEX,0.0
2021-06-10,12,AR1 alpha + Basic + One-Step,NASDAQ:MSEX,8.945804877430619e-08
2021-06-11,12,AR1 alpha + Basic + One-Step,NASDAQ:MSEX,0.0
2021-06-14,12,AR1 alpha + Basic + One-Step,NASDAQ:MSEX,0.0
2021-06-15,12,AR1 alpha + Basic + One-Step,NASDAQ:MSEX,0.0
2021-06-16,12,AR1 alpha + Basic + One-Step,NASDAQ:MSEX,0.0
2021-06-17,12,AR1 alpha + Basic + One-Step,NASDAQ:MSEX,0.0
2021-06-18,12,AR1 alpha + Basic + One-Step,NASDAQ:MSEX,0.0
2021-06-21,12,AR1 alpha + Basic + One-Step,NASDAQ:MSEX,0.0
2021-06-22,12,AR1 alpha + Basic + One-Step,NASDAQ:MSEX,1.5745792923074916e-06
2021-06-23,12,AR1 alpha + Basic + One-Step,NASDAQ:MSEX,1.2669743591128809e-06
2021-06-24,12,AR1 alpha + Basic + One-Step,NASDAQ:MSEX,1.6221127800708527e-06
2021-06-25,12,AR1 alpha + Basic + One-Step,NASDAQ:MSEX,0.0
2021-06-28,12,AR1 alpha + Basic + One-Step,NASDAQ:MSEX,0.0
2021-06-29,12,AR1 alpha + Basic + One-Step,NASDAQ:MSEX,0.0
2021-06-30,12,AR1 alpha + Basic + One-Step,NASDAQ:MSEX,0.0
2021-07-01,12,AR1 alpha + Basic + One-Step,NASDAQ:MSEX,0.0
2021-07-02,12,AR1 alpha + Basic + One-Step,NASDAQ:MSEX,0.0
2021-07-06,12,AR1 alpha + Basic + One-Step,NASDAQ:MSEX,0.0
2021-07-07,12,AR1 alpha + Basic + One-Step,NASDAQ:MSEX,0.0
2021-07-08,12,AR1 alpha + Basic + One-Step,NASDAQ:MSEX,0.0
2021-07-09,12,AR1 alpha + Basic + One-Step,NASDAQ:MSEX,0.0
2021-07-12,12,AR1 alpha + Basic + One-Step,NASDAQ:MSEX,0.0
2021-07-13,12,AR1 alpha + Basic + One-Step,NASDAQ:MSEX,1.0323496954939641e-07
2021-07-14,12,AR1 alpha + Basic + One-Step,NASDAQ:MSEX,0.0
2021-07-15,12,AR1 alpha + Basic + One-Step,NASDAQ:MSEX,0.0
2021-07-16,12,AR1 alpha + Basic + One-Step,NASDAQ:MSEX,9.541841382897492e-07
2021-07-19,12,AR1 alpha + Basic + One-Step,NASDAQ:MSEX,0.0
2021-07-20,12,AR1 alpha + Basic + One-Step,NASDAQ:MSEX,0.0
2021-07-21,12,AR1 alpha + Basic + One-Step,NASDAQ:MSEX,0.0
2021-07-22,12,AR1 alpha + Basic + One-Step,NASDAQ:MSEX,0.0
2021-07-23,12,AR1 alpha + Basic + One-Step,NASDAQ:MSEX,0.0
2021-07-26,12,AR1 alpha + Basic + One-Step,NASDAQ:MSEX,1.5944271858637615e-07
2021-07-27,12,AR1 alpha + Basic + One-Step,NASDAQ:MSEX,2.3587783694636908e-06
2021-07-28,12,AR1 alpha + Basic + One-Step,NASDAQ:MSEX,0.0
2021-07-29,12,AR1 alpha + Basic + One-Step,NASDAQ:MSEX,0.0
2021-07-30,12,AR1 alpha + Basic + One-Step,NASDAQ:MSEX,0.0
2021-08-02,12,AR1 alpha + Basic + One-Step,NASDAQ:MSEX,0.0
2021-08-03,12,AR1 alpha + Basic + One-Step,NASDAQ:MSEX,0.0
2021-08-04,12,AR1 alpha + Basic + One-Step,NASDAQ:MSEX,6.89835143323234e-08
2021-08-05,12,AR1 alpha + Basic + One-Step,NASDAQ:MSEX,0.0
2021-08-06,12,AR1 alpha + Basic + One-Step,NASDAQ:MSEX,0.0
2021-08-09,12,AR1 alpha + Basic + One-Step,NASDAQ:MSEX,4.0157313677866517e-07
2021-08-10,12,AR1 alpha + Basic + One-Step,NASDAQ:MSEX,2.3738307686046516e-07
2021-08-11,12,AR1 alpha + Basic + One-Step,NASDAQ:MSEX,0.022986820595004162
2021-08-12,12,AR1 alpha + Basic + One-Step,NASDAQ:MSEX,0.007317317078920538
2021-08-13,12,AR1 alpha + Basic + One-Step,NASDAQ:MSEX,0.0
2021-08-16,12,AR1 alpha + Basic + One-Step,NASDAQ:MSEX,0.0
2021-08-17,12,AR1 alpha + Basic + One-Step,NASDAQ:MSEX,0.10000062345902323
2021-08-18,12,AR1 alpha + Basic + One-Step,NASDAQ:MSEX,0.09999093176238938
2021-08-19,12,AR1 alpha + Basic + One-Step,NASDAQ:MSEX,0.09998360657248696
2021-08-20,12,AR1 alpha + Basic + One-Step,NASDAQ:MSEX,0.0700713493119656
2021-08-23,12,AR1 alpha + Basic + One-Step,NASDAQ:MSEX,0.08495120233130873
2021-08-24,12,AR1 alpha + Basic + One-Step,NASDAQ:MSEX,0.0911206485414017
2021-08-25,12,AR1 alpha + Basic + One-Step,NASDAQ:MSEX,0.09999321513308984
2021-08-26,12,AR1 alpha + Basic + One-Step,NASDAQ:MSEX,0.09999571380549625
2021-08-27,12,AR1 alpha + Basic + One-Step,NASDAQ:MSEX,0.09999678946873963
2021-08-30,12,AR1 alpha + Basic + One-Step,NASDAQ:MSEX,0.03152065268793855
2021-08-31,12,AR1 alpha + Basic + One-Step,NASDAQ:MSEX,0.0761991061821561
2021-09-01,12,AR1 alpha + Basic + One-Step,NASDAQ:MSEX,0.0
2021-09-02,12,AR1 alpha + Basic + One-Step,NASDAQ:MSEX,0.0
2021-09-03,12,AR1 alpha + Basic + One-Step,NASDAQ:MSEX,0.030376419713029335
2021-09-07,12,AR1 alpha + Basic + One-Step,NASDAQ:MSEX,0.06712323213498077
2021-09-08,12,AR1 alpha + Basic + One-Step,NASDAQ:MSEX,0.0
2021-09-09,12,AR1 alpha + Basic + One-Step,NASDAQ:MSEX,0.050313058618357526
2021-09-10,12,AR1 alpha + Basic + One-Step,NASDAQ:MSEX,0.09999596053034283
2021-09-13,12,AR1 alpha + Basic + One-Step,NASDAQ:MSEX,0.09999666800697948
2021-09-14,12,AR1 alpha + Basic + One-Step,NASDAQ:MSEX,0.0999982507056946
2021-09-15,12,AR1 alpha + Basic + One-Step,NASDAQ:MSEX,0.09999553198984076
2021-09-16,12,AR1 alpha + Basic + One-Step,NASDAQ:MSEX,0.09999384800348493
2021-09-17,12,AR1 alpha + Basic + One-Step,NASDAQ:MSEX,0.09998761362605914
2021-09-20,12,AR1 alpha + Basic + One-Step,NASDAQ:MSEX,0.09999172055770751
2021-09-21,12,AR1 alpha + Basic + One-Step,NASDAQ:MSEX,0.0999947264894113
2021-09-22,12,AR1 alpha + Basic + One-Step,NASDAQ:MSEX,0.09998956877212688
2021-09-23,12,AR1 alpha + Basic + One-Step,NASDAQ:MSEX,0.09998932200454816
2021-09-24,12,AR1 alpha + Basic + One-Step,NASDAQ:MSEX,0.09998623114566893
2021-09-27,12,AR1 alpha + Basic + One-Step,NASDAQ:MSEX,0.0999887847956657
2021-09-28,12,AR1 alpha + Basic + One-Step,NASDAQ:MSEX,0.09998378707641245
2021-09-29,12,AR1 alpha + Basic + One-Step,NASDAQ:MSEX,0.09998923961583234
2021-09-30,12,AR1 alpha + Basic + One-Step,NASDAQ:MSEX,0.09998439492276506
2021-10-01,12,AR1 alpha + Basic + One-Step,NASDAQ:MSEX,0.09998863534129644
2021-10-04,12,AR1 alpha + Basic + One-Step,NASDAQ:MSEX,0.09998704263142479
2021-10-05,12,AR1 alpha + Basic + One-Step,NASDAQ:MSEX,0.09999184503098366
2021-10-06,12,AR1 alpha + Basic + One-Step,NASDAQ:MSEX,0.08517274124797035
2021-10-07,12,AR1 alpha + Basic + One-Step,NASDAQ:MSEX,0.09999842959031477
2021-10-08,12,AR1 alpha + Basic + One-Step,NASDAQ:MSEX,0.09999787145913562
2021-10-11,12,AR1 alpha + Basic + One-Step,NASDAQ:MSEX,0.09999267647637244
2021-10-12,12,AR1 alpha + Basic + One-Step,NASDAQ:MSEX,0.09999500405516323
2021-10-13,12,AR1 alpha + Basic + One-Step,NASDAQ:MSEX,0.09999569089590737
2021-10-14,12,AR1 alpha + Basic + One-Step,NASDAQ:MSEX,0.09999541595400398
2021-10-15,12,AR1 alpha + Basic + One-Step,NASDAQ:MSEX,0.09998990517922147
2021-10-18,12,AR1 alpha + Basic + One-Step,NASDAQ:MSEX,0.09998807573450677
2021-10-19,12,AR1 alpha + Basic + One-Step,NASDAQ:MSEX,0.09999155409385095
2021-10-20,12,AR1 alpha + Basic + One-Step,NASDAQ:MSEX,0.0999918879808313
2021-10-21,12,AR1 alpha + Basic + One-Step,NASDAQ:MSEX,0.08061300100911938
2021-10-22,12,AR1 alpha + Basic + One-Step,NASDAQ:MSEX,0.03243661785438926
2021-10-25,12,AR1 alpha + Basic + One-Step,NASDAQ:MSEX,0.010595901067645665
2021-10-26,12,AR1 alpha + Basic + One-Step,NASDAQ:MSEX,0.030597864387564216
2021-10-27,12,AR1 alpha + Basic + One-Step,NASDAQ:MSEX,0.0882656702556105
2021-10-28,12,AR1 alpha + Basic + One-Step,NASDAQ:MSEX,0.022391265547353902
2021-10-29,12,AR1 alpha + Basic + One-Step,NASDAQ:MSEX,0.0
2021-11-01,12,AR1 alpha + Basic + One-Step,NASDAQ:MSEX,0.10000078072205844
2021-11-02,12,AR1 alpha + Basic + One-Step,NASDAQ:MSEX,0.09999442376916216
2021-11-03,12,AR1 alpha + Basic + One-Step,NASDAQ:MSEX,0.09998959193692963
2021-11-04,12,AR1 alpha + Basic + One-Step,NASDAQ:MSEX,0.09998477849310626
2021-11-05,12,AR1 alpha + Basic + One-Step,NASDAQ:MSEX,0.09999012565308357
2021-11-08,12,AR1 alpha + Basic + One-Step,NASDAQ:MSEX,0.09998868075753242
2021-11-09,12,AR1 alpha + Basic + One-Step,NASDAQ:MSEX,0.07940461043071817
2021-11-10,12,AR1 alpha + Basic + One-Step,NASDAQ:MSEX,0.0
2021-11-11,12,AR1 alpha + Basic + One-Step,NASDAQ:MSEX,0.00950945903311662
2021-11-12,12,AR1 alpha + Basic + One-Step,NASDAQ:MSEX,0.03429900286008206
2021-11-15,12,AR1 alpha + Basic + One-Step,NASDAQ:MSEX,0.051609956030485675
2021-11-16,12,AR1 alpha + Basic + One-Step,NASDAQ:MSEX,0.02800791867249898
2021-11-17,12,AR1 alpha + Basic + One-Step,NASDAQ:MSEX,0.0
2021-11-18,12,AR1 alpha + Basic + One-Step,NASDAQ:MSEX,0.04410261604304615
2021-11-19,12,AR1 alpha + Basic + One-Step,NASDAQ:MSEX,0.0
2021-11-22,12,AR1 alpha + Basic + One-Step,NASDAQ:MSEX,0.0
2021-11-23,12,AR1 alpha + Basic + One-Step,NASDAQ:MSEX,0.03567434451010988
2021-11-24,12,AR1 alpha + Basic + One-Step,NASDAQ:MSEX,0.09998615626863767
2021-11-26,12,AR1 alpha + Basic + One-Step,NASDAQ:MSEX,0.09997778379339918
2021-11-29,12,AR1 alpha + Basic + One-Step,NASDAQ:MSEX,0.099999030650206
2021-11-30,12,AR1 alpha + Basic + One-Step,NASDAQ:MSEX,0.0999949445519059
2021-12-01,12,AR1 alpha + Basic + One-Step,NASDAQ:MSEX,0.09999038724233446
2021-12-02,12,AR1 alpha + Basic + One-Step,NASDAQ:MSEX,0.09999038103969211
2021-12-03,12,AR1 alpha + Basic + One-Step,NASDAQ:MSEX,0.09999371516183202
2021-12-06,12,AR1 alpha + Basic + One-Step,NASDAQ:MSEX,0.0999895365018904
2021-12-07,12,AR1 alpha + Basic + One-Step,NASDAQ:MSEX,0.09998063571828195
2021-12-08,12,AR1 alpha + Basic + One-Step,NASDAQ:MSEX,0.09998467230889987
2021-12-09,12,AR1 alpha + Basic + One-Step,NASDAQ:MSEX,0.09998215804119413
2021-12-10,12,AR1 alpha + Basic + One-Step,NASDAQ:MSEX,0.0999890356492383
2021-12-13,12,AR1 alpha + Basic + One-Step,NASDAQ:MSEX,0.09998575158235481
2021-12-14,12,AR1 alpha + Basic + One-Step,NASDAQ:MSEX,0.09999078235516175
2021-12-15,12,AR1 alpha + Basic + One-Step,NASDAQ:MSEX,0.09998835105169901
2021-12-16,12,AR1 alpha + Basic + One-Step,NASDAQ:MSEX,0.0
2021-12-17,12,AR1 alpha + Basic + One-Step,NASDAQ:MSEX,0.0
2021-12-20,12,AR1 alpha + Basic + One-Step,NASDAQ:MSEX,0.0
2021-12-21,12,AR1 alpha + Basic + One-Step,NASDAQ:MSEX,0.0
2021-12-22,12,AR1 alpha + Basic + One-Step,NASDAQ:MSEX,2.3349699506980142e-07
2021-12-23,12,AR1 alpha + Basic + One-Step,NASDAQ:MSEX,0.007660000854056396
2021-12-27,12,AR1 alpha + Basic + One-Step,NASDAQ:MSEX,0.006049336667576462
2021-12-28,12,AR1 alpha + Basic + One-Step,NASDAQ:MSEX,0.044808156547420486
2021-12-29,12,AR1 alpha + Basic + One-Step,NASDAQ:MSEX,0.0
2021-12-30,12,AR1 alpha + Basic + One-Step,NASDAQ:MSEX,7.349100011313999e-07
2021-12-31,12,AR1 alpha + Basic + One-Step,NASDAQ:MSEX,2.765304586152545e-07
2022-01-03,12,AR1 alpha + Basic + One-Step,NASDAQ:MSEX,0.011054266023471471
2022-01-04,12,AR1 alpha + Basic + One-Step,NASDAQ:MSEX,0.05718784509948536
2022-01-05,12,AR1 alpha + Basic + One-Step,NASDAQ:MSEX,0.0627496136929319
2022-01-06,12,AR1 alpha + Basic + One-Step,NASDAQ:MSEX,0.09999538947499387
2022-01-07,12,AR1 alpha + Basic + One-Step,NASDAQ:MSEX,0.09999711367473098
2022-01-10,12,AR1 alpha + Basic + One-Step,NASDAQ:MSEX,0.09999237003739839
2022-01-11,12,AR1 alpha + Basic + One-Step,NASDAQ:MSEX,0.09998517119289022
2022-01-12,12,AR1 alpha + Basic + One-Step,NASDAQ:MSEX,0.099983584694122
2022-01-13,12,AR1 alpha + Basic + One-Step,NASDAQ:MSEX,0.10000590116917031
2022-01-14,12,AR1 alpha + Basic + One-Step,NASDAQ:MSEX,0.09999305950648774
2022-01-18,12,AR1 alpha + Basic + One-Step,NASDAQ:MSEX,0.0999901974417393
2022-01-19,12,AR1 alpha + Basic + One-Step,NASDAQ:MSEX,0.09998657975526662
2022-01-20,12,AR1 alpha + Basic + One-Step,NASDAQ:MSEX,0.09998324772756553
2022-01-21,12,AR1 alpha + Basic + One-Step,NASDAQ:MSEX,0.1000017151553172
2022-01-24,12,AR1 alpha + Basic + One-Step,NASDAQ:MSEX,0.10000077590074066
2022-01-25,12,AR1 alpha + Basic + One-Step,NASDAQ:MSEX,0.0999946131566438
2022-01-26,12,AR1 alpha + Basic + One-Step,NASDAQ:MSEX,0.09999661526115537
2022-01-27,12,AR1 alpha + Basic + One-Step,NASDAQ:MSEX,0.09999558421961309
2022-01-28,12,AR1 alpha + Basic + One-Step,NASDAQ:MSEX,0.09999712893346063
2022-01-31,12,AR1 alpha + Basic + One-Step,NASDAQ:MSEX,0.09999365273740092
2022-02-01,12,AR1 alpha + Basic + One-Step,NASDAQ:MSEX,0.09999114083452244
2022-02-02,12,AR1 alpha + Basic + One-Step,NASDAQ:MSEX,0.08375261590599618
2022-02-03,12,AR1 alpha + Basic + One-Step,NASDAQ:MSEX,0.042752693549386496
2022-02-04,12,AR1 alpha + Basic + One-Step,NASDAQ:MSEX,0.024990861075123126
2022-02-07,12,AR1 alpha + Basic + One-Step,NASDAQ:MSEX,1.9816081786718738e-07
2022-02-08,12,AR1 alpha + Basic + One-Step,NASDAQ:MSEX,0.0
2022-02-09,12,AR1 alpha + Basic + One-Step,NASDAQ:MSEX,0.003717516497191705
2022-02-10,12,AR1 alpha + Basic + One-Step,NASDAQ:MSEX,0.0
2022-02-11,12,AR1 alpha + Basic + One-Step,NASDAQ:MSEX,9.135080196727732e-08
2022-02-14,12,AR1 alpha + Basic + One-Step,NASDAQ:MSEX,9.626585948429429e-08
2022-02-15,12,AR1 alpha + Basic + One-Step,NASDAQ:MSEX,0.0
2022-02-16,12,AR1 alpha + Basic + One-Step,NASDAQ:MSEX,0.008991073916999591
2022-02-17,12,AR1 alpha + Basic + One-Step,NASDAQ:MSEX,0.007863382434408364
2022-02-18,12,AR1 alpha + Basic + One-Step,NASDAQ:MSEX,0.02007802922479067
2022-02-22,12,AR1 alpha + Basic + One-Step,NASDAQ:MSEX,0.05011932659364546
2022-02-23,12,AR1 alpha + Basic + One-Step,NASDAQ:MSEX,0.10000000000000005
2022-02-24,12,AR1 alpha + Basic + One-Step,NASDAQ:MSEX,0.10000000000000003
2022-02-25,12,AR1 alpha + Basic + One-Step,NASDAQ:MSEX,0.09999962495230398
2022-02-28,12,AR1 alpha + Basic + One-Step,NASDAQ:MSEX,0.09999085560263445
2022-03-01,12,AR1 alpha + Basic + One-Step,NASDAQ:MSEX,0.09999492142767348
2022-03-02,12,AR1 alpha + Basic + One-Step,NASDAQ:MSEX,0.09999695467139126
2022-03-03,12,AR1 alpha + Basic + One-Step,NASDAQ:MSEX,0.0999972101721603
2022-03-04,12,AR1 alpha + Basic + One-Step,NASDAQ:MSEX,0.09999589503544531
2022-03-07,12,AR1 alpha + Basic + One-Step,NASDAQ:MSEX,0.09999765105272669
2022-03-08,12,AR1 alpha + Basic + One-Step,NASDAQ:MSEX,0.0999999990294026
2022-03-09,12,AR1 alpha + Basic + One-Step,NASDAQ:MSEX,0.09999865654898754
2022-03-10,12,AR1 alpha + Basic + One-Step,NASDAQ:MSEX,0.0999991503806905
2022-03-11,12,AR1 alpha + Basic + One-Step,NASDAQ:MSEX,0.09999959303893621
2022-03-14,12,AR1 alpha + Basic + One-Step,NASDAQ:MSEX,0.0999991295449944
2022-03-15,12,AR1 alpha + Basic + One-Step,NASDAQ:MSEX,0.09999947286720086
2022-03-16,12,AR1 alpha + Basic + One-Step,NASDAQ:MSEX,0.1
2022-03-17,12,AR1 alpha + Basic + One-Step,NASDAQ:MSEX,0.09999233030415361
2022-03-18,12,AR1 alpha + Basic + One-Step,NASDAQ:MSEX,0.0999890760270683
2022-03-21,12,AR1 alpha + Basic + One-Step,NASDAQ:MSEX,0.09999207931616481
2022-03-22,12,AR1 alpha + Basic + One-Step,NASDAQ:MSEX,0.09999131378878509
2022-03-23,12,AR1 alpha + Basic + One-Step,NASDAQ:MSEX,0.09999451345452477
2022-03-24,12,AR1 alpha + Basic + One-Step,NASDAQ:MSEX,0.09999709022943666
2022-03-25,12,AR1 alpha + Basic + One-Step,NASDAQ:MSEX,0.09999707304150195
2022-03-28,12,AR1 alpha + Basic + One-Step,NASDAQ:MSEX,0.09999687910566073
2022-03-29,12,AR1 alpha + Basic + One-Step,NASDAQ:MSEX,0.09999247612679119
2022-03-30,12,AR1 alpha + Basic + One-Step,NASDAQ:MSEX,0.09999209634341369
2022-03-31,12,AR1 alpha + Basic + One-Step,NASDAQ:MSEX,0.09998806410985317
2022-04-01,12,AR1 alpha + Basic + One-Step,NASDAQ:MSEX,0.09999019273234569
2022-04-04,12,AR1 alpha + Basic + One-Step,NASDAQ:MSEX,0.09999865933325865
2022-04-05,12,AR1 alpha + Basic + One-Step,NASDAQ:MSEX,0.09999652316019492
2022-04-06,12,AR1 alpha + Basic + One-Step,NASDAQ:MSEX,0.09999044882621663
2022-04-07,12,AR1 alpha + Basic + One-Step,NASDAQ:MSEX,0.0999935972008436
2022-04-08,12,AR1 alpha + Basic + One-Step,NASDAQ:MSEX,0.09999484720445295
2022-04-11,12,AR1 alpha + Basic + One-Step,NASDAQ:MSEX,0.0999930382185686
2022-04-12,12,AR1 alpha + Basic + One-Step,NASDAQ:MSEX,0.09999512682424215
2022-04-13,12,AR1 alpha + Basic + One-Step,NASDAQ:MSEX,0.09999730546349318
2022-04-14,12,AR1 alpha + Basic + One-Step,NASDAQ:MSEX,0.09999829822132357
2022-04-18,12,AR1 alpha + Basic + One-Step,NASDAQ:MSEX,0.09999881063498219
2022-04-19,12,AR1 alpha + Basic + One-Step,NASDAQ:MSEX,0.09999744354423931
2022-04-20,12,AR1 alpha + Basic + One-Step,NASDAQ:MSEX,0.09999879438845134
2022-04-21,12,AR1 alpha + Basic + One-Step,NASDAQ:MSEX,0.09999570278949856
2022-04-22,12,AR1 alpha + Basic + One-Step,NASDAQ:MSEX,0.09999596112873556
2022-04-25,12,AR1 alpha + Basic + One-Step,NASDAQ:MSEX,0.09999530734561829
2022-04-26,12,AR1 alpha + Basic + One-Step,NASDAQ:MSEX,0.09813922009293255
2022-04-27,12,AR1 alpha + Basic + One-Step,NASDAQ:MSEX,0.09999887092754481
2022-04-28,12,AR1 alpha + Basic + One-Step,NASDAQ:MSEX,0.09999907189260662
2022-04-29,12,AR1 alpha + Basic + One-Step,NASDAQ:MSEX,0.09999774693110544
2022-05-02,12,AR1 alpha + Basic + One-Step,NASDAQ:MSEX,0.09999414464419581
2022-05-03,12,AR1 alpha + Basic + One-Step,NASDAQ:MSEX,0.09999323592274924
2022-05-04,12,AR1 alpha + Basic + One-Step,NASDAQ:MSEX,0.06586545510271011
2022-05-05,12,AR1 alpha + Basic + One-Step,NASDAQ:MSEX,0.08806444517055348
2022-05-06,12,AR1 alpha + Basic + One-Step,NASDAQ:MSEX,0.04612772439874241
2022-05-09,12,AR1 alpha + Basic + One-Step,NASDAQ:MSEX,0.018338345448403234
2022-05-10,12,AR1 alpha + Basic + One-Step,NASDAQ:MSEX,0.018337823210541636
2022-05-11,12,AR1 alpha + Basic + One-Step,NASDAQ:MSEX,0.014658186591159823
2022-05-12,12,AR1 alpha + Basic + One-Step,NASDAQ:MSEX,0.017857841868286737
2022-05-13,12,AR1 alpha + Basic + One-Step,NASDAQ:MSEX,0.052582962333522706
2022-05-16,12,AR1 alpha + Basic + One-Step,NASDAQ:MSEX,0.06069773579863924
2022-05-17,12,AR1 alpha + Basic + One-Step,NASDAQ:MSEX,0.10000004176735908
2022-05-18,12,AR1 alpha + Basic + One-Step,NASDAQ:MSEX,0.09999875332521245
2022-05-19,12,AR1 alpha + Basic + One-Step,NASDAQ:MSEX,0.09999692904438548
2022-05-20,12,AR1 alpha + Basic + One-Step,NASDAQ:MSEX,0.09999506415949265
2022-05-23,12,AR1 alpha + Basic + One-Step,NASDAQ:MSEX,0.09999710071996144
2022-05-24,12,AR1 alpha + Basic + One-Step,NASDAQ:MSEX,0.09999563684308743
2022-05-25,12,AR1 alpha + Basic + One-Step,NASDAQ:MSEX,0.09999729966469714
2022-05-26,12,AR1 alpha + Basic + One-Step,NASDAQ:MSEX,0.09999559217246935
2022-05-27,12,AR1 alpha + Basic + One-Step,NASDAQ:MSEX,0.08269927989955751
2022-05-31,12,AR1 alpha + Basic + One-Step,NASDAQ:MSEX,0.09999764624859203
2022-06-01,12,AR1 alpha + Basic + One-Step,NASDAQ:MSEX,0.09999879242327242
2022-06-02,12,AR1 alpha + Basic + One-Step,NASDAQ:MSEX,0.09999847074031784
2022-06-03,12,AR1 alpha + Basic + One-Step,NASDAQ:MSEX,0.06987872058343873
2022-06-06,12,AR1 alpha + Basic + One-Step,NASDAQ:MSEX,0.057952996249584575
2022-06-07,12,AR1 alpha + Basic + One-Step,NASDAQ:MSEX,0.010865253824339748
2022-06-08,12,AR1 alpha + Basic + One-Step,NASDAQ:MSEX,0.09368506822595049
2022-06-09,12,AR1 alpha + Basic + One-Step,NASDAQ:MSEX,0.09368450171587198
2022-06-10,12,AR1 alpha + Basic + One-Step,NASDAQ:MSEX,0.0685730386860935
2022-06-13,12,AR1 alpha + Basic + One-Step,NASDAQ:MSEX,0.0981726862601368
2022-06-14,12,AR1 alpha + Basic + One-Step,NASDAQ:MSEX,0.09999954979544365
2022-06-15,12,AR1 alpha + Basic + One-Step,NASDAQ:MSEX,0.052051031812941816
2022-06-16,12,AR1 alpha + Basic + One-Step,NASDAQ:MSEX,0.05389543046607799
2022-06-17,12,AR1 alpha + Basic + One-Step,NASDAQ:MSEX,0.02815133240545335
2022-06-21,12,AR1 alpha + Basic + One-Step,NASDAQ:MSEX,0.031241441615107522
2022-06-22,12,AR1 alpha + Basic + One-Step,NASDAQ:MSEX,0.03580517611358274
2022-06-23,12,AR1 alpha + Basic + One-Step,NASDAQ:MSEX,0.0
2022-06-24,12,AR1 alpha + Basic + One-Step,NASDAQ:MSEX,0.01445496183586302
2022-06-27,12,AR1 alpha + Basic + One-Step,NASDAQ:MSEX,0.04124726262722393
2022-06-28,12,AR1 alpha + Basic + One-Step,NASDAQ:MSEX,0.06251196194949024
2022-06-29,12,AR1 alpha + Basic + One-Step,NASDAQ:MSEX,0.07459882390351968
2022-06-30,12,AR1 alpha + Basic + One-Step,NASDAQ:MSEX,0.04452570762785014
2022-07-01,12,AR1 alpha + Basic + One-Step,NASDAQ:MSEX,0.03854304455826537
2022-07-05,12,AR1 alpha + Basic + One-Step,NASDAQ:MSEX,0.09088635724732422
2022-07-06,12,AR1 alpha + Basic + One-Step,NASDAQ:MSEX,0.0944485637022636
2022-07-07,12,AR1 alpha + Basic + One-Step,NASDAQ:MSEX,0.0999997926762104
2022-07-08,12,AR1 alpha + Basic + One-Step,NASDAQ:MSEX,0.09999363615788184
2022-07-11,12,AR1 alpha + Basic + One-Step,NASDAQ:MSEX,0.09999402396349111
2022-07-12,12,AR1 alpha + Basic + One-Step,NASDAQ:MSEX,0.0999966229376066
2022-07-13,12,AR1 alpha + Basic + One-Step,NASDAQ:MSEX,0.09999840516443918
2022-07-14,12,AR1 alpha + Basic + One-Step,NASDAQ:MSEX,0.08474839479549094
2022-07-15,12,AR1 alpha + Basic + One-Step,NASDAQ:MSEX,0.09999630735848503
2022-07-18,12,AR1 alpha + Basic + One-Step,NASDAQ:MSEX,0.06562626494771757
2022-07-19,12,AR1 alpha + Basic + One-Step,NASDAQ:MSEX,0.09999961099661878
2022-07-20,12,AR1 alpha + Basic + One-Step,NASDAQ:MSEX,0.0999993975259515
2022-07-21,12,AR1 alpha + Basic + One-Step,NASDAQ:MSEX,0.07831409133850034
2022-07-22,12,AR1 alpha + Basic + One-Step,NASDAQ:MSEX,0.07831369901874427
2022-07-25,12,AR1 alpha + Basic + One-Step,NASDAQ:MSEX,0.09999981225536557
2022-07-26,12,AR1 alpha + Basic + One-Step,NASDAQ:MSEX,0.09999976560985138
2022-07-27,12,AR1 alpha + Basic + One-Step,NASDAQ:MSEX,0.09999890100754508
2022-07-28,12,AR1 alpha + Basic + One-Step,NASDAQ:MSEX,0.09999761880419393
2022-07-29,12,AR1 alpha + Basic + One-Step,NASDAQ:MSEX,0.0999975267071809
2022-08-01,12,AR1 alpha + Basic + One-Step,NASDAQ:MSEX,0.0
2022-08-02,12,AR1 alpha + Basic + One-Step,NASDAQ:MSEX,0.0
2022-08-03,12,AR1 alpha + Basic + One-Step,NASDAQ:MSEX,0.0
2022-08-04,12,AR1 alpha + Basic + One-Step,NASDAQ:MSEX,0.0
2022-08-05,12,AR1 alpha + Basic + One-Step,NASDAQ:MSEX,0.0
2022-08-08,12,AR1 alpha + Basic + One-Step,NASDAQ:MSEX,0.0
2022-08-09,12,AR1 alpha + Basic + One-Step,NASDAQ:MSEX,0.0
2022-08-10,12,AR1 alpha + Basic + One-Step,NASDAQ:MSEX,0.0
2022-08-11,12,AR1 alpha + Basic + One-Step,NASDAQ:MSEX,0.0
2022-08-12,12,AR1 alpha + Basic + One-Step,NASDAQ:MSEX,0.0
2022-08-15,12,AR1 alpha + Basic + One-Step,NASDAQ:MSEX,0.0
2022-08-16,12,AR1 alpha + Basic + One-Step,NASDAQ:MSEX,0.0
2022-08-17,12,AR1 alpha + Basic + One-Step,NASDAQ:MSEX,0.0
2022-08-18,12,AR1 alpha + Basic + One-Step,NASDAQ:MSEX,0.0
2022-08-19,12,AR1 alpha + Basic + One-Step,NASDAQ:MSEX,0.0
2022-08-22,12,AR1 alpha + Basic + One-Step,NASDAQ:MSEX,0.0
2022-08-23,12,AR1 alpha + Basic + One-Step,NASDAQ:MSEX,0.0
2022-08-24,12,AR1 alpha + Basic + One-Step,NASDAQ:MSEX,2.3234539385041097e-07
2022-08-25,12,AR1 alpha + Basic + One-Step,NASDAQ:MSEX,0.0
2022-08-26,12,AR1 alpha + Basic + One-Step,NASDAQ:MSEX,0.0
2022-08-29,12,AR1 alpha + Basic + One-Step,NASDAQ:MSEX,0.0
2022-08-30,12,AR1 alpha + Basic + One-Step,NASDAQ:MSEX,0.0
2022-08-31,12,AR1 alpha + Basic + One-Step,NASDAQ:MSEX,0.0
2022-09-01,12,AR1 alpha + Basic + One-Step,NASDAQ:MSEX,0.0
2022-09-02,12,AR1 alpha + Basic + One-Step,NASDAQ:MSEX,0.0
2022-09-06,12,AR1 alpha + Basic + One-Step,NASDAQ:MSEX,0.0
2022-09-07,12,AR1 alpha + Basic + One-Step,NASDAQ:MSEX,0.0
2022-09-08,12,AR1 alpha + Basic + One-Step,NASDAQ:MSEX,0.0
2022-09-09,12,AR1 alpha + Basic + One-Step,NASDAQ:MSEX,0.0
2022-09-12,12,AR1 alpha + Basic + One-Step,NASDAQ:MSEX,0.0
2022-09-13,12,AR1 alpha + Basic + One-Step,NASDAQ:MSEX,0.0
2022-09-14,12,AR1 alpha + Basic + One-Step,NASDAQ:MSEX,7.175234499599604e-08
2022-09-15,12,AR1 alpha + Basic + One-Step,NASDAQ:MSEX,0.0
2022-09-16,12,AR1 alpha + Basic + One-Step,NASDAQ:MSEX,2.3399937520653412e-08
2022-09-19,12,AR1 alpha + Basic + One-Step,NASDAQ:MSEX,0.0
2022-09-20,12,AR1 alpha + Basic + One-Step,NASDAQ:MSEX,2.3790219138482778e-07
2022-09-21,12,AR1 alpha + Basic + One-Step,NASDAQ:MSEX,0.0
2022-09-22,12,AR1 alpha + Basic + One-Step,NASDAQ:MSEX,0.0
2022-09-23,12,AR1 alpha + Basic + One-Step,NASDAQ:MSEX,0.0
2022-09-26,12,AR1 alpha + Basic + One-Step,NASDAQ:MSEX,3.7050267428014783e-09
2022-09-27,12,AR1 alpha + Basic + One-Step,NASDAQ:MSEX,2.091440682078728e-09
2022-09-28,12,AR1 alpha + Basic + One-Step,NASDAQ:MSEX,0.0
2022-09-29,12,AR1 alpha + Basic + One-Step,NASDAQ:MSEX,7.443532499543776e-09
2022-09-30,12,AR1 alpha + Basic + One-Step,NASDAQ:MSEX,0.0
2022-10-03,12,AR1 alpha + Basic + One-Step,NASDAQ:MSEX,0.0
2022-10-04,12,AR1 alpha + Basic + One-Step,NASDAQ:MSEX,0.0
2022-10-05,12,AR1 alpha + Basic + One-Step,NASDAQ:MSEX,1.966778189548866e-08
2022-10-06,12,AR1 alpha + Basic + One-Step,NASDAQ:MSEX,0.0
2022-10-07,12,AR1 alpha + Basic + One-Step,NASDAQ:MSEX,3.909792893161674e-09
2022-10-10,12,AR1 alpha + Basic + One-Step,NASDAQ:MSEX,0.0
2022-10-11,12,AR1 alpha + Basic + One-Step,NASDAQ:MSEX,2.0445285488078974e-07
2022-10-12,12,AR1 alpha + Basic + One-Step,NASDAQ:MSEX,1.235143738895802e-07
2022-10-13,12,AR1 alpha + Basic + One-Step,NASDAQ:MSEX,8.974505333246223e-07
2022-10-14,12,AR1 alpha + Basic + One-Step,NASDAQ:MSEX,6.676070798083229e-07
2022-10-17,12,AR1 alpha + Basic + One-Step,NASDAQ:MSEX,0.0
2022-10-18,12,AR1 alpha + Basic + One-Step,NASDAQ:MSEX,0.0
2022-10-19,12,AR1 alpha + Basic + One-Step,NASDAQ:MSEX,1.8092336345776033e-08
2022-10-20,12,AR1 alpha + Basic + One-Step,NASDAQ:MSEX,0.0
2022-10-21,12,AR1 alpha + Basic + One-Step,NASDAQ:MSEX,3.5416228974702396e-08
2022-10-24,12,AR1 alpha + Basic + One-Step,NASDAQ:MSEX,0.0
2022-10-25,12,AR1 alpha + Basic + One-Step,NASDAQ:MSEX,0.0
2022-10-26,12,AR1 alpha + Basic + One-Step,NASDAQ:MSEX,0.0
2022-10-27,12,AR1 alpha + Basic + One-Step,NASDAQ:MSEX,0.0
2022-10-28,12,AR1 alpha + Basic + One-Step,NASDAQ:MSEX,0.0
2022-10-31,12,AR1 alpha + Basic + One-Step,NASDAQ:MSEX,0.0
2022-11-01,12,AR1 alpha + Basic + One-Step,NASDAQ:MSEX,0.0
2022-11-02,12,AR1 alpha + Basic + One-Step,NASDAQ:MSEX,7.499094456761331e-07
2022-11-03,12,AR1 alpha + Basic + One-Step,NASDAQ:MSEX,1.8501268895365506e-06
2022-11-04,12,AR1 alpha + Basic + One-Step,NASDAQ:MSEX,1.6170573884485767e-06
2022-11-07,12,AR1 alpha + Basic + One-Step,NASDAQ:MSEX,4.881815251064592e-07
2022-11-08,12,AR1 alpha + Basic + One-Step,NASDAQ:MSEX,0.0
2022-11-09,12,AR1 alpha + Basic + One-Step,NASDAQ:MSEX,0.0
2022-11-10,12,AR1 alpha + Basic + One-Step,NASDAQ:MSEX,0.0
2022-11-11,12,AR1 alpha + Basic + One-Step,NASDAQ:MSEX,9.647138813482572e-08
2022-11-14,12,AR1 alpha + Basic + One-Step,NASDAQ:MSEX,0.0
2022-11-15,12,AR1 alpha + Basic + One-Step,NASDAQ:MSEX,0.0
2022-11-16,12,AR1 alpha + Basic + One-Step,NASDAQ:MSEX,0.0
2022-11-17,12,AR1 alpha + Basic + One-Step,NASDAQ:MSEX,0.0
2022-11-18,12,AR1 alpha + Basic + One-Step,NASDAQ:MSEX,6.340603232256224e-07
2022-11-21,12,AR1 alpha + Basic + One-Step,NASDAQ:MSEX,8.114145795182863e-07
2022-11-22,12,AR1 alpha + Basic + One-Step,NASDAQ:MSEX,1.4985722401535592e-07
2022-11-23,12,AR1 alpha + Basic + One-Step,NASDAQ:MSEX,0.0
2022-11-25,12,AR1 alpha + Basic + One-Step,NASDAQ:MSEX,0.0
2022-11-28,12,AR1 alpha + Basic + One-Step,NASDAQ:MSEX,0.0
2022-11-29,12,AR1 alpha + Basic + One-Step,NASDAQ:MSEX,0.0
2022-11-30,12,AR1 alpha + Basic + One-Step,NASDAQ:MSEX,1.6991454642039327e-07
2022-12-01,12,AR1 alpha + Basic + One-Step,NASDAQ:MSEX,0.0
2022-12-02,12,AR1 alpha + Basic + One-Step,NASDAQ:MSEX,0.0
2022-12-05,12,AR1 alpha + Basic + One-Step,NASDAQ:MSEX,0.0
2022-12-06,12,AR1 alpha + Basic + One-Step,NASDAQ:MSEX,0.0
2022-12-07,12,AR1 alpha + Basic + One-Step,NASDAQ:MSEX,0.0
2022-12-08,12,AR1 alpha + Basic + One-Step,NASDAQ:MSEX,0.0
2022-12-09,12,AR1 alpha + Basic + One-Step,NASDAQ:MSEX,0.0
2022-12-12,12,AR1 alpha + Basic + One-Step,NASDAQ:MSEX,1.55303632170123e-08
2022-12-13,12,AR1 alpha + Basic + One-Step,NASDAQ:MSEX,0.0
2022-12-14,12,AR1 alpha + Basic + One-Step,NASDAQ:MSEX,1.8759466454344427e-07
2022-12-15,12,AR1 alpha + Basic + One-Step,NASDAQ:MSEX,0.0
2022-12-16,12,AR1 alpha + Basic + One-Step,NASDAQ:MSEX,0.0
2022-12-19,12,AR1 alpha + Basic + One-Step,NASDAQ:MSEX,0.0
2022-12-20,12,AR1 alpha + Basic + One-Step,NASDAQ:MSEX,0.0
2022-12-21,12,AR1 alpha + Basic + One-Step,NASDAQ:MSEX,0.0
2022-12-22,12,AR1 alpha + Basic + One-Step,NASDAQ:MSEX,1.9890443280140408e-08
2022-12-23,12,AR1 alpha + Basic + One-Step,NASDAQ:MSEX,0.0
2022-12-27,12,AR1 alpha + Basic + One-Step,NASDAQ:MSEX,4.056134035135136e-07
2022-12-28,12,AR1 alpha + Basic + One-Step,NASDAQ:MSEX,0.0
2022-12-29,12,AR1 alpha + Basic + One-Step,NASDAQ:MSEX,9.963246292929838e-09
2022-12-30,12,AR1 alpha + Basic + One-Step,NASDAQ:MSEX,0.0
2023-01-03,12,AR1 alpha + Basic + One-Step,NASDAQ:MSEX,2.868074337943213e-07
2023-01-04,12,AR1 alpha + Basic + One-Step,NASDAQ:MSEX,0.0
2023-01-05,12,AR1 alpha + Basic + One-Step,NASDAQ:MSEX,0.0
2023-01-06,12,AR1 alpha + Basic + One-Step,NASDAQ:MSEX,0.0
2023-01-09,12,AR1 alpha + Basic + One-Step,NASDAQ:MSEX,0.0
2023-01-10,12,AR1 alpha + Basic + One-Step,NASDAQ:MSEX,0.0
2023-01-11,12,AR1 alpha + Basic + One-Step,NASDAQ:MSEX,1.519057517878824e-08
2023-01-12,12,AR1 alpha + Basic + One-Step,NASDAQ:MSEX,0.0
2023-01-13,12,AR1 alpha + Basic + One-Step,NASDAQ:MSEX,1.1532471498631903e-08
2023-01-17,12,AR1 alpha + Basic + One-Step,NASDAQ:MSEX,0.0
2023-01-18,12,AR1 alpha + Basic + One-Step,NASDAQ:MSEX,0.0
2023-01-19,12,AR1 alpha + Basic + One-Step,NASDAQ:MSEX,0.0
2023-01-20,12,AR1 alpha + Basic + One-Step,NASDAQ:MSEX,0.0
2023-01-23,12,AR1 alpha + Basic + One-Step,NASDAQ:MSEX,0.0
2023-01-24,12,AR1 alpha + Basic + One-Step,NASDAQ:MSEX,0.0
2023-01-25,12,AR1 alpha + Basic + One-Step,NASDAQ:MSEX,0.0
2023-01-26,12,AR1 alpha + Basic + One-Step,NASDAQ:MSEX,0.0
2023-01-27,12,AR1 alpha + Basic + One-Step,NASDAQ:MSEX,0.0
2023-01-30,12,AR1 alpha + Basic + One-Step,NASDAQ:MSEX,0.0
2023-01-31,12,AR1 alpha + Basic + One-Step,NASDAQ:MSEX,0.0
2023-02-01,12,AR1 alpha + Basic + One-Step,NASDAQ:MSEX,0.0
2023-02-02,12,AR1 alpha + Basic + One-Step,NASDAQ:MSEX,9.753468630155846e-07
2023-02-03,12,AR1 alpha + Basic + One-Step,NASDAQ:MSEX,3.267315446385075e-07
2023-02-06,12,AR1 alpha + Basic + One-Step,NASDAQ:MSEX,0.0
2023-02-07,12,AR1 alpha + Basic + One-Step,NASDAQ:MSEX,0.0
2023-02-08,12,AR1 alpha + Basic + One-Step,NASDAQ:MSEX,0.0
2023-02-09,12,AR1 alpha + Basic + One-Step,NASDAQ:MSEX,0.0
2023-02-10,12,AR1 alpha + Basic + One-Step,NASDAQ:MSEX,0.0
2023-02-13,12,AR1 alpha + Basic + One-Step,NASDAQ:MSEX,0.0
2023-02-14,12,AR1 alpha + Basic + One-Step,NASDAQ:MSEX,0.0
2023-02-15,12,AR1 alpha + Basic + One-Step,NASDAQ:MSEX,1.3611578586679779e-07
2023-02-16,12,AR1 alpha + Basic + One-Step,NASDAQ:MSEX,3.362257596949415e-08
2023-02-17,12,AR1 alpha + Basic + One-Step,NASDAQ:MSEX,0.0
2023-02-21,12,AR1 alpha + Basic + One-Step,NASDAQ:MSEX,0.0
2023-02-22,12,AR1 alpha + Basic + One-Step,NASDAQ:MSEX,1.5386891719981621e-07
2023-02-23,12,AR1 alpha + Basic + One-Step,NASDAQ:MSEX,0.0
2023-02-24,12,AR1 alpha + Basic + One-Step,NASDAQ:MSEX,0.0
2023-02-27,12,AR1 alpha + Basic + One-Step,NASDAQ:MSEX,0.0
2023-02-28,12,AR1 alpha + Basic + One-Step,NASDAQ:MSEX,0.0
2023-03-01,12,AR1 alpha + Basic + One-Step,NASDAQ:MSEX,0.0
2023-03-02,12,AR1 alpha + Basic + One-Step,NASDAQ:MSEX,2.6042292039440305e-07
2023-03-03,12,AR1 alpha + Basic + One-Step,NASDAQ:MSEX,0.0
2023-03-06,12,AR1 alpha + Basic + One-Step,NASDAQ:MSEX,0.0
2023-03-07,12,AR1 alpha + Basic + One-Step,NASDAQ:MSEX,0.0
2023-03-08,12,AR1 alpha + Basic + One-Step,NASDAQ:MSEX,0.0
2023-03-09,12,AR1 alpha + Basic + One-Step,NASDAQ:MSEX,0.0
2023-03-10,12,AR1 alpha + Basic + One-Step,NASDAQ:MSEX,5.268071074129578e-09
2023-03-13,12,AR1 alpha + Basic + One-Step,NASDAQ:MSEX,2.1995849444001856e-07
2023-03-14,12,AR1 alpha + Basic + One-Step,NASDAQ:MSEX,0.0
2023-03-15,12,AR1 alpha + Basic + One-Step,NASDAQ:MSEX,9.712770057563143e-08
2023-03-16,12,AR1 alpha + Basic + One-Step,NASDAQ:MSEX,1.7246484409466114e-07
2023-03-17,12,AR1 alpha + Basic + One-Step,NASDAQ:MSEX,0.0
2023-03-20,12,AR1 alpha + Basic + One-Step,NASDAQ:MSEX,2.2629194030364687e-06
2023-03-21,12,AR1 alpha + Basic + One-Step,NASDAQ:MSEX,1.0310317811710612e-06
2023-03-22,12,AR1 alpha + Basic + One-Step,NASDAQ:MSEX,6.020362164843873e-07
2023-03-23,12,AR1 alpha + Basic + One-Step,NASDAQ:MSEX,5.299712590810323e-07
2023-03-24,12,AR1 alpha + Basic + One-Step,NASDAQ:MSEX,2.685247813489754e-07
2023-03-27,12,AR1 alpha + Basic + One-Step,NASDAQ:MSEX,0.0
2023-03-28,12,AR1 alpha + Basic + One-Step,NASDAQ:MSEX,8.440229480503163e-08
2023-03-29,12,AR1 alpha + Basic + One-Step,NASDAQ:MSEX,5.33663905242239e-08
2023-03-30,12,AR1 alpha + Basic + One-Step,NASDAQ:MSEX,0.0
2023-03-31,12,AR1 alpha + Basic + One-Step,NASDAQ:MSEX,3.599627825711067e-07
2023-04-03,12,AR1 alpha + Basic + One-Step,NASDAQ:MSEX,0.0
2023-04-04,12,AR1 alpha + Basic + One-Step,NASDAQ:MSEX,5.563529579277914e-07
2023-04-05,12,AR1 alpha + Basic + One-Step,NASDAQ:MSEX,4.5085208427936357e-07
2023-04-06,12,AR1 alpha + Basic + One-Step,NASDAQ:MSEX,3.531631871226252e-07
2023-04-10,12,AR1 alpha + Basic + One-Step,NASDAQ:MSEX,0.0
2023-04-11,12,AR1 alpha + Basic + One-Step,NASDAQ:MSEX,0.0
2023-04-12,12,AR1 alpha + Basic + One-Step,NASDAQ:MSEX,0.0
2023-04-13,12,AR1 alpha + Basic + One-Step,NASDAQ:MSEX,0.0
2023-04-14,12,AR1 alpha + Basic + One-Step,NASDAQ:MSEX,0.0
2023-04-17,12,AR1 alpha + Basic + One-Step,NASDAQ:MSEX,0.0
2023-04-18,12,AR1 alpha + Basic + One-Step,NASDAQ:MSEX,0.0
2023-04-19,12,AR1 alpha + Basic + One-Step,NASDAQ:MSEX,1.053967266271952e-09
2023-04-20,12,AR1 alpha + Basic + One-Step,NASDAQ:MSEX,1.1513583798748718e-08
2023-04-21,12,AR1 alpha + Basic + One-Step,NASDAQ:MSEX,4.6946978769299096e-08
2023-04-24,12,AR1 alpha + Basic + One-Step,NASDAQ:MSEX,0.0
2023-04-25,12,AR1 alpha + Basic + One-Step,NASDAQ:MSEX,0.0
2023-04-26,12,AR1 alpha + Basic + One-Step,NASDAQ:MSEX,0.0
2023-04-27,12,AR1 alpha + Basic + One-Step,NASDAQ:MSEX,6.710040406808047e-07
2023-04-28,12,AR1 alpha + Basic + One-Step,NASDAQ:MSEX,3.480802726966208e-07
2023-05-01,12,AR1 alpha + Basic + One-Step,NASDAQ:MSEX,1.740334212971094e-07
2023-05-02,12,AR1 alpha + Basic + One-Step,NASDAQ:MSEX,1.2422748680543932e-07
2023-05-03,12,AR1 alpha + Basic + One-Step,NASDAQ:MSEX,0.0
2023-05-04,12,AR1 alpha + Basic + One-Step,NASDAQ:MSEX,0.0
2023-05-05,12,AR1 alpha + Basic + One-Step,NASDAQ:MSEX,1.8039610239401185e-07
2023-05-08,12,AR1 alpha + Basic + One-Step,NASDAQ:MSEX,1.309160379893533e-07
2023-05-09,12,AR1 alpha + Basic + One-Step,NASDAQ:MSEX,8.460498207853509e-08
2023-05-10,12,AR1 alpha + Basic + One-Step,NASDAQ:MSEX,0.0
2023-05-11,12,AR1 alpha + Basic + One-Step,NASDAQ:MSEX,4.3841976520248796e-07
2023-05-12,12,AR1 alpha + Basic + One-Step,NASDAQ:MSEX,4.923602781011392e-07
2023-05-15,12,AR1 alpha + Basic + One-Step,NASDAQ:MSEX,2.733901759221671e-07
2023-05-16,12,AR1 alpha + Basic + One-Step,NASDAQ:MSEX,6.961048277152977e-08
2023-05-17,12,AR1 alpha + Basic + One-Step,NASDAQ:MSEX,0.0
2023-05-18,12,AR1 alpha + Basic + One-Step,NASDAQ:MSEX,0.0
2023-05-19,12,AR1 alpha + Basic + One-Step,NASDAQ:MSEX,0.0
2023-05-22,12,AR1 alpha + Basic + One-Step,NASDAQ:MSEX,0.0
2023-05-23,12,AR1 alpha + Basic + One-Step,NASDAQ:MSEX,0.0
2023-05-24,12,AR1 alpha + Basic + One-Step,NASDAQ:MSEX,0.0
2023-05-25,12,AR1 alpha + Basic + One-Step,NASDAQ:MSEX,0.0
2023-05-26,12,AR1 alpha + Basic + One-Step,NASDAQ:MSEX,0.0
2023-05-30,12,AR1 alpha + Basic + One-Step,NASDAQ:MSEX,0.0
2023-05-31,12,AR1 alpha + Basic + One-Step,NASDAQ:MSEX,0.0
2023-06-01,12,AR1 alpha + Basic + One-Step,NASDAQ:MSEX,0.0
2023-06-02,12,AR1 alpha + Basic + One-Step,NASDAQ:MSEX,0.0
2023-06-05,12,AR1 alpha + Basic + One-Step,NASDAQ:MSEX,0.0
2023-06-06,12,AR1 alpha + Basic + One-Step,NASDAQ:MSEX,1.6055864571472385e-06
2023-06-07,12,AR1 alpha + Basic + One-Step,NASDAQ:MSEX,0.0
2023-06-08,12,AR1 alpha + Basic + One-Step,NASDAQ:MSEX,5.419256393214017e-08
2023-06-09,12,AR1 alpha + Basic + One-Step,NASDAQ:MSEX,1.6045290127310433e-06
2023-06-12,12,AR1 alpha + Basic + One-Step,NASDAQ:MSEX,0.0
2023-06-13,12,AR1 alpha + Basic + One-Step,NASDAQ:MSEX,1.2053910545139297e-07
2023-06-14,12,AR1 alpha + Basic + One-Step,NASDAQ:MSEX,1.8113511848774668e-07
2023-06-15,12,AR1 alpha + Basic + One-Step,NASDAQ:MSEX,0.0
2023-06-16,12,AR1 alpha + Basic + One-Step,NASDAQ:MSEX,2.7026469833960424e-08
2023-06-20,12,AR1 alpha + Basic + One-Step,NASDAQ:MSEX,0.0
2023-06-21,12,AR1 alpha + Basic + One-Step,NASDAQ:MSEX,0.0
2023-06-22,12,AR1 alpha + Basic + One-Step,NASDAQ:MSEX,0.0
2023-06-23,12,AR1 alpha + Basic + One-Step,NASDAQ:MSEX,0.0
2023-06-26,12,AR1 alpha + Basic + One-Step,NASDAQ:MSEX,4.948515454845753e-07
2023-06-27,12,AR1 alpha + Basic + One-Step,NASDAQ:MSEX,0.0
2023-06-28,12,AR1 alpha + Basic + One-Step,NASDAQ:MSEX,0.0
2023-06-29,12,AR1 alpha + Basic + One-Step,NASDAQ:MSEX,0.0
2023-06-30,12,AR1 alpha + Basic + One-Step,NASDAQ:MSEX,0.0
2023-07-03,12,AR1 alpha + Basic + One-Step,NASDAQ:MSEX,0.0
2023-07-05,12,AR1 alpha + Basic + One-Step,NASDAQ:MSEX,2.4310503410035415e-06
2023-07-06,12,AR1 alpha + Basic + One-Step,NASDAQ:MSEX,0.0
2023-07-07,12,AR1 alpha + Basic + One-Step,NASDAQ:MSEX,0.0
2023-07-10,12,AR1 alpha + Basic + One-Step,NASDAQ:MSEX,2.6902363101478978e-06
2023-07-11,12,AR1 alpha + Basic + One-Step,NASDAQ:MSEX,0.0
2023-07-12,12,AR1 alpha + Basic + One-Step,NASDAQ:MSEX,0.0
2023-07-13,12,AR1 alpha + Basic + One-Step,NASDAQ:MSEX,0.0
2023-07-14,12,AR1 alpha + Basic + One-Step,NASDAQ:MSEX,2.161633411530078e-07
2023-07-17,12,AR1 alpha + Basic + One-Step,NASDAQ:MSEX,8.175646379447448e-07
2023-07-18,12,AR1 alpha + Basic + One-Step,NASDAQ:MSEX,1.6161974352595036e-06
2023-07-19,12,AR1 alpha + Basic + One-Step,NASDAQ:MSEX,0.0
2023-07-20,12,AR1 alpha + Basic + One-Step,NASDAQ:MSEX,0.0
2023-07-21,12,AR1 alpha + Basic + One-Step,NASDAQ:MSEX,0.0
2023-07-24,12,AR1 alpha + Basic + One-Step,NASDAQ:MSEX,0.0
2023-07-25,12,AR1 alpha + Basic + One-Step,NASDAQ:MSEX,0.0
2023-07-26,12,AR1 alpha + Basic + One-Step,NASDAQ:MSEX,0.0
2023-07-27,12,AR1 alpha + Basic + One-Step,NASDAQ:MSEX,0.0
2023-07-28,12,AR1 alpha + Basic + One-Step,NASDAQ:MSEX,0.0
2023-07-31,12,AR1 alpha + Basic + One-Step,NASDAQ:MSEX,0.0
2023-08-01,12,AR1 alpha + Basic + One-Step,NASDAQ:MSEX,0.0
2023-08-02,12,AR1 alpha + Basic + One-Step,NASDAQ:MSEX,0.0
2023-08-03,12,AR1 alpha + Basic + One-Step,NASDAQ:MSEX,0.0
2023-08-04,12,AR1 alpha + Basic + One-Step,NASDAQ:MSEX,0.0
2023-08-07,12,AR1 alpha + Basic + One-Step,NASDAQ:MSEX,2.2099565049881228e-11
2023-08-08,12,AR1 alpha + Basic + One-Step,NASDAQ:MSEX,0.0
2023-08-09,12,AR1 alpha + Basic + One-Step,NASDAQ:MSEX,0.0
2023-08-10,12,AR1 alpha + Basic + One-Step,NASDAQ:MSEX,0.0
2023-08-11,12,AR1 alpha + Basic + One-Step,NASDAQ:MSEX,6.399151193457842e-07
2023-08-14,12,AR1 alpha + Basic + One-Step,NASDAQ:MSEX,0.0
2023-08-15,12,AR1 alpha + Basic + One-Step,NASDAQ:MSEX,0.0
2023-08-16,12,AR1 alpha + Basic + One-Step,NASDAQ:MSEX,0.0
2023-08-17,12,AR1 alpha + Basic + One-Step,NASDAQ:MSEX,0.0
2023-08-18,12,AR1 alpha + Basic + One-Step,NASDAQ:MSEX,0.0
2023-08-21,12,AR1 alpha + Basic + One-Step,NASDAQ:MSEX,0.0
2023-08-22,12,AR1 alpha + Basic + One-Step,NASDAQ:MSEX,0.0
2023-08-23,12,AR1 alpha + Basic + One-Step,NASDAQ:MSEX,1.1928752884779606e-07
2023-08-24,12,AR1 alpha + Basic + One-Step,NASDAQ:MSEX,0.0
2023-08-25,12,AR1 alpha + Basic + One-Step,NASDAQ:MSEX,1.3980374614633122e-07
2023-08-28,12,AR1 alpha + Basic + One-Step,NASDAQ:MSEX,0.0
2023-08-29,12,AR1 alpha + Basic + One-Step,NASDAQ:MSEX,0.0
2023-08-30,12,AR1 alpha + Basic + One-Step,NASDAQ:MSEX,0.0
2023-08-31,12,AR1 alpha + Basic + One-Step,NASDAQ:MSEX,0.0
2023-09-01,12,AR1 alpha + Basic + One-Step,NASDAQ:MSEX,0.0
2023-09-05,12,AR1 alpha + Basic + One-Step,NASDAQ:MSEX,0.0
2023-09-06,12,AR1 alpha + Basic + One-Step,NASDAQ:MSEX,1.0761086478162552e-08
2023-09-07,12,AR1 alpha + Basic + One-Step,NASDAQ:MSEX,1.9370689147987205e-06
2023-09-08,12,AR1 alpha + Basic + One-Step,NASDAQ:MSEX,2.6539529862694465e-06
2023-09-11,12,AR1 alpha + Basic + One-Step,NASDAQ:MSEX,1.2584064750061895e-06
2023-09-12,12,AR1 alpha + Basic + One-Step,NASDAQ:MSEX,2.754799676301975e-06
2023-09-13,12,AR1 alpha + Basic + One-Step,NASDAQ:MSEX,0.0
2023-09-14,12,AR1 alpha + Basic + One-Step,NASDAQ:MSEX,0.0
2023-09-15,12,AR1 alpha + Basic + One-Step,NASDAQ:MSEX,0.0
2023-09-18,12,AR1 alpha + Basic + One-Step,NASDAQ:MSEX,0.0
2023-09-19,12,AR1 alpha + Basic + One-Step,NASDAQ:MSEX,1.022213451674054e-08
2023-09-20,12,AR1 alpha + Basic + One-Step,NASDAQ:MSEX,0.0
2023-09-21,12,AR1 alpha + Basic + One-Step,NASDAQ:MSEX,0.0
2023-09-22,12,AR1 alpha + Basic + One-Step,NASDAQ:MSEX,0.0
2023-09-25,12,AR1 alpha + Basic + One-Step,NASDAQ:MSEX,0.0
2023-09-26,12,AR1 alpha + Basic + One-Step,NASDAQ:MSEX,0.0
2023-09-27,12,AR1 alpha + Basic + One-Step,NASDAQ:MSEX,7.905409077121324e-07
2023-09-28,12,AR1 alpha + Basic + One-Step,NASDAQ:MSEX,4.749870899110704e-07
2023-09-29,12,AR1 alpha + Basic + One-Step,NASDAQ:MSEX,1.4549387807513872e-08
2023-10-02,12,AR1 alpha + Basic + One-Step,NASDAQ:MSEX,0.0
2023-10-03,12,AR1 alpha + Basic + One-Step,NASDAQ:MSEX,0.0
2023-10-04,12,AR1 alpha + Basic + One-Step,NASDAQ:MSEX,0.0
2023-10-05,12,AR1 alpha + Basic + One-Step,NASDAQ:MSEX,0.0
2023-10-06,12,AR1 alpha + Basic + One-Step,NASDAQ:MSEX,0.0
2023-10-09,12,AR1 alpha + Basic + One-Step,NASDAQ:MSEX,3.105468644324855e-08
2023-10-10,12,AR1 alpha + Basic + One-Step,NASDAQ:MSEX,0.0
2023-10-11,12,AR1 alpha + Basic + One-Step,NASDAQ:MSEX,1.860788872956915e-08
2023-10-12,12,AR1 alpha + Basic + One-Step,NASDAQ:MSEX,0.0
2023-10-13,12,AR1 alpha + Basic + One-Step,NASDAQ:MSEX,0.0
2023-10-16,12,AR1 alpha + Basic + One-Step,NASDAQ:MSEX,7.78765854388533e-09
2023-10-17,12,AR1 alpha + Basic + One-Step,NASDAQ:MSEX,1.0344330806264083e-06
2023-10-18,12,AR1 alpha + Basic + One-Step,NASDAQ:MSEX,0.0
2023-10-19,12,AR1 alpha + Basic + One-Step,NASDAQ:MSEX,0.0
2023-10-20,12,AR1 alpha + Basic + One-Step,NASDAQ:MSEX,0.0
2023-10-23,12,AR1 alpha + Basic + One-Step,NASDAQ:MSEX,0.0
2023-10-24,12,AR1 alpha + Basic + One-Step,NASDAQ:MSEX,0.0
2023-10-25,12,AR1 alpha + Basic + One-Step,NASDAQ:MSEX,0.0
2023-10-26,12,AR1 alpha + Basic + One-Step,NASDAQ:MSEX,0.0
2023-10-27,12,AR1 alpha + Basic + One-Step,NASDAQ:MSEX,0.0
2023-10-30,12,AR1 alpha + Basic + One-Step,NASDAQ:MSEX,2.4090995222390292e-08
2023-10-31,12,AR1 alpha + Basic + One-Step,NASDAQ:MSEX,2.851828149459307e-07
2023-11-01,12,AR1 alpha + Basic + One-Step,NASDAQ:MSEX,1.813673993933574e-07
2023-11-02,12,AR1 alpha + Basic + One-Step,NASDAQ:MSEX,0.0
2023-11-03,12,AR1 alpha + Basic + One-Step,NASDAQ:MSEX,0.0
2023-11-06,12,AR1 alpha + Basic + One-Step,NASDAQ:MSEX,0.0
2023-11-07,12,AR1 alpha + Basic + One-Step,NASDAQ:MSEX,1.7840537393773532e-08
2023-11-08,12,AR1 alpha + Basic + One-Step,NASDAQ:MSEX,2.4284122074068833e-08
2023-11-09,12,AR1 alpha + Basic + One-Step,NASDAQ:MSEX,0.0
2023-11-10,12,AR1 alpha + Basic + One-Step,NASDAQ:MSEX,0.0
2023-11-13,12,AR1 alpha + Basic + One-Step,NASDAQ:MSEX,0.0
2023-11-14,12,AR1 alpha + Basic + One-Step,NASDAQ:MSEX,0.0
2023-11-15,12,AR1 alpha + Basic + One-Step,NASDAQ:MSEX,0.0
2023-11-16,12,AR1 alpha + Basic + One-Step,NASDAQ:MSEX,0.0
2023-11-17,12,AR1 alpha + Basic + One-Step,NASDAQ:MSEX,2.2999647234535535e-07
2023-11-20,12,AR1 alpha + Basic + One-Step,NASDAQ:MSEX,0.0
2023-11-21,12,AR1 alpha + Basic + One-Step,NASDAQ:MSEX,0.0
2023-11-22,12,AR1 alpha + Basic + One-Step,NASDAQ:MSEX,0.0
2023-11-24,12,AR1 alpha + Basic + One-Step,NASDAQ:MSEX,0.0
2023-11-27,12,AR1 alpha + Basic + One-Step,NASDAQ:MSEX,0.0
2023-11-28,12,AR1 alpha + Basic + One-Step,NASDAQ:MSEX,2.980401710445724e-08
2023-11-29,12,AR1 alpha + Basic + One-Step,NASDAQ:MSEX,7.578195816190158e-09
2023-11-30,12,AR1 alpha + Basic + One-Step,NASDAQ:MSEX,0.0
2023-12-01,12,AR1 alpha + Basic + One-Step,NASDAQ:MSEX,8.560496594022193e-08
2023-12-04,12,AR1 alpha + Basic + One-Step,NASDAQ:MSEX,0.0
2023-12-05,12,AR1 alpha + Basic + One-Step,NASDAQ:MSEX,0.0
2023-12-06,12,AR1 alpha + Basic + One-Step,NASDAQ:MSEX,0.0
2023-12-07,12,AR1 alpha + Basic + One-Step,NASDAQ:MSEX,0.0
2023-12-08,12,AR1 alpha + Basic + One-Step,NASDAQ:MSEX,0.0
2023-12-11,12,AR1 alpha + Basic + One-Step,NASDAQ:MSEX,0.0
2023-12-12,12,AR1 alpha + Basic + One-Step,NASDAQ:MSEX,0.0
2023-12-13,12,AR1 alpha + Basic + One-Step,NASDAQ:MSEX,0.0
2023-12-14,12,AR1 alpha + Basic + One-Step,NASDAQ:MSEX,0.0
2023-12-15,12,AR1 alpha + Basic + One-Step,NASDAQ:MSEX,0.0
2023-12-18,12,AR1 alpha + Basic + One-Step,NASDAQ:MSEX,0.0
2023-12-19,12,AR1 alpha + Basic + One-Step,NASDAQ:MSEX,0.0
2023-12-20,12,AR1 alpha + Basic + One-Step,NASDAQ:MSEX,0.0
2023-12-21,12,AR1 alpha + Basic + One-Step,NASDAQ:MSEX,0.0
2023-12-22,12,AR1 alpha + Basic + One-Step,NASDAQ:MSEX,4.6707710575709653e-07
2023-12-26,12,AR1 alpha + Basic + One-Step,NASDAQ:MSEX,0.0
2023-12-27,12,AR1 alpha + Basic + One-Step,NASDAQ:MSEX,8.374034369423777e-09
2023-12-28,12,AR1 alpha + Basic + One-Step,NASDAQ:MSEX,0.0
2023-12-29,12,AR1 alpha + Basic + One-Step,NASDAQ:MSEX,0.0
2024-01-02,12,AR1 alpha + Basic + One-Step,NASDAQ:MSEX,0.0
2024-01-03,12,AR1 alpha + Basic + One-Step,NASDAQ:MSEX,0.0
2024-01-04,12,AR1 alpha + Basic + One-Step,NASDAQ:MSEX,0.0
2024-01-05,12,AR1 alpha + Basic + One-Step,NASDAQ:MSEX,0.0
2024-01-08,12,AR1 alpha + Basic + One-Step,NASDAQ:MSEX,0.0
2024-01-09,12,AR1 alpha + Basic + One-Step,NASDAQ:MSEX,0.0
2024-01-10,12,AR1 alpha + Basic + One-Step,NASDAQ:MSEX,0.0
2024-01-11,12,AR1 alpha + Basic + One-Step,NASDAQ:MSEX,2.6051820641610055e-07
2024-01-12,12,AR1 alpha + Basic + One-Step,NASDAQ:MSEX,8.195866648398517e-23
2024-01-16,12,AR1 alpha + Basic + One-Step,NASDAQ:MSEX,0.0
2024-01-17,12,AR1 alpha + Basic + One-Step,NASDAQ:MSEX,0.0
2024-01-18,12,AR1 alpha + Basic + One-Step,NASDAQ:MSEX,6.275788233132408e-07
2024-01-19,12,AR1 alpha + Basic + One-Step,NASDAQ:MSEX,0.0
2024-01-22,12,AR1 alpha + Basic + One-Step,NASDAQ:MSEX,0.0
2024-01-23,12,AR1 alpha + Basic + One-Step,NASDAQ:MSEX,0.0
2024-01-24,12,AR1 alpha + Basic + One-Step,NASDAQ:MSEX,1.3505680448693565e-07
2024-01-25,12,AR1 alpha + Basic + One-Step,NASDAQ:MSEX,2.1219240684245543e-08
2024-01-26,12,AR1 alpha + Basic + One-Step,NASDAQ:MSEX,0.0
2024-01-29,12,AR1 alpha + Basic + One-Step,NASDAQ:MSEX,0.0
2024-01-30,12,AR1 alpha + Basic + One-Step,NASDAQ:MSEX,0.0
2024-01-31,12,AR1 alpha + Basic + One-Step,NASDAQ:MSEX,0.0
2024-02-01,12,AR1 alpha + Basic + One-Step,NASDAQ:MSEX,0.0
2024-02-02,12,AR1 alpha + Basic + One-Step,NASDAQ:MSEX,0.0
2024-02-05,12,AR1 alpha + Basic + One-Step,NASDAQ:MSEX,0.0
2024-02-06,12,AR1 alpha + Basic + One-Step,NASDAQ:MSEX,0.0
2024-02-07,12,AR1 alpha + Basic + One-Step,NASDAQ:MSEX,2.8655270751228373e-08
2024-02-08,12,AR1 alpha + Basic + One-Step,NASDAQ:MSEX,1.7802801567828276e-08
2024-02-09,12,AR1 alpha + Basic + One-Step,NASDAQ:MSEX,1.5616410813567294e-07
2024-02-12,12,AR1 alpha + Basic + One-Step,NASDAQ:MSEX,0.0
2024-02-13,12,AR1 alpha + Basic + One-Step,NASDAQ:MSEX,0.0
2024-02-14,12,AR1 alpha + Basic + One-Step,NASDAQ:MSEX,0.0
2024-02-15,12,AR1 alpha + Basic + One-Step,NASDAQ:MSEX,1.7171577655282192e-08
2024-02-16,12,AR1 alpha + Basic + One-Step,NASDAQ:MSEX,0.0
2024-02-20,12,AR1 alpha + Basic + One-Step,NASDAQ:MSEX,0.0
2024-02-21,12,AR1 alpha + Basic + One-Step,NASDAQ:MSEX,0.0
2024-02-22,12,AR1 alpha + Basic + One-Step,NASDAQ:MSEX,0.0
2024-02-23,12,AR1 alpha + Basic + One-Step,NASDAQ:MSEX,0.0
2024-02-26,12,AR1 alpha + Basic + One-Step,NASDAQ:MSEX,0.0
2024-02-27,12,AR1 alpha + Basic + One-Step,NASDAQ:MSEX,0.0
2024-02-28,12,AR1 alpha + Basic + One-Step,NASDAQ:MSEX,0.0
2024-02-29,12,AR1 alpha + Basic + One-Step,NASDAQ:MSEX,0.0
2024-03-01,12,AR1 alpha + Basic + One-Step,NASDAQ:MSEX,0.0
2024-03-04,12,AR1 alpha + Basic + One-Step,NASDAQ:MSEX,0.0
2024-03-05,12,AR1 alpha + Basic + One-Step,NASDAQ:MSEX,0.0
2024-03-06,12,AR1 alpha + Basic + One-Step,NASDAQ:MSEX,0.0
2024-03-07,12,AR1 alpha + Basic + One-Step,NASDAQ:MSEX,0.0
2024-03-08,12,AR1 alpha + Basic + One-Step,NASDAQ:MSEX,0.0
2024-03-11,12,AR1 alpha + Basic + One-Step,NASDAQ:MSEX,0.0
2024-03-12,12,AR1 alpha + Basic + One-Step,NASDAQ:MSEX,0.0
2024-03-13,12,AR1 alpha + Basic + One-Step,NASDAQ:MSEX,0.0
2024-03-14,12,AR1 alpha + Basic + One-Step,NASDAQ:MSEX,1.714152974855135e-07
2024-03-15,12,AR1 alpha + Basic + One-Step,NASDAQ:MSEX,1.7399793385043007e-07
2024-03-18,12,AR1 alpha + Basic + One-Step,NASDAQ:MSEX,0.0
2024-03-19,12,AR1 alpha + Basic + One-Step,NASDAQ:MSEX,0.0
2024-03-20,12,AR1 alpha + Basic + One-Step,NASDAQ:MSEX,0.0
2024-03-21,12,AR1 alpha + Basic + One-Step,NASDAQ:MSEX,5.245824992678425e-08
2024-03-22,12,AR1 alpha + Basic + One-Step,NASDAQ:MSEX,5.897812643940611e-09
2024-03-25,12,AR1 alpha + Basic + One-Step,NASDAQ:MSEX,0.0
2024-03-26,12,AR1 alpha + Basic + One-Step,NASDAQ:MSEX,0.0
2024-03-27,12,AR1 alpha + Basic + One-Step,NASDAQ:MSEX,0.0
2024-03-28,12,AR1 alpha + Basic + One-Step,NASDAQ:MSEX,0.0
2024-04-01,12,AR1 alpha + Basic + One-Step,NASDAQ:MSEX,1.555466825922305e-06
2024-04-02,12,AR1 alpha + Basic + One-Step,NASDAQ:MSEX,0.0
2024-04-03,12,AR1 alpha + Basic + One-Step,NASDAQ:MSEX,0.0
2024-04-04,12,AR1 alpha + Basic + One-Step,NASDAQ:MSEX,0.0
2024-04-05,12,AR1 alpha + Basic + One-Step,NASDAQ:MSEX,0.0
2024-04-08,12,AR1 alpha + Basic + One-Step,NASDAQ:MSEX,0.0
2024-04-09,12,AR1 alpha + Basic + One-Step,NASDAQ:MSEX,0.0
2024-04-10,12,AR1 alpha + Basic + One-Step,NASDAQ:MSEX,9.001226062204795e-07
2024-04-11,12,AR1 alpha + Basic + One-Step,NASDAQ:MSEX,0.0
2024-04-12,12,AR1 alpha + Basic + One-Step,NASDAQ:MSEX,0.0
2024-04-15,12,AR1 alpha + Basic + One-Step,NASDAQ:MSEX,0.0
2024-04-16,12,AR1 alpha + Basic + One-Step,NASDAQ:MSEX,0.0
2024-04-17,12,AR1 alpha + Basic + One-Step,NASDAQ:MSEX,0.0
2024-04-18,12,AR1 alpha + Basic + One-Step,NASDAQ:MSEX,0.0
2024-04-19,12,AR1 alpha + Basic + One-Step,NASDAQ:MSEX,0.0
2020-03-25,12,AR1 alpha + Basic + One-Step,NASDAQ:MGNI,0.02
2020-03-26,12,AR1 alpha + Basic + One-Step,NASDAQ:MGNI,0.019999999999999997
2020-03-27,12,AR1 alpha + Basic + One-Step,NASDAQ:MGNI,0.07833672589024725
2020-03-30,12,AR1 alpha + Basic + One-Step,NASDAQ:MGNI,4.041813545986109e-06
2020-03-31,12,AR1 alpha + Basic + One-Step,NASDAQ:MGNI,1.4357024260635927e-06
2020-04-01,12,AR1 alpha + Basic + One-Step,NASDAQ:MGNI,4.111236687718104e-07
2020-04-02,12,AR1 alpha + Basic + One-Step,NASDAQ:MGNI,1.6795744434910767e-07
2020-04-03,12,AR1 alpha + Basic + One-Step,NASDAQ:MGNI,1.0524341899176533e-07
2020-04-06,12,AR1 alpha + Basic + One-Step,NASDAQ:MGNI,0.0
2020-04-07,12,AR1 alpha + Basic + One-Step,NASDAQ:MGNI,3.293901024973776e-08
2020-04-08,12,AR1 alpha + Basic + One-Step,NASDAQ:MGNI,0.0
2020-04-09,12,AR1 alpha + Basic + One-Step,NASDAQ:MGNI,0.0
2020-04-13,12,AR1 alpha + Basic + One-Step,NASDAQ:MGNI,0.0
2020-04-14,12,AR1 alpha + Basic + One-Step,NASDAQ:MGNI,0.0
2020-04-15,12,AR1 alpha + Basic + One-Step,NASDAQ:MGNI,0.0
2020-04-16,12,AR1 alpha + Basic + One-Step,NASDAQ:MGNI,3.145959729714548e-07
2020-04-17,12,AR1 alpha + Basic + One-Step,NASDAQ:MGNI,1.8809920356576006e-07
2020-04-20,12,AR1 alpha + Basic + One-Step,NASDAQ:MGNI,0.0
2020-04-21,12,AR1 alpha + Basic + One-Step,NASDAQ:MGNI,0.0
2020-04-22,12,AR1 alpha + Basic + One-Step,NASDAQ:MGNI,2.827045169442312e-07
2020-04-23,12,AR1 alpha + Basic + One-Step,NASDAQ:MGNI,4.451546892876431e-08
2020-04-24,12,AR1 alpha + Basic + One-Step,NASDAQ:MGNI,1.5947167059417327e-08
2020-04-27,12,AR1 alpha + Basic + One-Step,NASDAQ:MGNI,0.0
2020-04-28,12,AR1 alpha + Basic + One-Step,NASDAQ:MGNI,0.0
2020-04-29,12,AR1 alpha + Basic + One-Step,NASDAQ:MGNI,2.1351254297364825e-07
2020-04-30,12,AR1 alpha + Basic + One-Step,NASDAQ:MGNI,0.0
2020-05-01,12,AR1 alpha + Basic + One-Step,NASDAQ:MGNI,2.13194723165417e-08
2020-05-04,12,AR1 alpha + Basic + One-Step,NASDAQ:MGNI,0.0
2020-05-05,12,AR1 alpha + Basic + One-Step,NASDAQ:MGNI,5.184912125271031e-07
2020-05-06,12,AR1 alpha + Basic + One-Step,NASDAQ:MGNI,0.0
2020-05-07,12,AR1 alpha + Basic + One-Step,NASDAQ:MGNI,0.0
2020-05-08,12,AR1 alpha + Basic + One-Step,NASDAQ:MGNI,1.626089064399218e-07
2020-05-11,12,AR1 alpha + Basic + One-Step,NASDAQ:MGNI,2.016868612921871e-07
2020-05-12,12,AR1 alpha + Basic + One-Step,NASDAQ:MGNI,0.0
2020-05-13,12,AR1 alpha + Basic + One-Step,NASDAQ:MGNI,0.0
2020-05-14,12,AR1 alpha + Basic + One-Step,NASDAQ:MGNI,0.0
2020-05-15,12,AR1 alpha + Basic + One-Step,NASDAQ:MGNI,0.0
2020-05-18,12,AR1 alpha + Basic + One-Step,NASDAQ:MGNI,1.6076742083308926e-07
2020-05-19,12,AR1 alpha + Basic + One-Step,NASDAQ:MGNI,0.0
2020-05-20,12,AR1 alpha + Basic + One-Step,NASDAQ:MGNI,2.560576382509629e-07
2020-05-21,12,AR1 alpha + Basic + One-Step,NASDAQ:MGNI,0.0
2020-05-22,12,AR1 alpha + Basic + One-Step,NASDAQ:MGNI,7.4051041752141725e-09
2020-05-26,12,AR1 alpha + Basic + One-Step,NASDAQ:MGNI,0.0
2020-05-27,12,AR1 alpha + Basic + One-Step,NASDAQ:MGNI,0.0
2020-05-28,12,AR1 alpha + Basic + One-Step,NASDAQ:MGNI,1.406683711972284e-22
2020-05-29,12,AR1 alpha + Basic + One-Step,NASDAQ:MGNI,0.0
2020-06-01,12,AR1 alpha + Basic + One-Step,NASDAQ:MGNI,0.0
2020-06-02,12,AR1 alpha + Basic + One-Step,NASDAQ:MGNI,9.184002029170138e-08
2020-06-03,12,AR1 alpha + Basic + One-Step,NASDAQ:MGNI,0.0
2020-06-04,12,AR1 alpha + Basic + One-Step,NASDAQ:MGNI,0.0
2020-06-05,12,AR1 alpha + Basic + One-Step,NASDAQ:MGNI,7.000063071054121e-08
2020-06-08,12,AR1 alpha + Basic + One-Step,NASDAQ:MGNI,0.0
2020-06-09,12,AR1 alpha + Basic + One-Step,NASDAQ:MGNI,0.0
2020-06-10,12,AR1 alpha + Basic + One-Step,NASDAQ:MGNI,0.0
2020-06-11,12,AR1 alpha + Basic + One-Step,NASDAQ:MGNI,0.0
2020-06-12,12,AR1 alpha + Basic + One-Step,NASDAQ:MGNI,2.9187999571874016e-08
2020-06-15,12,AR1 alpha + Basic + One-Step,NASDAQ:MGNI,9.137056474731893e-09
2020-06-16,12,AR1 alpha + Basic + One-Step,NASDAQ:MGNI,0.0
2020-06-17,12,AR1 alpha + Basic + One-Step,NASDAQ:MGNI,0.0
2020-06-18,12,AR1 alpha + Basic + One-Step,NASDAQ:MGNI,3.694649318228254e-08
2020-06-19,12,AR1 alpha + Basic + One-Step,NASDAQ:MGNI,0.0
2020-06-22,12,AR1 alpha + Basic + One-Step,NASDAQ:MGNI,0.0
2020-06-23,12,AR1 alpha + Basic + One-Step,NASDAQ:MGNI,0.0
2020-06-24,12,AR1 alpha + Basic + One-Step,NASDAQ:MGNI,0.0
2020-06-25,12,AR1 alpha + Basic + One-Step,NASDAQ:MGNI,0.0
2020-06-26,12,AR1 alpha + Basic + One-Step,NASDAQ:MGNI,0.0
2020-06-29,12,AR1 alpha + Basic + One-Step,NASDAQ:MGNI,0.0
2020-06-30,12,AR1 alpha + Basic + One-Step,NASDAQ:MGNI,1.3105922227474323e-08
2020-07-01,12,AR1 alpha + Basic + One-Step,NASDAQ:MGNI,0.0
2020-07-02,12,AR1 alpha + Basic + One-Step,NASDAQ:MGNI,0.0
2020-07-06,12,AR1 alpha + Basic + One-Step,NASDAQ:MGNI,0.0
2020-07-07,12,AR1 alpha + Basic + One-Step,NASDAQ:MGNI,0.0
2020-07-08,12,AR1 alpha + Basic + One-Step,NASDAQ:MGNI,0.0
2020-07-09,12,AR1 alpha + Basic + One-Step,NASDAQ:MGNI,0.0
2020-07-10,12,AR1 alpha + Basic + One-Step,NASDAQ:MGNI,0.0
2020-07-13,12,AR1 alpha + Basic + One-Step,NASDAQ:MGNI,5.8179105464524606e-09
2020-07-14,12,AR1 alpha + Basic + One-Step,NASDAQ:MGNI,0.0
2020-07-15,12,AR1 alpha + Basic + One-Step,NASDAQ:MGNI,1.7145118342819837e-08
2020-07-16,12,AR1 alpha + Basic + One-Step,NASDAQ:MGNI,0.0
2020-07-17,12,AR1 alpha + Basic + One-Step,NASDAQ:MGNI,0.0
2020-07-20,12,AR1 alpha + Basic + One-Step,NASDAQ:MGNI,3.906665318092581e-08
2020-07-21,12,AR1 alpha + Basic + One-Step,NASDAQ:MGNI,0.0
2020-07-22,12,AR1 alpha + Basic + One-Step,NASDAQ:MGNI,0.0
2020-07-23,12,AR1 alpha + Basic + One-Step,NASDAQ:MGNI,0.0
2020-07-24,12,AR1 alpha + Basic + One-Step,NASDAQ:MGNI,0.0
2020-07-27,12,AR1 alpha + Basic + One-Step,NASDAQ:MGNI,8.182616710898236e-08
2020-07-28,12,AR1 alpha + Basic + One-Step,NASDAQ:MGNI,0.0
2020-07-29,12,AR1 alpha + Basic + One-Step,NASDAQ:MGNI,0.0
2020-07-30,12,AR1 alpha + Basic + One-Step,NASDAQ:MGNI,0.0
2020-07-31,12,AR1 alpha + Basic + One-Step,NASDAQ:MGNI,0.0
2020-08-03,12,AR1 alpha + Basic + One-Step,NASDAQ:MGNI,4.800708165333123e-08
2020-08-04,12,AR1 alpha + Basic + One-Step,NASDAQ:MGNI,0.0
2020-08-05,12,AR1 alpha + Basic + One-Step,NASDAQ:MGNI,0.0
2020-08-06,12,AR1 alpha + Basic + One-Step,NASDAQ:MGNI,0.0
2020-08-07,12,AR1 alpha + Basic + One-Step,NASDAQ:MGNI,0.0
2020-08-10,12,AR1 alpha + Basic + One-Step,NASDAQ:MGNI,0.0
2020-08-11,12,AR1 alpha + Basic + One-Step,NASDAQ:MGNI,0.0
2020-08-12,12,AR1 alpha + Basic + One-Step,NASDAQ:MGNI,0.0
2020-08-13,12,AR1 alpha + Basic + One-Step,NASDAQ:MGNI,0.0
2020-08-14,12,AR1 alpha + Basic + One-Step,NASDAQ:MGNI,0.0
2020-08-17,12,AR1 alpha + Basic + One-Step,NASDAQ:MGNI,0.0
2020-08-18,12,AR1 alpha + Basic + One-Step,NASDAQ:MGNI,0.0
2020-08-19,12,AR1 alpha + Basic + One-Step,NASDAQ:MGNI,0.0
2020-08-20,12,AR1 alpha + Basic + One-Step,NASDAQ:MGNI,7.4841427181318e-08
2020-08-21,12,AR1 alpha + Basic + One-Step,NASDAQ:MGNI,0.0
2020-08-24,12,AR1 alpha + Basic + One-Step,NASDAQ:MGNI,0.0
2020-08-25,12,AR1 alpha + Basic + One-Step,NASDAQ:MGNI,0.0
2020-08-26,12,AR1 alpha + Basic + One-Step,NASDAQ:MGNI,0.0
2020-08-27,12,AR1 alpha + Basic + One-Step,NASDAQ:MGNI,0.0
2020-08-28,12,AR1 alpha + Basic + One-Step,NASDAQ:MGNI,0.0
2020-08-31,12,AR1 alpha + Basic + One-Step,NASDAQ:MGNI,0.0
2020-09-01,12,AR1 alpha + Basic + One-Step,NASDAQ:MGNI,0.0
2020-09-02,12,AR1 alpha + Basic + One-Step,NASDAQ:MGNI,0.0
2020-09-03,12,AR1 alpha + Basic + One-Step,NASDAQ:MGNI,0.0
2020-09-04,12,AR1 alpha + Basic + One-Step,NASDAQ:MGNI,0.0
2020-09-08,12,AR1 alpha + Basic + One-Step,NASDAQ:MGNI,0.0
2020-09-09,12,AR1 alpha + Basic + One-Step,NASDAQ:MGNI,1.7343194412461106e-08
2020-09-10,12,AR1 alpha + Basic + One-Step,NASDAQ:MGNI,0.0
2020-09-11,12,AR1 alpha + Basic + One-Step,NASDAQ:MGNI,0.0
2020-09-14,12,AR1 alpha + Basic + One-Step,NASDAQ:MGNI,0.0
2020-09-15,12,AR1 alpha + Basic + One-Step,NASDAQ:MGNI,0.0
2020-09-16,12,AR1 alpha + Basic + One-Step,NASDAQ:MGNI,0.0
2020-09-17,12,AR1 alpha + Basic + One-Step,NASDAQ:MGNI,0.0
2020-09-18,12,AR1 alpha + Basic + One-Step,NASDAQ:MGNI,0.0
2020-09-21,12,AR1 alpha + Basic + One-Step,NASDAQ:MGNI,8.504798088160207e-09
2020-09-22,12,AR1 alpha + Basic + One-Step,NASDAQ:MGNI,0.0
2020-09-23,12,AR1 alpha + Basic + One-Step,NASDAQ:MGNI,0.0
2020-09-24,12,AR1 alpha + Basic + One-Step,NASDAQ:MGNI,1.0295700721083897e-07
2020-09-25,12,AR1 alpha + Basic + One-Step,NASDAQ:MGNI,0.0
2020-09-28,12,AR1 alpha + Basic + One-Step,NASDAQ:MGNI,0.0
2020-09-29,12,AR1 alpha + Basic + One-Step,NASDAQ:MGNI,0.0
2020-09-30,12,AR1 alpha + Basic + One-Step,NASDAQ:MGNI,0.0
2020-10-01,12,AR1 alpha + Basic + One-Step,NASDAQ:MGNI,2.2441158523643576e-07
2020-10-02,12,AR1 alpha + Basic + One-Step,NASDAQ:MGNI,0.0
2020-10-05,12,AR1 alpha + Basic + One-Step,NASDAQ:MGNI,0.0
2020-10-06,12,AR1 alpha + Basic + One-Step,NASDAQ:MGNI,0.0
2020-10-07,12,AR1 alpha + Basic + One-Step,NASDAQ:MGNI,1.4358234394139355e-07
2020-10-08,12,AR1 alpha + Basic + One-Step,NASDAQ:MGNI,0.0
2020-10-09,12,AR1 alpha + Basic + One-Step,NASDAQ:MGNI,0.0
2020-10-12,12,AR1 alpha + Basic + One-Step,NASDAQ:MGNI,0.0
2020-10-13,12,AR1 alpha + Basic + One-Step,NASDAQ:MGNI,0.0
2020-10-14,12,AR1 alpha + Basic + One-Step,NASDAQ:MGNI,0.0
2020-10-15,12,AR1 alpha + Basic + One-Step,NASDAQ:MGNI,0.0
2020-10-16,12,AR1 alpha + Basic + One-Step,NASDAQ:MGNI,3.941624887787131e-08
2020-10-19,12,AR1 alpha + Basic + One-Step,NASDAQ:MGNI,0.0
2020-10-20,12,AR1 alpha + Basic + One-Step,NASDAQ:MGNI,0.0
2020-10-21,12,AR1 alpha + Basic + One-Step,NASDAQ:MGNI,0.0
2020-10-22,12,AR1 alpha + Basic + One-Step,NASDAQ:MGNI,0.0
2020-10-23,12,AR1 alpha + Basic + One-Step,NASDAQ:MGNI,0.0
2020-10-26,12,AR1 alpha + Basic + One-Step,NASDAQ:MGNI,0.0
2020-10-27,12,AR1 alpha + Basic + One-Step,NASDAQ:MGNI,5.177379318609344e-09
2020-10-28,12,AR1 alpha + Basic + One-Step,NASDAQ:MGNI,2.7551489395367795e-09
2020-10-29,12,AR1 alpha + Basic + One-Step,NASDAQ:MGNI,0.0
2020-10-30,12,AR1 alpha + Basic + One-Step,NASDAQ:MGNI,0.0
2020-11-02,12,AR1 alpha + Basic + One-Step,NASDAQ:MGNI,0.0
2020-11-03,12,AR1 alpha + Basic + One-Step,NASDAQ:MGNI,0.0
2020-11-04,12,AR1 alpha + Basic + One-Step,NASDAQ:MGNI,0.0
2020-11-05,12,AR1 alpha + Basic + One-Step,NASDAQ:MGNI,0.0
2020-11-06,12,AR1 alpha + Basic + One-Step,NASDAQ:MGNI,0.0
2020-11-09,12,AR1 alpha + Basic + One-Step,NASDAQ:MGNI,0.0
2020-11-10,12,AR1 alpha + Basic + One-Step,NASDAQ:MGNI,0.0
2020-11-11,12,AR1 alpha + Basic + One-Step,NASDAQ:MGNI,1.2408950374925045e-09
2020-11-12,12,AR1 alpha + Basic + One-Step,NASDAQ:MGNI,0.0
2020-11-13,12,AR1 alpha + Basic + One-Step,NASDAQ:MGNI,0.0
2020-11-16,12,AR1 alpha + Basic + One-Step,NASDAQ:MGNI,0.0
2020-11-17,12,AR1 alpha + Basic + One-Step,NASDAQ:MGNI,0.0
2020-11-18,12,AR1 alpha + Basic + One-Step,NASDAQ:MGNI,0.0
2020-11-19,12,AR1 alpha + Basic + One-Step,NASDAQ:MGNI,3.2641075636332e-08
2020-11-20,12,AR1 alpha + Basic + One-Step,NASDAQ:MGNI,2.495262578585486e-07
2020-11-23,12,AR1 alpha + Basic + One-Step,NASDAQ:MGNI,0.0
2020-11-24,12,AR1 alpha + Basic + One-Step,NASDAQ:MGNI,0.0
2020-11-25,12,AR1 alpha + Basic + One-Step,NASDAQ:MGNI,0.0
2020-11-27,12,AR1 alpha + Basic + One-Step,NASDAQ:MGNI,0.009679532310706871
2020-11-30,12,AR1 alpha + Basic + One-Step,NASDAQ:MGNI,0.023548954474422693
2020-12-01,12,AR1 alpha + Basic + One-Step,NASDAQ:MGNI,0.030215742614919782
2020-12-02,12,AR1 alpha + Basic + One-Step,NASDAQ:MGNI,0.041263209497275063
2020-12-03,12,AR1 alpha + Basic + One-Step,NASDAQ:MGNI,0.05880710931135637
2020-12-04,12,AR1 alpha + Basic + One-Step,NASDAQ:MGNI,0.06829128849280232
2020-12-07,12,AR1 alpha + Basic + One-Step,NASDAQ:MGNI,0.06828966389381397
2020-12-08,12,AR1 alpha + Basic + One-Step,NASDAQ:MGNI,0.072405917221192
2020-12-09,12,AR1 alpha + Basic + One-Step,NASDAQ:MGNI,0.03869559171547898
2020-12-10,12,AR1 alpha + Basic + One-Step,NASDAQ:MGNI,0.04502115099440222
2020-12-11,12,AR1 alpha + Basic + One-Step,NASDAQ:MGNI,0.05906224240127301
2020-12-14,12,AR1 alpha + Basic + One-Step,NASDAQ:MGNI,0.06556994631323791
2020-12-15,12,AR1 alpha + Basic + One-Step,NASDAQ:MGNI,0.08136318893077656
2020-12-16,12,AR1 alpha + Basic + One-Step,NASDAQ:MGNI,0.09220247643014354
2020-12-17,12,AR1 alpha + Basic + One-Step,NASDAQ:MGNI,0.08109595709791696
2020-12-18,12,AR1 alpha + Basic + One-Step,NASDAQ:MGNI,0.09999518315104818
2020-12-21,12,AR1 alpha + Basic + One-Step,NASDAQ:MGNI,0.0999992473793536
2020-12-22,12,AR1 alpha + Basic + One-Step,NASDAQ:MGNI,0.09999760248499132
2020-12-23,12,AR1 alpha + Basic + One-Step,NASDAQ:MGNI,0.09999935660852054
2020-12-24,12,AR1 alpha + Basic + One-Step,NASDAQ:MGNI,0.09999969198615949
2020-12-28,12,AR1 alpha + Basic + One-Step,NASDAQ:MGNI,0.09999938665605844
2020-12-29,12,AR1 alpha + Basic + One-Step,NASDAQ:MGNI,0.09999735924124213
2020-12-30,12,AR1 alpha + Basic + One-Step,NASDAQ:MGNI,0.09999665957296286
2020-12-31,12,AR1 alpha + Basic + One-Step,NASDAQ:MGNI,0.0999981238538519
2021-01-04,12,AR1 alpha + Basic + One-Step,NASDAQ:MGNI,0.09091797403922805
2021-01-05,12,AR1 alpha + Basic + One-Step,NASDAQ:MGNI,0.09999978287636245
2021-01-06,12,AR1 alpha + Basic + One-Step,NASDAQ:MGNI,0.09999962872896845
2021-01-07,12,AR1 alpha + Basic + One-Step,NASDAQ:MGNI,0.09158044109621936
2021-01-08,12,AR1 alpha + Basic + One-Step,NASDAQ:MGNI,0.08688854386664324
2021-01-11,12,AR1 alpha + Basic + One-Step,NASDAQ:MGNI,0.0990691476144061
2021-01-12,12,AR1 alpha + Basic + One-Step,NASDAQ:MGNI,0.09999485391108122
2021-01-13,12,AR1 alpha + Basic + One-Step,NASDAQ:MGNI,0.09999587699204891
2021-01-14,12,AR1 alpha + Basic + One-Step,NASDAQ:MGNI,0.09998846274888806
2021-01-15,12,AR1 alpha + Basic + One-Step,NASDAQ:MGNI,0.09999479398142547
2021-01-19,12,AR1 alpha + Basic + One-Step,NASDAQ:MGNI,0.09999808008456257
2021-01-20,12,AR1 alpha + Basic + One-Step,NASDAQ:MGNI,0.09999936321575903
2021-01-21,12,AR1 alpha + Basic + One-Step,NASDAQ:MGNI,0.09999270049321259
2021-01-22,12,AR1 alpha + Basic + One-Step,NASDAQ:MGNI,0.09999843236403526
2021-01-25,12,AR1 alpha + Basic + One-Step,NASDAQ:MGNI,0.09999951995936533
2021-01-26,12,AR1 alpha + Basic + One-Step,NASDAQ:MGNI,0.09999290241611108
2021-01-27,12,AR1 alpha + Basic + One-Step,NASDAQ:MGNI,0.099993944885523
2021-01-28,12,AR1 alpha + Basic + One-Step,NASDAQ:MGNI,0.09998989093071484
2021-01-29,12,AR1 alpha + Basic + One-Step,NASDAQ:MGNI,0.09999591588200073
2021-02-01,12,AR1 alpha + Basic + One-Step,NASDAQ:MGNI,0.09999918401757285
2021-02-02,12,AR1 alpha + Basic + One-Step,NASDAQ:MGNI,0.09999936401957585
2021-02-03,12,AR1 alpha + Basic + One-Step,NASDAQ:MGNI,0.09999965628754388
2021-02-04,12,AR1 alpha + Basic + One-Step,NASDAQ:MGNI,0.09999811014102199
2021-02-05,12,AR1 alpha + Basic + One-Step,NASDAQ:MGNI,0.09999599238738972
2021-02-08,12,AR1 alpha + Basic + One-Step,NASDAQ:MGNI,0.09999334005459806
2021-02-09,12,AR1 alpha + Basic + One-Step,NASDAQ:MGNI,0.09999761912009841
2021-02-10,12,AR1 alpha + Basic + One-Step,NASDAQ:MGNI,0.0999933129186266
2021-02-11,12,AR1 alpha + Basic + One-Step,NASDAQ:MGNI,0.09999433676529493
2021-02-12,12,AR1 alpha + Basic + One-Step,NASDAQ:MGNI,0.09998813020416794
2021-02-16,12,AR1 alpha + Basic + One-Step,NASDAQ:MGNI,0.09999788349495894
2021-02-17,12,AR1 alpha + Basic + One-Step,NASDAQ:MGNI,0.09999572459170347
2021-02-18,12,AR1 alpha + Basic + One-Step,NASDAQ:MGNI,0.09999876101858814
2021-02-19,12,AR1 alpha + Basic + One-Step,NASDAQ:MGNI,0.09999535728458973
2021-02-22,12,AR1 alpha + Basic + One-Step,NASDAQ:MGNI,0.0999993766010758
2021-02-23,12,AR1 alpha + Basic + One-Step,NASDAQ:MGNI,0.0999998710232004
2021-02-24,12,AR1 alpha + Basic + One-Step,NASDAQ:MGNI,0.09999831738824344
2021-02-25,12,AR1 alpha + Basic + One-Step,NASDAQ:MGNI,0.0755175332316171
2021-02-26,12,AR1 alpha + Basic + One-Step,NASDAQ:MGNI,0.10000039510414584
2021-03-01,12,AR1 alpha + Basic + One-Step,NASDAQ:MGNI,0.09999680405850617
2021-03-02,12,AR1 alpha + Basic + One-Step,NASDAQ:MGNI,0.09999933225025597
2021-03-03,12,AR1 alpha + Basic + One-Step,NASDAQ:MGNI,0.05790147116806809
2021-03-04,12,AR1 alpha + Basic + One-Step,NASDAQ:MGNI,0.01933598382725105
2021-03-05,12,AR1 alpha + Basic + One-Step,NASDAQ:MGNI,0.027225583614502512
2021-03-08,12,AR1 alpha + Basic + One-Step,NASDAQ:MGNI,0.009735425037282376
2021-03-09,12,AR1 alpha + Basic + One-Step,NASDAQ:MGNI,0.09064066108590771
2021-03-10,12,AR1 alpha + Basic + One-Step,NASDAQ:MGNI,0.09868409982491205
2021-03-11,12,AR1 alpha + Basic + One-Step,NASDAQ:MGNI,0.09999986270775812
2021-03-12,12,AR1 alpha + Basic + One-Step,NASDAQ:MGNI,0.09999992455431429
2021-03-15,12,AR1 alpha + Basic + One-Step,NASDAQ:MGNI,0.0999999907496196
2021-03-16,12,AR1 alpha + Basic + One-Step,NASDAQ:MGNI,0.09999333643043212
2021-03-17,12,AR1 alpha + Basic + One-Step,NASDAQ:MGNI,0.09999638820143504
2021-03-18,12,AR1 alpha + Basic + One-Step,NASDAQ:MGNI,0.09999636200379762
2021-03-19,12,AR1 alpha + Basic + One-Step,NASDAQ:MGNI,0.09998763463394061
2021-03-22,12,AR1 alpha + Basic + One-Step,NASDAQ:MGNI,0.09998695617245544
2021-03-23,12,AR1 alpha + Basic + One-Step,NASDAQ:MGNI,0.08138998468643029
2021-03-24,12,AR1 alpha + Basic + One-Step,NASDAQ:MGNI,0.024764323083934735
2021-03-25,12,AR1 alpha + Basic + One-Step,NASDAQ:MGNI,0.04550412333254277
2021-03-26,12,AR1 alpha + Basic + One-Step,NASDAQ:MGNI,0.06390578455973273
2021-03-29,12,AR1 alpha + Basic + One-Step,NASDAQ:MGNI,0.04728202572401992
2021-03-30,12,AR1 alpha + Basic + One-Step,NASDAQ:MGNI,0.07222789960827401
2021-03-31,12,AR1 alpha + Basic + One-Step,NASDAQ:MGNI,0.07677540682925992
2021-04-01,12,AR1 alpha + Basic + One-Step,NASDAQ:MGNI,0.08777840920828883
2021-04-05,12,AR1 alpha + Basic + One-Step,NASDAQ:MGNI,0.08403819917436327
2021-04-06,12,AR1 alpha + Basic + One-Step,NASDAQ:MGNI,0.0833835568244967
2021-04-07,12,AR1 alpha + Basic + One-Step,NASDAQ:MGNI,0.08929362434672249
2021-04-08,12,AR1 alpha + Basic + One-Step,NASDAQ:MGNI,0.09083876246778128
2021-04-09,12,AR1 alpha + Basic + One-Step,NASDAQ:MGNI,0.09999736826421937
2021-04-12,12,AR1 alpha + Basic + One-Step,NASDAQ:MGNI,0.09930044739728945
2021-04-13,12,AR1 alpha + Basic + One-Step,NASDAQ:MGNI,0.09965176299343417
2021-04-14,12,AR1 alpha + Basic + One-Step,NASDAQ:MGNI,0.08437594550802277
2021-04-15,12,AR1 alpha + Basic + One-Step,NASDAQ:MGNI,0.08709284234500383
2021-04-16,12,AR1 alpha + Basic + One-Step,NASDAQ:MGNI,0.07365385424354808
2021-04-19,12,AR1 alpha + Basic + One-Step,NASDAQ:MGNI,0.06501326115530597
2021-04-20,12,AR1 alpha + Basic + One-Step,NASDAQ:MGNI,0.06481073390830594
2021-04-21,12,AR1 alpha + Basic + One-Step,NASDAQ:MGNI,0.07406085476764951
2021-04-22,12,AR1 alpha + Basic + One-Step,NASDAQ:MGNI,0.07289709974577858
2021-04-23,12,AR1 alpha + Basic + One-Step,NASDAQ:MGNI,0.08087922299335429
2021-04-26,12,AR1 alpha + Basic + One-Step,NASDAQ:MGNI,0.09232811643640487
2021-04-27,12,AR1 alpha + Basic + One-Step,NASDAQ:MGNI,0.10000012478593515
2021-04-28,12,AR1 alpha + Basic + One-Step,NASDAQ:MGNI,0.08391439886447032
2021-04-29,12,AR1 alpha + Basic + One-Step,NASDAQ:MGNI,0.08544549214977631
2021-04-30,12,AR1 alpha + Basic + One-Step,NASDAQ:MGNI,0.07228116301941456
2021-05-03,12,AR1 alpha + Basic + One-Step,NASDAQ:MGNI,0.059354679603107544
2021-05-04,12,AR1 alpha + Basic + One-Step,NASDAQ:MGNI,0.03993925072086665
2021-05-05,12,AR1 alpha + Basic + One-Step,NASDAQ:MGNI,0.03706382865606672
2021-05-06,12,AR1 alpha + Basic + One-Step,NASDAQ:MGNI,0.01953322523956593
2021-05-07,12,AR1 alpha + Basic + One-Step,NASDAQ:MGNI,0.06121627982611107
2021-05-10,12,AR1 alpha + Basic + One-Step,NASDAQ:MGNI,0.003127634963178917
2021-05-11,12,AR1 alpha + Basic + One-Step,NASDAQ:MGNI,0.003971999687648623
2021-05-12,12,AR1 alpha + Basic + One-Step,NASDAQ:MGNI,0.0
2021-05-13,12,AR1 alpha + Basic + One-Step,NASDAQ:MGNI,3.4152977796394906e-07
2021-05-14,12,AR1 alpha + Basic + One-Step,NASDAQ:MGNI,0.027222915982259933
2021-05-17,12,AR1 alpha + Basic + One-Step,NASDAQ:MGNI,0.043892114326192
2021-05-18,12,AR1 alpha + Basic + One-Step,NASDAQ:MGNI,0.04486778324354996
2021-05-19,12,AR1 alpha + Basic + One-Step,NASDAQ:MGNI,0.052345412507912005
2021-05-20,12,AR1 alpha + Basic + One-Step,NASDAQ:MGNI,0.09293848866477171
2021-05-21,12,AR1 alpha + Basic + One-Step,NASDAQ:MGNI,0.08312886870835043
2021-05-24,12,AR1 alpha + Basic + One-Step,NASDAQ:MGNI,0.0954620277847346
2021-05-25,12,AR1 alpha + Basic + One-Step,NASDAQ:MGNI,0.0795545216315044
2021-05-26,12,AR1 alpha + Basic + One-Step,NASDAQ:MGNI,0.09324190249711367
2021-05-27,12,AR1 alpha + Basic + One-Step,NASDAQ:MGNI,0.08401847105264142
2021-05-28,12,AR1 alpha + Basic + One-Step,NASDAQ:MGNI,0.08186298746326083
2021-06-01,12,AR1 alpha + Basic + One-Step,NASDAQ:MGNI,0.08583995946799253
2021-06-02,12,AR1 alpha + Basic + One-Step,NASDAQ:MGNI,0.07733876686062079
2021-06-03,12,AR1 alpha + Basic + One-Step,NASDAQ:MGNI,0.060994011100949784
2021-06-04,12,AR1 alpha + Basic + One-Step,NASDAQ:MGNI,0.05847127049937658
2021-06-07,12,AR1 alpha + Basic + One-Step,NASDAQ:MGNI,0.09456705638143119
2021-06-08,12,AR1 alpha + Basic + One-Step,NASDAQ:MGNI,0.08891363813693036
2021-06-09,12,AR1 alpha + Basic + One-Step,NASDAQ:MGNI,0.08458916570486487
2021-06-10,12,AR1 alpha + Basic + One-Step,NASDAQ:MGNI,0.07055964188663512
2021-06-11,12,AR1 alpha + Basic + One-Step,NASDAQ:MGNI,0.07601688351270107
2021-06-14,12,AR1 alpha + Basic + One-Step,NASDAQ:MGNI,0.06189449899665742
2021-06-15,12,AR1 alpha + Basic + One-Step,NASDAQ:MGNI,0.05789565367295835
2021-06-16,12,AR1 alpha + Basic + One-Step,NASDAQ:MGNI,0.0586084541253026
2021-06-17,12,AR1 alpha + Basic + One-Step,NASDAQ:MGNI,0.05880589176273103
2021-06-18,12,AR1 alpha + Basic + One-Step,NASDAQ:MGNI,0.021387502944122342
2021-06-21,12,AR1 alpha + Basic + One-Step,NASDAQ:MGNI,0.042157049230885806
2021-06-22,12,AR1 alpha + Basic + One-Step,NASDAQ:MGNI,0.06549356681051074
2021-06-23,12,AR1 alpha + Basic + One-Step,NASDAQ:MGNI,0.07591776406111797
2021-06-24,12,AR1 alpha + Basic + One-Step,NASDAQ:MGNI,0.10000018028933996
2021-06-25,12,AR1 alpha + Basic + One-Step,NASDAQ:MGNI,0.0999926088899729
2021-06-28,12,AR1 alpha + Basic + One-Step,NASDAQ:MGNI,0.09999608829610432
2021-06-29,12,AR1 alpha + Basic + One-Step,NASDAQ:MGNI,0.09999490610256212
2021-06-30,12,AR1 alpha + Basic + One-Step,NASDAQ:MGNI,0.06828939986367263
2021-07-01,12,AR1 alpha + Basic + One-Step,NASDAQ:MGNI,0.07485423621871544
2021-07-02,12,AR1 alpha + Basic + One-Step,NASDAQ:MGNI,0.06608282744488782
2021-07-06,12,AR1 alpha + Basic + One-Step,NASDAQ:MGNI,0.08034785276331487
2021-07-07,12,AR1 alpha + Basic + One-Step,NASDAQ:MGNI,0.05914311721986866
2021-07-08,12,AR1 alpha + Basic + One-Step,NASDAQ:MGNI,0.07127589338385973
2021-07-09,12,AR1 alpha + Basic + One-Step,NASDAQ:MGNI,0.08320023597272606
2021-07-12,12,AR1 alpha + Basic + One-Step,NASDAQ:MGNI,0.06938938436587966
2021-07-13,12,AR1 alpha + Basic + One-Step,NASDAQ:MGNI,0.0639601021185202
2021-07-14,12,AR1 alpha + Basic + One-Step,NASDAQ:MGNI,0.047728900873704905
2021-07-15,12,AR1 alpha + Basic + One-Step,NASDAQ:MGNI,0.04772567815663205
2021-07-16,12,AR1 alpha + Basic + One-Step,NASDAQ:MGNI,0.028128587609117326
2021-07-19,12,AR1 alpha + Basic + One-Step,NASDAQ:MGNI,0.036277532755974146
2021-07-20,12,AR1 alpha + Basic + One-Step,NASDAQ:MGNI,0.07023528639598058
2021-07-21,12,AR1 alpha + Basic + One-Step,NASDAQ:MGNI,0.0886194741271325
2021-07-22,12,AR1 alpha + Basic + One-Step,NASDAQ:MGNI,0.08981247768763406
2021-07-23,12,AR1 alpha + Basic + One-Step,NASDAQ:MGNI,0.09999178115165133
2021-07-26,12,AR1 alpha + Basic + One-Step,NASDAQ:MGNI,0.09999854132001305
2021-07-27,12,AR1 alpha + Basic + One-Step,NASDAQ:MGNI,0.08939590861550466
2021-07-28,12,AR1 alpha + Basic + One-Step,NASDAQ:MGNI,0.09999174120956156
2021-07-29,12,AR1 alpha + Basic + One-Step,NASDAQ:MGNI,0.09688154631047886
2021-07-30,12,AR1 alpha + Basic + One-Step,NASDAQ:MGNI,0.09174206714852234
2021-08-02,12,AR1 alpha + Basic + One-Step,NASDAQ:MGNI,0.08652929382626928
2021-08-03,12,AR1 alpha + Basic + One-Step,NASDAQ:MGNI,0.07218959963078034
2021-08-04,12,AR1 alpha + Basic + One-Step,NASDAQ:MGNI,0.08033462477654996
2021-08-05,12,AR1 alpha + Basic + One-Step,NASDAQ:MGNI,0.09834647097020156
2021-08-06,12,AR1 alpha + Basic + One-Step,NASDAQ:MGNI,0.09999488664992351
2021-08-09,12,AR1 alpha + Basic + One-Step,NASDAQ:MGNI,0.09999918314833028
2021-08-10,12,AR1 alpha + Basic + One-Step,NASDAQ:MGNI,0.09999975218134216
2021-08-11,12,AR1 alpha + Basic + One-Step,NASDAQ:MGNI,0.0888187721964604
2021-08-12,12,AR1 alpha + Basic + One-Step,NASDAQ:MGNI,0.07441240246475135
2021-08-13,12,AR1 alpha + Basic + One-Step,NASDAQ:MGNI,0.03169407801878238
2021-08-16,12,AR1 alpha + Basic + One-Step,NASDAQ:MGNI,0.012104641867002663
2021-08-17,12,AR1 alpha + Basic + One-Step,NASDAQ:MGNI,0.0
2021-08-18,12,AR1 alpha + Basic + One-Step,NASDAQ:MGNI,0.0
2021-08-19,12,AR1 alpha + Basic + One-Step,NASDAQ:MGNI,0.0
2021-08-20,12,AR1 alpha + Basic + One-Step,NASDAQ:MGNI,0.0
2021-08-23,12,AR1 alpha + Basic + One-Step,NASDAQ:MGNI,0.07229965959819348
2021-08-24,12,AR1 alpha + Basic + One-Step,NASDAQ:MGNI,0.10000004799142917
2021-08-25,12,AR1 alpha + Basic + One-Step,NASDAQ:MGNI,0.089429056878873
2021-08-26,12,AR1 alpha + Basic + One-Step,NASDAQ:MGNI,0.0999999145171659
2021-08-27,12,AR1 alpha + Basic + One-Step,NASDAQ:MGNI,0.09999984809413805
2021-08-30,12,AR1 alpha + Basic + One-Step,NASDAQ:MGNI,0.09072329047180096
2021-08-31,12,AR1 alpha + Basic + One-Step,NASDAQ:MGNI,0.09999794863373675
2021-09-01,12,AR1 alpha + Basic + One-Step,NASDAQ:MGNI,0.0999877081819634
2021-09-02,12,AR1 alpha + Basic + One-Step,NASDAQ:MGNI,0.09999663757117964
2021-09-03,12,AR1 alpha + Basic + One-Step,NASDAQ:MGNI,0.09999088267204309
2021-09-07,12,AR1 alpha + Basic + One-Step,NASDAQ:MGNI,0.09937309072010263
2021-09-08,12,AR1 alpha + Basic + One-Step,NASDAQ:MGNI,0.055461352743177844
2021-09-09,12,AR1 alpha + Basic + One-Step,NASDAQ:MGNI,0.08917012874129467
2021-09-10,12,AR1 alpha + Basic + One-Step,NASDAQ:MGNI,0.08044664788074915
2021-09-13,12,AR1 alpha + Basic + One-Step,NASDAQ:MGNI,0.0577589860230021
2021-09-14,12,AR1 alpha + Basic + One-Step,NASDAQ:MGNI,0.07131850906618824
2021-09-15,12,AR1 alpha + Basic + One-Step,NASDAQ:MGNI,0.08716770714008065
2021-09-16,12,AR1 alpha + Basic + One-Step,NASDAQ:MGNI,0.0720444656927394
2021-09-17,12,AR1 alpha + Basic + One-Step,NASDAQ:MGNI,0.062029606174950284
2021-09-20,12,AR1 alpha + Basic + One-Step,NASDAQ:MGNI,0.029776076408961183
2021-09-21,12,AR1 alpha + Basic + One-Step,NASDAQ:MGNI,0.041437837614980634
2021-09-22,12,AR1 alpha + Basic + One-Step,NASDAQ:MGNI,0.09999363354812804
2021-09-23,12,AR1 alpha + Basic + One-Step,NASDAQ:MGNI,0.09999534427016789
2021-09-24,12,AR1 alpha + Basic + One-Step,NASDAQ:MGNI,0.09918108472795106
2021-09-27,12,AR1 alpha + Basic + One-Step,NASDAQ:MGNI,0.09999779844582467
2021-09-28,12,AR1 alpha + Basic + One-Step,NASDAQ:MGNI,0.022799242678151234
2021-09-29,12,AR1 alpha + Basic + One-Step,NASDAQ:MGNI,0.0007748301914706654
2021-09-30,12,AR1 alpha + Basic + One-Step,NASDAQ:MGNI,0.016525370882726285
2021-10-01,12,AR1 alpha + Basic + One-Step,NASDAQ:MGNI,0.0381091077283625
2021-10-04,12,AR1 alpha + Basic + One-Step,NASDAQ:MGNI,0.0
2021-10-05,12,AR1 alpha + Basic + One-Step,NASDAQ:MGNI,3.0117000833293935e-09
2021-10-06,12,AR1 alpha + Basic + One-Step,NASDAQ:MGNI,0.020453429006738726
2021-10-07,12,AR1 alpha + Basic + One-Step,NASDAQ:MGNI,0.0661643256820043
2021-10-08,12,AR1 alpha + Basic + One-Step,NASDAQ:MGNI,0.05898701383408381
2021-10-11,12,AR1 alpha + Basic + One-Step,NASDAQ:MGNI,0.04376324041908181
2021-10-12,12,AR1 alpha + Basic + One-Step,NASDAQ:MGNI,0.05836138185517434
2021-10-13,12,AR1 alpha + Basic + One-Step,NASDAQ:MGNI,0.09483611967635247
2021-10-14,12,AR1 alpha + Basic + One-Step,NASDAQ:MGNI,0.09136809686663519
2021-10-15,12,AR1 alpha + Basic + One-Step,NASDAQ:MGNI,0.06576629274573226
2021-10-18,12,AR1 alpha + Basic + One-Step,NASDAQ:MGNI,0.06403431765457866
2021-10-19,12,AR1 alpha + Basic + One-Step,NASDAQ:MGNI,0.05629904567134714
2021-10-20,12,AR1 alpha + Basic + One-Step,NASDAQ:MGNI,0.04398098472455467
2021-10-21,12,AR1 alpha + Basic + One-Step,NASDAQ:MGNI,0.03396096208989178
2021-10-22,12,AR1 alpha + Basic + One-Step,NASDAQ:MGNI,0.0
2021-10-25,12,AR1 alpha + Basic + One-Step,NASDAQ:MGNI,0.0
2021-10-26,12,AR1 alpha + Basic + One-Step,NASDAQ:MGNI,0.0
2021-10-27,12,AR1 alpha + Basic + One-Step,NASDAQ:MGNI,0.0
2021-10-28,12,AR1 alpha + Basic + One-Step,NASDAQ:MGNI,0.008210478093080932
2021-10-29,12,AR1 alpha + Basic + One-Step,NASDAQ:MGNI,0.0
2021-11-01,12,AR1 alpha + Basic + One-Step,NASDAQ:MGNI,0.024232056967318172
2021-11-02,12,AR1 alpha + Basic + One-Step,NASDAQ:MGNI,0.0
2021-11-03,12,AR1 alpha + Basic + One-Step,NASDAQ:MGNI,0.01334187645384038
2021-11-04,12,AR1 alpha + Basic + One-Step,NASDAQ:MGNI,0.0
2021-11-05,12,AR1 alpha + Basic + One-Step,NASDAQ:MGNI,2.5295671197261574e-08
2021-11-08,12,AR1 alpha + Basic + One-Step,NASDAQ:MGNI,0.0
2021-11-09,12,AR1 alpha + Basic + One-Step,NASDAQ:MGNI,0.0
2021-11-10,12,AR1 alpha + Basic + One-Step,NASDAQ:MGNI,0.0
2021-11-11,12,AR1 alpha + Basic + One-Step,NASDAQ:MGNI,9.458900501530365e-09
2021-11-12,12,AR1 alpha + Basic + One-Step,NASDAQ:MGNI,0.0
2021-11-15,12,AR1 alpha + Basic + One-Step,NASDAQ:MGNI,0.0
2021-11-16,12,AR1 alpha + Basic + One-Step,NASDAQ:MGNI,0.0
2021-11-17,12,AR1 alpha + Basic + One-Step,NASDAQ:MGNI,0.0
2021-11-18,12,AR1 alpha + Basic + One-Step,NASDAQ:MGNI,0.0
2021-11-19,12,AR1 alpha + Basic + One-Step,NASDAQ:MGNI,0.0
2021-11-22,12,AR1 alpha + Basic + One-Step,NASDAQ:MGNI,0.0
2021-11-23,12,AR1 alpha + Basic + One-Step,NASDAQ:MGNI,0.0
2021-11-24,12,AR1 alpha + Basic + One-Step,NASDAQ:MGNI,7.486773217735104e-08
2021-11-26,12,AR1 alpha + Basic + One-Step,NASDAQ:MGNI,1.944440809892562e-07
2021-11-29,12,AR1 alpha + Basic + One-Step,NASDAQ:MGNI,2.4567166313628918e-08
2021-11-30,12,AR1 alpha + Basic + One-Step,NASDAQ:MGNI,7.132655316936031e-08
2021-12-01,12,AR1 alpha + Basic + One-Step,NASDAQ:MGNI,4.702346102136482e-09
2021-12-02,12,AR1 alpha + Basic + One-Step,NASDAQ:MGNI,1.2181624072418014e-07
2021-12-03,12,AR1 alpha + Basic + One-Step,NASDAQ:MGNI,0.0
2021-12-06,12,AR1 alpha + Basic + One-Step,NASDAQ:MGNI,0.0
2021-12-07,12,AR1 alpha + Basic + One-Step,NASDAQ:MGNI,6.60545268961728e-07
2021-12-08,12,AR1 alpha + Basic + One-Step,NASDAQ:MGNI,2.2527695975753454e-07
2021-12-09,12,AR1 alpha + Basic + One-Step,NASDAQ:MGNI,0.0
2021-12-10,12,AR1 alpha + Basic + One-Step,NASDAQ:MGNI,0.0
2021-12-13,12,AR1 alpha + Basic + One-Step,NASDAQ:MGNI,0.0
2021-12-14,12,AR1 alpha + Basic + One-Step,NASDAQ:MGNI,1.7203874556384885e-09
2021-12-15,12,AR1 alpha + Basic + One-Step,NASDAQ:MGNI,0.0
2021-12-16,12,AR1 alpha + Basic + One-Step,NASDAQ:MGNI,3.080686195111525e-08
2021-12-17,12,AR1 alpha + Basic + One-Step,NASDAQ:MGNI,0.0
2021-12-20,12,AR1 alpha + Basic + One-Step,NASDAQ:MGNI,0.0
2021-12-21,12,AR1 alpha + Basic + One-Step,NASDAQ:MGNI,0.0
2021-12-22,12,AR1 alpha + Basic + One-Step,NASDAQ:MGNI,4.19673403508937e-08
2021-12-23,12,AR1 alpha + Basic + One-Step,NASDAQ:MGNI,0.0
2021-12-27,12,AR1 alpha + Basic + One-Step,NASDAQ:MGNI,0.0
2021-12-28,12,AR1 alpha + Basic + One-Step,NASDAQ:MGNI,0.0
2021-12-29,12,AR1 alpha + Basic + One-Step,NASDAQ:MGNI,0.0
2021-12-30,12,AR1 alpha + Basic + One-Step,NASDAQ:MGNI,0.0
2021-12-31,12,AR1 alpha + Basic + One-Step,NASDAQ:MGNI,0.0
2022-01-03,12,AR1 alpha + Basic + One-Step,NASDAQ:MGNI,0.0
2022-01-04,12,AR1 alpha + Basic + One-Step,NASDAQ:MGNI,0.0
2022-01-05,12,AR1 alpha + Basic + One-Step,NASDAQ:MGNI,0.0
2022-01-06,12,AR1 alpha + Basic + One-Step,NASDAQ:MGNI,0.0
2022-01-07,12,AR1 alpha + Basic + One-Step,NASDAQ:MGNI,1.723280040522482e-08
2022-01-10,12,AR1 alpha + Basic + One-Step,NASDAQ:MGNI,6.21236418170905e-08
2022-01-11,12,AR1 alpha + Basic + One-Step,NASDAQ:MGNI,0.0
2022-01-12,12,AR1 alpha + Basic + One-Step,NASDAQ:MGNI,0.0
2022-01-13,12,AR1 alpha + Basic + One-Step,NASDAQ:MGNI,4.6342187255519936e-07
2022-01-14,12,AR1 alpha + Basic + One-Step,NASDAQ:MGNI,0.0
2022-01-18,12,AR1 alpha + Basic + One-Step,NASDAQ:MGNI,0.0
2022-01-19,12,AR1 alpha + Basic + One-Step,NASDAQ:MGNI,0.0
2022-01-20,12,AR1 alpha + Basic + One-Step,NASDAQ:MGNI,0.0
2022-01-21,12,AR1 alpha + Basic + One-Step,NASDAQ:MGNI,1.1537239547763293e-07
2022-01-24,12,AR1 alpha + Basic + One-Step,NASDAQ:MGNI,0.0
2022-01-25,12,AR1 alpha + Basic + One-Step,NASDAQ:MGNI,0.0
2022-01-26,12,AR1 alpha + Basic + One-Step,NASDAQ:MGNI,0.0
2022-01-27,12,AR1 alpha + Basic + One-Step,NASDAQ:MGNI,0.0
2022-01-28,12,AR1 alpha + Basic + One-Step,NASDAQ:MGNI,0.0
2022-01-31,12,AR1 alpha + Basic + One-Step,NASDAQ:MGNI,0.0
2022-02-01,12,AR1 alpha + Basic + One-Step,NASDAQ:MGNI,0.0
2022-02-02,12,AR1 alpha + Basic + One-Step,NASDAQ:MGNI,0.0
2022-02-03,12,AR1 alpha + Basic + One-Step,NASDAQ:MGNI,0.0
2022-02-04,12,AR1 alpha + Basic + One-Step,NASDAQ:MGNI,6.428749607481647e-08
2022-02-07,12,AR1 alpha + Basic + One-Step,NASDAQ:MGNI,1.0205554054817408e-07
2022-02-08,12,AR1 alpha + Basic + One-Step,NASDAQ:MGNI,6.300246635649038e-07
2022-02-09,12,AR1 alpha + Basic + One-Step,NASDAQ:MGNI,0.0
2022-02-10,12,AR1 alpha + Basic + One-Step,NASDAQ:MGNI,0.0
2022-02-11,12,AR1 alpha + Basic + One-Step,NASDAQ:MGNI,0.0
2022-02-14,12,AR1 alpha + Basic + One-Step,NASDAQ:MGNI,0.0
2022-02-15,12,AR1 alpha + Basic + One-Step,NASDAQ:MGNI,0.0
2022-02-16,12,AR1 alpha + Basic + One-Step,NASDAQ:MGNI,0.0
2022-02-17,12,AR1 alpha + Basic + One-Step,NASDAQ:MGNI,0.0
2022-02-18,12,AR1 alpha + Basic + One-Step,NASDAQ:MGNI,4.2534579364929876e-08
2022-02-22,12,AR1 alpha + Basic + One-Step,NASDAQ:MGNI,0.0
2022-02-23,12,AR1 alpha + Basic + One-Step,NASDAQ:MGNI,0.0
2022-02-24,12,AR1 alpha + Basic + One-Step,NASDAQ:MGNI,0.0
2022-02-25,12,AR1 alpha + Basic + One-Step,NASDAQ:MGNI,0.0
2022-02-28,12,AR1 alpha + Basic + One-Step,NASDAQ:MGNI,0.0
2022-03-01,12,AR1 alpha + Basic + One-Step,NASDAQ:MGNI,6.362257800989998e-09
2022-03-02,12,AR1 alpha + Basic + One-Step,NASDAQ:MGNI,5.665248119129486e-08
2022-03-03,12,AR1 alpha + Basic + One-Step,NASDAQ:MGNI,0.0
2022-03-04,12,AR1 alpha + Basic + One-Step,NASDAQ:MGNI,0.0
2022-03-07,12,AR1 alpha + Basic + One-Step,NASDAQ:MGNI,0.0
2022-03-08,12,AR1 alpha + Basic + One-Step,NASDAQ:MGNI,0.0
2022-03-09,12,AR1 alpha + Basic + One-Step,NASDAQ:MGNI,5.020086072519453e-08
2022-03-10,12,AR1 alpha + Basic + One-Step,NASDAQ:MGNI,0.0
2022-03-11,12,AR1 alpha + Basic + One-Step,NASDAQ:MGNI,0.0
2022-03-14,12,AR1 alpha + Basic + One-Step,NASDAQ:MGNI,2.2964189208478562e-08
2022-03-15,12,AR1 alpha + Basic + One-Step,NASDAQ:MGNI,0.0
2022-03-16,12,AR1 alpha + Basic + One-Step,NASDAQ:MGNI,0.0
2022-03-17,12,AR1 alpha + Basic + One-Step,NASDAQ:MGNI,0.0
2022-03-18,12,AR1 alpha + Basic + One-Step,NASDAQ:MGNI,0.0
2022-03-21,12,AR1 alpha + Basic + One-Step,NASDAQ:MGNI,0.0
2022-03-22,12,AR1 alpha + Basic + One-Step,NASDAQ:MGNI,5.130633374093825e-08
2022-03-23,12,AR1 alpha + Basic + One-Step,NASDAQ:MGNI,3.4893025571296616e-08
2022-03-24,12,AR1 alpha + Basic + One-Step,NASDAQ:MGNI,2.1423952781791927e-09
2022-03-25,12,AR1 alpha + Basic + One-Step,NASDAQ:MGNI,0.0
2022-03-28,12,AR1 alpha + Basic + One-Step,NASDAQ:MGNI,0.0
2022-03-29,12,AR1 alpha + Basic + One-Step,NASDAQ:MGNI,0.0
2022-03-30,12,AR1 alpha + Basic + One-Step,NASDAQ:MGNI,0.0
2022-03-31,12,AR1 alpha + Basic + One-Step,NASDAQ:MGNI,5.42584390527316e-08
2022-04-01,12,AR1 alpha + Basic + One-Step,NASDAQ:MGNI,0.0
2022-04-04,12,AR1 alpha + Basic + One-Step,NASDAQ:MGNI,0.0
2022-04-05,12,AR1 alpha + Basic + One-Step,NASDAQ:MGNI,7.436522217766021e-08
2022-04-06,12,AR1 alpha + Basic + One-Step,NASDAQ:MGNI,0.0
2022-04-07,12,AR1 alpha + Basic + One-Step,NASDAQ:MGNI,0.0
2022-04-08,12,AR1 alpha + Basic + One-Step,NASDAQ:MGNI,0.0
2022-04-11,12,AR1 alpha + Basic + One-Step,NASDAQ:MGNI,0.0
2022-04-12,12,AR1 alpha + Basic + One-Step,NASDAQ:MGNI,0.0
2022-04-13,12,AR1 alpha + Basic + One-Step,NASDAQ:MGNI,9.809453950340042e-08
2022-04-14,12,AR1 alpha + Basic + One-Step,NASDAQ:MGNI,6.2518985503082905e-09
2022-04-18,12,AR1 alpha + Basic + One-Step,NASDAQ:MGNI,0.0
2022-04-19,12,AR1 alpha + Basic + One-Step,NASDAQ:MGNI,8.340186386421144e-09
2022-04-20,12,AR1 alpha + Basic + One-Step,NASDAQ:MGNI,1.1067602743706772e-08
2022-04-21,12,AR1 alpha + Basic + One-Step,NASDAQ:MGNI,0.0
2022-04-22,12,AR1 alpha + Basic + One-Step,NASDAQ:MGNI,0.0
2022-04-25,12,AR1 alpha + Basic + One-Step,NASDAQ:MGNI,0.0
2022-04-26,12,AR1 alpha + Basic + One-Step,NASDAQ:MGNI,0.0
2022-04-27,12,AR1 alpha + Basic + One-Step,NASDAQ:MGNI,0.0
2022-04-28,12,AR1 alpha + Basic + One-Step,NASDAQ:MGNI,0.0
2022-04-29,12,AR1 alpha + Basic + One-Step,NASDAQ:MGNI,0.0
2022-05-02,12,AR1 alpha + Basic + One-Step,NASDAQ:MGNI,0.0
2022-05-03,12,AR1 alpha + Basic + One-Step,NASDAQ:MGNI,0.0
2022-05-04,12,AR1 alpha + Basic + One-Step,NASDAQ:MGNI,3.123827175845575e-07
2022-05-05,12,AR1 alpha + Basic + One-Step,NASDAQ:MGNI,0.0
2022-05-06,12,AR1 alpha + Basic + One-Step,NASDAQ:MGNI,0.0
2022-05-09,12,AR1 alpha + Basic + One-Step,NASDAQ:MGNI,0.0
2022-05-10,12,AR1 alpha + Basic + One-Step,NASDAQ:MGNI,5.512867783827974e-07
2022-05-11,12,AR1 alpha + Basic + One-Step,NASDAQ:MGNI,0.0
2022-05-12,12,AR1 alpha + Basic + One-Step,NASDAQ:MGNI,2.2389044321739928e-07
2022-05-13,12,AR1 alpha + Basic + One-Step,NASDAQ:MGNI,0.0
2022-05-16,12,AR1 alpha + Basic + One-Step,NASDAQ:MGNI,8.247787196369356e-09
2022-05-17,12,AR1 alpha + Basic + One-Step,NASDAQ:MGNI,3.7281295239705356e-09
2022-05-18,12,AR1 alpha + Basic + One-Step,NASDAQ:MGNI,1.6177438997114552e-07
2022-05-19,12,AR1 alpha + Basic + One-Step,NASDAQ:MGNI,0.0
2022-05-20,12,AR1 alpha + Basic + One-Step,NASDAQ:MGNI,0.0
2022-05-23,12,AR1 alpha + Basic + One-Step,NASDAQ:MGNI,1.0269152419648054e-07
2022-05-24,12,AR1 alpha + Basic + One-Step,NASDAQ:MGNI,0.0
2022-05-25,12,AR1 alpha + Basic + One-Step,NASDAQ:MGNI,7.398132852876129e-10
2022-05-26,12,AR1 alpha + Basic + One-Step,NASDAQ:MGNI,0.0
2022-05-27,12,AR1 alpha + Basic + One-Step,NASDAQ:MGNI,6.047936330864392e-09
2022-05-31,12,AR1 alpha + Basic + One-Step,NASDAQ:MGNI,1.2391620769548606e-09
2022-06-01,12,AR1 alpha + Basic + One-Step,NASDAQ:MGNI,0.0
2022-06-02,12,AR1 alpha + Basic + One-Step,NASDAQ:MGNI,0.0
2022-06-03,12,AR1 alpha + Basic + One-Step,NASDAQ:MGNI,0.0
2022-06-06,12,AR1 alpha + Basic + One-Step,NASDAQ:MGNI,0.0
2022-06-07,12,AR1 alpha + Basic + One-Step,NASDAQ:MGNI,0.0
2022-06-08,12,AR1 alpha + Basic + One-Step,NASDAQ:MGNI,0.0
2022-06-09,12,AR1 alpha + Basic + One-Step,NASDAQ:MGNI,1.6902325568869702e-08
2022-06-10,12,AR1 alpha + Basic + One-Step,NASDAQ:MGNI,2.6770712801309807e-08
2022-06-13,12,AR1 alpha + Basic + One-Step,NASDAQ:MGNI,1.4727305162099474e-07
2022-06-14,12,AR1 alpha + Basic + One-Step,NASDAQ:MGNI,3.199611156497016e-08
2022-06-15,12,AR1 alpha + Basic + One-Step,NASDAQ:MGNI,0.0
2022-06-16,12,AR1 alpha + Basic + One-Step,NASDAQ:MGNI,0.0
2022-06-17,12,AR1 alpha + Basic + One-Step,NASDAQ:MGNI,0.0
2022-06-21,12,AR1 alpha + Basic + One-Step,NASDAQ:MGNI,0.0
2022-06-22,12,AR1 alpha + Basic + One-Step,NASDAQ:MGNI,0.0
2022-06-23,12,AR1 alpha + Basic + One-Step,NASDAQ:MGNI,0.0
2022-06-24,12,AR1 alpha + Basic + One-Step,NASDAQ:MGNI,0.0
2022-06-27,12,AR1 alpha + Basic + One-Step,NASDAQ:MGNI,3.020687041145565e-08
2022-06-28,12,AR1 alpha + Basic + One-Step,NASDAQ:MGNI,0.0
2022-06-29,12,AR1 alpha + Basic + One-Step,NASDAQ:MGNI,0.0
2022-06-30,12,AR1 alpha + Basic + One-Step,NASDAQ:MGNI,0.0
2022-07-01,12,AR1 alpha + Basic + One-Step,NASDAQ:MGNI,0.0
2022-07-05,12,AR1 alpha + Basic + One-Step,NASDAQ:MGNI,0.0
2022-07-06,12,AR1 alpha + Basic + One-Step,NASDAQ:MGNI,0.0
2022-07-07,12,AR1 alpha + Basic + One-Step,NASDAQ:MGNI,0.0
2022-07-08,12,AR1 alpha + Basic + One-Step,NASDAQ:MGNI,0.0
2022-07-11,12,AR1 alpha + Basic + One-Step,NASDAQ:MGNI,6.447118771284061e-08
2022-07-12,12,AR1 alpha + Basic + One-Step,NASDAQ:MGNI,1.0916229945604402e-07
2022-07-13,12,AR1 alpha + Basic + One-Step,NASDAQ:MGNI,5.6251285965714274e-08
2022-07-14,12,AR1 alpha + Basic + One-Step,NASDAQ:MGNI,0.0
2022-07-15,12,AR1 alpha + Basic + One-Step,NASDAQ:MGNI,1.1263829511406581e-07
2022-07-18,12,AR1 alpha + Basic + One-Step,NASDAQ:MGNI,1.2912400220201587e-08
2022-07-19,12,AR1 alpha + Basic + One-Step,NASDAQ:MGNI,0.0
2022-07-20,12,AR1 alpha + Basic + One-Step,NASDAQ:MGNI,0.0
2022-07-21,12,AR1 alpha + Basic + One-Step,NASDAQ:MGNI,2.5802161051945768e-08
2022-07-22,12,AR1 alpha + Basic + One-Step,NASDAQ:MGNI,0.0
2022-07-25,12,AR1 alpha + Basic + One-Step,NASDAQ:MGNI,0.0
2022-07-26,12,AR1 alpha + Basic + One-Step,NASDAQ:MGNI,0.0
2022-07-27,12,AR1 alpha + Basic + One-Step,NASDAQ:MGNI,0.0
2022-07-28,12,AR1 alpha + Basic + One-Step,NASDAQ:MGNI,0.0
2022-07-29,12,AR1 alpha + Basic + One-Step,NASDAQ:MGNI,0.0
2022-08-01,12,AR1 alpha + Basic + One-Step,NASDAQ:MGNI,0.0
2022-08-02,12,AR1 alpha + Basic + One-Step,NASDAQ:MGNI,0.0
2022-08-03,12,AR1 alpha + Basic + One-Step,NASDAQ:MGNI,0.0
2022-08-04,12,AR1 alpha + Basic + One-Step,NASDAQ:MGNI,0.0
2022-08-05,12,AR1 alpha + Basic + One-Step,NASDAQ:MGNI,0.0
2022-08-08,12,AR1 alpha + Basic + One-Step,NASDAQ:MGNI,0.0
2022-08-09,12,AR1 alpha + Basic + One-Step,NASDAQ:MGNI,0.0
2022-08-10,12,AR1 alpha + Basic + One-Step,NASDAQ:MGNI,0.0
2022-08-11,12,AR1 alpha + Basic + One-Step,NASDAQ:MGNI,0.0
2022-08-12,12,AR1 alpha + Basic + One-Step,NASDAQ:MGNI,0.0
2022-08-15,12,AR1 alpha + Basic + One-Step,NASDAQ:MGNI,0.0
2022-08-16,12,AR1 alpha + Basic + One-Step,NASDAQ:MGNI,0.0
2022-08-17,12,AR1 alpha + Basic + One-Step,NASDAQ:MGNI,0.0
2022-08-18,12,AR1 alpha + Basic + One-Step,NASDAQ:MGNI,0.0
2022-08-19,12,AR1 alpha + Basic + One-Step,NASDAQ:MGNI,8.016561290042468e-09
2022-08-22,12,AR1 alpha + Basic + One-Step,NASDAQ:MGNI,0.0
2022-08-23,12,AR1 alpha + Basic + One-Step,NASDAQ:MGNI,0.0
2022-08-24,12,AR1 alpha + Basic + One-Step,NASDAQ:MGNI,2.0052263620502917e-08
2022-08-25,12,AR1 alpha + Basic + One-Step,NASDAQ:MGNI,0.0
2022-08-26,12,AR1 alpha + Basic + One-Step,NASDAQ:MGNI,0.0
2022-08-29,12,AR1 alpha + Basic + One-Step,NASDAQ:MGNI,0.0
2022-08-30,12,AR1 alpha + Basic + One-Step,NASDAQ:MGNI,0.0
2022-08-31,12,AR1 alpha + Basic + One-Step,NASDAQ:MGNI,0.0
2022-09-01,12,AR1 alpha + Basic + One-Step,NASDAQ:MGNI,3.3725814815900235e-09
2022-09-02,12,AR1 alpha + Basic + One-Step,NASDAQ:MGNI,0.0
2022-09-06,12,AR1 alpha + Basic + One-Step,NASDAQ:MGNI,0.0
2022-09-07,12,AR1 alpha + Basic + One-Step,NASDAQ:MGNI,0.0
2022-09-08,12,AR1 alpha + Basic + One-Step,NASDAQ:MGNI,3.9125440534765155e-07
2022-09-09,12,AR1 alpha + Basic + One-Step,NASDAQ:MGNI,0.0
2022-09-12,12,AR1 alpha + Basic + One-Step,NASDAQ:MGNI,0.0
2022-09-13,12,AR1 alpha + Basic + One-Step,NASDAQ:MGNI,0.0
2022-09-14,12,AR1 alpha + Basic + One-Step,NASDAQ:MGNI,9.949987292464827e-08
2022-09-15,12,AR1 alpha + Basic + One-Step,NASDAQ:MGNI,0.0
2022-09-16,12,AR1 alpha + Basic + One-Step,NASDAQ:MGNI,5.5253949666670906e-08
2022-09-19,12,AR1 alpha + Basic + One-Step,NASDAQ:MGNI,0.0
2022-09-20,12,AR1 alpha + Basic + One-Step,NASDAQ:MGNI,0.0
2022-09-21,12,AR1 alpha + Basic + One-Step,NASDAQ:MGNI,0.0
2022-09-22,12,AR1 alpha + Basic + One-Step,NASDAQ:MGNI,0.0
2022-09-23,12,AR1 alpha + Basic + One-Step,NASDAQ:MGNI,0.0
2022-09-26,12,AR1 alpha + Basic + One-Step,NASDAQ:MGNI,3.2176127681550387e-09
2022-09-27,12,AR1 alpha + Basic + One-Step,NASDAQ:MGNI,0.0
2022-09-28,12,AR1 alpha + Basic + One-Step,NASDAQ:MGNI,0.0
2022-09-29,12,AR1 alpha + Basic + One-Step,NASDAQ:MGNI,0.0
2022-09-30,12,AR1 alpha + Basic + One-Step,NASDAQ:MGNI,0.0
2022-10-03,12,AR1 alpha + Basic + One-Step,NASDAQ:MGNI,0.0
2022-10-04,12,AR1 alpha + Basic + One-Step,NASDAQ:MGNI,0.0
2022-10-05,12,AR1 alpha + Basic + One-Step,NASDAQ:MGNI,1.8349232907746997e-07
2022-10-06,12,AR1 alpha + Basic + One-Step,NASDAQ:MGNI,0.0
2022-10-07,12,AR1 alpha + Basic + One-Step,NASDAQ:MGNI,0.0
2022-10-10,12,AR1 alpha + Basic + One-Step,NASDAQ:MGNI,0.0
2022-10-11,12,AR1 alpha + Basic + One-Step,NASDAQ:MGNI,7.109152893404345e-08
2022-10-12,12,AR1 alpha + Basic + One-Step,NASDAQ:MGNI,1.2604093245774234e-08
2022-10-13,12,AR1 alpha + Basic + One-Step,NASDAQ:MGNI,0.0
2022-10-14,12,AR1 alpha + Basic + One-Step,NASDAQ:MGNI,0.0
2022-10-17,12,AR1 alpha + Basic + One-Step,NASDAQ:MGNI,0.0
2022-10-18,12,AR1 alpha + Basic + One-Step,NASDAQ:MGNI,0.0
2022-10-19,12,AR1 alpha + Basic + One-Step,NASDAQ:MGNI,2.6241306159519973e-10
2022-10-20,12,AR1 alpha + Basic + One-Step,NASDAQ:MGNI,3.57294531524267e-09
2022-10-21,12,AR1 alpha + Basic + One-Step,NASDAQ:MGNI,0.0
2022-10-24,12,AR1 alpha + Basic + One-Step,NASDAQ:MGNI,0.0
2022-10-25,12,AR1 alpha + Basic + One-Step,NASDAQ:MGNI,2.3267665772537566e-07
2022-10-26,12,AR1 alpha + Basic + One-Step,NASDAQ:MGNI,1.287845497972512e-07
2022-10-27,12,AR1 alpha + Basic + One-Step,NASDAQ:MGNI,0.0
2022-10-28,12,AR1 alpha + Basic + One-Step,NASDAQ:MGNI,0.0
2022-10-31,12,AR1 alpha + Basic + One-Step,NASDAQ:MGNI,4.3001272826493387e-10
2022-11-01,12,AR1 alpha + Basic + One-Step,NASDAQ:MGNI,0.0
2022-11-02,12,AR1 alpha + Basic + One-Step,NASDAQ:MGNI,4.803235187025605e-08
2022-11-03,12,AR1 alpha + Basic + One-Step,NASDAQ:MGNI,1.7609543797369821e-07
2022-11-04,12,AR1 alpha + Basic + One-Step,NASDAQ:MGNI,0.0
2022-11-07,12,AR1 alpha + Basic + One-Step,NASDAQ:MGNI,0.0
2022-11-08,12,AR1 alpha + Basic + One-Step,NASDAQ:MGNI,4.826563965741289e-08
2022-11-09,12,AR1 alpha + Basic + One-Step,NASDAQ:MGNI,1.8061216320270318e-07
2022-11-10,12,AR1 alpha + Basic + One-Step,NASDAQ:MGNI,0.0
2022-11-11,12,AR1 alpha + Basic + One-Step,NASDAQ:MGNI,3.030368793757665e-08
2022-11-14,12,AR1 alpha + Basic + One-Step,NASDAQ:MGNI,1.32064579121876e-09
2022-11-15,12,AR1 alpha + Basic + One-Step,NASDAQ:MGNI,0.0
2022-11-16,12,AR1 alpha + Basic + One-Step,NASDAQ:MGNI,2.4996386543912238e-09
2022-11-17,12,AR1 alpha + Basic + One-Step,NASDAQ:MGNI,0.0
2022-11-18,12,AR1 alpha + Basic + One-Step,NASDAQ:MGNI,4.074323662105837e-08
2022-11-21,12,AR1 alpha + Basic + One-Step,NASDAQ:MGNI,4.2298812569540004e-08
2022-11-22,12,AR1 alpha + Basic + One-Step,NASDAQ:MGNI,5.4551783069068295e-09
2022-11-23,12,AR1 alpha + Basic + One-Step,NASDAQ:MGNI,0.0
2022-11-25,12,AR1 alpha + Basic + One-Step,NASDAQ:MGNI,3.983596589531188e-08
2022-11-28,12,AR1 alpha + Basic + One-Step,NASDAQ:MGNI,6.887381395060007e-08
2022-11-29,12,AR1 alpha + Basic + One-Step,NASDAQ:MGNI,0.0
2022-11-30,12,AR1 alpha + Basic + One-Step,NASDAQ:MGNI,0.0
2022-12-01,12,AR1 alpha + Basic + One-Step,NASDAQ:MGNI,0.0
2022-12-02,12,AR1 alpha + Basic + One-Step,NASDAQ:MGNI,0.0
2022-12-05,12,AR1 alpha + Basic + One-Step,NASDAQ:MGNI,0.0
2022-12-06,12,AR1 alpha + Basic + One-Step,NASDAQ:MGNI,0.0
2022-12-07,12,AR1 alpha + Basic + One-Step,NASDAQ:MGNI,0.0
2022-12-08,12,AR1 alpha + Basic + One-Step,NASDAQ:MGNI,0.0
2022-12-09,12,AR1 alpha + Basic + One-Step,NASDAQ:MGNI,0.0
2022-12-12,12,AR1 alpha + Basic + One-Step,NASDAQ:MGNI,6.042503953613696e-09
2022-12-13,12,AR1 alpha + Basic + One-Step,NASDAQ:MGNI,5.615097841027537e-07
2022-12-14,12,AR1 alpha + Basic + One-Step,NASDAQ:MGNI,0.0
2022-12-15,12,AR1 alpha + Basic + One-Step,NASDAQ:MGNI,0.0
2022-12-16,12,AR1 alpha + Basic + One-Step,NASDAQ:MGNI,0.0
2022-12-19,12,AR1 alpha + Basic + One-Step,NASDAQ:MGNI,0.0
2022-12-20,12,AR1 alpha + Basic + One-Step,NASDAQ:MGNI,0.0
2022-12-21,12,AR1 alpha + Basic + One-Step,NASDAQ:MGNI,0.0
2022-12-22,12,AR1 alpha + Basic + One-Step,NASDAQ:MGNI,0.0
2022-12-23,12,AR1 alpha + Basic + One-Step,NASDAQ:MGNI,0.0
2022-12-27,12,AR1 alpha + Basic + One-Step,NASDAQ:MGNI,0.0
2022-12-28,12,AR1 alpha + Basic + One-Step,NASDAQ:MGNI,0.0
2022-12-29,12,AR1 alpha + Basic + One-Step,NASDAQ:MGNI,6.740888887513135e-09
2022-12-30,12,AR1 alpha + Basic + One-Step,NASDAQ:MGNI,0.0
2023-01-03,12,AR1 alpha + Basic + One-Step,NASDAQ:MGNI,0.0
2023-01-04,12,AR1 alpha + Basic + One-Step,NASDAQ:MGNI,2.9055215407904194e-09
2023-01-05,12,AR1 alpha + Basic + One-Step,NASDAQ:MGNI,0.0
2023-01-06,12,AR1 alpha + Basic + One-Step,NASDAQ:MGNI,1.1106766311056332e-09
2023-01-09,12,AR1 alpha + Basic + One-Step,NASDAQ:MGNI,0.0
2023-01-10,12,AR1 alpha + Basic + One-Step,NASDAQ:MGNI,0.0
2023-01-11,12,AR1 alpha + Basic + One-Step,NASDAQ:MGNI,3.4397337949624606e-09
2023-01-12,12,AR1 alpha + Basic + One-Step,NASDAQ:MGNI,0.0
2023-01-13,12,AR1 alpha + Basic + One-Step,NASDAQ:MGNI,4.626096446663883e-09
2023-01-17,12,AR1 alpha + Basic + One-Step,NASDAQ:MGNI,0.0
2023-01-18,12,AR1 alpha + Basic + One-Step,NASDAQ:MGNI,0.0
2023-01-19,12,AR1 alpha + Basic + One-Step,NASDAQ:MGNI,0.0
2023-01-20,12,AR1 alpha + Basic + One-Step,NASDAQ:MGNI,3.540024643776257e-09
2023-01-23,12,AR1 alpha + Basic + One-Step,NASDAQ:MGNI,3.653119252358482e-08
2023-01-24,12,AR1 alpha + Basic + One-Step,NASDAQ:MGNI,0.0
2023-01-25,12,AR1 alpha + Basic + One-Step,NASDAQ:MGNI,0.0
2023-01-26,12,AR1 alpha + Basic + One-Step,NASDAQ:MGNI,0.0
2023-01-27,12,AR1 alpha + Basic + One-Step,NASDAQ:MGNI,0.0
2023-01-30,12,AR1 alpha + Basic + One-Step,NASDAQ:MGNI,9.33790140087262e-09
2023-01-31,12,AR1 alpha + Basic + One-Step,NASDAQ:MGNI,4.81904419349259e-09
2023-02-01,12,AR1 alpha + Basic + One-Step,NASDAQ:MGNI,0.0
2023-02-02,12,AR1 alpha + Basic + One-Step,NASDAQ:MGNI,1.521694634934083e-10
2023-02-03,12,AR1 alpha + Basic + One-Step,NASDAQ:MGNI,0.0
2023-02-06,12,AR1 alpha + Basic + One-Step,NASDAQ:MGNI,0.0
2023-02-07,12,AR1 alpha + Basic + One-Step,NASDAQ:MGNI,1.5319737848100318e-08
2023-02-08,12,AR1 alpha + Basic + One-Step,NASDAQ:MGNI,3.095949600754501e-09
2023-02-09,12,AR1 alpha + Basic + One-Step,NASDAQ:MGNI,0.0
2023-02-10,12,AR1 alpha + Basic + One-Step,NASDAQ:MGNI,0.0
2023-02-13,12,AR1 alpha + Basic + One-Step,NASDAQ:MGNI,0.0
2023-02-14,12,AR1 alpha + Basic + One-Step,NASDAQ:MGNI,0.0
2023-02-15,12,AR1 alpha + Basic + One-Step,NASDAQ:MGNI,5.2042587562283435e-08
2023-02-16,12,AR1 alpha + Basic + One-Step,NASDAQ:MGNI,4.509571089224927e-09
2023-02-17,12,AR1 alpha + Basic + One-Step,NASDAQ:MGNI,0.0
2023-02-21,12,AR1 alpha + Basic + One-Step,NASDAQ:MGNI,0.0
2023-02-22,12,AR1 alpha + Basic + One-Step,NASDAQ:MGNI,0.0
2023-02-23,12,AR1 alpha + Basic + One-Step,NASDAQ:MGNI,2.1387028670116304e-09
2023-02-24,12,AR1 alpha + Basic + One-Step,NASDAQ:MGNI,2.4214547455914855e-07
2023-02-27,12,AR1 alpha + Basic + One-Step,NASDAQ:MGNI,6.103924907290096e-08
2023-02-28,12,AR1 alpha + Basic + One-Step,NASDAQ:MGNI,6.803328486281311e-08
2023-03-01,12,AR1 alpha + Basic + One-Step,NASDAQ:MGNI,3.007152157388763e-08
2023-03-02,12,AR1 alpha + Basic + One-Step,NASDAQ:MGNI,0.0
2023-03-03,12,AR1 alpha + Basic + One-Step,NASDAQ:MGNI,8.550437297778956e-08
2023-03-06,12,AR1 alpha + Basic + One-Step,NASDAQ:MGNI,1.1334411637175483e-07
2023-03-07,12,AR1 alpha + Basic + One-Step,NASDAQ:MGNI,0.0
2023-03-08,12,AR1 alpha + Basic + One-Step,NASDAQ:MGNI,2.2583770452770077e-09
2023-03-09,12,AR1 alpha + Basic + One-Step,NASDAQ:MGNI,1.9835907309374472e-07
2023-03-10,12,AR1 alpha + Basic + One-Step,NASDAQ:MGNI,2.1656974031404086e-08
2023-03-13,12,AR1 alpha + Basic + One-Step,NASDAQ:MGNI,1.4581373507120487e-07
2023-03-14,12,AR1 alpha + Basic + One-Step,NASDAQ:MGNI,0.0
2023-03-15,12,AR1 alpha + Basic + One-Step,NASDAQ:MGNI,0.0
2023-03-16,12,AR1 alpha + Basic + One-Step,NASDAQ:MGNI,0.0
2023-03-17,12,AR1 alpha + Basic + One-Step,NASDAQ:MGNI,1.4255785724239767e-08
2023-03-20,12,AR1 alpha + Basic + One-Step,NASDAQ:MGNI,0.0
2023-03-21,12,AR1 alpha + Basic + One-Step,NASDAQ:MGNI,2.8722295642145628e-09
2023-03-22,12,AR1 alpha + Basic + One-Step,NASDAQ:MGNI,0.0
2023-03-23,12,AR1 alpha + Basic + One-Step,NASDAQ:MGNI,0.0
2023-03-24,12,AR1 alpha + Basic + One-Step,NASDAQ:MGNI,0.0
2023-03-27,12,AR1 alpha + Basic + One-Step,NASDAQ:MGNI,9.38354504327926e-08
2023-03-28,12,AR1 alpha + Basic + One-Step,NASDAQ:MGNI,0.0
2023-03-29,12,AR1 alpha + Basic + One-Step,NASDAQ:MGNI,0.0
2023-03-30,12,AR1 alpha + Basic + One-Step,NASDAQ:MGNI,1.3769608786415045e-08
2023-03-31,12,AR1 alpha + Basic + One-Step,NASDAQ:MGNI,3.215379357958749e-08
2023-04-03,12,AR1 alpha + Basic + One-Step,NASDAQ:MGNI,4.311155427461163e-08
2023-04-04,12,AR1 alpha + Basic + One-Step,NASDAQ:MGNI,0.0
2023-04-05,12,AR1 alpha + Basic + One-Step,NASDAQ:MGNI,2.1327579792259273e-08
2023-04-06,12,AR1 alpha + Basic + One-Step,NASDAQ:MGNI,8.138900938838301e-08
2023-04-10,12,AR1 alpha + Basic + One-Step,NASDAQ:MGNI,7.592715341413638e-07
2023-04-11,12,AR1 alpha + Basic + One-Step,NASDAQ:MGNI,5.422075291090426e-08
2023-04-12,12,AR1 alpha + Basic + One-Step,NASDAQ:MGNI,1.186953815638266e-09
2023-04-13,12,AR1 alpha + Basic + One-Step,NASDAQ:MGNI,1.057740569846383e-08
2023-04-14,12,AR1 alpha + Basic + One-Step,NASDAQ:MGNI,4.526747810541519e-09
2023-04-17,12,AR1 alpha + Basic + One-Step,NASDAQ:MGNI,0.0
2023-04-18,12,AR1 alpha + Basic + One-Step,NASDAQ:MGNI,0.0
2023-04-19,12,AR1 alpha + Basic + One-Step,NASDAQ:MGNI,9.677976360969346e-10
2023-04-20,12,AR1 alpha + Basic + One-Step,NASDAQ:MGNI,0.0
2023-04-21,12,AR1 alpha + Basic + One-Step,NASDAQ:MGNI,0.0
2023-04-24,12,AR1 alpha + Basic + One-Step,NASDAQ:MGNI,9.086678234752468e-07
2023-04-25,12,AR1 alpha + Basic + One-Step,NASDAQ:MGNI,0.0
2023-04-26,12,AR1 alpha + Basic + One-Step,NASDAQ:MGNI,2.0843165603412213e-10
2023-04-27,12,AR1 alpha + Basic + One-Step,NASDAQ:MGNI,0.0
2023-04-28,12,AR1 alpha + Basic + One-Step,NASDAQ:MGNI,1.2922926852584958e-08
2023-05-01,12,AR1 alpha + Basic + One-Step,NASDAQ:MGNI,2.68737207393912e-09
2023-05-02,12,AR1 alpha + Basic + One-Step,NASDAQ:MGNI,1.6303947268525605e-08
2023-05-03,12,AR1 alpha + Basic + One-Step,NASDAQ:MGNI,0.0
2023-05-04,12,AR1 alpha + Basic + One-Step,NASDAQ:MGNI,0.0
2023-05-05,12,AR1 alpha + Basic + One-Step,NASDAQ:MGNI,1.2944057373461667e-09
2023-05-08,12,AR1 alpha + Basic + One-Step,NASDAQ:MGNI,0.0
2023-05-09,12,AR1 alpha + Basic + One-Step,NASDAQ:MGNI,0.0
2023-05-10,12,AR1 alpha + Basic + One-Step,NASDAQ:MGNI,8.802797687112667e-08
2023-05-11,12,AR1 alpha + Basic + One-Step,NASDAQ:MGNI,0.09505573816616529
2023-05-12,12,AR1 alpha + Basic + One-Step,NASDAQ:MGNI,0.06896484290028225
2023-05-15,12,AR1 alpha + Basic + One-Step,NASDAQ:MGNI,0.022089394761085353
2023-05-16,12,AR1 alpha + Basic + One-Step,NASDAQ:MGNI,0.0
2023-05-17,12,AR1 alpha + Basic + One-Step,NASDAQ:MGNI,6.889910933707796e-08
2023-05-18,12,AR1 alpha + Basic + One-Step,NASDAQ:MGNI,0.0006386732397413482
2023-05-19,12,AR1 alpha + Basic + One-Step,NASDAQ:MGNI,8.856453767443786e-09
2023-05-22,12,AR1 alpha + Basic + One-Step,NASDAQ:MGNI,0.019485266881741556
2023-05-23,12,AR1 alpha + Basic + One-Step,NASDAQ:MGNI,0.0
2023-05-24,12,AR1 alpha + Basic + One-Step,NASDAQ:MGNI,2.297679507372241e-09
2023-05-25,12,AR1 alpha + Basic + One-Step,NASDAQ:MGNI,1.898114542328073e-09
2023-05-26,12,AR1 alpha + Basic + One-Step,NASDAQ:MGNI,0.0
2023-05-30,12,AR1 alpha + Basic + One-Step,NASDAQ:MGNI,3.365792808436996e-08
2023-05-31,12,AR1 alpha + Basic + One-Step,NASDAQ:MGNI,2.956253350395856e-08
2023-06-01,12,AR1 alpha + Basic + One-Step,NASDAQ:MGNI,4.996406131679643e-09
2023-06-02,12,AR1 alpha + Basic + One-Step,NASDAQ:MGNI,0.0
2023-06-05,12,AR1 alpha + Basic + One-Step,NASDAQ:MGNI,0.0
2023-06-06,12,AR1 alpha + Basic + One-Step,NASDAQ:MGNI,0.0
2023-06-07,12,AR1 alpha + Basic + One-Step,NASDAQ:MGNI,3.419589859667297e-08
2023-06-08,12,AR1 alpha + Basic + One-Step,NASDAQ:MGNI,0.0
2023-06-09,12,AR1 alpha + Basic + One-Step,NASDAQ:MGNI,0.0
2023-06-12,12,AR1 alpha + Basic + One-Step,NASDAQ:MGNI,0.0
2023-06-13,12,AR1 alpha + Basic + One-Step,NASDAQ:MGNI,7.091080969991978e-08
2023-06-14,12,AR1 alpha + Basic + One-Step,NASDAQ:MGNI,0.0
2023-06-15,12,AR1 alpha + Basic + One-Step,NASDAQ:MGNI,0.0
2023-06-16,12,AR1 alpha + Basic + One-Step,NASDAQ:MGNI,0.0
2023-06-20,12,AR1 alpha + Basic + One-Step,NASDAQ:MGNI,0.0
2023-06-21,12,AR1 alpha + Basic + One-Step,NASDAQ:MGNI,0.0
2023-06-22,12,AR1 alpha + Basic + One-Step,NASDAQ:MGNI,9.1015917763421e-09
2023-06-23,12,AR1 alpha + Basic + One-Step,NASDAQ:MGNI,0.0
2023-06-26,12,AR1 alpha + Basic + One-Step,NASDAQ:MGNI,0.0
2023-06-27,12,AR1 alpha + Basic + One-Step,NASDAQ:MGNI,0.0
2023-06-28,12,AR1 alpha + Basic + One-Step,NASDAQ:MGNI,3.0932560097609017e-09
2023-06-29,12,AR1 alpha + Basic + One-Step,NASDAQ:MGNI,0.0
2023-06-30,12,AR1 alpha + Basic + One-Step,NASDAQ:MGNI,0.0
2023-07-03,12,AR1 alpha + Basic + One-Step,NASDAQ:MGNI,0.0
2023-07-05,12,AR1 alpha + Basic + One-Step,NASDAQ:MGNI,2.4669513424681485e-07
2023-07-06,12,AR1 alpha + Basic + One-Step,NASDAQ:MGNI,0.0
2023-07-07,12,AR1 alpha + Basic + One-Step,NASDAQ:MGNI,0.0
2023-07-10,12,AR1 alpha + Basic + One-Step,NASDAQ:MGNI,0.0
2023-07-11,12,AR1 alpha + Basic + One-Step,NASDAQ:MGNI,0.03242114917758372
2023-07-12,12,AR1 alpha + Basic + One-Step,NASDAQ:MGNI,0.03195540518337844
2023-07-13,12,AR1 alpha + Basic + One-Step,NASDAQ:MGNI,0.03144087502992894
2023-07-14,12,AR1 alpha + Basic + One-Step,NASDAQ:MGNI,0.013852159932174764
2023-07-17,12,AR1 alpha + Basic + One-Step,NASDAQ:MGNI,0.010057301969625738
2023-07-18,12,AR1 alpha + Basic + One-Step,NASDAQ:MGNI,0.0027396276946186713
2023-07-19,12,AR1 alpha + Basic + One-Step,NASDAQ:MGNI,0.0
2023-07-20,12,AR1 alpha + Basic + One-Step,NASDAQ:MGNI,0.0
2023-07-21,12,AR1 alpha + Basic + One-Step,NASDAQ:MGNI,7.627482349731902e-08
2023-07-24,12,AR1 alpha + Basic + One-Step,NASDAQ:MGNI,0.0
2023-07-25,12,AR1 alpha + Basic + One-Step,NASDAQ:MGNI,0.0
2023-07-26,12,AR1 alpha + Basic + One-Step,NASDAQ:MGNI,0.0
2023-07-27,12,AR1 alpha + Basic + One-Step,NASDAQ:MGNI,0.0
2023-07-28,12,AR1 alpha + Basic + One-Step,NASDAQ:MGNI,0.01032891778644112
2023-07-31,12,AR1 alpha + Basic + One-Step,NASDAQ:MGNI,0.013540255181889473
2023-08-01,12,AR1 alpha + Basic + One-Step,NASDAQ:MGNI,0.0
2023-08-02,12,AR1 alpha + Basic + One-Step,NASDAQ:MGNI,0.0
2023-08-03,12,AR1 alpha + Basic + One-Step,NASDAQ:MGNI,0.0
2023-08-04,12,AR1 alpha + Basic + One-Step,NASDAQ:MGNI,0.0
2023-08-07,12,AR1 alpha + Basic + One-Step,NASDAQ:MGNI,9.563673694665075e-10
2023-08-08,12,AR1 alpha + Basic + One-Step,NASDAQ:MGNI,0.0
2023-08-09,12,AR1 alpha + Basic + One-Step,NASDAQ:MGNI,0.0
2023-08-10,12,AR1 alpha + Basic + One-Step,NASDAQ:MGNI,0.0
2023-08-11,12,AR1 alpha + Basic + One-Step,NASDAQ:MGNI,2.454409703812309e-07
2023-08-14,12,AR1 alpha + Basic + One-Step,NASDAQ:MGNI,8.522239428612643e-08
2023-08-15,12,AR1 alpha + Basic + One-Step,NASDAQ:MGNI,0.0
2023-08-16,12,AR1 alpha + Basic + One-Step,NASDAQ:MGNI,0.0
2023-08-17,12,AR1 alpha + Basic + One-Step,NASDAQ:MGNI,0.0
2023-08-18,12,AR1 alpha + Basic + One-Step,NASDAQ:MGNI,0.0
2023-08-21,12,AR1 alpha + Basic + One-Step,NASDAQ:MGNI,0.0
2023-08-22,12,AR1 alpha + Basic + One-Step,NASDAQ:MGNI,5.476142529200787e-08
2023-08-23,12,AR1 alpha + Basic + One-Step,NASDAQ:MGNI,2.5316869973340322e-08
2023-08-24,12,AR1 alpha + Basic + One-Step,NASDAQ:MGNI,4.363524602293166e-09
2023-08-25,12,AR1 alpha + Basic + One-Step,NASDAQ:MGNI,3.43731669662828e-09
2023-08-28,12,AR1 alpha + Basic + One-Step,NASDAQ:MGNI,1.0998352129730887e-07
2023-08-29,12,AR1 alpha + Basic + One-Step,NASDAQ:MGNI,2.2217386905922268e-08
2023-08-30,12,AR1 alpha + Basic + One-Step,NASDAQ:MGNI,7.974745514512353e-08
2023-08-31,12,AR1 alpha + Basic + One-Step,NASDAQ:MGNI,0.0
2023-09-01,12,AR1 alpha + Basic + One-Step,NASDAQ:MGNI,0.0
2023-09-05,12,AR1 alpha + Basic + One-Step,NASDAQ:MGNI,0.0
2023-09-06,12,AR1 alpha + Basic + One-Step,NASDAQ:MGNI,0.0
2023-09-07,12,AR1 alpha + Basic + One-Step,NASDAQ:MGNI,7.029116476541054e-07
2023-09-08,12,AR1 alpha + Basic + One-Step,NASDAQ:MGNI,3.465359370601931e-07
2023-09-11,12,AR1 alpha + Basic + One-Step,NASDAQ:MGNI,0.0
2023-09-12,12,AR1 alpha + Basic + One-Step,NASDAQ:MGNI,0.0
2023-09-13,12,AR1 alpha + Basic + One-Step,NASDAQ:MGNI,8.61000128153179e-08
2023-09-14,12,AR1 alpha + Basic + One-Step,NASDAQ:MGNI,1.4287152597327457e-08
2023-09-15,12,AR1 alpha + Basic + One-Step,NASDAQ:MGNI,1.5325458496629077e-07
2023-09-18,12,AR1 alpha + Basic + One-Step,NASDAQ:MGNI,1.5101693427338045e-08
2023-09-19,12,AR1 alpha + Basic + One-Step,NASDAQ:MGNI,1.3363357045050763e-09
2023-09-20,12,AR1 alpha + Basic + One-Step,NASDAQ:MGNI,1.788311576097695e-07
2023-09-21,12,AR1 alpha + Basic + One-Step,NASDAQ:MGNI,2.419989132133676e-06
2023-09-22,12,AR1 alpha + Basic + One-Step,NASDAQ:MGNI,0.0
2023-09-25,12,AR1 alpha + Basic + One-Step,NASDAQ:MGNI,0.0
2023-09-26,12,AR1 alpha + Basic + One-Step,NASDAQ:MGNI,0.0
2023-09-27,12,AR1 alpha + Basic + One-Step,NASDAQ:MGNI,5.196550474604874e-07
2023-09-28,12,AR1 alpha + Basic + One-Step,NASDAQ:MGNI,5.4857364449047016e-08
2023-09-29,12,AR1 alpha + Basic + One-Step,NASDAQ:MGNI,3.195227599130912e-09
2023-10-02,12,AR1 alpha + Basic + One-Step,NASDAQ:MGNI,0.0
2023-10-03,12,AR1 alpha + Basic + One-Step,NASDAQ:MGNI,0.0
2023-10-04,12,AR1 alpha + Basic + One-Step,NASDAQ:MGNI,0.0
2023-10-05,12,AR1 alpha + Basic + One-Step,NASDAQ:MGNI,0.0
2023-10-06,12,AR1 alpha + Basic + One-Step,NASDAQ:MGNI,4.368357015970922e-08
2023-10-09,12,AR1 alpha + Basic + One-Step,NASDAQ:MGNI,0.0
2023-10-10,12,AR1 alpha + Basic + One-Step,NASDAQ:MGNI,2.5418697943182612e-08
2023-10-11,12,AR1 alpha + Basic + One-Step,NASDAQ:MGNI,3.7443317271530285e-09
2023-10-12,12,AR1 alpha + Basic + One-Step,NASDAQ:MGNI,1.1226324748080005e-07
2023-10-13,12,AR1 alpha + Basic + One-Step,NASDAQ:MGNI,2.898284682462639e-09
2023-10-16,12,AR1 alpha + Basic + One-Step,NASDAQ:MGNI,8.16418184328612e-09
2023-10-17,12,AR1 alpha + Basic + One-Step,NASDAQ:MGNI,0.0
2023-10-18,12,AR1 alpha + Basic + One-Step,NASDAQ:MGNI,3.156983845156736e-08
2023-10-19,12,AR1 alpha + Basic + One-Step,NASDAQ:MGNI,0.0
2023-10-20,12,AR1 alpha + Basic + One-Step,NASDAQ:MGNI,0.0
2023-10-23,12,AR1 alpha + Basic + One-Step,NASDAQ:MGNI,0.0
2023-10-24,12,AR1 alpha + Basic + One-Step,NASDAQ:MGNI,0.0
2023-10-25,12,AR1 alpha + Basic + One-Step,NASDAQ:MGNI,0.0
2023-10-26,12,AR1 alpha + Basic + One-Step,NASDAQ:MGNI,0.0
2023-10-27,12,AR1 alpha + Basic + One-Step,NASDAQ:MGNI,0.0
2023-10-30,12,AR1 alpha + Basic + One-Step,NASDAQ:MGNI,3.3992243199068557e-09
2023-10-31,12,AR1 alpha + Basic + One-Step,NASDAQ:MGNI,0.0
2023-11-01,12,AR1 alpha + Basic + One-Step,NASDAQ:MGNI,0.0
2023-11-02,12,AR1 alpha + Basic + One-Step,NASDAQ:MGNI,0.0
2023-11-03,12,AR1 alpha + Basic + One-Step,NASDAQ:MGNI,0.002821988702057595
2023-11-06,12,AR1 alpha + Basic + One-Step,NASDAQ:MGNI,0.0
2023-11-07,12,AR1 alpha + Basic + One-Step,NASDAQ:MGNI,2.0563864396056297e-09
2023-11-08,12,AR1 alpha + Basic + One-Step,NASDAQ:MGNI,3.173075735637846e-09
2023-11-09,12,AR1 alpha + Basic + One-Step,NASDAQ:MGNI,9.288115282570519e-08
2023-11-10,12,AR1 alpha + Basic + One-Step,NASDAQ:MGNI,4.4462553223633155e-08
2023-11-13,12,AR1 alpha + Basic + One-Step,NASDAQ:MGNI,0.0
2023-11-14,12,AR1 alpha + Basic + One-Step,NASDAQ:MGNI,0.03980992487132367
2023-11-15,12,AR1 alpha + Basic + One-Step,NASDAQ:MGNI,0.05605495986857223
2023-11-16,12,AR1 alpha + Basic + One-Step,NASDAQ:MGNI,0.0
2023-11-17,12,AR1 alpha + Basic + One-Step,NASDAQ:MGNI,0.0
2023-11-20,12,AR1 alpha + Basic + One-Step,NASDAQ:MGNI,0.0
2023-11-21,12,AR1 alpha + Basic + One-Step,NASDAQ:MGNI,0.0
2023-11-22,12,AR1 alpha + Basic + One-Step,NASDAQ:MGNI,0.0
2023-11-24,12,AR1 alpha + Basic + One-Step,NASDAQ:MGNI,0.0
2023-11-27,12,AR1 alpha + Basic + One-Step,NASDAQ:MGNI,0.0
2023-11-28,12,AR1 alpha + Basic + One-Step,NASDAQ:MGNI,0.0
2023-11-29,12,AR1 alpha + Basic + One-Step,NASDAQ:MGNI,2.2776423974286668e-10
2023-11-30,12,AR1 alpha + Basic + One-Step,NASDAQ:MGNI,0.0
2023-12-01,12,AR1 alpha + Basic + One-Step,NASDAQ:MGNI,0.0
2023-12-04,12,AR1 alpha + Basic + One-Step,NASDAQ:MGNI,0.0
2023-12-05,12,AR1 alpha + Basic + One-Step,NASDAQ:MGNI,0.0
2023-12-06,12,AR1 alpha + Basic + One-Step,NASDAQ:MGNI,0.0
2023-12-07,12,AR1 alpha + Basic + One-Step,NASDAQ:MGNI,2.722070635955657e-08
2023-12-08,12,AR1 alpha + Basic + One-Step,NASDAQ:MGNI,4.5175094167888405e-08
2023-12-11,12,AR1 alpha + Basic + One-Step,NASDAQ:MGNI,0.0
2023-12-12,12,AR1 alpha + Basic + One-Step,NASDAQ:MGNI,1.0376262934274064e-07
2023-12-13,12,AR1 alpha + Basic + One-Step,NASDAQ:MGNI,1.8034088537533864e-07
2023-12-14,12,AR1 alpha + Basic + One-Step,NASDAQ:MGNI,0.017936386571877568
2023-12-15,12,AR1 alpha + Basic + One-Step,NASDAQ:MGNI,0.0
2023-12-18,12,AR1 alpha + Basic + One-Step,NASDAQ:MGNI,0.0
2023-12-19,12,AR1 alpha + Basic + One-Step,NASDAQ:MGNI,0.03529951263887653
2023-12-20,12,AR1 alpha + Basic + One-Step,NASDAQ:MGNI,0.0
2023-12-21,12,AR1 alpha + Basic + One-Step,NASDAQ:MGNI,0.0
2023-12-22,12,AR1 alpha + Basic + One-Step,NASDAQ:MGNI,1.4229408649310564e-07
2023-12-26,12,AR1 alpha + Basic + One-Step,NASDAQ:MGNI,0.0
2023-12-27,12,AR1 alpha + Basic + One-Step,NASDAQ:MGNI,0.0
2023-12-28,12,AR1 alpha + Basic + One-Step,NASDAQ:MGNI,0.0
2023-12-29,12,AR1 alpha + Basic + One-Step,NASDAQ:MGNI,9.925236007381027e-10
2024-01-02,12,AR1 alpha + Basic + One-Step,NASDAQ:MGNI,0.0
2024-01-03,12,AR1 alpha + Basic + One-Step,NASDAQ:MGNI,0.0
2024-01-04,12,AR1 alpha + Basic + One-Step,NASDAQ:MGNI,0.0
2024-01-05,12,AR1 alpha + Basic + One-Step,NASDAQ:MGNI,0.0
2024-01-08,12,AR1 alpha + Basic + One-Step,NASDAQ:MGNI,0.0
2024-01-09,12,AR1 alpha + Basic + One-Step,NASDAQ:MGNI,0.0
2024-01-10,12,AR1 alpha + Basic + One-Step,NASDAQ:MGNI,0.0
2024-01-11,12,AR1 alpha + Basic + One-Step,NASDAQ:MGNI,1.416492405442001e-07
2024-01-12,12,AR1 alpha + Basic + One-Step,NASDAQ:MGNI,3.585720199071281e-23
2024-01-16,12,AR1 alpha + Basic + One-Step,NASDAQ:MGNI,0.0
2024-01-17,12,AR1 alpha + Basic + One-Step,NASDAQ:MGNI,0.0
2024-01-18,12,AR1 alpha + Basic + One-Step,NASDAQ:MGNI,2.45175618205736e-07
2024-01-19,12,AR1 alpha + Basic + One-Step,NASDAQ:MGNI,0.0
2024-01-22,12,AR1 alpha + Basic + One-Step,NASDAQ:MGNI,1.2389299061260612e-07
2024-01-23,12,AR1 alpha + Basic + One-Step,NASDAQ:MGNI,0.0
2024-01-24,12,AR1 alpha + Basic + One-Step,NASDAQ:MGNI,5.3616247911583936e-08
2024-01-25,12,AR1 alpha + Basic + One-Step,NASDAQ:MGNI,7.373732012559693e-09
2024-01-26,12,AR1 alpha + Basic + One-Step,NASDAQ:MGNI,0.0
2024-01-29,12,AR1 alpha + Basic + One-Step,NASDAQ:MGNI,0.0
2024-01-30,12,AR1 alpha + Basic + One-Step,NASDAQ:MGNI,0.0
2024-01-31,12,AR1 alpha + Basic + One-Step,NASDAQ:MGNI,0.0
2024-02-01,12,AR1 alpha + Basic + One-Step,NASDAQ:MGNI,0.0
2024-02-02,12,AR1 alpha + Basic + One-Step,NASDAQ:MGNI,3.3335995687958787e-08
2024-02-05,12,AR1 alpha + Basic + One-Step,NASDAQ:MGNI,0.0
2024-02-06,12,AR1 alpha + Basic + One-Step,NASDAQ:MGNI,0.0
2024-02-07,12,AR1 alpha + Basic + One-Step,NASDAQ:MGNI,3.2574974363892604e-09
2024-02-08,12,AR1 alpha + Basic + One-Step,NASDAQ:MGNI,4.220668481015291e-10
2024-02-09,12,AR1 alpha + Basic + One-Step,NASDAQ:MGNI,0.0
2024-02-12,12,AR1 alpha + Basic + One-Step,NASDAQ:MGNI,0.0
2024-02-13,12,AR1 alpha + Basic + One-Step,NASDAQ:MGNI,0.0
2024-02-14,12,AR1 alpha + Basic + One-Step,NASDAQ:MGNI,0.0
2024-02-15,12,AR1 alpha + Basic + One-Step,NASDAQ:MGNI,1.1595251326466022e-08
2024-02-16,12,AR1 alpha + Basic + One-Step,NASDAQ:MGNI,0.05725069890730587
2024-02-20,12,AR1 alpha + Basic + One-Step,NASDAQ:MGNI,0.0
2024-02-21,12,AR1 alpha + Basic + One-Step,NASDAQ:MGNI,2.3973398733576553e-08
2024-02-22,12,AR1 alpha + Basic + One-Step,NASDAQ:MGNI,0.0
2024-02-23,12,AR1 alpha + Basic + One-Step,NASDAQ:MGNI,0.0
2024-02-26,12,AR1 alpha + Basic + One-Step,NASDAQ:MGNI,6.62646219927733e-08
2024-02-27,12,AR1 alpha + Basic + One-Step,NASDAQ:MGNI,0.09999765582850709
2024-02-28,12,AR1 alpha + Basic + One-Step,NASDAQ:MGNI,0.03526606355372464
2024-02-29,12,AR1 alpha + Basic + One-Step,NASDAQ:MGNI,0.09999708606770401
2024-03-01,12,AR1 alpha + Basic + One-Step,NASDAQ:MGNI,0.09999700959301634
2024-03-04,12,AR1 alpha + Basic + One-Step,NASDAQ:MGNI,0.042207185346494556
2024-03-05,12,AR1 alpha + Basic + One-Step,NASDAQ:MGNI,0.004809409512590836
2024-03-06,12,AR1 alpha + Basic + One-Step,NASDAQ:MGNI,0.0
2024-03-07,12,AR1 alpha + Basic + One-Step,NASDAQ:MGNI,1.018485543890037e-08
2024-03-08,12,AR1 alpha + Basic + One-Step,NASDAQ:MGNI,0.0
2024-03-11,12,AR1 alpha + Basic + One-Step,NASDAQ:MGNI,0.0
2024-03-12,12,AR1 alpha + Basic + One-Step,NASDAQ:MGNI,0.0
2024-03-13,12,AR1 alpha + Basic + One-Step,NASDAQ:MGNI,0.0
2024-03-14,12,AR1 alpha + Basic + One-Step,NASDAQ:MGNI,3.48147788487737e-08
2024-03-15,12,AR1 alpha + Basic + One-Step,NASDAQ:MGNI,1.298226014441824e-08
2024-03-18,12,AR1 alpha + Basic + One-Step,NASDAQ:MGNI,0.0
2024-03-19,12,AR1 alpha + Basic + One-Step,NASDAQ:MGNI,1.5024060748880896e-08
2024-03-20,12,AR1 alpha + Basic + One-Step,NASDAQ:MGNI,0.0
2024-03-21,12,AR1 alpha + Basic + One-Step,NASDAQ:MGNI,1.0711213906293423e-08
2024-03-22,12,AR1 alpha + Basic + One-Step,NASDAQ:MGNI,2.8703738730636176e-09
2024-03-25,12,AR1 alpha + Basic + One-Step,NASDAQ:MGNI,7.904814870953608e-09
2024-03-26,12,AR1 alpha + Basic + One-Step,NASDAQ:MGNI,4.913032905574532e-09
2024-03-27,12,AR1 alpha + Basic + One-Step,NASDAQ:MGNI,1.2639695082481554e-08
2024-03-28,12,AR1 alpha + Basic + One-Step,NASDAQ:MGNI,0.0
2024-04-01,12,AR1 alpha + Basic + One-Step,NASDAQ:MGNI,6.205013331608244e-07
2024-04-02,12,AR1 alpha + Basic + One-Step,NASDAQ:MGNI,0.0
2024-04-03,12,AR1 alpha + Basic + One-Step,NASDAQ:MGNI,0.0
2024-04-04,12,AR1 alpha + Basic + One-Step,NASDAQ:MGNI,0.0
2024-04-05,12,AR1 alpha + Basic + One-Step,NASDAQ:MGNI,0.0
2024-04-08,12,AR1 alpha + Basic + One-Step,NASDAQ:MGNI,0.0
2024-04-09,12,AR1 alpha + Basic + One-Step,NASDAQ:MGNI,0.0
2024-04-10,12,AR1 alpha + Basic + One-Step,NASDAQ:MGNI,1.018934782804625e-07
2024-04-11,12,AR1 alpha + Basic + One-Step,NASDAQ:MGNI,0.0
2024-04-12,12,AR1 alpha + Basic + One-Step,NASDAQ:MGNI,0.0
2024-04-15,12,AR1 alpha + Basic + One-Step,NASDAQ:MGNI,0.0
2024-04-16,12,AR1 alpha + Basic + One-Step,NASDAQ:MGNI,0.0
2024-04-17,12,AR1 alpha + Basic + One-Step,NASDAQ:MGNI,3.5544009023495526e-08
2024-04-18,12,AR1 alpha + Basic + One-Step,NASDAQ:MGNI,0.0
2024-04-19,12,AR1 alpha + Basic + One-Step,NASDAQ:MGNI,0.0
2020-03-25,12,AR1 alpha + Basic + One-Step,NASDAQ:TILE,0.02
2020-03-26,12,AR1 alpha + Basic + One-Step,NASDAQ:TILE,0.019999999999999997
2020-03-27,12,AR1 alpha + Basic + One-Step,NASDAQ:TILE,0.09999999999999998
2020-03-30,12,AR1 alpha + Basic + One-Step,NASDAQ:TILE,0.09998606590689091
2020-03-31,12,AR1 alpha + Basic + One-Step,NASDAQ:TILE,0.10000021646725765
2020-04-01,12,AR1 alpha + Basic + One-Step,NASDAQ:TILE,0.09999911360944327
2020-04-02,12,AR1 alpha + Basic + One-Step,NASDAQ:TILE,0.09999957595165011
2020-04-03,12,AR1 alpha + Basic + One-Step,NASDAQ:TILE,0.0999998782327259
2020-04-06,12,AR1 alpha + Basic + One-Step,NASDAQ:TILE,0.09999907426572066
2020-04-07,12,AR1 alpha + Basic + One-Step,NASDAQ:TILE,0.09999969380409991
2020-04-08,12,AR1 alpha + Basic + One-Step,NASDAQ:TILE,0.09999951244630487
2020-04-09,12,AR1 alpha + Basic + One-Step,NASDAQ:TILE,0.09999908483991313
2020-04-13,12,AR1 alpha + Basic + One-Step,NASDAQ:TILE,0.09999767838723961
2020-04-14,12,AR1 alpha + Basic + One-Step,NASDAQ:TILE,0.09999775669220294
2020-04-15,12,AR1 alpha + Basic + One-Step,NASDAQ:TILE,0.0999974296661324
2020-04-16,12,AR1 alpha + Basic + One-Step,NASDAQ:TILE,0.09999469601530729
2020-04-17,12,AR1 alpha + Basic + One-Step,NASDAQ:TILE,0.09999451392160669
2020-04-20,12,AR1 alpha + Basic + One-Step,NASDAQ:TILE,0.09999540046938417
2020-04-21,12,AR1 alpha + Basic + One-Step,NASDAQ:TILE,0.09999790963822869
2020-04-22,12,AR1 alpha + Basic + One-Step,NASDAQ:TILE,3.8503490327554887e-07
2020-04-23,12,AR1 alpha + Basic + One-Step,NASDAQ:TILE,8.183124048574977e-08
2020-04-24,12,AR1 alpha + Basic + One-Step,NASDAQ:TILE,0.01497541360319638
2020-04-27,12,AR1 alpha + Basic + One-Step,NASDAQ:TILE,0.021970395752384964
2020-04-28,12,AR1 alpha + Basic + One-Step,NASDAQ:TILE,0.08588866354533721
2020-04-29,12,AR1 alpha + Basic + One-Step,NASDAQ:TILE,0.10000068235813164
2020-04-30,12,AR1 alpha + Basic + One-Step,NASDAQ:TILE,0.004040316583245975
2020-05-01,12,AR1 alpha + Basic + One-Step,NASDAQ:TILE,0.05131942621828145
2020-05-04,12,AR1 alpha + Basic + One-Step,NASDAQ:TILE,0.051314645477987475
2020-05-05,12,AR1 alpha + Basic + One-Step,NASDAQ:TILE,0.04241743035786587
2020-05-06,12,AR1 alpha + Basic + One-Step,NASDAQ:TILE,0.0
2020-05-07,12,AR1 alpha + Basic + One-Step,NASDAQ:TILE,0.0
2020-05-08,12,AR1 alpha + Basic + One-Step,NASDAQ:TILE,0.08473769849711993
2020-05-11,12,AR1 alpha + Basic + One-Step,NASDAQ:TILE,9.106104770205046e-07
2020-05-12,12,AR1 alpha + Basic + One-Step,NASDAQ:TILE,0.0
2020-05-13,12,AR1 alpha + Basic + One-Step,NASDAQ:TILE,0.0
2020-05-14,12,AR1 alpha + Basic + One-Step,NASDAQ:TILE,1.5090285723097055e-08
2020-05-15,12,AR1 alpha + Basic + One-Step,NASDAQ:TILE,5.414578194622102e-08
2020-05-18,12,AR1 alpha + Basic + One-Step,NASDAQ:TILE,7.363284509456644e-08
2020-05-19,12,AR1 alpha + Basic + One-Step,NASDAQ:TILE,0.0
2020-05-20,12,AR1 alpha + Basic + One-Step,NASDAQ:TILE,1.855765781266594e-07
2020-05-21,12,AR1 alpha + Basic + One-Step,NASDAQ:TILE,0.0
2020-05-22,12,AR1 alpha + Basic + One-Step,NASDAQ:TILE,1.1965448712823993e-07
2020-05-26,12,AR1 alpha + Basic + One-Step,NASDAQ:TILE,2.9392650964204287e-08
2020-05-27,12,AR1 alpha + Basic + One-Step,NASDAQ:TILE,0.06863884873611507
2020-05-28,12,AR1 alpha + Basic + One-Step,NASDAQ:TILE,4.803510765144125e-23
2020-05-29,12,AR1 alpha + Basic + One-Step,NASDAQ:TILE,2.766473644488844e-09
2020-06-01,12,AR1 alpha + Basic + One-Step,NASDAQ:TILE,0.0
2020-06-02,12,AR1 alpha + Basic + One-Step,NASDAQ:TILE,2.6934182083855503e-07
2020-06-03,12,AR1 alpha + Basic + One-Step,NASDAQ:TILE,0.0
2020-06-04,12,AR1 alpha + Basic + One-Step,NASDAQ:TILE,0.0
2020-06-05,12,AR1 alpha + Basic + One-Step,NASDAQ:TILE,0.031796527297035394
2020-06-08,12,AR1 alpha + Basic + One-Step,NASDAQ:TILE,0.0035260215963682944
2020-06-09,12,AR1 alpha + Basic + One-Step,NASDAQ:TILE,0.0
2020-06-10,12,AR1 alpha + Basic + One-Step,NASDAQ:TILE,0.0
2020-06-11,12,AR1 alpha + Basic + One-Step,NASDAQ:TILE,0.0
2020-06-12,12,AR1 alpha + Basic + One-Step,NASDAQ:TILE,5.897812129954076e-08
2020-06-15,12,AR1 alpha + Basic + One-Step,NASDAQ:TILE,2.4359557356607768e-08
2020-06-16,12,AR1 alpha + Basic + One-Step,NASDAQ:TILE,0.0
2020-06-17,12,AR1 alpha + Basic + One-Step,NASDAQ:TILE,0.0
2020-06-18,12,AR1 alpha + Basic + One-Step,NASDAQ:TILE,7.358929802576818e-08
2020-06-19,12,AR1 alpha + Basic + One-Step,NASDAQ:TILE,0.0
2020-06-22,12,AR1 alpha + Basic + One-Step,NASDAQ:TILE,0.0
2020-06-23,12,AR1 alpha + Basic + One-Step,NASDAQ:TILE,0.0
2020-06-24,12,AR1 alpha + Basic + One-Step,NASDAQ:TILE,0.0
2020-06-25,12,AR1 alpha + Basic + One-Step,NASDAQ:TILE,0.0
2020-06-26,12,AR1 alpha + Basic + One-Step,NASDAQ:TILE,0.0
2020-06-29,12,AR1 alpha + Basic + One-Step,NASDAQ:TILE,0.0
2020-06-30,12,AR1 alpha + Basic + One-Step,NASDAQ:TILE,2.031904263862666e-11
2020-07-01,12,AR1 alpha + Basic + One-Step,NASDAQ:TILE,0.0
2020-07-02,12,AR1 alpha + Basic + One-Step,NASDAQ:TILE,0.0
2020-07-06,12,AR1 alpha + Basic + One-Step,NASDAQ:TILE,0.0
2020-07-07,12,AR1 alpha + Basic + One-Step,NASDAQ:TILE,0.0
2020-07-08,12,AR1 alpha + Basic + One-Step,NASDAQ:TILE,0.0
2020-07-09,12,AR1 alpha + Basic + One-Step,NASDAQ:TILE,0.0
2020-07-10,12,AR1 alpha + Basic + One-Step,NASDAQ:TILE,6.072275967732585e-08
2020-07-13,12,AR1 alpha + Basic + One-Step,NASDAQ:TILE,1.1531772085733691e-08
2020-07-14,12,AR1 alpha + Basic + One-Step,NASDAQ:TILE,0.0
2020-07-15,12,AR1 alpha + Basic + One-Step,NASDAQ:TILE,1.1237981927304592e-08
2020-07-16,12,AR1 alpha + Basic + One-Step,NASDAQ:TILE,0.0
2020-07-17,12,AR1 alpha + Basic + One-Step,NASDAQ:TILE,2.503841563861455e-08
2020-07-20,12,AR1 alpha + Basic + One-Step,NASDAQ:TILE,3.853038726445514e-08
2020-07-21,12,AR1 alpha + Basic + One-Step,NASDAQ:TILE,0.0
2020-07-22,12,AR1 alpha + Basic + One-Step,NASDAQ:TILE,0.0
2020-07-23,12,AR1 alpha + Basic + One-Step,NASDAQ:TILE,0.0
2020-07-24,12,AR1 alpha + Basic + One-Step,NASDAQ:TILE,0.0
2020-07-27,12,AR1 alpha + Basic + One-Step,NASDAQ:TILE,1.6021786372166208e-07
2020-07-28,12,AR1 alpha + Basic + One-Step,NASDAQ:TILE,0.0
2020-07-29,12,AR1 alpha + Basic + One-Step,NASDAQ:TILE,0.0
2020-07-30,12,AR1 alpha + Basic + One-Step,NASDAQ:TILE,0.0
2020-07-31,12,AR1 alpha + Basic + One-Step,NASDAQ:TILE,0.0
2020-08-03,12,AR1 alpha + Basic + One-Step,NASDAQ:TILE,2.9012412510037424e-07
2020-08-04,12,AR1 alpha + Basic + One-Step,NASDAQ:TILE,0.0
2020-08-05,12,AR1 alpha + Basic + One-Step,NASDAQ:TILE,0.0
2020-08-06,12,AR1 alpha + Basic + One-Step,NASDAQ:TILE,0.0
2020-08-07,12,AR1 alpha + Basic + One-Step,NASDAQ:TILE,0.0
2020-08-10,12,AR1 alpha + Basic + One-Step,NASDAQ:TILE,0.0
2020-08-11,12,AR1 alpha + Basic + One-Step,NASDAQ:TILE,0.0
2020-08-12,12,AR1 alpha + Basic + One-Step,NASDAQ:TILE,0.0
2020-08-13,12,AR1 alpha + Basic + One-Step,NASDAQ:TILE,0.0
2020-08-14,12,AR1 alpha + Basic + One-Step,NASDAQ:TILE,0.0
2020-08-17,12,AR1 alpha + Basic + One-Step,NASDAQ:TILE,0.0
2020-08-18,12,AR1 alpha + Basic + One-Step,NASDAQ:TILE,0.0
2020-08-19,12,AR1 alpha + Basic + One-Step,NASDAQ:TILE,0.0
2020-08-20,12,AR1 alpha + Basic + One-Step,NASDAQ:TILE,9.843996911811213e-08
2020-08-21,12,AR1 alpha + Basic + One-Step,NASDAQ:TILE,0.0
2020-08-24,12,AR1 alpha + Basic + One-Step,NASDAQ:TILE,0.0
2020-08-25,12,AR1 alpha + Basic + One-Step,NASDAQ:TILE,0.0
2020-08-26,12,AR1 alpha + Basic + One-Step,NASDAQ:TILE,0.0
2020-08-27,12,AR1 alpha + Basic + One-Step,NASDAQ:TILE,0.0
2020-08-28,12,AR1 alpha + Basic + One-Step,NASDAQ:TILE,0.0
2020-08-31,12,AR1 alpha + Basic + One-Step,NASDAQ:TILE,0.0
2020-09-01,12,AR1 alpha + Basic + One-Step,NASDAQ:TILE,0.0
2020-09-02,12,AR1 alpha + Basic + One-Step,NASDAQ:TILE,0.0
2020-09-03,12,AR1 alpha + Basic + One-Step,NASDAQ:TILE,0.0
2020-09-04,12,AR1 alpha + Basic + One-Step,NASDAQ:TILE,0.0
2020-09-08,12,AR1 alpha + Basic + One-Step,NASDAQ:TILE,0.0
2020-09-09,12,AR1 alpha + Basic + One-Step,NASDAQ:TILE,2.120128082885163e-08
2020-09-10,12,AR1 alpha + Basic + One-Step,NASDAQ:TILE,0.0
2020-09-11,12,AR1 alpha + Basic + One-Step,NASDAQ:TILE,0.0
2020-09-14,12,AR1 alpha + Basic + One-Step,NASDAQ:TILE,0.0
2020-09-15,12,AR1 alpha + Basic + One-Step,NASDAQ:TILE,0.0
2020-09-16,12,AR1 alpha + Basic + One-Step,NASDAQ:TILE,0.0
2020-09-17,12,AR1 alpha + Basic + One-Step,NASDAQ:TILE,0.0
2020-09-18,12,AR1 alpha + Basic + One-Step,NASDAQ:TILE,0.0
2020-09-21,12,AR1 alpha + Basic + One-Step,NASDAQ:TILE,2.472909745456049e-09
2020-09-22,12,AR1 alpha + Basic + One-Step,NASDAQ:TILE,0.0
2020-09-23,12,AR1 alpha + Basic + One-Step,NASDAQ:TILE,4.15254230935176e-09
2020-09-24,12,AR1 alpha + Basic + One-Step,NASDAQ:TILE,1.191121269861959e-07
2020-09-25,12,AR1 alpha + Basic + One-Step,NASDAQ:TILE,0.0
2020-09-28,12,AR1 alpha + Basic + One-Step,NASDAQ:TILE,2.416308675762143e-08
2020-09-29,12,AR1 alpha + Basic + One-Step,NASDAQ:TILE,0.0
2020-09-30,12,AR1 alpha + Basic + One-Step,NASDAQ:TILE,0.0
2020-10-01,12,AR1 alpha + Basic + One-Step,NASDAQ:TILE,5.453622659149975e-07
2020-10-02,12,AR1 alpha + Basic + One-Step,NASDAQ:TILE,0.0
2020-10-05,12,AR1 alpha + Basic + One-Step,NASDAQ:TILE,0.0
2020-10-06,12,AR1 alpha + Basic + One-Step,NASDAQ:TILE,1.6118641728774175e-07
2020-10-07,12,AR1 alpha + Basic + One-Step,NASDAQ:TILE,2.3409713565603599e-07
2020-10-08,12,AR1 alpha + Basic + One-Step,NASDAQ:TILE,0.0
2020-10-09,12,AR1 alpha + Basic + One-Step,NASDAQ:TILE,0.0
2020-10-12,12,AR1 alpha + Basic + One-Step,NASDAQ:TILE,0.0
2020-10-13,12,AR1 alpha + Basic + One-Step,NASDAQ:TILE,0.0
2020-10-14,12,AR1 alpha + Basic + One-Step,NASDAQ:TILE,0.0
2020-10-15,12,AR1 alpha + Basic + One-Step,NASDAQ:TILE,0.0
2020-10-16,12,AR1 alpha + Basic + One-Step,NASDAQ:TILE,4.49009962838268e-08
2020-10-19,12,AR1 alpha + Basic + One-Step,NASDAQ:TILE,5.431758671545826e-07
2020-10-20,12,AR1 alpha + Basic + One-Step,NASDAQ:TILE,0.0
2020-10-21,12,AR1 alpha + Basic + One-Step,NASDAQ:TILE,2.6095392750396567e-07
2020-10-22,12,AR1 alpha + Basic + One-Step,NASDAQ:TILE,0.0
2020-10-23,12,AR1 alpha + Basic + One-Step,NASDAQ:TILE,0.0
2020-10-26,12,AR1 alpha + Basic + One-Step,NASDAQ:TILE,0.0
2020-10-27,12,AR1 alpha + Basic + One-Step,NASDAQ:TILE,8.91358054327504e-09
2020-10-28,12,AR1 alpha + Basic + One-Step,NASDAQ:TILE,5.582873113066603e-09
2020-10-29,12,AR1 alpha + Basic + One-Step,NASDAQ:TILE,0.0
2020-10-30,12,AR1 alpha + Basic + One-Step,NASDAQ:TILE,0.0
2020-11-02,12,AR1 alpha + Basic + One-Step,NASDAQ:TILE,0.0
2020-11-03,12,AR1 alpha + Basic + One-Step,NASDAQ:TILE,0.0
2020-11-04,12,AR1 alpha + Basic + One-Step,NASDAQ:TILE,0.0
2020-11-05,12,AR1 alpha + Basic + One-Step,NASDAQ:TILE,0.0
2020-11-06,12,AR1 alpha + Basic + One-Step,NASDAQ:TILE,0.0
2020-11-09,12,AR1 alpha + Basic + One-Step,NASDAQ:TILE,0.0
2020-11-10,12,AR1 alpha + Basic + One-Step,NASDAQ:TILE,0.0
2020-11-11,12,AR1 alpha + Basic + One-Step,NASDAQ:TILE,0.0
2020-11-12,12,AR1 alpha + Basic + One-Step,NASDAQ:TILE,0.0
2020-11-13,12,AR1 alpha + Basic + One-Step,NASDAQ:TILE,0.0
2020-11-16,12,AR1 alpha + Basic + One-Step,NASDAQ:TILE,0.0
2020-11-17,12,AR1 alpha + Basic + One-Step,NASDAQ:TILE,0.0
2020-11-18,12,AR1 alpha + Basic + One-Step,NASDAQ:TILE,0.0
2020-11-19,12,AR1 alpha + Basic + One-Step,NASDAQ:TILE,2.3428228616751056e-08
2020-11-20,12,AR1 alpha + Basic + One-Step,NASDAQ:TILE,0.0
2020-11-23,12,AR1 alpha + Basic + One-Step,NASDAQ:TILE,0.0
2020-11-24,12,AR1 alpha + Basic + One-Step,NASDAQ:TILE,0.0
2020-11-25,12,AR1 alpha + Basic + One-Step,NASDAQ:TILE,0.0
2020-11-27,12,AR1 alpha + Basic + One-Step,NASDAQ:TILE,0.0
2020-11-30,12,AR1 alpha + Basic + One-Step,NASDAQ:TILE,8.27993642602563e-09
2020-12-01,12,AR1 alpha + Basic + One-Step,NASDAQ:TILE,0.0
2020-12-02,12,AR1 alpha + Basic + One-Step,NASDAQ:TILE,0.0
2020-12-03,12,AR1 alpha + Basic + One-Step,NASDAQ:TILE,0.0
2020-12-04,12,AR1 alpha + Basic + One-Step,NASDAQ:TILE,0.0
2020-12-07,12,AR1 alpha + Basic + One-Step,NASDAQ:TILE,0.0
2020-12-08,12,AR1 alpha + Basic + One-Step,NASDAQ:TILE,1.064315165845273e-07
2020-12-09,12,AR1 alpha + Basic + One-Step,NASDAQ:TILE,0.0
2020-12-10,12,AR1 alpha + Basic + One-Step,NASDAQ:TILE,1.2115429140791192e-08
2020-12-11,12,AR1 alpha + Basic + One-Step,NASDAQ:TILE,2.426299846674801e-07
2020-12-14,12,AR1 alpha + Basic + One-Step,NASDAQ:TILE,3.376899360009519e-07
2020-12-15,12,AR1 alpha + Basic + One-Step,NASDAQ:TILE,0.0
2020-12-16,12,AR1 alpha + Basic + One-Step,NASDAQ:TILE,5.031324688766102e-09
2020-12-17,12,AR1 alpha + Basic + One-Step,NASDAQ:TILE,0.0
2020-12-18,12,AR1 alpha + Basic + One-Step,NASDAQ:TILE,0.0
2020-12-21,12,AR1 alpha + Basic + One-Step,NASDAQ:TILE,8.819007004573129e-07
2020-12-22,12,AR1 alpha + Basic + One-Step,NASDAQ:TILE,4.2808429184637206e-07
2020-12-23,12,AR1 alpha + Basic + One-Step,NASDAQ:TILE,3.59340860414869e-08
2020-12-24,12,AR1 alpha + Basic + One-Step,NASDAQ:TILE,0.0
2020-12-28,12,AR1 alpha + Basic + One-Step,NASDAQ:TILE,0.0
2020-12-29,12,AR1 alpha + Basic + One-Step,NASDAQ:TILE,0.0
2020-12-30,12,AR1 alpha + Basic + One-Step,NASDAQ:TILE,0.0
2020-12-31,12,AR1 alpha + Basic + One-Step,NASDAQ:TILE,0.0
2021-01-04,12,AR1 alpha + Basic + One-Step,NASDAQ:TILE,0.0
2021-01-05,12,AR1 alpha + Basic + One-Step,NASDAQ:TILE,0.0
2021-01-06,12,AR1 alpha + Basic + One-Step,NASDAQ:TILE,0.0
2021-01-07,12,AR1 alpha + Basic + One-Step,NASDAQ:TILE,0.0
2021-01-08,12,AR1 alpha + Basic + One-Step,NASDAQ:TILE,0.0
2021-01-11,12,AR1 alpha + Basic + One-Step,NASDAQ:TILE,0.0
2021-01-12,12,AR1 alpha + Basic + One-Step,NASDAQ:TILE,0.0
2021-01-13,12,AR1 alpha + Basic + One-Step,NASDAQ:TILE,0.0
2021-01-14,12,AR1 alpha + Basic + One-Step,NASDAQ:TILE,0.0
2021-01-15,12,AR1 alpha + Basic + One-Step,NASDAQ:TILE,0.0
2021-01-19,12,AR1 alpha + Basic + One-Step,NASDAQ:TILE,0.0
2021-01-20,12,AR1 alpha + Basic + One-Step,NASDAQ:TILE,3.064013717023933e-09
2021-01-21,12,AR1 alpha + Basic + One-Step,NASDAQ:TILE,0.0
2021-01-22,12,AR1 alpha + Basic + One-Step,NASDAQ:TILE,2.3165170169737466e-09
2021-01-25,12,AR1 alpha + Basic + One-Step,NASDAQ:TILE,0.0
2021-01-26,12,AR1 alpha + Basic + One-Step,NASDAQ:TILE,0.0
2021-01-27,12,AR1 alpha + Basic + One-Step,NASDAQ:TILE,0.0
2021-01-28,12,AR1 alpha + Basic + One-Step,NASDAQ:TILE,0.0
2021-01-29,12,AR1 alpha + Basic + One-Step,NASDAQ:TILE,0.0
2021-02-01,12,AR1 alpha + Basic + One-Step,NASDAQ:TILE,1.264380440112744e-07
2021-02-02,12,AR1 alpha + Basic + One-Step,NASDAQ:TILE,0.0
2021-02-03,12,AR1 alpha + Basic + One-Step,NASDAQ:TILE,0.0
2021-02-04,12,AR1 alpha + Basic + One-Step,NASDAQ:TILE,0.0
2021-02-05,12,AR1 alpha + Basic + One-Step,NASDAQ:TILE,0.0
2021-02-08,12,AR1 alpha + Basic + One-Step,NASDAQ:TILE,0.0
2021-02-09,12,AR1 alpha + Basic + One-Step,NASDAQ:TILE,0.0
2021-02-10,12,AR1 alpha + Basic + One-Step,NASDAQ:TILE,4.419858082330508e-08
2021-02-11,12,AR1 alpha + Basic + One-Step,NASDAQ:TILE,0.0
2021-02-12,12,AR1 alpha + Basic + One-Step,NASDAQ:TILE,7.553495121767728e-08
2021-02-16,12,AR1 alpha + Basic + One-Step,NASDAQ:TILE,0.0
2021-02-17,12,AR1 alpha + Basic + One-Step,NASDAQ:TILE,0.0
2021-02-18,12,AR1 alpha + Basic + One-Step,NASDAQ:TILE,0.0
2021-02-19,12,AR1 alpha + Basic + One-Step,NASDAQ:TILE,0.0
2021-02-22,12,AR1 alpha + Basic + One-Step,NASDAQ:TILE,0.0
2021-02-23,12,AR1 alpha + Basic + One-Step,NASDAQ:TILE,4.705951080565116e-08
2021-02-24,12,AR1 alpha + Basic + One-Step,NASDAQ:TILE,0.0
2021-02-25,12,AR1 alpha + Basic + One-Step,NASDAQ:TILE,0.0
2021-02-26,12,AR1 alpha + Basic + One-Step,NASDAQ:TILE,1.1764970744422982e-06
2021-03-01,12,AR1 alpha + Basic + One-Step,NASDAQ:TILE,0.0
2021-03-02,12,AR1 alpha + Basic + One-Step,NASDAQ:TILE,3.802069608897117e-08
2021-03-03,12,AR1 alpha + Basic + One-Step,NASDAQ:TILE,0.0
2021-03-04,12,AR1 alpha + Basic + One-Step,NASDAQ:TILE,0.0
2021-03-05,12,AR1 alpha + Basic + One-Step,NASDAQ:TILE,0.0
2021-03-08,12,AR1 alpha + Basic + One-Step,NASDAQ:TILE,0.0
2021-03-09,12,AR1 alpha + Basic + One-Step,NASDAQ:TILE,0.0
2021-03-10,12,AR1 alpha + Basic + One-Step,NASDAQ:TILE,0.0
2021-03-11,12,AR1 alpha + Basic + One-Step,NASDAQ:TILE,0.0
2021-03-12,12,AR1 alpha + Basic + One-Step,NASDAQ:TILE,0.0
2021-03-15,12,AR1 alpha + Basic + One-Step,NASDAQ:TILE,2.374845775443976e-10
2021-03-16,12,AR1 alpha + Basic + One-Step,NASDAQ:TILE,0.0
2021-03-17,12,AR1 alpha + Basic + One-Step,NASDAQ:TILE,1.6956582403277568e-08
2021-03-18,12,AR1 alpha + Basic + One-Step,NASDAQ:TILE,0.0
2021-03-19,12,AR1 alpha + Basic + One-Step,NASDAQ:TILE,2.6229972373386028e-08
2021-03-22,12,AR1 alpha + Basic + One-Step,NASDAQ:TILE,0.0
2021-03-23,12,AR1 alpha + Basic + One-Step,NASDAQ:TILE,0.0
2021-03-24,12,AR1 alpha + Basic + One-Step,NASDAQ:TILE,0.0
2021-03-25,12,AR1 alpha + Basic + One-Step,NASDAQ:TILE,0.0
2021-03-26,12,AR1 alpha + Basic + One-Step,NASDAQ:TILE,7.624886409197935e-09
2021-03-29,12,AR1 alpha + Basic + One-Step,NASDAQ:TILE,0.0
2021-03-30,12,AR1 alpha + Basic + One-Step,NASDAQ:TILE,2.5329377573100796e-07
2021-03-31,12,AR1 alpha + Basic + One-Step,NASDAQ:TILE,6.46739011362687e-08
2021-04-01,12,AR1 alpha + Basic + One-Step,NASDAQ:TILE,0.0
2021-04-05,12,AR1 alpha + Basic + One-Step,NASDAQ:TILE,8.710572032922355e-07
2021-04-06,12,AR1 alpha + Basic + One-Step,NASDAQ:TILE,0.0
2021-04-07,12,AR1 alpha + Basic + One-Step,NASDAQ:TILE,0.0
2021-04-08,12,AR1 alpha + Basic + One-Step,NASDAQ:TILE,7.44507688985588e-08
2021-04-09,12,AR1 alpha + Basic + One-Step,NASDAQ:TILE,0.0
2021-04-12,12,AR1 alpha + Basic + One-Step,NASDAQ:TILE,3.729192563552787e-09
2021-04-13,12,AR1 alpha + Basic + One-Step,NASDAQ:TILE,7.034962226860554e-08
2021-04-14,12,AR1 alpha + Basic + One-Step,NASDAQ:TILE,1.927621291486901e-07
2021-04-15,12,AR1 alpha + Basic + One-Step,NASDAQ:TILE,0.0
2021-04-16,12,AR1 alpha + Basic + One-Step,NASDAQ:TILE,0.0
2021-04-19,12,AR1 alpha + Basic + One-Step,NASDAQ:TILE,8.169719382972184e-09
2021-04-20,12,AR1 alpha + Basic + One-Step,NASDAQ:TILE,0.0
2021-04-21,12,AR1 alpha + Basic + One-Step,NASDAQ:TILE,0.0
2021-04-22,12,AR1 alpha + Basic + One-Step,NASDAQ:TILE,0.0
2021-04-23,12,AR1 alpha + Basic + One-Step,NASDAQ:TILE,0.0
2021-04-26,12,AR1 alpha + Basic + One-Step,NASDAQ:TILE,0.0
2021-04-27,12,AR1 alpha + Basic + One-Step,NASDAQ:TILE,3.84425150141259e-09
2021-04-28,12,AR1 alpha + Basic + One-Step,NASDAQ:TILE,1.3041792609873496e-08
2021-04-29,12,AR1 alpha + Basic + One-Step,NASDAQ:TILE,9.562063340661475e-08
2021-04-30,12,AR1 alpha + Basic + One-Step,NASDAQ:TILE,2.4096156600851622e-08
2021-05-03,12,AR1 alpha + Basic + One-Step,NASDAQ:TILE,0.0
2021-05-04,12,AR1 alpha + Basic + One-Step,NASDAQ:TILE,5.956500275485968e-08
2021-05-05,12,AR1 alpha + Basic + One-Step,NASDAQ:TILE,0.0
2021-05-06,12,AR1 alpha + Basic + One-Step,NASDAQ:TILE,0.0
2021-05-07,12,AR1 alpha + Basic + One-Step,NASDAQ:TILE,0.0
2021-05-10,12,AR1 alpha + Basic + One-Step,NASDAQ:TILE,0.0
2021-05-11,12,AR1 alpha + Basic + One-Step,NASDAQ:TILE,0.0
2021-05-12,12,AR1 alpha + Basic + One-Step,NASDAQ:TILE,0.0
2021-05-13,12,AR1 alpha + Basic + One-Step,NASDAQ:TILE,0.0
2021-05-14,12,AR1 alpha + Basic + One-Step,NASDAQ:TILE,0.0
2021-05-17,12,AR1 alpha + Basic + One-Step,NASDAQ:TILE,0.0
2021-05-18,12,AR1 alpha + Basic + One-Step,NASDAQ:TILE,0.0
2021-05-19,12,AR1 alpha + Basic + One-Step,NASDAQ:TILE,0.0
2021-05-20,12,AR1 alpha + Basic + One-Step,NASDAQ:TILE,3.134383740268779e-08
2021-05-21,12,AR1 alpha + Basic + One-Step,NASDAQ:TILE,0.0
2021-05-24,12,AR1 alpha + Basic + One-Step,NASDAQ:TILE,0.0
2021-05-25,12,AR1 alpha + Basic + One-Step,NASDAQ:TILE,0.0
2021-05-26,12,AR1 alpha + Basic + One-Step,NASDAQ:TILE,0.0
2021-05-27,12,AR1 alpha + Basic + One-Step,NASDAQ:TILE,0.0
2021-05-28,12,AR1 alpha + Basic + One-Step,NASDAQ:TILE,0.0
2021-06-01,12,AR1 alpha + Basic + One-Step,NASDAQ:TILE,0.0
2021-06-02,12,AR1 alpha + Basic + One-Step,NASDAQ:TILE,0.0
2021-06-03,12,AR1 alpha + Basic + One-Step,NASDAQ:TILE,0.0
2021-06-04,12,AR1 alpha + Basic + One-Step,NASDAQ:TILE,0.0
2021-06-07,12,AR1 alpha + Basic + One-Step,NASDAQ:TILE,1.1773763681564033e-08
2021-06-08,12,AR1 alpha + Basic + One-Step,NASDAQ:TILE,0.0
2021-06-09,12,AR1 alpha + Basic + One-Step,NASDAQ:TILE,0.0
2021-06-10,12,AR1 alpha + Basic + One-Step,NASDAQ:TILE,0.0
2021-06-11,12,AR1 alpha + Basic + One-Step,NASDAQ:TILE,0.0
2021-06-14,12,AR1 alpha + Basic + One-Step,NASDAQ:TILE,1.3632331266280084e-07
2021-06-15,12,AR1 alpha + Basic + One-Step,NASDAQ:TILE,0.0
2021-06-16,12,AR1 alpha + Basic + One-Step,NASDAQ:TILE,0.0
2021-06-17,12,AR1 alpha + Basic + One-Step,NASDAQ:TILE,0.0
2021-06-18,12,AR1 alpha + Basic + One-Step,NASDAQ:TILE,0.0
2021-06-21,12,AR1 alpha + Basic + One-Step,NASDAQ:TILE,0.0
2021-06-22,12,AR1 alpha + Basic + One-Step,NASDAQ:TILE,2.0930595641835117e-07
2021-06-23,12,AR1 alpha + Basic + One-Step,NASDAQ:TILE,2.8815225451637433e-07
2021-06-24,12,AR1 alpha + Basic + One-Step,NASDAQ:TILE,5.632038694588828e-07
2021-06-25,12,AR1 alpha + Basic + One-Step,NASDAQ:TILE,0.0
2021-06-28,12,AR1 alpha + Basic + One-Step,NASDAQ:TILE,0.0
2021-06-29,12,AR1 alpha + Basic + One-Step,NASDAQ:TILE,0.0
2021-06-30,12,AR1 alpha + Basic + One-Step,NASDAQ:TILE,0.0
2021-07-01,12,AR1 alpha + Basic + One-Step,NASDAQ:TILE,0.0
2021-07-02,12,AR1 alpha + Basic + One-Step,NASDAQ:TILE,0.0
2021-07-06,12,AR1 alpha + Basic + One-Step,NASDAQ:TILE,0.0
2021-07-07,12,AR1 alpha + Basic + One-Step,NASDAQ:TILE,0.0
2021-07-08,12,AR1 alpha + Basic + One-Step,NASDAQ:TILE,0.0
2021-07-09,12,AR1 alpha + Basic + One-Step,NASDAQ:TILE,0.0
2021-07-12,12,AR1 alpha + Basic + One-Step,NASDAQ:TILE,1.6611733968975995e-10
2021-07-13,12,AR1 alpha + Basic + One-Step,NASDAQ:TILE,4.045533722788304e-08
2021-07-14,12,AR1 alpha + Basic + One-Step,NASDAQ:TILE,0.0
2021-07-15,12,AR1 alpha + Basic + One-Step,NASDAQ:TILE,0.0
2021-07-16,12,AR1 alpha + Basic + One-Step,NASDAQ:TILE,0.0
2021-07-19,12,AR1 alpha + Basic + One-Step,NASDAQ:TILE,0.0
2021-07-20,12,AR1 alpha + Basic + One-Step,NASDAQ:TILE,0.0
2021-07-21,12,AR1 alpha + Basic + One-Step,NASDAQ:TILE,0.0
2021-07-22,12,AR1 alpha + Basic + One-Step,NASDAQ:TILE,0.0
2021-07-23,12,AR1 alpha + Basic + One-Step,NASDAQ:TILE,0.0
2021-07-26,12,AR1 alpha + Basic + One-Step,NASDAQ:TILE,1.8423336359627337e-07
2021-07-27,12,AR1 alpha + Basic + One-Step,NASDAQ:TILE,2.113701415725293e-06
2021-07-28,12,AR1 alpha + Basic + One-Step,NASDAQ:TILE,1.6315942413233952e-07
2021-07-29,12,AR1 alpha + Basic + One-Step,NASDAQ:TILE,0.0
2021-07-30,12,AR1 alpha + Basic + One-Step,NASDAQ:TILE,0.0
2021-08-02,12,AR1 alpha + Basic + One-Step,NASDAQ:TILE,1.2942103900465607e-07
2021-08-03,12,AR1 alpha + Basic + One-Step,NASDAQ:TILE,0.0
2021-08-04,12,AR1 alpha + Basic + One-Step,NASDAQ:TILE,2.9342746786469266e-08
2021-08-05,12,AR1 alpha + Basic + One-Step,NASDAQ:TILE,1.4168503955936226e-07
2021-08-06,12,AR1 alpha + Basic + One-Step,NASDAQ:TILE,0.0
2021-08-09,12,AR1 alpha + Basic + One-Step,NASDAQ:TILE,2.217554639116872e-07
2021-08-10,12,AR1 alpha + Basic + One-Step,NASDAQ:TILE,8.653686051284891e-08
2021-08-11,12,AR1 alpha + Basic + One-Step,NASDAQ:TILE,8.375663427757208e-08
2021-08-12,12,AR1 alpha + Basic + One-Step,NASDAQ:TILE,2.293156226772477e-07
2021-08-13,12,AR1 alpha + Basic + One-Step,NASDAQ:TILE,0.0
2021-08-16,12,AR1 alpha + Basic + One-Step,NASDAQ:TILE,0.0
2021-08-17,12,AR1 alpha + Basic + One-Step,NASDAQ:TILE,1.1666559164840346e-07
2021-08-18,12,AR1 alpha + Basic + One-Step,NASDAQ:TILE,9.010650389017375e-08
2021-08-19,12,AR1 alpha + Basic + One-Step,NASDAQ:TILE,0.0
2021-08-20,12,AR1 alpha + Basic + One-Step,NASDAQ:TILE,4.059468330083229e-08
2021-08-23,12,AR1 alpha + Basic + One-Step,NASDAQ:TILE,2.0595713311039762e-07
2021-08-24,12,AR1 alpha + Basic + One-Step,NASDAQ:TILE,0.0
2021-08-25,12,AR1 alpha + Basic + One-Step,NASDAQ:TILE,2.5811859931597674e-08
2021-08-26,12,AR1 alpha + Basic + One-Step,NASDAQ:TILE,1.5411905036340926e-09
2021-08-27,12,AR1 alpha + Basic + One-Step,NASDAQ:TILE,0.0
2021-08-30,12,AR1 alpha + Basic + One-Step,NASDAQ:TILE,0.0
2021-08-31,12,AR1 alpha + Basic + One-Step,NASDAQ:TILE,2.741447073901544e-07
2021-09-01,12,AR1 alpha + Basic + One-Step,NASDAQ:TILE,0.0
2021-09-02,12,AR1 alpha + Basic + One-Step,NASDAQ:TILE,0.0
2021-09-03,12,AR1 alpha + Basic + One-Step,NASDAQ:TILE,0.0
2021-09-07,12,AR1 alpha + Basic + One-Step,NASDAQ:TILE,0.0
2021-09-08,12,AR1 alpha + Basic + One-Step,NASDAQ:TILE,0.0
2021-09-09,12,AR1 alpha + Basic + One-Step,NASDAQ:TILE,0.0
2021-09-10,12,AR1 alpha + Basic + One-Step,NASDAQ:TILE,2.982499052913264e-07
2021-09-13,12,AR1 alpha + Basic + One-Step,NASDAQ:TILE,0.0
2021-09-14,12,AR1 alpha + Basic + One-Step,NASDAQ:TILE,0.0
2021-09-15,12,AR1 alpha + Basic + One-Step,NASDAQ:TILE,1.0653468078729836e-07
2021-09-16,12,AR1 alpha + Basic + One-Step,NASDAQ:TILE,6.873713170274062e-08
2021-09-17,12,AR1 alpha + Basic + One-Step,NASDAQ:TILE,0.0
2021-09-20,12,AR1 alpha + Basic + One-Step,NASDAQ:TILE,0.0
2021-09-21,12,AR1 alpha + Basic + One-Step,NASDAQ:TILE,1.540726029849115e-07
2021-09-22,12,AR1 alpha + Basic + One-Step,NASDAQ:TILE,0.0
2021-09-23,12,AR1 alpha + Basic + One-Step,NASDAQ:TILE,0.0
2021-09-24,12,AR1 alpha + Basic + One-Step,NASDAQ:TILE,0.0
2021-09-27,12,AR1 alpha + Basic + One-Step,NASDAQ:TILE,2.498300060767872e-09
2021-09-28,12,AR1 alpha + Basic + One-Step,NASDAQ:TILE,0.0
2021-09-29,12,AR1 alpha + Basic + One-Step,NASDAQ:TILE,0.0
2021-09-30,12,AR1 alpha + Basic + One-Step,NASDAQ:TILE,0.0
2021-10-01,12,AR1 alpha + Basic + One-Step,NASDAQ:TILE,5.947843878270991e-09
2021-10-04,12,AR1 alpha + Basic + One-Step,NASDAQ:TILE,0.0
2021-10-05,12,AR1 alpha + Basic + One-Step,NASDAQ:TILE,9.779619607964532e-10
2021-10-06,12,AR1 alpha + Basic + One-Step,NASDAQ:TILE,0.015392435145645575
2021-10-07,12,AR1 alpha + Basic + One-Step,NASDAQ:TILE,0.0
2021-10-08,12,AR1 alpha + Basic + One-Step,NASDAQ:TILE,0.0
2021-10-11,12,AR1 alpha + Basic + One-Step,NASDAQ:TILE,0.0024937129208512216
2021-10-12,12,AR1 alpha + Basic + One-Step,NASDAQ:TILE,0.0
2021-10-13,12,AR1 alpha + Basic + One-Step,NASDAQ:TILE,0.054461331660481255
2021-10-14,12,AR1 alpha + Basic + One-Step,NASDAQ:TILE,0.018965827580371627
2021-10-15,12,AR1 alpha + Basic + One-Step,NASDAQ:TILE,0.025292348656341612
2021-10-18,12,AR1 alpha + Basic + One-Step,NASDAQ:TILE,0.04463203838585431
2021-10-19,12,AR1 alpha + Basic + One-Step,NASDAQ:TILE,0.05900399150706137
2021-10-20,12,AR1 alpha + Basic + One-Step,NASDAQ:TILE,0.017675351102978458
2021-10-21,12,AR1 alpha + Basic + One-Step,NASDAQ:TILE,0.02749949444039813
2021-10-22,12,AR1 alpha + Basic + One-Step,NASDAQ:TILE,0.0991356368643493
2021-10-25,12,AR1 alpha + Basic + One-Step,NASDAQ:TILE,0.0325031755765628
2021-10-26,12,AR1 alpha + Basic + One-Step,NASDAQ:TILE,0.03249880201517675
2021-10-27,12,AR1 alpha + Basic + One-Step,NASDAQ:TILE,0.06215169351923001
2021-10-28,12,AR1 alpha + Basic + One-Step,NASDAQ:TILE,0.021592381139961044
2021-10-29,12,AR1 alpha + Basic + One-Step,NASDAQ:TILE,0.0785275054296209
2021-11-01,12,AR1 alpha + Basic + One-Step,NASDAQ:TILE,6.6800740822493e-07
2021-11-02,12,AR1 alpha + Basic + One-Step,NASDAQ:TILE,0.05141360449671408
2021-11-03,12,AR1 alpha + Basic + One-Step,NASDAQ:TILE,0.0
2021-11-04,12,AR1 alpha + Basic + One-Step,NASDAQ:TILE,0.0
2021-11-05,12,AR1 alpha + Basic + One-Step,NASDAQ:TILE,0.0
2021-11-08,12,AR1 alpha + Basic + One-Step,NASDAQ:TILE,0.0
2021-11-09,12,AR1 alpha + Basic + One-Step,NASDAQ:TILE,3.692873214134576e-08
2021-11-10,12,AR1 alpha + Basic + One-Step,NASDAQ:TILE,1.2914033584890557e-08
2021-11-11,12,AR1 alpha + Basic + One-Step,NASDAQ:TILE,0.0
2021-11-12,12,AR1 alpha + Basic + One-Step,NASDAQ:TILE,0.0
2021-11-15,12,AR1 alpha + Basic + One-Step,NASDAQ:TILE,0.0
2021-11-16,12,AR1 alpha + Basic + One-Step,NASDAQ:TILE,0.0
2021-11-17,12,AR1 alpha + Basic + One-Step,NASDAQ:TILE,0.0
2021-11-18,12,AR1 alpha + Basic + One-Step,NASDAQ:TILE,0.04549704126127466
2021-11-19,12,AR1 alpha + Basic + One-Step,NASDAQ:TILE,0.07563854052683934
2021-11-22,12,AR1 alpha + Basic + One-Step,NASDAQ:TILE,0.038855956866527895
2021-11-23,12,AR1 alpha + Basic + One-Step,NASDAQ:TILE,0.0
2021-11-24,12,AR1 alpha + Basic + One-Step,NASDAQ:TILE,0.0
2021-11-26,12,AR1 alpha + Basic + One-Step,NASDAQ:TILE,0.07719848462121512
2021-11-29,12,AR1 alpha + Basic + One-Step,NASDAQ:TILE,0.057171002710969934
2021-11-30,12,AR1 alpha + Basic + One-Step,NASDAQ:TILE,0.09999552849750808
2021-12-01,12,AR1 alpha + Basic + One-Step,NASDAQ:TILE,0.09238176028324308
2021-12-02,12,AR1 alpha + Basic + One-Step,NASDAQ:TILE,0.046331130075669344
2021-12-03,12,AR1 alpha + Basic + One-Step,NASDAQ:TILE,0.0
2021-12-06,12,AR1 alpha + Basic + One-Step,NASDAQ:TILE,0.0
2021-12-07,12,AR1 alpha + Basic + One-Step,NASDAQ:TILE,0.0
2021-12-08,12,AR1 alpha + Basic + One-Step,NASDAQ:TILE,0.0
2021-12-09,12,AR1 alpha + Basic + One-Step,NASDAQ:TILE,0.0
2021-12-10,12,AR1 alpha + Basic + One-Step,NASDAQ:TILE,1.0093309405611092e-07
2021-12-13,12,AR1 alpha + Basic + One-Step,NASDAQ:TILE,0.0
2021-12-14,12,AR1 alpha + Basic + One-Step,NASDAQ:TILE,5.1765178298973995e-08
2021-12-15,12,AR1 alpha + Basic + One-Step,NASDAQ:TILE,0.0
2021-12-16,12,AR1 alpha + Basic + One-Step,NASDAQ:TILE,0.0
2021-12-17,12,AR1 alpha + Basic + One-Step,NASDAQ:TILE,0.0
2021-12-20,12,AR1 alpha + Basic + One-Step,NASDAQ:TILE,0.0
2021-12-21,12,AR1 alpha + Basic + One-Step,NASDAQ:TILE,0.0
2021-12-22,12,AR1 alpha + Basic + One-Step,NASDAQ:TILE,1.7812458305640362e-07
2021-12-23,12,AR1 alpha + Basic + One-Step,NASDAQ:TILE,0.0
2021-12-27,12,AR1 alpha + Basic + One-Step,NASDAQ:TILE,0.0
2021-12-28,12,AR1 alpha + Basic + One-Step,NASDAQ:TILE,0.0
2021-12-29,12,AR1 alpha + Basic + One-Step,NASDAQ:TILE,0.0
2021-12-30,12,AR1 alpha + Basic + One-Step,NASDAQ:TILE,8.624997586504001e-07
2021-12-31,12,AR1 alpha + Basic + One-Step,NASDAQ:TILE,2.520968330380403e-07
2022-01-03,12,AR1 alpha + Basic + One-Step,NASDAQ:TILE,1.90138998358156e-07
2022-01-04,12,AR1 alpha + Basic + One-Step,NASDAQ:TILE,0.0
2022-01-05,12,AR1 alpha + Basic + One-Step,NASDAQ:TILE,0.0
2022-01-06,12,AR1 alpha + Basic + One-Step,NASDAQ:TILE,0.0
2022-01-07,12,AR1 alpha + Basic + One-Step,NASDAQ:TILE,5.3289696966070556e-08
2022-01-10,12,AR1 alpha + Basic + One-Step,NASDAQ:TILE,0.0
2022-01-11,12,AR1 alpha + Basic + One-Step,NASDAQ:TILE,0.0
2022-01-12,12,AR1 alpha + Basic + One-Step,NASDAQ:TILE,0.0
2022-01-13,12,AR1 alpha + Basic + One-Step,NASDAQ:TILE,3.7256741818770627e-07
2022-01-14,12,AR1 alpha + Basic + One-Step,NASDAQ:TILE,0.0
2022-01-18,12,AR1 alpha + Basic + One-Step,NASDAQ:TILE,0.0
2022-01-19,12,AR1 alpha + Basic + One-Step,NASDAQ:TILE,0.0
2022-01-20,12,AR1 alpha + Basic + One-Step,NASDAQ:TILE,0.0
2022-01-21,12,AR1 alpha + Basic + One-Step,NASDAQ:TILE,2.923646508340913e-07
2022-01-24,12,AR1 alpha + Basic + One-Step,NASDAQ:TILE,0.0
2022-01-25,12,AR1 alpha + Basic + One-Step,NASDAQ:TILE,0.0
2022-01-26,12,AR1 alpha + Basic + One-Step,NASDAQ:TILE,0.0
2022-01-27,12,AR1 alpha + Basic + One-Step,NASDAQ:TILE,0.0
2022-01-28,12,AR1 alpha + Basic + One-Step,NASDAQ:TILE,3.2451193719935594e-09
2022-01-31,12,AR1 alpha + Basic + One-Step,NASDAQ:TILE,0.0
2022-02-01,12,AR1 alpha + Basic + One-Step,NASDAQ:TILE,0.0
2022-02-02,12,AR1 alpha + Basic + One-Step,NASDAQ:TILE,0.0
2022-02-03,12,AR1 alpha + Basic + One-Step,NASDAQ:TILE,0.0
2022-02-04,12,AR1 alpha + Basic + One-Step,NASDAQ:TILE,0.0
2022-02-07,12,AR1 alpha + Basic + One-Step,NASDAQ:TILE,6.748399205523291e-08
2022-02-08,12,AR1 alpha + Basic + One-Step,NASDAQ:TILE,0.0
2022-02-09,12,AR1 alpha + Basic + One-Step,NASDAQ:TILE,0.0
2022-02-10,12,AR1 alpha + Basic + One-Step,NASDAQ:TILE,0.0
2022-02-11,12,AR1 alpha + Basic + One-Step,NASDAQ:TILE,9.748289065255001e-08
2022-02-14,12,AR1 alpha + Basic + One-Step,NASDAQ:TILE,4.409750377074513e-09
2022-02-15,12,AR1 alpha + Basic + One-Step,NASDAQ:TILE,0.0
2022-02-16,12,AR1 alpha + Basic + One-Step,NASDAQ:TILE,0.0
2022-02-17,12,AR1 alpha + Basic + One-Step,NASDAQ:TILE,0.0
2022-02-18,12,AR1 alpha + Basic + One-Step,NASDAQ:TILE,2.2495573461589103e-07
2022-02-22,12,AR1 alpha + Basic + One-Step,NASDAQ:TILE,6.302274355037259e-08
2022-02-23,12,AR1 alpha + Basic + One-Step,NASDAQ:TILE,0.0
2022-02-24,12,AR1 alpha + Basic + One-Step,NASDAQ:TILE,0.0
2022-02-25,12,AR1 alpha + Basic + One-Step,NASDAQ:TILE,0.0
2022-02-28,12,AR1 alpha + Basic + One-Step,NASDAQ:TILE,0.0
2022-03-01,12,AR1 alpha + Basic + One-Step,NASDAQ:TILE,8.61366909138945e-08
2022-03-02,12,AR1 alpha + Basic + One-Step,NASDAQ:TILE,0.0
2022-03-03,12,AR1 alpha + Basic + One-Step,NASDAQ:TILE,0.0
2022-03-04,12,AR1 alpha + Basic + One-Step,NASDAQ:TILE,0.0
2022-03-07,12,AR1 alpha + Basic + One-Step,NASDAQ:TILE,0.0
2022-03-08,12,AR1 alpha + Basic + One-Step,NASDAQ:TILE,1.039129998270812e-06
2022-03-09,12,AR1 alpha + Basic + One-Step,NASDAQ:TILE,0.0
2022-03-10,12,AR1 alpha + Basic + One-Step,NASDAQ:TILE,0.0
2022-03-11,12,AR1 alpha + Basic + One-Step,NASDAQ:TILE,9.862480528223905e-08
2022-03-14,12,AR1 alpha + Basic + One-Step,NASDAQ:TILE,0.0
2022-03-15,12,AR1 alpha + Basic + One-Step,NASDAQ:TILE,0.0
2022-03-16,12,AR1 alpha + Basic + One-Step,NASDAQ:TILE,0.0
2022-03-17,12,AR1 alpha + Basic + One-Step,NASDAQ:TILE,0.0
2022-03-18,12,AR1 alpha + Basic + One-Step,NASDAQ:TILE,0.0
2022-03-21,12,AR1 alpha + Basic + One-Step,NASDAQ:TILE,0.0
2022-03-22,12,AR1 alpha + Basic + One-Step,NASDAQ:TILE,0.0
2022-03-23,12,AR1 alpha + Basic + One-Step,NASDAQ:TILE,0.0
2022-03-24,12,AR1 alpha + Basic + One-Step,NASDAQ:TILE,5.975623274632515e-08
2022-03-25,12,AR1 alpha + Basic + One-Step,NASDAQ:TILE,0.0
2022-03-28,12,AR1 alpha + Basic + One-Step,NASDAQ:TILE,0.0
2022-03-29,12,AR1 alpha + Basic + One-Step,NASDAQ:TILE,0.0
2022-03-30,12,AR1 alpha + Basic + One-Step,NASDAQ:TILE,4.423713493259051e-07
2022-03-31,12,AR1 alpha + Basic + One-Step,NASDAQ:TILE,0.0
2022-04-01,12,AR1 alpha + Basic + One-Step,NASDAQ:TILE,0.0
2022-04-04,12,AR1 alpha + Basic + One-Step,NASDAQ:TILE,0.0
2022-04-05,12,AR1 alpha + Basic + One-Step,NASDAQ:TILE,0.0
2022-04-06,12,AR1 alpha + Basic + One-Step,NASDAQ:TILE,0.0
2022-04-07,12,AR1 alpha + Basic + One-Step,NASDAQ:TILE,0.0
2022-04-08,12,AR1 alpha + Basic + One-Step,NASDAQ:TILE,0.0
2022-04-11,12,AR1 alpha + Basic + One-Step,NASDAQ:TILE,0.0
2022-04-12,12,AR1 alpha + Basic + One-Step,NASDAQ:TILE,0.0
2022-04-13,12,AR1 alpha + Basic + One-Step,NASDAQ:TILE,2.958460449398429e-07
2022-04-14,12,AR1 alpha + Basic + One-Step,NASDAQ:TILE,0.0
2022-04-18,12,AR1 alpha + Basic + One-Step,NASDAQ:TILE,0.0
2022-04-19,12,AR1 alpha + Basic + One-Step,NASDAQ:TILE,0.0
2022-04-20,12,AR1 alpha + Basic + One-Step,NASDAQ:TILE,7.131641896297968e-08
2022-04-21,12,AR1 alpha + Basic + One-Step,NASDAQ:TILE,0.0
2022-04-22,12,AR1 alpha + Basic + One-Step,NASDAQ:TILE,0.0
2022-04-25,12,AR1 alpha + Basic + One-Step,NASDAQ:TILE,0.0
2022-04-26,12,AR1 alpha + Basic + One-Step,NASDAQ:TILE,0.0
2022-04-27,12,AR1 alpha + Basic + One-Step,NASDAQ:TILE,0.0
2022-04-28,12,AR1 alpha + Basic + One-Step,NASDAQ:TILE,0.0
2022-04-29,12,AR1 alpha + Basic + One-Step,NASDAQ:TILE,0.0
2022-05-02,12,AR1 alpha + Basic + One-Step,NASDAQ:TILE,0.0
2022-05-03,12,AR1 alpha + Basic + One-Step,NASDAQ:TILE,0.0
2022-05-04,12,AR1 alpha + Basic + One-Step,NASDAQ:TILE,4.773126173261611e-07
2022-05-05,12,AR1 alpha + Basic + One-Step,NASDAQ:TILE,0.0
2022-05-06,12,AR1 alpha + Basic + One-Step,NASDAQ:TILE,0.0
2022-05-09,12,AR1 alpha + Basic + One-Step,NASDAQ:TILE,0.0
2022-05-10,12,AR1 alpha + Basic + One-Step,NASDAQ:TILE,5.64604379146108e-08
2022-05-11,12,AR1 alpha + Basic + One-Step,NASDAQ:TILE,0.0
2022-05-12,12,AR1 alpha + Basic + One-Step,NASDAQ:TILE,1.5715551507362937e-07
2022-05-13,12,AR1 alpha + Basic + One-Step,NASDAQ:TILE,0.0
2022-05-16,12,AR1 alpha + Basic + One-Step,NASDAQ:TILE,4.399825675175942e-07
2022-05-17,12,AR1 alpha + Basic + One-Step,NASDAQ:TILE,4.28700184360444e-08
2022-05-18,12,AR1 alpha + Basic + One-Step,NASDAQ:TILE,1.5802390832258829e-07
2022-05-19,12,AR1 alpha + Basic + One-Step,NASDAQ:TILE,0.0
2022-05-20,12,AR1 alpha + Basic + One-Step,NASDAQ:TILE,0.0
2022-05-23,12,AR1 alpha + Basic + One-Step,NASDAQ:TILE,0.0
2022-05-24,12,AR1 alpha + Basic + One-Step,NASDAQ:TILE,0.0
2022-05-25,12,AR1 alpha + Basic + One-Step,NASDAQ:TILE,1.5985889104717609e-07
2022-05-26,12,AR1 alpha + Basic + One-Step,NASDAQ:TILE,0.0
2022-05-27,12,AR1 alpha + Basic + One-Step,NASDAQ:TILE,6.4916994153221085e-09
2022-05-31,12,AR1 alpha + Basic + One-Step,NASDAQ:TILE,0.0
2022-06-01,12,AR1 alpha + Basic + One-Step,NASDAQ:TILE,0.0
2022-06-02,12,AR1 alpha + Basic + One-Step,NASDAQ:TILE,0.0
2022-06-03,12,AR1 alpha + Basic + One-Step,NASDAQ:TILE,0.0
2022-06-06,12,AR1 alpha + Basic + One-Step,NASDAQ:TILE,1.2004393856220838e-07
2022-06-07,12,AR1 alpha + Basic + One-Step,NASDAQ:TILE,0.0
2022-06-08,12,AR1 alpha + Basic + One-Step,NASDAQ:TILE,0.0
2022-06-09,12,AR1 alpha + Basic + One-Step,NASDAQ:TILE,0.0
2022-06-10,12,AR1 alpha + Basic + One-Step,NASDAQ:TILE,6.368340748696102e-08
2022-06-13,12,AR1 alpha + Basic + One-Step,NASDAQ:TILE,2.605451512854772e-07
2022-06-14,12,AR1 alpha + Basic + One-Step,NASDAQ:TILE,1.577343324220183e-07
2022-06-15,12,AR1 alpha + Basic + One-Step,NASDAQ:TILE,0.0
2022-06-16,12,AR1 alpha + Basic + One-Step,NASDAQ:TILE,0.0
2022-06-17,12,AR1 alpha + Basic + One-Step,NASDAQ:TILE,0.0
2022-06-21,12,AR1 alpha + Basic + One-Step,NASDAQ:TILE,5.154194134147699e-07
2022-06-22,12,AR1 alpha + Basic + One-Step,NASDAQ:TILE,2.456793174938294e-07
2022-06-23,12,AR1 alpha + Basic + One-Step,NASDAQ:TILE,0.0
2022-06-24,12,AR1 alpha + Basic + One-Step,NASDAQ:TILE,0.0
2022-06-27,12,AR1 alpha + Basic + One-Step,NASDAQ:TILE,0.0
2022-06-28,12,AR1 alpha + Basic + One-Step,NASDAQ:TILE,0.0
2022-06-29,12,AR1 alpha + Basic + One-Step,NASDAQ:TILE,0.0
2022-06-30,12,AR1 alpha + Basic + One-Step,NASDAQ:TILE,0.0
2022-07-01,12,AR1 alpha + Basic + One-Step,NASDAQ:TILE,0.0
2022-07-05,12,AR1 alpha + Basic + One-Step,NASDAQ:TILE,0.0
2022-07-06,12,AR1 alpha + Basic + One-Step,NASDAQ:TILE,0.0
2022-07-07,12,AR1 alpha + Basic + One-Step,NASDAQ:TILE,0.0
2022-07-08,12,AR1 alpha + Basic + One-Step,NASDAQ:TILE,0.0
2022-07-11,12,AR1 alpha + Basic + One-Step,NASDAQ:TILE,0.0
2022-07-12,12,AR1 alpha + Basic + One-Step,NASDAQ:TILE,2.427159696320151e-07
2022-07-13,12,AR1 alpha + Basic + One-Step,NASDAQ:TILE,3.0419030852166915e-07
2022-07-14,12,AR1 alpha + Basic + One-Step,NASDAQ:TILE,0.0
2022-07-15,12,AR1 alpha + Basic + One-Step,NASDAQ:TILE,0.0
2022-07-18,12,AR1 alpha + Basic + One-Step,NASDAQ:TILE,7.204232171275308e-10
2022-07-19,12,AR1 alpha + Basic + One-Step,NASDAQ:TILE,0.0
2022-07-20,12,AR1 alpha + Basic + One-Step,NASDAQ:TILE,2.8696250019627727e-08
2022-07-21,12,AR1 alpha + Basic + One-Step,NASDAQ:TILE,2.3671361126175133e-08
2022-07-22,12,AR1 alpha + Basic + One-Step,NASDAQ:TILE,0.0
2022-07-25,12,AR1 alpha + Basic + One-Step,NASDAQ:TILE,0.0
2022-07-26,12,AR1 alpha + Basic + One-Step,NASDAQ:TILE,0.0
2022-07-27,12,AR1 alpha + Basic + One-Step,NASDAQ:TILE,0.0
2022-07-28,12,AR1 alpha + Basic + One-Step,NASDAQ:TILE,0.0
2022-07-29,12,AR1 alpha + Basic + One-Step,NASDAQ:TILE,0.0
2022-08-01,12,AR1 alpha + Basic + One-Step,NASDAQ:TILE,0.0
2022-08-02,12,AR1 alpha + Basic + One-Step,NASDAQ:TILE,0.0
2022-08-03,12,AR1 alpha + Basic + One-Step,NASDAQ:TILE,0.0
2022-08-04,12,AR1 alpha + Basic + One-Step,NASDAQ:TILE,0.0
2022-08-05,12,AR1 alpha + Basic + One-Step,NASDAQ:TILE,0.0
2022-08-08,12,AR1 alpha + Basic + One-Step,NASDAQ:TILE,0.0
2022-08-09,12,AR1 alpha + Basic + One-Step,NASDAQ:TILE,0.0
2022-08-10,12,AR1 alpha + Basic + One-Step,NASDAQ:TILE,0.0
2022-08-11,12,AR1 alpha + Basic + One-Step,NASDAQ:TILE,0.0
2022-08-12,12,AR1 alpha + Basic + One-Step,NASDAQ:TILE,0.0
2022-08-15,12,AR1 alpha + Basic + One-Step,NASDAQ:TILE,0.0
2022-08-16,12,AR1 alpha + Basic + One-Step,NASDAQ:TILE,0.0
2022-08-17,12,AR1 alpha + Basic + One-Step,NASDAQ:TILE,0.0
2022-08-18,12,AR1 alpha + Basic + One-Step,NASDAQ:TILE,0.0
2022-08-19,12,AR1 alpha + Basic + One-Step,NASDAQ:TILE,0.0
2022-08-22,12,AR1 alpha + Basic + One-Step,NASDAQ:TILE,0.0
2022-08-23,12,AR1 alpha + Basic + One-Step,NASDAQ:TILE,0.0
2022-08-24,12,AR1 alpha + Basic + One-Step,NASDAQ:TILE,1.1345586428168947e-07
2022-08-25,12,AR1 alpha + Basic + One-Step,NASDAQ:TILE,0.0
2022-08-26,12,AR1 alpha + Basic + One-Step,NASDAQ:TILE,0.0
2022-08-29,12,AR1 alpha + Basic + One-Step,NASDAQ:TILE,0.0
2022-08-30,12,AR1 alpha + Basic + One-Step,NASDAQ:TILE,0.0
2022-08-31,12,AR1 alpha + Basic + One-Step,NASDAQ:TILE,0.0
2022-09-01,12,AR1 alpha + Basic + One-Step,NASDAQ:TILE,0.0
2022-09-02,12,AR1 alpha + Basic + One-Step,NASDAQ:TILE,0.0
2022-09-06,12,AR1 alpha + Basic + One-Step,NASDAQ:TILE,0.0
2022-09-07,12,AR1 alpha + Basic + One-Step,NASDAQ:TILE,0.0
2022-09-08,12,AR1 alpha + Basic + One-Step,NASDAQ:TILE,1.256042996265086e-07
2022-09-09,12,AR1 alpha + Basic + One-Step,NASDAQ:TILE,0.0
2022-09-12,12,AR1 alpha + Basic + One-Step,NASDAQ:TILE,0.0
2022-09-13,12,AR1 alpha + Basic + One-Step,NASDAQ:TILE,1.2771006175196367e-07
2022-09-14,12,AR1 alpha + Basic + One-Step,NASDAQ:TILE,0.0
2022-09-15,12,AR1 alpha + Basic + One-Step,NASDAQ:TILE,0.0
2022-09-16,12,AR1 alpha + Basic + One-Step,NASDAQ:TILE,4.4390056224916973e-08
2022-09-19,12,AR1 alpha + Basic + One-Step,NASDAQ:TILE,0.0
2022-09-20,12,AR1 alpha + Basic + One-Step,NASDAQ:TILE,8.708690739726785e-08
2022-09-21,12,AR1 alpha + Basic + One-Step,NASDAQ:TILE,0.0
2022-09-22,12,AR1 alpha + Basic + One-Step,NASDAQ:TILE,0.0
2022-09-23,12,AR1 alpha + Basic + One-Step,NASDAQ:TILE,0.0
2022-09-26,12,AR1 alpha + Basic + One-Step,NASDAQ:TILE,1.4912608118556062e-09
2022-09-27,12,AR1 alpha + Basic + One-Step,NASDAQ:TILE,0.0
2022-09-28,12,AR1 alpha + Basic + One-Step,NASDAQ:TILE,0.0
2022-09-29,12,AR1 alpha + Basic + One-Step,NASDAQ:TILE,0.0
2022-09-30,12,AR1 alpha + Basic + One-Step,NASDAQ:TILE,0.0
2022-10-03,12,AR1 alpha + Basic + One-Step,NASDAQ:TILE,0.0
2022-10-04,12,AR1 alpha + Basic + One-Step,NASDAQ:TILE,0.0
2022-10-05,12,AR1 alpha + Basic + One-Step,NASDAQ:TILE,1.852465182963939e-08
2022-10-06,12,AR1 alpha + Basic + One-Step,NASDAQ:TILE,0.0
2022-10-07,12,AR1 alpha + Basic + One-Step,NASDAQ:TILE,0.0
2022-10-10,12,AR1 alpha + Basic + One-Step,NASDAQ:TILE,0.0
2022-10-11,12,AR1 alpha + Basic + One-Step,NASDAQ:TILE,1.3258962000690355e-07
2022-10-12,12,AR1 alpha + Basic + One-Step,NASDAQ:TILE,5.232618367290331e-08
2022-10-13,12,AR1 alpha + Basic + One-Step,NASDAQ:TILE,1.1998876744760717e-08
2022-10-14,12,AR1 alpha + Basic + One-Step,NASDAQ:TILE,0.0
2022-10-17,12,AR1 alpha + Basic + One-Step,NASDAQ:TILE,0.0
2022-10-18,12,AR1 alpha + Basic + One-Step,NASDAQ:TILE,0.0
2022-10-19,12,AR1 alpha + Basic + One-Step,NASDAQ:TILE,1.130380641792922e-08
2022-10-20,12,AR1 alpha + Basic + One-Step,NASDAQ:TILE,3.135282479494396e-10
2022-10-21,12,AR1 alpha + Basic + One-Step,NASDAQ:TILE,3.8059868922408724e-08
2022-10-24,12,AR1 alpha + Basic + One-Step,NASDAQ:TILE,0.0
2022-10-25,12,AR1 alpha + Basic + One-Step,NASDAQ:TILE,0.0
2022-10-26,12,AR1 alpha + Basic + One-Step,NASDAQ:TILE,0.0
2022-10-27,12,AR1 alpha + Basic + One-Step,NASDAQ:TILE,0.0
2022-10-28,12,AR1 alpha + Basic + One-Step,NASDAQ:TILE,0.0
2022-10-31,12,AR1 alpha + Basic + One-Step,NASDAQ:TILE,0.0
2022-11-01,12,AR1 alpha + Basic + One-Step,NASDAQ:TILE,0.0
2022-11-02,12,AR1 alpha + Basic + One-Step,NASDAQ:TILE,3.598574999380387e-07
2022-11-03,12,AR1 alpha + Basic + One-Step,NASDAQ:TILE,8.125722546349391e-07
2022-11-04,12,AR1 alpha + Basic + One-Step,NASDAQ:TILE,4.956082475681281e-07
2022-11-07,12,AR1 alpha + Basic + One-Step,NASDAQ:TILE,4.006387999427836e-08
2022-11-08,12,AR1 alpha + Basic + One-Step,NASDAQ:TILE,0.0
2022-11-09,12,AR1 alpha + Basic + One-Step,NASDAQ:TILE,0.0
2022-11-10,12,AR1 alpha + Basic + One-Step,NASDAQ:TILE,0.0
2022-11-11,12,AR1 alpha + Basic + One-Step,NASDAQ:TILE,1.406389946777286e-07
2022-11-14,12,AR1 alpha + Basic + One-Step,NASDAQ:TILE,0.0
2022-11-15,12,AR1 alpha + Basic + One-Step,NASDAQ:TILE,0.0
2022-11-16,12,AR1 alpha + Basic + One-Step,NASDAQ:TILE,0.0
2022-11-17,12,AR1 alpha + Basic + One-Step,NASDAQ:TILE,0.0
2022-11-18,12,AR1 alpha + Basic + One-Step,NASDAQ:TILE,2.701835693890351e-07
2022-11-21,12,AR1 alpha + Basic + One-Step,NASDAQ:TILE,2.5777100582468727e-07
2022-11-22,12,AR1 alpha + Basic + One-Step,NASDAQ:TILE,0.0
2022-11-23,12,AR1 alpha + Basic + One-Step,NASDAQ:TILE,0.0
2022-11-25,12,AR1 alpha + Basic + One-Step,NASDAQ:TILE,0.0
2022-11-28,12,AR1 alpha + Basic + One-Step,NASDAQ:TILE,0.0
2022-11-29,12,AR1 alpha + Basic + One-Step,NASDAQ:TILE,0.0
2022-11-30,12,AR1 alpha + Basic + One-Step,NASDAQ:TILE,6.249523533551299e-08
2022-12-01,12,AR1 alpha + Basic + One-Step,NASDAQ:TILE,0.0
2022-12-02,12,AR1 alpha + Basic + One-Step,NASDAQ:TILE,0.0
2022-12-05,12,AR1 alpha + Basic + One-Step,NASDAQ:TILE,0.0
2022-12-06,12,AR1 alpha + Basic + One-Step,NASDAQ:TILE,0.0
2022-12-07,12,AR1 alpha + Basic + One-Step,NASDAQ:TILE,0.0
2022-12-08,12,AR1 alpha + Basic + One-Step,NASDAQ:TILE,0.0
2022-12-09,12,AR1 alpha + Basic + One-Step,NASDAQ:TILE,0.0
2022-12-12,12,AR1 alpha + Basic + One-Step,NASDAQ:TILE,1.391338063469368e-08
2022-12-13,12,AR1 alpha + Basic + One-Step,NASDAQ:TILE,2.0738666012143415e-07
2022-12-14,12,AR1 alpha + Basic + One-Step,NASDAQ:TILE,7.863995286810095e-08
2022-12-15,12,AR1 alpha + Basic + One-Step,NASDAQ:TILE,0.0
2022-12-16,12,AR1 alpha + Basic + One-Step,NASDAQ:TILE,0.0
2022-12-19,12,AR1 alpha + Basic + One-Step,NASDAQ:TILE,0.0
2022-12-20,12,AR1 alpha + Basic + One-Step,NASDAQ:TILE,0.0
2022-12-21,12,AR1 alpha + Basic + One-Step,NASDAQ:TILE,2.4637069777163245e-09
2022-12-22,12,AR1 alpha + Basic + One-Step,NASDAQ:TILE,0.0
2022-12-23,12,AR1 alpha + Basic + One-Step,NASDAQ:TILE,0.0
2022-12-27,12,AR1 alpha + Basic + One-Step,NASDAQ:TILE,1.9228026217518004e-07
2022-12-28,12,AR1 alpha + Basic + One-Step,NASDAQ:TILE,0.0
2022-12-29,12,AR1 alpha + Basic + One-Step,NASDAQ:TILE,0.0
2022-12-30,12,AR1 alpha + Basic + One-Step,NASDAQ:TILE,0.0
2023-01-03,12,AR1 alpha + Basic + One-Step,NASDAQ:TILE,9.581425546509995e-08
2023-01-04,12,AR1 alpha + Basic + One-Step,NASDAQ:TILE,0.0
2023-01-05,12,AR1 alpha + Basic + One-Step,NASDAQ:TILE,0.0
2023-01-06,12,AR1 alpha + Basic + One-Step,NASDAQ:TILE,0.0
2023-01-09,12,AR1 alpha + Basic + One-Step,NASDAQ:TILE,0.0
2023-01-10,12,AR1 alpha + Basic + One-Step,NASDAQ:TILE,0.0
2023-01-11,12,AR1 alpha + Basic + One-Step,NASDAQ:TILE,1.5089890015837666e-08
2023-01-12,12,AR1 alpha + Basic + One-Step,NASDAQ:TILE,0.0
2023-01-13,12,AR1 alpha + Basic + One-Step,NASDAQ:TILE,6.933391071131384e-09
2023-01-17,12,AR1 alpha + Basic + One-Step,NASDAQ:TILE,0.0
2023-01-18,12,AR1 alpha + Basic + One-Step,NASDAQ:TILE,0.0
2023-01-19,12,AR1 alpha + Basic + One-Step,NASDAQ:TILE,0.0
2023-01-20,12,AR1 alpha + Basic + One-Step,NASDAQ:TILE,0.0
2023-01-23,12,AR1 alpha + Basic + One-Step,NASDAQ:TILE,0.0
2023-01-24,12,AR1 alpha + Basic + One-Step,NASDAQ:TILE,0.0
2023-01-25,12,AR1 alpha + Basic + One-Step,NASDAQ:TILE,0.0
2023-01-26,12,AR1 alpha + Basic + One-Step,NASDAQ:TILE,0.0
2023-01-27,12,AR1 alpha + Basic + One-Step,NASDAQ:TILE,0.0
2023-01-30,12,AR1 alpha + Basic + One-Step,NASDAQ:TILE,0.0
2023-01-31,12,AR1 alpha + Basic + One-Step,NASDAQ:TILE,0.0
2023-02-01,12,AR1 alpha + Basic + One-Step,NASDAQ:TILE,0.0
2023-02-02,12,AR1 alpha + Basic + One-Step,NASDAQ:TILE,6.426065624443757e-07
2023-02-03,12,AR1 alpha + Basic + One-Step,NASDAQ:TILE,4.675874702957464e-08
2023-02-06,12,AR1 alpha + Basic + One-Step,NASDAQ:TILE,0.0
2023-02-07,12,AR1 alpha + Basic + One-Step,NASDAQ:TILE,0.0
2023-02-08,12,AR1 alpha + Basic + One-Step,NASDAQ:TILE,0.0
2023-02-09,12,AR1 alpha + Basic + One-Step,NASDAQ:TILE,0.0
2023-02-10,12,AR1 alpha + Basic + One-Step,NASDAQ:TILE,0.0
2023-02-13,12,AR1 alpha + Basic + One-Step,NASDAQ:TILE,0.0
2023-02-14,12,AR1 alpha + Basic + One-Step,NASDAQ:TILE,0.0
2023-02-15,12,AR1 alpha + Basic + One-Step,NASDAQ:TILE,0.0
2023-02-16,12,AR1 alpha + Basic + One-Step,NASDAQ:TILE,2.1818067767371973e-09
2023-02-17,12,AR1 alpha + Basic + One-Step,NASDAQ:TILE,0.0
2023-02-21,12,AR1 alpha + Basic + One-Step,NASDAQ:TILE,0.0
2023-02-22,12,AR1 alpha + Basic + One-Step,NASDAQ:TILE,0.0
2023-02-23,12,AR1 alpha + Basic + One-Step,NASDAQ:TILE,1.4126876058807208e-08
2023-02-24,12,AR1 alpha + Basic + One-Step,NASDAQ:TILE,0.0
2023-02-27,12,AR1 alpha + Basic + One-Step,NASDAQ:TILE,0.0
2023-02-28,12,AR1 alpha + Basic + One-Step,NASDAQ:TILE,0.0
2023-03-01,12,AR1 alpha + Basic + One-Step,NASDAQ:TILE,1.0855684271758568e-08
2023-03-02,12,AR1 alpha + Basic + One-Step,NASDAQ:TILE,0.0
2023-03-03,12,AR1 alpha + Basic + One-Step,NASDAQ:TILE,0.0
2023-03-06,12,AR1 alpha + Basic + One-Step,NASDAQ:TILE,0.0
2023-03-07,12,AR1 alpha + Basic + One-Step,NASDAQ:TILE,1.283073775157438e-08
2023-03-08,12,AR1 alpha + Basic + One-Step,NASDAQ:TILE,3.4221476673236228e-09
2023-03-09,12,AR1 alpha + Basic + One-Step,NASDAQ:TILE,0.0
2023-03-10,12,AR1 alpha + Basic + One-Step,NASDAQ:TILE,3.159285610464612e-09
2023-03-13,12,AR1 alpha + Basic + One-Step,NASDAQ:TILE,2.308797865191336e-07
2023-03-14,12,AR1 alpha + Basic + One-Step,NASDAQ:TILE,0.0
2023-03-15,12,AR1 alpha + Basic + One-Step,NASDAQ:TILE,2.8922155277686228e-08
2023-03-16,12,AR1 alpha + Basic + One-Step,NASDAQ:TILE,4.354586908884162e-08
2023-03-17,12,AR1 alpha + Basic + One-Step,NASDAQ:TILE,0.0
2023-03-20,12,AR1 alpha + Basic + One-Step,NASDAQ:TILE,0.0
2023-03-21,12,AR1 alpha + Basic + One-Step,NASDAQ:TILE,0.0
2023-03-22,12,AR1 alpha + Basic + One-Step,NASDAQ:TILE,0.0
2023-03-23,12,AR1 alpha + Basic + One-Step,NASDAQ:TILE,2.491194978933043e-08
2023-03-24,12,AR1 alpha + Basic + One-Step,NASDAQ:TILE,0.0
2023-03-27,12,AR1 alpha + Basic + One-Step,NASDAQ:TILE,0.0
2023-03-28,12,AR1 alpha + Basic + One-Step,NASDAQ:TILE,0.0
2023-03-29,12,AR1 alpha + Basic + One-Step,NASDAQ:TILE,0.0
2023-03-30,12,AR1 alpha + Basic + One-Step,NASDAQ:TILE,0.0
2023-03-31,12,AR1 alpha + Basic + One-Step,NASDAQ:TILE,1.949628933616106e-07
2023-04-03,12,AR1 alpha + Basic + One-Step,NASDAQ:TILE,0.0
2023-04-04,12,AR1 alpha + Basic + One-Step,NASDAQ:TILE,0.0
2023-04-05,12,AR1 alpha + Basic + One-Step,NASDAQ:TILE,1.1422548493442848e-07
2023-04-06,12,AR1 alpha + Basic + One-Step,NASDAQ:TILE,2.200285266308744e-07
2023-04-10,12,AR1 alpha + Basic + One-Step,NASDAQ:TILE,2.295136699271069e-07
2023-04-11,12,AR1 alpha + Basic + One-Step,NASDAQ:TILE,2.3855926458277447e-08
2023-04-12,12,AR1 alpha + Basic + One-Step,NASDAQ:TILE,2.4265883688409333e-07
2023-04-13,12,AR1 alpha + Basic + One-Step,NASDAQ:TILE,7.719958277862732e-08
2023-04-14,12,AR1 alpha + Basic + One-Step,NASDAQ:TILE,3.1473339092178238e-09
2023-04-17,12,AR1 alpha + Basic + One-Step,NASDAQ:TILE,0.0
2023-04-18,12,AR1 alpha + Basic + One-Step,NASDAQ:TILE,9.778533955640961e-08
2023-04-19,12,AR1 alpha + Basic + One-Step,NASDAQ:TILE,2.9852712449385565e-08
2023-04-20,12,AR1 alpha + Basic + One-Step,NASDAQ:TILE,7.427059314452801e-09
2023-04-21,12,AR1 alpha + Basic + One-Step,NASDAQ:TILE,7.137031090964665e-08
2023-04-24,12,AR1 alpha + Basic + One-Step,NASDAQ:TILE,5.210054177135403e-08
2023-04-25,12,AR1 alpha + Basic + One-Step,NASDAQ:TILE,0.0
2023-04-26,12,AR1 alpha + Basic + One-Step,NASDAQ:TILE,5.042166467885562e-10
2023-04-27,12,AR1 alpha + Basic + One-Step,NASDAQ:TILE,6.231183360552745e-08
2023-04-28,12,AR1 alpha + Basic + One-Step,NASDAQ:TILE,1.6011471331559607e-08
2023-05-01,12,AR1 alpha + Basic + One-Step,NASDAQ:TILE,1.2699145034025203e-08
2023-05-02,12,AR1 alpha + Basic + One-Step,NASDAQ:TILE,5.233247479068421e-08
2023-05-03,12,AR1 alpha + Basic + One-Step,NASDAQ:TILE,0.0
2023-05-04,12,AR1 alpha + Basic + One-Step,NASDAQ:TILE,0.0
2023-05-05,12,AR1 alpha + Basic + One-Step,NASDAQ:TILE,8.349656930208455e-08
2023-05-08,12,AR1 alpha + Basic + One-Step,NASDAQ:TILE,2.2719881706935093e-08
2023-05-09,12,AR1 alpha + Basic + One-Step,NASDAQ:TILE,0.0
2023-05-10,12,AR1 alpha + Basic + One-Step,NASDAQ:TILE,9.238853562733861e-08
2023-05-11,12,AR1 alpha + Basic + One-Step,NASDAQ:TILE,3.290387791529893e-07
2023-05-12,12,AR1 alpha + Basic + One-Step,NASDAQ:TILE,5.121434835952559e-07
2023-05-15,12,AR1 alpha + Basic + One-Step,NASDAQ:TILE,1.7093266019801166e-07
2023-05-16,12,AR1 alpha + Basic + One-Step,NASDAQ:TILE,0.0
2023-05-17,12,AR1 alpha + Basic + One-Step,NASDAQ:TILE,2.5132836456739483e-08
2023-05-18,12,AR1 alpha + Basic + One-Step,NASDAQ:TILE,0.0
2023-05-19,12,AR1 alpha + Basic + One-Step,NASDAQ:TILE,0.0
2023-05-22,12,AR1 alpha + Basic + One-Step,NASDAQ:TILE,0.0
2023-05-23,12,AR1 alpha + Basic + One-Step,NASDAQ:TILE,0.0
2023-05-24,12,AR1 alpha + Basic + One-Step,NASDAQ:TILE,0.0
2023-05-25,12,AR1 alpha + Basic + One-Step,NASDAQ:TILE,0.0
2023-05-26,12,AR1 alpha + Basic + One-Step,NASDAQ:TILE,0.0
2023-05-30,12,AR1 alpha + Basic + One-Step,NASDAQ:TILE,0.0
2023-05-31,12,AR1 alpha + Basic + One-Step,NASDAQ:TILE,0.0
2023-06-01,12,AR1 alpha + Basic + One-Step,NASDAQ:TILE,0.0
2023-06-02,12,AR1 alpha + Basic + One-Step,NASDAQ:TILE,0.0
2023-06-05,12,AR1 alpha + Basic + One-Step,NASDAQ:TILE,0.0
2023-06-06,12,AR1 alpha + Basic + One-Step,NASDAQ:TILE,1.6812889752792036e-07
2023-06-07,12,AR1 alpha + Basic + One-Step,NASDAQ:TILE,6.102757264458244e-08
2023-06-08,12,AR1 alpha + Basic + One-Step,NASDAQ:TILE,4.31961424948627e-08
2023-06-09,12,AR1 alpha + Basic + One-Step,NASDAQ:TILE,6.107861045248374e-07
2023-06-12,12,AR1 alpha + Basic + One-Step,NASDAQ:TILE,0.0
2023-06-13,12,AR1 alpha + Basic + One-Step,NASDAQ:TILE,1.0769976501821918e-07
2023-06-14,12,AR1 alpha + Basic + One-Step,NASDAQ:TILE,3.877118396775075e-08
2023-06-15,12,AR1 alpha + Basic + One-Step,NASDAQ:TILE,0.0
2023-06-16,12,AR1 alpha + Basic + One-Step,NASDAQ:TILE,1.531861200320301e-08
2023-06-20,12,AR1 alpha + Basic + One-Step,NASDAQ:TILE,0.0
2023-06-21,12,AR1 alpha + Basic + One-Step,NASDAQ:TILE,0.0
2023-06-22,12,AR1 alpha + Basic + One-Step,NASDAQ:TILE,0.0
2023-06-23,12,AR1 alpha + Basic + One-Step,NASDAQ:TILE,0.0
2023-06-26,12,AR1 alpha + Basic + One-Step,NASDAQ:TILE,1.3698697374941766e-07
2023-06-27,12,AR1 alpha + Basic + One-Step,NASDAQ:TILE,0.0
2023-06-28,12,AR1 alpha + Basic + One-Step,NASDAQ:TILE,0.0
2023-06-29,12,AR1 alpha + Basic + One-Step,NASDAQ:TILE,0.0
2023-06-30,12,AR1 alpha + Basic + One-Step,NASDAQ:TILE,0.0
2023-07-03,12,AR1 alpha + Basic + One-Step,NASDAQ:TILE,0.0
2023-07-05,12,AR1 alpha + Basic + One-Step,NASDAQ:TILE,3.751738469237913e-07
2023-07-06,12,AR1 alpha + Basic + One-Step,NASDAQ:TILE,0.0
2023-07-07,12,AR1 alpha + Basic + One-Step,NASDAQ:TILE,0.0
2023-07-10,12,AR1 alpha + Basic + One-Step,NASDAQ:TILE,1.3462319061491306e-06
2023-07-11,12,AR1 alpha + Basic + One-Step,NASDAQ:TILE,0.0
2023-07-12,12,AR1 alpha + Basic + One-Step,NASDAQ:TILE,0.0
2023-07-13,12,AR1 alpha + Basic + One-Step,NASDAQ:TILE,0.0
2023-07-14,12,AR1 alpha + Basic + One-Step,NASDAQ:TILE,1.3340529471667654e-07
2023-07-17,12,AR1 alpha + Basic + One-Step,NASDAQ:TILE,6.687893593365522e-07
2023-07-18,12,AR1 alpha + Basic + One-Step,NASDAQ:TILE,9.530514487064841e-07
2023-07-19,12,AR1 alpha + Basic + One-Step,NASDAQ:TILE,0.0
2023-07-20,12,AR1 alpha + Basic + One-Step,NASDAQ:TILE,0.0
2023-07-21,12,AR1 alpha + Basic + One-Step,NASDAQ:TILE,0.0
2023-07-24,12,AR1 alpha + Basic + One-Step,NASDAQ:TILE,0.0
2023-07-25,12,AR1 alpha + Basic + One-Step,NASDAQ:TILE,0.0
2023-07-26,12,AR1 alpha + Basic + One-Step,NASDAQ:TILE,0.0
2023-07-27,12,AR1 alpha + Basic + One-Step,NASDAQ:TILE,0.0
2023-07-28,12,AR1 alpha + Basic + One-Step,NASDAQ:TILE,0.0
2023-07-31,12,AR1 alpha + Basic + One-Step,NASDAQ:TILE,0.0
2023-08-01,12,AR1 alpha + Basic + One-Step,NASDAQ:TILE,0.0
2023-08-02,12,AR1 alpha + Basic + One-Step,NASDAQ:TILE,0.0
2023-08-03,12,AR1 alpha + Basic + One-Step,NASDAQ:TILE,0.0
2023-08-04,12,AR1 alpha + Basic + One-Step,NASDAQ:TILE,0.0
2023-08-07,12,AR1 alpha + Basic + One-Step,NASDAQ:TILE,1.2951809685570145e-09
2023-08-08,12,AR1 alpha + Basic + One-Step,NASDAQ:TILE,0.0
2023-08-09,12,AR1 alpha + Basic + One-Step,NASDAQ:TILE,0.0
2023-08-10,12,AR1 alpha + Basic + One-Step,NASDAQ:TILE,0.0
2023-08-11,12,AR1 alpha + Basic + One-Step,NASDAQ:TILE,2.7925201096682416e-07
2023-08-14,12,AR1 alpha + Basic + One-Step,NASDAQ:TILE,0.0
2023-08-15,12,AR1 alpha + Basic + One-Step,NASDAQ:TILE,0.0
2023-08-16,12,AR1 alpha + Basic + One-Step,NASDAQ:TILE,0.0
2023-08-17,12,AR1 alpha + Basic + One-Step,NASDAQ:TILE,0.0
2023-08-18,12,AR1 alpha + Basic + One-Step,NASDAQ:TILE,0.0
2023-08-21,12,AR1 alpha + Basic + One-Step,NASDAQ:TILE,1.5733549028396888e-09
2023-08-22,12,AR1 alpha + Basic + One-Step,NASDAQ:TILE,0.0
2023-08-23,12,AR1 alpha + Basic + One-Step,NASDAQ:TILE,5.570488257570599e-08
2023-08-24,12,AR1 alpha + Basic + One-Step,NASDAQ:TILE,0.0
2023-08-25,12,AR1 alpha + Basic + One-Step,NASDAQ:TILE,5.814089805231506e-08
2023-08-28,12,AR1 alpha + Basic + One-Step,NASDAQ:TILE,0.0
2023-08-29,12,AR1 alpha + Basic + One-Step,NASDAQ:TILE,0.0
2023-08-30,12,AR1 alpha + Basic + One-Step,NASDAQ:TILE,0.0
2023-08-31,12,AR1 alpha + Basic + One-Step,NASDAQ:TILE,0.0
2023-09-01,12,AR1 alpha + Basic + One-Step,NASDAQ:TILE,0.0
2023-09-05,12,AR1 alpha + Basic + One-Step,NASDAQ:TILE,0.0
2023-09-06,12,AR1 alpha + Basic + One-Step,NASDAQ:TILE,6.254673756568333e-09
2023-09-07,12,AR1 alpha + Basic + One-Step,NASDAQ:TILE,1.1647824139147982e-06
2023-09-08,12,AR1 alpha + Basic + One-Step,NASDAQ:TILE,6.382405292591035e-07
2023-09-11,12,AR1 alpha + Basic + One-Step,NASDAQ:TILE,1.9139939555102898e-07
2023-09-12,12,AR1 alpha + Basic + One-Step,NASDAQ:TILE,1.9375886224905264e-06
2023-09-13,12,AR1 alpha + Basic + One-Step,NASDAQ:TILE,0.0
2023-09-14,12,AR1 alpha + Basic + One-Step,NASDAQ:TILE,0.0
2023-09-15,12,AR1 alpha + Basic + One-Step,NASDAQ:TILE,0.0
2023-09-18,12,AR1 alpha + Basic + One-Step,NASDAQ:TILE,0.0
2023-09-19,12,AR1 alpha + Basic + One-Step,NASDAQ:TILE,7.571137754174361e-09
2023-09-20,12,AR1 alpha + Basic + One-Step,NASDAQ:TILE,0.0
2023-09-21,12,AR1 alpha + Basic + One-Step,NASDAQ:TILE,3.838100266375946e-07
2023-09-22,12,AR1 alpha + Basic + One-Step,NASDAQ:TILE,0.0
2023-09-25,12,AR1 alpha + Basic + One-Step,NASDAQ:TILE,0.0
2023-09-26,12,AR1 alpha + Basic + One-Step,NASDAQ:TILE,0.0
2023-09-27,12,AR1 alpha + Basic + One-Step,NASDAQ:TILE,0.0
2023-09-28,12,AR1 alpha + Basic + One-Step,NASDAQ:TILE,0.0
2023-09-29,12,AR1 alpha + Basic + One-Step,NASDAQ:TILE,3.0544781078981643e-10
2023-10-02,12,AR1 alpha + Basic + One-Step,NASDAQ:TILE,0.0
2023-10-03,12,AR1 alpha + Basic + One-Step,NASDAQ:TILE,0.0
2023-10-04,12,AR1 alpha + Basic + One-Step,NASDAQ:TILE,0.0
2023-10-05,12,AR1 alpha + Basic + One-Step,NASDAQ:TILE,0.0
2023-10-06,12,AR1 alpha + Basic + One-Step,NASDAQ:TILE,0.0
2023-10-09,12,AR1 alpha + Basic + One-Step,NASDAQ:TILE,0.0
2023-10-10,12,AR1 alpha + Basic + One-Step,NASDAQ:TILE,0.0
2023-10-11,12,AR1 alpha + Basic + One-Step,NASDAQ:TILE,1.2432827408463582e-08
2023-10-12,12,AR1 alpha + Basic + One-Step,NASDAQ:TILE,0.0
2023-10-13,12,AR1 alpha + Basic + One-Step,NASDAQ:TILE,4.182195496326609e-10
2023-10-16,12,AR1 alpha + Basic + One-Step,NASDAQ:TILE,0.0
2023-10-17,12,AR1 alpha + Basic + One-Step,NASDAQ:TILE,4.3263812889538643e-07
2023-10-18,12,AR1 alpha + Basic + One-Step,NASDAQ:TILE,0.0
2023-10-19,12,AR1 alpha + Basic + One-Step,NASDAQ:TILE,0.0
2023-10-20,12,AR1 alpha + Basic + One-Step,NASDAQ:TILE,0.0
2023-10-23,12,AR1 alpha + Basic + One-Step,NASDAQ:TILE,0.0
2023-10-24,12,AR1 alpha + Basic + One-Step,NASDAQ:TILE,0.0
2023-10-25,12,AR1 alpha + Basic + One-Step,NASDAQ:TILE,9.171047319290443e-09
2023-10-26,12,AR1 alpha + Basic + One-Step,NASDAQ:TILE,0.0
2023-10-27,12,AR1 alpha + Basic + One-Step,NASDAQ:TILE,0.0
2023-10-30,12,AR1 alpha + Basic + One-Step,NASDAQ:TILE,0.0
2023-10-31,12,AR1 alpha + Basic + One-Step,NASDAQ:TILE,0.0
2023-11-01,12,AR1 alpha + Basic + One-Step,NASDAQ:TILE,0.0
2023-11-02,12,AR1 alpha + Basic + One-Step,NASDAQ:TILE,0.0
2023-11-03,12,AR1 alpha + Basic + One-Step,NASDAQ:TILE,0.0
2023-11-06,12,AR1 alpha + Basic + One-Step,NASDAQ:TILE,0.0
2023-11-07,12,AR1 alpha + Basic + One-Step,NASDAQ:TILE,1.121942123228151e-08
2023-11-08,12,AR1 alpha + Basic + One-Step,NASDAQ:TILE,2.4601569032134758e-08
2023-11-09,12,AR1 alpha + Basic + One-Step,NASDAQ:TILE,0.0
2023-11-10,12,AR1 alpha + Basic + One-Step,NASDAQ:TILE,0.0
2023-11-13,12,AR1 alpha + Basic + One-Step,NASDAQ:TILE,0.0
2023-11-14,12,AR1 alpha + Basic + One-Step,NASDAQ:TILE,0.0
2023-11-15,12,AR1 alpha + Basic + One-Step,NASDAQ:TILE,0.0
2023-11-16,12,AR1 alpha + Basic + One-Step,NASDAQ:TILE,0.0
2023-11-17,12,AR1 alpha + Basic + One-Step,NASDAQ:TILE,2.1379132146171455e-08
2023-11-20,12,AR1 alpha + Basic + One-Step,NASDAQ:TILE,0.0
2023-11-21,12,AR1 alpha + Basic + One-Step,NASDAQ:TILE,0.0
2023-11-22,12,AR1 alpha + Basic + One-Step,NASDAQ:TILE,0.0
2023-11-24,12,AR1 alpha + Basic + One-Step,NASDAQ:TILE,0.0
2023-11-27,12,AR1 alpha + Basic + One-Step,NASDAQ:TILE,0.0
2023-11-28,12,AR1 alpha + Basic + One-Step,NASDAQ:TILE,8.578824644340233e-09
2023-11-29,12,AR1 alpha + Basic + One-Step,NASDAQ:TILE,2.651139091468471e-09
2023-11-30,12,AR1 alpha + Basic + One-Step,NASDAQ:TILE,0.0
2023-12-01,12,AR1 alpha + Basic + One-Step,NASDAQ:TILE,2.688350739498262e-07
2023-12-04,12,AR1 alpha + Basic + One-Step,NASDAQ:TILE,0.0
2023-12-05,12,AR1 alpha + Basic + One-Step,NASDAQ:TILE,0.0
2023-12-06,12,AR1 alpha + Basic + One-Step,NASDAQ:TILE,4.3253812414144674e-08
2023-12-07,12,AR1 alpha + Basic + One-Step,NASDAQ:TILE,0.0
2023-12-08,12,AR1 alpha + Basic + One-Step,NASDAQ:TILE,0.0
2023-12-11,12,AR1 alpha + Basic + One-Step,NASDAQ:TILE,0.0
2023-12-12,12,AR1 alpha + Basic + One-Step,NASDAQ:TILE,0.0
2023-12-13,12,AR1 alpha + Basic + One-Step,NASDAQ:TILE,0.0
2023-12-14,12,AR1 alpha + Basic + One-Step,NASDAQ:TILE,0.0
2023-12-15,12,AR1 alpha + Basic + One-Step,NASDAQ:TILE,0.010182211638523526
2023-12-18,12,AR1 alpha + Basic + One-Step,NASDAQ:TILE,0.0
2023-12-19,12,AR1 alpha + Basic + One-Step,NASDAQ:TILE,0.0021704070870315283
2023-12-20,12,AR1 alpha + Basic + One-Step,NASDAQ:TILE,0.0
2023-12-21,12,AR1 alpha + Basic + One-Step,NASDAQ:TILE,0.0
2023-12-22,12,AR1 alpha + Basic + One-Step,NASDAQ:TILE,5.032471643267629e-07
2023-12-26,12,AR1 alpha + Basic + One-Step,NASDAQ:TILE,0.0
2023-12-27,12,AR1 alpha + Basic + One-Step,NASDAQ:TILE,1.1670085336468522e-08
2023-12-28,12,AR1 alpha + Basic + One-Step,NASDAQ:TILE,0.0
2023-12-29,12,AR1 alpha + Basic + One-Step,NASDAQ:TILE,0.0
2024-01-02,12,AR1 alpha + Basic + One-Step,NASDAQ:TILE,0.0
2024-01-03,12,AR1 alpha + Basic + One-Step,NASDAQ:TILE,0.0
2024-01-04,12,AR1 alpha + Basic + One-Step,NASDAQ:TILE,0.0
2024-01-05,12,AR1 alpha + Basic + One-Step,NASDAQ:TILE,0.0
2024-01-08,12,AR1 alpha + Basic + One-Step,NASDAQ:TILE,0.0
2024-01-09,12,AR1 alpha + Basic + One-Step,NASDAQ:TILE,0.0
2024-01-10,12,AR1 alpha + Basic + One-Step,NASDAQ:TILE,0.0
2024-01-11,12,AR1 alpha + Basic + One-Step,NASDAQ:TILE,2.3165490294955695e-07
2024-01-12,12,AR1 alpha + Basic + One-Step,NASDAQ:TILE,3.999547822063469e-23
2024-01-16,12,AR1 alpha + Basic + One-Step,NASDAQ:TILE,0.0
2024-01-17,12,AR1 alpha + Basic + One-Step,NASDAQ:TILE,0.0
2024-01-18,12,AR1 alpha + Basic + One-Step,NASDAQ:TILE,4.813192728420402e-07
2024-01-19,12,AR1 alpha + Basic + One-Step,NASDAQ:TILE,0.0
2024-01-22,12,AR1 alpha + Basic + One-Step,NASDAQ:TILE,0.0
2024-01-23,12,AR1 alpha + Basic + One-Step,NASDAQ:TILE,0.0
2024-01-24,12,AR1 alpha + Basic + One-Step,NASDAQ:TILE,1.5255434109174563e-07
2024-01-25,12,AR1 alpha + Basic + One-Step,NASDAQ:TILE,3.2111394636308854e-08
2024-01-26,12,AR1 alpha + Basic + One-Step,NASDAQ:TILE,0.0
2024-01-29,12,AR1 alpha + Basic + One-Step,NASDAQ:TILE,0.0
2024-01-30,12,AR1 alpha + Basic + One-Step,NASDAQ:TILE,0.0
2024-01-31,12,AR1 alpha + Basic + One-Step,NASDAQ:TILE,0.0
2024-02-01,12,AR1 alpha + Basic + One-Step,NASDAQ:TILE,0.0
2024-02-02,12,AR1 alpha + Basic + One-Step,NASDAQ:TILE,0.0
2024-02-05,12,AR1 alpha + Basic + One-Step,NASDAQ:TILE,0.0
2024-02-06,12,AR1 alpha + Basic + One-Step,NASDAQ:TILE,0.0
2024-02-07,12,AR1 alpha + Basic + One-Step,NASDAQ:TILE,1.7360353983245657e-08
2024-02-08,12,AR1 alpha + Basic + One-Step,NASDAQ:TILE,5.952206954855395e-09
2024-02-09,12,AR1 alpha + Basic + One-Step,NASDAQ:TILE,0.0
2024-02-12,12,AR1 alpha + Basic + One-Step,NASDAQ:TILE,0.02979533020387296
2024-02-13,12,AR1 alpha + Basic + One-Step,NASDAQ:TILE,0.0
2024-02-14,12,AR1 alpha + Basic + One-Step,NASDAQ:TILE,0.0
2024-02-15,12,AR1 alpha + Basic + One-Step,NASDAQ:TILE,4.2054247850710225e-08
2024-02-16,12,AR1 alpha + Basic + One-Step,NASDAQ:TILE,0.0
2024-02-20,12,AR1 alpha + Basic + One-Step,NASDAQ:TILE,0.0
2024-02-21,12,AR1 alpha + Basic + One-Step,NASDAQ:TILE,1.3335503163916204e-08
2024-02-22,12,AR1 alpha + Basic + One-Step,NASDAQ:TILE,0.0
2024-02-23,12,AR1 alpha + Basic + One-Step,NASDAQ:TILE,0.0
2024-02-26,12,AR1 alpha + Basic + One-Step,NASDAQ:TILE,0.0
2024-02-27,12,AR1 alpha + Basic + One-Step,NASDAQ:TILE,0.09138041066385681
2024-02-28,12,AR1 alpha + Basic + One-Step,NASDAQ:TILE,0.09999451036428861
2024-02-29,12,AR1 alpha + Basic + One-Step,NASDAQ:TILE,0.0999943738177802
2024-03-01,12,AR1 alpha + Basic + One-Step,NASDAQ:TILE,0.09999475931268721
2024-03-04,12,AR1 alpha + Basic + One-Step,NASDAQ:TILE,0.09999455514103871
2024-03-05,12,AR1 alpha + Basic + One-Step,NASDAQ:TILE,0.09999096521866258
2024-03-06,12,AR1 alpha + Basic + One-Step,NASDAQ:TILE,0.09999268263076654
2024-03-07,12,AR1 alpha + Basic + One-Step,NASDAQ:TILE,0.09999681197042003
2024-03-08,12,AR1 alpha + Basic + One-Step,NASDAQ:TILE,0.09999777638228077
2024-03-11,12,AR1 alpha + Basic + One-Step,NASDAQ:TILE,0.09999432357195022
2024-03-12,12,AR1 alpha + Basic + One-Step,NASDAQ:TILE,0.09999184331805169
2024-03-13,12,AR1 alpha + Basic + One-Step,NASDAQ:TILE,0.09998968823385553
2024-03-14,12,AR1 alpha + Basic + One-Step,NASDAQ:TILE,0.09999567085787504
2024-03-15,12,AR1 alpha + Basic + One-Step,NASDAQ:TILE,0.09999803497528754
2024-03-18,12,AR1 alpha + Basic + One-Step,NASDAQ:TILE,0.09999869402395499
2024-03-19,12,AR1 alpha + Basic + One-Step,NASDAQ:TILE,0.09999530325702967
2024-03-20,12,AR1 alpha + Basic + One-Step,NASDAQ:TILE,0.09999503353428364
2024-03-21,12,AR1 alpha + Basic + One-Step,NASDAQ:TILE,0.09999754606034798
2024-03-22,12,AR1 alpha + Basic + One-Step,NASDAQ:TILE,0.09999884536616338
2024-03-25,12,AR1 alpha + Basic + One-Step,NASDAQ:TILE,0.09999505287480862
2024-03-26,12,AR1 alpha + Basic + One-Step,NASDAQ:TILE,0.0999955669106846
2024-03-27,12,AR1 alpha + Basic + One-Step,NASDAQ:TILE,0.09999685123929358
2024-03-28,12,AR1 alpha + Basic + One-Step,NASDAQ:TILE,0.09999788272492585
2024-04-01,12,AR1 alpha + Basic + One-Step,NASDAQ:TILE,0.10000049941586255
2024-04-02,12,AR1 alpha + Basic + One-Step,NASDAQ:TILE,0.09999319864258333
2024-04-03,12,AR1 alpha + Basic + One-Step,NASDAQ:TILE,0.09999544516487918
2024-04-04,12,AR1 alpha + Basic + One-Step,NASDAQ:TILE,0.09999596770295234
2024-04-05,12,AR1 alpha + Basic + One-Step,NASDAQ:TILE,0.09999201463558072
2024-04-08,12,AR1 alpha + Basic + One-Step,NASDAQ:TILE,0.09999244619078458
2024-04-09,12,AR1 alpha + Basic + One-Step,NASDAQ:TILE,0.09998872176905373
2024-04-10,12,AR1 alpha + Basic + One-Step,NASDAQ:TILE,0.10000479328466381
2024-04-11,12,AR1 alpha + Basic + One-Step,NASDAQ:TILE,0.09999692467481142
2024-04-12,12,AR1 alpha + Basic + One-Step,NASDAQ:TILE,0.09999169818804589
2024-04-15,12,AR1 alpha + Basic + One-Step,NASDAQ:TILE,0.09999427246125903
2024-04-16,12,AR1 alpha + Basic + One-Step,NASDAQ:TILE,0.099996578388728
2024-04-17,12,AR1 alpha + Basic + One-Step,NASDAQ:TILE,0.09999831457615234
2024-04-18,12,AR1 alpha + Basic + One-Step,NASDAQ:TILE,0.0999985787763649
2024-04-19,12,AR1 alpha + Basic + One-Step,NASDAQ:TILE,0.09999895243396287
2020-03-25,12,AR1 alpha + Basic + One-Step,NASDAQ:TCMD,0.02
2020-03-26,12,AR1 alpha + Basic + One-Step,NASDAQ:TCMD,0.019999999999999997
2020-03-27,12,AR1 alpha + Basic + One-Step,NASDAQ:TCMD,0.0
2020-03-30,12,AR1 alpha + Basic + One-Step,NASDAQ:TCMD,0.0
2020-03-31,12,AR1 alpha + Basic + One-Step,NASDAQ:TCMD,0.0
2020-04-01,12,AR1 alpha + Basic + One-Step,NASDAQ:TCMD,0.0
2020-04-02,12,AR1 alpha + Basic + One-Step,NASDAQ:TCMD,9.661943808695765e-09
2020-04-03,12,AR1 alpha + Basic + One-Step,NASDAQ:TCMD,4.395248584100802e-08
2020-04-06,12,AR1 alpha + Basic + One-Step,NASDAQ:TCMD,0.0
2020-04-07,12,AR1 alpha + Basic + One-Step,NASDAQ:TCMD,3.865918921394094e-08
2020-04-08,12,AR1 alpha + Basic + One-Step,NASDAQ:TCMD,0.0
2020-04-09,12,AR1 alpha + Basic + One-Step,NASDAQ:TCMD,0.0
2020-04-13,12,AR1 alpha + Basic + One-Step,NASDAQ:TCMD,0.0
2020-04-14,12,AR1 alpha + Basic + One-Step,NASDAQ:TCMD,0.02784860573652685
2020-04-15,12,AR1 alpha + Basic + One-Step,NASDAQ:TCMD,0.0
2020-04-16,12,AR1 alpha + Basic + One-Step,NASDAQ:TCMD,0.0
2020-04-17,12,AR1 alpha + Basic + One-Step,NASDAQ:TCMD,0.026181258205638575
2020-04-20,12,AR1 alpha + Basic + One-Step,NASDAQ:TCMD,0.0
2020-04-21,12,AR1 alpha + Basic + One-Step,NASDAQ:TCMD,0.0
2020-04-22,12,AR1 alpha + Basic + One-Step,NASDAQ:TCMD,0.09181534044528197
2020-04-23,12,AR1 alpha + Basic + One-Step,NASDAQ:TCMD,0.09999955165364408
2020-04-24,12,AR1 alpha + Basic + One-Step,NASDAQ:TCMD,0.09999973199378484
2020-04-27,12,AR1 alpha + Basic + One-Step,NASDAQ:TCMD,0.09999963008484826
2020-04-28,12,AR1 alpha + Basic + One-Step,NASDAQ:TCMD,0.0999980744674379
2020-04-29,12,AR1 alpha + Basic + One-Step,NASDAQ:TCMD,0.09999974294448051
2020-04-30,12,AR1 alpha + Basic + One-Step,NASDAQ:TCMD,0.0
2020-05-01,12,AR1 alpha + Basic + One-Step,NASDAQ:TCMD,1.2804931255169364e-08
2020-05-04,12,AR1 alpha + Basic + One-Step,NASDAQ:TCMD,0.0
2020-05-05,12,AR1 alpha + Basic + One-Step,NASDAQ:TCMD,3.607195218849413e-07
2020-05-06,12,AR1 alpha + Basic + One-Step,NASDAQ:TCMD,0.0
2020-05-07,12,AR1 alpha + Basic + One-Step,NASDAQ:TCMD,0.0
2020-05-08,12,AR1 alpha + Basic + One-Step,NASDAQ:TCMD,7.952135922873551e-08
2020-05-11,12,AR1 alpha + Basic + One-Step,NASDAQ:TCMD,0.019647762949444203
2020-05-12,12,AR1 alpha + Basic + One-Step,NASDAQ:TCMD,0.0
2020-05-13,12,AR1 alpha + Basic + One-Step,NASDAQ:TCMD,0.0
2020-05-14,12,AR1 alpha + Basic + One-Step,NASDAQ:TCMD,1.0888647434234065e-08
2020-05-15,12,AR1 alpha + Basic + One-Step,NASDAQ:TCMD,2.5826507893511407e-08
2020-05-18,12,AR1 alpha + Basic + One-Step,NASDAQ:TCMD,5.748607406059665e-08
2020-05-19,12,AR1 alpha + Basic + One-Step,NASDAQ:TCMD,0.0
2020-05-20,12,AR1 alpha + Basic + One-Step,NASDAQ:TCMD,1.3236049848002568e-07
2020-05-21,12,AR1 alpha + Basic + One-Step,NASDAQ:TCMD,0.0
2020-05-22,12,AR1 alpha + Basic + One-Step,NASDAQ:TCMD,8.088848628623557e-08
2020-05-26,12,AR1 alpha + Basic + One-Step,NASDAQ:TCMD,6.394282857471742e-08
2020-05-27,12,AR1 alpha + Basic + One-Step,NASDAQ:TCMD,7.072558445854906e-07
2020-05-28,12,AR1 alpha + Basic + One-Step,NASDAQ:TCMD,0.0
2020-05-29,12,AR1 alpha + Basic + One-Step,NASDAQ:TCMD,0.0
2020-06-01,12,AR1 alpha + Basic + One-Step,NASDAQ:TCMD,0.0
2020-06-02,12,AR1 alpha + Basic + One-Step,NASDAQ:TCMD,3.016243536616486e-07
2020-06-03,12,AR1 alpha + Basic + One-Step,NASDAQ:TCMD,0.0
2020-06-04,12,AR1 alpha + Basic + One-Step,NASDAQ:TCMD,0.0
2020-06-05,12,AR1 alpha + Basic + One-Step,NASDAQ:TCMD,1.5343634793792212e-08
2020-06-08,12,AR1 alpha + Basic + One-Step,NASDAQ:TCMD,2.0754478248647767e-09
2020-06-09,12,AR1 alpha + Basic + One-Step,NASDAQ:TCMD,0.0
2020-06-10,12,AR1 alpha + Basic + One-Step,NASDAQ:TCMD,0.0
2020-06-11,12,AR1 alpha + Basic + One-Step,NASDAQ:TCMD,0.0
2020-06-12,12,AR1 alpha + Basic + One-Step,NASDAQ:TCMD,0.0
2020-06-15,12,AR1 alpha + Basic + One-Step,NASDAQ:TCMD,8.070173167657775e-09
2020-06-16,12,AR1 alpha + Basic + One-Step,NASDAQ:TCMD,0.0
2020-06-17,12,AR1 alpha + Basic + One-Step,NASDAQ:TCMD,0.0
2020-06-18,12,AR1 alpha + Basic + One-Step,NASDAQ:TCMD,9.314629260472082e-08
2020-06-19,12,AR1 alpha + Basic + One-Step,NASDAQ:TCMD,0.0
2020-06-22,12,AR1 alpha + Basic + One-Step,NASDAQ:TCMD,0.0
2020-06-23,12,AR1 alpha + Basic + One-Step,NASDAQ:TCMD,0.0
2020-06-24,12,AR1 alpha + Basic + One-Step,NASDAQ:TCMD,0.0
2020-06-25,12,AR1 alpha + Basic + One-Step,NASDAQ:TCMD,0.0
2020-06-26,12,AR1 alpha + Basic + One-Step,NASDAQ:TCMD,0.0
2020-06-29,12,AR1 alpha + Basic + One-Step,NASDAQ:TCMD,0.0
2020-06-30,12,AR1 alpha + Basic + One-Step,NASDAQ:TCMD,1.8309164831152724e-09
2020-07-01,12,AR1 alpha + Basic + One-Step,NASDAQ:TCMD,0.0
2020-07-02,12,AR1 alpha + Basic + One-Step,NASDAQ:TCMD,0.0
2020-07-06,12,AR1 alpha + Basic + One-Step,NASDAQ:TCMD,0.0
2020-07-07,12,AR1 alpha + Basic + One-Step,NASDAQ:TCMD,0.0
2020-07-08,12,AR1 alpha + Basic + One-Step,NASDAQ:TCMD,0.0
2020-07-09,12,AR1 alpha + Basic + One-Step,NASDAQ:TCMD,1.1331394856888494e-07
2020-07-10,12,AR1 alpha + Basic + One-Step,NASDAQ:TCMD,0.0
2020-07-13,12,AR1 alpha + Basic + One-Step,NASDAQ:TCMD,4.745409032096408e-08
2020-07-14,12,AR1 alpha + Basic + One-Step,NASDAQ:TCMD,0.0
2020-07-15,12,AR1 alpha + Basic + One-Step,NASDAQ:TCMD,5.933049981284666e-08
2020-07-16,12,AR1 alpha + Basic + One-Step,NASDAQ:TCMD,0.0
2020-07-17,12,AR1 alpha + Basic + One-Step,NASDAQ:TCMD,0.0
2020-07-20,12,AR1 alpha + Basic + One-Step,NASDAQ:TCMD,1.334353174440888e-07
2020-07-21,12,AR1 alpha + Basic + One-Step,NASDAQ:TCMD,0.0
2020-07-22,12,AR1 alpha + Basic + One-Step,NASDAQ:TCMD,0.0
2020-07-23,12,AR1 alpha + Basic + One-Step,NASDAQ:TCMD,0.0
2020-07-24,12,AR1 alpha + Basic + One-Step,NASDAQ:TCMD,1.2242237839061126e-07
2020-07-27,12,AR1 alpha + Basic + One-Step,NASDAQ:TCMD,1.8425821228226254e-07
2020-07-28,12,AR1 alpha + Basic + One-Step,NASDAQ:TCMD,0.0
2020-07-29,12,AR1 alpha + Basic + One-Step,NASDAQ:TCMD,0.0
2020-07-30,12,AR1 alpha + Basic + One-Step,NASDAQ:TCMD,0.0
2020-07-31,12,AR1 alpha + Basic + One-Step,NASDAQ:TCMD,0.0
2020-08-03,12,AR1 alpha + Basic + One-Step,NASDAQ:TCMD,1.1592594304840993e-07
2020-08-04,12,AR1 alpha + Basic + One-Step,NASDAQ:TCMD,0.0
2020-08-05,12,AR1 alpha + Basic + One-Step,NASDAQ:TCMD,0.0
2020-08-06,12,AR1 alpha + Basic + One-Step,NASDAQ:TCMD,0.0
2020-08-07,12,AR1 alpha + Basic + One-Step,NASDAQ:TCMD,0.0
2020-08-10,12,AR1 alpha + Basic + One-Step,NASDAQ:TCMD,0.0
2020-08-11,12,AR1 alpha + Basic + One-Step,NASDAQ:TCMD,0.0
2020-08-12,12,AR1 alpha + Basic + One-Step,NASDAQ:TCMD,0.0
2020-08-13,12,AR1 alpha + Basic + One-Step,NASDAQ:TCMD,0.0
2020-08-14,12,AR1 alpha + Basic + One-Step,NASDAQ:TCMD,0.0
2020-08-17,12,AR1 alpha + Basic + One-Step,NASDAQ:TCMD,0.0
2020-08-18,12,AR1 alpha + Basic + One-Step,NASDAQ:TCMD,0.0
2020-08-19,12,AR1 alpha + Basic + One-Step,NASDAQ:TCMD,0.0
2020-08-20,12,AR1 alpha + Basic + One-Step,NASDAQ:TCMD,1.111320732317713e-07
2020-08-21,12,AR1 alpha + Basic + One-Step,NASDAQ:TCMD,0.0
2020-08-24,12,AR1 alpha + Basic + One-Step,NASDAQ:TCMD,0.0
2020-08-25,12,AR1 alpha + Basic + One-Step,NASDAQ:TCMD,0.0
2020-08-26,12,AR1 alpha + Basic + One-Step,NASDAQ:TCMD,0.0
2020-08-27,12,AR1 alpha + Basic + One-Step,NASDAQ:TCMD,0.0
2020-08-28,12,AR1 alpha + Basic + One-Step,NASDAQ:TCMD,0.0
2020-08-31,12,AR1 alpha + Basic + One-Step,NASDAQ:TCMD,0.0
2020-09-01,12,AR1 alpha + Basic + One-Step,NASDAQ:TCMD,0.0
2020-09-02,12,AR1 alpha + Basic + One-Step,NASDAQ:TCMD,0.0
2020-09-03,12,AR1 alpha + Basic + One-Step,NASDAQ:TCMD,0.0
2020-09-04,12,AR1 alpha + Basic + One-Step,NASDAQ:TCMD,0.0
2020-09-08,12,AR1 alpha + Basic + One-Step,NASDAQ:TCMD,0.0
2020-09-09,12,AR1 alpha + Basic + One-Step,NASDAQ:TCMD,1.635711419650766e-08
2020-09-10,12,AR1 alpha + Basic + One-Step,NASDAQ:TCMD,0.0
2020-09-11,12,AR1 alpha + Basic + One-Step,NASDAQ:TCMD,0.0
2020-09-14,12,AR1 alpha + Basic + One-Step,NASDAQ:TCMD,0.0
2020-09-15,12,AR1 alpha + Basic + One-Step,NASDAQ:TCMD,0.0
2020-09-16,12,AR1 alpha + Basic + One-Step,NASDAQ:TCMD,0.0
2020-09-17,12,AR1 alpha + Basic + One-Step,NASDAQ:TCMD,0.0
2020-09-18,12,AR1 alpha + Basic + One-Step,NASDAQ:TCMD,0.0
2020-09-21,12,AR1 alpha + Basic + One-Step,NASDAQ:TCMD,0.0
2020-09-22,12,AR1 alpha + Basic + One-Step,NASDAQ:TCMD,0.0
2020-09-23,12,AR1 alpha + Basic + One-Step,NASDAQ:TCMD,1.5216639346200465e-09
2020-09-24,12,AR1 alpha + Basic + One-Step,NASDAQ:TCMD,1.592756694836342e-07
2020-09-25,12,AR1 alpha + Basic + One-Step,NASDAQ:TCMD,0.0
2020-09-28,12,AR1 alpha + Basic + One-Step,NASDAQ:TCMD,0.0
2020-09-29,12,AR1 alpha + Basic + One-Step,NASDAQ:TCMD,0.0
2020-09-30,12,AR1 alpha + Basic + One-Step,NASDAQ:TCMD,2.1330751178436084e-09
2020-10-01,12,AR1 alpha + Basic + One-Step,NASDAQ:TCMD,0.0
2020-10-02,12,AR1 alpha + Basic + One-Step,NASDAQ:TCMD,0.0
2020-10-05,12,AR1 alpha + Basic + One-Step,NASDAQ:TCMD,6.123091026889266e-09
2020-10-06,12,AR1 alpha + Basic + One-Step,NASDAQ:TCMD,0.0
2020-10-07,12,AR1 alpha + Basic + One-Step,NASDAQ:TCMD,2.3752080558149247e-07
2020-10-08,12,AR1 alpha + Basic + One-Step,NASDAQ:TCMD,0.0
2020-10-09,12,AR1 alpha + Basic + One-Step,NASDAQ:TCMD,0.0
2020-10-12,12,AR1 alpha + Basic + One-Step,NASDAQ:TCMD,0.0
2020-10-13,12,AR1 alpha + Basic + One-Step,NASDAQ:TCMD,0.0
2020-10-14,12,AR1 alpha + Basic + One-Step,NASDAQ:TCMD,0.0
2020-10-15,12,AR1 alpha + Basic + One-Step,NASDAQ:TCMD,0.0
2020-10-16,12,AR1 alpha + Basic + One-Step,NASDAQ:TCMD,7.62896815862438e-08
2020-10-19,12,AR1 alpha + Basic + One-Step,NASDAQ:TCMD,0.0
2020-10-20,12,AR1 alpha + Basic + One-Step,NASDAQ:TCMD,0.0
2020-10-21,12,AR1 alpha + Basic + One-Step,NASDAQ:TCMD,0.0
2020-10-22,12,AR1 alpha + Basic + One-Step,NASDAQ:TCMD,0.0
2020-10-23,12,AR1 alpha + Basic + One-Step,NASDAQ:TCMD,0.0
2020-10-26,12,AR1 alpha + Basic + One-Step,NASDAQ:TCMD,0.0
2020-10-27,12,AR1 alpha + Basic + One-Step,NASDAQ:TCMD,4.172781760627809e-09
2020-10-28,12,AR1 alpha + Basic + One-Step,NASDAQ:TCMD,1.4091939498205692e-08
2020-10-29,12,AR1 alpha + Basic + One-Step,NASDAQ:TCMD,3.4657160851036715e-09
2020-10-30,12,AR1 alpha + Basic + One-Step,NASDAQ:TCMD,0.0
2020-11-02,12,AR1 alpha + Basic + One-Step,NASDAQ:TCMD,0.0
2020-11-03,12,AR1 alpha + Basic + One-Step,NASDAQ:TCMD,0.0
2020-11-04,12,AR1 alpha + Basic + One-Step,NASDAQ:TCMD,0.0
2020-11-05,12,AR1 alpha + Basic + One-Step,NASDAQ:TCMD,0.0
2020-11-06,12,AR1 alpha + Basic + One-Step,NASDAQ:TCMD,0.0
2020-11-09,12,AR1 alpha + Basic + One-Step,NASDAQ:TCMD,0.0
2020-11-10,12,AR1 alpha + Basic + One-Step,NASDAQ:TCMD,0.0
2020-11-11,12,AR1 alpha + Basic + One-Step,NASDAQ:TCMD,0.0
2020-11-12,12,AR1 alpha + Basic + One-Step,NASDAQ:TCMD,0.0
2020-11-13,12,AR1 alpha + Basic + One-Step,NASDAQ:TCMD,0.0
2020-11-16,12,AR1 alpha + Basic + One-Step,NASDAQ:TCMD,0.0
2020-11-17,12,AR1 alpha + Basic + One-Step,NASDAQ:TCMD,0.0
2020-11-18,12,AR1 alpha + Basic + One-Step,NASDAQ:TCMD,0.0
2020-11-19,12,AR1 alpha + Basic + One-Step,NASDAQ:TCMD,2.7716703429247926e-08
2020-11-20,12,AR1 alpha + Basic + One-Step,NASDAQ:TCMD,0.0
2020-11-23,12,AR1 alpha + Basic + One-Step,NASDAQ:TCMD,0.0
2020-11-24,12,AR1 alpha + Basic + One-Step,NASDAQ:TCMD,0.0
2020-11-25,12,AR1 alpha + Basic + One-Step,NASDAQ:TCMD,0.0
2020-11-27,12,AR1 alpha + Basic + One-Step,NASDAQ:TCMD,0.0
2020-11-30,12,AR1 alpha + Basic + One-Step,NASDAQ:TCMD,2.4503697683618036e-10
2020-12-01,12,AR1 alpha + Basic + One-Step,NASDAQ:TCMD,0.0
2020-12-02,12,AR1 alpha + Basic + One-Step,NASDAQ:TCMD,0.0
2020-12-03,12,AR1 alpha + Basic + One-Step,NASDAQ:TCMD,0.0
2020-12-04,12,AR1 alpha + Basic + One-Step,NASDAQ:TCMD,0.0
2020-12-07,12,AR1 alpha + Basic + One-Step,NASDAQ:TCMD,0.0
2020-12-08,12,AR1 alpha + Basic + One-Step,NASDAQ:TCMD,1.6433807855807442e-07
2020-12-09,12,AR1 alpha + Basic + One-Step,NASDAQ:TCMD,0.0
2020-12-10,12,AR1 alpha + Basic + One-Step,NASDAQ:TCMD,0.0
2020-12-11,12,AR1 alpha + Basic + One-Step,NASDAQ:TCMD,2.4797660241578215e-07
2020-12-14,12,AR1 alpha + Basic + One-Step,NASDAQ:TCMD,3.5985276710788814e-07
2020-12-15,12,AR1 alpha + Basic + One-Step,NASDAQ:TCMD,0.0
2020-12-16,12,AR1 alpha + Basic + One-Step,NASDAQ:TCMD,7.500114453824516e-09
2020-12-17,12,AR1 alpha + Basic + One-Step,NASDAQ:TCMD,0.0
2020-12-18,12,AR1 alpha + Basic + One-Step,NASDAQ:TCMD,0.0
2020-12-21,12,AR1 alpha + Basic + One-Step,NASDAQ:TCMD,3.6699888101347016e-07
2020-12-22,12,AR1 alpha + Basic + One-Step,NASDAQ:TCMD,3.7611858361585294e-07
2020-12-23,12,AR1 alpha + Basic + One-Step,NASDAQ:TCMD,1.764468974326361e-07
2020-12-24,12,AR1 alpha + Basic + One-Step,NASDAQ:TCMD,0.0
2020-12-28,12,AR1 alpha + Basic + One-Step,NASDAQ:TCMD,0.0
2020-12-29,12,AR1 alpha + Basic + One-Step,NASDAQ:TCMD,0.0
2020-12-30,12,AR1 alpha + Basic + One-Step,NASDAQ:TCMD,0.0
2020-12-31,12,AR1 alpha + Basic + One-Step,NASDAQ:TCMD,0.0
2021-01-04,12,AR1 alpha + Basic + One-Step,NASDAQ:TCMD,0.0
2021-01-05,12,AR1 alpha + Basic + One-Step,NASDAQ:TCMD,0.0
2021-01-06,12,AR1 alpha + Basic + One-Step,NASDAQ:TCMD,0.0
2021-01-07,12,AR1 alpha + Basic + One-Step,NASDAQ:TCMD,0.0
2021-01-08,12,AR1 alpha + Basic + One-Step,NASDAQ:TCMD,0.0
2021-01-11,12,AR1 alpha + Basic + One-Step,NASDAQ:TCMD,0.0
2021-01-12,12,AR1 alpha + Basic + One-Step,NASDAQ:TCMD,0.0
2021-01-13,12,AR1 alpha + Basic + One-Step,NASDAQ:TCMD,0.0
2021-01-14,12,AR1 alpha + Basic + One-Step,NASDAQ:TCMD,0.0
2021-01-15,12,AR1 alpha + Basic + One-Step,NASDAQ:TCMD,0.0
2021-01-19,12,AR1 alpha + Basic + One-Step,NASDAQ:TCMD,0.0
2021-01-20,12,AR1 alpha + Basic + One-Step,NASDAQ:TCMD,0.0
2021-01-21,12,AR1 alpha + Basic + One-Step,NASDAQ:TCMD,0.0
2021-01-22,12,AR1 alpha + Basic + One-Step,NASDAQ:TCMD,0.0
2021-01-25,12,AR1 alpha + Basic + One-Step,NASDAQ:TCMD,0.0
2021-01-26,12,AR1 alpha + Basic + One-Step,NASDAQ:TCMD,0.0
2021-01-27,12,AR1 alpha + Basic + One-Step,NASDAQ:TCMD,0.0
2021-01-28,12,AR1 alpha + Basic + One-Step,NASDAQ:TCMD,0.0
2021-01-29,12,AR1 alpha + Basic + One-Step,NASDAQ:TCMD,0.0
2021-02-01,12,AR1 alpha + Basic + One-Step,NASDAQ:TCMD,2.7075360787229514e-07
2021-02-02,12,AR1 alpha + Basic + One-Step,NASDAQ:TCMD,0.0
2021-02-03,12,AR1 alpha + Basic + One-Step,NASDAQ:TCMD,0.0
2021-02-04,12,AR1 alpha + Basic + One-Step,NASDAQ:TCMD,0.0
2021-02-05,12,AR1 alpha + Basic + One-Step,NASDAQ:TCMD,0.0
2021-02-08,12,AR1 alpha + Basic + One-Step,NASDAQ:TCMD,0.0
2021-02-09,12,AR1 alpha + Basic + One-Step,NASDAQ:TCMD,0.0
2021-02-10,12,AR1 alpha + Basic + One-Step,NASDAQ:TCMD,0.0
2021-02-11,12,AR1 alpha + Basic + One-Step,NASDAQ:TCMD,0.0
2021-02-12,12,AR1 alpha + Basic + One-Step,NASDAQ:TCMD,0.0
2021-02-16,12,AR1 alpha + Basic + One-Step,NASDAQ:TCMD,0.0
2021-02-17,12,AR1 alpha + Basic + One-Step,NASDAQ:TCMD,0.0
2021-02-18,12,AR1 alpha + Basic + One-Step,NASDAQ:TCMD,0.0
2021-02-19,12,AR1 alpha + Basic + One-Step,NASDAQ:TCMD,0.0
2021-02-22,12,AR1 alpha + Basic + One-Step,NASDAQ:TCMD,0.0
2021-02-23,12,AR1 alpha + Basic + One-Step,NASDAQ:TCMD,6.298374877149369e-08
2021-02-24,12,AR1 alpha + Basic + One-Step,NASDAQ:TCMD,0.0
2021-02-25,12,AR1 alpha + Basic + One-Step,NASDAQ:TCMD,0.0
2021-02-26,12,AR1 alpha + Basic + One-Step,NASDAQ:TCMD,5.448036666332308e-07
2021-03-01,12,AR1 alpha + Basic + One-Step,NASDAQ:TCMD,0.0
2021-03-02,12,AR1 alpha + Basic + One-Step,NASDAQ:TCMD,0.0
2021-03-03,12,AR1 alpha + Basic + One-Step,NASDAQ:TCMD,0.0
2021-03-04,12,AR1 alpha + Basic + One-Step,NASDAQ:TCMD,0.0
2021-03-05,12,AR1 alpha + Basic + One-Step,NASDAQ:TCMD,0.0
2021-03-08,12,AR1 alpha + Basic + One-Step,NASDAQ:TCMD,0.0
2021-03-09,12,AR1 alpha + Basic + One-Step,NASDAQ:TCMD,0.0
2021-03-10,12,AR1 alpha + Basic + One-Step,NASDAQ:TCMD,0.0
2021-03-11,12,AR1 alpha + Basic + One-Step,NASDAQ:TCMD,0.0
2021-03-12,12,AR1 alpha + Basic + One-Step,NASDAQ:TCMD,0.0
2021-03-15,12,AR1 alpha + Basic + One-Step,NASDAQ:TCMD,0.0
2021-03-16,12,AR1 alpha + Basic + One-Step,NASDAQ:TCMD,0.0
2021-03-17,12,AR1 alpha + Basic + One-Step,NASDAQ:TCMD,0.0
2021-03-18,12,AR1 alpha + Basic + One-Step,NASDAQ:TCMD,0.0
2021-03-19,12,AR1 alpha + Basic + One-Step,NASDAQ:TCMD,0.0
2021-03-22,12,AR1 alpha + Basic + One-Step,NASDAQ:TCMD,0.0
2021-03-23,12,AR1 alpha + Basic + One-Step,NASDAQ:TCMD,0.0
2021-03-24,12,AR1 alpha + Basic + One-Step,NASDAQ:TCMD,0.0
2021-03-25,12,AR1 alpha + Basic + One-Step,NASDAQ:TCMD,0.0
2021-03-26,12,AR1 alpha + Basic + One-Step,NASDAQ:TCMD,0.0
2021-03-29,12,AR1 alpha + Basic + One-Step,NASDAQ:TCMD,0.0
2021-03-30,12,AR1 alpha + Basic + One-Step,NASDAQ:TCMD,5.347024756438016e-07
2021-03-31,12,AR1 alpha + Basic + One-Step,NASDAQ:TCMD,0.0
2021-04-01,12,AR1 alpha + Basic + One-Step,NASDAQ:TCMD,0.0
2021-04-05,12,AR1 alpha + Basic + One-Step,NASDAQ:TCMD,1.059517404832201e-06
2021-04-06,12,AR1 alpha + Basic + One-Step,NASDAQ:TCMD,6.639224151111166e-08
2021-04-07,12,AR1 alpha + Basic + One-Step,NASDAQ:TCMD,0.0
2021-04-08,12,AR1 alpha + Basic + One-Step,NASDAQ:TCMD,2.7409480836862976e-07
2021-04-09,12,AR1 alpha + Basic + One-Step,NASDAQ:TCMD,0.0
2021-04-12,12,AR1 alpha + Basic + One-Step,NASDAQ:TCMD,3.853178859167722e-09
2021-04-13,12,AR1 alpha + Basic + One-Step,NASDAQ:TCMD,0.0
2021-04-14,12,AR1 alpha + Basic + One-Step,NASDAQ:TCMD,1.0467785464896559e-07
2021-04-15,12,AR1 alpha + Basic + One-Step,NASDAQ:TCMD,0.0
2021-04-16,12,AR1 alpha + Basic + One-Step,NASDAQ:TCMD,0.0
2021-04-19,12,AR1 alpha + Basic + One-Step,NASDAQ:TCMD,1.8204679157828003e-08
2021-04-20,12,AR1 alpha + Basic + One-Step,NASDAQ:TCMD,0.0
2021-04-21,12,AR1 alpha + Basic + One-Step,NASDAQ:TCMD,0.0
2021-04-22,12,AR1 alpha + Basic + One-Step,NASDAQ:TCMD,7.952066362471999e-08
2021-04-23,12,AR1 alpha + Basic + One-Step,NASDAQ:TCMD,0.0
2021-04-26,12,AR1 alpha + Basic + One-Step,NASDAQ:TCMD,0.0
2021-04-27,12,AR1 alpha + Basic + One-Step,NASDAQ:TCMD,4.7167181276674666e-07
2021-04-28,12,AR1 alpha + Basic + One-Step,NASDAQ:TCMD,0.0
2021-04-29,12,AR1 alpha + Basic + One-Step,NASDAQ:TCMD,0.0
2021-04-30,12,AR1 alpha + Basic + One-Step,NASDAQ:TCMD,0.0
2021-05-03,12,AR1 alpha + Basic + One-Step,NASDAQ:TCMD,0.0
2021-05-04,12,AR1 alpha + Basic + One-Step,NASDAQ:TCMD,6.787556387471745e-08
2021-05-05,12,AR1 alpha + Basic + One-Step,NASDAQ:TCMD,0.0
2021-05-06,12,AR1 alpha + Basic + One-Step,NASDAQ:TCMD,0.0
2021-05-07,12,AR1 alpha + Basic + One-Step,NASDAQ:TCMD,0.0
2021-05-10,12,AR1 alpha + Basic + One-Step,NASDAQ:TCMD,0.0
2021-05-11,12,AR1 alpha + Basic + One-Step,NASDAQ:TCMD,0.0
2021-05-12,12,AR1 alpha + Basic + One-Step,NASDAQ:TCMD,0.0
2021-05-13,12,AR1 alpha + Basic + One-Step,NASDAQ:TCMD,3.867922480564945e-07
2021-05-14,12,AR1 alpha + Basic + One-Step,NASDAQ:TCMD,0.0
2021-05-17,12,AR1 alpha + Basic + One-Step,NASDAQ:TCMD,0.0
2021-05-18,12,AR1 alpha + Basic + One-Step,NASDAQ:TCMD,3.922419185355025e-07
2021-05-19,12,AR1 alpha + Basic + One-Step,NASDAQ:TCMD,1.4494940183351722e-07
2021-05-20,12,AR1 alpha + Basic + One-Step,NASDAQ:TCMD,7.286277635175256e-08
2021-05-21,12,AR1 alpha + Basic + One-Step,NASDAQ:TCMD,0.0
2021-05-24,12,AR1 alpha + Basic + One-Step,NASDAQ:TCMD,0.0
2021-05-25,12,AR1 alpha + Basic + One-Step,NASDAQ:TCMD,0.0
2021-05-26,12,AR1 alpha + Basic + One-Step,NASDAQ:TCMD,0.0
2021-05-27,12,AR1 alpha + Basic + One-Step,NASDAQ:TCMD,0.0
2021-05-28,12,AR1 alpha + Basic + One-Step,NASDAQ:TCMD,0.0
2021-06-01,12,AR1 alpha + Basic + One-Step,NASDAQ:TCMD,0.0
2021-06-02,12,AR1 alpha + Basic + One-Step,NASDAQ:TCMD,0.0
2021-06-03,12,AR1 alpha + Basic + One-Step,NASDAQ:TCMD,0.0
2021-06-04,12,AR1 alpha + Basic + One-Step,NASDAQ:TCMD,0.0
2021-06-07,12,AR1 alpha + Basic + One-Step,NASDAQ:TCMD,0.0
2021-06-08,12,AR1 alpha + Basic + One-Step,NASDAQ:TCMD,0.0
2021-06-09,12,AR1 alpha + Basic + One-Step,NASDAQ:TCMD,0.0
2021-06-10,12,AR1 alpha + Basic + One-Step,NASDAQ:TCMD,6.684089651291648e-08
2021-06-11,12,AR1 alpha + Basic + One-Step,NASDAQ:TCMD,0.0
2021-06-14,12,AR1 alpha + Basic + One-Step,NASDAQ:TCMD,0.0
2021-06-15,12,AR1 alpha + Basic + One-Step,NASDAQ:TCMD,0.0
2021-06-16,12,AR1 alpha + Basic + One-Step,NASDAQ:TCMD,0.0
2021-06-17,12,AR1 alpha + Basic + One-Step,NASDAQ:TCMD,0.0
2021-06-18,12,AR1 alpha + Basic + One-Step,NASDAQ:TCMD,0.0
2021-06-21,12,AR1 alpha + Basic + One-Step,NASDAQ:TCMD,0.0
2021-06-22,12,AR1 alpha + Basic + One-Step,NASDAQ:TCMD,1.9397336051322943e-07
2021-06-23,12,AR1 alpha + Basic + One-Step,NASDAQ:TCMD,2.606502554946957e-07
2021-06-24,12,AR1 alpha + Basic + One-Step,NASDAQ:TCMD,5.250407654222038e-07
2021-06-25,12,AR1 alpha + Basic + One-Step,NASDAQ:TCMD,0.0
2021-06-28,12,AR1 alpha + Basic + One-Step,NASDAQ:TCMD,0.0
2021-06-29,12,AR1 alpha + Basic + One-Step,NASDAQ:TCMD,0.0
2021-06-30,12,AR1 alpha + Basic + One-Step,NASDAQ:TCMD,0.0
2021-07-01,12,AR1 alpha + Basic + One-Step,NASDAQ:TCMD,0.0
2021-07-02,12,AR1 alpha + Basic + One-Step,NASDAQ:TCMD,0.0
2021-07-06,12,AR1 alpha + Basic + One-Step,NASDAQ:TCMD,0.0
2021-07-07,12,AR1 alpha + Basic + One-Step,NASDAQ:TCMD,0.0
2021-07-08,12,AR1 alpha + Basic + One-Step,NASDAQ:TCMD,0.0
2021-07-09,12,AR1 alpha + Basic + One-Step,NASDAQ:TCMD,0.0
2021-07-12,12,AR1 alpha + Basic + One-Step,NASDAQ:TCMD,0.0
2021-07-13,12,AR1 alpha + Basic + One-Step,NASDAQ:TCMD,4.4094957892766805e-08
2021-07-14,12,AR1 alpha + Basic + One-Step,NASDAQ:TCMD,0.0
2021-07-15,12,AR1 alpha + Basic + One-Step,NASDAQ:TCMD,0.0
2021-07-16,12,AR1 alpha + Basic + One-Step,NASDAQ:TCMD,6.191750630552927e-07
2021-07-19,12,AR1 alpha + Basic + One-Step,NASDAQ:TCMD,0.0
2021-07-20,12,AR1 alpha + Basic + One-Step,NASDAQ:TCMD,0.0
2021-07-21,12,AR1 alpha + Basic + One-Step,NASDAQ:TCMD,0.0
2021-07-22,12,AR1 alpha + Basic + One-Step,NASDAQ:TCMD,0.0
2021-07-23,12,AR1 alpha + Basic + One-Step,NASDAQ:TCMD,0.0
2021-07-26,12,AR1 alpha + Basic + One-Step,NASDAQ:TCMD,8.00496258494467e-08
2021-07-27,12,AR1 alpha + Basic + One-Step,NASDAQ:TCMD,1.331543347806259e-06
2021-07-28,12,AR1 alpha + Basic + One-Step,NASDAQ:TCMD,0.0
2021-07-29,12,AR1 alpha + Basic + One-Step,NASDAQ:TCMD,0.0
2021-07-30,12,AR1 alpha + Basic + One-Step,NASDAQ:TCMD,0.0
2021-08-02,12,AR1 alpha + Basic + One-Step,NASDAQ:TCMD,0.0
2021-08-03,12,AR1 alpha + Basic + One-Step,NASDAQ:TCMD,0.0
2021-08-04,12,AR1 alpha + Basic + One-Step,NASDAQ:TCMD,2.450146330521126e-08
2021-08-05,12,AR1 alpha + Basic + One-Step,NASDAQ:TCMD,0.0
2021-08-06,12,AR1 alpha + Basic + One-Step,NASDAQ:TCMD,0.0
2021-08-09,12,AR1 alpha + Basic + One-Step,NASDAQ:TCMD,4.6762292383703115e-07
2021-08-10,12,AR1 alpha + Basic + One-Step,NASDAQ:TCMD,1.5200678956242807e-07
2021-08-11,12,AR1 alpha + Basic + One-Step,NASDAQ:TCMD,1.2659764937365459e-07
2021-08-12,12,AR1 alpha + Basic + One-Step,NASDAQ:TCMD,0.0
2021-08-13,12,AR1 alpha + Basic + One-Step,NASDAQ:TCMD,0.0
2021-08-16,12,AR1 alpha + Basic + One-Step,NASDAQ:TCMD,0.0
2021-08-17,12,AR1 alpha + Basic + One-Step,NASDAQ:TCMD,1.4219346826348277e-07
2021-08-18,12,AR1 alpha + Basic + One-Step,NASDAQ:TCMD,0.0
2021-08-19,12,AR1 alpha + Basic + One-Step,NASDAQ:TCMD,0.0
2021-08-20,12,AR1 alpha + Basic + One-Step,NASDAQ:TCMD,8.241699696057772e-09
2021-08-23,12,AR1 alpha + Basic + One-Step,NASDAQ:TCMD,0.0
2021-08-24,12,AR1 alpha + Basic + One-Step,NASDAQ:TCMD,0.0
2021-08-25,12,AR1 alpha + Basic + One-Step,NASDAQ:TCMD,0.0
2021-08-26,12,AR1 alpha + Basic + One-Step,NASDAQ:TCMD,0.0
2021-08-27,12,AR1 alpha + Basic + One-Step,NASDAQ:TCMD,0.0
2021-08-30,12,AR1 alpha + Basic + One-Step,NASDAQ:TCMD,0.0
2021-08-31,12,AR1 alpha + Basic + One-Step,NASDAQ:TCMD,0.0
2021-09-01,12,AR1 alpha + Basic + One-Step,NASDAQ:TCMD,0.0
2021-09-02,12,AR1 alpha + Basic + One-Step,NASDAQ:TCMD,0.0
2021-09-03,12,AR1 alpha + Basic + One-Step,NASDAQ:TCMD,0.0
2021-09-07,12,AR1 alpha + Basic + One-Step,NASDAQ:TCMD,0.0
2021-09-08,12,AR1 alpha + Basic + One-Step,NASDAQ:TCMD,0.0
2021-09-09,12,AR1 alpha + Basic + One-Step,NASDAQ:TCMD,7.050467617352108e-08
2021-09-10,12,AR1 alpha + Basic + One-Step,NASDAQ:TCMD,0.0
2021-09-13,12,AR1 alpha + Basic + One-Step,NASDAQ:TCMD,0.0
2021-09-14,12,AR1 alpha + Basic + One-Step,NASDAQ:TCMD,2.0198693610489685e-07
2021-09-15,12,AR1 alpha + Basic + One-Step,NASDAQ:TCMD,0.0
2021-09-16,12,AR1 alpha + Basic + One-Step,NASDAQ:TCMD,0.0
2021-09-17,12,AR1 alpha + Basic + One-Step,NASDAQ:TCMD,0.0
2021-09-20,12,AR1 alpha + Basic + One-Step,NASDAQ:TCMD,0.0
2021-09-21,12,AR1 alpha + Basic + One-Step,NASDAQ:TCMD,9.515461094117287e-08
2021-09-22,12,AR1 alpha + Basic + One-Step,NASDAQ:TCMD,0.0
2021-09-23,12,AR1 alpha + Basic + One-Step,NASDAQ:TCMD,0.0
2021-09-24,12,AR1 alpha + Basic + One-Step,NASDAQ:TCMD,0.0
2021-09-27,12,AR1 alpha + Basic + One-Step,NASDAQ:TCMD,0.0
2021-09-28,12,AR1 alpha + Basic + One-Step,NASDAQ:TCMD,0.0
2021-09-29,12,AR1 alpha + Basic + One-Step,NASDAQ:TCMD,0.0
2021-09-30,12,AR1 alpha + Basic + One-Step,NASDAQ:TCMD,0.0
2021-10-01,12,AR1 alpha + Basic + One-Step,NASDAQ:TCMD,0.0
2021-10-04,12,AR1 alpha + Basic + One-Step,NASDAQ:TCMD,0.0
2021-10-05,12,AR1 alpha + Basic + One-Step,NASDAQ:TCMD,0.0
2021-10-06,12,AR1 alpha + Basic + One-Step,NASDAQ:TCMD,0.0
2021-10-07,12,AR1 alpha + Basic + One-Step,NASDAQ:TCMD,0.0
2021-10-08,12,AR1 alpha + Basic + One-Step,NASDAQ:TCMD,0.0
2021-10-11,12,AR1 alpha + Basic + One-Step,NASDAQ:TCMD,0.0
2021-10-12,12,AR1 alpha + Basic + One-Step,NASDAQ:TCMD,0.0
2021-10-13,12,AR1 alpha + Basic + One-Step,NASDAQ:TCMD,0.0
2021-10-14,12,AR1 alpha + Basic + One-Step,NASDAQ:TCMD,4.654365851453569e-09
2021-10-15,12,AR1 alpha + Basic + One-Step,NASDAQ:TCMD,0.0
2021-10-18,12,AR1 alpha + Basic + One-Step,NASDAQ:TCMD,0.0
2021-10-19,12,AR1 alpha + Basic + One-Step,NASDAQ:TCMD,1.839435147792227e-07
2021-10-20,12,AR1 alpha + Basic + One-Step,NASDAQ:TCMD,0.0
2021-10-21,12,AR1 alpha + Basic + One-Step,NASDAQ:TCMD,0.0
2021-10-22,12,AR1 alpha + Basic + One-Step,NASDAQ:TCMD,0.0
2021-10-25,12,AR1 alpha + Basic + One-Step,NASDAQ:TCMD,0.0
2021-10-26,12,AR1 alpha + Basic + One-Step,NASDAQ:TCMD,0.0
2021-10-27,12,AR1 alpha + Basic + One-Step,NASDAQ:TCMD,0.0
2021-10-28,12,AR1 alpha + Basic + One-Step,NASDAQ:TCMD,0.0
2021-10-29,12,AR1 alpha + Basic + One-Step,NASDAQ:TCMD,0.0
2021-11-01,12,AR1 alpha + Basic + One-Step,NASDAQ:TCMD,2.2069252881420763e-07
2021-11-02,12,AR1 alpha + Basic + One-Step,NASDAQ:TCMD,0.0
2021-11-03,12,AR1 alpha + Basic + One-Step,NASDAQ:TCMD,0.0
2021-11-04,12,AR1 alpha + Basic + One-Step,NASDAQ:TCMD,0.0
2021-11-05,12,AR1 alpha + Basic + One-Step,NASDAQ:TCMD,0.0
2021-11-08,12,AR1 alpha + Basic + One-Step,NASDAQ:TCMD,0.0
2021-11-09,12,AR1 alpha + Basic + One-Step,NASDAQ:TCMD,1.347777495835363e-08
2021-11-10,12,AR1 alpha + Basic + One-Step,NASDAQ:TCMD,4.498032188995816e-09
2021-11-11,12,AR1 alpha + Basic + One-Step,NASDAQ:TCMD,0.0
2021-11-12,12,AR1 alpha + Basic + One-Step,NASDAQ:TCMD,0.0
2021-11-15,12,AR1 alpha + Basic + One-Step,NASDAQ:TCMD,0.0
2021-11-16,12,AR1 alpha + Basic + One-Step,NASDAQ:TCMD,0.0
2021-11-17,12,AR1 alpha + Basic + One-Step,NASDAQ:TCMD,0.0
2021-11-18,12,AR1 alpha + Basic + One-Step,NASDAQ:TCMD,0.0
2021-11-19,12,AR1 alpha + Basic + One-Step,NASDAQ:TCMD,0.0
2021-11-22,12,AR1 alpha + Basic + One-Step,NASDAQ:TCMD,0.0
2021-11-23,12,AR1 alpha + Basic + One-Step,NASDAQ:TCMD,0.0
2021-11-24,12,AR1 alpha + Basic + One-Step,NASDAQ:TCMD,0.0
2021-11-26,12,AR1 alpha + Basic + One-Step,NASDAQ:TCMD,0.0
2021-11-29,12,AR1 alpha + Basic + One-Step,NASDAQ:TCMD,0.0
2021-11-30,12,AR1 alpha + Basic + One-Step,NASDAQ:TCMD,0.0
2021-12-01,12,AR1 alpha + Basic + One-Step,NASDAQ:TCMD,0.0
2021-12-02,12,AR1 alpha + Basic + One-Step,NASDAQ:TCMD,0.0
2021-12-03,12,AR1 alpha + Basic + One-Step,NASDAQ:TCMD,6.319070448722765e-10
2021-12-06,12,AR1 alpha + Basic + One-Step,NASDAQ:TCMD,0.0
2021-12-07,12,AR1 alpha + Basic + One-Step,NASDAQ:TCMD,0.0
2021-12-08,12,AR1 alpha + Basic + One-Step,NASDAQ:TCMD,0.0
2021-12-09,12,AR1 alpha + Basic + One-Step,NASDAQ:TCMD,0.0
2021-12-10,12,AR1 alpha + Basic + One-Step,NASDAQ:TCMD,0.0
2021-12-13,12,AR1 alpha + Basic + One-Step,NASDAQ:TCMD,0.0
2021-12-14,12,AR1 alpha + Basic + One-Step,NASDAQ:TCMD,1.769683779467808e-09
2021-12-15,12,AR1 alpha + Basic + One-Step,NASDAQ:TCMD,0.0
2021-12-16,12,AR1 alpha + Basic + One-Step,NASDAQ:TCMD,0.0
2021-12-17,12,AR1 alpha + Basic + One-Step,NASDAQ:TCMD,0.0
2021-12-20,12,AR1 alpha + Basic + One-Step,NASDAQ:TCMD,0.0
2021-12-21,12,AR1 alpha + Basic + One-Step,NASDAQ:TCMD,0.0
2021-12-22,12,AR1 alpha + Basic + One-Step,NASDAQ:TCMD,1.590233246629101e-07
2021-12-23,12,AR1 alpha + Basic + One-Step,NASDAQ:TCMD,0.0
2021-12-27,12,AR1 alpha + Basic + One-Step,NASDAQ:TCMD,0.0
2021-12-28,12,AR1 alpha + Basic + One-Step,NASDAQ:TCMD,0.0
2021-12-29,12,AR1 alpha + Basic + One-Step,NASDAQ:TCMD,0.0
2021-12-30,12,AR1 alpha + Basic + One-Step,NASDAQ:TCMD,4.0436730773731035e-07
2021-12-31,12,AR1 alpha + Basic + One-Step,NASDAQ:TCMD,5.760805637064306e-08
2022-01-03,12,AR1 alpha + Basic + One-Step,NASDAQ:TCMD,2.2311887939299705e-08
2022-01-04,12,AR1 alpha + Basic + One-Step,NASDAQ:TCMD,0.0
2022-01-05,12,AR1 alpha + Basic + One-Step,NASDAQ:TCMD,0.0
2022-01-06,12,AR1 alpha + Basic + One-Step,NASDAQ:TCMD,0.0
2022-01-07,12,AR1 alpha + Basic + One-Step,NASDAQ:TCMD,4.0504547624652417e-08
2022-01-10,12,AR1 alpha + Basic + One-Step,NASDAQ:TCMD,0.0
2022-01-11,12,AR1 alpha + Basic + One-Step,NASDAQ:TCMD,0.0
2022-01-12,12,AR1 alpha + Basic + One-Step,NASDAQ:TCMD,0.0
2022-01-13,12,AR1 alpha + Basic + One-Step,NASDAQ:TCMD,1.0831800102491649e-06
2022-01-14,12,AR1 alpha + Basic + One-Step,NASDAQ:TCMD,0.0
2022-01-18,12,AR1 alpha + Basic + One-Step,NASDAQ:TCMD,0.0
2022-01-19,12,AR1 alpha + Basic + One-Step,NASDAQ:TCMD,0.0
2022-01-20,12,AR1 alpha + Basic + One-Step,NASDAQ:TCMD,0.0
2022-01-21,12,AR1 alpha + Basic + One-Step,NASDAQ:TCMD,2.3708551525335517e-07
2022-01-24,12,AR1 alpha + Basic + One-Step,NASDAQ:TCMD,0.0
2022-01-25,12,AR1 alpha + Basic + One-Step,NASDAQ:TCMD,0.0
2022-01-26,12,AR1 alpha + Basic + One-Step,NASDAQ:TCMD,0.0
2022-01-27,12,AR1 alpha + Basic + One-Step,NASDAQ:TCMD,0.0
2022-01-28,12,AR1 alpha + Basic + One-Step,NASDAQ:TCMD,0.0
2022-01-31,12,AR1 alpha + Basic + One-Step,NASDAQ:TCMD,0.0
2022-02-01,12,AR1 alpha + Basic + One-Step,NASDAQ:TCMD,0.0
2022-02-02,12,AR1 alpha + Basic + One-Step,NASDAQ:TCMD,0.0
2022-02-03,12,AR1 alpha + Basic + One-Step,NASDAQ:TCMD,0.0
2022-02-04,12,AR1 alpha + Basic + One-Step,NASDAQ:TCMD,6.721282807356908e-08
2022-02-07,12,AR1 alpha + Basic + One-Step,NASDAQ:TCMD,8.514140712365526e-08
2022-02-08,12,AR1 alpha + Basic + One-Step,NASDAQ:TCMD,4.0559897391537634e-07
2022-02-09,12,AR1 alpha + Basic + One-Step,NASDAQ:TCMD,0.0
2022-02-10,12,AR1 alpha + Basic + One-Step,NASDAQ:TCMD,0.0
2022-02-11,12,AR1 alpha + Basic + One-Step,NASDAQ:TCMD,1.2868666666366693e-08
2022-02-14,12,AR1 alpha + Basic + One-Step,NASDAQ:TCMD,0.0
2022-02-15,12,AR1 alpha + Basic + One-Step,NASDAQ:TCMD,0.0
2022-02-16,12,AR1 alpha + Basic + One-Step,NASDAQ:TCMD,0.0
2022-02-17,12,AR1 alpha + Basic + One-Step,NASDAQ:TCMD,0.0
2022-02-18,12,AR1 alpha + Basic + One-Step,NASDAQ:TCMD,1.6152865393472214e-07
2022-02-22,12,AR1 alpha + Basic + One-Step,NASDAQ:TCMD,1.135969585295747e-08
2022-02-23,12,AR1 alpha + Basic + One-Step,NASDAQ:TCMD,0.0
2022-02-24,12,AR1 alpha + Basic + One-Step,NASDAQ:TCMD,0.0
2022-02-25,12,AR1 alpha + Basic + One-Step,NASDAQ:TCMD,0.0
2022-02-28,12,AR1 alpha + Basic + One-Step,NASDAQ:TCMD,0.0
2022-03-01,12,AR1 alpha + Basic + One-Step,NASDAQ:TCMD,3.4954125103476734e-08
2022-03-02,12,AR1 alpha + Basic + One-Step,NASDAQ:TCMD,4.514700303136542e-08
2022-03-03,12,AR1 alpha + Basic + One-Step,NASDAQ:TCMD,0.0
2022-03-04,12,AR1 alpha + Basic + One-Step,NASDAQ:TCMD,0.0
2022-03-07,12,AR1 alpha + Basic + One-Step,NASDAQ:TCMD,7.500880801630326e-10
2022-03-08,12,AR1 alpha + Basic + One-Step,NASDAQ:TCMD,3.0913744644304845e-07
2022-03-09,12,AR1 alpha + Basic + One-Step,NASDAQ:TCMD,0.0
2022-03-10,12,AR1 alpha + Basic + One-Step,NASDAQ:TCMD,0.0
2022-03-11,12,AR1 alpha + Basic + One-Step,NASDAQ:TCMD,0.0
2022-03-14,12,AR1 alpha + Basic + One-Step,NASDAQ:TCMD,0.0
2022-03-15,12,AR1 alpha + Basic + One-Step,NASDAQ:TCMD,0.0
2022-03-16,12,AR1 alpha + Basic + One-Step,NASDAQ:TCMD,0.0
2022-03-17,12,AR1 alpha + Basic + One-Step,NASDAQ:TCMD,0.0
2022-03-18,12,AR1 alpha + Basic + One-Step,NASDAQ:TCMD,0.0
2022-03-21,12,AR1 alpha + Basic + One-Step,NASDAQ:TCMD,0.0
2022-03-22,12,AR1 alpha + Basic + One-Step,NASDAQ:TCMD,0.0
2022-03-23,12,AR1 alpha + Basic + One-Step,NASDAQ:TCMD,0.0
2022-03-24,12,AR1 alpha + Basic + One-Step,NASDAQ:TCMD,2.016419873515337e-08
2022-03-25,12,AR1 alpha + Basic + One-Step,NASDAQ:TCMD,0.0
2022-03-28,12,AR1 alpha + Basic + One-Step,NASDAQ:TCMD,0.0
2022-03-29,12,AR1 alpha + Basic + One-Step,NASDAQ:TCMD,0.0
2022-03-30,12,AR1 alpha + Basic + One-Step,NASDAQ:TCMD,0.0
2022-03-31,12,AR1 alpha + Basic + One-Step,NASDAQ:TCMD,0.0
2022-04-01,12,AR1 alpha + Basic + One-Step,NASDAQ:TCMD,0.0
2022-04-04,12,AR1 alpha + Basic + One-Step,NASDAQ:TCMD,0.0
2022-04-05,12,AR1 alpha + Basic + One-Step,NASDAQ:TCMD,0.0
2022-04-06,12,AR1 alpha + Basic + One-Step,NASDAQ:TCMD,0.0
2022-04-07,12,AR1 alpha + Basic + One-Step,NASDAQ:TCMD,0.0
2022-04-08,12,AR1 alpha + Basic + One-Step,NASDAQ:TCMD,0.0
2022-04-11,12,AR1 alpha + Basic + One-Step,NASDAQ:TCMD,0.0
2022-04-12,12,AR1 alpha + Basic + One-Step,NASDAQ:TCMD,0.0
2022-04-13,12,AR1 alpha + Basic + One-Step,NASDAQ:TCMD,1.6616032832695056e-07
2022-04-14,12,AR1 alpha + Basic + One-Step,NASDAQ:TCMD,2.469928155941286e-09
2022-04-18,12,AR1 alpha + Basic + One-Step,NASDAQ:TCMD,0.0
2022-04-19,12,AR1 alpha + Basic + One-Step,NASDAQ:TCMD,0.0
2022-04-20,12,AR1 alpha + Basic + One-Step,NASDAQ:TCMD,3.754907746810256e-08
2022-04-21,12,AR1 alpha + Basic + One-Step,NASDAQ:TCMD,0.0
2022-04-22,12,AR1 alpha + Basic + One-Step,NASDAQ:TCMD,0.0
2022-04-25,12,AR1 alpha + Basic + One-Step,NASDAQ:TCMD,0.0
2022-04-26,12,AR1 alpha + Basic + One-Step,NASDAQ:TCMD,0.0
2022-04-27,12,AR1 alpha + Basic + One-Step,NASDAQ:TCMD,0.0
2022-04-28,12,AR1 alpha + Basic + One-Step,NASDAQ:TCMD,0.0
2022-04-29,12,AR1 alpha + Basic + One-Step,NASDAQ:TCMD,0.0
2022-05-02,12,AR1 alpha + Basic + One-Step,NASDAQ:TCMD,0.0
2022-05-03,12,AR1 alpha + Basic + One-Step,NASDAQ:TCMD,0.0
2022-05-04,12,AR1 alpha + Basic + One-Step,NASDAQ:TCMD,2.1224739408124513e-07
2022-05-05,12,AR1 alpha + Basic + One-Step,NASDAQ:TCMD,0.0
2022-05-06,12,AR1 alpha + Basic + One-Step,NASDAQ:TCMD,0.0
2022-05-09,12,AR1 alpha + Basic + One-Step,NASDAQ:TCMD,0.0
2022-05-10,12,AR1 alpha + Basic + One-Step,NASDAQ:TCMD,3.832362790034949e-07
2022-05-11,12,AR1 alpha + Basic + One-Step,NASDAQ:TCMD,0.0
2022-05-12,12,AR1 alpha + Basic + One-Step,NASDAQ:TCMD,2.018976772075252e-07
2022-05-13,12,AR1 alpha + Basic + One-Step,NASDAQ:TCMD,0.0
2022-05-16,12,AR1 alpha + Basic + One-Step,NASDAQ:TCMD,1.750122616515791e-07
2022-05-17,12,AR1 alpha + Basic + One-Step,NASDAQ:TCMD,0.0
2022-05-18,12,AR1 alpha + Basic + One-Step,NASDAQ:TCMD,4.2354931085413764e-07
2022-05-19,12,AR1 alpha + Basic + One-Step,NASDAQ:TCMD,0.0
2022-05-20,12,AR1 alpha + Basic + One-Step,NASDAQ:TCMD,0.0
2022-05-23,12,AR1 alpha + Basic + One-Step,NASDAQ:TCMD,6.082554625593513e-08
2022-05-24,12,AR1 alpha + Basic + One-Step,NASDAQ:TCMD,0.0
2022-05-25,12,AR1 alpha + Basic + One-Step,NASDAQ:TCMD,5.4095556857555274e-08
2022-05-26,12,AR1 alpha + Basic + One-Step,NASDAQ:TCMD,0.0
2022-05-27,12,AR1 alpha + Basic + One-Step,NASDAQ:TCMD,1.2183563205988103e-08
2022-05-31,12,AR1 alpha + Basic + One-Step,NASDAQ:TCMD,0.0
2022-06-01,12,AR1 alpha + Basic + One-Step,NASDAQ:TCMD,0.0
2022-06-02,12,AR1 alpha + Basic + One-Step,NASDAQ:TCMD,0.0
2022-06-03,12,AR1 alpha + Basic + One-Step,NASDAQ:TCMD,0.0
2022-06-06,12,AR1 alpha + Basic + One-Step,NASDAQ:TCMD,0.0
2022-06-07,12,AR1 alpha + Basic + One-Step,NASDAQ:TCMD,0.0
2022-06-08,12,AR1 alpha + Basic + One-Step,NASDAQ:TCMD,0.0
2022-06-09,12,AR1 alpha + Basic + One-Step,NASDAQ:TCMD,0.0
2022-06-10,12,AR1 alpha + Basic + One-Step,NASDAQ:TCMD,9.264414311710633e-09
2022-06-13,12,AR1 alpha + Basic + One-Step,NASDAQ:TCMD,1.6010896233194574e-07
2022-06-14,12,AR1 alpha + Basic + One-Step,NASDAQ:TCMD,6.60021915584507e-08
2022-06-15,12,AR1 alpha + Basic + One-Step,NASDAQ:TCMD,0.0
2022-06-16,12,AR1 alpha + Basic + One-Step,NASDAQ:TCMD,0.0
2022-06-17,12,AR1 alpha + Basic + One-Step,NASDAQ:TCMD,0.0
2022-06-21,12,AR1 alpha + Basic + One-Step,NASDAQ:TCMD,3.1213337162355323e-07
2022-06-22,12,AR1 alpha + Basic + One-Step,NASDAQ:TCMD,7.316465972025465e-08
2022-06-23,12,AR1 alpha + Basic + One-Step,NASDAQ:TCMD,0.0
2022-06-24,12,AR1 alpha + Basic + One-Step,NASDAQ:TCMD,0.0
2022-06-27,12,AR1 alpha + Basic + One-Step,NASDAQ:TCMD,0.0
2022-06-28,12,AR1 alpha + Basic + One-Step,NASDAQ:TCMD,0.0
2022-06-29,12,AR1 alpha + Basic + One-Step,NASDAQ:TCMD,0.0
2022-06-30,12,AR1 alpha + Basic + One-Step,NASDAQ:TCMD,0.0
2022-07-01,12,AR1 alpha + Basic + One-Step,NASDAQ:TCMD,0.0
2022-07-05,12,AR1 alpha + Basic + One-Step,NASDAQ:TCMD,0.0
2022-07-06,12,AR1 alpha + Basic + One-Step,NASDAQ:TCMD,0.0
2022-07-07,12,AR1 alpha + Basic + One-Step,NASDAQ:TCMD,0.0
2022-07-08,12,AR1 alpha + Basic + One-Step,NASDAQ:TCMD,0.0
2022-07-11,12,AR1 alpha + Basic + One-Step,NASDAQ:TCMD,0.0
2022-07-12,12,AR1 alpha + Basic + One-Step,NASDAQ:TCMD,2.40500767991381e-08
2022-07-13,12,AR1 alpha + Basic + One-Step,NASDAQ:TCMD,7.499305976527488e-08
2022-07-14,12,AR1 alpha + Basic + One-Step,NASDAQ:TCMD,0.0
2022-07-15,12,AR1 alpha + Basic + One-Step,NASDAQ:TCMD,0.0
2022-07-18,12,AR1 alpha + Basic + One-Step,NASDAQ:TCMD,0.0
2022-07-19,12,AR1 alpha + Basic + One-Step,NASDAQ:TCMD,0.0
2022-07-20,12,AR1 alpha + Basic + One-Step,NASDAQ:TCMD,0.0
2022-07-21,12,AR1 alpha + Basic + One-Step,NASDAQ:TCMD,2.2246712913930062e-08
2022-07-22,12,AR1 alpha + Basic + One-Step,NASDAQ:TCMD,0.0
2022-07-25,12,AR1 alpha + Basic + One-Step,NASDAQ:TCMD,0.0
2022-07-26,12,AR1 alpha + Basic + One-Step,NASDAQ:TCMD,0.0
2022-07-27,12,AR1 alpha + Basic + One-Step,NASDAQ:TCMD,0.0
2022-07-28,12,AR1 alpha + Basic + One-Step,NASDAQ:TCMD,0.0
2022-07-29,12,AR1 alpha + Basic + One-Step,NASDAQ:TCMD,0.0
2022-08-01,12,AR1 alpha + Basic + One-Step,NASDAQ:TCMD,0.0
2022-08-02,12,AR1 alpha + Basic + One-Step,NASDAQ:TCMD,0.0
2022-08-03,12,AR1 alpha + Basic + One-Step,NASDAQ:TCMD,0.0
2022-08-04,12,AR1 alpha + Basic + One-Step,NASDAQ:TCMD,0.0
2022-08-05,12,AR1 alpha + Basic + One-Step,NASDAQ:TCMD,0.0
2022-08-08,12,AR1 alpha + Basic + One-Step,NASDAQ:TCMD,0.0
2022-08-09,12,AR1 alpha + Basic + One-Step,NASDAQ:TCMD,0.0
2022-08-10,12,AR1 alpha + Basic + One-Step,NASDAQ:TCMD,0.0
2022-08-11,12,AR1 alpha + Basic + One-Step,NASDAQ:TCMD,0.0
2022-08-12,12,AR1 alpha + Basic + One-Step,NASDAQ:TCMD,0.0
2022-08-15,12,AR1 alpha + Basic + One-Step,NASDAQ:TCMD,0.0
2022-08-16,12,AR1 alpha + Basic + One-Step,NASDAQ:TCMD,0.0
2022-08-17,12,AR1 alpha + Basic + One-Step,NASDAQ:TCMD,0.0
2022-08-18,12,AR1 alpha + Basic + One-Step,NASDAQ:TCMD,0.0
2022-08-19,12,AR1 alpha + Basic + One-Step,NASDAQ:TCMD,6.464943769487706e-09
2022-08-22,12,AR1 alpha + Basic + One-Step,NASDAQ:TCMD,0.0
2022-08-23,12,AR1 alpha + Basic + One-Step,NASDAQ:TCMD,0.0
2022-08-24,12,AR1 alpha + Basic + One-Step,NASDAQ:TCMD,1.3655054722603582e-08
2022-08-25,12,AR1 alpha + Basic + One-Step,NASDAQ:TCMD,0.0
2022-08-26,12,AR1 alpha + Basic + One-Step,NASDAQ:TCMD,0.0
2022-08-29,12,AR1 alpha + Basic + One-Step,NASDAQ:TCMD,0.0
2022-08-30,12,AR1 alpha + Basic + One-Step,NASDAQ:TCMD,0.0
2022-08-31,12,AR1 alpha + Basic + One-Step,NASDAQ:TCMD,0.0
2022-09-01,12,AR1 alpha + Basic + One-Step,NASDAQ:TCMD,0.0
2022-09-02,12,AR1 alpha + Basic + One-Step,NASDAQ:TCMD,0.0
2022-09-06,12,AR1 alpha + Basic + One-Step,NASDAQ:TCMD,0.0
2022-09-07,12,AR1 alpha + Basic + One-Step,NASDAQ:TCMD,0.0
2022-09-08,12,AR1 alpha + Basic + One-Step,NASDAQ:TCMD,2.813914681614212e-07
2022-09-09,12,AR1 alpha + Basic + One-Step,NASDAQ:TCMD,0.0
2022-09-12,12,AR1 alpha + Basic + One-Step,NASDAQ:TCMD,0.0
2022-09-13,12,AR1 alpha + Basic + One-Step,NASDAQ:TCMD,7.012592327099684e-08
2022-09-14,12,AR1 alpha + Basic + One-Step,NASDAQ:TCMD,3.597594165791458e-08
2022-09-15,12,AR1 alpha + Basic + One-Step,NASDAQ:TCMD,0.0
2022-09-16,12,AR1 alpha + Basic + One-Step,NASDAQ:TCMD,4.8557667029507405e-08
2022-09-19,12,AR1 alpha + Basic + One-Step,NASDAQ:TCMD,0.0
2022-09-20,12,AR1 alpha + Basic + One-Step,NASDAQ:TCMD,0.0
2022-09-21,12,AR1 alpha + Basic + One-Step,NASDAQ:TCMD,0.0
2022-09-22,12,AR1 alpha + Basic + One-Step,NASDAQ:TCMD,0.0
2022-09-23,12,AR1 alpha + Basic + One-Step,NASDAQ:TCMD,0.0
2022-09-26,12,AR1 alpha + Basic + One-Step,NASDAQ:TCMD,1.595116500335284e-09
2022-09-27,12,AR1 alpha + Basic + One-Step,NASDAQ:TCMD,0.0
2022-09-28,12,AR1 alpha + Basic + One-Step,NASDAQ:TCMD,0.0
2022-09-29,12,AR1 alpha + Basic + One-Step,NASDAQ:TCMD,0.0
2022-09-30,12,AR1 alpha + Basic + One-Step,NASDAQ:TCMD,0.0
2022-10-03,12,AR1 alpha + Basic + One-Step,NASDAQ:TCMD,0.0
2022-10-04,12,AR1 alpha + Basic + One-Step,NASDAQ:TCMD,0.0
2022-10-05,12,AR1 alpha + Basic + One-Step,NASDAQ:TCMD,0.0
2022-10-06,12,AR1 alpha + Basic + One-Step,NASDAQ:TCMD,0.0
2022-10-07,12,AR1 alpha + Basic + One-Step,NASDAQ:TCMD,0.0
2022-10-10,12,AR1 alpha + Basic + One-Step,NASDAQ:TCMD,0.0
2022-10-11,12,AR1 alpha + Basic + One-Step,NASDAQ:TCMD,8.328944516661485e-08
2022-10-12,12,AR1 alpha + Basic + One-Step,NASDAQ:TCMD,1.1366575823365801e-08
2022-10-13,12,AR1 alpha + Basic + One-Step,NASDAQ:TCMD,1.3085523763618154e-07
2022-10-14,12,AR1 alpha + Basic + One-Step,NASDAQ:TCMD,0.0
2022-10-17,12,AR1 alpha + Basic + One-Step,NASDAQ:TCMD,0.0
2022-10-18,12,AR1 alpha + Basic + One-Step,NASDAQ:TCMD,0.0
2022-10-19,12,AR1 alpha + Basic + One-Step,NASDAQ:TCMD,4.771527300225182e-10
2022-10-20,12,AR1 alpha + Basic + One-Step,NASDAQ:TCMD,2.008400855622445e-09
2022-10-21,12,AR1 alpha + Basic + One-Step,NASDAQ:TCMD,0.0
2022-10-24,12,AR1 alpha + Basic + One-Step,NASDAQ:TCMD,0.0
2022-10-25,12,AR1 alpha + Basic + One-Step,NASDAQ:TCMD,1.1561879031630957e-07
2022-10-26,12,AR1 alpha + Basic + One-Step,NASDAQ:TCMD,6.908831473978242e-08
2022-10-27,12,AR1 alpha + Basic + One-Step,NASDAQ:TCMD,0.0
2022-10-28,12,AR1 alpha + Basic + One-Step,NASDAQ:TCMD,0.0
2022-10-31,12,AR1 alpha + Basic + One-Step,NASDAQ:TCMD,0.0
2022-11-01,12,AR1 alpha + Basic + One-Step,NASDAQ:TCMD,0.0
2022-11-02,12,AR1 alpha + Basic + One-Step,NASDAQ:TCMD,5.7039816205142215e-08
2022-11-03,12,AR1 alpha + Basic + One-Step,NASDAQ:TCMD,3.174824984633392e-07
2022-11-04,12,AR1 alpha + Basic + One-Step,NASDAQ:TCMD,3.126140376785563e-08
2022-11-07,12,AR1 alpha + Basic + One-Step,NASDAQ:TCMD,0.0
2022-11-08,12,AR1 alpha + Basic + One-Step,NASDAQ:TCMD,1.7341206507972943e-08
2022-11-09,12,AR1 alpha + Basic + One-Step,NASDAQ:TCMD,1.31234542940705e-07
2022-11-10,12,AR1 alpha + Basic + One-Step,NASDAQ:TCMD,0.0
2022-11-11,12,AR1 alpha + Basic + One-Step,NASDAQ:TCMD,2.517729789694759e-08
2022-11-14,12,AR1 alpha + Basic + One-Step,NASDAQ:TCMD,0.0
2022-11-15,12,AR1 alpha + Basic + One-Step,NASDAQ:TCMD,0.0
2022-11-16,12,AR1 alpha + Basic + One-Step,NASDAQ:TCMD,0.0
2022-11-17,12,AR1 alpha + Basic + One-Step,NASDAQ:TCMD,0.0
2022-11-18,12,AR1 alpha + Basic + One-Step,NASDAQ:TCMD,8.404221312462569e-08
2022-11-21,12,AR1 alpha + Basic + One-Step,NASDAQ:TCMD,1.1258836153533449e-07
2022-11-22,12,AR1 alpha + Basic + One-Step,NASDAQ:TCMD,0.0
2022-11-23,12,AR1 alpha + Basic + One-Step,NASDAQ:TCMD,0.0
2022-11-25,12,AR1 alpha + Basic + One-Step,NASDAQ:TCMD,0.0
2022-11-28,12,AR1 alpha + Basic + One-Step,NASDAQ:TCMD,5.256000920887461e-08
2022-11-29,12,AR1 alpha + Basic + One-Step,NASDAQ:TCMD,0.0
2022-11-30,12,AR1 alpha + Basic + One-Step,NASDAQ:TCMD,0.0
2022-12-01,12,AR1 alpha + Basic + One-Step,NASDAQ:TCMD,0.0
2022-12-02,12,AR1 alpha + Basic + One-Step,NASDAQ:TCMD,0.0
2022-12-05,12,AR1 alpha + Basic + One-Step,NASDAQ:TCMD,0.0
2022-12-06,12,AR1 alpha + Basic + One-Step,NASDAQ:TCMD,0.0
2022-12-07,12,AR1 alpha + Basic + One-Step,NASDAQ:TCMD,0.0
2022-12-08,12,AR1 alpha + Basic + One-Step,NASDAQ:TCMD,0.0
2022-12-09,12,AR1 alpha + Basic + One-Step,NASDAQ:TCMD,0.0
2022-12-12,12,AR1 alpha + Basic + One-Step,NASDAQ:TCMD,8.653598433549865e-09
2022-12-13,12,AR1 alpha + Basic + One-Step,NASDAQ:TCMD,4.4750310093354754e-07
2022-12-14,12,AR1 alpha + Basic + One-Step,NASDAQ:TCMD,1.0354044031415007e-08
2022-12-15,12,AR1 alpha + Basic + One-Step,NASDAQ:TCMD,0.0
2022-12-16,12,AR1 alpha + Basic + One-Step,NASDAQ:TCMD,0.0
2022-12-19,12,AR1 alpha + Basic + One-Step,NASDAQ:TCMD,0.0
2022-12-20,12,AR1 alpha + Basic + One-Step,NASDAQ:TCMD,0.0
2022-12-21,12,AR1 alpha + Basic + One-Step,NASDAQ:TCMD,0.0
2022-12-22,12,AR1 alpha + Basic + One-Step,NASDAQ:TCMD,0.0
2022-12-23,12,AR1 alpha + Basic + One-Step,NASDAQ:TCMD,0.0
2022-12-27,12,AR1 alpha + Basic + One-Step,NASDAQ:TCMD,1.6017893442293332e-08
2022-12-28,12,AR1 alpha + Basic + One-Step,NASDAQ:TCMD,0.0
2022-12-29,12,AR1 alpha + Basic + One-Step,NASDAQ:TCMD,0.0
2022-12-30,12,AR1 alpha + Basic + One-Step,NASDAQ:TCMD,0.0
2023-01-03,12,AR1 alpha + Basic + One-Step,NASDAQ:TCMD,1.2413628003473758e-08
2023-01-04,12,AR1 alpha + Basic + One-Step,NASDAQ:TCMD,0.0
2023-01-05,12,AR1 alpha + Basic + One-Step,NASDAQ:TCMD,0.0
2023-01-06,12,AR1 alpha + Basic + One-Step,NASDAQ:TCMD,0.0
2023-01-09,12,AR1 alpha + Basic + One-Step,NASDAQ:TCMD,0.0
2023-01-10,12,AR1 alpha + Basic + One-Step,NASDAQ:TCMD,0.0
2023-01-11,12,AR1 alpha + Basic + One-Step,NASDAQ:TCMD,3.0979149809183065e-09
2023-01-12,12,AR1 alpha + Basic + One-Step,NASDAQ:TCMD,0.0
2023-01-13,12,AR1 alpha + Basic + One-Step,NASDAQ:TCMD,2.8634729206843365e-09
2023-01-17,12,AR1 alpha + Basic + One-Step,NASDAQ:TCMD,0.0
2023-01-18,12,AR1 alpha + Basic + One-Step,NASDAQ:TCMD,0.0
2023-01-19,12,AR1 alpha + Basic + One-Step,NASDAQ:TCMD,0.0
2023-01-20,12,AR1 alpha + Basic + One-Step,NASDAQ:TCMD,0.0
2023-01-23,12,AR1 alpha + Basic + One-Step,NASDAQ:TCMD,5.627611895895209e-10
2023-01-24,12,AR1 alpha + Basic + One-Step,NASDAQ:TCMD,0.0
2023-01-25,12,AR1 alpha + Basic + One-Step,NASDAQ:TCMD,0.0
2023-01-26,12,AR1 alpha + Basic + One-Step,NASDAQ:TCMD,0.0
2023-01-27,12,AR1 alpha + Basic + One-Step,NASDAQ:TCMD,0.0
2023-01-30,12,AR1 alpha + Basic + One-Step,NASDAQ:TCMD,0.0
2023-01-31,12,AR1 alpha + Basic + One-Step,NASDAQ:TCMD,9.003926230166444e-09
2023-02-01,12,AR1 alpha + Basic + One-Step,NASDAQ:TCMD,0.0
2023-02-02,12,AR1 alpha + Basic + One-Step,NASDAQ:TCMD,9.327267735599975e-08
2023-02-03,12,AR1 alpha + Basic + One-Step,NASDAQ:TCMD,1.444171743406541e-08
2023-02-06,12,AR1 alpha + Basic + One-Step,NASDAQ:TCMD,0.0
2023-02-07,12,AR1 alpha + Basic + One-Step,NASDAQ:TCMD,0.0
2023-02-08,12,AR1 alpha + Basic + One-Step,NASDAQ:TCMD,1.4775965911488126e-08
2023-02-09,12,AR1 alpha + Basic + One-Step,NASDAQ:TCMD,0.0
2023-02-10,12,AR1 alpha + Basic + One-Step,NASDAQ:TCMD,0.0
2023-02-13,12,AR1 alpha + Basic + One-Step,NASDAQ:TCMD,0.0
2023-02-14,12,AR1 alpha + Basic + One-Step,NASDAQ:TCMD,0.0
2023-02-15,12,AR1 alpha + Basic + One-Step,NASDAQ:TCMD,3.073149799124291e-08
2023-02-16,12,AR1 alpha + Basic + One-Step,NASDAQ:TCMD,2.41863165128129e-09
2023-02-17,12,AR1 alpha + Basic + One-Step,NASDAQ:TCMD,0.0
2023-02-21,12,AR1 alpha + Basic + One-Step,NASDAQ:TCMD,0.0
2023-02-22,12,AR1 alpha + Basic + One-Step,NASDAQ:TCMD,0.0
2023-02-23,12,AR1 alpha + Basic + One-Step,NASDAQ:TCMD,8.234587370905297e-09
2023-02-24,12,AR1 alpha + Basic + One-Step,NASDAQ:TCMD,5.052672862329449e-08
2023-02-27,12,AR1 alpha + Basic + One-Step,NASDAQ:TCMD,2.389502072043876e-08
2023-02-28,12,AR1 alpha + Basic + One-Step,NASDAQ:TCMD,5.054130826726876e-08
2023-03-01,12,AR1 alpha + Basic + One-Step,NASDAQ:TCMD,5.668221214301759e-09
2023-03-02,12,AR1 alpha + Basic + One-Step,NASDAQ:TCMD,0.0
2023-03-03,12,AR1 alpha + Basic + One-Step,NASDAQ:TCMD,0.0
2023-03-06,12,AR1 alpha + Basic + One-Step,NASDAQ:TCMD,0.0
2023-03-07,12,AR1 alpha + Basic + One-Step,NASDAQ:TCMD,0.0
2023-03-08,12,AR1 alpha + Basic + One-Step,NASDAQ:TCMD,0.0
2023-03-09,12,AR1 alpha + Basic + One-Step,NASDAQ:TCMD,1.7565808368923773e-07
2023-03-10,12,AR1 alpha + Basic + One-Step,NASDAQ:TCMD,4.179276868289242e-08
2023-03-13,12,AR1 alpha + Basic + One-Step,NASDAQ:TCMD,1.7939964933515948e-07
2023-03-14,12,AR1 alpha + Basic + One-Step,NASDAQ:TCMD,0.0
2023-03-15,12,AR1 alpha + Basic + One-Step,NASDAQ:TCMD,0.0
2023-03-16,12,AR1 alpha + Basic + One-Step,NASDAQ:TCMD,0.0
2023-03-17,12,AR1 alpha + Basic + One-Step,NASDAQ:TCMD,0.0
2023-03-20,12,AR1 alpha + Basic + One-Step,NASDAQ:TCMD,0.0
2023-03-21,12,AR1 alpha + Basic + One-Step,NASDAQ:TCMD,0.0
2023-03-22,12,AR1 alpha + Basic + One-Step,NASDAQ:TCMD,4.379831299604335e-09
2023-03-23,12,AR1 alpha + Basic + One-Step,NASDAQ:TCMD,2.2188948264449133e-08
2023-03-24,12,AR1 alpha + Basic + One-Step,NASDAQ:TCMD,0.0
2023-03-27,12,AR1 alpha + Basic + One-Step,NASDAQ:TCMD,0.0
2023-03-28,12,AR1 alpha + Basic + One-Step,NASDAQ:TCMD,1.3952907547585667e-09
2023-03-29,12,AR1 alpha + Basic + One-Step,NASDAQ:TCMD,0.0
2023-03-30,12,AR1 alpha + Basic + One-Step,NASDAQ:TCMD,0.0
2023-03-31,12,AR1 alpha + Basic + One-Step,NASDAQ:TCMD,7.646112923531239e-08
2023-04-03,12,AR1 alpha + Basic + One-Step,NASDAQ:TCMD,0.0
2023-04-04,12,AR1 alpha + Basic + One-Step,NASDAQ:TCMD,0.0
2023-04-05,12,AR1 alpha + Basic + One-Step,NASDAQ:TCMD,3.464686092183489e-08
2023-04-06,12,AR1 alpha + Basic + One-Step,NASDAQ:TCMD,4.0462127310890386e-08
2023-04-10,12,AR1 alpha + Basic + One-Step,NASDAQ:TCMD,0.0
2023-04-11,12,AR1 alpha + Basic + One-Step,NASDAQ:TCMD,0.0
2023-04-12,12,AR1 alpha + Basic + One-Step,NASDAQ:TCMD,0.0
2023-04-13,12,AR1 alpha + Basic + One-Step,NASDAQ:TCMD,2.4197626418604906e-09
2023-04-14,12,AR1 alpha + Basic + One-Step,NASDAQ:TCMD,8.153990741706021e-09
2023-04-17,12,AR1 alpha + Basic + One-Step,NASDAQ:TCMD,5.896045974522415e-10
2023-04-18,12,AR1 alpha + Basic + One-Step,NASDAQ:TCMD,0.0
2023-04-19,12,AR1 alpha + Basic + One-Step,NASDAQ:TCMD,4.425294799911824e-10
2023-04-20,12,AR1 alpha + Basic + One-Step,NASDAQ:TCMD,3.4784811492622754e-09
2023-04-21,12,AR1 alpha + Basic + One-Step,NASDAQ:TCMD,0.0
2023-04-24,12,AR1 alpha + Basic + One-Step,NASDAQ:TCMD,4.79252069669469e-07
2023-04-25,12,AR1 alpha + Basic + One-Step,NASDAQ:TCMD,0.0
2023-04-26,12,AR1 alpha + Basic + One-Step,NASDAQ:TCMD,0.0
2023-04-27,12,AR1 alpha + Basic + One-Step,NASDAQ:TCMD,0.0
2023-04-28,12,AR1 alpha + Basic + One-Step,NASDAQ:TCMD,1.4761991818803188e-08
2023-05-01,12,AR1 alpha + Basic + One-Step,NASDAQ:TCMD,1.3213048355986944e-09
2023-05-02,12,AR1 alpha + Basic + One-Step,NASDAQ:TCMD,1.7657709596840195e-08
2023-05-03,12,AR1 alpha + Basic + One-Step,NASDAQ:TCMD,0.0
2023-05-04,12,AR1 alpha + Basic + One-Step,NASDAQ:TCMD,0.0
2023-05-05,12,AR1 alpha + Basic + One-Step,NASDAQ:TCMD,4.273036746068599e-08
2023-05-08,12,AR1 alpha + Basic + One-Step,NASDAQ:TCMD,0.0
2023-05-09,12,AR1 alpha + Basic + One-Step,NASDAQ:TCMD,5.122129345126822e-09
2023-05-10,12,AR1 alpha + Basic + One-Step,NASDAQ:TCMD,2.7257014448665254e-08
2023-05-11,12,AR1 alpha + Basic + One-Step,NASDAQ:TCMD,1.814796943440239e-07
2023-05-12,12,AR1 alpha + Basic + One-Step,NASDAQ:TCMD,3.2648739017330333e-07
2023-05-15,12,AR1 alpha + Basic + One-Step,NASDAQ:TCMD,0.09676313443638995
2023-05-16,12,AR1 alpha + Basic + One-Step,NASDAQ:TCMD,0.09675680988336413
2023-05-17,12,AR1 alpha + Basic + One-Step,NASDAQ:TCMD,0.09999980619607385
2023-05-18,12,AR1 alpha + Basic + One-Step,NASDAQ:TCMD,0.09939250210468226
2023-05-19,12,AR1 alpha + Basic + One-Step,NASDAQ:TCMD,0.079246106541352
2023-05-22,12,AR1 alpha + Basic + One-Step,NASDAQ:TCMD,0.09820443106850472
2023-05-23,12,AR1 alpha + Basic + One-Step,NASDAQ:TCMD,0.09999974925163962
2023-05-24,12,AR1 alpha + Basic + One-Step,NASDAQ:TCMD,0.09999986328932453
2023-05-25,12,AR1 alpha + Basic + One-Step,NASDAQ:TCMD,0.09999996194629682
2023-05-26,12,AR1 alpha + Basic + One-Step,NASDAQ:TCMD,0.09999489677068472
2023-05-30,12,AR1 alpha + Basic + One-Step,NASDAQ:TCMD,0.09999400462648796
2023-05-31,12,AR1 alpha + Basic + One-Step,NASDAQ:TCMD,0.0999986670873587
2023-06-01,12,AR1 alpha + Basic + One-Step,NASDAQ:TCMD,0.0763626707051116
2023-06-02,12,AR1 alpha + Basic + One-Step,NASDAQ:TCMD,0.023494108517349413
2023-06-05,12,AR1 alpha + Basic + One-Step,NASDAQ:TCMD,0.02156162405894602
2023-06-06,12,AR1 alpha + Basic + One-Step,NASDAQ:TCMD,0.05784565878703298
2023-06-07,12,AR1 alpha + Basic + One-Step,NASDAQ:TCMD,0.10000004416966675
2023-06-08,12,AR1 alpha + Basic + One-Step,NASDAQ:TCMD,0.09999954798568238
2023-06-09,12,AR1 alpha + Basic + One-Step,NASDAQ:TCMD,0.09999945426110898
2023-06-12,12,AR1 alpha + Basic + One-Step,NASDAQ:TCMD,0.09999794202489652
2023-06-13,12,AR1 alpha + Basic + One-Step,NASDAQ:TCMD,0.0999996796375522
2023-06-14,12,AR1 alpha + Basic + One-Step,NASDAQ:TCMD,0.09999967813489123
2023-06-15,12,AR1 alpha + Basic + One-Step,NASDAQ:TCMD,0.09999626164470919
2023-06-16,12,AR1 alpha + Basic + One-Step,NASDAQ:TCMD,0.09999916480218572
2023-06-20,12,AR1 alpha + Basic + One-Step,NASDAQ:TCMD,0.09999602336151471
2023-06-21,12,AR1 alpha + Basic + One-Step,NASDAQ:TCMD,0.09999871958495549
2023-06-22,12,AR1 alpha + Basic + One-Step,NASDAQ:TCMD,0.09999963255226918
2023-06-23,12,AR1 alpha + Basic + One-Step,NASDAQ:TCMD,0.0999987224379383
2023-06-26,12,AR1 alpha + Basic + One-Step,NASDAQ:TCMD,0.09999896731960102
2023-06-27,12,AR1 alpha + Basic + One-Step,NASDAQ:TCMD,0.09999686854653103
2023-06-28,12,AR1 alpha + Basic + One-Step,NASDAQ:TCMD,0.09999923064982207
2023-06-29,12,AR1 alpha + Basic + One-Step,NASDAQ:TCMD,0.09999852592557995
2023-06-30,12,AR1 alpha + Basic + One-Step,NASDAQ:TCMD,0.09999855382827842
2023-07-03,12,AR1 alpha + Basic + One-Step,NASDAQ:TCMD,0.09999882157691402
2023-07-05,12,AR1 alpha + Basic + One-Step,NASDAQ:TCMD,0.10000018366641804
2023-07-06,12,AR1 alpha + Basic + One-Step,NASDAQ:TCMD,0.09999581561892144
2023-07-07,12,AR1 alpha + Basic + One-Step,NASDAQ:TCMD,0.09999533650010502
2023-07-10,12,AR1 alpha + Basic + One-Step,NASDAQ:TCMD,0.0999986807081622
2023-07-11,12,AR1 alpha + Basic + One-Step,NASDAQ:TCMD,0.09999895004945353
2023-07-12,12,AR1 alpha + Basic + One-Step,NASDAQ:TCMD,0.09999965580740805
2023-07-13,12,AR1 alpha + Basic + One-Step,NASDAQ:TCMD,0.0999986596437074
2023-07-14,12,AR1 alpha + Basic + One-Step,NASDAQ:TCMD,0.09999972373975037
2023-07-17,12,AR1 alpha + Basic + One-Step,NASDAQ:TCMD,0.09999989996246439
2023-07-18,12,AR1 alpha + Basic + One-Step,NASDAQ:TCMD,0.10000045731149776
2023-07-19,12,AR1 alpha + Basic + One-Step,NASDAQ:TCMD,0.10000000000000003
2023-07-20,12,AR1 alpha + Basic + One-Step,NASDAQ:TCMD,0.09999999999999992
2023-07-21,12,AR1 alpha + Basic + One-Step,NASDAQ:TCMD,0.09999823474617123
2023-07-24,12,AR1 alpha + Basic + One-Step,NASDAQ:TCMD,0.09999524836978889
2023-07-25,12,AR1 alpha + Basic + One-Step,NASDAQ:TCMD,0.09999333568062553
2023-07-26,12,AR1 alpha + Basic + One-Step,NASDAQ:TCMD,0.09999689345149398
2023-07-27,12,AR1 alpha + Basic + One-Step,NASDAQ:TCMD,0.09999453609279339
2023-07-28,12,AR1 alpha + Basic + One-Step,NASDAQ:TCMD,0.09999576939275746
2023-07-31,12,AR1 alpha + Basic + One-Step,NASDAQ:TCMD,0.09999281627196852
2023-08-01,12,AR1 alpha + Basic + One-Step,NASDAQ:TCMD,0.09999712286695993
2023-08-02,12,AR1 alpha + Basic + One-Step,NASDAQ:TCMD,0.09999903762487611
2023-08-03,12,AR1 alpha + Basic + One-Step,NASDAQ:TCMD,0.09999465707585234
2023-08-04,12,AR1 alpha + Basic + One-Step,NASDAQ:TCMD,0.09999825317761829
2023-08-07,12,AR1 alpha + Basic + One-Step,NASDAQ:TCMD,0.09999946926580806
2023-08-08,12,AR1 alpha + Basic + One-Step,NASDAQ:TCMD,0.0999973344446002
2023-08-09,12,AR1 alpha + Basic + One-Step,NASDAQ:TCMD,0.09999570913151093
2023-08-10,12,AR1 alpha + Basic + One-Step,NASDAQ:TCMD,0.09999618794387567
2023-08-11,12,AR1 alpha + Basic + One-Step,NASDAQ:TCMD,0.09999947375258132
2023-08-14,12,AR1 alpha + Basic + One-Step,NASDAQ:TCMD,0.09999849651321353
2023-08-15,12,AR1 alpha + Basic + One-Step,NASDAQ:TCMD,0.09999868519869569
2023-08-16,12,AR1 alpha + Basic + One-Step,NASDAQ:TCMD,0.09999551217123015
2023-08-17,12,AR1 alpha + Basic + One-Step,NASDAQ:TCMD,0.09999315659908896
2023-08-18,12,AR1 alpha + Basic + One-Step,NASDAQ:TCMD,0.09998965982985186
2023-08-21,12,AR1 alpha + Basic + One-Step,NASDAQ:TCMD,0.09999776653054394
2023-08-22,12,AR1 alpha + Basic + One-Step,NASDAQ:TCMD,0.09999800534962504
2023-08-23,12,AR1 alpha + Basic + One-Step,NASDAQ:TCMD,0.09999969486253583
2023-08-24,12,AR1 alpha + Basic + One-Step,NASDAQ:TCMD,0.0999994040064318
2023-08-25,12,AR1 alpha + Basic + One-Step,NASDAQ:TCMD,0.09999991827572512
2023-08-28,12,AR1 alpha + Basic + One-Step,NASDAQ:TCMD,0.09999903089895287
2023-08-29,12,AR1 alpha + Basic + One-Step,NASDAQ:TCMD,0.09999937502432013
2023-08-30,12,AR1 alpha + Basic + One-Step,NASDAQ:TCMD,0.09999686456620535
2023-08-31,12,AR1 alpha + Basic + One-Step,NASDAQ:TCMD,0.09999946696347209
2023-09-01,12,AR1 alpha + Basic + One-Step,NASDAQ:TCMD,0.09999977117883868
2023-09-05,12,AR1 alpha + Basic + One-Step,NASDAQ:TCMD,0.09999349564275183
2023-09-06,12,AR1 alpha + Basic + One-Step,NASDAQ:TCMD,0.09999862453382458
2023-09-07,12,AR1 alpha + Basic + One-Step,NASDAQ:TCMD,0.10000058697133203
2023-09-08,12,AR1 alpha + Basic + One-Step,NASDAQ:TCMD,0.10000040951868977
2023-09-11,12,AR1 alpha + Basic + One-Step,NASDAQ:TCMD,0.10000008458913978
2023-09-12,12,AR1 alpha + Basic + One-Step,NASDAQ:TCMD,0.09999964820798703
2023-09-13,12,AR1 alpha + Basic + One-Step,NASDAQ:TCMD,0.0999968635920374
2023-09-14,12,AR1 alpha + Basic + One-Step,NASDAQ:TCMD,0.099996620409428
2023-09-15,12,AR1 alpha + Basic + One-Step,NASDAQ:TCMD,0.09999240703452078
2023-09-18,12,AR1 alpha + Basic + One-Step,NASDAQ:TCMD,0.0999972327795909
2023-09-19,12,AR1 alpha + Basic + One-Step,NASDAQ:TCMD,0.09999929964725031
2023-09-20,12,AR1 alpha + Basic + One-Step,NASDAQ:TCMD,0.09999841078936156
2023-09-21,12,AR1 alpha + Basic + One-Step,NASDAQ:TCMD,0.09999451287164533
2023-09-22,12,AR1 alpha + Basic + One-Step,NASDAQ:TCMD,0.099998311975739
2023-09-25,12,AR1 alpha + Basic + One-Step,NASDAQ:TCMD,0.09999684664766166
2023-09-26,12,AR1 alpha + Basic + One-Step,NASDAQ:TCMD,0.09999703085433234
2023-09-27,12,AR1 alpha + Basic + One-Step,NASDAQ:TCMD,0.09999002100188378
2023-09-28,12,AR1 alpha + Basic + One-Step,NASDAQ:TCMD,0.09999750119754951
2023-09-29,12,AR1 alpha + Basic + One-Step,NASDAQ:TCMD,0.09999937247881219
2023-10-02,12,AR1 alpha + Basic + One-Step,NASDAQ:TCMD,0.0999994932256875
2023-10-03,12,AR1 alpha + Basic + One-Step,NASDAQ:TCMD,0.09999929434196078
2023-10-04,12,AR1 alpha + Basic + One-Step,NASDAQ:TCMD,0.09999616557284349
2023-10-05,12,AR1 alpha + Basic + One-Step,NASDAQ:TCMD,0.09999842653547092
2023-10-06,12,AR1 alpha + Basic + One-Step,NASDAQ:TCMD,0.09999329678910407
2023-10-09,12,AR1 alpha + Basic + One-Step,NASDAQ:TCMD,0.09999889236310892
2023-10-10,12,AR1 alpha + Basic + One-Step,NASDAQ:TCMD,0.09999712325113144
2023-10-11,12,AR1 alpha + Basic + One-Step,NASDAQ:TCMD,0.09999939227770578
2023-10-12,12,AR1 alpha + Basic + One-Step,NASDAQ:TCMD,0.09999813151968773
2023-10-13,12,AR1 alpha + Basic + One-Step,NASDAQ:TCMD,0.09999956299304236
2023-10-16,12,AR1 alpha + Basic + One-Step,NASDAQ:TCMD,0.09999972962590462
2023-10-17,12,AR1 alpha + Basic + One-Step,NASDAQ:TCMD,0.09999970057280014
2023-10-18,12,AR1 alpha + Basic + One-Step,NASDAQ:TCMD,0.09999578631577705
2023-10-19,12,AR1 alpha + Basic + One-Step,NASDAQ:TCMD,0.09999495954792098
2023-10-20,12,AR1 alpha + Basic + One-Step,NASDAQ:TCMD,0.0999952891663629
2023-10-23,12,AR1 alpha + Basic + One-Step,NASDAQ:TCMD,0.0999987209605032
2023-10-24,12,AR1 alpha + Basic + One-Step,NASDAQ:TCMD,0.09999294084170264
2023-10-25,12,AR1 alpha + Basic + One-Step,NASDAQ:TCMD,0.09999487213597923
2023-10-26,12,AR1 alpha + Basic + One-Step,NASDAQ:TCMD,0.0924081123166321
2023-10-27,12,AR1 alpha + Basic + One-Step,NASDAQ:TCMD,0.09552672923926155
2023-10-30,12,AR1 alpha + Basic + One-Step,NASDAQ:TCMD,0.09999997002382056
2023-10-31,12,AR1 alpha + Basic + One-Step,NASDAQ:TCMD,0.09999487425269867
2023-11-01,12,AR1 alpha + Basic + One-Step,NASDAQ:TCMD,0.09999743705394883
2023-11-02,12,AR1 alpha + Basic + One-Step,NASDAQ:TCMD,0.0999961517766701
2023-11-03,12,AR1 alpha + Basic + One-Step,NASDAQ:TCMD,0.09999686385274877
2023-11-06,12,AR1 alpha + Basic + One-Step,NASDAQ:TCMD,0.0999944516413279
2023-11-07,12,AR1 alpha + Basic + One-Step,NASDAQ:TCMD,0.008805136033015186
2023-11-08,12,AR1 alpha + Basic + One-Step,NASDAQ:TCMD,0.008270212080070819
2023-11-09,12,AR1 alpha + Basic + One-Step,NASDAQ:TCMD,0.050340348237202466
2023-11-10,12,AR1 alpha + Basic + One-Step,NASDAQ:TCMD,0.055122197138491084
2023-11-13,12,AR1 alpha + Basic + One-Step,NASDAQ:TCMD,0.055118385539047667
2023-11-14,12,AR1 alpha + Basic + One-Step,NASDAQ:TCMD,0.058293028017615565
2023-11-15,12,AR1 alpha + Basic + One-Step,NASDAQ:TCMD,0.07948614153753837
2023-11-16,12,AR1 alpha + Basic + One-Step,NASDAQ:TCMD,0.08361807762599538
2023-11-17,12,AR1 alpha + Basic + One-Step,NASDAQ:TCMD,0.08575296489233313
2023-11-20,12,AR1 alpha + Basic + One-Step,NASDAQ:TCMD,0.09999813991998059
2023-11-21,12,AR1 alpha + Basic + One-Step,NASDAQ:TCMD,0.0999994033003984
2023-11-22,12,AR1 alpha + Basic + One-Step,NASDAQ:TCMD,0.0999994960458575
2023-11-24,12,AR1 alpha + Basic + One-Step,NASDAQ:TCMD,0.0999996276597492
2023-11-27,12,AR1 alpha + Basic + One-Step,NASDAQ:TCMD,0.09999909644057074
2023-11-28,12,AR1 alpha + Basic + One-Step,NASDAQ:TCMD,0.09999968400470548
2023-11-29,12,AR1 alpha + Basic + One-Step,NASDAQ:TCMD,0.09999989627233967
2023-11-30,12,AR1 alpha + Basic + One-Step,NASDAQ:TCMD,0.09999995523854588
2023-12-01,12,AR1 alpha + Basic + One-Step,NASDAQ:TCMD,0.10000005603368185
2023-12-04,12,AR1 alpha + Basic + One-Step,NASDAQ:TCMD,0.09999807954929307
2023-12-05,12,AR1 alpha + Basic + One-Step,NASDAQ:TCMD,0.07656486062496803
2023-12-06,12,AR1 alpha + Basic + One-Step,NASDAQ:TCMD,0.0585065950458145
2023-12-07,12,AR1 alpha + Basic + One-Step,NASDAQ:TCMD,0.06325840354985043
2023-12-08,12,AR1 alpha + Basic + One-Step,NASDAQ:TCMD,0.06041305252033165
2023-12-11,12,AR1 alpha + Basic + One-Step,NASDAQ:TCMD,0.04156516338796848
2023-12-12,12,AR1 alpha + Basic + One-Step,NASDAQ:TCMD,0.010939964287477103
2023-12-13,12,AR1 alpha + Basic + One-Step,NASDAQ:TCMD,0.025865166821334596
2023-12-14,12,AR1 alpha + Basic + One-Step,NASDAQ:TCMD,0.012795549584313476
2023-12-15,12,AR1 alpha + Basic + One-Step,NASDAQ:TCMD,0.029429754445001424
2023-12-18,12,AR1 alpha + Basic + One-Step,NASDAQ:TCMD,0.017682157583347614
2023-12-19,12,AR1 alpha + Basic + One-Step,NASDAQ:TCMD,0.017739795996582777
2023-12-20,12,AR1 alpha + Basic + One-Step,NASDAQ:TCMD,0.003947861995445435
2023-12-21,12,AR1 alpha + Basic + One-Step,NASDAQ:TCMD,0.015624349934210451
2023-12-22,12,AR1 alpha + Basic + One-Step,NASDAQ:TCMD,0.009480377652541472
2023-12-26,12,AR1 alpha + Basic + One-Step,NASDAQ:TCMD,0.008789550686265798
2023-12-27,12,AR1 alpha + Basic + One-Step,NASDAQ:TCMD,0.0012943840699025217
2023-12-28,12,AR1 alpha + Basic + One-Step,NASDAQ:TCMD,0.0
2023-12-29,12,AR1 alpha + Basic + One-Step,NASDAQ:TCMD,0.0
2024-01-02,12,AR1 alpha + Basic + One-Step,NASDAQ:TCMD,0.0
2024-01-03,12,AR1 alpha + Basic + One-Step,NASDAQ:TCMD,0.0
2024-01-04,12,AR1 alpha + Basic + One-Step,NASDAQ:TCMD,0.0
2024-01-05,12,AR1 alpha + Basic + One-Step,NASDAQ:TCMD,0.0
2024-01-08,12,AR1 alpha + Basic + One-Step,NASDAQ:TCMD,0.0
2024-01-09,12,AR1 alpha + Basic + One-Step,NASDAQ:TCMD,0.0
2024-01-10,12,AR1 alpha + Basic + One-Step,NASDAQ:TCMD,0.0
2024-01-11,12,AR1 alpha + Basic + One-Step,NASDAQ:TCMD,1.8266733614471185e-07
2024-01-12,12,AR1 alpha + Basic + One-Step,NASDAQ:TCMD,0.0
2024-01-16,12,AR1 alpha + Basic + One-Step,NASDAQ:TCMD,0.0
2024-01-17,12,AR1 alpha + Basic + One-Step,NASDAQ:TCMD,0.0
2024-01-18,12,AR1 alpha + Basic + One-Step,NASDAQ:TCMD,3.687668082730005e-07
2024-01-19,12,AR1 alpha + Basic + One-Step,NASDAQ:TCMD,0.0
2024-01-22,12,AR1 alpha + Basic + One-Step,NASDAQ:TCMD,0.0
2024-01-23,12,AR1 alpha + Basic + One-Step,NASDAQ:TCMD,0.0
2024-01-24,12,AR1 alpha + Basic + One-Step,NASDAQ:TCMD,9.20003262539324e-08
2024-01-25,12,AR1 alpha + Basic + One-Step,NASDAQ:TCMD,0.018349906055033772
2024-01-26,12,AR1 alpha + Basic + One-Step,NASDAQ:TCMD,0.0006447875273965743
2024-01-29,12,AR1 alpha + Basic + One-Step,NASDAQ:TCMD,0.0035889886260972344
2024-01-30,12,AR1 alpha + Basic + One-Step,NASDAQ:TCMD,0.0
2024-01-31,12,AR1 alpha + Basic + One-Step,NASDAQ:TCMD,0.012212293616398877
2024-02-01,12,AR1 alpha + Basic + One-Step,NASDAQ:TCMD,0.028291862811954616
2024-02-02,12,AR1 alpha + Basic + One-Step,NASDAQ:TCMD,0.007476998307518268
2024-02-05,12,AR1 alpha + Basic + One-Step,NASDAQ:TCMD,0.0
2024-02-06,12,AR1 alpha + Basic + One-Step,NASDAQ:TCMD,0.02949236191853748
2024-02-07,12,AR1 alpha + Basic + One-Step,NASDAQ:TCMD,0.018313077658670584
2024-02-08,12,AR1 alpha + Basic + One-Step,NASDAQ:TCMD,0.03305253328188585
2024-02-09,12,AR1 alpha + Basic + One-Step,NASDAQ:TCMD,0.037643661397759445
2024-02-12,12,AR1 alpha + Basic + One-Step,NASDAQ:TCMD,0.04051535605986736
2024-02-13,12,AR1 alpha + Basic + One-Step,NASDAQ:TCMD,0.0008710867099039846
2024-02-14,12,AR1 alpha + Basic + One-Step,NASDAQ:TCMD,0.0337853709186511
2024-02-15,12,AR1 alpha + Basic + One-Step,NASDAQ:TCMD,0.014339257798359345
2024-02-16,12,AR1 alpha + Basic + One-Step,NASDAQ:TCMD,0.0
2024-02-20,12,AR1 alpha + Basic + One-Step,NASDAQ:TCMD,0.0
2024-02-21,12,AR1 alpha + Basic + One-Step,NASDAQ:TCMD,0.0
2024-02-22,12,AR1 alpha + Basic + One-Step,NASDAQ:TCMD,0.0
2024-02-23,12,AR1 alpha + Basic + One-Step,NASDAQ:TCMD,0.09999918178660948
2024-02-26,12,AR1 alpha + Basic + One-Step,NASDAQ:TCMD,0.05229885759454137
2024-02-27,12,AR1 alpha + Basic + One-Step,NASDAQ:TCMD,0.04349672814258598
2024-02-28,12,AR1 alpha + Basic + One-Step,NASDAQ:TCMD,0.00609188939648453
2024-02-29,12,AR1 alpha + Basic + One-Step,NASDAQ:TCMD,0.0
2024-03-01,12,AR1 alpha + Basic + One-Step,NASDAQ:TCMD,0.0
2024-03-04,12,AR1 alpha + Basic + One-Step,NASDAQ:TCMD,0.0
2024-03-05,12,AR1 alpha + Basic + One-Step,NASDAQ:TCMD,0.0
2024-03-06,12,AR1 alpha + Basic + One-Step,NASDAQ:TCMD,0.0
2024-03-07,12,AR1 alpha + Basic + One-Step,NASDAQ:TCMD,0.0
2024-03-08,12,AR1 alpha + Basic + One-Step,NASDAQ:TCMD,0.0
2024-03-11,12,AR1 alpha + Basic + One-Step,NASDAQ:TCMD,0.0
2024-03-12,12,AR1 alpha + Basic + One-Step,NASDAQ:TCMD,0.0
2024-03-13,12,AR1 alpha + Basic + One-Step,NASDAQ:TCMD,0.0
2024-03-14,12,AR1 alpha + Basic + One-Step,NASDAQ:TCMD,4.821778045829101e-08
2024-03-15,12,AR1 alpha + Basic + One-Step,NASDAQ:TCMD,4.102957449886613e-08
2024-03-18,12,AR1 alpha + Basic + One-Step,NASDAQ:TCMD,0.0
2024-03-19,12,AR1 alpha + Basic + One-Step,NASDAQ:TCMD,0.0
2024-03-20,12,AR1 alpha + Basic + One-Step,NASDAQ:TCMD,0.0
2024-03-21,12,AR1 alpha + Basic + One-Step,NASDAQ:TCMD,2.9588563371418244e-08
2024-03-22,12,AR1 alpha + Basic + One-Step,NASDAQ:TCMD,0.0
2024-03-25,12,AR1 alpha + Basic + One-Step,NASDAQ:TCMD,0.0
2024-03-26,12,AR1 alpha + Basic + One-Step,NASDAQ:TCMD,0.0
2024-03-27,12,AR1 alpha + Basic + One-Step,NASDAQ:TCMD,0.0
2024-03-28,12,AR1 alpha + Basic + One-Step,NASDAQ:TCMD,0.0
2024-04-01,12,AR1 alpha + Basic + One-Step,NASDAQ:TCMD,6.197660149903691e-07
2024-04-02,12,AR1 alpha + Basic + One-Step,NASDAQ:TCMD,0.0
2024-04-03,12,AR1 alpha + Basic + One-Step,NASDAQ:TCMD,0.0
2024-04-04,12,AR1 alpha + Basic + One-Step,NASDAQ:TCMD,0.0
2024-04-05,12,AR1 alpha + Basic + One-Step,NASDAQ:TCMD,0.0
2024-04-08,12,AR1 alpha + Basic + One-Step,NASDAQ:TCMD,0.0
2024-04-09,12,AR1 alpha + Basic + One-Step,NASDAQ:TCMD,0.0
2024-04-10,12,AR1 alpha + Basic + One-Step,NASDAQ:TCMD,2.828961752006444e-07
2024-04-11,12,AR1 alpha + Basic + One-Step,NASDAQ:TCMD,0.0
2024-04-12,12,AR1 alpha + Basic + One-Step,NASDAQ:TCMD,0.0
2024-04-15,12,AR1 alpha + Basic + One-Step,NASDAQ:TCMD,0.0
2024-04-16,12,AR1 alpha + Basic + One-Step,NASDAQ:TCMD,0.0
2024-04-17,12,AR1 alpha + Basic + One-Step,NASDAQ:TCMD,9.881321582192022e-09
2024-04-18,12,AR1 alpha + Basic + One-Step,NASDAQ:TCMD,0.0
2024-04-19,12,AR1 alpha + Basic + One-Step,NASDAQ:TCMD,0.0
2020-03-25,12,AR1 alpha + Basic + One-Step,NYSE:UVV,0.02
2020-03-26,12,AR1 alpha + Basic + One-Step,NYSE:UVV,0.019999999999999997
2020-03-27,12,AR1 alpha + Basic + One-Step,NYSE:UVV,0.0
2020-03-30,12,AR1 alpha + Basic + One-Step,NYSE:UVV,0.0
2020-03-31,12,AR1 alpha + Basic + One-Step,NYSE:UVV,0.0
2020-04-01,12,AR1 alpha + Basic + One-Step,NYSE:UVV,0.0
2020-04-02,12,AR1 alpha + Basic + One-Step,NYSE:UVV,0.0971938708714121
2020-04-03,12,AR1 alpha + Basic + One-Step,NYSE:UVV,0.10000007240958216
2020-04-06,12,AR1 alpha + Basic + One-Step,NYSE:UVV,0.0999993581655868
2020-04-07,12,AR1 alpha + Basic + One-Step,NYSE:UVV,0.09999975469047497
2020-04-08,12,AR1 alpha + Basic + One-Step,NYSE:UVV,0.09999949219792056
2020-04-09,12,AR1 alpha + Basic + One-Step,NYSE:UVV,0.09999902454825542
2020-04-13,12,AR1 alpha + Basic + One-Step,NYSE:UVV,0.0999977329547506
2020-04-14,12,AR1 alpha + Basic + One-Step,NYSE:UVV,0.09999714047328172
2020-04-15,12,AR1 alpha + Basic + One-Step,NYSE:UVV,0.09999676165549477
2020-04-16,12,AR1 alpha + Basic + One-Step,NYSE:UVV,0.09999017485573884
2020-04-17,12,AR1 alpha + Basic + One-Step,NYSE:UVV,0.09999081056486435
2020-04-20,12,AR1 alpha + Basic + One-Step,NYSE:UVV,0.0999925130067377
2020-04-21,12,AR1 alpha + Basic + One-Step,NYSE:UVV,0.09999569485594109
2020-04-22,12,AR1 alpha + Basic + One-Step,NYSE:UVV,0.09999383353822491
2020-04-23,12,AR1 alpha + Basic + One-Step,NYSE:UVV,0.09999643767850326
2020-04-24,12,AR1 alpha + Basic + One-Step,NYSE:UVV,3.2142355467709903e-07
2020-04-27,12,AR1 alpha + Basic + One-Step,NYSE:UVV,0.0
2020-04-28,12,AR1 alpha + Basic + One-Step,NYSE:UVV,0.0
2020-04-29,12,AR1 alpha + Basic + One-Step,NYSE:UVV,5.996521632864996e-07
2020-04-30,12,AR1 alpha + Basic + One-Step,NYSE:UVV,0.0
2020-05-01,12,AR1 alpha + Basic + One-Step,NYSE:UVV,1.0687273567210621e-08
2020-05-04,12,AR1 alpha + Basic + One-Step,NYSE:UVV,0.0
2020-05-05,12,AR1 alpha + Basic + One-Step,NYSE:UVV,7.113119066674941e-07
2020-05-06,12,AR1 alpha + Basic + One-Step,NYSE:UVV,0.0
2020-05-07,12,AR1 alpha + Basic + One-Step,NYSE:UVV,0.0
2020-05-08,12,AR1 alpha + Basic + One-Step,NYSE:UVV,1.5719612977483072e-08
2020-05-11,12,AR1 alpha + Basic + One-Step,NYSE:UVV,0.0
2020-05-12,12,AR1 alpha + Basic + One-Step,NYSE:UVV,3.6749636428073866e-08
2020-05-13,12,AR1 alpha + Basic + One-Step,NYSE:UVV,0.0
2020-05-14,12,AR1 alpha + Basic + One-Step,NYSE:UVV,0.0
2020-05-15,12,AR1 alpha + Basic + One-Step,NYSE:UVV,0.0
2020-05-18,12,AR1 alpha + Basic + One-Step,NYSE:UVV,0.0
2020-05-19,12,AR1 alpha + Basic + One-Step,NYSE:UVV,0.0
2020-05-20,12,AR1 alpha + Basic + One-Step,NYSE:UVV,0.0
2020-05-21,12,AR1 alpha + Basic + One-Step,NYSE:UVV,0.0
2020-05-22,12,AR1 alpha + Basic + One-Step,NYSE:UVV,5.7220583383299326e-08
2020-05-26,12,AR1 alpha + Basic + One-Step,NYSE:UVV,8.199318903044841e-08
2020-05-27,12,AR1 alpha + Basic + One-Step,NYSE:UVV,1.2101152024574935e-06
2020-05-28,12,AR1 alpha + Basic + One-Step,NYSE:UVV,0.0
2020-05-29,12,AR1 alpha + Basic + One-Step,NYSE:UVV,0.0
2020-06-01,12,AR1 alpha + Basic + One-Step,NYSE:UVV,0.0
2020-06-02,12,AR1 alpha + Basic + One-Step,NYSE:UVV,3.840313705747856e-07
2020-06-03,12,AR1 alpha + Basic + One-Step,NYSE:UVV,0.0
2020-06-04,12,AR1 alpha + Basic + One-Step,NYSE:UVV,0.0
2020-06-05,12,AR1 alpha + Basic + One-Step,NYSE:UVV,1.32466040489203e-08
2020-06-08,12,AR1 alpha + Basic + One-Step,NYSE:UVV,0.0
2020-06-09,12,AR1 alpha + Basic + One-Step,NYSE:UVV,0.0
2020-06-10,12,AR1 alpha + Basic + One-Step,NYSE:UVV,0.0
2020-06-11,12,AR1 alpha + Basic + One-Step,NYSE:UVV,0.0
2020-06-12,12,AR1 alpha + Basic + One-Step,NYSE:UVV,1.925555041569436e-09
2020-06-15,12,AR1 alpha + Basic + One-Step,NYSE:UVV,1.5189800850138205e-08
2020-06-16,12,AR1 alpha + Basic + One-Step,NYSE:UVV,8.348431523408868e-08
2020-06-17,12,AR1 alpha + Basic + One-Step,NYSE:UVV,0.0
2020-06-18,12,AR1 alpha + Basic + One-Step,NYSE:UVV,8.130150629665516e-08
2020-06-19,12,AR1 alpha + Basic + One-Step,NYSE:UVV,0.0
2020-06-22,12,AR1 alpha + Basic + One-Step,NYSE:UVV,0.0
2020-06-23,12,AR1 alpha + Basic + One-Step,NYSE:UVV,0.0
2020-06-24,12,AR1 alpha + Basic + One-Step,NYSE:UVV,4.630155760381427e-08
2020-06-25,12,AR1 alpha + Basic + One-Step,NYSE:UVV,0.0
2020-06-26,12,AR1 alpha + Basic + One-Step,NYSE:UVV,0.0
2020-06-29,12,AR1 alpha + Basic + One-Step,NYSE:UVV,0.0
2020-06-30,12,AR1 alpha + Basic + One-Step,NYSE:UVV,0.0
2020-07-01,12,AR1 alpha + Basic + One-Step,NYSE:UVV,0.0
2020-07-02,12,AR1 alpha + Basic + One-Step,NYSE:UVV,4.858840311328695e-09
2020-07-06,12,AR1 alpha + Basic + One-Step,NYSE:UVV,0.0
2020-07-07,12,AR1 alpha + Basic + One-Step,NYSE:UVV,0.0
2020-07-08,12,AR1 alpha + Basic + One-Step,NYSE:UVV,0.0
2020-07-09,12,AR1 alpha + Basic + One-Step,NYSE:UVV,3.368776055617564e-07
2020-07-10,12,AR1 alpha + Basic + One-Step,NYSE:UVV,0.0
2020-07-13,12,AR1 alpha + Basic + One-Step,NYSE:UVV,3.295522553026496e-08
2020-07-14,12,AR1 alpha + Basic + One-Step,NYSE:UVV,0.0
2020-07-15,12,AR1 alpha + Basic + One-Step,NYSE:UVV,9.460067739260429e-08
2020-07-16,12,AR1 alpha + Basic + One-Step,NYSE:UVV,0.0
2020-07-17,12,AR1 alpha + Basic + One-Step,NYSE:UVV,0.0
2020-07-20,12,AR1 alpha + Basic + One-Step,NYSE:UVV,1.3880051990826925e-07
2020-07-21,12,AR1 alpha + Basic + One-Step,NYSE:UVV,0.0
2020-07-22,12,AR1 alpha + Basic + One-Step,NYSE:UVV,0.0
2020-07-23,12,AR1 alpha + Basic + One-Step,NYSE:UVV,0.0
2020-07-24,12,AR1 alpha + Basic + One-Step,NYSE:UVV,5.308466761478151e-07
2020-07-27,12,AR1 alpha + Basic + One-Step,NYSE:UVV,4.2619901019273107e-07
2020-07-28,12,AR1 alpha + Basic + One-Step,NYSE:UVV,0.0
2020-07-29,12,AR1 alpha + Basic + One-Step,NYSE:UVV,0.0
2020-07-30,12,AR1 alpha + Basic + One-Step,NYSE:UVV,0.0
2020-07-31,12,AR1 alpha + Basic + One-Step,NYSE:UVV,0.0
2020-08-03,12,AR1 alpha + Basic + One-Step,NYSE:UVV,0.0
2020-08-04,12,AR1 alpha + Basic + One-Step,NYSE:UVV,0.0
2020-08-05,12,AR1 alpha + Basic + One-Step,NYSE:UVV,0.0
2020-08-06,12,AR1 alpha + Basic + One-Step,NYSE:UVV,0.0
2020-08-07,12,AR1 alpha + Basic + One-Step,NYSE:UVV,0.0
2020-08-10,12,AR1 alpha + Basic + One-Step,NYSE:UVV,0.0
2020-08-11,12,AR1 alpha + Basic + One-Step,NYSE:UVV,0.0
2020-08-12,12,AR1 alpha + Basic + One-Step,NYSE:UVV,0.0
2020-08-13,12,AR1 alpha + Basic + One-Step,NYSE:UVV,0.0
2020-08-14,12,AR1 alpha + Basic + One-Step,NYSE:UVV,0.0
2020-08-17,12,AR1 alpha + Basic + One-Step,NYSE:UVV,0.0
2020-08-18,12,AR1 alpha + Basic + One-Step,NYSE:UVV,0.0
2020-08-19,12,AR1 alpha + Basic + One-Step,NYSE:UVV,0.0
2020-08-20,12,AR1 alpha + Basic + One-Step,NYSE:UVV,1.5444881845246323e-07
2020-08-21,12,AR1 alpha + Basic + One-Step,NYSE:UVV,0.0
2020-08-24,12,AR1 alpha + Basic + One-Step,NYSE:UVV,0.0
2020-08-25,12,AR1 alpha + Basic + One-Step,NYSE:UVV,0.0
2020-08-26,12,AR1 alpha + Basic + One-Step,NYSE:UVV,0.0
2020-08-27,12,AR1 alpha + Basic + One-Step,NYSE:UVV,0.0
2020-08-28,12,AR1 alpha + Basic + One-Step,NYSE:UVV,0.0
2020-08-31,12,AR1 alpha + Basic + One-Step,NYSE:UVV,0.0
2020-09-01,12,AR1 alpha + Basic + One-Step,NYSE:UVV,0.0
2020-09-02,12,AR1 alpha + Basic + One-Step,NYSE:UVV,0.0
2020-09-03,12,AR1 alpha + Basic + One-Step,NYSE:UVV,0.0
2020-09-04,12,AR1 alpha + Basic + One-Step,NYSE:UVV,0.0
2020-09-08,12,AR1 alpha + Basic + One-Step,NYSE:UVV,0.0
2020-09-09,12,AR1 alpha + Basic + One-Step,NYSE:UVV,0.0
2020-09-10,12,AR1 alpha + Basic + One-Step,NYSE:UVV,7.883595460561365e-09
2020-09-11,12,AR1 alpha + Basic + One-Step,NYSE:UVV,0.0
2020-09-14,12,AR1 alpha + Basic + One-Step,NYSE:UVV,0.0
2020-09-15,12,AR1 alpha + Basic + One-Step,NYSE:UVV,0.0
2020-09-16,12,AR1 alpha + Basic + One-Step,NYSE:UVV,0.0
2020-09-17,12,AR1 alpha + Basic + One-Step,NYSE:UVV,0.0
2020-09-18,12,AR1 alpha + Basic + One-Step,NYSE:UVV,0.0
2020-09-21,12,AR1 alpha + Basic + One-Step,NYSE:UVV,0.0
2020-09-22,12,AR1 alpha + Basic + One-Step,NYSE:UVV,0.0
2020-09-23,12,AR1 alpha + Basic + One-Step,NYSE:UVV,9.04098772688803e-09
2020-09-24,12,AR1 alpha + Basic + One-Step,NYSE:UVV,3.1761355926322014e-07
2020-09-25,12,AR1 alpha + Basic + One-Step,NYSE:UVV,0.0
2020-09-28,12,AR1 alpha + Basic + One-Step,NYSE:UVV,0.0
2020-09-29,12,AR1 alpha + Basic + One-Step,NYSE:UVV,3.8411207195787446e-08
2020-09-30,12,AR1 alpha + Basic + One-Step,NYSE:UVV,3.437130130724962e-08
2020-10-01,12,AR1 alpha + Basic + One-Step,NYSE:UVV,0.0
2020-10-02,12,AR1 alpha + Basic + One-Step,NYSE:UVV,0.0
2020-10-05,12,AR1 alpha + Basic + One-Step,NYSE:UVV,2.257968726293266e-08
2020-10-06,12,AR1 alpha + Basic + One-Step,NYSE:UVV,0.0
2020-10-07,12,AR1 alpha + Basic + One-Step,NYSE:UVV,0.0
2020-10-08,12,AR1 alpha + Basic + One-Step,NYSE:UVV,0.0
2020-10-09,12,AR1 alpha + Basic + One-Step,NYSE:UVV,0.0
2020-10-12,12,AR1 alpha + Basic + One-Step,NYSE:UVV,0.0
2020-10-13,12,AR1 alpha + Basic + One-Step,NYSE:UVV,0.0
2020-10-14,12,AR1 alpha + Basic + One-Step,NYSE:UVV,0.0
2020-10-15,12,AR1 alpha + Basic + One-Step,NYSE:UVV,0.0
2020-10-16,12,AR1 alpha + Basic + One-Step,NYSE:UVV,1.9457822734979275e-09
2020-10-19,12,AR1 alpha + Basic + One-Step,NYSE:UVV,0.0
2020-10-20,12,AR1 alpha + Basic + One-Step,NYSE:UVV,0.0
2020-10-21,12,AR1 alpha + Basic + One-Step,NYSE:UVV,0.0
2020-10-22,12,AR1 alpha + Basic + One-Step,NYSE:UVV,0.0
2020-10-23,12,AR1 alpha + Basic + One-Step,NYSE:UVV,0.0
2020-10-26,12,AR1 alpha + Basic + One-Step,NYSE:UVV,0.0
2020-10-27,12,AR1 alpha + Basic + One-Step,NYSE:UVV,1.9461330579666923e-10
2020-10-28,12,AR1 alpha + Basic + One-Step,NYSE:UVV,4.47005569252329e-09
2020-10-29,12,AR1 alpha + Basic + One-Step,NYSE:UVV,0.0
2020-10-30,12,AR1 alpha + Basic + One-Step,NYSE:UVV,0.0
2020-11-02,12,AR1 alpha + Basic + One-Step,NYSE:UVV,0.0
2020-11-03,12,AR1 alpha + Basic + One-Step,NYSE:UVV,0.0
2020-11-04,12,AR1 alpha + Basic + One-Step,NYSE:UVV,0.0
2020-11-05,12,AR1 alpha + Basic + One-Step,NYSE:UVV,0.0
2020-11-06,12,AR1 alpha + Basic + One-Step,NYSE:UVV,1.881661944537481e-07
2020-11-09,12,AR1 alpha + Basic + One-Step,NYSE:UVV,0.0
2020-11-10,12,AR1 alpha + Basic + One-Step,NYSE:UVV,0.0
2020-11-11,12,AR1 alpha + Basic + One-Step,NYSE:UVV,0.0
2020-11-12,12,AR1 alpha + Basic + One-Step,NYSE:UVV,0.0
2020-11-13,12,AR1 alpha + Basic + One-Step,NYSE:UVV,0.0
2020-11-16,12,AR1 alpha + Basic + One-Step,NYSE:UVV,0.0
2020-11-17,12,AR1 alpha + Basic + One-Step,NYSE:UVV,0.0
2020-11-18,12,AR1 alpha + Basic + One-Step,NYSE:UVV,0.0
2020-11-19,12,AR1 alpha + Basic + One-Step,NYSE:UVV,1.3598458229033916e-08
2020-11-20,12,AR1 alpha + Basic + One-Step,NYSE:UVV,0.0
2020-11-23,12,AR1 alpha + Basic + One-Step,NYSE:UVV,0.0
2020-11-24,12,AR1 alpha + Basic + One-Step,NYSE:UVV,0.0
2020-11-25,12,AR1 alpha + Basic + One-Step,NYSE:UVV,0.0
2020-11-27,12,AR1 alpha + Basic + One-Step,NYSE:UVV,0.0
2020-11-30,12,AR1 alpha + Basic + One-Step,NYSE:UVV,0.0
2020-12-01,12,AR1 alpha + Basic + One-Step,NYSE:UVV,0.0
2020-12-02,12,AR1 alpha + Basic + One-Step,NYSE:UVV,0.0
2020-12-03,12,AR1 alpha + Basic + One-Step,NYSE:UVV,0.0
2020-12-04,12,AR1 alpha + Basic + One-Step,NYSE:UVV,2.3707436938649267e-09
2020-12-07,12,AR1 alpha + Basic + One-Step,NYSE:UVV,0.0
2020-12-08,12,AR1 alpha + Basic + One-Step,NYSE:UVV,2.618677152159372e-07
2020-12-09,12,AR1 alpha + Basic + One-Step,NYSE:UVV,0.0
2020-12-10,12,AR1 alpha + Basic + One-Step,NYSE:UVV,0.0
2020-12-11,12,AR1 alpha + Basic + One-Step,NYSE:UVV,5.943719341003442e-07
2020-12-14,12,AR1 alpha + Basic + One-Step,NYSE:UVV,9.570679355501949e-07
2020-12-15,12,AR1 alpha + Basic + One-Step,NYSE:UVV,0.0
2020-12-16,12,AR1 alpha + Basic + One-Step,NYSE:UVV,2.473314731408515e-09
2020-12-17,12,AR1 alpha + Basic + One-Step,NYSE:UVV,0.0
2020-12-18,12,AR1 alpha + Basic + One-Step,NYSE:UVV,0.0
2020-12-21,12,AR1 alpha + Basic + One-Step,NYSE:UVV,8.176355301416705e-07
2020-12-22,12,AR1 alpha + Basic + One-Step,NYSE:UVV,1.0474432738205743e-06
2020-12-23,12,AR1 alpha + Basic + One-Step,NYSE:UVV,4.7131259640441805e-07
2020-12-24,12,AR1 alpha + Basic + One-Step,NYSE:UVV,0.0
2020-12-28,12,AR1 alpha + Basic + One-Step,NYSE:UVV,0.0
2020-12-29,12,AR1 alpha + Basic + One-Step,NYSE:UVV,0.0
2020-12-30,12,AR1 alpha + Basic + One-Step,NYSE:UVV,0.0
2020-12-31,12,AR1 alpha + Basic + One-Step,NYSE:UVV,0.0
2021-01-04,12,AR1 alpha + Basic + One-Step,NYSE:UVV,0.0
2021-01-05,12,AR1 alpha + Basic + One-Step,NYSE:UVV,4.027221280172035e-08
2021-01-06,12,AR1 alpha + Basic + One-Step,NYSE:UVV,0.0
2021-01-07,12,AR1 alpha + Basic + One-Step,NYSE:UVV,0.0
2021-01-08,12,AR1 alpha + Basic + One-Step,NYSE:UVV,0.0
2021-01-11,12,AR1 alpha + Basic + One-Step,NYSE:UVV,0.0
2021-01-12,12,AR1 alpha + Basic + One-Step,NYSE:UVV,0.0
2021-01-13,12,AR1 alpha + Basic + One-Step,NYSE:UVV,0.0
2021-01-14,12,AR1 alpha + Basic + One-Step,NYSE:UVV,0.0
2021-01-15,12,AR1 alpha + Basic + One-Step,NYSE:UVV,0.0
2021-01-19,12,AR1 alpha + Basic + One-Step,NYSE:UVV,0.0
2021-01-20,12,AR1 alpha + Basic + One-Step,NYSE:UVV,0.0
2021-01-21,12,AR1 alpha + Basic + One-Step,NYSE:UVV,0.0
2021-01-22,12,AR1 alpha + Basic + One-Step,NYSE:UVV,0.0
2021-01-25,12,AR1 alpha + Basic + One-Step,NYSE:UVV,0.0
2021-01-26,12,AR1 alpha + Basic + One-Step,NYSE:UVV,0.0
2021-01-27,12,AR1 alpha + Basic + One-Step,NYSE:UVV,0.0
2021-01-28,12,AR1 alpha + Basic + One-Step,NYSE:UVV,0.0
2021-01-29,12,AR1 alpha + Basic + One-Step,NYSE:UVV,0.0
2021-02-01,12,AR1 alpha + Basic + One-Step,NYSE:UVV,1.717866335544512e-07
2021-02-02,12,AR1 alpha + Basic + One-Step,NYSE:UVV,0.0
2021-02-03,12,AR1 alpha + Basic + One-Step,NYSE:UVV,0.0
2021-02-04,12,AR1 alpha + Basic + One-Step,NYSE:UVV,0.0
2021-02-05,12,AR1 alpha + Basic + One-Step,NYSE:UVV,0.0
2021-02-08,12,AR1 alpha + Basic + One-Step,NYSE:UVV,0.0
2021-02-09,12,AR1 alpha + Basic + One-Step,NYSE:UVV,0.0
2021-02-10,12,AR1 alpha + Basic + One-Step,NYSE:UVV,0.0
2021-02-11,12,AR1 alpha + Basic + One-Step,NYSE:UVV,0.0
2021-02-12,12,AR1 alpha + Basic + One-Step,NYSE:UVV,0.0
2021-02-16,12,AR1 alpha + Basic + One-Step,NYSE:UVV,0.0
2021-02-17,12,AR1 alpha + Basic + One-Step,NYSE:UVV,0.0
2021-02-18,12,AR1 alpha + Basic + One-Step,NYSE:UVV,0.0
2021-02-19,12,AR1 alpha + Basic + One-Step,NYSE:UVV,0.0
2021-02-22,12,AR1 alpha + Basic + One-Step,NYSE:UVV,6.653125717497346e-07
2021-02-23,12,AR1 alpha + Basic + One-Step,NYSE:UVV,3.139321325200858e-07
2021-02-24,12,AR1 alpha + Basic + One-Step,NYSE:UVV,0.0
2021-02-25,12,AR1 alpha + Basic + One-Step,NYSE:UVV,0.0
2021-02-26,12,AR1 alpha + Basic + One-Step,NYSE:UVV,8.237793055005817e-07
2021-03-01,12,AR1 alpha + Basic + One-Step,NYSE:UVV,0.0
2021-03-02,12,AR1 alpha + Basic + One-Step,NYSE:UVV,0.0
2021-03-03,12,AR1 alpha + Basic + One-Step,NYSE:UVV,0.0
2021-03-04,12,AR1 alpha + Basic + One-Step,NYSE:UVV,0.0
2021-03-05,12,AR1 alpha + Basic + One-Step,NYSE:UVV,0.0
2021-03-08,12,AR1 alpha + Basic + One-Step,NYSE:UVV,0.0
2021-03-09,12,AR1 alpha + Basic + One-Step,NYSE:UVV,0.0
2021-03-10,12,AR1 alpha + Basic + One-Step,NYSE:UVV,0.0
2021-03-11,12,AR1 alpha + Basic + One-Step,NYSE:UVV,0.0
2021-03-12,12,AR1 alpha + Basic + One-Step,NYSE:UVV,0.0
2021-03-15,12,AR1 alpha + Basic + One-Step,NYSE:UVV,0.0
2021-03-16,12,AR1 alpha + Basic + One-Step,NYSE:UVV,0.0
2021-03-17,12,AR1 alpha + Basic + One-Step,NYSE:UVV,0.0
2021-03-18,12,AR1 alpha + Basic + One-Step,NYSE:UVV,0.0
2021-03-19,12,AR1 alpha + Basic + One-Step,NYSE:UVV,0.0
2021-03-22,12,AR1 alpha + Basic + One-Step,NYSE:UVV,0.0
2021-03-23,12,AR1 alpha + Basic + One-Step,NYSE:UVV,0.0
2021-03-24,12,AR1 alpha + Basic + One-Step,NYSE:UVV,0.0
2021-03-25,12,AR1 alpha + Basic + One-Step,NYSE:UVV,0.0
2021-03-26,12,AR1 alpha + Basic + One-Step,NYSE:UVV,0.0
2021-03-29,12,AR1 alpha + Basic + One-Step,NYSE:UVV,0.0
2021-03-30,12,AR1 alpha + Basic + One-Step,NYSE:UVV,9.06200267704427e-07
2021-03-31,12,AR1 alpha + Basic + One-Step,NYSE:UVV,3.795637517925029e-08
2021-04-01,12,AR1 alpha + Basic + One-Step,NYSE:UVV,0.0
2021-04-05,12,AR1 alpha + Basic + One-Step,NYSE:UVV,2.2845125138247825e-06
2021-04-06,12,AR1 alpha + Basic + One-Step,NYSE:UVV,4.6309154619048135e-07
2021-04-07,12,AR1 alpha + Basic + One-Step,NYSE:UVV,0.0
2021-04-08,12,AR1 alpha + Basic + One-Step,NYSE:UVV,6.523560432389528e-07
2021-04-09,12,AR1 alpha + Basic + One-Step,NYSE:UVV,0.0
2021-04-12,12,AR1 alpha + Basic + One-Step,NYSE:UVV,6.529628648501909e-09
2021-04-13,12,AR1 alpha + Basic + One-Step,NYSE:UVV,0.0
2021-04-14,12,AR1 alpha + Basic + One-Step,NYSE:UVV,1.3902929474608388e-07
2021-04-15,12,AR1 alpha + Basic + One-Step,NYSE:UVV,4.618766619553249e-08
2021-04-16,12,AR1 alpha + Basic + One-Step,NYSE:UVV,0.0
2021-04-19,12,AR1 alpha + Basic + One-Step,NYSE:UVV,2.9121868598489974e-08
2021-04-20,12,AR1 alpha + Basic + One-Step,NYSE:UVV,0.0
2021-04-21,12,AR1 alpha + Basic + One-Step,NYSE:UVV,0.0
2021-04-22,12,AR1 alpha + Basic + One-Step,NYSE:UVV,7.654397684853792e-09
2021-04-23,12,AR1 alpha + Basic + One-Step,NYSE:UVV,0.0
2021-04-26,12,AR1 alpha + Basic + One-Step,NYSE:UVV,0.0
2021-04-27,12,AR1 alpha + Basic + One-Step,NYSE:UVV,9.92491427551904e-07
2021-04-28,12,AR1 alpha + Basic + One-Step,NYSE:UVV,0.0
2021-04-29,12,AR1 alpha + Basic + One-Step,NYSE:UVV,0.0
2021-04-30,12,AR1 alpha + Basic + One-Step,NYSE:UVV,0.0
2021-05-03,12,AR1 alpha + Basic + One-Step,NYSE:UVV,0.0
2021-05-04,12,AR1 alpha + Basic + One-Step,NYSE:UVV,4.703545047585919e-08
2021-05-05,12,AR1 alpha + Basic + One-Step,NYSE:UVV,0.0
2021-05-06,12,AR1 alpha + Basic + One-Step,NYSE:UVV,0.0
2021-05-07,12,AR1 alpha + Basic + One-Step,NYSE:UVV,0.0
2021-05-10,12,AR1 alpha + Basic + One-Step,NYSE:UVV,0.0
2021-05-11,12,AR1 alpha + Basic + One-Step,NYSE:UVV,0.0
2021-05-12,12,AR1 alpha + Basic + One-Step,NYSE:UVV,0.0
2021-05-13,12,AR1 alpha + Basic + One-Step,NYSE:UVV,0.0
2021-05-14,12,AR1 alpha + Basic + One-Step,NYSE:UVV,0.0
2021-05-17,12,AR1 alpha + Basic + One-Step,NYSE:UVV,0.0
2021-05-18,12,AR1 alpha + Basic + One-Step,NYSE:UVV,0.0
2021-05-19,12,AR1 alpha + Basic + One-Step,NYSE:UVV,0.0
2021-05-20,12,AR1 alpha + Basic + One-Step,NYSE:UVV,4.315606921477674e-08
2021-05-21,12,AR1 alpha + Basic + One-Step,NYSE:UVV,0.0
2021-05-24,12,AR1 alpha + Basic + One-Step,NYSE:UVV,0.0
2021-05-25,12,AR1 alpha + Basic + One-Step,NYSE:UVV,0.0
2021-05-26,12,AR1 alpha + Basic + One-Step,NYSE:UVV,0.0
2021-05-27,12,AR1 alpha + Basic + One-Step,NYSE:UVV,0.0
2021-05-28,12,AR1 alpha + Basic + One-Step,NYSE:UVV,0.0
2021-06-01,12,AR1 alpha + Basic + One-Step,NYSE:UVV,0.0
2021-06-02,12,AR1 alpha + Basic + One-Step,NYSE:UVV,0.0
2021-06-03,12,AR1 alpha + Basic + One-Step,NYSE:UVV,0.0
2021-06-04,12,AR1 alpha + Basic + One-Step,NYSE:UVV,0.0
2021-06-07,12,AR1 alpha + Basic + One-Step,NYSE:UVV,0.0
2021-06-08,12,AR1 alpha + Basic + One-Step,NYSE:UVV,0.0
2021-06-09,12,AR1 alpha + Basic + One-Step,NYSE:UVV,0.0
2021-06-10,12,AR1 alpha + Basic + One-Step,NYSE:UVV,6.676687323662905e-08
2021-06-11,12,AR1 alpha + Basic + One-Step,NYSE:UVV,0.0
2021-06-14,12,AR1 alpha + Basic + One-Step,NYSE:UVV,0.0
2021-06-15,12,AR1 alpha + Basic + One-Step,NYSE:UVV,0.0
2021-06-16,12,AR1 alpha + Basic + One-Step,NYSE:UVV,0.0
2021-06-17,12,AR1 alpha + Basic + One-Step,NYSE:UVV,0.0
2021-06-18,12,AR1 alpha + Basic + One-Step,NYSE:UVV,0.0
2021-06-21,12,AR1 alpha + Basic + One-Step,NYSE:UVV,0.0
2021-06-22,12,AR1 alpha + Basic + One-Step,NYSE:UVV,1.484257039486528e-06
2021-06-23,12,AR1 alpha + Basic + One-Step,NYSE:UVV,1.2877552378654518e-06
2021-06-24,12,AR1 alpha + Basic + One-Step,NYSE:UVV,1.6681023219455448e-06
2021-06-25,12,AR1 alpha + Basic + One-Step,NYSE:UVV,0.0
2021-06-28,12,AR1 alpha + Basic + One-Step,NYSE:UVV,0.0
2021-06-29,12,AR1 alpha + Basic + One-Step,NYSE:UVV,0.0
2021-06-30,12,AR1 alpha + Basic + One-Step,NYSE:UVV,0.0
2021-07-01,12,AR1 alpha + Basic + One-Step,NYSE:UVV,0.0
2021-07-02,12,AR1 alpha + Basic + One-Step,NYSE:UVV,0.0
2021-07-06,12,AR1 alpha + Basic + One-Step,NYSE:UVV,0.0
2021-07-07,12,AR1 alpha + Basic + One-Step,NYSE:UVV,0.0
2021-07-08,12,AR1 alpha + Basic + One-Step,NYSE:UVV,0.0
2021-07-09,12,AR1 alpha + Basic + One-Step,NYSE:UVV,0.0
2021-07-12,12,AR1 alpha + Basic + One-Step,NYSE:UVV,0.0
2021-07-13,12,AR1 alpha + Basic + One-Step,NYSE:UVV,8.829081095277938e-08
2021-07-14,12,AR1 alpha + Basic + One-Step,NYSE:UVV,0.0
2021-07-15,12,AR1 alpha + Basic + One-Step,NYSE:UVV,0.0
2021-07-16,12,AR1 alpha + Basic + One-Step,NYSE:UVV,0.0
2021-07-19,12,AR1 alpha + Basic + One-Step,NYSE:UVV,0.0
2021-07-20,12,AR1 alpha + Basic + One-Step,NYSE:UVV,0.0
2021-07-21,12,AR1 alpha + Basic + One-Step,NYSE:UVV,0.0
2021-07-22,12,AR1 alpha + Basic + One-Step,NYSE:UVV,0.0
2021-07-23,12,AR1 alpha + Basic + One-Step,NYSE:UVV,0.0
2021-07-26,12,AR1 alpha + Basic + One-Step,NYSE:UVV,2.2846639950802727e-07
2021-07-27,12,AR1 alpha + Basic + One-Step,NYSE:UVV,2.770602520411164e-06
2021-07-28,12,AR1 alpha + Basic + One-Step,NYSE:UVV,0.0
2021-07-29,12,AR1 alpha + Basic + One-Step,NYSE:UVV,0.0
2021-07-30,12,AR1 alpha + Basic + One-Step,NYSE:UVV,0.0
2021-08-02,12,AR1 alpha + Basic + One-Step,NYSE:UVV,0.0
2021-08-03,12,AR1 alpha + Basic + One-Step,NYSE:UVV,0.0
2021-08-04,12,AR1 alpha + Basic + One-Step,NYSE:UVV,7.923613875542215e-08
2021-08-05,12,AR1 alpha + Basic + One-Step,NYSE:UVV,0.0
2021-08-06,12,AR1 alpha + Basic + One-Step,NYSE:UVV,0.0
2021-08-09,12,AR1 alpha + Basic + One-Step,NYSE:UVV,3.355462897709421e-07
2021-08-10,12,AR1 alpha + Basic + One-Step,NYSE:UVV,2.0801362594967821e-07
2021-08-11,12,AR1 alpha + Basic + One-Step,NYSE:UVV,2.026569508241196e-07
2021-08-12,12,AR1 alpha + Basic + One-Step,NYSE:UVV,0.0
2021-08-13,12,AR1 alpha + Basic + One-Step,NYSE:UVV,0.0
2021-08-16,12,AR1 alpha + Basic + One-Step,NYSE:UVV,0.0
2021-08-17,12,AR1 alpha + Basic + One-Step,NYSE:UVV,2.626926555830184e-07
2021-08-18,12,AR1 alpha + Basic + One-Step,NYSE:UVV,0.0
2021-08-19,12,AR1 alpha + Basic + One-Step,NYSE:UVV,0.0
2021-08-20,12,AR1 alpha + Basic + One-Step,NYSE:UVV,4.7389945592315014e-08
2021-08-23,12,AR1 alpha + Basic + One-Step,NYSE:UVV,0.0
2021-08-24,12,AR1 alpha + Basic + One-Step,NYSE:UVV,0.0
2021-08-25,12,AR1 alpha + Basic + One-Step,NYSE:UVV,0.0
2021-08-26,12,AR1 alpha + Basic + One-Step,NYSE:UVV,3.561716914322707e-08
2021-08-27,12,AR1 alpha + Basic + One-Step,NYSE:UVV,0.0
2021-08-30,12,AR1 alpha + Basic + One-Step,NYSE:UVV,0.0
2021-08-31,12,AR1 alpha + Basic + One-Step,NYSE:UVV,2.801486106000532e-07
2021-09-01,12,AR1 alpha + Basic + One-Step,NYSE:UVV,0.0
2021-09-02,12,AR1 alpha + Basic + One-Step,NYSE:UVV,0.0
2021-09-03,12,AR1 alpha + Basic + One-Step,NYSE:UVV,0.0
2021-09-07,12,AR1 alpha + Basic + One-Step,NYSE:UVV,0.0
2021-09-08,12,AR1 alpha + Basic + One-Step,NYSE:UVV,0.0
2021-09-09,12,AR1 alpha + Basic + One-Step,NYSE:UVV,1.0332239228026392e-07
2021-09-10,12,AR1 alpha + Basic + One-Step,NYSE:UVV,0.0
2021-09-13,12,AR1 alpha + Basic + One-Step,NYSE:UVV,0.0
2021-09-14,12,AR1 alpha + Basic + One-Step,NYSE:UVV,2.5788702897333166e-07
2021-09-15,12,AR1 alpha + Basic + One-Step,NYSE:UVV,0.0
2021-09-16,12,AR1 alpha + Basic + One-Step,NYSE:UVV,0.0
2021-09-17,12,AR1 alpha + Basic + One-Step,NYSE:UVV,0.0
2021-09-20,12,AR1 alpha + Basic + One-Step,NYSE:UVV,0.0
2021-09-21,12,AR1 alpha + Basic + One-Step,NYSE:UVV,1.686543681971258e-07
2021-09-22,12,AR1 alpha + Basic + One-Step,NYSE:UVV,0.0
2021-09-23,12,AR1 alpha + Basic + One-Step,NYSE:UVV,0.0
2021-09-24,12,AR1 alpha + Basic + One-Step,NYSE:UVV,0.0
2021-09-27,12,AR1 alpha + Basic + One-Step,NYSE:UVV,0.0
2021-09-28,12,AR1 alpha + Basic + One-Step,NYSE:UVV,0.0
2021-09-29,12,AR1 alpha + Basic + One-Step,NYSE:UVV,0.0
2021-09-30,12,AR1 alpha + Basic + One-Step,NYSE:UVV,0.0
2021-10-01,12,AR1 alpha + Basic + One-Step,NYSE:UVV,0.0
2021-10-04,12,AR1 alpha + Basic + One-Step,NYSE:UVV,0.0
2021-10-05,12,AR1 alpha + Basic + One-Step,NYSE:UVV,0.0
2021-10-06,12,AR1 alpha + Basic + One-Step,NYSE:UVV,3.3552211796893246e-07
2021-10-07,12,AR1 alpha + Basic + One-Step,NYSE:UVV,0.0
2021-10-08,12,AR1 alpha + Basic + One-Step,NYSE:UVV,0.0
2021-10-11,12,AR1 alpha + Basic + One-Step,NYSE:UVV,0.0
2021-10-12,12,AR1 alpha + Basic + One-Step,NYSE:UVV,0.0
2021-10-13,12,AR1 alpha + Basic + One-Step,NYSE:UVV,0.0
2021-10-14,12,AR1 alpha + Basic + One-Step,NYSE:UVV,0.0
2021-10-15,12,AR1 alpha + Basic + One-Step,NYSE:UVV,0.0
2021-10-18,12,AR1 alpha + Basic + One-Step,NYSE:UVV,0.0
2021-10-19,12,AR1 alpha + Basic + One-Step,NYSE:UVV,0.0
2021-10-20,12,AR1 alpha + Basic + One-Step,NYSE:UVV,0.0
2021-10-21,12,AR1 alpha + Basic + One-Step,NYSE:UVV,0.0
2021-10-22,12,AR1 alpha + Basic + One-Step,NYSE:UVV,0.0
2021-10-25,12,AR1 alpha + Basic + One-Step,NYSE:UVV,0.0
2021-10-26,12,AR1 alpha + Basic + One-Step,NYSE:UVV,0.0
2021-10-27,12,AR1 alpha + Basic + One-Step,NYSE:UVV,0.0
2021-10-28,12,AR1 alpha + Basic + One-Step,NYSE:UVV,0.0
2021-10-29,12,AR1 alpha + Basic + One-Step,NYSE:UVV,0.0
2021-11-01,12,AR1 alpha + Basic + One-Step,NYSE:UVV,3.5426638853473834e-07
2021-11-02,12,AR1 alpha + Basic + One-Step,NYSE:UVV,0.0
2021-11-03,12,AR1 alpha + Basic + One-Step,NYSE:UVV,0.0
2021-11-04,12,AR1 alpha + Basic + One-Step,NYSE:UVV,0.0
2021-11-05,12,AR1 alpha + Basic + One-Step,NYSE:UVV,0.0
2021-11-08,12,AR1 alpha + Basic + One-Step,NYSE:UVV,0.0
2021-11-09,12,AR1 alpha + Basic + One-Step,NYSE:UVV,1.4490214416641112e-08
2021-11-10,12,AR1 alpha + Basic + One-Step,NYSE:UVV,0.0
2021-11-11,12,AR1 alpha + Basic + One-Step,NYSE:UVV,0.0
2021-11-12,12,AR1 alpha + Basic + One-Step,NYSE:UVV,0.0
2021-11-15,12,AR1 alpha + Basic + One-Step,NYSE:UVV,0.0
2021-11-16,12,AR1 alpha + Basic + One-Step,NYSE:UVV,0.0
2021-11-17,12,AR1 alpha + Basic + One-Step,NYSE:UVV,0.0
2021-11-18,12,AR1 alpha + Basic + One-Step,NYSE:UVV,0.0
2021-11-19,12,AR1 alpha + Basic + One-Step,NYSE:UVV,0.0
2021-11-22,12,AR1 alpha + Basic + One-Step,NYSE:UVV,0.0
2021-11-23,12,AR1 alpha + Basic + One-Step,NYSE:UVV,0.0
2021-11-24,12,AR1 alpha + Basic + One-Step,NYSE:UVV,0.0
2021-11-26,12,AR1 alpha + Basic + One-Step,NYSE:UVV,0.0
2021-11-29,12,AR1 alpha + Basic + One-Step,NYSE:UVV,0.0
2021-11-30,12,AR1 alpha + Basic + One-Step,NYSE:UVV,0.0
2021-12-01,12,AR1 alpha + Basic + One-Step,NYSE:UVV,0.0
2021-12-02,12,AR1 alpha + Basic + One-Step,NYSE:UVV,0.0
2021-12-03,12,AR1 alpha + Basic + One-Step,NYSE:UVV,0.0
2021-12-06,12,AR1 alpha + Basic + One-Step,NYSE:UVV,0.0
2021-12-07,12,AR1 alpha + Basic + One-Step,NYSE:UVV,0.0
2021-12-08,12,AR1 alpha + Basic + One-Step,NYSE:UVV,0.0
2021-12-09,12,AR1 alpha + Basic + One-Step,NYSE:UVV,0.0
2021-12-10,12,AR1 alpha + Basic + One-Step,NYSE:UVV,1.026683506699046e-07
2021-12-13,12,AR1 alpha + Basic + One-Step,NYSE:UVV,0.0
2021-12-14,12,AR1 alpha + Basic + One-Step,NYSE:UVV,3.4151159390686066e-08
2021-12-15,12,AR1 alpha + Basic + One-Step,NYSE:UVV,0.0
2021-12-16,12,AR1 alpha + Basic + One-Step,NYSE:UVV,0.0
2021-12-17,12,AR1 alpha + Basic + One-Step,NYSE:UVV,0.0
2021-12-20,12,AR1 alpha + Basic + One-Step,NYSE:UVV,0.0
2021-12-21,12,AR1 alpha + Basic + One-Step,NYSE:UVV,0.0
2021-12-22,12,AR1 alpha + Basic + One-Step,NYSE:UVV,2.12125541400978e-07
2021-12-23,12,AR1 alpha + Basic + One-Step,NYSE:UVV,0.0
2021-12-27,12,AR1 alpha + Basic + One-Step,NYSE:UVV,0.0
2021-12-28,12,AR1 alpha + Basic + One-Step,NYSE:UVV,0.0
2021-12-29,12,AR1 alpha + Basic + One-Step,NYSE:UVV,0.0
2021-12-30,12,AR1 alpha + Basic + One-Step,NYSE:UVV,1.0282179047935378e-06
2021-12-31,12,AR1 alpha + Basic + One-Step,NYSE:UVV,4.54946462584003e-07
2022-01-03,12,AR1 alpha + Basic + One-Step,NYSE:UVV,3.3565273039038035e-07
2022-01-04,12,AR1 alpha + Basic + One-Step,NYSE:UVV,0.0
2022-01-05,12,AR1 alpha + Basic + One-Step,NYSE:UVV,0.0
2022-01-06,12,AR1 alpha + Basic + One-Step,NYSE:UVV,0.0
2022-01-07,12,AR1 alpha + Basic + One-Step,NYSE:UVV,7.088292782732677e-08
2022-01-10,12,AR1 alpha + Basic + One-Step,NYSE:UVV,0.0
2022-01-11,12,AR1 alpha + Basic + One-Step,NYSE:UVV,0.0
2022-01-12,12,AR1 alpha + Basic + One-Step,NYSE:UVV,0.0
2022-01-13,12,AR1 alpha + Basic + One-Step,NYSE:UVV,1.3332956073226963e-06
2022-01-14,12,AR1 alpha + Basic + One-Step,NYSE:UVV,0.0
2022-01-18,12,AR1 alpha + Basic + One-Step,NYSE:UVV,0.0
2022-01-19,12,AR1 alpha + Basic + One-Step,NYSE:UVV,0.0
2022-01-20,12,AR1 alpha + Basic + One-Step,NYSE:UVV,0.0
2022-01-21,12,AR1 alpha + Basic + One-Step,NYSE:UVV,3.541059919824179e-07
2022-01-24,12,AR1 alpha + Basic + One-Step,NYSE:UVV,2.2896326979350963e-07
2022-01-25,12,AR1 alpha + Basic + One-Step,NYSE:UVV,0.0
2022-01-26,12,AR1 alpha + Basic + One-Step,NYSE:UVV,8.295238661552812e-08
2022-01-27,12,AR1 alpha + Basic + One-Step,NYSE:UVV,0.0
2022-01-28,12,AR1 alpha + Basic + One-Step,NYSE:UVV,0.0
2022-01-31,12,AR1 alpha + Basic + One-Step,NYSE:UVV,0.0
2022-02-01,12,AR1 alpha + Basic + One-Step,NYSE:UVV,0.0
2022-02-02,12,AR1 alpha + Basic + One-Step,NYSE:UVV,0.0
2022-02-03,12,AR1 alpha + Basic + One-Step,NYSE:UVV,0.09999185889783216
2022-02-04,12,AR1 alpha + Basic + One-Step,NYSE:UVV,0.09256521022994392
2022-02-07,12,AR1 alpha + Basic + One-Step,NYSE:UVV,0.0
2022-02-08,12,AR1 alpha + Basic + One-Step,NYSE:UVV,0.0
2022-02-09,12,AR1 alpha + Basic + One-Step,NYSE:UVV,1.7150756432857038e-08
2022-02-10,12,AR1 alpha + Basic + One-Step,NYSE:UVV,2.983539926918071e-08
2022-02-11,12,AR1 alpha + Basic + One-Step,NYSE:UVV,1.0862405888515192e-07
2022-02-14,12,AR1 alpha + Basic + One-Step,NYSE:UVV,2.61560721176844e-07
2022-02-15,12,AR1 alpha + Basic + One-Step,NYSE:UVV,7.018258360966152e-08
2022-02-16,12,AR1 alpha + Basic + One-Step,NYSE:UVV,0.0
2022-02-17,12,AR1 alpha + Basic + One-Step,NYSE:UVV,0.0
2022-02-18,12,AR1 alpha + Basic + One-Step,NYSE:UVV,3.7639529071402233e-07
2022-02-22,12,AR1 alpha + Basic + One-Step,NYSE:UVV,3.1130143567613913e-07
2022-02-23,12,AR1 alpha + Basic + One-Step,NYSE:UVV,0.0
2022-02-24,12,AR1 alpha + Basic + One-Step,NYSE:UVV,0.0
2022-02-25,12,AR1 alpha + Basic + One-Step,NYSE:UVV,1.39160265866419e-07
2022-02-28,12,AR1 alpha + Basic + One-Step,NYSE:UVV,0.0
2022-03-01,12,AR1 alpha + Basic + One-Step,NYSE:UVV,1.0585004337608089e-07
2022-03-02,12,AR1 alpha + Basic + One-Step,NYSE:UVV,0.0
2022-03-03,12,AR1 alpha + Basic + One-Step,NYSE:UVV,0.0
2022-03-04,12,AR1 alpha + Basic + One-Step,NYSE:UVV,0.0
2022-03-07,12,AR1 alpha + Basic + One-Step,NYSE:UVV,3.3056819104392727e-09
2022-03-08,12,AR1 alpha + Basic + One-Step,NYSE:UVV,1.8625511847411722e-06
2022-03-09,12,AR1 alpha + Basic + One-Step,NYSE:UVV,2.69833228993619e-07
2022-03-10,12,AR1 alpha + Basic + One-Step,NYSE:UVV,1.774518278406405e-07
2022-03-11,12,AR1 alpha + Basic + One-Step,NYSE:UVV,5.918031275444523e-07
2022-03-14,12,AR1 alpha + Basic + One-Step,NYSE:UVV,4.7650031667566895e-08
2022-03-15,12,AR1 alpha + Basic + One-Step,NYSE:UVV,3.491113035665523e-08
2022-03-16,12,AR1 alpha + Basic + One-Step,NYSE:UVV,0.0
2022-03-17,12,AR1 alpha + Basic + One-Step,NYSE:UVV,0.0
2022-03-18,12,AR1 alpha + Basic + One-Step,NYSE:UVV,0.0
2022-03-21,12,AR1 alpha + Basic + One-Step,NYSE:UVV,0.0
2022-03-22,12,AR1 alpha + Basic + One-Step,NYSE:UVV,0.0
2022-03-23,12,AR1 alpha + Basic + One-Step,NYSE:UVV,0.0
2022-03-24,12,AR1 alpha + Basic + One-Step,NYSE:UVV,9.650702756262571e-08
2022-03-25,12,AR1 alpha + Basic + One-Step,NYSE:UVV,0.0
2022-03-28,12,AR1 alpha + Basic + One-Step,NYSE:UVV,0.0
2022-03-29,12,AR1 alpha + Basic + One-Step,NYSE:UVV,0.0
2022-03-30,12,AR1 alpha + Basic + One-Step,NYSE:UVV,0.0
2022-03-31,12,AR1 alpha + Basic + One-Step,NYSE:UVV,0.0
2022-04-01,12,AR1 alpha + Basic + One-Step,NYSE:UVV,0.0
2022-04-04,12,AR1 alpha + Basic + One-Step,NYSE:UVV,0.0
2022-04-05,12,AR1 alpha + Basic + One-Step,NYSE:UVV,0.0
2022-04-06,12,AR1 alpha + Basic + One-Step,NYSE:UVV,0.0
2022-04-07,12,AR1 alpha + Basic + One-Step,NYSE:UVV,8.775644155389725e-09
2022-04-08,12,AR1 alpha + Basic + One-Step,NYSE:UVV,0.0
2022-04-11,12,AR1 alpha + Basic + One-Step,NYSE:UVV,0.0
2022-04-12,12,AR1 alpha + Basic + One-Step,NYSE:UVV,0.0
2022-04-13,12,AR1 alpha + Basic + One-Step,NYSE:UVV,3.775052059663794e-07
2022-04-14,12,AR1 alpha + Basic + One-Step,NYSE:UVV,0.0
2022-04-18,12,AR1 alpha + Basic + One-Step,NYSE:UVV,0.0
2022-04-19,12,AR1 alpha + Basic + One-Step,NYSE:UVV,0.0
2022-04-20,12,AR1 alpha + Basic + One-Step,NYSE:UVV,1.4207633046998286e-07
2022-04-21,12,AR1 alpha + Basic + One-Step,NYSE:UVV,0.0
2022-04-22,12,AR1 alpha + Basic + One-Step,NYSE:UVV,0.0
2022-04-25,12,AR1 alpha + Basic + One-Step,NYSE:UVV,0.0
2022-04-26,12,AR1 alpha + Basic + One-Step,NYSE:UVV,0.0
2022-04-27,12,AR1 alpha + Basic + One-Step,NYSE:UVV,0.0
2022-04-28,12,AR1 alpha + Basic + One-Step,NYSE:UVV,2.3845482941555353e-08
2022-04-29,12,AR1 alpha + Basic + One-Step,NYSE:UVV,0.0
2022-05-02,12,AR1 alpha + Basic + One-Step,NYSE:UVV,0.0
2022-05-03,12,AR1 alpha + Basic + One-Step,NYSE:UVV,0.0
2022-05-04,12,AR1 alpha + Basic + One-Step,NYSE:UVV,3.87441199024432e-07
2022-05-05,12,AR1 alpha + Basic + One-Step,NYSE:UVV,0.0
2022-05-06,12,AR1 alpha + Basic + One-Step,NYSE:UVV,1.526269362938483e-08
2022-05-09,12,AR1 alpha + Basic + One-Step,NYSE:UVV,0.0
2022-05-10,12,AR1 alpha + Basic + One-Step,NYSE:UVV,0.0
2022-05-11,12,AR1 alpha + Basic + One-Step,NYSE:UVV,0.0
2022-05-12,12,AR1 alpha + Basic + One-Step,NYSE:UVV,0.0
2022-05-13,12,AR1 alpha + Basic + One-Step,NYSE:UVV,0.0
2022-05-16,12,AR1 alpha + Basic + One-Step,NYSE:UVV,7.104772119432322e-07
2022-05-17,12,AR1 alpha + Basic + One-Step,NYSE:UVV,4.756957394953506e-07
2022-05-18,12,AR1 alpha + Basic + One-Step,NYSE:UVV,1.148175971253795e-07
2022-05-19,12,AR1 alpha + Basic + One-Step,NYSE:UVV,0.0
2022-05-20,12,AR1 alpha + Basic + One-Step,NYSE:UVV,0.0
2022-05-23,12,AR1 alpha + Basic + One-Step,NYSE:UVV,0.04619005845154834
2022-05-24,12,AR1 alpha + Basic + One-Step,NYSE:UVV,0.03977753412952423
2022-05-25,12,AR1 alpha + Basic + One-Step,NYSE:UVV,0.0829245304394526
2022-05-26,12,AR1 alpha + Basic + One-Step,NYSE:UVV,0.09999476054102699
2022-05-27,12,AR1 alpha + Basic + One-Step,NYSE:UVV,0.09999651860248458
2022-05-31,12,AR1 alpha + Basic + One-Step,NYSE:UVV,0.09999587658525406
2022-06-01,12,AR1 alpha + Basic + One-Step,NYSE:UVV,0.09999732577006411
2022-06-02,12,AR1 alpha + Basic + One-Step,NYSE:UVV,0.09999734779346398
2022-06-03,12,AR1 alpha + Basic + One-Step,NYSE:UVV,0.09999831372964742
2022-06-06,12,AR1 alpha + Basic + One-Step,NYSE:UVV,0.09999769463417331
2022-06-07,12,AR1 alpha + Basic + One-Step,NYSE:UVV,0.09999453735112972
2022-06-08,12,AR1 alpha + Basic + One-Step,NYSE:UVV,0.0
2022-06-09,12,AR1 alpha + Basic + One-Step,NYSE:UVV,0.0
2022-06-10,12,AR1 alpha + Basic + One-Step,NYSE:UVV,1.0811221936827494e-07
2022-06-13,12,AR1 alpha + Basic + One-Step,NYSE:UVV,3.103672975075884e-07
2022-06-14,12,AR1 alpha + Basic + One-Step,NYSE:UVV,2.6217652626554555e-07
2022-06-15,12,AR1 alpha + Basic + One-Step,NYSE:UVV,2.2630107769125414e-07
2022-06-16,12,AR1 alpha + Basic + One-Step,NYSE:UVV,0.0
2022-06-17,12,AR1 alpha + Basic + One-Step,NYSE:UVV,0.0
2022-06-21,12,AR1 alpha + Basic + One-Step,NYSE:UVV,0.09999735798907504
2022-06-22,12,AR1 alpha + Basic + One-Step,NYSE:UVV,0.09999828327445022
2022-06-23,12,AR1 alpha + Basic + One-Step,NYSE:UVV,0.09999855863710917
2022-06-24,12,AR1 alpha + Basic + One-Step,NYSE:UVV,0.09999900334282334
2022-06-27,12,AR1 alpha + Basic + One-Step,NYSE:UVV,0.09999794930524185
2022-06-28,12,AR1 alpha + Basic + One-Step,NYSE:UVV,0.09999621177019977
2022-06-29,12,AR1 alpha + Basic + One-Step,NYSE:UVV,0.09999688805482941
2022-06-30,12,AR1 alpha + Basic + One-Step,NYSE:UVV,0.09999502273006318
2022-07-01,12,AR1 alpha + Basic + One-Step,NYSE:UVV,0.09999518300732006
2022-07-05,12,AR1 alpha + Basic + One-Step,NYSE:UVV,0.09999677425341576
2022-07-06,12,AR1 alpha + Basic + One-Step,NYSE:UVV,0.09999556486744676
2022-07-07,12,AR1 alpha + Basic + One-Step,NYSE:UVV,0.09995030766933805
2022-07-08,12,AR1 alpha + Basic + One-Step,NYSE:UVV,0.0
2022-07-11,12,AR1 alpha + Basic + One-Step,NYSE:UVV,0.0
2022-07-12,12,AR1 alpha + Basic + One-Step,NYSE:UVV,9.925516351831935e-08
2022-07-13,12,AR1 alpha + Basic + One-Step,NYSE:UVV,2.7186138549887016e-07
2022-07-14,12,AR1 alpha + Basic + One-Step,NYSE:UVV,0.0
2022-07-15,12,AR1 alpha + Basic + One-Step,NYSE:UVV,0.0
2022-07-18,12,AR1 alpha + Basic + One-Step,NYSE:UVV,6.281363580923408e-09
2022-07-19,12,AR1 alpha + Basic + One-Step,NYSE:UVV,1.5239122973233254e-08
2022-07-20,12,AR1 alpha + Basic + One-Step,NYSE:UVV,1.4313198458736233e-07
2022-07-21,12,AR1 alpha + Basic + One-Step,NYSE:UVV,0.038894257698881475
2022-07-22,12,AR1 alpha + Basic + One-Step,NYSE:UVV,0.0564196145691708
2022-07-25,12,AR1 alpha + Basic + One-Step,NYSE:UVV,0.0650639227838359
2022-07-26,12,AR1 alpha + Basic + One-Step,NYSE:UVV,0.07971204858046535
2022-07-27,12,AR1 alpha + Basic + One-Step,NYSE:UVV,0.09999891079522857
2022-07-28,12,AR1 alpha + Basic + One-Step,NYSE:UVV,0.09999756143151144
2022-07-29,12,AR1 alpha + Basic + One-Step,NYSE:UVV,0.09212613485161875
2022-08-01,12,AR1 alpha + Basic + One-Step,NYSE:UVV,0.09999913789574079
2022-08-02,12,AR1 alpha + Basic + One-Step,NYSE:UVV,0.09749872979511356
2022-08-03,12,AR1 alpha + Basic + One-Step,NYSE:UVV,0.009666211593037365
2022-08-04,12,AR1 alpha + Basic + One-Step,NYSE:UVV,0.0
2022-08-05,12,AR1 alpha + Basic + One-Step,NYSE:UVV,0.0
2022-08-08,12,AR1 alpha + Basic + One-Step,NYSE:UVV,0.0
2022-08-09,12,AR1 alpha + Basic + One-Step,NYSE:UVV,0.0
2022-08-10,12,AR1 alpha + Basic + One-Step,NYSE:UVV,0.0
2022-08-11,12,AR1 alpha + Basic + One-Step,NYSE:UVV,0.005305308982021004
2022-08-12,12,AR1 alpha + Basic + One-Step,NYSE:UVV,0.04870764604344102
2022-08-15,12,AR1 alpha + Basic + One-Step,NYSE:UVV,0.06161589157445378
2022-08-16,12,AR1 alpha + Basic + One-Step,NYSE:UVV,0.045086737819357875
2022-08-17,12,AR1 alpha + Basic + One-Step,NYSE:UVV,0.04304178740151932
2022-08-18,12,AR1 alpha + Basic + One-Step,NYSE:UVV,0.0
2022-08-19,12,AR1 alpha + Basic + One-Step,NYSE:UVV,0.02264975432947704
2022-08-22,12,AR1 alpha + Basic + One-Step,NYSE:UVV,0.015038846986346555
2022-08-23,12,AR1 alpha + Basic + One-Step,NYSE:UVV,0.0
2022-08-24,12,AR1 alpha + Basic + One-Step,NYSE:UVV,2.750749759418156e-07
2022-08-25,12,AR1 alpha + Basic + One-Step,NYSE:UVV,0.03362319312053076
2022-08-26,12,AR1 alpha + Basic + One-Step,NYSE:UVV,0.0
2022-08-29,12,AR1 alpha + Basic + One-Step,NYSE:UVV,0.0
2022-08-30,12,AR1 alpha + Basic + One-Step,NYSE:UVV,0.0
2022-08-31,12,AR1 alpha + Basic + One-Step,NYSE:UVV,0.0
2022-09-01,12,AR1 alpha + Basic + One-Step,NYSE:UVV,0.0
2022-09-02,12,AR1 alpha + Basic + One-Step,NYSE:UVV,0.0
2022-09-06,12,AR1 alpha + Basic + One-Step,NYSE:UVV,0.0
2022-09-07,12,AR1 alpha + Basic + One-Step,NYSE:UVV,0.0
2022-09-08,12,AR1 alpha + Basic + One-Step,NYSE:UVV,0.0
2022-09-09,12,AR1 alpha + Basic + One-Step,NYSE:UVV,0.06101809788190848
2022-09-12,12,AR1 alpha + Basic + One-Step,NYSE:UVV,0.0999998070480406
2022-09-13,12,AR1 alpha + Basic + One-Step,NYSE:UVV,7.407924078060398e-07
2022-09-14,12,AR1 alpha + Basic + One-Step,NYSE:UVV,0.07565423830198163
2022-09-15,12,AR1 alpha + Basic + One-Step,NYSE:UVV,0.09601869034122429
2022-09-16,12,AR1 alpha + Basic + One-Step,NYSE:UVV,0.10000005337204165
2022-09-19,12,AR1 alpha + Basic + One-Step,NYSE:UVV,0.09999682646671221
2022-09-20,12,AR1 alpha + Basic + One-Step,NYSE:UVV,0.09573042479911058
2022-09-21,12,AR1 alpha + Basic + One-Step,NYSE:UVV,0.09639957488307654
2022-09-22,12,AR1 alpha + Basic + One-Step,NYSE:UVV,0.08419004710021932
2022-09-23,12,AR1 alpha + Basic + One-Step,NYSE:UVV,0.0
2022-09-26,12,AR1 alpha + Basic + One-Step,NYSE:UVV,2.5722763226400415e-09
2022-09-27,12,AR1 alpha + Basic + One-Step,NYSE:UVV,1.2253579539858882e-08
2022-09-28,12,AR1 alpha + Basic + One-Step,NYSE:UVV,0.0530593939190628
2022-09-29,12,AR1 alpha + Basic + One-Step,NYSE:UVV,0.04387794795040807
2022-09-30,12,AR1 alpha + Basic + One-Step,NYSE:UVV,0.0
2022-10-03,12,AR1 alpha + Basic + One-Step,NYSE:UVV,0.049780195482618084
2022-10-04,12,AR1 alpha + Basic + One-Step,NYSE:UVV,0.074868884743835
2022-10-05,12,AR1 alpha + Basic + One-Step,NYSE:UVV,0.06630325969644707
2022-10-06,12,AR1 alpha + Basic + One-Step,NYSE:UVV,0.0
2022-10-07,12,AR1 alpha + Basic + One-Step,NYSE:UVV,7.973551908442778e-09
2022-10-10,12,AR1 alpha + Basic + One-Step,NYSE:UVV,0.0
2022-10-11,12,AR1 alpha + Basic + One-Step,NYSE:UVV,0.0008344662080918908
2022-10-12,12,AR1 alpha + Basic + One-Step,NYSE:UVV,0.09273887695762721
2022-10-13,12,AR1 alpha + Basic + One-Step,NYSE:UVV,0.09999662551316985
2022-10-14,12,AR1 alpha + Basic + One-Step,NYSE:UVV,0.09999802967847701
2022-10-17,12,AR1 alpha + Basic + One-Step,NYSE:UVV,0.09999264250219074
2022-10-18,12,AR1 alpha + Basic + One-Step,NYSE:UVV,0.0999921886012468
2022-10-19,12,AR1 alpha + Basic + One-Step,NYSE:UVV,0.09999503810365985
2022-10-20,12,AR1 alpha + Basic + One-Step,NYSE:UVV,0.09999679484294305
2022-10-21,12,AR1 alpha + Basic + One-Step,NYSE:UVV,0.09999775557588433
2022-10-24,12,AR1 alpha + Basic + One-Step,NYSE:UVV,0.09999830896247744
2022-10-25,12,AR1 alpha + Basic + One-Step,NYSE:UVV,0.09998801554188791
2022-10-26,12,AR1 alpha + Basic + One-Step,NYSE:UVV,0.09998219698521656
2022-10-27,12,AR1 alpha + Basic + One-Step,NYSE:UVV,0.09998931777783975
2022-10-28,12,AR1 alpha + Basic + One-Step,NYSE:UVV,0.0999938513813048
2022-10-31,12,AR1 alpha + Basic + One-Step,NYSE:UVV,0.09999645851059225
2022-11-01,12,AR1 alpha + Basic + One-Step,NYSE:UVV,0.09999437435816225
2022-11-02,12,AR1 alpha + Basic + One-Step,NYSE:UVV,0.09999770120131782
2022-11-03,12,AR1 alpha + Basic + One-Step,NYSE:UVV,0.10000013949715146
2022-11-04,12,AR1 alpha + Basic + One-Step,NYSE:UVV,0.1000008658866498
2022-11-07,12,AR1 alpha + Basic + One-Step,NYSE:UVV,0.1000001098421745
2022-11-08,12,AR1 alpha + Basic + One-Step,NYSE:UVV,0.09999673701827809
2022-11-09,12,AR1 alpha + Basic + One-Step,NYSE:UVV,0.09999278934213464
2022-11-10,12,AR1 alpha + Basic + One-Step,NYSE:UVV,0.09999511594307466
2022-11-11,12,AR1 alpha + Basic + One-Step,NYSE:UVV,0.09999703327359652
2022-11-14,12,AR1 alpha + Basic + One-Step,NYSE:UVV,0.09998985666564167
2022-11-15,12,AR1 alpha + Basic + One-Step,NYSE:UVV,0.09998884338191039
2022-11-16,12,AR1 alpha + Basic + One-Step,NYSE:UVV,0.09999334458940055
2022-11-17,12,AR1 alpha + Basic + One-Step,NYSE:UVV,0.09999109352919462
2022-11-18,12,AR1 alpha + Basic + One-Step,NYSE:UVV,0.09999595996633483
2022-11-21,12,AR1 alpha + Basic + One-Step,NYSE:UVV,0.09999835653402964
2022-11-22,12,AR1 alpha + Basic + One-Step,NYSE:UVV,0.09999881629029425
2022-11-23,12,AR1 alpha + Basic + One-Step,NYSE:UVV,0.09999911525066872
2022-11-25,12,AR1 alpha + Basic + One-Step,NYSE:UVV,0.09999914811613142
2022-11-28,12,AR1 alpha + Basic + One-Step,NYSE:UVV,0.09999916573383577
2022-11-29,12,AR1 alpha + Basic + One-Step,NYSE:UVV,0.09999805286935264
2022-11-30,12,AR1 alpha + Basic + One-Step,NYSE:UVV,0.09999912616263276
2022-12-01,12,AR1 alpha + Basic + One-Step,NYSE:UVV,0.09999913815381493
2022-12-02,12,AR1 alpha + Basic + One-Step,NYSE:UVV,0.09999245398158069
2022-12-05,12,AR1 alpha + Basic + One-Step,NYSE:UVV,0.09999553233993366
2022-12-06,12,AR1 alpha + Basic + One-Step,NYSE:UVV,0.06944935674563964
2022-12-07,12,AR1 alpha + Basic + One-Step,NYSE:UVV,0.058491753617206536
2022-12-08,12,AR1 alpha + Basic + One-Step,NYSE:UVV,0.06945703642867876
2022-12-09,12,AR1 alpha + Basic + One-Step,NYSE:UVV,0.07466428601226842
2022-12-12,12,AR1 alpha + Basic + One-Step,NYSE:UVV,0.05549798960824661
2022-12-13,12,AR1 alpha + Basic + One-Step,NYSE:UVV,0.031305140849343986
2022-12-14,12,AR1 alpha + Basic + One-Step,NYSE:UVV,0.002395142823303866
2022-12-15,12,AR1 alpha + Basic + One-Step,NYSE:UVV,0.0
2022-12-16,12,AR1 alpha + Basic + One-Step,NYSE:UVV,0.0
2022-12-19,12,AR1 alpha + Basic + One-Step,NYSE:UVV,0.0
2022-12-20,12,AR1 alpha + Basic + One-Step,NYSE:UVV,0.005541751388278911
2022-12-21,12,AR1 alpha + Basic + One-Step,NYSE:UVV,0.0789780976864644
2022-12-22,12,AR1 alpha + Basic + One-Step,NYSE:UVV,0.0328103573217447
2022-12-23,12,AR1 alpha + Basic + One-Step,NYSE:UVV,0.09999972848992321
2022-12-27,12,AR1 alpha + Basic + One-Step,NYSE:UVV,0.10000028774384763
2022-12-28,12,AR1 alpha + Basic + One-Step,NYSE:UVV,0.0
2022-12-29,12,AR1 alpha + Basic + One-Step,NYSE:UVV,0.06420040447367689
2022-12-30,12,AR1 alpha + Basic + One-Step,NYSE:UVV,0.05380526790581921
2023-01-03,12,AR1 alpha + Basic + One-Step,NYSE:UVV,0.0791243016397278
2023-01-04,12,AR1 alpha + Basic + One-Step,NYSE:UVV,0.09999928904941426
2023-01-05,12,AR1 alpha + Basic + One-Step,NYSE:UVV,0.09091939759181486
2023-01-06,12,AR1 alpha + Basic + One-Step,NYSE:UVV,0.0905861826150597
2023-01-09,12,AR1 alpha + Basic + One-Step,NYSE:UVV,0.0
2023-01-10,12,AR1 alpha + Basic + One-Step,NYSE:UVV,0.0
2023-01-11,12,AR1 alpha + Basic + One-Step,NYSE:UVV,0.004051994146113785
2023-01-12,12,AR1 alpha + Basic + One-Step,NYSE:UVV,0.022469002178777033
2023-01-13,12,AR1 alpha + Basic + One-Step,NYSE:UVV,0.10000001941322866
2023-01-17,12,AR1 alpha + Basic + One-Step,NYSE:UVV,0.08771002840539818
2023-01-18,12,AR1 alpha + Basic + One-Step,NYSE:UVV,0.0
2023-01-19,12,AR1 alpha + Basic + One-Step,NYSE:UVV,0.0171066117470671
2023-01-20,12,AR1 alpha + Basic + One-Step,NYSE:UVV,0.0813060538952011
2023-01-23,12,AR1 alpha + Basic + One-Step,NYSE:UVV,0.0
2023-01-24,12,AR1 alpha + Basic + One-Step,NYSE:UVV,0.0
2023-01-25,12,AR1 alpha + Basic + One-Step,NYSE:UVV,0.0
2023-01-26,12,AR1 alpha + Basic + One-Step,NYSE:UVV,0.0
2023-01-27,12,AR1 alpha + Basic + One-Step,NYSE:UVV,0.0
2023-01-30,12,AR1 alpha + Basic + One-Step,NYSE:UVV,0.0
2023-01-31,12,AR1 alpha + Basic + One-Step,NYSE:UVV,0.09999921024932165
2023-02-01,12,AR1 alpha + Basic + One-Step,NYSE:UVV,0.09999900743532505
2023-02-02,12,AR1 alpha + Basic + One-Step,NYSE:UVV,0.10000066728493624
2023-02-03,12,AR1 alpha + Basic + One-Step,NYSE:UVV,0.10000001715836328
2023-02-06,12,AR1 alpha + Basic + One-Step,NYSE:UVV,0.07181579493470251
2023-02-07,12,AR1 alpha + Basic + One-Step,NYSE:UVV,0.0
2023-02-08,12,AR1 alpha + Basic + One-Step,NYSE:UVV,0.0
2023-02-09,12,AR1 alpha + Basic + One-Step,NYSE:UVV,0.005139277008356512
2023-02-10,12,AR1 alpha + Basic + One-Step,NYSE:UVV,0.05858471833063889
2023-02-13,12,AR1 alpha + Basic + One-Step,NYSE:UVV,0.09999950695032318
2023-02-14,12,AR1 alpha + Basic + One-Step,NYSE:UVV,0.0
2023-02-15,12,AR1 alpha + Basic + One-Step,NYSE:UVV,0.058087245791071385
2023-02-16,12,AR1 alpha + Basic + One-Step,NYSE:UVV,2.3905385747995263e-08
2023-02-17,12,AR1 alpha + Basic + One-Step,NYSE:UVV,0.046548860580490244
2023-02-21,12,AR1 alpha + Basic + One-Step,NYSE:UVV,0.0
2023-02-22,12,AR1 alpha + Basic + One-Step,NYSE:UVV,2.491570403220564e-07
2023-02-23,12,AR1 alpha + Basic + One-Step,NYSE:UVV,0.0
2023-02-24,12,AR1 alpha + Basic + One-Step,NYSE:UVV,0.0
2023-02-27,12,AR1 alpha + Basic + One-Step,NYSE:UVV,0.0
2023-02-28,12,AR1 alpha + Basic + One-Step,NYSE:UVV,0.0
2023-03-01,12,AR1 alpha + Basic + One-Step,NYSE:UVV,0.0
2023-03-02,12,AR1 alpha + Basic + One-Step,NYSE:UVV,2.8604816592151405e-07
2023-03-03,12,AR1 alpha + Basic + One-Step,NYSE:UVV,0.0
2023-03-06,12,AR1 alpha + Basic + One-Step,NYSE:UVV,0.0
2023-03-07,12,AR1 alpha + Basic + One-Step,NYSE:UVV,9.158680311657789e-11
2023-03-08,12,AR1 alpha + Basic + One-Step,NYSE:UVV,0.0
2023-03-09,12,AR1 alpha + Basic + One-Step,NYSE:UVV,0.0
2023-03-10,12,AR1 alpha + Basic + One-Step,NYSE:UVV,3.4960595454032096e-09
2023-03-13,12,AR1 alpha + Basic + One-Step,NYSE:UVV,2.2700032838596555e-07
2023-03-14,12,AR1 alpha + Basic + One-Step,NYSE:UVV,0.09360621870656896
2023-03-15,12,AR1 alpha + Basic + One-Step,NYSE:UVV,0.04026984533613228
2023-03-16,12,AR1 alpha + Basic + One-Step,NYSE:UVV,0.08843834357536007
2023-03-17,12,AR1 alpha + Basic + One-Step,NYSE:UVV,0.0
2023-03-20,12,AR1 alpha + Basic + One-Step,NYSE:UVV,0.039721119905893214
2023-03-21,12,AR1 alpha + Basic + One-Step,NYSE:UVV,0.0913286819146556
2023-03-22,12,AR1 alpha + Basic + One-Step,NYSE:UVV,1.1938135677411484e-07
2023-03-23,12,AR1 alpha + Basic + One-Step,NYSE:UVV,2.2998715696007234e-07
2023-03-24,12,AR1 alpha + Basic + One-Step,NYSE:UVV,0.047829452093322594
2023-03-27,12,AR1 alpha + Basic + One-Step,NYSE:UVV,0.04782641122392636
2023-03-28,12,AR1 alpha + Basic + One-Step,NYSE:UVV,0.08213294186443115
2023-03-29,12,AR1 alpha + Basic + One-Step,NYSE:UVV,0.08798929845993717
2023-03-30,12,AR1 alpha + Basic + One-Step,NYSE:UVV,0.09999806897080976
2023-03-31,12,AR1 alpha + Basic + One-Step,NYSE:UVV,0.09999930213850457
2023-04-03,12,AR1 alpha + Basic + One-Step,NYSE:UVV,0.09999139749443259
2023-04-04,12,AR1 alpha + Basic + One-Step,NYSE:UVV,0.09988528090782177
2023-04-05,12,AR1 alpha + Basic + One-Step,NYSE:UVV,0.08669504882483392
2023-04-06,12,AR1 alpha + Basic + One-Step,NYSE:UVV,1.5462454902513572e-06
2023-04-10,12,AR1 alpha + Basic + One-Step,NYSE:UVV,0.0
2023-04-11,12,AR1 alpha + Basic + One-Step,NYSE:UVV,0.06471442031707232
2023-04-12,12,AR1 alpha + Basic + One-Step,NYSE:UVV,0.06471327322476836
2023-04-13,12,AR1 alpha + Basic + One-Step,NYSE:UVV,0.07873234352039257
2023-04-14,12,AR1 alpha + Basic + One-Step,NYSE:UVV,0.10000005068156247
2023-04-17,12,AR1 alpha + Basic + One-Step,NYSE:UVV,0.09999996688716879
2023-04-18,12,AR1 alpha + Basic + One-Step,NYSE:UVV,0.0999968314641327
2023-04-19,12,AR1 alpha + Basic + One-Step,NYSE:UVV,0.09999815567734953
2023-04-20,12,AR1 alpha + Basic + One-Step,NYSE:UVV,0.0155479841284341
2023-04-21,12,AR1 alpha + Basic + One-Step,NYSE:UVV,3.365799178088918e-07
2023-04-24,12,AR1 alpha + Basic + One-Step,NYSE:UVV,0.0
2023-04-25,12,AR1 alpha + Basic + One-Step,NYSE:UVV,0.0
2023-04-26,12,AR1 alpha + Basic + One-Step,NYSE:UVV,0.0
2023-04-27,12,AR1 alpha + Basic + One-Step,NYSE:UVV,0.07866042777833827
2023-04-28,12,AR1 alpha + Basic + One-Step,NYSE:UVV,0.10000001436334607
2023-05-01,12,AR1 alpha + Basic + One-Step,NYSE:UVV,0.054599980067168645
2023-05-02,12,AR1 alpha + Basic + One-Step,NYSE:UVV,2.3026680540545753e-07
2023-05-03,12,AR1 alpha + Basic + One-Step,NYSE:UVV,0.0
2023-05-04,12,AR1 alpha + Basic + One-Step,NYSE:UVV,0.0
2023-05-05,12,AR1 alpha + Basic + One-Step,NYSE:UVV,2.0032873267048296e-07
2023-05-08,12,AR1 alpha + Basic + One-Step,NYSE:UVV,1.4003777648554897e-07
2023-05-09,12,AR1 alpha + Basic + One-Step,NYSE:UVV,5.2395512053198505e-08
2023-05-10,12,AR1 alpha + Basic + One-Step,NYSE:UVV,0.0
2023-05-11,12,AR1 alpha + Basic + One-Step,NYSE:UVV,4.4262623321657773e-07
2023-05-12,12,AR1 alpha + Basic + One-Step,NYSE:UVV,9.56754829753577e-07
2023-05-15,12,AR1 alpha + Basic + One-Step,NYSE:UVV,6.004414950017044e-07
2023-05-16,12,AR1 alpha + Basic + One-Step,NYSE:UVV,0.0
2023-05-17,12,AR1 alpha + Basic + One-Step,NYSE:UVV,0.0
2023-05-18,12,AR1 alpha + Basic + One-Step,NYSE:UVV,0.0
2023-05-19,12,AR1 alpha + Basic + One-Step,NYSE:UVV,0.0
2023-05-22,12,AR1 alpha + Basic + One-Step,NYSE:UVV,0.0
2023-05-23,12,AR1 alpha + Basic + One-Step,NYSE:UVV,0.0
2023-05-24,12,AR1 alpha + Basic + One-Step,NYSE:UVV,0.0
2023-05-25,12,AR1 alpha + Basic + One-Step,NYSE:UVV,0.0
2023-05-26,12,AR1 alpha + Basic + One-Step,NYSE:UVV,0.0
2023-05-30,12,AR1 alpha + Basic + One-Step,NYSE:UVV,0.0
2023-05-31,12,AR1 alpha + Basic + One-Step,NYSE:UVV,0.0
2023-06-01,12,AR1 alpha + Basic + One-Step,NYSE:UVV,0.0
2023-06-02,12,AR1 alpha + Basic + One-Step,NYSE:UVV,0.0
2023-06-05,12,AR1 alpha + Basic + One-Step,NYSE:UVV,0.0
2023-06-06,12,AR1 alpha + Basic + One-Step,NYSE:UVV,2.3727914028142357e-06
2023-06-07,12,AR1 alpha + Basic + One-Step,NYSE:UVV,7.570543988003909e-08
2023-06-08,12,AR1 alpha + Basic + One-Step,NYSE:UVV,1.2372570952269586e-07
2023-06-09,12,AR1 alpha + Basic + One-Step,NYSE:UVV,1.4494544538636893e-06
2023-06-12,12,AR1 alpha + Basic + One-Step,NYSE:UVV,0.0
2023-06-13,12,AR1 alpha + Basic + One-Step,NYSE:UVV,7.692655963035745e-08
2023-06-14,12,AR1 alpha + Basic + One-Step,NYSE:UVV,1.2351988845385947e-07
2023-06-15,12,AR1 alpha + Basic + One-Step,NYSE:UVV,0.0
2023-06-16,12,AR1 alpha + Basic + One-Step,NYSE:UVV,3.668739733793081e-08
2023-06-20,12,AR1 alpha + Basic + One-Step,NYSE:UVV,0.0
2023-06-21,12,AR1 alpha + Basic + One-Step,NYSE:UVV,0.0
2023-06-22,12,AR1 alpha + Basic + One-Step,NYSE:UVV,0.0
2023-06-23,12,AR1 alpha + Basic + One-Step,NYSE:UVV,0.0
2023-06-26,12,AR1 alpha + Basic + One-Step,NYSE:UVV,5.842888401618609e-07
2023-06-27,12,AR1 alpha + Basic + One-Step,NYSE:UVV,0.0
2023-06-28,12,AR1 alpha + Basic + One-Step,NYSE:UVV,0.0
2023-06-29,12,AR1 alpha + Basic + One-Step,NYSE:UVV,0.0
2023-06-30,12,AR1 alpha + Basic + One-Step,NYSE:UVV,0.0
2023-07-03,12,AR1 alpha + Basic + One-Step,NYSE:UVV,0.0
2023-07-05,12,AR1 alpha + Basic + One-Step,NYSE:UVV,2.7428575714920075e-06
2023-07-06,12,AR1 alpha + Basic + One-Step,NYSE:UVV,0.0
2023-07-07,12,AR1 alpha + Basic + One-Step,NYSE:UVV,0.0
2023-07-10,12,AR1 alpha + Basic + One-Step,NYSE:UVV,2.7438686690763044e-06
2023-07-11,12,AR1 alpha + Basic + One-Step,NYSE:UVV,0.0
2023-07-12,12,AR1 alpha + Basic + One-Step,NYSE:UVV,0.0
2023-07-13,12,AR1 alpha + Basic + One-Step,NYSE:UVV,0.0
2023-07-14,12,AR1 alpha + Basic + One-Step,NYSE:UVV,2.1953774278372137e-07
2023-07-17,12,AR1 alpha + Basic + One-Step,NYSE:UVV,1.1619902825270713e-06
2023-07-18,12,AR1 alpha + Basic + One-Step,NYSE:UVV,1.9047201184791277e-06
2023-07-19,12,AR1 alpha + Basic + One-Step,NYSE:UVV,8.997911809145577e-24
2023-07-20,12,AR1 alpha + Basic + One-Step,NYSE:UVV,0.0
2023-07-21,12,AR1 alpha + Basic + One-Step,NYSE:UVV,0.0
2023-07-24,12,AR1 alpha + Basic + One-Step,NYSE:UVV,0.0
2023-07-25,12,AR1 alpha + Basic + One-Step,NYSE:UVV,0.0
2023-07-26,12,AR1 alpha + Basic + One-Step,NYSE:UVV,0.0
2023-07-27,12,AR1 alpha + Basic + One-Step,NYSE:UVV,0.0
2023-07-28,12,AR1 alpha + Basic + One-Step,NYSE:UVV,0.0
2023-07-31,12,AR1 alpha + Basic + One-Step,NYSE:UVV,0.0
2023-08-01,12,AR1 alpha + Basic + One-Step,NYSE:UVV,0.0
2023-08-02,12,AR1 alpha + Basic + One-Step,NYSE:UVV,0.0
2023-08-03,12,AR1 alpha + Basic + One-Step,NYSE:UVV,0.0
2023-08-04,12,AR1 alpha + Basic + One-Step,NYSE:UVV,0.0
2023-08-07,12,AR1 alpha + Basic + One-Step,NYSE:UVV,0.0
2023-08-08,12,AR1 alpha + Basic + One-Step,NYSE:UVV,0.0
2023-08-09,12,AR1 alpha + Basic + One-Step,NYSE:UVV,0.0
2023-08-10,12,AR1 alpha + Basic + One-Step,NYSE:UVV,0.0
2023-08-11,12,AR1 alpha + Basic + One-Step,NYSE:UVV,6.089529005995887e-07
2023-08-14,12,AR1 alpha + Basic + One-Step,NYSE:UVV,0.0
2023-08-15,12,AR1 alpha + Basic + One-Step,NYSE:UVV,0.0
2023-08-16,12,AR1 alpha + Basic + One-Step,NYSE:UVV,0.0
2023-08-17,12,AR1 alpha + Basic + One-Step,NYSE:UVV,0.0
2023-08-18,12,AR1 alpha + Basic + One-Step,NYSE:UVV,0.0
2023-08-21,12,AR1 alpha + Basic + One-Step,NYSE:UVV,1.3794396750097932e-09
2023-08-22,12,AR1 alpha + Basic + One-Step,NYSE:UVV,0.0
2023-08-23,12,AR1 alpha + Basic + One-Step,NYSE:UVV,1.3580650238888118e-07
2023-08-24,12,AR1 alpha + Basic + One-Step,NYSE:UVV,0.0
2023-08-25,12,AR1 alpha + Basic + One-Step,NYSE:UVV,1.771384346670775e-07
2023-08-28,12,AR1 alpha + Basic + One-Step,NYSE:UVV,0.0
2023-08-29,12,AR1 alpha + Basic + One-Step,NYSE:UVV,0.0
2023-08-30,12,AR1 alpha + Basic + One-Step,NYSE:UVV,0.0
2023-08-31,12,AR1 alpha + Basic + One-Step,NYSE:UVV,0.0
2023-09-01,12,AR1 alpha + Basic + One-Step,NYSE:UVV,0.0
2023-09-05,12,AR1 alpha + Basic + One-Step,NYSE:UVV,0.0
2023-09-06,12,AR1 alpha + Basic + One-Step,NYSE:UVV,1.496615868062079e-08
2023-09-07,12,AR1 alpha + Basic + One-Step,NYSE:UVV,1.953797441729639e-06
2023-09-08,12,AR1 alpha + Basic + One-Step,NYSE:UVV,2.5210915604725857e-06
2023-09-11,12,AR1 alpha + Basic + One-Step,NYSE:UVV,1.5208414044051462e-06
2023-09-12,12,AR1 alpha + Basic + One-Step,NYSE:UVV,5.568466449482842e-06
2023-09-13,12,AR1 alpha + Basic + One-Step,NYSE:UVV,0.0
2023-09-14,12,AR1 alpha + Basic + One-Step,NYSE:UVV,0.0
2023-09-15,12,AR1 alpha + Basic + One-Step,NYSE:UVV,0.0
2023-09-18,12,AR1 alpha + Basic + One-Step,NYSE:UVV,6.586881998658259e-10
2023-09-19,12,AR1 alpha + Basic + One-Step,NYSE:UVV,1.3507697140087074e-08
2023-09-20,12,AR1 alpha + Basic + One-Step,NYSE:UVV,0.0
2023-09-21,12,AR1 alpha + Basic + One-Step,NYSE:UVV,0.0
2023-09-22,12,AR1 alpha + Basic + One-Step,NYSE:UVV,0.0
2023-09-25,12,AR1 alpha + Basic + One-Step,NYSE:UVV,0.0
2023-09-26,12,AR1 alpha + Basic + One-Step,NYSE:UVV,0.0
2023-09-27,12,AR1 alpha + Basic + One-Step,NYSE:UVV,0.0
2023-09-28,12,AR1 alpha + Basic + One-Step,NYSE:UVV,7.515178194044048e-08
2023-09-29,12,AR1 alpha + Basic + One-Step,NYSE:UVV,5.3633862685995855e-08
2023-10-02,12,AR1 alpha + Basic + One-Step,NYSE:UVV,0.0
2023-10-03,12,AR1 alpha + Basic + One-Step,NYSE:UVV,0.0
2023-10-04,12,AR1 alpha + Basic + One-Step,NYSE:UVV,0.0
2023-10-05,12,AR1 alpha + Basic + One-Step,NYSE:UVV,0.0
2023-10-06,12,AR1 alpha + Basic + One-Step,NYSE:UVV,0.0
2023-10-09,12,AR1 alpha + Basic + One-Step,NYSE:UVV,2.891295109323327e-08
2023-10-10,12,AR1 alpha + Basic + One-Step,NYSE:UVV,0.0
2023-10-11,12,AR1 alpha + Basic + One-Step,NYSE:UVV,2.3017308372931943e-08
2023-10-12,12,AR1 alpha + Basic + One-Step,NYSE:UVV,0.0
2023-10-13,12,AR1 alpha + Basic + One-Step,NYSE:UVV,0.0
2023-10-16,12,AR1 alpha + Basic + One-Step,NYSE:UVV,8.329267309596098e-11
2023-10-17,12,AR1 alpha + Basic + One-Step,NYSE:UVV,1.0990286615377254e-06
2023-10-18,12,AR1 alpha + Basic + One-Step,NYSE:UVV,0.0
2023-10-19,12,AR1 alpha + Basic + One-Step,NYSE:UVV,0.0
2023-10-20,12,AR1 alpha + Basic + One-Step,NYSE:UVV,0.0
2023-10-23,12,AR1 alpha + Basic + One-Step,NYSE:UVV,0.0
2023-10-24,12,AR1 alpha + Basic + One-Step,NYSE:UVV,0.0
2023-10-25,12,AR1 alpha + Basic + One-Step,NYSE:UVV,0.0
2023-10-26,12,AR1 alpha + Basic + One-Step,NYSE:UVV,0.0
2023-10-27,12,AR1 alpha + Basic + One-Step,NYSE:UVV,0.0
2023-10-30,12,AR1 alpha + Basic + One-Step,NYSE:UVV,1.2137384907377793e-08
2023-10-31,12,AR1 alpha + Basic + One-Step,NYSE:UVV,0.0
2023-11-01,12,AR1 alpha + Basic + One-Step,NYSE:UVV,0.0
2023-11-02,12,AR1 alpha + Basic + One-Step,NYSE:UVV,0.0
2023-11-03,12,AR1 alpha + Basic + One-Step,NYSE:UVV,0.09999851962227961
2023-11-06,12,AR1 alpha + Basic + One-Step,NYSE:UVV,0.09999496404614146
2023-11-07,12,AR1 alpha + Basic + One-Step,NYSE:UVV,0.09999665986396745
2023-11-08,12,AR1 alpha + Basic + One-Step,NYSE:UVV,0.09999778747654009
2023-11-09,12,AR1 alpha + Basic + One-Step,NYSE:UVV,0.09999450232765106
2023-11-10,12,AR1 alpha + Basic + One-Step,NYSE:UVV,0.0
2023-11-13,12,AR1 alpha + Basic + One-Step,NYSE:UVV,0.09999522170981866
2023-11-14,12,AR1 alpha + Basic + One-Step,NYSE:UVV,0.09999654973108217
2023-11-15,12,AR1 alpha + Basic + One-Step,NYSE:UVV,0.09999557807925345
2023-11-16,12,AR1 alpha + Basic + One-Step,NYSE:UVV,0.0957719201386659
2023-11-17,12,AR1 alpha + Basic + One-Step,NYSE:UVV,0.09235318077846273
2023-11-20,12,AR1 alpha + Basic + One-Step,NYSE:UVV,0.016984873918664316
2023-11-21,12,AR1 alpha + Basic + One-Step,NYSE:UVV,0.03259726437474034
2023-11-22,12,AR1 alpha + Basic + One-Step,NYSE:UVV,0.09999947644011387
2023-11-24,12,AR1 alpha + Basic + One-Step,NYSE:UVV,0.07838691091256811
2023-11-27,12,AR1 alpha + Basic + One-Step,NYSE:UVV,0.09999879472833782
2023-11-28,12,AR1 alpha + Basic + One-Step,NYSE:UVV,0.0
2023-11-29,12,AR1 alpha + Basic + One-Step,NYSE:UVV,0.0
2023-11-30,12,AR1 alpha + Basic + One-Step,NYSE:UVV,0.05266009839853504
2023-12-01,12,AR1 alpha + Basic + One-Step,NYSE:UVV,0.09999355406460081
2023-12-04,12,AR1 alpha + Basic + One-Step,NYSE:UVV,0.09999352295421615
2023-12-05,12,AR1 alpha + Basic + One-Step,NYSE:UVV,0.09999382036045054
2023-12-06,12,AR1 alpha + Basic + One-Step,NYSE:UVV,0.09999609651589308
2023-12-07,12,AR1 alpha + Basic + One-Step,NYSE:UVV,0.09999610697583375
2023-12-08,12,AR1 alpha + Basic + One-Step,NYSE:UVV,0.09999158774356716
2023-12-11,12,AR1 alpha + Basic + One-Step,NYSE:UVV,0.09999065964032122
2023-12-12,12,AR1 alpha + Basic + One-Step,NYSE:UVV,0.09998809082405494
2023-12-13,12,AR1 alpha + Basic + One-Step,NYSE:UVV,0.09998465959606391
2023-12-14,12,AR1 alpha + Basic + One-Step,NYSE:UVV,0.09998600485320025
2023-12-15,12,AR1 alpha + Basic + One-Step,NYSE:UVV,0.09999033419026637
2023-12-18,12,AR1 alpha + Basic + One-Step,NYSE:UVV,0.09998868885941953
2023-12-19,12,AR1 alpha + Basic + One-Step,NYSE:UVV,0.09999238458036233
2023-12-20,12,AR1 alpha + Basic + One-Step,NYSE:UVV,0.09998989960607654
2023-12-21,12,AR1 alpha + Basic + One-Step,NYSE:UVV,0.09998840978254384
2023-12-22,12,AR1 alpha + Basic + One-Step,NYSE:UVV,0.09999276703283888
2023-12-26,12,AR1 alpha + Basic + One-Step,NYSE:UVV,0.09998766989450941
2023-12-27,12,AR1 alpha + Basic + One-Step,NYSE:UVV,0.0999917867952232
2023-12-28,12,AR1 alpha + Basic + One-Step,NYSE:UVV,0.09999284685737345
2023-12-29,12,AR1 alpha + Basic + One-Step,NYSE:UVV,0.09999512664207788
2024-01-02,12,AR1 alpha + Basic + One-Step,NYSE:UVV,0.0999930379778618
2024-01-03,12,AR1 alpha + Basic + One-Step,NYSE:UVV,0.0
2024-01-04,12,AR1 alpha + Basic + One-Step,NYSE:UVV,0.0
2024-01-05,12,AR1 alpha + Basic + One-Step,NYSE:UVV,0.0
2024-01-08,12,AR1 alpha + Basic + One-Step,NYSE:UVV,0.0
2024-01-09,12,AR1 alpha + Basic + One-Step,NYSE:UVV,0.0
2024-01-10,12,AR1 alpha + Basic + One-Step,NYSE:UVV,0.0
2024-01-11,12,AR1 alpha + Basic + One-Step,NYSE:UVV,2.604866084092932e-07
2024-01-12,12,AR1 alpha + Basic + One-Step,NYSE:UVV,7.775925499241499e-23
2024-01-16,12,AR1 alpha + Basic + One-Step,NYSE:UVV,0.0
2024-01-17,12,AR1 alpha + Basic + One-Step,NYSE:UVV,0.0
2024-01-18,12,AR1 alpha + Basic + One-Step,NYSE:UVV,6.331930992801036e-07
2024-01-19,12,AR1 alpha + Basic + One-Step,NYSE:UVV,0.0
2024-01-22,12,AR1 alpha + Basic + One-Step,NYSE:UVV,0.0
2024-01-23,12,AR1 alpha + Basic + One-Step,NYSE:UVV,0.0
2024-01-24,12,AR1 alpha + Basic + One-Step,NYSE:UVV,2.2905877829346783e-07
2024-01-25,12,AR1 alpha + Basic + One-Step,NYSE:UVV,9.521747778671791e-08
2024-01-26,12,AR1 alpha + Basic + One-Step,NYSE:UVV,0.0
2024-01-29,12,AR1 alpha + Basic + One-Step,NYSE:UVV,0.0
2024-01-30,12,AR1 alpha + Basic + One-Step,NYSE:UVV,0.0
2024-01-31,12,AR1 alpha + Basic + One-Step,NYSE:UVV,4.217903485146284e-09
2024-02-01,12,AR1 alpha + Basic + One-Step,NYSE:UVV,0.03345237071741296
2024-02-02,12,AR1 alpha + Basic + One-Step,NYSE:UVV,0.0
2024-02-05,12,AR1 alpha + Basic + One-Step,NYSE:UVV,0.0
2024-02-06,12,AR1 alpha + Basic + One-Step,NYSE:UVV,0.0
2024-02-07,12,AR1 alpha + Basic + One-Step,NYSE:UVV,4.088073258187647e-08
2024-02-08,12,AR1 alpha + Basic + One-Step,NYSE:UVV,3.024550177715425e-08
2024-02-09,12,AR1 alpha + Basic + One-Step,NYSE:UVV,2.0910515579582128e-07
2024-02-12,12,AR1 alpha + Basic + One-Step,NYSE:UVV,0.0
2024-02-13,12,AR1 alpha + Basic + One-Step,NYSE:UVV,0.0
2024-02-14,12,AR1 alpha + Basic + One-Step,NYSE:UVV,0.0
2024-02-15,12,AR1 alpha + Basic + One-Step,NYSE:UVV,0.0
2024-02-16,12,AR1 alpha + Basic + One-Step,NYSE:UVV,0.0
2024-02-20,12,AR1 alpha + Basic + One-Step,NYSE:UVV,0.0
2024-02-21,12,AR1 alpha + Basic + One-Step,NYSE:UVV,0.0
2024-02-22,12,AR1 alpha + Basic + One-Step,NYSE:UVV,0.0
2024-02-23,12,AR1 alpha + Basic + One-Step,NYSE:UVV,0.0
2024-02-26,12,AR1 alpha + Basic + One-Step,NYSE:UVV,0.0
2024-02-27,12,AR1 alpha + Basic + One-Step,NYSE:UVV,0.0
2024-02-28,12,AR1 alpha + Basic + One-Step,NYSE:UVV,0.0
2024-02-29,12,AR1 alpha + Basic + One-Step,NYSE:UVV,0.0
2024-03-01,12,AR1 alpha + Basic + One-Step,NYSE:UVV,0.0
2024-03-04,12,AR1 alpha + Basic + One-Step,NYSE:UVV,0.0
2024-03-05,12,AR1 alpha + Basic + One-Step,NYSE:UVV,0.0
2024-03-06,12,AR1 alpha + Basic + One-Step,NYSE:UVV,0.0
2024-03-07,12,AR1 alpha + Basic + One-Step,NYSE:UVV,0.0
2024-03-08,12,AR1 alpha + Basic + One-Step,NYSE:UVV,0.03407578662883426
2024-03-11,12,AR1 alpha + Basic + One-Step,NYSE:UVV,0.0
2024-03-12,12,AR1 alpha + Basic + One-Step,NYSE:UVV,0.0
2024-03-13,12,AR1 alpha + Basic + One-Step,NYSE:UVV,0.0
2024-03-14,12,AR1 alpha + Basic + One-Step,NYSE:UVV,2.4836160408432444e-07
2024-03-15,12,AR1 alpha + Basic + One-Step,NYSE:UVV,2.2776634669557894e-07
2024-03-18,12,AR1 alpha + Basic + One-Step,NYSE:UVV,0.0
2024-03-19,12,AR1 alpha + Basic + One-Step,NYSE:UVV,0.0
2024-03-20,12,AR1 alpha + Basic + One-Step,NYSE:UVV,0.0
2024-03-21,12,AR1 alpha + Basic + One-Step,NYSE:UVV,5.7159627639424974e-08
2024-03-22,12,AR1 alpha + Basic + One-Step,NYSE:UVV,1.8493315096534155e-08
2024-03-25,12,AR1 alpha + Basic + One-Step,NYSE:UVV,0.0
2024-03-26,12,AR1 alpha + Basic + One-Step,NYSE:UVV,0.0
2024-03-27,12,AR1 alpha + Basic + One-Step,NYSE:UVV,0.0
2024-03-28,12,AR1 alpha + Basic + One-Step,NYSE:UVV,0.0
2024-04-01,12,AR1 alpha + Basic + One-Step,NYSE:UVV,1.1413281964318117e-06
2024-04-02,12,AR1 alpha + Basic + One-Step,NYSE:UVV,0.0
2024-04-03,12,AR1 alpha + Basic + One-Step,NYSE:UVV,0.0
2024-04-04,12,AR1 alpha + Basic + One-Step,NYSE:UVV,0.0
2024-04-05,12,AR1 alpha + Basic + One-Step,NYSE:UVV,0.0
2024-04-08,12,AR1 alpha + Basic + One-Step,NYSE:UVV,0.0
2024-04-09,12,AR1 alpha + Basic + One-Step,NYSE:UVV,0.0
2024-04-10,12,AR1 alpha + Basic + One-Step,NYSE:UVV,7.532078538739699e-07
2024-04-11,12,AR1 alpha + Basic + One-Step,NYSE:UVV,0.0
2024-04-12,12,AR1 alpha + Basic + One-Step,NYSE:UVV,0.0
2024-04-15,12,AR1 alpha + Basic + One-Step,NYSE:UVV,0.0
2024-04-16,12,AR1 alpha + Basic + One-Step,NYSE:UVV,0.0
2024-04-17,12,AR1 alpha + Basic + One-Step,NYSE:UVV,3.7637988022332955e-08
2024-04-18,12,AR1 alpha + Basic + One-Step,NYSE:UVV,0.0
2024-04-19,12,AR1 alpha + Basic + One-Step,NYSE:UVV,0.0
2020-03-25,12,AR1 alpha + Basic + One-Step,NYSE:BBDC,0.02
2020-03-26,12,AR1 alpha + Basic + One-Step,NYSE:BBDC,0.019999999999999997
2020-03-27,12,AR1 alpha + Basic + One-Step,NYSE:BBDC,0.0
2020-03-30,12,AR1 alpha + Basic + One-Step,NYSE:BBDC,0.04770819621655118
2020-03-31,12,AR1 alpha + Basic + One-Step,NYSE:BBDC,0.0
2020-04-01,12,AR1 alpha + Basic + One-Step,NYSE:BBDC,0.0
2020-04-02,12,AR1 alpha + Basic + One-Step,NYSE:BBDC,3.58593955300124e-10
2020-04-03,12,AR1 alpha + Basic + One-Step,NYSE:BBDC,2.8328010585280917e-08
2020-04-06,12,AR1 alpha + Basic + One-Step,NYSE:BBDC,0.0
2020-04-07,12,AR1 alpha + Basic + One-Step,NYSE:BBDC,4.16402223261534e-08
2020-04-08,12,AR1 alpha + Basic + One-Step,NYSE:BBDC,2.053655823512462e-08
2020-04-09,12,AR1 alpha + Basic + One-Step,NYSE:BBDC,0.0
2020-04-13,12,AR1 alpha + Basic + One-Step,NYSE:BBDC,0.0
2020-04-14,12,AR1 alpha + Basic + One-Step,NYSE:BBDC,0.0
2020-04-15,12,AR1 alpha + Basic + One-Step,NYSE:BBDC,0.0
2020-04-16,12,AR1 alpha + Basic + One-Step,NYSE:BBDC,0.0
2020-04-17,12,AR1 alpha + Basic + One-Step,NYSE:BBDC,0.0
2020-04-20,12,AR1 alpha + Basic + One-Step,NYSE:BBDC,0.0
2020-04-21,12,AR1 alpha + Basic + One-Step,NYSE:BBDC,0.0
2020-04-22,12,AR1 alpha + Basic + One-Step,NYSE:BBDC,5.085191819378385e-07
2020-04-23,12,AR1 alpha + Basic + One-Step,NYSE:BBDC,1.6732546828703194e-07
2020-04-24,12,AR1 alpha + Basic + One-Step,NYSE:BBDC,2.7149631599587727e-07
2020-04-27,12,AR1 alpha + Basic + One-Step,NYSE:BBDC,0.0
2020-04-28,12,AR1 alpha + Basic + One-Step,NYSE:BBDC,0.0
2020-04-29,12,AR1 alpha + Basic + One-Step,NYSE:BBDC,6.2804807289642e-07
2020-04-30,12,AR1 alpha + Basic + One-Step,NYSE:BBDC,0.0
2020-05-01,12,AR1 alpha + Basic + One-Step,NYSE:BBDC,2.8866857982056428e-08
2020-05-04,12,AR1 alpha + Basic + One-Step,NYSE:BBDC,0.0
2020-05-05,12,AR1 alpha + Basic + One-Step,NYSE:BBDC,1.0096732919432748e-06
2020-05-06,12,AR1 alpha + Basic + One-Step,NYSE:BBDC,0.0
2020-05-07,12,AR1 alpha + Basic + One-Step,NYSE:BBDC,0.0
2020-05-08,12,AR1 alpha + Basic + One-Step,NYSE:BBDC,2.2010277061566694e-07
2020-05-11,12,AR1 alpha + Basic + One-Step,NYSE:BBDC,5.9420239546042276e-08
2020-05-12,12,AR1 alpha + Basic + One-Step,NYSE:BBDC,0.0
2020-05-13,12,AR1 alpha + Basic + One-Step,NYSE:BBDC,0.0
2020-05-14,12,AR1 alpha + Basic + One-Step,NYSE:BBDC,1.587733121648236e-09
2020-05-15,12,AR1 alpha + Basic + One-Step,NYSE:BBDC,0.0
2020-05-18,12,AR1 alpha + Basic + One-Step,NYSE:BBDC,0.0
2020-05-19,12,AR1 alpha + Basic + One-Step,NYSE:BBDC,0.0
2020-05-20,12,AR1 alpha + Basic + One-Step,NYSE:BBDC,0.0
2020-05-21,12,AR1 alpha + Basic + One-Step,NYSE:BBDC,0.0
2020-05-22,12,AR1 alpha + Basic + One-Step,NYSE:BBDC,0.0
2020-05-26,12,AR1 alpha + Basic + One-Step,NYSE:BBDC,2.2505293362209995e-08
2020-05-27,12,AR1 alpha + Basic + One-Step,NYSE:BBDC,4.504464505273681e-07
2020-05-28,12,AR1 alpha + Basic + One-Step,NYSE:BBDC,0.0
2020-05-29,12,AR1 alpha + Basic + One-Step,NYSE:BBDC,0.0
2020-06-01,12,AR1 alpha + Basic + One-Step,NYSE:BBDC,0.0
2020-06-02,12,AR1 alpha + Basic + One-Step,NYSE:BBDC,2.4180572930576596e-07
2020-06-03,12,AR1 alpha + Basic + One-Step,NYSE:BBDC,0.0
2020-06-04,12,AR1 alpha + Basic + One-Step,NYSE:BBDC,0.0
2020-06-05,12,AR1 alpha + Basic + One-Step,NYSE:BBDC,3.479434683877233e-08
2020-06-08,12,AR1 alpha + Basic + One-Step,NYSE:BBDC,2.8406177518779543e-08
2020-06-09,12,AR1 alpha + Basic + One-Step,NYSE:BBDC,0.0
2020-06-10,12,AR1 alpha + Basic + One-Step,NYSE:BBDC,0.0
2020-06-11,12,AR1 alpha + Basic + One-Step,NYSE:BBDC,0.0
2020-06-12,12,AR1 alpha + Basic + One-Step,NYSE:BBDC,0.0
2020-06-15,12,AR1 alpha + Basic + One-Step,NYSE:BBDC,1.5254518500454768e-08
2020-06-16,12,AR1 alpha + Basic + One-Step,NYSE:BBDC,1.6265157724733965e-07
2020-06-17,12,AR1 alpha + Basic + One-Step,NYSE:BBDC,0.0
2020-06-18,12,AR1 alpha + Basic + One-Step,NYSE:BBDC,7.536493561444488e-08
2020-06-19,12,AR1 alpha + Basic + One-Step,NYSE:BBDC,0.0
2020-06-22,12,AR1 alpha + Basic + One-Step,NYSE:BBDC,0.0
2020-06-23,12,AR1 alpha + Basic + One-Step,NYSE:BBDC,0.0
2020-06-24,12,AR1 alpha + Basic + One-Step,NYSE:BBDC,8.149902272141054e-08
2020-06-25,12,AR1 alpha + Basic + One-Step,NYSE:BBDC,0.0
2020-06-26,12,AR1 alpha + Basic + One-Step,NYSE:BBDC,0.0
2020-06-29,12,AR1 alpha + Basic + One-Step,NYSE:BBDC,0.0
2020-06-30,12,AR1 alpha + Basic + One-Step,NYSE:BBDC,1.2378817886229055e-08
2020-07-01,12,AR1 alpha + Basic + One-Step,NYSE:BBDC,0.0
2020-07-02,12,AR1 alpha + Basic + One-Step,NYSE:BBDC,3.990367209890643e-09
2020-07-06,12,AR1 alpha + Basic + One-Step,NYSE:BBDC,0.0
2020-07-07,12,AR1 alpha + Basic + One-Step,NYSE:BBDC,0.0
2020-07-08,12,AR1 alpha + Basic + One-Step,NYSE:BBDC,0.0
2020-07-09,12,AR1 alpha + Basic + One-Step,NYSE:BBDC,3.9243641555799577e-07
2020-07-10,12,AR1 alpha + Basic + One-Step,NYSE:BBDC,0.0
2020-07-13,12,AR1 alpha + Basic + One-Step,NYSE:BBDC,8.986176886227187e-08
2020-07-14,12,AR1 alpha + Basic + One-Step,NYSE:BBDC,0.0
2020-07-15,12,AR1 alpha + Basic + One-Step,NYSE:BBDC,1.0787888614945328e-07
2020-07-16,12,AR1 alpha + Basic + One-Step,NYSE:BBDC,0.0
2020-07-17,12,AR1 alpha + Basic + One-Step,NYSE:BBDC,0.0
2020-07-20,12,AR1 alpha + Basic + One-Step,NYSE:BBDC,1.9406844486514546e-07
2020-07-21,12,AR1 alpha + Basic + One-Step,NYSE:BBDC,0.0
2020-07-22,12,AR1 alpha + Basic + One-Step,NYSE:BBDC,0.0
2020-07-23,12,AR1 alpha + Basic + One-Step,NYSE:BBDC,0.0
2020-07-24,12,AR1 alpha + Basic + One-Step,NYSE:BBDC,6.59373125846734e-07
2020-07-27,12,AR1 alpha + Basic + One-Step,NYSE:BBDC,4.2502740488997254e-07
2020-07-28,12,AR1 alpha + Basic + One-Step,NYSE:BBDC,0.0
2020-07-29,12,AR1 alpha + Basic + One-Step,NYSE:BBDC,0.0
2020-07-30,12,AR1 alpha + Basic + One-Step,NYSE:BBDC,0.0
2020-07-31,12,AR1 alpha + Basic + One-Step,NYSE:BBDC,0.0
2020-08-03,12,AR1 alpha + Basic + One-Step,NYSE:BBDC,0.0
2020-08-04,12,AR1 alpha + Basic + One-Step,NYSE:BBDC,0.0
2020-08-05,12,AR1 alpha + Basic + One-Step,NYSE:BBDC,0.0
2020-08-06,12,AR1 alpha + Basic + One-Step,NYSE:BBDC,0.0
2020-08-07,12,AR1 alpha + Basic + One-Step,NYSE:BBDC,0.0
2020-08-10,12,AR1 alpha + Basic + One-Step,NYSE:BBDC,0.0
2020-08-11,12,AR1 alpha + Basic + One-Step,NYSE:BBDC,0.0
2020-08-12,12,AR1 alpha + Basic + One-Step,NYSE:BBDC,0.0
2020-08-13,12,AR1 alpha + Basic + One-Step,NYSE:BBDC,0.0
2020-08-14,12,AR1 alpha + Basic + One-Step,NYSE:BBDC,0.0
2020-08-17,12,AR1 alpha + Basic + One-Step,NYSE:BBDC,0.0
2020-08-18,12,AR1 alpha + Basic + One-Step,NYSE:BBDC,0.0
2020-08-19,12,AR1 alpha + Basic + One-Step,NYSE:BBDC,0.0
2020-08-20,12,AR1 alpha + Basic + One-Step,NYSE:BBDC,1.5883593150330602e-07
2020-08-21,12,AR1 alpha + Basic + One-Step,NYSE:BBDC,0.0
2020-08-24,12,AR1 alpha + Basic + One-Step,NYSE:BBDC,0.0
2020-08-25,12,AR1 alpha + Basic + One-Step,NYSE:BBDC,0.0
2020-08-26,12,AR1 alpha + Basic + One-Step,NYSE:BBDC,0.0
2020-08-27,12,AR1 alpha + Basic + One-Step,NYSE:BBDC,0.0
2020-08-28,12,AR1 alpha + Basic + One-Step,NYSE:BBDC,0.0
2020-08-31,12,AR1 alpha + Basic + One-Step,NYSE:BBDC,0.0
2020-09-01,12,AR1 alpha + Basic + One-Step,NYSE:BBDC,0.0
2020-09-02,12,AR1 alpha + Basic + One-Step,NYSE:BBDC,0.0
2020-09-03,12,AR1 alpha + Basic + One-Step,NYSE:BBDC,0.0
2020-09-04,12,AR1 alpha + Basic + One-Step,NYSE:BBDC,0.0
2020-09-08,12,AR1 alpha + Basic + One-Step,NYSE:BBDC,0.0
2020-09-09,12,AR1 alpha + Basic + One-Step,NYSE:BBDC,0.0
2020-09-10,12,AR1 alpha + Basic + One-Step,NYSE:BBDC,0.0
2020-09-11,12,AR1 alpha + Basic + One-Step,NYSE:BBDC,0.0
2020-09-14,12,AR1 alpha + Basic + One-Step,NYSE:BBDC,0.0
2020-09-15,12,AR1 alpha + Basic + One-Step,NYSE:BBDC,0.0
2020-09-16,12,AR1 alpha + Basic + One-Step,NYSE:BBDC,0.0
2020-09-17,12,AR1 alpha + Basic + One-Step,NYSE:BBDC,0.0
2020-09-18,12,AR1 alpha + Basic + One-Step,NYSE:BBDC,0.0
2020-09-21,12,AR1 alpha + Basic + One-Step,NYSE:BBDC,0.0
2020-09-22,12,AR1 alpha + Basic + One-Step,NYSE:BBDC,0.0
2020-09-23,12,AR1 alpha + Basic + One-Step,NYSE:BBDC,0.0
2020-09-24,12,AR1 alpha + Basic + One-Step,NYSE:BBDC,2.883093440120447e-07
2020-09-25,12,AR1 alpha + Basic + One-Step,NYSE:BBDC,0.0
2020-09-28,12,AR1 alpha + Basic + One-Step,NYSE:BBDC,0.0
2020-09-29,12,AR1 alpha + Basic + One-Step,NYSE:BBDC,1.233177903911212e-07
2020-09-30,12,AR1 alpha + Basic + One-Step,NYSE:BBDC,1.801121552843932e-08
2020-10-01,12,AR1 alpha + Basic + One-Step,NYSE:BBDC,0.0
2020-10-02,12,AR1 alpha + Basic + One-Step,NYSE:BBDC,0.0
2020-10-05,12,AR1 alpha + Basic + One-Step,NYSE:BBDC,1.6184378685157307e-08
2020-10-06,12,AR1 alpha + Basic + One-Step,NYSE:BBDC,0.0
2020-10-07,12,AR1 alpha + Basic + One-Step,NYSE:BBDC,1.3021024470577423e-07
2020-10-08,12,AR1 alpha + Basic + One-Step,NYSE:BBDC,0.0
2020-10-09,12,AR1 alpha + Basic + One-Step,NYSE:BBDC,0.0
2020-10-12,12,AR1 alpha + Basic + One-Step,NYSE:BBDC,0.0
2020-10-13,12,AR1 alpha + Basic + One-Step,NYSE:BBDC,0.0
2020-10-14,12,AR1 alpha + Basic + One-Step,NYSE:BBDC,0.0
2020-10-15,12,AR1 alpha + Basic + One-Step,NYSE:BBDC,0.0
2020-10-16,12,AR1 alpha + Basic + One-Step,NYSE:BBDC,1.3051036189807855e-07
2020-10-19,12,AR1 alpha + Basic + One-Step,NYSE:BBDC,0.0
2020-10-20,12,AR1 alpha + Basic + One-Step,NYSE:BBDC,0.0
2020-10-21,12,AR1 alpha + Basic + One-Step,NYSE:BBDC,0.0
2020-10-22,12,AR1 alpha + Basic + One-Step,NYSE:BBDC,0.0
2020-10-23,12,AR1 alpha + Basic + One-Step,NYSE:BBDC,0.0
2020-10-26,12,AR1 alpha + Basic + One-Step,NYSE:BBDC,0.0
2020-10-27,12,AR1 alpha + Basic + One-Step,NYSE:BBDC,0.0
2020-10-28,12,AR1 alpha + Basic + One-Step,NYSE:BBDC,8.007735997980076e-09
2020-10-29,12,AR1 alpha + Basic + One-Step,NYSE:BBDC,1.0790568070078438e-09
2020-10-30,12,AR1 alpha + Basic + One-Step,NYSE:BBDC,0.0
2020-11-02,12,AR1 alpha + Basic + One-Step,NYSE:BBDC,0.0
2020-11-03,12,AR1 alpha + Basic + One-Step,NYSE:BBDC,0.0
2020-11-04,12,AR1 alpha + Basic + One-Step,NYSE:BBDC,0.0
2020-11-05,12,AR1 alpha + Basic + One-Step,NYSE:BBDC,0.0
2020-11-06,12,AR1 alpha + Basic + One-Step,NYSE:BBDC,1.8292234363595567e-07
2020-11-09,12,AR1 alpha + Basic + One-Step,NYSE:BBDC,0.0
2020-11-10,12,AR1 alpha + Basic + One-Step,NYSE:BBDC,0.0
2020-11-11,12,AR1 alpha + Basic + One-Step,NYSE:BBDC,0.0
2020-11-12,12,AR1 alpha + Basic + One-Step,NYSE:BBDC,0.0
2020-11-13,12,AR1 alpha + Basic + One-Step,NYSE:BBDC,0.0
2020-11-16,12,AR1 alpha + Basic + One-Step,NYSE:BBDC,0.0
2020-11-17,12,AR1 alpha + Basic + One-Step,NYSE:BBDC,0.0
2020-11-18,12,AR1 alpha + Basic + One-Step,NYSE:BBDC,0.0
2020-11-19,12,AR1 alpha + Basic + One-Step,NYSE:BBDC,1.8955794151341225e-08
2020-11-20,12,AR1 alpha + Basic + One-Step,NYSE:BBDC,0.0
2020-11-23,12,AR1 alpha + Basic + One-Step,NYSE:BBDC,0.0
2020-11-24,12,AR1 alpha + Basic + One-Step,NYSE:BBDC,0.0
2020-11-25,12,AR1 alpha + Basic + One-Step,NYSE:BBDC,0.0
2020-11-27,12,AR1 alpha + Basic + One-Step,NYSE:BBDC,0.0
2020-11-30,12,AR1 alpha + Basic + One-Step,NYSE:BBDC,0.0
2020-12-01,12,AR1 alpha + Basic + One-Step,NYSE:BBDC,0.0
2020-12-02,12,AR1 alpha + Basic + One-Step,NYSE:BBDC,0.0
2020-12-03,12,AR1 alpha + Basic + One-Step,NYSE:BBDC,0.0
2020-12-04,12,AR1 alpha + Basic + One-Step,NYSE:BBDC,4.319479951279341e-09
2020-12-07,12,AR1 alpha + Basic + One-Step,NYSE:BBDC,0.0
2020-12-08,12,AR1 alpha + Basic + One-Step,NYSE:BBDC,2.6945956252339487e-07
2020-12-09,12,AR1 alpha + Basic + One-Step,NYSE:BBDC,0.0
2020-12-10,12,AR1 alpha + Basic + One-Step,NYSE:BBDC,0.0
2020-12-11,12,AR1 alpha + Basic + One-Step,NYSE:BBDC,6.673540077635267e-07
2020-12-14,12,AR1 alpha + Basic + One-Step,NYSE:BBDC,1.1074203543406545e-06
2020-12-15,12,AR1 alpha + Basic + One-Step,NYSE:BBDC,0.0
2020-12-16,12,AR1 alpha + Basic + One-Step,NYSE:BBDC,1.1745989387889487e-08
2020-12-17,12,AR1 alpha + Basic + One-Step,NYSE:BBDC,0.0
2020-12-18,12,AR1 alpha + Basic + One-Step,NYSE:BBDC,0.0
2020-12-21,12,AR1 alpha + Basic + One-Step,NYSE:BBDC,5.001584910687434e-07
2020-12-22,12,AR1 alpha + Basic + One-Step,NYSE:BBDC,0.0
2020-12-23,12,AR1 alpha + Basic + One-Step,NYSE:BBDC,5.7444641739970256e-08
2020-12-24,12,AR1 alpha + Basic + One-Step,NYSE:BBDC,0.0
2020-12-28,12,AR1 alpha + Basic + One-Step,NYSE:BBDC,0.0
2020-12-29,12,AR1 alpha + Basic + One-Step,NYSE:BBDC,0.0
2020-12-30,12,AR1 alpha + Basic + One-Step,NYSE:BBDC,0.0
2020-12-31,12,AR1 alpha + Basic + One-Step,NYSE:BBDC,0.0
2021-01-04,12,AR1 alpha + Basic + One-Step,NYSE:BBDC,0.0
2021-01-05,12,AR1 alpha + Basic + One-Step,NYSE:BBDC,0.0
2021-01-06,12,AR1 alpha + Basic + One-Step,NYSE:BBDC,0.0
2021-01-07,12,AR1 alpha + Basic + One-Step,NYSE:BBDC,0.0
2021-01-08,12,AR1 alpha + Basic + One-Step,NYSE:BBDC,0.0
2021-01-11,12,AR1 alpha + Basic + One-Step,NYSE:BBDC,0.0
2021-01-12,12,AR1 alpha + Basic + One-Step,NYSE:BBDC,0.0
2021-01-13,12,AR1 alpha + Basic + One-Step,NYSE:BBDC,0.0
2021-01-14,12,AR1 alpha + Basic + One-Step,NYSE:BBDC,0.0
2021-01-15,12,AR1 alpha + Basic + One-Step,NYSE:BBDC,0.0
2021-01-19,12,AR1 alpha + Basic + One-Step,NYSE:BBDC,0.0
2021-01-20,12,AR1 alpha + Basic + One-Step,NYSE:BBDC,0.0
2021-01-21,12,AR1 alpha + Basic + One-Step,NYSE:BBDC,0.0
2021-01-22,12,AR1 alpha + Basic + One-Step,NYSE:BBDC,0.0
2021-01-25,12,AR1 alpha + Basic + One-Step,NYSE:BBDC,0.0
2021-01-26,12,AR1 alpha + Basic + One-Step,NYSE:BBDC,0.0
2021-01-27,12,AR1 alpha + Basic + One-Step,NYSE:BBDC,0.0
2021-01-28,12,AR1 alpha + Basic + One-Step,NYSE:BBDC,0.0
2021-01-29,12,AR1 alpha + Basic + One-Step,NYSE:BBDC,0.0
2021-02-01,12,AR1 alpha + Basic + One-Step,NYSE:BBDC,1.9586959377964653e-07
2021-02-02,12,AR1 alpha + Basic + One-Step,NYSE:BBDC,0.0
2021-02-03,12,AR1 alpha + Basic + One-Step,NYSE:BBDC,0.0
2021-02-04,12,AR1 alpha + Basic + One-Step,NYSE:BBDC,0.0
2021-02-05,12,AR1 alpha + Basic + One-Step,NYSE:BBDC,0.0
2021-02-08,12,AR1 alpha + Basic + One-Step,NYSE:BBDC,0.0
2021-02-09,12,AR1 alpha + Basic + One-Step,NYSE:BBDC,0.0
2021-02-10,12,AR1 alpha + Basic + One-Step,NYSE:BBDC,0.0
2021-02-11,12,AR1 alpha + Basic + One-Step,NYSE:BBDC,0.0
2021-02-12,12,AR1 alpha + Basic + One-Step,NYSE:BBDC,0.0
2021-02-16,12,AR1 alpha + Basic + One-Step,NYSE:BBDC,0.0
2021-02-17,12,AR1 alpha + Basic + One-Step,NYSE:BBDC,0.0
2021-02-18,12,AR1 alpha + Basic + One-Step,NYSE:BBDC,0.0
2021-02-19,12,AR1 alpha + Basic + One-Step,NYSE:BBDC,0.0
2021-02-22,12,AR1 alpha + Basic + One-Step,NYSE:BBDC,4.0648727708905255e-07
2021-02-23,12,AR1 alpha + Basic + One-Step,NYSE:BBDC,3.856928282099656e-07
2021-02-24,12,AR1 alpha + Basic + One-Step,NYSE:BBDC,0.0
2021-02-25,12,AR1 alpha + Basic + One-Step,NYSE:BBDC,0.0
2021-02-26,12,AR1 alpha + Basic + One-Step,NYSE:BBDC,1.3687250075957367e-07
2021-03-01,12,AR1 alpha + Basic + One-Step,NYSE:BBDC,0.0
2021-03-02,12,AR1 alpha + Basic + One-Step,NYSE:BBDC,0.0
2021-03-03,12,AR1 alpha + Basic + One-Step,NYSE:BBDC,0.0
2021-03-04,12,AR1 alpha + Basic + One-Step,NYSE:BBDC,0.0
2021-03-05,12,AR1 alpha + Basic + One-Step,NYSE:BBDC,0.0
2021-03-08,12,AR1 alpha + Basic + One-Step,NYSE:BBDC,0.0
2021-03-09,12,AR1 alpha + Basic + One-Step,NYSE:BBDC,0.0
2021-03-10,12,AR1 alpha + Basic + One-Step,NYSE:BBDC,0.0
2021-03-11,12,AR1 alpha + Basic + One-Step,NYSE:BBDC,0.0
2021-03-12,12,AR1 alpha + Basic + One-Step,NYSE:BBDC,0.0
2021-03-15,12,AR1 alpha + Basic + One-Step,NYSE:BBDC,0.0
2021-03-16,12,AR1 alpha + Basic + One-Step,NYSE:BBDC,0.0
2021-03-17,12,AR1 alpha + Basic + One-Step,NYSE:BBDC,0.0
2021-03-18,12,AR1 alpha + Basic + One-Step,NYSE:BBDC,0.0
2021-03-19,12,AR1 alpha + Basic + One-Step,NYSE:BBDC,0.0
2021-03-22,12,AR1 alpha + Basic + One-Step,NYSE:BBDC,0.0
2021-03-23,12,AR1 alpha + Basic + One-Step,NYSE:BBDC,0.0
2021-03-24,12,AR1 alpha + Basic + One-Step,NYSE:BBDC,0.0
2021-03-25,12,AR1 alpha + Basic + One-Step,NYSE:BBDC,0.0
2021-03-26,12,AR1 alpha + Basic + One-Step,NYSE:BBDC,0.0
2021-03-29,12,AR1 alpha + Basic + One-Step,NYSE:BBDC,0.0
2021-03-30,12,AR1 alpha + Basic + One-Step,NYSE:BBDC,9.390722140668187e-07
2021-03-31,12,AR1 alpha + Basic + One-Step,NYSE:BBDC,5.5259894301265284e-09
2021-04-01,12,AR1 alpha + Basic + One-Step,NYSE:BBDC,0.0
2021-04-05,12,AR1 alpha + Basic + One-Step,NYSE:BBDC,2.4797201587138885e-06
2021-04-06,12,AR1 alpha + Basic + One-Step,NYSE:BBDC,9.603252269004765e-07
2021-04-07,12,AR1 alpha + Basic + One-Step,NYSE:BBDC,0.0
2021-04-08,12,AR1 alpha + Basic + One-Step,NYSE:BBDC,7.142459531877488e-07
2021-04-09,12,AR1 alpha + Basic + One-Step,NYSE:BBDC,0.004610296209218433
2021-04-12,12,AR1 alpha + Basic + One-Step,NYSE:BBDC,0.023421201647745443
2021-04-13,12,AR1 alpha + Basic + One-Step,NYSE:BBDC,0.04650424763475738
2021-04-14,12,AR1 alpha + Basic + One-Step,NYSE:BBDC,0.038857717277977606
2021-04-15,12,AR1 alpha + Basic + One-Step,NYSE:BBDC,0.047919218304466826
2021-04-16,12,AR1 alpha + Basic + One-Step,NYSE:BBDC,0.05427190182223651
2021-04-19,12,AR1 alpha + Basic + One-Step,NYSE:BBDC,0.04909247146903713
2021-04-20,12,AR1 alpha + Basic + One-Step,NYSE:BBDC,0.0993387639243579
2021-04-21,12,AR1 alpha + Basic + One-Step,NYSE:BBDC,0.10000024502422468
2021-04-22,12,AR1 alpha + Basic + One-Step,NYSE:BBDC,0.10000017262101606
2021-04-23,12,AR1 alpha + Basic + One-Step,NYSE:BBDC,0.09999695421439417
2021-04-26,12,AR1 alpha + Basic + One-Step,NYSE:BBDC,0.09999660258718109
2021-04-27,12,AR1 alpha + Basic + One-Step,NYSE:BBDC,0.09999854615188351
2021-04-28,12,AR1 alpha + Basic + One-Step,NYSE:BBDC,0.060657950968146065
2021-04-29,12,AR1 alpha + Basic + One-Step,NYSE:BBDC,0.09737987758392026
2021-04-30,12,AR1 alpha + Basic + One-Step,NYSE:BBDC,0.09336119396714007
2021-05-03,12,AR1 alpha + Basic + One-Step,NYSE:BBDC,0.09754789214451129
2021-05-04,12,AR1 alpha + Basic + One-Step,NYSE:BBDC,0.044549361400062326
2021-05-05,12,AR1 alpha + Basic + One-Step,NYSE:BBDC,0.028650937297185555
2021-05-06,12,AR1 alpha + Basic + One-Step,NYSE:BBDC,0.019016952606533948
2021-05-07,12,AR1 alpha + Basic + One-Step,NYSE:BBDC,0.06089736575362598
2021-05-10,12,AR1 alpha + Basic + One-Step,NYSE:BBDC,0.04655112644763096
2021-05-11,12,AR1 alpha + Basic + One-Step,NYSE:BBDC,0.09998140366624135
2021-05-12,12,AR1 alpha + Basic + One-Step,NYSE:BBDC,0.009640197433510671
2021-05-13,12,AR1 alpha + Basic + One-Step,NYSE:BBDC,0.04839950110274446
2021-05-14,12,AR1 alpha + Basic + One-Step,NYSE:BBDC,1.316364579945223e-07
2021-05-17,12,AR1 alpha + Basic + One-Step,NYSE:BBDC,0.041193151373967625
2021-05-18,12,AR1 alpha + Basic + One-Step,NYSE:BBDC,0.0
2021-05-19,12,AR1 alpha + Basic + One-Step,NYSE:BBDC,0.0
2021-05-20,12,AR1 alpha + Basic + One-Step,NYSE:BBDC,0.01752068668875708
2021-05-21,12,AR1 alpha + Basic + One-Step,NYSE:BBDC,0.043263909823607546
2021-05-24,12,AR1 alpha + Basic + One-Step,NYSE:BBDC,0.03859745198531684
2021-05-25,12,AR1 alpha + Basic + One-Step,NYSE:BBDC,0.03859227298524532
2021-05-26,12,AR1 alpha + Basic + One-Step,NYSE:BBDC,0.060899694274962154
2021-05-27,12,AR1 alpha + Basic + One-Step,NYSE:BBDC,0.060899557722537426
2021-05-28,12,AR1 alpha + Basic + One-Step,NYSE:BBDC,0.014989584468379308
2021-06-01,12,AR1 alpha + Basic + One-Step,NYSE:BBDC,0.0
2021-06-02,12,AR1 alpha + Basic + One-Step,NYSE:BBDC,0.0
2021-06-03,12,AR1 alpha + Basic + One-Step,NYSE:BBDC,0.0
2021-06-04,12,AR1 alpha + Basic + One-Step,NYSE:BBDC,0.0
2021-06-07,12,AR1 alpha + Basic + One-Step,NYSE:BBDC,0.0
2021-06-08,12,AR1 alpha + Basic + One-Step,NYSE:BBDC,0.06177588110416976
2021-06-09,12,AR1 alpha + Basic + One-Step,NYSE:BBDC,9.300919528364481e-07
2021-06-10,12,AR1 alpha + Basic + One-Step,NYSE:BBDC,6.88818900269186e-07
2021-06-11,12,AR1 alpha + Basic + One-Step,NYSE:BBDC,0.0
2021-06-14,12,AR1 alpha + Basic + One-Step,NYSE:BBDC,0.0
2021-06-15,12,AR1 alpha + Basic + One-Step,NYSE:BBDC,0.0
2021-06-16,12,AR1 alpha + Basic + One-Step,NYSE:BBDC,0.0
2021-06-17,12,AR1 alpha + Basic + One-Step,NYSE:BBDC,0.0
2021-06-18,12,AR1 alpha + Basic + One-Step,NYSE:BBDC,0.0
2021-06-21,12,AR1 alpha + Basic + One-Step,NYSE:BBDC,0.0
2021-06-22,12,AR1 alpha + Basic + One-Step,NYSE:BBDC,1.6973566679572015e-06
2021-06-23,12,AR1 alpha + Basic + One-Step,NYSE:BBDC,1.4090895644592643e-06
2021-06-24,12,AR1 alpha + Basic + One-Step,NYSE:BBDC,1.8397061882757284e-06
2021-06-25,12,AR1 alpha + Basic + One-Step,NYSE:BBDC,0.0
2021-06-28,12,AR1 alpha + Basic + One-Step,NYSE:BBDC,0.0
2021-06-29,12,AR1 alpha + Basic + One-Step,NYSE:BBDC,0.0
2021-06-30,12,AR1 alpha + Basic + One-Step,NYSE:BBDC,0.0
2021-07-01,12,AR1 alpha + Basic + One-Step,NYSE:BBDC,0.0
2021-07-02,12,AR1 alpha + Basic + One-Step,NYSE:BBDC,0.0
2021-07-06,12,AR1 alpha + Basic + One-Step,NYSE:BBDC,0.0
2021-07-07,12,AR1 alpha + Basic + One-Step,NYSE:BBDC,0.0
2021-07-08,12,AR1 alpha + Basic + One-Step,NYSE:BBDC,0.0
2021-07-09,12,AR1 alpha + Basic + One-Step,NYSE:BBDC,0.0
2021-07-12,12,AR1 alpha + Basic + One-Step,NYSE:BBDC,0.0
2021-07-13,12,AR1 alpha + Basic + One-Step,NYSE:BBDC,1.1692624680265442e-07
2021-07-14,12,AR1 alpha + Basic + One-Step,NYSE:BBDC,0.0
2021-07-15,12,AR1 alpha + Basic + One-Step,NYSE:BBDC,0.0
2021-07-16,12,AR1 alpha + Basic + One-Step,NYSE:BBDC,1.4871742001207193e-06
2021-07-19,12,AR1 alpha + Basic + One-Step,NYSE:BBDC,0.0
2021-07-20,12,AR1 alpha + Basic + One-Step,NYSE:BBDC,0.0
2021-07-21,12,AR1 alpha + Basic + One-Step,NYSE:BBDC,0.0
2021-07-22,12,AR1 alpha + Basic + One-Step,NYSE:BBDC,0.0
2021-07-23,12,AR1 alpha + Basic + One-Step,NYSE:BBDC,0.0
2021-07-26,12,AR1 alpha + Basic + One-Step,NYSE:BBDC,3.8338680027147044e-07
2021-07-27,12,AR1 alpha + Basic + One-Step,NYSE:BBDC,2.715707901640031e-06
2021-07-28,12,AR1 alpha + Basic + One-Step,NYSE:BBDC,0.0
2021-07-29,12,AR1 alpha + Basic + One-Step,NYSE:BBDC,0.0
2021-07-30,12,AR1 alpha + Basic + One-Step,NYSE:BBDC,0.0
2021-08-02,12,AR1 alpha + Basic + One-Step,NYSE:BBDC,0.0
2021-08-03,12,AR1 alpha + Basic + One-Step,NYSE:BBDC,0.0
2021-08-04,12,AR1 alpha + Basic + One-Step,NYSE:BBDC,7.727021170189271e-08
2021-08-05,12,AR1 alpha + Basic + One-Step,NYSE:BBDC,0.0
2021-08-06,12,AR1 alpha + Basic + One-Step,NYSE:BBDC,0.0
2021-08-09,12,AR1 alpha + Basic + One-Step,NYSE:BBDC,4.139967851579899e-07
2021-08-10,12,AR1 alpha + Basic + One-Step,NYSE:BBDC,2.5227193548332944e-07
2021-08-11,12,AR1 alpha + Basic + One-Step,NYSE:BBDC,5.433877846651663e-08
2021-08-12,12,AR1 alpha + Basic + One-Step,NYSE:BBDC,0.0
2021-08-13,12,AR1 alpha + Basic + One-Step,NYSE:BBDC,0.0
2021-08-16,12,AR1 alpha + Basic + One-Step,NYSE:BBDC,0.0
2021-08-17,12,AR1 alpha + Basic + One-Step,NYSE:BBDC,2.2315614563135473e-07
2021-08-18,12,AR1 alpha + Basic + One-Step,NYSE:BBDC,0.0
2021-08-19,12,AR1 alpha + Basic + One-Step,NYSE:BBDC,0.00013996790875047817
2021-08-20,12,AR1 alpha + Basic + One-Step,NYSE:BBDC,1.0978917908254382e-07
2021-08-23,12,AR1 alpha + Basic + One-Step,NYSE:BBDC,0.0
2021-08-24,12,AR1 alpha + Basic + One-Step,NYSE:BBDC,0.0
2021-08-25,12,AR1 alpha + Basic + One-Step,NYSE:BBDC,0.0
2021-08-26,12,AR1 alpha + Basic + One-Step,NYSE:BBDC,0.0
2021-08-27,12,AR1 alpha + Basic + One-Step,NYSE:BBDC,1.607088549854347e-07
2021-08-30,12,AR1 alpha + Basic + One-Step,NYSE:BBDC,0.05187439089258761
2021-08-31,12,AR1 alpha + Basic + One-Step,NYSE:BBDC,0.0
2021-09-01,12,AR1 alpha + Basic + One-Step,NYSE:BBDC,0.0
2021-09-02,12,AR1 alpha + Basic + One-Step,NYSE:BBDC,0.0
2021-09-03,12,AR1 alpha + Basic + One-Step,NYSE:BBDC,0.0
2021-09-07,12,AR1 alpha + Basic + One-Step,NYSE:BBDC,0.03660929844202434
2021-09-08,12,AR1 alpha + Basic + One-Step,NYSE:BBDC,0.06623388670662811
2021-09-09,12,AR1 alpha + Basic + One-Step,NYSE:BBDC,1.5219703787951404e-06
2021-09-10,12,AR1 alpha + Basic + One-Step,NYSE:BBDC,1.869158327802273e-07
2021-09-13,12,AR1 alpha + Basic + One-Step,NYSE:BBDC,0.0
2021-09-14,12,AR1 alpha + Basic + One-Step,NYSE:BBDC,4.4653115320266477e-07
2021-09-15,12,AR1 alpha + Basic + One-Step,NYSE:BBDC,0.0
2021-09-16,12,AR1 alpha + Basic + One-Step,NYSE:BBDC,0.0
2021-09-17,12,AR1 alpha + Basic + One-Step,NYSE:BBDC,0.0
2021-09-20,12,AR1 alpha + Basic + One-Step,NYSE:BBDC,0.0
2021-09-21,12,AR1 alpha + Basic + One-Step,NYSE:BBDC,1.1670485528126391e-07
2021-09-22,12,AR1 alpha + Basic + One-Step,NYSE:BBDC,0.0
2021-09-23,12,AR1 alpha + Basic + One-Step,NYSE:BBDC,0.0
2021-09-24,12,AR1 alpha + Basic + One-Step,NYSE:BBDC,0.0
2021-09-27,12,AR1 alpha + Basic + One-Step,NYSE:BBDC,0.0
2021-09-28,12,AR1 alpha + Basic + One-Step,NYSE:BBDC,0.0
2021-09-29,12,AR1 alpha + Basic + One-Step,NYSE:BBDC,0.0
2021-09-30,12,AR1 alpha + Basic + One-Step,NYSE:BBDC,0.0
2021-10-01,12,AR1 alpha + Basic + One-Step,NYSE:BBDC,0.0
2021-10-04,12,AR1 alpha + Basic + One-Step,NYSE:BBDC,0.0
2021-10-05,12,AR1 alpha + Basic + One-Step,NYSE:BBDC,0.0
2021-10-06,12,AR1 alpha + Basic + One-Step,NYSE:BBDC,0.0
2021-10-07,12,AR1 alpha + Basic + One-Step,NYSE:BBDC,0.0
2021-10-08,12,AR1 alpha + Basic + One-Step,NYSE:BBDC,0.0
2021-10-11,12,AR1 alpha + Basic + One-Step,NYSE:BBDC,0.0
2021-10-12,12,AR1 alpha + Basic + One-Step,NYSE:BBDC,0.0
2021-10-13,12,AR1 alpha + Basic + One-Step,NYSE:BBDC,0.0
2021-10-14,12,AR1 alpha + Basic + One-Step,NYSE:BBDC,0.0
2021-10-15,12,AR1 alpha + Basic + One-Step,NYSE:BBDC,0.0
2021-10-18,12,AR1 alpha + Basic + One-Step,NYSE:BBDC,0.0
2021-10-19,12,AR1 alpha + Basic + One-Step,NYSE:BBDC,0.0
2021-10-20,12,AR1 alpha + Basic + One-Step,NYSE:BBDC,0.0
2021-10-21,12,AR1 alpha + Basic + One-Step,NYSE:BBDC,0.0
2021-10-22,12,AR1 alpha + Basic + One-Step,NYSE:BBDC,0.0
2021-10-25,12,AR1 alpha + Basic + One-Step,NYSE:BBDC,0.0
2021-10-26,12,AR1 alpha + Basic + One-Step,NYSE:BBDC,0.0
2021-10-27,12,AR1 alpha + Basic + One-Step,NYSE:BBDC,0.0
2021-10-28,12,AR1 alpha + Basic + One-Step,NYSE:BBDC,0.0
2021-10-29,12,AR1 alpha + Basic + One-Step,NYSE:BBDC,0.0
2021-11-01,12,AR1 alpha + Basic + One-Step,NYSE:BBDC,2.747220934514691e-07
2021-11-02,12,AR1 alpha + Basic + One-Step,NYSE:BBDC,0.0
2021-11-03,12,AR1 alpha + Basic + One-Step,NYSE:BBDC,0.0
2021-11-04,12,AR1 alpha + Basic + One-Step,NYSE:BBDC,0.0
2021-11-05,12,AR1 alpha + Basic + One-Step,NYSE:BBDC,0.0
2021-11-08,12,AR1 alpha + Basic + One-Step,NYSE:BBDC,0.0
2021-11-09,12,AR1 alpha + Basic + One-Step,NYSE:BBDC,1.6487180534056247e-08
2021-11-10,12,AR1 alpha + Basic + One-Step,NYSE:BBDC,2.281830444395451e-08
2021-11-11,12,AR1 alpha + Basic + One-Step,NYSE:BBDC,0.0
2021-11-12,12,AR1 alpha + Basic + One-Step,NYSE:BBDC,0.0
2021-11-15,12,AR1 alpha + Basic + One-Step,NYSE:BBDC,0.0
2021-11-16,12,AR1 alpha + Basic + One-Step,NYSE:BBDC,0.0
2021-11-17,12,AR1 alpha + Basic + One-Step,NYSE:BBDC,0.003388052675934222
2021-11-18,12,AR1 alpha + Basic + One-Step,NYSE:BBDC,0.0
2021-11-19,12,AR1 alpha + Basic + One-Step,NYSE:BBDC,0.025248904821482034
2021-11-22,12,AR1 alpha + Basic + One-Step,NYSE:BBDC,0.0
2021-11-23,12,AR1 alpha + Basic + One-Step,NYSE:BBDC,0.04737696629543537
2021-11-24,12,AR1 alpha + Basic + One-Step,NYSE:BBDC,0.0
2021-11-26,12,AR1 alpha + Basic + One-Step,NYSE:BBDC,0.0
2021-11-29,12,AR1 alpha + Basic + One-Step,NYSE:BBDC,0.0
2021-11-30,12,AR1 alpha + Basic + One-Step,NYSE:BBDC,0.0
2021-12-01,12,AR1 alpha + Basic + One-Step,NYSE:BBDC,0.0
2021-12-02,12,AR1 alpha + Basic + One-Step,NYSE:BBDC,0.0
2021-12-03,12,AR1 alpha + Basic + One-Step,NYSE:BBDC,3.4010990975120247e-11
2021-12-06,12,AR1 alpha + Basic + One-Step,NYSE:BBDC,0.0
2021-12-07,12,AR1 alpha + Basic + One-Step,NYSE:BBDC,0.0
2021-12-08,12,AR1 alpha + Basic + One-Step,NYSE:BBDC,0.0
2021-12-09,12,AR1 alpha + Basic + One-Step,NYSE:BBDC,0.0
2021-12-10,12,AR1 alpha + Basic + One-Step,NYSE:BBDC,4.322185621656032e-08
2021-12-13,12,AR1 alpha + Basic + One-Step,NYSE:BBDC,0.0
2021-12-14,12,AR1 alpha + Basic + One-Step,NYSE:BBDC,3.462627326612203e-09
2021-12-15,12,AR1 alpha + Basic + One-Step,NYSE:BBDC,0.0
2021-12-16,12,AR1 alpha + Basic + One-Step,NYSE:BBDC,0.0
2021-12-17,12,AR1 alpha + Basic + One-Step,NYSE:BBDC,0.0
2021-12-20,12,AR1 alpha + Basic + One-Step,NYSE:BBDC,0.0
2021-12-21,12,AR1 alpha + Basic + One-Step,NYSE:BBDC,0.03627600799838328
2021-12-22,12,AR1 alpha + Basic + One-Step,NYSE:BBDC,9.226295016040714e-07
2021-12-23,12,AR1 alpha + Basic + One-Step,NYSE:BBDC,0.0
2021-12-27,12,AR1 alpha + Basic + One-Step,NYSE:BBDC,0.005267369605622205
2021-12-28,12,AR1 alpha + Basic + One-Step,NYSE:BBDC,0.0
2021-12-29,12,AR1 alpha + Basic + One-Step,NYSE:BBDC,0.0
2021-12-30,12,AR1 alpha + Basic + One-Step,NYSE:BBDC,9.393841022762928e-07
2021-12-31,12,AR1 alpha + Basic + One-Step,NYSE:BBDC,4.154349777430678e-07
2022-01-03,12,AR1 alpha + Basic + One-Step,NYSE:BBDC,2.793074637979024e-07
2022-01-04,12,AR1 alpha + Basic + One-Step,NYSE:BBDC,0.0
2022-01-05,12,AR1 alpha + Basic + One-Step,NYSE:BBDC,0.0
2022-01-06,12,AR1 alpha + Basic + One-Step,NYSE:BBDC,0.0
2022-01-07,12,AR1 alpha + Basic + One-Step,NYSE:BBDC,6.85517251056829e-08
2022-01-10,12,AR1 alpha + Basic + One-Step,NYSE:BBDC,0.0
2022-01-11,12,AR1 alpha + Basic + One-Step,NYSE:BBDC,0.0
2022-01-12,12,AR1 alpha + Basic + One-Step,NYSE:BBDC,0.0
2022-01-13,12,AR1 alpha + Basic + One-Step,NYSE:BBDC,1.6085917288640827e-06
2022-01-14,12,AR1 alpha + Basic + One-Step,NYSE:BBDC,0.0
2022-01-18,12,AR1 alpha + Basic + One-Step,NYSE:BBDC,0.0
2022-01-19,12,AR1 alpha + Basic + One-Step,NYSE:BBDC,0.0
2022-01-20,12,AR1 alpha + Basic + One-Step,NYSE:BBDC,0.03456408770503159
2022-01-21,12,AR1 alpha + Basic + One-Step,NYSE:BBDC,0.06005910463895088
2022-01-24,12,AR1 alpha + Basic + One-Step,NYSE:BBDC,0.06532341426370959
2022-01-25,12,AR1 alpha + Basic + One-Step,NYSE:BBDC,0.036956080993644606
2022-01-26,12,AR1 alpha + Basic + One-Step,NYSE:BBDC,0.024674688152689535
2022-01-27,12,AR1 alpha + Basic + One-Step,NYSE:BBDC,7.556915067688464e-08
2022-01-28,12,AR1 alpha + Basic + One-Step,NYSE:BBDC,0.032344479242600144
2022-01-31,12,AR1 alpha + Basic + One-Step,NYSE:BBDC,0.0
2022-02-01,12,AR1 alpha + Basic + One-Step,NYSE:BBDC,0.0
2022-02-02,12,AR1 alpha + Basic + One-Step,NYSE:BBDC,0.09082929520236914
2022-02-03,12,AR1 alpha + Basic + One-Step,NYSE:BBDC,0.030288601638217665
2022-02-04,12,AR1 alpha + Basic + One-Step,NYSE:BBDC,0.07618901146206176
2022-02-07,12,AR1 alpha + Basic + One-Step,NYSE:BBDC,0.05029886838534014
2022-02-08,12,AR1 alpha + Basic + One-Step,NYSE:BBDC,0.03362298976882717
2022-02-09,12,AR1 alpha + Basic + One-Step,NYSE:BBDC,0.09999979051579826
2022-02-10,12,AR1 alpha + Basic + One-Step,NYSE:BBDC,0.03534139261314131
2022-02-11,12,AR1 alpha + Basic + One-Step,NYSE:BBDC,0.035027985293043545
2022-02-14,12,AR1 alpha + Basic + One-Step,NYSE:BBDC,0.0019263917891785773
2022-02-15,12,AR1 alpha + Basic + One-Step,NYSE:BBDC,0.08326714170943321
2022-02-16,12,AR1 alpha + Basic + One-Step,NYSE:BBDC,0.04021688636073667
2022-02-17,12,AR1 alpha + Basic + One-Step,NYSE:BBDC,0.0
2022-02-18,12,AR1 alpha + Basic + One-Step,NYSE:BBDC,3.603344847747691e-07
2022-02-22,12,AR1 alpha + Basic + One-Step,NYSE:BBDC,0.004939873406051692
2022-02-23,12,AR1 alpha + Basic + One-Step,NYSE:BBDC,0.0
2022-02-24,12,AR1 alpha + Basic + One-Step,NYSE:BBDC,0.0
2022-02-25,12,AR1 alpha + Basic + One-Step,NYSE:BBDC,0.028288215463330046
2022-02-28,12,AR1 alpha + Basic + One-Step,NYSE:BBDC,0.0
2022-03-01,12,AR1 alpha + Basic + One-Step,NYSE:BBDC,0.0015356314756203007
2022-03-02,12,AR1 alpha + Basic + One-Step,NYSE:BBDC,0.037608948123252856
2022-03-03,12,AR1 alpha + Basic + One-Step,NYSE:BBDC,0.0443773303077493
2022-03-04,12,AR1 alpha + Basic + One-Step,NYSE:BBDC,0.04437519317181627
2022-03-07,12,AR1 alpha + Basic + One-Step,NYSE:BBDC,0.011535485894145854
2022-03-08,12,AR1 alpha + Basic + One-Step,NYSE:BBDC,0.04883021180213756
2022-03-09,12,AR1 alpha + Basic + One-Step,NYSE:BBDC,0.0
2022-03-10,12,AR1 alpha + Basic + One-Step,NYSE:BBDC,0.0
2022-03-11,12,AR1 alpha + Basic + One-Step,NYSE:BBDC,3.8026397750202416e-07
2022-03-14,12,AR1 alpha + Basic + One-Step,NYSE:BBDC,0.0
2022-03-15,12,AR1 alpha + Basic + One-Step,NYSE:BBDC,0.0
2022-03-16,12,AR1 alpha + Basic + One-Step,NYSE:BBDC,0.0
2022-03-17,12,AR1 alpha + Basic + One-Step,NYSE:BBDC,0.0
2022-03-18,12,AR1 alpha + Basic + One-Step,NYSE:BBDC,0.0
2022-03-21,12,AR1 alpha + Basic + One-Step,NYSE:BBDC,0.0
2022-03-22,12,AR1 alpha + Basic + One-Step,NYSE:BBDC,0.0
2022-03-23,12,AR1 alpha + Basic + One-Step,NYSE:BBDC,0.0
2022-03-24,12,AR1 alpha + Basic + One-Step,NYSE:BBDC,8.477918893386062e-08
2022-03-25,12,AR1 alpha + Basic + One-Step,NYSE:BBDC,0.0
2022-03-28,12,AR1 alpha + Basic + One-Step,NYSE:BBDC,0.0
2022-03-29,12,AR1 alpha + Basic + One-Step,NYSE:BBDC,0.0
2022-03-30,12,AR1 alpha + Basic + One-Step,NYSE:BBDC,1.6107397181222478e-06
2022-03-31,12,AR1 alpha + Basic + One-Step,NYSE:BBDC,0.0
2022-04-01,12,AR1 alpha + Basic + One-Step,NYSE:BBDC,0.0
2022-04-04,12,AR1 alpha + Basic + One-Step,NYSE:BBDC,0.0
2022-04-05,12,AR1 alpha + Basic + One-Step,NYSE:BBDC,0.0
2022-04-06,12,AR1 alpha + Basic + One-Step,NYSE:BBDC,0.0
2022-04-07,12,AR1 alpha + Basic + One-Step,NYSE:BBDC,1.3925616223827479e-08
2022-04-08,12,AR1 alpha + Basic + One-Step,NYSE:BBDC,0.0
2022-04-11,12,AR1 alpha + Basic + One-Step,NYSE:BBDC,0.0
2022-04-12,12,AR1 alpha + Basic + One-Step,NYSE:BBDC,0.0
2022-04-13,12,AR1 alpha + Basic + One-Step,NYSE:BBDC,3.710803857752473e-07
2022-04-14,12,AR1 alpha + Basic + One-Step,NYSE:BBDC,2.5187655447217317e-07
2022-04-18,12,AR1 alpha + Basic + One-Step,NYSE:BBDC,5.203218372402733e-08
2022-04-19,12,AR1 alpha + Basic + One-Step,NYSE:BBDC,0.0
2022-04-20,12,AR1 alpha + Basic + One-Step,NYSE:BBDC,1.3005516243397332e-07
2022-04-21,12,AR1 alpha + Basic + One-Step,NYSE:BBDC,0.0
2022-04-22,12,AR1 alpha + Basic + One-Step,NYSE:BBDC,0.0
2022-04-25,12,AR1 alpha + Basic + One-Step,NYSE:BBDC,0.0
2022-04-26,12,AR1 alpha + Basic + One-Step,NYSE:BBDC,0.0
2022-04-27,12,AR1 alpha + Basic + One-Step,NYSE:BBDC,0.0
2022-04-28,12,AR1 alpha + Basic + One-Step,NYSE:BBDC,1.767203313679738e-08
2022-04-29,12,AR1 alpha + Basic + One-Step,NYSE:BBDC,0.0
2022-05-02,12,AR1 alpha + Basic + One-Step,NYSE:BBDC,0.0
2022-05-03,12,AR1 alpha + Basic + One-Step,NYSE:BBDC,0.0
2022-05-04,12,AR1 alpha + Basic + One-Step,NYSE:BBDC,3.067686118574218e-07
2022-05-05,12,AR1 alpha + Basic + One-Step,NYSE:BBDC,0.0
2022-05-06,12,AR1 alpha + Basic + One-Step,NYSE:BBDC,7.147905278352325e-09
2022-05-09,12,AR1 alpha + Basic + One-Step,NYSE:BBDC,0.0
2022-05-10,12,AR1 alpha + Basic + One-Step,NYSE:BBDC,0.0
2022-05-11,12,AR1 alpha + Basic + One-Step,NYSE:BBDC,0.0
2022-05-12,12,AR1 alpha + Basic + One-Step,NYSE:BBDC,0.0
2022-05-13,12,AR1 alpha + Basic + One-Step,NYSE:BBDC,0.0
2022-05-16,12,AR1 alpha + Basic + One-Step,NYSE:BBDC,6.719964656037842e-07
2022-05-17,12,AR1 alpha + Basic + One-Step,NYSE:BBDC,0.0
2022-05-18,12,AR1 alpha + Basic + One-Step,NYSE:BBDC,3.366438884050858e-08
2022-05-19,12,AR1 alpha + Basic + One-Step,NYSE:BBDC,0.06828859742160057
2022-05-20,12,AR1 alpha + Basic + One-Step,NYSE:BBDC,0.06828636358517368
2022-05-23,12,AR1 alpha + Basic + One-Step,NYSE:BBDC,0.02376659012657205
2022-05-24,12,AR1 alpha + Basic + One-Step,NYSE:BBDC,0.0
2022-05-25,12,AR1 alpha + Basic + One-Step,NYSE:BBDC,2.365778202752478e-07
2022-05-26,12,AR1 alpha + Basic + One-Step,NYSE:BBDC,0.0
2022-05-27,12,AR1 alpha + Basic + One-Step,NYSE:BBDC,8.410504120861107e-09
2022-05-31,12,AR1 alpha + Basic + One-Step,NYSE:BBDC,0.0
2022-06-01,12,AR1 alpha + Basic + One-Step,NYSE:BBDC,0.0
2022-06-02,12,AR1 alpha + Basic + One-Step,NYSE:BBDC,0.0
2022-06-03,12,AR1 alpha + Basic + One-Step,NYSE:BBDC,0.0
2022-06-06,12,AR1 alpha + Basic + One-Step,NYSE:BBDC,0.0
2022-06-07,12,AR1 alpha + Basic + One-Step,NYSE:BBDC,0.09999030713087755
2022-06-08,12,AR1 alpha + Basic + One-Step,NYSE:BBDC,0.09999262517795493
2022-06-09,12,AR1 alpha + Basic + One-Step,NYSE:BBDC,0.09999455586217784
2022-06-10,12,AR1 alpha + Basic + One-Step,NYSE:BBDC,0.04691927544070143
2022-06-13,12,AR1 alpha + Basic + One-Step,NYSE:BBDC,0.10000102331791182
2022-06-14,12,AR1 alpha + Basic + One-Step,NYSE:BBDC,0.10000070696740292
2022-06-15,12,AR1 alpha + Basic + One-Step,NYSE:BBDC,0.09999979245641988
2022-06-16,12,AR1 alpha + Basic + One-Step,NYSE:BBDC,0.09999918539385186
2022-06-17,12,AR1 alpha + Basic + One-Step,NYSE:BBDC,0.09999932608074906
2022-06-21,12,AR1 alpha + Basic + One-Step,NYSE:BBDC,0.10000105014660265
2022-06-22,12,AR1 alpha + Basic + One-Step,NYSE:BBDC,0.10000069715555109
2022-06-23,12,AR1 alpha + Basic + One-Step,NYSE:BBDC,0.09999932356718165
2022-06-24,12,AR1 alpha + Basic + One-Step,NYSE:BBDC,0.056200902436492894
2022-06-27,12,AR1 alpha + Basic + One-Step,NYSE:BBDC,0.0
2022-06-28,12,AR1 alpha + Basic + One-Step,NYSE:BBDC,0.0
2022-06-29,12,AR1 alpha + Basic + One-Step,NYSE:BBDC,0.0
2022-06-30,12,AR1 alpha + Basic + One-Step,NYSE:BBDC,0.0
2022-07-01,12,AR1 alpha + Basic + One-Step,NYSE:BBDC,0.0
2022-07-05,12,AR1 alpha + Basic + One-Step,NYSE:BBDC,4.731030375751414e-10
2022-07-06,12,AR1 alpha + Basic + One-Step,NYSE:BBDC,5.2459778331561e-08
2022-07-07,12,AR1 alpha + Basic + One-Step,NYSE:BBDC,0.0
2022-07-08,12,AR1 alpha + Basic + One-Step,NYSE:BBDC,0.0
2022-07-11,12,AR1 alpha + Basic + One-Step,NYSE:BBDC,0.0
2022-07-12,12,AR1 alpha + Basic + One-Step,NYSE:BBDC,1.4357691918231017e-07
2022-07-13,12,AR1 alpha + Basic + One-Step,NYSE:BBDC,4.769813105677506e-07
2022-07-14,12,AR1 alpha + Basic + One-Step,NYSE:BBDC,0.0
2022-07-15,12,AR1 alpha + Basic + One-Step,NYSE:BBDC,0.0
2022-07-18,12,AR1 alpha + Basic + One-Step,NYSE:BBDC,5.447242588150026e-09
2022-07-19,12,AR1 alpha + Basic + One-Step,NYSE:BBDC,0.0
2022-07-20,12,AR1 alpha + Basic + One-Step,NYSE:BBDC,4.205426171114157e-08
2022-07-21,12,AR1 alpha + Basic + One-Step,NYSE:BBDC,3.305108833098819e-08
2022-07-22,12,AR1 alpha + Basic + One-Step,NYSE:BBDC,0.0
2022-07-25,12,AR1 alpha + Basic + One-Step,NYSE:BBDC,0.0
2022-07-26,12,AR1 alpha + Basic + One-Step,NYSE:BBDC,0.0
2022-07-27,12,AR1 alpha + Basic + One-Step,NYSE:BBDC,0.0
2022-07-28,12,AR1 alpha + Basic + One-Step,NYSE:BBDC,0.0
2022-07-29,12,AR1 alpha + Basic + One-Step,NYSE:BBDC,0.0
2022-08-01,12,AR1 alpha + Basic + One-Step,NYSE:BBDC,0.0
2022-08-02,12,AR1 alpha + Basic + One-Step,NYSE:BBDC,0.0
2022-08-03,12,AR1 alpha + Basic + One-Step,NYSE:BBDC,0.0
2022-08-04,12,AR1 alpha + Basic + One-Step,NYSE:BBDC,0.0
2022-08-05,12,AR1 alpha + Basic + One-Step,NYSE:BBDC,0.0
2022-08-08,12,AR1 alpha + Basic + One-Step,NYSE:BBDC,0.0
2022-08-09,12,AR1 alpha + Basic + One-Step,NYSE:BBDC,0.0
2022-08-10,12,AR1 alpha + Basic + One-Step,NYSE:BBDC,0.0
2022-08-11,12,AR1 alpha + Basic + One-Step,NYSE:BBDC,0.0
2022-08-12,12,AR1 alpha + Basic + One-Step,NYSE:BBDC,0.0
2022-08-15,12,AR1 alpha + Basic + One-Step,NYSE:BBDC,0.0
2022-08-16,12,AR1 alpha + Basic + One-Step,NYSE:BBDC,0.0
2022-08-17,12,AR1 alpha + Basic + One-Step,NYSE:BBDC,0.0
2022-08-18,12,AR1 alpha + Basic + One-Step,NYSE:BBDC,0.0
2022-08-19,12,AR1 alpha + Basic + One-Step,NYSE:BBDC,0.0
2022-08-22,12,AR1 alpha + Basic + One-Step,NYSE:BBDC,0.0
2022-08-23,12,AR1 alpha + Basic + One-Step,NYSE:BBDC,0.0
2022-08-24,12,AR1 alpha + Basic + One-Step,NYSE:BBDC,3.335173150450412e-07
2022-08-25,12,AR1 alpha + Basic + One-Step,NYSE:BBDC,0.0
2022-08-26,12,AR1 alpha + Basic + One-Step,NYSE:BBDC,0.0
2022-08-29,12,AR1 alpha + Basic + One-Step,NYSE:BBDC,0.0
2022-08-30,12,AR1 alpha + Basic + One-Step,NYSE:BBDC,0.0
2022-08-31,12,AR1 alpha + Basic + One-Step,NYSE:BBDC,0.0
2022-09-01,12,AR1 alpha + Basic + One-Step,NYSE:BBDC,0.09031117898876423
2022-09-02,12,AR1 alpha + Basic + One-Step,NYSE:BBDC,0.03818394987046277
2022-09-06,12,AR1 alpha + Basic + One-Step,NYSE:BBDC,0.09999880799480196
2022-09-07,12,AR1 alpha + Basic + One-Step,NYSE:BBDC,0.09999355770133539
2022-09-08,12,AR1 alpha + Basic + One-Step,NYSE:BBDC,0.09462347425638269
2022-09-09,12,AR1 alpha + Basic + One-Step,NYSE:BBDC,8.792417148582566e-07
2022-09-12,12,AR1 alpha + Basic + One-Step,NYSE:BBDC,1.4941440792017494e-07
2022-09-13,12,AR1 alpha + Basic + One-Step,NYSE:BBDC,0.05589251691930235
2022-09-14,12,AR1 alpha + Basic + One-Step,NYSE:BBDC,1.1870856092625343e-06
2022-09-15,12,AR1 alpha + Basic + One-Step,NYSE:BBDC,3.1444125506773283e-07
2022-09-16,12,AR1 alpha + Basic + One-Step,NYSE:BBDC,0.0038855530229427006
2022-09-19,12,AR1 alpha + Basic + One-Step,NYSE:BBDC,0.07377304722463363
2022-09-20,12,AR1 alpha + Basic + One-Step,NYSE:BBDC,0.10000349721119949
2022-09-21,12,AR1 alpha + Basic + One-Step,NYSE:BBDC,0.09999942700680871
2022-09-22,12,AR1 alpha + Basic + One-Step,NYSE:BBDC,0.09999956826741209
2022-09-23,12,AR1 alpha + Basic + One-Step,NYSE:BBDC,0.09999784211795053
2022-09-26,12,AR1 alpha + Basic + One-Step,NYSE:BBDC,0.09999857266649576
2022-09-27,12,AR1 alpha + Basic + One-Step,NYSE:BBDC,0.0999989090335401
2022-09-28,12,AR1 alpha + Basic + One-Step,NYSE:BBDC,0.09903547762834372
2022-09-29,12,AR1 alpha + Basic + One-Step,NYSE:BBDC,0.06956116595488683
2022-09-30,12,AR1 alpha + Basic + One-Step,NYSE:BBDC,0.0025793375713647772
2022-10-03,12,AR1 alpha + Basic + One-Step,NYSE:BBDC,0.0
2022-10-04,12,AR1 alpha + Basic + One-Step,NYSE:BBDC,0.0
2022-10-05,12,AR1 alpha + Basic + One-Step,NYSE:BBDC,0.0
2022-10-06,12,AR1 alpha + Basic + One-Step,NYSE:BBDC,0.0
2022-10-07,12,AR1 alpha + Basic + One-Step,NYSE:BBDC,2.3211319649786887e-09
2022-10-10,12,AR1 alpha + Basic + One-Step,NYSE:BBDC,6.375240265586562e-08
2022-10-11,12,AR1 alpha + Basic + One-Step,NYSE:BBDC,7.526508212017995e-07
2022-10-12,12,AR1 alpha + Basic + One-Step,NYSE:BBDC,5.441645859030552e-07
2022-10-13,12,AR1 alpha + Basic + One-Step,NYSE:BBDC,5.481236503379444e-07
2022-10-14,12,AR1 alpha + Basic + One-Step,NYSE:BBDC,6.80654589137935e-07
2022-10-17,12,AR1 alpha + Basic + One-Step,NYSE:BBDC,0.0
2022-10-18,12,AR1 alpha + Basic + One-Step,NYSE:BBDC,0.0
2022-10-19,12,AR1 alpha + Basic + One-Step,NYSE:BBDC,1.9807563298523366e-08
2022-10-20,12,AR1 alpha + Basic + One-Step,NYSE:BBDC,1.6718533344495444e-09
2022-10-21,12,AR1 alpha + Basic + One-Step,NYSE:BBDC,6.450397103981764e-08
2022-10-24,12,AR1 alpha + Basic + One-Step,NYSE:BBDC,0.0
2022-10-25,12,AR1 alpha + Basic + One-Step,NYSE:BBDC,0.0
2022-10-26,12,AR1 alpha + Basic + One-Step,NYSE:BBDC,0.0
2022-10-27,12,AR1 alpha + Basic + One-Step,NYSE:BBDC,0.0
2022-10-28,12,AR1 alpha + Basic + One-Step,NYSE:BBDC,0.0
2022-10-31,12,AR1 alpha + Basic + One-Step,NYSE:BBDC,0.0
2022-11-01,12,AR1 alpha + Basic + One-Step,NYSE:BBDC,0.0
2022-11-02,12,AR1 alpha + Basic + One-Step,NYSE:BBDC,9.140854382034859e-07
2022-11-03,12,AR1 alpha + Basic + One-Step,NYSE:BBDC,2.251538303653701e-06
2022-11-04,12,AR1 alpha + Basic + One-Step,NYSE:BBDC,2.314254480461951e-06
2022-11-07,12,AR1 alpha + Basic + One-Step,NYSE:BBDC,1.1742784137583948e-06
2022-11-08,12,AR1 alpha + Basic + One-Step,NYSE:BBDC,0.0
2022-11-09,12,AR1 alpha + Basic + One-Step,NYSE:BBDC,0.0
2022-11-10,12,AR1 alpha + Basic + One-Step,NYSE:BBDC,0.0
2022-11-11,12,AR1 alpha + Basic + One-Step,NYSE:BBDC,1.7493487868997044e-07
2022-11-14,12,AR1 alpha + Basic + One-Step,NYSE:BBDC,0.0
2022-11-15,12,AR1 alpha + Basic + One-Step,NYSE:BBDC,0.0
2022-11-16,12,AR1 alpha + Basic + One-Step,NYSE:BBDC,0.0
2022-11-17,12,AR1 alpha + Basic + One-Step,NYSE:BBDC,0.0
2022-11-18,12,AR1 alpha + Basic + One-Step,NYSE:BBDC,7.312100212446891e-07
2022-11-21,12,AR1 alpha + Basic + One-Step,NYSE:BBDC,1.1294058145407165e-06
2022-11-22,12,AR1 alpha + Basic + One-Step,NYSE:BBDC,5.966612180771588e-07
2022-11-23,12,AR1 alpha + Basic + One-Step,NYSE:BBDC,2.0562399464279149e-07
2022-11-25,12,AR1 alpha + Basic + One-Step,NYSE:BBDC,0.0
2022-11-28,12,AR1 alpha + Basic + One-Step,NYSE:BBDC,1.0679528238661215e-07
2022-11-29,12,AR1 alpha + Basic + One-Step,NYSE:BBDC,0.0
2022-11-30,12,AR1 alpha + Basic + One-Step,NYSE:BBDC,2.270932864782472e-07
2022-12-01,12,AR1 alpha + Basic + One-Step,NYSE:BBDC,3.544044601999842e-07
2022-12-02,12,AR1 alpha + Basic + One-Step,NYSE:BBDC,0.0
2022-12-05,12,AR1 alpha + Basic + One-Step,NYSE:BBDC,0.0
2022-12-06,12,AR1 alpha + Basic + One-Step,NYSE:BBDC,0.0
2022-12-07,12,AR1 alpha + Basic + One-Step,NYSE:BBDC,0.0
2022-12-08,12,AR1 alpha + Basic + One-Step,NYSE:BBDC,0.0
2022-12-09,12,AR1 alpha + Basic + One-Step,NYSE:BBDC,0.0
2022-12-12,12,AR1 alpha + Basic + One-Step,NYSE:BBDC,2.077481549069391e-08
2022-12-13,12,AR1 alpha + Basic + One-Step,NYSE:BBDC,0.0
2022-12-14,12,AR1 alpha + Basic + One-Step,NYSE:BBDC,2.3852660413458525e-07
2022-12-15,12,AR1 alpha + Basic + One-Step,NYSE:BBDC,0.0
2022-12-16,12,AR1 alpha + Basic + One-Step,NYSE:BBDC,0.0
2022-12-19,12,AR1 alpha + Basic + One-Step,NYSE:BBDC,0.0
2022-12-20,12,AR1 alpha + Basic + One-Step,NYSE:BBDC,0.0
2022-12-21,12,AR1 alpha + Basic + One-Step,NYSE:BBDC,0.0
2022-12-22,12,AR1 alpha + Basic + One-Step,NYSE:BBDC,3.698709253979584e-08
2022-12-23,12,AR1 alpha + Basic + One-Step,NYSE:BBDC,0.0
2022-12-27,12,AR1 alpha + Basic + One-Step,NYSE:BBDC,5.336872846337946e-07
2022-12-28,12,AR1 alpha + Basic + One-Step,NYSE:BBDC,0.0
2022-12-29,12,AR1 alpha + Basic + One-Step,NYSE:BBDC,3.924785837073573e-08
2022-12-30,12,AR1 alpha + Basic + One-Step,NYSE:BBDC,0.0
2023-01-03,12,AR1 alpha + Basic + One-Step,NYSE:BBDC,3.2042270227770977e-07
2023-01-04,12,AR1 alpha + Basic + One-Step,NYSE:BBDC,0.0
2023-01-05,12,AR1 alpha + Basic + One-Step,NYSE:BBDC,0.0
2023-01-06,12,AR1 alpha + Basic + One-Step,NYSE:BBDC,0.0
2023-01-09,12,AR1 alpha + Basic + One-Step,NYSE:BBDC,0.0
2023-01-10,12,AR1 alpha + Basic + One-Step,NYSE:BBDC,0.0
2023-01-11,12,AR1 alpha + Basic + One-Step,NYSE:BBDC,1.7448123244476156e-08
2023-01-12,12,AR1 alpha + Basic + One-Step,NYSE:BBDC,0.0
2023-01-13,12,AR1 alpha + Basic + One-Step,NYSE:BBDC,1.385157560139279e-08
2023-01-17,12,AR1 alpha + Basic + One-Step,NYSE:BBDC,0.0
2023-01-18,12,AR1 alpha + Basic + One-Step,NYSE:BBDC,0.0
2023-01-19,12,AR1 alpha + Basic + One-Step,NYSE:BBDC,0.0
2023-01-20,12,AR1 alpha + Basic + One-Step,NYSE:BBDC,0.0
2023-01-23,12,AR1 alpha + Basic + One-Step,NYSE:BBDC,0.0
2023-01-24,12,AR1 alpha + Basic + One-Step,NYSE:BBDC,0.0
2023-01-25,12,AR1 alpha + Basic + One-Step,NYSE:BBDC,0.0
2023-01-26,12,AR1 alpha + Basic + One-Step,NYSE:BBDC,0.0
2023-01-27,12,AR1 alpha + Basic + One-Step,NYSE:BBDC,0.0
2023-01-30,12,AR1 alpha + Basic + One-Step,NYSE:BBDC,0.0
2023-01-31,12,AR1 alpha + Basic + One-Step,NYSE:BBDC,0.0
2023-02-01,12,AR1 alpha + Basic + One-Step,NYSE:BBDC,0.0
2023-02-02,12,AR1 alpha + Basic + One-Step,NYSE:BBDC,1.3292149874033717e-06
2023-02-03,12,AR1 alpha + Basic + One-Step,NYSE:BBDC,5.210520991923708e-07
2023-02-06,12,AR1 alpha + Basic + One-Step,NYSE:BBDC,0.0
2023-02-07,12,AR1 alpha + Basic + One-Step,NYSE:BBDC,0.0
2023-02-08,12,AR1 alpha + Basic + One-Step,NYSE:BBDC,0.0
2023-02-09,12,AR1 alpha + Basic + One-Step,NYSE:BBDC,0.0
2023-02-10,12,AR1 alpha + Basic + One-Step,NYSE:BBDC,0.0
2023-02-13,12,AR1 alpha + Basic + One-Step,NYSE:BBDC,0.0
2023-02-14,12,AR1 alpha + Basic + One-Step,NYSE:BBDC,0.0
2023-02-15,12,AR1 alpha + Basic + One-Step,NYSE:BBDC,0.0
2023-02-16,12,AR1 alpha + Basic + One-Step,NYSE:BBDC,0.0
2023-02-17,12,AR1 alpha + Basic + One-Step,NYSE:BBDC,0.0
2023-02-21,12,AR1 alpha + Basic + One-Step,NYSE:BBDC,1.0824228792330727e-08
2023-02-22,12,AR1 alpha + Basic + One-Step,NYSE:BBDC,0.0
2023-02-23,12,AR1 alpha + Basic + One-Step,NYSE:BBDC,7.373277733110226e-08
2023-02-24,12,AR1 alpha + Basic + One-Step,NYSE:BBDC,0.0
2023-02-27,12,AR1 alpha + Basic + One-Step,NYSE:BBDC,0.0
2023-02-28,12,AR1 alpha + Basic + One-Step,NYSE:BBDC,0.0
2023-03-01,12,AR1 alpha + Basic + One-Step,NYSE:BBDC,0.0
2023-03-02,12,AR1 alpha + Basic + One-Step,NYSE:BBDC,2.3482565403620738e-07
2023-03-03,12,AR1 alpha + Basic + One-Step,NYSE:BBDC,0.0
2023-03-06,12,AR1 alpha + Basic + One-Step,NYSE:BBDC,0.0
2023-03-07,12,AR1 alpha + Basic + One-Step,NYSE:BBDC,0.0
2023-03-08,12,AR1 alpha + Basic + One-Step,NYSE:BBDC,0.0
2023-03-09,12,AR1 alpha + Basic + One-Step,NYSE:BBDC,0.0
2023-03-10,12,AR1 alpha + Basic + One-Step,NYSE:BBDC,8.001107881989907e-09
2023-03-13,12,AR1 alpha + Basic + One-Step,NYSE:BBDC,2.3114483871622453e-07
2023-03-14,12,AR1 alpha + Basic + One-Step,NYSE:BBDC,0.0
2023-03-15,12,AR1 alpha + Basic + One-Step,NYSE:BBDC,6.915898801081306e-08
2023-03-16,12,AR1 alpha + Basic + One-Step,NYSE:BBDC,1.958258233521657e-07
2023-03-17,12,AR1 alpha + Basic + One-Step,NYSE:BBDC,0.0
2023-03-20,12,AR1 alpha + Basic + One-Step,NYSE:BBDC,1.1868849922658527e-06
2023-03-21,12,AR1 alpha + Basic + One-Step,NYSE:BBDC,6.362691897720354e-07
2023-03-22,12,AR1 alpha + Basic + One-Step,NYSE:BBDC,0.0
2023-03-23,12,AR1 alpha + Basic + One-Step,NYSE:BBDC,1.1973549658734049e-07
2023-03-24,12,AR1 alpha + Basic + One-Step,NYSE:BBDC,7.768480757555035e-08
2023-03-27,12,AR1 alpha + Basic + One-Step,NYSE:BBDC,0.0
2023-03-28,12,AR1 alpha + Basic + One-Step,NYSE:BBDC,4.763128856031965e-08
2023-03-29,12,AR1 alpha + Basic + One-Step,NYSE:BBDC,0.0
2023-03-30,12,AR1 alpha + Basic + One-Step,NYSE:BBDC,0.0
2023-03-31,12,AR1 alpha + Basic + One-Step,NYSE:BBDC,4.4271349047981466e-07
2023-04-03,12,AR1 alpha + Basic + One-Step,NYSE:BBDC,0.0
2023-04-04,12,AR1 alpha + Basic + One-Step,NYSE:BBDC,0.0
2023-04-05,12,AR1 alpha + Basic + One-Step,NYSE:BBDC,2.1504055987747818e-07
2023-04-06,12,AR1 alpha + Basic + One-Step,NYSE:BBDC,4.4707195413666346e-07
2023-04-10,12,AR1 alpha + Basic + One-Step,NYSE:BBDC,0.0
2023-04-11,12,AR1 alpha + Basic + One-Step,NYSE:BBDC,0.0
2023-04-12,12,AR1 alpha + Basic + One-Step,NYSE:BBDC,0.0
2023-04-13,12,AR1 alpha + Basic + One-Step,NYSE:BBDC,0.0
2023-04-14,12,AR1 alpha + Basic + One-Step,NYSE:BBDC,0.0
2023-04-17,12,AR1 alpha + Basic + One-Step,NYSE:BBDC,0.0
2023-04-18,12,AR1 alpha + Basic + One-Step,NYSE:BBDC,0.0
2023-04-19,12,AR1 alpha + Basic + One-Step,NYSE:BBDC,2.795131741541506e-09
2023-04-20,12,AR1 alpha + Basic + One-Step,NYSE:BBDC,6.945811857205087e-09
2023-04-21,12,AR1 alpha + Basic + One-Step,NYSE:BBDC,1.266416769767831e-07
2023-04-24,12,AR1 alpha + Basic + One-Step,NYSE:BBDC,0.0
2023-04-25,12,AR1 alpha + Basic + One-Step,NYSE:BBDC,0.0
2023-04-26,12,AR1 alpha + Basic + One-Step,NYSE:BBDC,0.0
2023-04-27,12,AR1 alpha + Basic + One-Step,NYSE:BBDC,7.038187561097583e-07
2023-04-28,12,AR1 alpha + Basic + One-Step,NYSE:BBDC,4.176415505355039e-07
2023-05-01,12,AR1 alpha + Basic + One-Step,NYSE:BBDC,2.532914282873872e-07
2023-05-02,12,AR1 alpha + Basic + One-Step,NYSE:BBDC,2.046742459830539e-07
2023-05-03,12,AR1 alpha + Basic + One-Step,NYSE:BBDC,0.0
2023-05-04,12,AR1 alpha + Basic + One-Step,NYSE:BBDC,0.0
2023-05-05,12,AR1 alpha + Basic + One-Step,NYSE:BBDC,1.7674493408344223e-07
2023-05-08,12,AR1 alpha + Basic + One-Step,NYSE:BBDC,1.2826999483147528e-07
2023-05-09,12,AR1 alpha + Basic + One-Step,NYSE:BBDC,6.615601103347772e-08
2023-05-10,12,AR1 alpha + Basic + One-Step,NYSE:BBDC,0.0
2023-05-11,12,AR1 alpha + Basic + One-Step,NYSE:BBDC,6.08994509580645e-07
2023-05-12,12,AR1 alpha + Basic + One-Step,NYSE:BBDC,1.0689680270380443e-06
2023-05-15,12,AR1 alpha + Basic + One-Step,NYSE:BBDC,6.835701849723738e-07
2023-05-16,12,AR1 alpha + Basic + One-Step,NYSE:BBDC,0.0
2023-05-17,12,AR1 alpha + Basic + One-Step,NYSE:BBDC,0.0
2023-05-18,12,AR1 alpha + Basic + One-Step,NYSE:BBDC,0.0
2023-05-19,12,AR1 alpha + Basic + One-Step,NYSE:BBDC,0.0
2023-05-22,12,AR1 alpha + Basic + One-Step,NYSE:BBDC,0.0
2023-05-23,12,AR1 alpha + Basic + One-Step,NYSE:BBDC,0.0
2023-05-24,12,AR1 alpha + Basic + One-Step,NYSE:BBDC,0.0
2023-05-25,12,AR1 alpha + Basic + One-Step,NYSE:BBDC,0.0
2023-05-26,12,AR1 alpha + Basic + One-Step,NYSE:BBDC,0.0
2023-05-30,12,AR1 alpha + Basic + One-Step,NYSE:BBDC,0.0
2023-05-31,12,AR1 alpha + Basic + One-Step,NYSE:BBDC,0.0
2023-06-01,12,AR1 alpha + Basic + One-Step,NYSE:BBDC,0.0
2023-06-02,12,AR1 alpha + Basic + One-Step,NYSE:BBDC,0.0
2023-06-05,12,AR1 alpha + Basic + One-Step,NYSE:BBDC,6.76717757932034e-09
2023-06-06,12,AR1 alpha + Basic + One-Step,NYSE:BBDC,2.0157011181113485e-06
2023-06-07,12,AR1 alpha + Basic + One-Step,NYSE:BBDC,2.1798733288125267e-07
2023-06-08,12,AR1 alpha + Basic + One-Step,NYSE:BBDC,1.6851910003053556e-07
2023-06-09,12,AR1 alpha + Basic + One-Step,NYSE:BBDC,1.947634037692789e-06
2023-06-12,12,AR1 alpha + Basic + One-Step,NYSE:BBDC,0.0
2023-06-13,12,AR1 alpha + Basic + One-Step,NYSE:BBDC,1.735248497435062e-07
2023-06-14,12,AR1 alpha + Basic + One-Step,NYSE:BBDC,1.2093588164151712e-07
2023-06-15,12,AR1 alpha + Basic + One-Step,NYSE:BBDC,0.0
2023-06-16,12,AR1 alpha + Basic + One-Step,NYSE:BBDC,2.2109829470023055e-08
2023-06-20,12,AR1 alpha + Basic + One-Step,NYSE:BBDC,0.0
2023-06-21,12,AR1 alpha + Basic + One-Step,NYSE:BBDC,0.0
2023-06-22,12,AR1 alpha + Basic + One-Step,NYSE:BBDC,0.0
2023-06-23,12,AR1 alpha + Basic + One-Step,NYSE:BBDC,0.0
2023-06-26,12,AR1 alpha + Basic + One-Step,NYSE:BBDC,1.5380367741975156e-07
2023-06-27,12,AR1 alpha + Basic + One-Step,NYSE:BBDC,0.0
2023-06-28,12,AR1 alpha + Basic + One-Step,NYSE:BBDC,0.0
2023-06-29,12,AR1 alpha + Basic + One-Step,NYSE:BBDC,0.0
2023-06-30,12,AR1 alpha + Basic + One-Step,NYSE:BBDC,0.0
2023-07-03,12,AR1 alpha + Basic + One-Step,NYSE:BBDC,0.0
2023-07-05,12,AR1 alpha + Basic + One-Step,NYSE:BBDC,2.966049100893711e-06
2023-07-06,12,AR1 alpha + Basic + One-Step,NYSE:BBDC,0.0
2023-07-07,12,AR1 alpha + Basic + One-Step,NYSE:BBDC,0.0
2023-07-10,12,AR1 alpha + Basic + One-Step,NYSE:BBDC,1.5751980058856585e-06
2023-07-11,12,AR1 alpha + Basic + One-Step,NYSE:BBDC,0.0
2023-07-12,12,AR1 alpha + Basic + One-Step,NYSE:BBDC,0.0
2023-07-13,12,AR1 alpha + Basic + One-Step,NYSE:BBDC,0.0
2023-07-14,12,AR1 alpha + Basic + One-Step,NYSE:BBDC,2.0965937176594898e-07
2023-07-17,12,AR1 alpha + Basic + One-Step,NYSE:BBDC,8.817402214914189e-07
2023-07-18,12,AR1 alpha + Basic + One-Step,NYSE:BBDC,1.8962570117667192e-06
2023-07-19,12,AR1 alpha + Basic + One-Step,NYSE:BBDC,0.0
2023-07-20,12,AR1 alpha + Basic + One-Step,NYSE:BBDC,0.0
2023-07-21,12,AR1 alpha + Basic + One-Step,NYSE:BBDC,0.0
2023-07-24,12,AR1 alpha + Basic + One-Step,NYSE:BBDC,0.0
2023-07-25,12,AR1 alpha + Basic + One-Step,NYSE:BBDC,0.0
2023-07-26,12,AR1 alpha + Basic + One-Step,NYSE:BBDC,0.0
2023-07-27,12,AR1 alpha + Basic + One-Step,NYSE:BBDC,0.0
2023-07-28,12,AR1 alpha + Basic + One-Step,NYSE:BBDC,0.0
2023-07-31,12,AR1 alpha + Basic + One-Step,NYSE:BBDC,0.0
2023-08-01,12,AR1 alpha + Basic + One-Step,NYSE:BBDC,0.0
2023-08-02,12,AR1 alpha + Basic + One-Step,NYSE:BBDC,0.0
2023-08-03,12,AR1 alpha + Basic + One-Step,NYSE:BBDC,0.0
2023-08-04,12,AR1 alpha + Basic + One-Step,NYSE:BBDC,0.0
2023-08-07,12,AR1 alpha + Basic + One-Step,NYSE:BBDC,1.5225994682347948e-10
2023-08-08,12,AR1 alpha + Basic + One-Step,NYSE:BBDC,0.0
2023-08-09,12,AR1 alpha + Basic + One-Step,NYSE:BBDC,0.0
2023-08-10,12,AR1 alpha + Basic + One-Step,NYSE:BBDC,0.0
2023-08-11,12,AR1 alpha + Basic + One-Step,NYSE:BBDC,7.284603452823974e-07
2023-08-14,12,AR1 alpha + Basic + One-Step,NYSE:BBDC,0.0
2023-08-15,12,AR1 alpha + Basic + One-Step,NYSE:BBDC,0.0
2023-08-16,12,AR1 alpha + Basic + One-Step,NYSE:BBDC,0.0
2023-08-17,12,AR1 alpha + Basic + One-Step,NYSE:BBDC,0.0
2023-08-18,12,AR1 alpha + Basic + One-Step,NYSE:BBDC,0.0
2023-08-21,12,AR1 alpha + Basic + One-Step,NYSE:BBDC,2.580810174742731e-09
2023-08-22,12,AR1 alpha + Basic + One-Step,NYSE:BBDC,0.0
2023-08-23,12,AR1 alpha + Basic + One-Step,NYSE:BBDC,1.262228271996225e-07
2023-08-24,12,AR1 alpha + Basic + One-Step,NYSE:BBDC,0.0
2023-08-25,12,AR1 alpha + Basic + One-Step,NYSE:BBDC,1.6274652266208945e-07
2023-08-28,12,AR1 alpha + Basic + One-Step,NYSE:BBDC,0.0
2023-08-29,12,AR1 alpha + Basic + One-Step,NYSE:BBDC,0.0
2023-08-30,12,AR1 alpha + Basic + One-Step,NYSE:BBDC,0.0
2023-08-31,12,AR1 alpha + Basic + One-Step,NYSE:BBDC,0.0
2023-09-01,12,AR1 alpha + Basic + One-Step,NYSE:BBDC,0.0
2023-09-05,12,AR1 alpha + Basic + One-Step,NYSE:BBDC,0.0
2023-09-06,12,AR1 alpha + Basic + One-Step,NYSE:BBDC,1.0330473245323204e-08
2023-09-07,12,AR1 alpha + Basic + One-Step,NYSE:BBDC,1.7583874366089857e-06
2023-09-08,12,AR1 alpha + Basic + One-Step,NYSE:BBDC,2.6856324863676738e-06
2023-09-11,12,AR1 alpha + Basic + One-Step,NYSE:BBDC,1.5126898445460533e-06
2023-09-12,12,AR1 alpha + Basic + One-Step,NYSE:BBDC,3.670768682135452e-06
2023-09-13,12,AR1 alpha + Basic + One-Step,NYSE:BBDC,0.0
2023-09-14,12,AR1 alpha + Basic + One-Step,NYSE:BBDC,0.0
2023-09-15,12,AR1 alpha + Basic + One-Step,NYSE:BBDC,0.0
2023-09-18,12,AR1 alpha + Basic + One-Step,NYSE:BBDC,0.0
2023-09-19,12,AR1 alpha + Basic + One-Step,NYSE:BBDC,1.2147874177901127e-08
2023-09-20,12,AR1 alpha + Basic + One-Step,NYSE:BBDC,0.0
2023-09-21,12,AR1 alpha + Basic + One-Step,NYSE:BBDC,0.0
2023-09-22,12,AR1 alpha + Basic + One-Step,NYSE:BBDC,0.0
2023-09-25,12,AR1 alpha + Basic + One-Step,NYSE:BBDC,0.0
2023-09-26,12,AR1 alpha + Basic + One-Step,NYSE:BBDC,0.0
2023-09-27,12,AR1 alpha + Basic + One-Step,NYSE:BBDC,0.0
2023-09-28,12,AR1 alpha + Basic + One-Step,NYSE:BBDC,1.3858489624449126e-07
2023-09-29,12,AR1 alpha + Basic + One-Step,NYSE:BBDC,9.349599727504571e-08
2023-10-02,12,AR1 alpha + Basic + One-Step,NYSE:BBDC,0.0
2023-10-03,12,AR1 alpha + Basic + One-Step,NYSE:BBDC,0.0
2023-10-04,12,AR1 alpha + Basic + One-Step,NYSE:BBDC,0.0
2023-10-05,12,AR1 alpha + Basic + One-Step,NYSE:BBDC,0.0
2023-10-06,12,AR1 alpha + Basic + One-Step,NYSE:BBDC,0.0
2023-10-09,12,AR1 alpha + Basic + One-Step,NYSE:BBDC,1.6208213655812633e-08
2023-10-10,12,AR1 alpha + Basic + One-Step,NYSE:BBDC,0.0
2023-10-11,12,AR1 alpha + Basic + One-Step,NYSE:BBDC,1.8500117906762224e-08
2023-10-12,12,AR1 alpha + Basic + One-Step,NYSE:BBDC,0.0
2023-10-13,12,AR1 alpha + Basic + One-Step,NYSE:BBDC,0.0
2023-10-16,12,AR1 alpha + Basic + One-Step,NYSE:BBDC,0.0
2023-10-17,12,AR1 alpha + Basic + One-Step,NYSE:BBDC,1.193682250658077e-06
2023-10-18,12,AR1 alpha + Basic + One-Step,NYSE:BBDC,0.0
2023-10-19,12,AR1 alpha + Basic + One-Step,NYSE:BBDC,0.0
2023-10-20,12,AR1 alpha + Basic + One-Step,NYSE:BBDC,0.0
2023-10-23,12,AR1 alpha + Basic + One-Step,NYSE:BBDC,0.0
2023-10-24,12,AR1 alpha + Basic + One-Step,NYSE:BBDC,0.0
2023-10-25,12,AR1 alpha + Basic + One-Step,NYSE:BBDC,0.0
2023-10-26,12,AR1 alpha + Basic + One-Step,NYSE:BBDC,0.0
2023-10-27,12,AR1 alpha + Basic + One-Step,NYSE:BBDC,0.0
2023-10-30,12,AR1 alpha + Basic + One-Step,NYSE:BBDC,2.459192265863021e-08
2023-10-31,12,AR1 alpha + Basic + One-Step,NYSE:BBDC,0.0
2023-11-01,12,AR1 alpha + Basic + One-Step,NYSE:BBDC,0.0
2023-11-02,12,AR1 alpha + Basic + One-Step,NYSE:BBDC,0.0
2023-11-03,12,AR1 alpha + Basic + One-Step,NYSE:BBDC,0.0
2023-11-06,12,AR1 alpha + Basic + One-Step,NYSE:BBDC,0.0
2023-11-07,12,AR1 alpha + Basic + One-Step,NYSE:BBDC,1.6591050297805173e-08
2023-11-08,12,AR1 alpha + Basic + One-Step,NYSE:BBDC,2.5157393337939982e-08
2023-11-09,12,AR1 alpha + Basic + One-Step,NYSE:BBDC,0.0
2023-11-10,12,AR1 alpha + Basic + One-Step,NYSE:BBDC,0.0
2023-11-13,12,AR1 alpha + Basic + One-Step,NYSE:BBDC,0.0
2023-11-14,12,AR1 alpha + Basic + One-Step,NYSE:BBDC,0.0
2023-11-15,12,AR1 alpha + Basic + One-Step,NYSE:BBDC,0.0
2023-11-16,12,AR1 alpha + Basic + One-Step,NYSE:BBDC,0.0
2023-11-17,12,AR1 alpha + Basic + One-Step,NYSE:BBDC,1.4959539824628346e-07
2023-11-20,12,AR1 alpha + Basic + One-Step,NYSE:BBDC,0.0
2023-11-21,12,AR1 alpha + Basic + One-Step,NYSE:BBDC,0.0
2023-11-22,12,AR1 alpha + Basic + One-Step,NYSE:BBDC,0.0
2023-11-24,12,AR1 alpha + Basic + One-Step,NYSE:BBDC,0.0
2023-11-27,12,AR1 alpha + Basic + One-Step,NYSE:BBDC,0.0
2023-11-28,12,AR1 alpha + Basic + One-Step,NYSE:BBDC,3.985955257781996e-08
2023-11-29,12,AR1 alpha + Basic + One-Step,NYSE:BBDC,1.3359262990074771e-08
2023-11-30,12,AR1 alpha + Basic + One-Step,NYSE:BBDC,0.0
2023-12-01,12,AR1 alpha + Basic + One-Step,NYSE:BBDC,2.429201127489537e-07
2023-12-04,12,AR1 alpha + Basic + One-Step,NYSE:BBDC,0.0
2023-12-05,12,AR1 alpha + Basic + One-Step,NYSE:BBDC,0.0
2023-12-06,12,AR1 alpha + Basic + One-Step,NYSE:BBDC,0.0
2023-12-07,12,AR1 alpha + Basic + One-Step,NYSE:BBDC,0.0
2023-12-08,12,AR1 alpha + Basic + One-Step,NYSE:BBDC,0.0
2023-12-11,12,AR1 alpha + Basic + One-Step,NYSE:BBDC,0.0
2023-12-12,12,AR1 alpha + Basic + One-Step,NYSE:BBDC,0.0
2023-12-13,12,AR1 alpha + Basic + One-Step,NYSE:BBDC,0.0
2023-12-14,12,AR1 alpha + Basic + One-Step,NYSE:BBDC,0.0
2023-12-15,12,AR1 alpha + Basic + One-Step,NYSE:BBDC,0.0
2023-12-18,12,AR1 alpha + Basic + One-Step,NYSE:BBDC,0.0
2023-12-19,12,AR1 alpha + Basic + One-Step,NYSE:BBDC,0.0
2023-12-20,12,AR1 alpha + Basic + One-Step,NYSE:BBDC,0.0
2023-12-21,12,AR1 alpha + Basic + One-Step,NYSE:BBDC,0.0
2023-12-22,12,AR1 alpha + Basic + One-Step,NYSE:BBDC,4.3906730792679994e-07
2023-12-26,12,AR1 alpha + Basic + One-Step,NYSE:BBDC,0.0
2023-12-27,12,AR1 alpha + Basic + One-Step,NYSE:BBDC,5.3609767486244524e-09
2023-12-28,12,AR1 alpha + Basic + One-Step,NYSE:BBDC,0.0
2023-12-29,12,AR1 alpha + Basic + One-Step,NYSE:BBDC,0.0
2024-01-02,12,AR1 alpha + Basic + One-Step,NYSE:BBDC,0.0
2024-01-03,12,AR1 alpha + Basic + One-Step,NYSE:BBDC,0.0
2024-01-04,12,AR1 alpha + Basic + One-Step,NYSE:BBDC,0.0
2024-01-05,12,AR1 alpha + Basic + One-Step,NYSE:BBDC,0.0
2024-01-08,12,AR1 alpha + Basic + One-Step,NYSE:BBDC,0.0
2024-01-09,12,AR1 alpha + Basic + One-Step,NYSE:BBDC,0.0
2024-01-10,12,AR1 alpha + Basic + One-Step,NYSE:BBDC,0.0
2024-01-11,12,AR1 alpha + Basic + One-Step,NYSE:BBDC,2.600583868925763e-07
2024-01-12,12,AR1 alpha + Basic + One-Step,NYSE:BBDC,1.3776163546470345e-24
2024-01-16,12,AR1 alpha + Basic + One-Step,NYSE:BBDC,0.0
2024-01-17,12,AR1 alpha + Basic + One-Step,NYSE:BBDC,0.0
2024-01-18,12,AR1 alpha + Basic + One-Step,NYSE:BBDC,6.386717551712511e-07
2024-01-19,12,AR1 alpha + Basic + One-Step,NYSE:BBDC,0.0
2024-01-22,12,AR1 alpha + Basic + One-Step,NYSE:BBDC,0.0
2024-01-23,12,AR1 alpha + Basic + One-Step,NYSE:BBDC,0.0
2024-01-24,12,AR1 alpha + Basic + One-Step,NYSE:BBDC,1.9944220807557e-07
2024-01-25,12,AR1 alpha + Basic + One-Step,NYSE:BBDC,8.09703208987216e-08
2024-01-26,12,AR1 alpha + Basic + One-Step,NYSE:BBDC,0.0
2024-01-29,12,AR1 alpha + Basic + One-Step,NYSE:BBDC,0.0
2024-01-30,12,AR1 alpha + Basic + One-Step,NYSE:BBDC,0.0
2024-01-31,12,AR1 alpha + Basic + One-Step,NYSE:BBDC,1.4610748914723266e-09
2024-02-01,12,AR1 alpha + Basic + One-Step,NYSE:BBDC,0.0
2024-02-02,12,AR1 alpha + Basic + One-Step,NYSE:BBDC,0.0
2024-02-05,12,AR1 alpha + Basic + One-Step,NYSE:BBDC,0.0
2024-02-06,12,AR1 alpha + Basic + One-Step,NYSE:BBDC,0.0
2024-02-07,12,AR1 alpha + Basic + One-Step,NYSE:BBDC,3.8172390266474895e-08
2024-02-08,12,AR1 alpha + Basic + One-Step,NYSE:BBDC,2.9011368829716377e-08
2024-02-09,12,AR1 alpha + Basic + One-Step,NYSE:BBDC,1.375167394691692e-07
2024-02-12,12,AR1 alpha + Basic + One-Step,NYSE:BBDC,0.0
2024-02-13,12,AR1 alpha + Basic + One-Step,NYSE:BBDC,0.0
2024-02-14,12,AR1 alpha + Basic + One-Step,NYSE:BBDC,0.0
2024-02-15,12,AR1 alpha + Basic + One-Step,NYSE:BBDC,1.1968774906879655e-08
2024-02-16,12,AR1 alpha + Basic + One-Step,NYSE:BBDC,0.0
2024-02-20,12,AR1 alpha + Basic + One-Step,NYSE:BBDC,0.0
2024-02-21,12,AR1 alpha + Basic + One-Step,NYSE:BBDC,0.0
2024-02-22,12,AR1 alpha + Basic + One-Step,NYSE:BBDC,0.0
2024-02-23,12,AR1 alpha + Basic + One-Step,NYSE:BBDC,0.0
2024-02-26,12,AR1 alpha + Basic + One-Step,NYSE:BBDC,0.0
2024-02-27,12,AR1 alpha + Basic + One-Step,NYSE:BBDC,0.0
2024-02-28,12,AR1 alpha + Basic + One-Step,NYSE:BBDC,0.0
2024-02-29,12,AR1 alpha + Basic + One-Step,NYSE:BBDC,0.0
2024-03-01,12,AR1 alpha + Basic + One-Step,NYSE:BBDC,0.0
2024-03-04,12,AR1 alpha + Basic + One-Step,NYSE:BBDC,0.0
2024-03-05,12,AR1 alpha + Basic + One-Step,NYSE:BBDC,0.0
2024-03-06,12,AR1 alpha + Basic + One-Step,NYSE:BBDC,0.0
2024-03-07,12,AR1 alpha + Basic + One-Step,NYSE:BBDC,0.0
2024-03-08,12,AR1 alpha + Basic + One-Step,NYSE:BBDC,0.0
2024-03-11,12,AR1 alpha + Basic + One-Step,NYSE:BBDC,0.0
2024-03-12,12,AR1 alpha + Basic + One-Step,NYSE:BBDC,0.0
2024-03-13,12,AR1 alpha + Basic + One-Step,NYSE:BBDC,0.0
2024-03-14,12,AR1 alpha + Basic + One-Step,NYSE:BBDC,2.0462077864750547e-07
2024-03-15,12,AR1 alpha + Basic + One-Step,NYSE:BBDC,2.2139384966139934e-07
2024-03-18,12,AR1 alpha + Basic + One-Step,NYSE:BBDC,4.363473298989343e-08
2024-03-19,12,AR1 alpha + Basic + One-Step,NYSE:BBDC,0.0
2024-03-20,12,AR1 alpha + Basic + One-Step,NYSE:BBDC,0.0
2024-03-21,12,AR1 alpha + Basic + One-Step,NYSE:BBDC,5.739447748541076e-08
2024-03-22,12,AR1 alpha + Basic + One-Step,NYSE:BBDC,1.763720750936418e-08
2024-03-25,12,AR1 alpha + Basic + One-Step,NYSE:BBDC,0.0
2024-03-26,12,AR1 alpha + Basic + One-Step,NYSE:BBDC,0.0
2024-03-27,12,AR1 alpha + Basic + One-Step,NYSE:BBDC,0.0
2024-03-28,12,AR1 alpha + Basic + One-Step,NYSE:BBDC,0.0
2024-04-01,12,AR1 alpha + Basic + One-Step,NYSE:BBDC,1.3972323595217366e-06
2024-04-02,12,AR1 alpha + Basic + One-Step,NYSE:BBDC,0.0
2024-04-03,12,AR1 alpha + Basic + One-Step,NYSE:BBDC,0.0
2024-04-04,12,AR1 alpha + Basic + One-Step,NYSE:BBDC,0.0
2024-04-05,12,AR1 alpha + Basic + One-Step,NYSE:BBDC,0.0
2024-04-08,12,AR1 alpha + Basic + One-Step,NYSE:BBDC,0.0
2024-04-09,12,AR1 alpha + Basic + One-Step,NYSE:BBDC,0.0
2024-04-10,12,AR1 alpha + Basic + One-Step,NYSE:BBDC,6.517311190700993e-07
2024-04-11,12,AR1 alpha + Basic + One-Step,NYSE:BBDC,0.0
2024-04-12,12,AR1 alpha + Basic + One-Step,NYSE:BBDC,0.0
2024-04-15,12,AR1 alpha + Basic + One-Step,NYSE:BBDC,0.0
2024-04-16,12,AR1 alpha + Basic + One-Step,NYSE:BBDC,0.0
2024-04-17,12,AR1 alpha + Basic + One-Step,NYSE:BBDC,1.0659395366818439e-07
2024-04-18,12,AR1 alpha + Basic + One-Step,NYSE:BBDC,0.0
2024-04-19,12,AR1 alpha + Basic + One-Step,NYSE:BBDC,0.04763714375908665
2020-03-25,12,AR1 alpha + Basic + One-Step,NYSE:ANET,0.02
2020-03-26,12,AR1 alpha + Basic + One-Step,NYSE:ANET,0.019999999999999997
2020-03-27,12,AR1 alpha + Basic + One-Step,NYSE:ANET,0.0
2020-03-30,12,AR1 alpha + Basic + One-Step,NYSE:ANET,0.0
2020-03-31,12,AR1 alpha + Basic + One-Step,NYSE:ANET,0.0
2020-04-01,12,AR1 alpha + Basic + One-Step,NYSE:ANET,0.0
2020-04-02,12,AR1 alpha + Basic + One-Step,NYSE:ANET,7.700539669796765e-09
2020-04-03,12,AR1 alpha + Basic + One-Step,NYSE:ANET,3.737892064870669e-08
2020-04-06,12,AR1 alpha + Basic + One-Step,NYSE:ANET,0.0
2020-04-07,12,AR1 alpha + Basic + One-Step,NYSE:ANET,4.822044922398461e-08
2020-04-08,12,AR1 alpha + Basic + One-Step,NYSE:ANET,0.0
2020-04-09,12,AR1 alpha + Basic + One-Step,NYSE:ANET,0.0
2020-04-13,12,AR1 alpha + Basic + One-Step,NYSE:ANET,0.0
2020-04-14,12,AR1 alpha + Basic + One-Step,NYSE:ANET,0.0
2020-04-15,12,AR1 alpha + Basic + One-Step,NYSE:ANET,0.0
2020-04-16,12,AR1 alpha + Basic + One-Step,NYSE:ANET,0.0
2020-04-17,12,AR1 alpha + Basic + One-Step,NYSE:ANET,0.0
2020-04-20,12,AR1 alpha + Basic + One-Step,NYSE:ANET,0.0
2020-04-21,12,AR1 alpha + Basic + One-Step,NYSE:ANET,0.0
2020-04-22,12,AR1 alpha + Basic + One-Step,NYSE:ANET,0.0
2020-04-23,12,AR1 alpha + Basic + One-Step,NYSE:ANET,0.0
2020-04-24,12,AR1 alpha + Basic + One-Step,NYSE:ANET,7.904385504165129e-08
2020-04-27,12,AR1 alpha + Basic + One-Step,NYSE:ANET,0.0
2020-04-28,12,AR1 alpha + Basic + One-Step,NYSE:ANET,0.0
2020-04-29,12,AR1 alpha + Basic + One-Step,NYSE:ANET,4.200164404965073e-07
2020-04-30,12,AR1 alpha + Basic + One-Step,NYSE:ANET,0.0
2020-05-01,12,AR1 alpha + Basic + One-Step,NYSE:ANET,2.065736396404396e-08
2020-05-04,12,AR1 alpha + Basic + One-Step,NYSE:ANET,0.0
2020-05-05,12,AR1 alpha + Basic + One-Step,NYSE:ANET,7.531137751420052e-07
2020-05-06,12,AR1 alpha + Basic + One-Step,NYSE:ANET,0.03260543673932792
2020-05-07,12,AR1 alpha + Basic + One-Step,NYSE:ANET,0.0
2020-05-08,12,AR1 alpha + Basic + One-Step,NYSE:ANET,0.0
2020-05-11,12,AR1 alpha + Basic + One-Step,NYSE:ANET,0.0
2020-05-12,12,AR1 alpha + Basic + One-Step,NYSE:ANET,0.0
2020-05-13,12,AR1 alpha + Basic + One-Step,NYSE:ANET,0.0
2020-05-14,12,AR1 alpha + Basic + One-Step,NYSE:ANET,6.0271182761374205e-09
2020-05-15,12,AR1 alpha + Basic + One-Step,NYSE:ANET,0.0
2020-05-18,12,AR1 alpha + Basic + One-Step,NYSE:ANET,0.0
2020-05-19,12,AR1 alpha + Basic + One-Step,NYSE:ANET,0.0
2020-05-20,12,AR1 alpha + Basic + One-Step,NYSE:ANET,0.0
2020-05-21,12,AR1 alpha + Basic + One-Step,NYSE:ANET,0.0
2020-05-22,12,AR1 alpha + Basic + One-Step,NYSE:ANET,1.642007469564146e-08
2020-05-26,12,AR1 alpha + Basic + One-Step,NYSE:ANET,5.392834442440899e-08
2020-05-27,12,AR1 alpha + Basic + One-Step,NYSE:ANET,1.2223589084281158e-06
2020-05-28,12,AR1 alpha + Basic + One-Step,NYSE:ANET,0.0
2020-05-29,12,AR1 alpha + Basic + One-Step,NYSE:ANET,0.0
2020-06-01,12,AR1 alpha + Basic + One-Step,NYSE:ANET,0.0
2020-06-02,12,AR1 alpha + Basic + One-Step,NYSE:ANET,3.8516150164112827e-07
2020-06-03,12,AR1 alpha + Basic + One-Step,NYSE:ANET,0.0
2020-06-04,12,AR1 alpha + Basic + One-Step,NYSE:ANET,0.0
2020-06-05,12,AR1 alpha + Basic + One-Step,NYSE:ANET,9.062859486102035e-08
2020-06-08,12,AR1 alpha + Basic + One-Step,NYSE:ANET,0.0
2020-06-09,12,AR1 alpha + Basic + One-Step,NYSE:ANET,0.0
2020-06-10,12,AR1 alpha + Basic + One-Step,NYSE:ANET,0.0
2020-06-11,12,AR1 alpha + Basic + One-Step,NYSE:ANET,0.07673177685513569
2020-06-12,12,AR1 alpha + Basic + One-Step,NYSE:ANET,0.0
2020-06-15,12,AR1 alpha + Basic + One-Step,NYSE:ANET,5.0514388045171135e-09
2020-06-16,12,AR1 alpha + Basic + One-Step,NYSE:ANET,1.3923020688837863e-07
2020-06-17,12,AR1 alpha + Basic + One-Step,NYSE:ANET,0.0
2020-06-18,12,AR1 alpha + Basic + One-Step,NYSE:ANET,0.0
2020-06-19,12,AR1 alpha + Basic + One-Step,NYSE:ANET,0.0
2020-06-22,12,AR1 alpha + Basic + One-Step,NYSE:ANET,0.0
2020-06-23,12,AR1 alpha + Basic + One-Step,NYSE:ANET,0.0
2020-06-24,12,AR1 alpha + Basic + One-Step,NYSE:ANET,0.011414993757274223
2020-06-25,12,AR1 alpha + Basic + One-Step,NYSE:ANET,0.0
2020-06-26,12,AR1 alpha + Basic + One-Step,NYSE:ANET,0.0
2020-06-29,12,AR1 alpha + Basic + One-Step,NYSE:ANET,0.0
2020-06-30,12,AR1 alpha + Basic + One-Step,NYSE:ANET,8.077562573968974e-09
2020-07-01,12,AR1 alpha + Basic + One-Step,NYSE:ANET,0.0
2020-07-02,12,AR1 alpha + Basic + One-Step,NYSE:ANET,6.253704566921158e-09
2020-07-06,12,AR1 alpha + Basic + One-Step,NYSE:ANET,0.0
2020-07-07,12,AR1 alpha + Basic + One-Step,NYSE:ANET,0.0
2020-07-08,12,AR1 alpha + Basic + One-Step,NYSE:ANET,3.284740208212173e-08
2020-07-09,12,AR1 alpha + Basic + One-Step,NYSE:ANET,5.144831013332858e-07
2020-07-10,12,AR1 alpha + Basic + One-Step,NYSE:ANET,1.2889622107114547e-07
2020-07-13,12,AR1 alpha + Basic + One-Step,NYSE:ANET,6.080207886550967e-08
2020-07-14,12,AR1 alpha + Basic + One-Step,NYSE:ANET,0.0
2020-07-15,12,AR1 alpha + Basic + One-Step,NYSE:ANET,1.3087350762447856e-07
2020-07-16,12,AR1 alpha + Basic + One-Step,NYSE:ANET,0.0
2020-07-17,12,AR1 alpha + Basic + One-Step,NYSE:ANET,0.0
2020-07-20,12,AR1 alpha + Basic + One-Step,NYSE:ANET,1.7493279035978574e-07
2020-07-21,12,AR1 alpha + Basic + One-Step,NYSE:ANET,0.0
2020-07-22,12,AR1 alpha + Basic + One-Step,NYSE:ANET,0.0
2020-07-23,12,AR1 alpha + Basic + One-Step,NYSE:ANET,0.0
2020-07-24,12,AR1 alpha + Basic + One-Step,NYSE:ANET,1.2097570807264995e-06
2020-07-27,12,AR1 alpha + Basic + One-Step,NYSE:ANET,6.984029815869928e-07
2020-07-28,12,AR1 alpha + Basic + One-Step,NYSE:ANET,0.0
2020-07-29,12,AR1 alpha + Basic + One-Step,NYSE:ANET,0.0
2020-07-30,12,AR1 alpha + Basic + One-Step,NYSE:ANET,0.0
2020-07-31,12,AR1 alpha + Basic + One-Step,NYSE:ANET,0.0
2020-08-03,12,AR1 alpha + Basic + One-Step,NYSE:ANET,0.0
2020-08-04,12,AR1 alpha + Basic + One-Step,NYSE:ANET,0.0
2020-08-05,12,AR1 alpha + Basic + One-Step,NYSE:ANET,0.09999529900024433
2020-08-06,12,AR1 alpha + Basic + One-Step,NYSE:ANET,0.0999881777206949
2020-08-07,12,AR1 alpha + Basic + One-Step,NYSE:ANET,0.09999017541847219
2020-08-10,12,AR1 alpha + Basic + One-Step,NYSE:ANET,0.0999929370022793
2020-08-11,12,AR1 alpha + Basic + One-Step,NYSE:ANET,0.09999545653354908
2020-08-12,12,AR1 alpha + Basic + One-Step,NYSE:ANET,0.09999146084430759
2020-08-13,12,AR1 alpha + Basic + One-Step,NYSE:ANET,0.09999017047167653
2020-08-14,12,AR1 alpha + Basic + One-Step,NYSE:ANET,0.09999287880758458
2020-08-17,12,AR1 alpha + Basic + One-Step,NYSE:ANET,0.062134578634230504
2020-08-18,12,AR1 alpha + Basic + One-Step,NYSE:ANET,0.0
2020-08-19,12,AR1 alpha + Basic + One-Step,NYSE:ANET,0.0
2020-08-20,12,AR1 alpha + Basic + One-Step,NYSE:ANET,1.4951586302800175e-07
2020-08-21,12,AR1 alpha + Basic + One-Step,NYSE:ANET,0.0
2020-08-24,12,AR1 alpha + Basic + One-Step,NYSE:ANET,0.0
2020-08-25,12,AR1 alpha + Basic + One-Step,NYSE:ANET,0.0
2020-08-26,12,AR1 alpha + Basic + One-Step,NYSE:ANET,0.0
2020-08-27,12,AR1 alpha + Basic + One-Step,NYSE:ANET,0.0
2020-08-28,12,AR1 alpha + Basic + One-Step,NYSE:ANET,0.0
2020-08-31,12,AR1 alpha + Basic + One-Step,NYSE:ANET,0.0
2020-09-01,12,AR1 alpha + Basic + One-Step,NYSE:ANET,0.0
2020-09-02,12,AR1 alpha + Basic + One-Step,NYSE:ANET,0.0
2020-09-03,12,AR1 alpha + Basic + One-Step,NYSE:ANET,0.0
2020-09-04,12,AR1 alpha + Basic + One-Step,NYSE:ANET,0.0
2020-09-08,12,AR1 alpha + Basic + One-Step,NYSE:ANET,0.0
2020-09-09,12,AR1 alpha + Basic + One-Step,NYSE:ANET,0.0
2020-09-10,12,AR1 alpha + Basic + One-Step,NYSE:ANET,0.0
2020-09-11,12,AR1 alpha + Basic + One-Step,NYSE:ANET,0.0
2020-09-14,12,AR1 alpha + Basic + One-Step,NYSE:ANET,1.878284592650972e-09
2020-09-15,12,AR1 alpha + Basic + One-Step,NYSE:ANET,0.0
2020-09-16,12,AR1 alpha + Basic + One-Step,NYSE:ANET,0.0
2020-09-17,12,AR1 alpha + Basic + One-Step,NYSE:ANET,0.0
2020-09-18,12,AR1 alpha + Basic + One-Step,NYSE:ANET,0.0
2020-09-21,12,AR1 alpha + Basic + One-Step,NYSE:ANET,0.0
2020-09-22,12,AR1 alpha + Basic + One-Step,NYSE:ANET,0.0
2020-09-23,12,AR1 alpha + Basic + One-Step,NYSE:ANET,0.0
2020-09-24,12,AR1 alpha + Basic + One-Step,NYSE:ANET,3.071076334436167e-07
2020-09-25,12,AR1 alpha + Basic + One-Step,NYSE:ANET,0.0
2020-09-28,12,AR1 alpha + Basic + One-Step,NYSE:ANET,0.0
2020-09-29,12,AR1 alpha + Basic + One-Step,NYSE:ANET,1.3274090075716584e-07
2020-09-30,12,AR1 alpha + Basic + One-Step,NYSE:ANET,0.0
2020-10-01,12,AR1 alpha + Basic + One-Step,NYSE:ANET,0.0
2020-10-02,12,AR1 alpha + Basic + One-Step,NYSE:ANET,0.0
2020-10-05,12,AR1 alpha + Basic + One-Step,NYSE:ANET,2.2567945295266566e-08
2020-10-06,12,AR1 alpha + Basic + One-Step,NYSE:ANET,0.0
2020-10-07,12,AR1 alpha + Basic + One-Step,NYSE:ANET,1.9905513785092154e-08
2020-10-08,12,AR1 alpha + Basic + One-Step,NYSE:ANET,0.0
2020-10-09,12,AR1 alpha + Basic + One-Step,NYSE:ANET,0.0
2020-10-12,12,AR1 alpha + Basic + One-Step,NYSE:ANET,0.0
2020-10-13,12,AR1 alpha + Basic + One-Step,NYSE:ANET,0.0
2020-10-14,12,AR1 alpha + Basic + One-Step,NYSE:ANET,0.0
2020-10-15,12,AR1 alpha + Basic + One-Step,NYSE:ANET,0.0
2020-10-16,12,AR1 alpha + Basic + One-Step,NYSE:ANET,0.0
2020-10-19,12,AR1 alpha + Basic + One-Step,NYSE:ANET,0.0
2020-10-20,12,AR1 alpha + Basic + One-Step,NYSE:ANET,0.0
2020-10-21,12,AR1 alpha + Basic + One-Step,NYSE:ANET,0.0
2020-10-22,12,AR1 alpha + Basic + One-Step,NYSE:ANET,0.0
2020-10-23,12,AR1 alpha + Basic + One-Step,NYSE:ANET,0.0
2020-10-26,12,AR1 alpha + Basic + One-Step,NYSE:ANET,0.0
2020-10-27,12,AR1 alpha + Basic + One-Step,NYSE:ANET,0.0
2020-10-28,12,AR1 alpha + Basic + One-Step,NYSE:ANET,1.6468421265917763e-09
2020-10-29,12,AR1 alpha + Basic + One-Step,NYSE:ANET,0.0
2020-10-30,12,AR1 alpha + Basic + One-Step,NYSE:ANET,0.0
2020-11-02,12,AR1 alpha + Basic + One-Step,NYSE:ANET,0.0
2020-11-03,12,AR1 alpha + Basic + One-Step,NYSE:ANET,7.533524365878163e-10
2020-11-04,12,AR1 alpha + Basic + One-Step,NYSE:ANET,0.0
2020-11-05,12,AR1 alpha + Basic + One-Step,NYSE:ANET,0.0
2020-11-06,12,AR1 alpha + Basic + One-Step,NYSE:ANET,1.7175584572014666e-07
2020-11-09,12,AR1 alpha + Basic + One-Step,NYSE:ANET,0.0
2020-11-10,12,AR1 alpha + Basic + One-Step,NYSE:ANET,0.0
2020-11-11,12,AR1 alpha + Basic + One-Step,NYSE:ANET,0.0
2020-11-12,12,AR1 alpha + Basic + One-Step,NYSE:ANET,0.0
2020-11-13,12,AR1 alpha + Basic + One-Step,NYSE:ANET,0.0
2020-11-16,12,AR1 alpha + Basic + One-Step,NYSE:ANET,0.0
2020-11-17,12,AR1 alpha + Basic + One-Step,NYSE:ANET,0.0
2020-11-18,12,AR1 alpha + Basic + One-Step,NYSE:ANET,0.0
2020-11-19,12,AR1 alpha + Basic + One-Step,NYSE:ANET,6.582869429038045e-08
2020-11-20,12,AR1 alpha + Basic + One-Step,NYSE:ANET,0.0
2020-11-23,12,AR1 alpha + Basic + One-Step,NYSE:ANET,0.0
2020-11-24,12,AR1 alpha + Basic + One-Step,NYSE:ANET,0.0
2020-11-25,12,AR1 alpha + Basic + One-Step,NYSE:ANET,1.4453199016308145e-07
2020-11-27,12,AR1 alpha + Basic + One-Step,NYSE:ANET,0.0
2020-11-30,12,AR1 alpha + Basic + One-Step,NYSE:ANET,0.0
2020-12-01,12,AR1 alpha + Basic + One-Step,NYSE:ANET,0.0
2020-12-02,12,AR1 alpha + Basic + One-Step,NYSE:ANET,0.0
2020-12-03,12,AR1 alpha + Basic + One-Step,NYSE:ANET,0.0
2020-12-04,12,AR1 alpha + Basic + One-Step,NYSE:ANET,8.155281610936626e-09
2020-12-07,12,AR1 alpha + Basic + One-Step,NYSE:ANET,0.0
2020-12-08,12,AR1 alpha + Basic + One-Step,NYSE:ANET,2.472168361576721e-07
2020-12-09,12,AR1 alpha + Basic + One-Step,NYSE:ANET,0.0
2020-12-10,12,AR1 alpha + Basic + One-Step,NYSE:ANET,0.0
2020-12-11,12,AR1 alpha + Basic + One-Step,NYSE:ANET,3.148386780546042e-07
2020-12-14,12,AR1 alpha + Basic + One-Step,NYSE:ANET,5.151448651514396e-07
2020-12-15,12,AR1 alpha + Basic + One-Step,NYSE:ANET,0.0
2020-12-16,12,AR1 alpha + Basic + One-Step,NYSE:ANET,4.640444824131255e-09
2020-12-17,12,AR1 alpha + Basic + One-Step,NYSE:ANET,0.0
2020-12-18,12,AR1 alpha + Basic + One-Step,NYSE:ANET,0.0
2020-12-21,12,AR1 alpha + Basic + One-Step,NYSE:ANET,0.0
2020-12-22,12,AR1 alpha + Basic + One-Step,NYSE:ANET,0.0
2020-12-23,12,AR1 alpha + Basic + One-Step,NYSE:ANET,1.2962710126506942e-08
2020-12-24,12,AR1 alpha + Basic + One-Step,NYSE:ANET,0.0
2020-12-28,12,AR1 alpha + Basic + One-Step,NYSE:ANET,0.0
2020-12-29,12,AR1 alpha + Basic + One-Step,NYSE:ANET,0.0
2020-12-30,12,AR1 alpha + Basic + One-Step,NYSE:ANET,0.0
2020-12-31,12,AR1 alpha + Basic + One-Step,NYSE:ANET,0.0
2021-01-04,12,AR1 alpha + Basic + One-Step,NYSE:ANET,0.0
2021-01-05,12,AR1 alpha + Basic + One-Step,NYSE:ANET,1.3743112849944016e-07
2021-01-06,12,AR1 alpha + Basic + One-Step,NYSE:ANET,0.0
2021-01-07,12,AR1 alpha + Basic + One-Step,NYSE:ANET,0.0
2021-01-08,12,AR1 alpha + Basic + One-Step,NYSE:ANET,0.0
2021-01-11,12,AR1 alpha + Basic + One-Step,NYSE:ANET,0.0
2021-01-12,12,AR1 alpha + Basic + One-Step,NYSE:ANET,0.0
2021-01-13,12,AR1 alpha + Basic + One-Step,NYSE:ANET,2.999692549340347e-08
2021-01-14,12,AR1 alpha + Basic + One-Step,NYSE:ANET,0.0
2021-01-15,12,AR1 alpha + Basic + One-Step,NYSE:ANET,0.0
2021-01-19,12,AR1 alpha + Basic + One-Step,NYSE:ANET,0.0
2021-01-20,12,AR1 alpha + Basic + One-Step,NYSE:ANET,0.0
2021-01-21,12,AR1 alpha + Basic + One-Step,NYSE:ANET,0.0
2021-01-22,12,AR1 alpha + Basic + One-Step,NYSE:ANET,0.0
2021-01-25,12,AR1 alpha + Basic + One-Step,NYSE:ANET,0.0
2021-01-26,12,AR1 alpha + Basic + One-Step,NYSE:ANET,0.0
2021-01-27,12,AR1 alpha + Basic + One-Step,NYSE:ANET,0.0
2021-01-28,12,AR1 alpha + Basic + One-Step,NYSE:ANET,0.0
2021-01-29,12,AR1 alpha + Basic + One-Step,NYSE:ANET,2.0479386687256322e-09
2021-02-01,12,AR1 alpha + Basic + One-Step,NYSE:ANET,4.070440162281268e-07
2021-02-02,12,AR1 alpha + Basic + One-Step,NYSE:ANET,0.0
2021-02-03,12,AR1 alpha + Basic + One-Step,NYSE:ANET,0.0
2021-02-04,12,AR1 alpha + Basic + One-Step,NYSE:ANET,0.0
2021-02-05,12,AR1 alpha + Basic + One-Step,NYSE:ANET,0.0
2021-02-08,12,AR1 alpha + Basic + One-Step,NYSE:ANET,0.0
2021-02-09,12,AR1 alpha + Basic + One-Step,NYSE:ANET,0.0
2021-02-10,12,AR1 alpha + Basic + One-Step,NYSE:ANET,0.0
2021-02-11,12,AR1 alpha + Basic + One-Step,NYSE:ANET,0.0
2021-02-12,12,AR1 alpha + Basic + One-Step,NYSE:ANET,0.0
2021-02-16,12,AR1 alpha + Basic + One-Step,NYSE:ANET,0.0
2021-02-17,12,AR1 alpha + Basic + One-Step,NYSE:ANET,0.0
2021-02-18,12,AR1 alpha + Basic + One-Step,NYSE:ANET,0.0
2021-02-19,12,AR1 alpha + Basic + One-Step,NYSE:ANET,0.0
2021-02-22,12,AR1 alpha + Basic + One-Step,NYSE:ANET,1.0424210864735632e-06
2021-02-23,12,AR1 alpha + Basic + One-Step,NYSE:ANET,2.0074430647926256e-07
2021-02-24,12,AR1 alpha + Basic + One-Step,NYSE:ANET,0.0
2021-02-25,12,AR1 alpha + Basic + One-Step,NYSE:ANET,0.0
2021-02-26,12,AR1 alpha + Basic + One-Step,NYSE:ANET,1.4519904487972453e-07
2021-03-01,12,AR1 alpha + Basic + One-Step,NYSE:ANET,2.111019348732961e-09
2021-03-02,12,AR1 alpha + Basic + One-Step,NYSE:ANET,0.0
2021-03-03,12,AR1 alpha + Basic + One-Step,NYSE:ANET,0.0
2021-03-04,12,AR1 alpha + Basic + One-Step,NYSE:ANET,3.099104908786605e-07
2021-03-05,12,AR1 alpha + Basic + One-Step,NYSE:ANET,0.0
2021-03-08,12,AR1 alpha + Basic + One-Step,NYSE:ANET,0.0
2021-03-09,12,AR1 alpha + Basic + One-Step,NYSE:ANET,0.0
2021-03-10,12,AR1 alpha + Basic + One-Step,NYSE:ANET,0.0
2021-03-11,12,AR1 alpha + Basic + One-Step,NYSE:ANET,0.0
2021-03-12,12,AR1 alpha + Basic + One-Step,NYSE:ANET,0.0
2021-03-15,12,AR1 alpha + Basic + One-Step,NYSE:ANET,1.2994917483517138e-09
2021-03-16,12,AR1 alpha + Basic + One-Step,NYSE:ANET,0.0
2021-03-17,12,AR1 alpha + Basic + One-Step,NYSE:ANET,0.0
2021-03-18,12,AR1 alpha + Basic + One-Step,NYSE:ANET,0.0
2021-03-19,12,AR1 alpha + Basic + One-Step,NYSE:ANET,0.0
2021-03-22,12,AR1 alpha + Basic + One-Step,NYSE:ANET,0.0
2021-03-23,12,AR1 alpha + Basic + One-Step,NYSE:ANET,0.0
2021-03-24,12,AR1 alpha + Basic + One-Step,NYSE:ANET,0.0
2021-03-25,12,AR1 alpha + Basic + One-Step,NYSE:ANET,0.0
2021-03-26,12,AR1 alpha + Basic + One-Step,NYSE:ANET,0.0
2021-03-29,12,AR1 alpha + Basic + One-Step,NYSE:ANET,0.0
2021-03-30,12,AR1 alpha + Basic + One-Step,NYSE:ANET,7.275889409115241e-07
2021-03-31,12,AR1 alpha + Basic + One-Step,NYSE:ANET,0.0
2021-04-01,12,AR1 alpha + Basic + One-Step,NYSE:ANET,0.0
2021-04-05,12,AR1 alpha + Basic + One-Step,NYSE:ANET,2.127577908172587e-06
2021-04-06,12,AR1 alpha + Basic + One-Step,NYSE:ANET,1.1936097142405292e-06
2021-04-07,12,AR1 alpha + Basic + One-Step,NYSE:ANET,0.0
2021-04-08,12,AR1 alpha + Basic + One-Step,NYSE:ANET,5.794226545746431e-07
2021-04-09,12,AR1 alpha + Basic + One-Step,NYSE:ANET,0.0
2021-04-12,12,AR1 alpha + Basic + One-Step,NYSE:ANET,6.098166103830569e-09
2021-04-13,12,AR1 alpha + Basic + One-Step,NYSE:ANET,0.0
2021-04-14,12,AR1 alpha + Basic + One-Step,NYSE:ANET,0.0
2021-04-15,12,AR1 alpha + Basic + One-Step,NYSE:ANET,0.0
2021-04-16,12,AR1 alpha + Basic + One-Step,NYSE:ANET,0.0
2021-04-19,12,AR1 alpha + Basic + One-Step,NYSE:ANET,4.327488325183857e-08
2021-04-20,12,AR1 alpha + Basic + One-Step,NYSE:ANET,0.0
2021-04-21,12,AR1 alpha + Basic + One-Step,NYSE:ANET,0.0
2021-04-22,12,AR1 alpha + Basic + One-Step,NYSE:ANET,2.0204867148917459e-07
2021-04-23,12,AR1 alpha + Basic + One-Step,NYSE:ANET,0.0
2021-04-26,12,AR1 alpha + Basic + One-Step,NYSE:ANET,0.0
2021-04-27,12,AR1 alpha + Basic + One-Step,NYSE:ANET,7.438685767550206e-07
2021-04-28,12,AR1 alpha + Basic + One-Step,NYSE:ANET,0.0
2021-04-29,12,AR1 alpha + Basic + One-Step,NYSE:ANET,0.0
2021-04-30,12,AR1 alpha + Basic + One-Step,NYSE:ANET,8.56132752825965e-10
2021-05-03,12,AR1 alpha + Basic + One-Step,NYSE:ANET,0.0
2021-05-04,12,AR1 alpha + Basic + One-Step,NYSE:ANET,4.2524496713295706e-08
2021-05-05,12,AR1 alpha + Basic + One-Step,NYSE:ANET,0.0
2021-05-06,12,AR1 alpha + Basic + One-Step,NYSE:ANET,0.0
2021-05-07,12,AR1 alpha + Basic + One-Step,NYSE:ANET,0.0018920618802652812
2021-05-10,12,AR1 alpha + Basic + One-Step,NYSE:ANET,0.0
2021-05-11,12,AR1 alpha + Basic + One-Step,NYSE:ANET,0.0
2021-05-12,12,AR1 alpha + Basic + One-Step,NYSE:ANET,0.0
2021-05-13,12,AR1 alpha + Basic + One-Step,NYSE:ANET,6.631899425647835e-08
2021-05-14,12,AR1 alpha + Basic + One-Step,NYSE:ANET,3.878991557698207e-08
2021-05-17,12,AR1 alpha + Basic + One-Step,NYSE:ANET,0.0
2021-05-18,12,AR1 alpha + Basic + One-Step,NYSE:ANET,5.165512964301836e-07
2021-05-19,12,AR1 alpha + Basic + One-Step,NYSE:ANET,3.02677596371407e-07
2021-05-20,12,AR1 alpha + Basic + One-Step,NYSE:ANET,1.8124297177112096e-07
2021-05-21,12,AR1 alpha + Basic + One-Step,NYSE:ANET,1.0391336250010213e-06
2021-05-24,12,AR1 alpha + Basic + One-Step,NYSE:ANET,0.0
2021-05-25,12,AR1 alpha + Basic + One-Step,NYSE:ANET,0.0
2021-05-26,12,AR1 alpha + Basic + One-Step,NYSE:ANET,0.0
2021-05-27,12,AR1 alpha + Basic + One-Step,NYSE:ANET,8.927543872431039e-08
2021-05-28,12,AR1 alpha + Basic + One-Step,NYSE:ANET,0.0
2021-06-01,12,AR1 alpha + Basic + One-Step,NYSE:ANET,0.0
2021-06-02,12,AR1 alpha + Basic + One-Step,NYSE:ANET,0.0
2021-06-03,12,AR1 alpha + Basic + One-Step,NYSE:ANET,0.0
2021-06-04,12,AR1 alpha + Basic + One-Step,NYSE:ANET,0.0
2021-06-07,12,AR1 alpha + Basic + One-Step,NYSE:ANET,0.0
2021-06-08,12,AR1 alpha + Basic + One-Step,NYSE:ANET,0.0
2021-06-09,12,AR1 alpha + Basic + One-Step,NYSE:ANET,9.246653516224975e-08
2021-06-10,12,AR1 alpha + Basic + One-Step,NYSE:ANET,0.05432382870297345
2021-06-11,12,AR1 alpha + Basic + One-Step,NYSE:ANET,0.0
2021-06-14,12,AR1 alpha + Basic + One-Step,NYSE:ANET,0.0
2021-06-15,12,AR1 alpha + Basic + One-Step,NYSE:ANET,0.0
2021-06-16,12,AR1 alpha + Basic + One-Step,NYSE:ANET,0.0
2021-06-17,12,AR1 alpha + Basic + One-Step,NYSE:ANET,0.0
2021-06-18,12,AR1 alpha + Basic + One-Step,NYSE:ANET,0.0
2021-06-21,12,AR1 alpha + Basic + One-Step,NYSE:ANET,0.0
2021-06-22,12,AR1 alpha + Basic + One-Step,NYSE:ANET,4.541171061253957e-07
2021-06-23,12,AR1 alpha + Basic + One-Step,NYSE:ANET,6.572794132190063e-07
2021-06-24,12,AR1 alpha + Basic + One-Step,NYSE:ANET,1.1554789112488613e-06
2021-06-25,12,AR1 alpha + Basic + One-Step,NYSE:ANET,0.0
2021-06-28,12,AR1 alpha + Basic + One-Step,NYSE:ANET,0.0
2021-06-29,12,AR1 alpha + Basic + One-Step,NYSE:ANET,0.0
2021-06-30,12,AR1 alpha + Basic + One-Step,NYSE:ANET,0.0
2021-07-01,12,AR1 alpha + Basic + One-Step,NYSE:ANET,0.0
2021-07-02,12,AR1 alpha + Basic + One-Step,NYSE:ANET,0.0
2021-07-06,12,AR1 alpha + Basic + One-Step,NYSE:ANET,0.008647903688155753
2021-07-07,12,AR1 alpha + Basic + One-Step,NYSE:ANET,0.001143979066225087
2021-07-08,12,AR1 alpha + Basic + One-Step,NYSE:ANET,0.0
2021-07-09,12,AR1 alpha + Basic + One-Step,NYSE:ANET,0.0433703067560858
2021-07-12,12,AR1 alpha + Basic + One-Step,NYSE:ANET,0.0
2021-07-13,12,AR1 alpha + Basic + One-Step,NYSE:ANET,6.771428129773319e-08
2021-07-14,12,AR1 alpha + Basic + One-Step,NYSE:ANET,0.0
2021-07-15,12,AR1 alpha + Basic + One-Step,NYSE:ANET,0.0
2021-07-16,12,AR1 alpha + Basic + One-Step,NYSE:ANET,4.482355810090317e-06
2021-07-19,12,AR1 alpha + Basic + One-Step,NYSE:ANET,0.0
2021-07-20,12,AR1 alpha + Basic + One-Step,NYSE:ANET,0.0
2021-07-21,12,AR1 alpha + Basic + One-Step,NYSE:ANET,0.0
2021-07-22,12,AR1 alpha + Basic + One-Step,NYSE:ANET,0.0
2021-07-23,12,AR1 alpha + Basic + One-Step,NYSE:ANET,0.0
2021-07-26,12,AR1 alpha + Basic + One-Step,NYSE:ANET,0.0
2021-07-27,12,AR1 alpha + Basic + One-Step,NYSE:ANET,1.0284571473323525e-06
2021-07-28,12,AR1 alpha + Basic + One-Step,NYSE:ANET,0.0
2021-07-29,12,AR1 alpha + Basic + One-Step,NYSE:ANET,0.0
2021-07-30,12,AR1 alpha + Basic + One-Step,NYSE:ANET,0.0
2021-08-02,12,AR1 alpha + Basic + One-Step,NYSE:ANET,0.0
2021-08-03,12,AR1 alpha + Basic + One-Step,NYSE:ANET,0.0
2021-08-04,12,AR1 alpha + Basic + One-Step,NYSE:ANET,4.840627326041919e-08
2021-08-05,12,AR1 alpha + Basic + One-Step,NYSE:ANET,0.0
2021-08-06,12,AR1 alpha + Basic + One-Step,NYSE:ANET,0.0
2021-08-09,12,AR1 alpha + Basic + One-Step,NYSE:ANET,7.016561583182548e-07
2021-08-10,12,AR1 alpha + Basic + One-Step,NYSE:ANET,4.386870667007961e-07
2021-08-11,12,AR1 alpha + Basic + One-Step,NYSE:ANET,3.3743605797224816e-07
2021-08-12,12,AR1 alpha + Basic + One-Step,NYSE:ANET,0.0
2021-08-13,12,AR1 alpha + Basic + One-Step,NYSE:ANET,0.0
2021-08-16,12,AR1 alpha + Basic + One-Step,NYSE:ANET,0.0
2021-08-17,12,AR1 alpha + Basic + One-Step,NYSE:ANET,1.1845708848836626e-08
2021-08-18,12,AR1 alpha + Basic + One-Step,NYSE:ANET,0.0
2021-08-19,12,AR1 alpha + Basic + One-Step,NYSE:ANET,0.0
2021-08-20,12,AR1 alpha + Basic + One-Step,NYSE:ANET,1.4074860328628359e-09
2021-08-23,12,AR1 alpha + Basic + One-Step,NYSE:ANET,0.031016131923575337
2021-08-24,12,AR1 alpha + Basic + One-Step,NYSE:ANET,0.08604503259865132
2021-08-25,12,AR1 alpha + Basic + One-Step,NYSE:ANET,0.043132638792675544
2021-08-26,12,AR1 alpha + Basic + One-Step,NYSE:ANET,1.816166982346084e-08
2021-08-27,12,AR1 alpha + Basic + One-Step,NYSE:ANET,0.006115785152266051
2021-08-30,12,AR1 alpha + Basic + One-Step,NYSE:ANET,3.8177733430977686e-08
2021-08-31,12,AR1 alpha + Basic + One-Step,NYSE:ANET,0.0
2021-09-01,12,AR1 alpha + Basic + One-Step,NYSE:ANET,0.0
2021-09-02,12,AR1 alpha + Basic + One-Step,NYSE:ANET,0.0
2021-09-03,12,AR1 alpha + Basic + One-Step,NYSE:ANET,0.0
2021-09-07,12,AR1 alpha + Basic + One-Step,NYSE:ANET,0.0
2021-09-08,12,AR1 alpha + Basic + One-Step,NYSE:ANET,0.0
2021-09-09,12,AR1 alpha + Basic + One-Step,NYSE:ANET,2.063720189682694e-07
2021-09-10,12,AR1 alpha + Basic + One-Step,NYSE:ANET,0.0
2021-09-13,12,AR1 alpha + Basic + One-Step,NYSE:ANET,0.0
2021-09-14,12,AR1 alpha + Basic + One-Step,NYSE:ANET,6.162172880324343e-07
2021-09-15,12,AR1 alpha + Basic + One-Step,NYSE:ANET,0.0
2021-09-16,12,AR1 alpha + Basic + One-Step,NYSE:ANET,0.0
2021-09-17,12,AR1 alpha + Basic + One-Step,NYSE:ANET,0.0
2021-09-20,12,AR1 alpha + Basic + One-Step,NYSE:ANET,0.0
2021-09-21,12,AR1 alpha + Basic + One-Step,NYSE:ANET,1.0853039078046811e-07
2021-09-22,12,AR1 alpha + Basic + One-Step,NYSE:ANET,0.0
2021-09-23,12,AR1 alpha + Basic + One-Step,NYSE:ANET,0.0
2021-09-24,12,AR1 alpha + Basic + One-Step,NYSE:ANET,0.0
2021-09-27,12,AR1 alpha + Basic + One-Step,NYSE:ANET,0.0
2021-09-28,12,AR1 alpha + Basic + One-Step,NYSE:ANET,0.0
2021-09-29,12,AR1 alpha + Basic + One-Step,NYSE:ANET,7.305132758779398e-10
2021-09-30,12,AR1 alpha + Basic + One-Step,NYSE:ANET,0.0
2021-10-01,12,AR1 alpha + Basic + One-Step,NYSE:ANET,0.0
2021-10-04,12,AR1 alpha + Basic + One-Step,NYSE:ANET,0.0
2021-10-05,12,AR1 alpha + Basic + One-Step,NYSE:ANET,0.0
2021-10-06,12,AR1 alpha + Basic + One-Step,NYSE:ANET,0.0
2021-10-07,12,AR1 alpha + Basic + One-Step,NYSE:ANET,0.03360186975963037
2021-10-08,12,AR1 alpha + Basic + One-Step,NYSE:ANET,0.09495658815236031
2021-10-11,12,AR1 alpha + Basic + One-Step,NYSE:ANET,0.09999383276139984
2021-10-12,12,AR1 alpha + Basic + One-Step,NYSE:ANET,0.056385307099387404
2021-10-13,12,AR1 alpha + Basic + One-Step,NYSE:ANET,0.09999894544496359
2021-10-14,12,AR1 alpha + Basic + One-Step,NYSE:ANET,0.09999712415611937
2021-10-15,12,AR1 alpha + Basic + One-Step,NYSE:ANET,0.09999063958948072
2021-10-18,12,AR1 alpha + Basic + One-Step,NYSE:ANET,0.07058445857871212
2021-10-19,12,AR1 alpha + Basic + One-Step,NYSE:ANET,0.09999911066042858
2021-10-20,12,AR1 alpha + Basic + One-Step,NYSE:ANET,0.09999588427421188
2021-10-21,12,AR1 alpha + Basic + One-Step,NYSE:ANET,0.09998797990368251
2021-10-22,12,AR1 alpha + Basic + One-Step,NYSE:ANET,0.09998676771101855
2021-10-25,12,AR1 alpha + Basic + One-Step,NYSE:ANET,0.08499940519502787
2021-10-26,12,AR1 alpha + Basic + One-Step,NYSE:ANET,0.09999044543738198
2021-10-27,12,AR1 alpha + Basic + One-Step,NYSE:ANET,0.09998885506412562
2021-10-28,12,AR1 alpha + Basic + One-Step,NYSE:ANET,0.09999113488983176
2021-10-29,12,AR1 alpha + Basic + One-Step,NYSE:ANET,0.09998985123094911
2021-11-01,12,AR1 alpha + Basic + One-Step,NYSE:ANET,0.0999934689699316
2021-11-02,12,AR1 alpha + Basic + One-Step,NYSE:ANET,0.0
2021-11-03,12,AR1 alpha + Basic + One-Step,NYSE:ANET,0.07742781312099065
2021-11-04,12,AR1 alpha + Basic + One-Step,NYSE:ANET,0.09998964209279765
2021-11-05,12,AR1 alpha + Basic + One-Step,NYSE:ANET,0.09999313758753801
2021-11-08,12,AR1 alpha + Basic + One-Step,NYSE:ANET,0.0999906220014845
2021-11-09,12,AR1 alpha + Basic + One-Step,NYSE:ANET,0.09999414734627182
2021-11-10,12,AR1 alpha + Basic + One-Step,NYSE:ANET,0.0999962524125613
2021-11-11,12,AR1 alpha + Basic + One-Step,NYSE:ANET,0.09999620449158678
2021-11-12,12,AR1 alpha + Basic + One-Step,NYSE:ANET,0.09999522016656685
2021-11-15,12,AR1 alpha + Basic + One-Step,NYSE:ANET,0.09999359742216435
2021-11-16,12,AR1 alpha + Basic + One-Step,NYSE:ANET,0.09998914325645171
2021-11-17,12,AR1 alpha + Basic + One-Step,NYSE:ANET,0.0999883200953917
2021-11-18,12,AR1 alpha + Basic + One-Step,NYSE:ANET,0.0999849940168101
2021-11-19,12,AR1 alpha + Basic + One-Step,NYSE:ANET,0.0999831337669064
2021-11-22,12,AR1 alpha + Basic + One-Step,NYSE:ANET,0.0999816620391024
2021-11-23,12,AR1 alpha + Basic + One-Step,NYSE:ANET,0.09997996191934919
2021-11-24,12,AR1 alpha + Basic + One-Step,NYSE:ANET,0.0999761575707731
2021-11-26,12,AR1 alpha + Basic + One-Step,NYSE:ANET,0.07412718216498014
2021-11-29,12,AR1 alpha + Basic + One-Step,NYSE:ANET,0.09999905557045444
2021-11-30,12,AR1 alpha + Basic + One-Step,NYSE:ANET,0.039604187186705
2021-12-01,12,AR1 alpha + Basic + One-Step,NYSE:ANET,0.016043102258816132
2021-12-02,12,AR1 alpha + Basic + One-Step,NYSE:ANET,0.09999568878818829
2021-12-03,12,AR1 alpha + Basic + One-Step,NYSE:ANET,0.059623229103432054
2021-12-06,12,AR1 alpha + Basic + One-Step,NYSE:ANET,0.09999266152297175
2021-12-07,12,AR1 alpha + Basic + One-Step,NYSE:ANET,0.09998413322432825
2021-12-08,12,AR1 alpha + Basic + One-Step,NYSE:ANET,0.09998713321137921
2021-12-09,12,AR1 alpha + Basic + One-Step,NYSE:ANET,0.0999833656314806
2021-12-10,12,AR1 alpha + Basic + One-Step,NYSE:ANET,0.09998986610791949
2021-12-13,12,AR1 alpha + Basic + One-Step,NYSE:ANET,0.09998597106785449
2021-12-14,12,AR1 alpha + Basic + One-Step,NYSE:ANET,0.09999102856124133
2021-12-15,12,AR1 alpha + Basic + One-Step,NYSE:ANET,0.09998859882690966
2021-12-16,12,AR1 alpha + Basic + One-Step,NYSE:ANET,0.09998765363436117
2021-12-17,12,AR1 alpha + Basic + One-Step,NYSE:ANET,0.09998206866056283
2021-12-20,12,AR1 alpha + Basic + One-Step,NYSE:ANET,0.09997845972995044
2021-12-21,12,AR1 alpha + Basic + One-Step,NYSE:ANET,0.09997335060237938
2021-12-22,12,AR1 alpha + Basic + One-Step,NYSE:ANET,0.10000067328902325
2021-12-23,12,AR1 alpha + Basic + One-Step,NYSE:ANET,0.09999469474036918
2021-12-27,12,AR1 alpha + Basic + One-Step,NYSE:ANET,0.09998879510629194
2021-12-28,12,AR1 alpha + Basic + One-Step,NYSE:ANET,0.09997961754149648
2021-12-29,12,AR1 alpha + Basic + One-Step,NYSE:ANET,0.09999849606301181
2021-12-30,12,AR1 alpha + Basic + One-Step,NYSE:ANET,0.09999989873492701
2021-12-31,12,AR1 alpha + Basic + One-Step,NYSE:ANET,0.09999974718399346
2022-01-03,12,AR1 alpha + Basic + One-Step,NYSE:ANET,0.09999986346573328
2022-01-04,12,AR1 alpha + Basic + One-Step,NYSE:ANET,0.10000000000000002
2022-01-05,12,AR1 alpha + Basic + One-Step,NYSE:ANET,0.09999999999999996
2022-01-06,12,AR1 alpha + Basic + One-Step,NYSE:ANET,0.09999542405862759
2022-01-07,12,AR1 alpha + Basic + One-Step,NYSE:ANET,0.09999726543134901
2022-01-10,12,AR1 alpha + Basic + One-Step,NYSE:ANET,0.09999258537317823
2022-01-11,12,AR1 alpha + Basic + One-Step,NYSE:ANET,0.09998570358294166
2022-01-12,12,AR1 alpha + Basic + One-Step,NYSE:ANET,0.09998436913203465
2022-01-13,12,AR1 alpha + Basic + One-Step,NYSE:ANET,0.10000401090930361
2022-01-14,12,AR1 alpha + Basic + One-Step,NYSE:ANET,0.09999358290505626
2022-01-18,12,AR1 alpha + Basic + One-Step,NYSE:ANET,0.09999043686332719
2022-01-19,12,AR1 alpha + Basic + One-Step,NYSE:ANET,0.08228884274532329
2022-01-20,12,AR1 alpha + Basic + One-Step,NYSE:ANET,0.03456135899607307
2022-01-21,12,AR1 alpha + Basic + One-Step,NYSE:ANET,1.8002166044532656e-06
2022-01-24,12,AR1 alpha + Basic + One-Step,NYSE:ANET,0.03467642310053736
2022-01-25,12,AR1 alpha + Basic + One-Step,NYSE:ANET,0.00853088589200262
2022-01-26,12,AR1 alpha + Basic + One-Step,NYSE:ANET,0.05168846186980138
2022-01-27,12,AR1 alpha + Basic + One-Step,NYSE:ANET,0.0
2022-01-28,12,AR1 alpha + Basic + One-Step,NYSE:ANET,0.05867572958221707
2022-01-31,12,AR1 alpha + Basic + One-Step,NYSE:ANET,0.09999498310616634
2022-02-01,12,AR1 alpha + Basic + One-Step,NYSE:ANET,0.09999215121124459
2022-02-02,12,AR1 alpha + Basic + One-Step,NYSE:ANET,0.09998822042138227
2022-02-03,12,AR1 alpha + Basic + One-Step,NYSE:ANET,0.09998781293021787
2022-02-04,12,AR1 alpha + Basic + One-Step,NYSE:ANET,0.09999337581704301
2022-02-07,12,AR1 alpha + Basic + One-Step,NYSE:ANET,0.09999640535694544
2022-02-08,12,AR1 alpha + Basic + One-Step,NYSE:ANET,0.09999665584110443
2022-02-09,12,AR1 alpha + Basic + One-Step,NYSE:ANET,0.09999790316993758
2022-02-10,12,AR1 alpha + Basic + One-Step,NYSE:ANET,0.0999987469474206
2022-02-11,12,AR1 alpha + Basic + One-Step,NYSE:ANET,0.08937422560044586
2022-02-14,12,AR1 alpha + Basic + One-Step,NYSE:ANET,0.0999987885894574
2022-02-15,12,AR1 alpha + Basic + One-Step,NYSE:ANET,0.09999716839876283
2022-02-16,12,AR1 alpha + Basic + One-Step,NYSE:ANET,0.09999569714081802
2022-02-17,12,AR1 alpha + Basic + One-Step,NYSE:ANET,0.0999961080993234
2022-02-18,12,AR1 alpha + Basic + One-Step,NYSE:ANET,0.09999830954752091
2022-02-22,12,AR1 alpha + Basic + One-Step,NYSE:ANET,0.09999910044394211
2022-02-23,12,AR1 alpha + Basic + One-Step,NYSE:ANET,0.09897772952550414
2022-02-24,12,AR1 alpha + Basic + One-Step,NYSE:ANET,0.10000000000000002
2022-02-25,12,AR1 alpha + Basic + One-Step,NYSE:ANET,0.09999946006690508
2022-02-28,12,AR1 alpha + Basic + One-Step,NYSE:ANET,0.09999251303635887
2022-03-01,12,AR1 alpha + Basic + One-Step,NYSE:ANET,0.09999664470029883
2022-03-02,12,AR1 alpha + Basic + One-Step,NYSE:ANET,0.09999817286725161
2022-03-03,12,AR1 alpha + Basic + One-Step,NYSE:ANET,0.09999799756938779
2022-03-04,12,AR1 alpha + Basic + One-Step,NYSE:ANET,0.09999690850905364
2022-03-07,12,AR1 alpha + Basic + One-Step,NYSE:ANET,0.09999855979837093
2022-03-08,12,AR1 alpha + Basic + One-Step,NYSE:ANET,0.10000018889230544
2022-03-09,12,AR1 alpha + Basic + One-Step,NYSE:ANET,0.0999990653540725
2022-03-10,12,AR1 alpha + Basic + One-Step,NYSE:ANET,0.09999944467418874
2022-03-11,12,AR1 alpha + Basic + One-Step,NYSE:ANET,0.0999995028187678
2022-03-14,12,AR1 alpha + Basic + One-Step,NYSE:ANET,0.09999931084212209
2022-03-15,12,AR1 alpha + Basic + One-Step,NYSE:ANET,0.09999963500405717
2022-03-16,12,AR1 alpha + Basic + One-Step,NYSE:ANET,0.09999999999999999
2022-03-17,12,AR1 alpha + Basic + One-Step,NYSE:ANET,0.09999359758481023
2022-03-18,12,AR1 alpha + Basic + One-Step,NYSE:ANET,0.0999908992073949
2022-03-21,12,AR1 alpha + Basic + One-Step,NYSE:ANET,0.0999939799348206
2022-03-22,12,AR1 alpha + Basic + One-Step,NYSE:ANET,0.09999329459430459
2022-03-23,12,AR1 alpha + Basic + One-Step,NYSE:ANET,0.09999651616290402
2022-03-24,12,AR1 alpha + Basic + One-Step,NYSE:ANET,0.09999858120101712
2022-03-25,12,AR1 alpha + Basic + One-Step,NYSE:ANET,0.09999803258554905
2022-03-28,12,AR1 alpha + Basic + One-Step,NYSE:ANET,0.09999734186283814
2022-03-29,12,AR1 alpha + Basic + One-Step,NYSE:ANET,0.09999223533613748
2022-03-30,12,AR1 alpha + Basic + One-Step,NYSE:ANET,0.0999930044829021
2022-03-31,12,AR1 alpha + Basic + One-Step,NYSE:ANET,0.09998973705134578
2022-04-01,12,AR1 alpha + Basic + One-Step,NYSE:ANET,0.0999921037379342
2022-04-04,12,AR1 alpha + Basic + One-Step,NYSE:ANET,0.09999494334471122
2022-04-05,12,AR1 alpha + Basic + One-Step,NYSE:ANET,0.09999500470175732
2022-04-06,12,AR1 alpha + Basic + One-Step,NYSE:ANET,0.0999907996993696
2022-04-07,12,AR1 alpha + Basic + One-Step,NYSE:ANET,0.0999944070701572
2022-04-08,12,AR1 alpha + Basic + One-Step,NYSE:ANET,0.09999577450503086
2022-04-11,12,AR1 alpha + Basic + One-Step,NYSE:ANET,0.09999399264994908
2022-04-12,12,AR1 alpha + Basic + One-Step,NYSE:ANET,0.09999638674635705
2022-04-13,12,AR1 alpha + Basic + One-Step,NYSE:ANET,0.09999842840261904
2022-04-14,12,AR1 alpha + Basic + One-Step,NYSE:ANET,0.09999917485257591
2022-04-18,12,AR1 alpha + Basic + One-Step,NYSE:ANET,0.09999941203333301
2022-04-19,12,AR1 alpha + Basic + One-Step,NYSE:ANET,0.09999802093553081
2022-04-20,12,AR1 alpha + Basic + One-Step,NYSE:ANET,0.09999926034975602
2022-04-21,12,AR1 alpha + Basic + One-Step,NYSE:ANET,0.09999596929342582
2022-04-22,12,AR1 alpha + Basic + One-Step,NYSE:ANET,0.0999964862612835
2022-04-25,12,AR1 alpha + Basic + One-Step,NYSE:ANET,0.09999587286974954
2022-04-26,12,AR1 alpha + Basic + One-Step,NYSE:ANET,0.07214893918530303
2022-04-27,12,AR1 alpha + Basic + One-Step,NYSE:ANET,0.09999888549096088
2022-04-28,12,AR1 alpha + Basic + One-Step,NYSE:ANET,0.09999908699830137
2022-04-29,12,AR1 alpha + Basic + One-Step,NYSE:ANET,0.09999768194483515
2022-05-02,12,AR1 alpha + Basic + One-Step,NYSE:ANET,0.09999396066847803
2022-05-03,12,AR1 alpha + Basic + One-Step,NYSE:ANET,0.09999366899951781
2022-05-04,12,AR1 alpha + Basic + One-Step,NYSE:ANET,0.09999779768173966
2022-05-05,12,AR1 alpha + Basic + One-Step,NYSE:ANET,0.09999647709692093
2022-05-06,12,AR1 alpha + Basic + One-Step,NYSE:ANET,0.09999787740726909
2022-05-09,12,AR1 alpha + Basic + One-Step,NYSE:ANET,0.09999808317039269
2022-05-10,12,AR1 alpha + Basic + One-Step,NYSE:ANET,0.04407075008506327
2022-05-11,12,AR1 alpha + Basic + One-Step,NYSE:ANET,0.056609039926120486
2022-05-12,12,AR1 alpha + Basic + One-Step,NYSE:ANET,0.06608351445301511
2022-05-13,12,AR1 alpha + Basic + One-Step,NYSE:ANET,0.0
2022-05-16,12,AR1 alpha + Basic + One-Step,NYSE:ANET,0.056597083841616665
2022-05-17,12,AR1 alpha + Basic + One-Step,NYSE:ANET,0.03302324332115008
2022-05-18,12,AR1 alpha + Basic + One-Step,NYSE:ANET,0.0908444203379587
2022-05-19,12,AR1 alpha + Basic + One-Step,NYSE:ANET,0.0999972312205258
2022-05-20,12,AR1 alpha + Basic + One-Step,NYSE:ANET,0.09999560424107815
2022-05-23,12,AR1 alpha + Basic + One-Step,NYSE:ANET,0.09999776171305716
2022-05-24,12,AR1 alpha + Basic + One-Step,NYSE:ANET,0.09999625145433387
2022-05-25,12,AR1 alpha + Basic + One-Step,NYSE:ANET,0.09721345096953912
2022-05-26,12,AR1 alpha + Basic + One-Step,NYSE:ANET,0.05013889224837679
2022-05-27,12,AR1 alpha + Basic + One-Step,NYSE:ANET,1.2890010299613885e-08
2022-05-31,12,AR1 alpha + Basic + One-Step,NYSE:ANET,0.0651537320630136
2022-06-01,12,AR1 alpha + Basic + One-Step,NYSE:ANET,0.09999988512262468
2022-06-02,12,AR1 alpha + Basic + One-Step,NYSE:ANET,0.010497722297058571
2022-06-03,12,AR1 alpha + Basic + One-Step,NYSE:ANET,0.029189506470536208
2022-06-06,12,AR1 alpha + Basic + One-Step,NYSE:ANET,0.02209863557229304
2022-06-07,12,AR1 alpha + Basic + One-Step,NYSE:ANET,0.0
2022-06-08,12,AR1 alpha + Basic + One-Step,NYSE:ANET,0.010078099014568506
2022-06-09,12,AR1 alpha + Basic + One-Step,NYSE:ANET,0.09602710348372878
2022-06-10,12,AR1 alpha + Basic + One-Step,NYSE:ANET,0.09793149309912112
2022-06-13,12,AR1 alpha + Basic + One-Step,NYSE:ANET,0.06396840794604147
2022-06-14,12,AR1 alpha + Basic + One-Step,NYSE:ANET,0.08282607659176414
2022-06-15,12,AR1 alpha + Basic + One-Step,NYSE:ANET,0.0
2022-06-16,12,AR1 alpha + Basic + One-Step,NYSE:ANET,0.0007185755153366604
2022-06-17,12,AR1 alpha + Basic + One-Step,NYSE:ANET,0.0
2022-06-21,12,AR1 alpha + Basic + One-Step,NYSE:ANET,8.807127013857453e-07
2022-06-22,12,AR1 alpha + Basic + One-Step,NYSE:ANET,3.115923820561786e-07
2022-06-23,12,AR1 alpha + Basic + One-Step,NYSE:ANET,0.0
2022-06-24,12,AR1 alpha + Basic + One-Step,NYSE:ANET,0.0
2022-06-27,12,AR1 alpha + Basic + One-Step,NYSE:ANET,0.0
2022-06-28,12,AR1 alpha + Basic + One-Step,NYSE:ANET,0.0
2022-06-29,12,AR1 alpha + Basic + One-Step,NYSE:ANET,0.0
2022-06-30,12,AR1 alpha + Basic + One-Step,NYSE:ANET,0.0
2022-07-01,12,AR1 alpha + Basic + One-Step,NYSE:ANET,0.0
2022-07-05,12,AR1 alpha + Basic + One-Step,NYSE:ANET,0.0
2022-07-06,12,AR1 alpha + Basic + One-Step,NYSE:ANET,0.0
2022-07-07,12,AR1 alpha + Basic + One-Step,NYSE:ANET,0.0
2022-07-08,12,AR1 alpha + Basic + One-Step,NYSE:ANET,0.0
2022-07-11,12,AR1 alpha + Basic + One-Step,NYSE:ANET,0.0
2022-07-12,12,AR1 alpha + Basic + One-Step,NYSE:ANET,2.47242028170279e-07
2022-07-13,12,AR1 alpha + Basic + One-Step,NYSE:ANET,3.8574020674147995e-07
2022-07-14,12,AR1 alpha + Basic + One-Step,NYSE:ANET,0.0
2022-07-15,12,AR1 alpha + Basic + One-Step,NYSE:ANET,0.0
2022-07-18,12,AR1 alpha + Basic + One-Step,NYSE:ANET,0.0
2022-07-19,12,AR1 alpha + Basic + One-Step,NYSE:ANET,0.0
2022-07-20,12,AR1 alpha + Basic + One-Step,NYSE:ANET,0.0
2022-07-21,12,AR1 alpha + Basic + One-Step,NYSE:ANET,3.207417455392036e-08
2022-07-22,12,AR1 alpha + Basic + One-Step,NYSE:ANET,0.0
2022-07-25,12,AR1 alpha + Basic + One-Step,NYSE:ANET,0.0
2022-07-26,12,AR1 alpha + Basic + One-Step,NYSE:ANET,0.0
2022-07-27,12,AR1 alpha + Basic + One-Step,NYSE:ANET,0.0
2022-07-28,12,AR1 alpha + Basic + One-Step,NYSE:ANET,0.0
2022-07-29,12,AR1 alpha + Basic + One-Step,NYSE:ANET,0.0
2022-08-01,12,AR1 alpha + Basic + One-Step,NYSE:ANET,0.0
2022-08-02,12,AR1 alpha + Basic + One-Step,NYSE:ANET,0.0
2022-08-03,12,AR1 alpha + Basic + One-Step,NYSE:ANET,0.0
2022-08-04,12,AR1 alpha + Basic + One-Step,NYSE:ANET,0.0
2022-08-05,12,AR1 alpha + Basic + One-Step,NYSE:ANET,0.0
2022-08-08,12,AR1 alpha + Basic + One-Step,NYSE:ANET,0.0
2022-08-09,12,AR1 alpha + Basic + One-Step,NYSE:ANET,0.0
2022-08-10,12,AR1 alpha + Basic + One-Step,NYSE:ANET,0.0
2022-08-11,12,AR1 alpha + Basic + One-Step,NYSE:ANET,0.0
2022-08-12,12,AR1 alpha + Basic + One-Step,NYSE:ANET,0.0
2022-08-15,12,AR1 alpha + Basic + One-Step,NYSE:ANET,0.0
2022-08-16,12,AR1 alpha + Basic + One-Step,NYSE:ANET,0.0
2022-08-17,12,AR1 alpha + Basic + One-Step,NYSE:ANET,0.0
2022-08-18,12,AR1 alpha + Basic + One-Step,NYSE:ANET,0.0
2022-08-19,12,AR1 alpha + Basic + One-Step,NYSE:ANET,0.017130506593640144
2022-08-22,12,AR1 alpha + Basic + One-Step,NYSE:ANET,0.052558447640634706
2022-08-23,12,AR1 alpha + Basic + One-Step,NYSE:ANET,0.0535674731362684
2022-08-24,12,AR1 alpha + Basic + One-Step,NYSE:ANET,0.05356779961631525
2022-08-25,12,AR1 alpha + Basic + One-Step,NYSE:ANET,0.030403815013591802
2022-08-26,12,AR1 alpha + Basic + One-Step,NYSE:ANET,0.07766987942290317
2022-08-29,12,AR1 alpha + Basic + One-Step,NYSE:ANET,0.07065527661552665
2022-08-30,12,AR1 alpha + Basic + One-Step,NYSE:ANET,0.08084602063682726
2022-08-31,12,AR1 alpha + Basic + One-Step,NYSE:ANET,0.09146194821966241
2022-09-01,12,AR1 alpha + Basic + One-Step,NYSE:ANET,0.08095851581724056
2022-09-02,12,AR1 alpha + Basic + One-Step,NYSE:ANET,0.09993978738476605
2022-09-06,12,AR1 alpha + Basic + One-Step,NYSE:ANET,0.09999912834123191
2022-09-07,12,AR1 alpha + Basic + One-Step,NYSE:ANET,0.08616174193027036
2022-09-08,12,AR1 alpha + Basic + One-Step,NYSE:ANET,0.10000050443376174
2022-09-09,12,AR1 alpha + Basic + One-Step,NYSE:ANET,0.09797558376088168
2022-09-12,12,AR1 alpha + Basic + One-Step,NYSE:ANET,0.08163840193409404
2022-09-13,12,AR1 alpha + Basic + One-Step,NYSE:ANET,0.09999885556034445
2022-09-14,12,AR1 alpha + Basic + One-Step,NYSE:ANET,0.09999976620233396
2022-09-15,12,AR1 alpha + Basic + One-Step,NYSE:ANET,0.09999975197586808
2022-09-16,12,AR1 alpha + Basic + One-Step,NYSE:ANET,0.09999997122199866
2022-09-19,12,AR1 alpha + Basic + One-Step,NYSE:ANET,0.09999674458665773
2022-09-20,12,AR1 alpha + Basic + One-Step,NYSE:ANET,0.09999875657691092
2022-09-21,12,AR1 alpha + Basic + One-Step,NYSE:ANET,0.09999860786934542
2022-09-22,12,AR1 alpha + Basic + One-Step,NYSE:ANET,0.09999943299085726
2022-09-23,12,AR1 alpha + Basic + One-Step,NYSE:ANET,0.09999812565884458
2022-09-26,12,AR1 alpha + Basic + One-Step,NYSE:ANET,0.09999934273810564
2022-09-27,12,AR1 alpha + Basic + One-Step,NYSE:ANET,0.09999959164962985
2022-09-28,12,AR1 alpha + Basic + One-Step,NYSE:ANET,0.09999899896410418
2022-09-29,12,AR1 alpha + Basic + One-Step,NYSE:ANET,0.09999947033899405
2022-09-30,12,AR1 alpha + Basic + One-Step,NYSE:ANET,0.09999891544714169
2022-10-03,12,AR1 alpha + Basic + One-Step,NYSE:ANET,0.09999511907479343
2022-10-04,12,AR1 alpha + Basic + One-Step,NYSE:ANET,0.061388860140823356
2022-10-05,12,AR1 alpha + Basic + One-Step,NYSE:ANET,0.09170246309036299
2022-10-06,12,AR1 alpha + Basic + One-Step,NYSE:ANET,0.09169804261344919
2022-10-07,12,AR1 alpha + Basic + One-Step,NYSE:ANET,0.09999986613795178
2022-10-10,12,AR1 alpha + Basic + One-Step,NYSE:ANET,0.09355829130804033
2022-10-11,12,AR1 alpha + Basic + One-Step,NYSE:ANET,0.09721259325137457
2022-10-12,12,AR1 alpha + Basic + One-Step,NYSE:ANET,0.08242007916450945
2022-10-13,12,AR1 alpha + Basic + One-Step,NYSE:ANET,0.037175124510102193
2022-10-14,12,AR1 alpha + Basic + One-Step,NYSE:ANET,0.061758390036189964
2022-10-17,12,AR1 alpha + Basic + One-Step,NYSE:ANET,0.03671950077386665
2022-10-18,12,AR1 alpha + Basic + One-Step,NYSE:ANET,0.00020828212495945113
2022-10-19,12,AR1 alpha + Basic + One-Step,NYSE:ANET,0.0093954360427919
2022-10-20,12,AR1 alpha + Basic + One-Step,NYSE:ANET,0.024389879556594763
2022-10-21,12,AR1 alpha + Basic + One-Step,NYSE:ANET,0.01200772288225423
2022-10-24,12,AR1 alpha + Basic + One-Step,NYSE:ANET,0.01683765100675381
2022-10-25,12,AR1 alpha + Basic + One-Step,NYSE:ANET,0.006815219069809321
2022-10-26,12,AR1 alpha + Basic + One-Step,NYSE:ANET,0.0
2022-10-27,12,AR1 alpha + Basic + One-Step,NYSE:ANET,0.0
2022-10-28,12,AR1 alpha + Basic + One-Step,NYSE:ANET,0.0
2022-10-31,12,AR1 alpha + Basic + One-Step,NYSE:ANET,0.0
2022-11-01,12,AR1 alpha + Basic + One-Step,NYSE:ANET,0.0
2022-11-02,12,AR1 alpha + Basic + One-Step,NYSE:ANET,0.0037342933287317194
2022-11-03,12,AR1 alpha + Basic + One-Step,NYSE:ANET,0.0010718394194795982
2022-11-04,12,AR1 alpha + Basic + One-Step,NYSE:ANET,2.15282485398801e-07
2022-11-07,12,AR1 alpha + Basic + One-Step,NYSE:ANET,0.0
2022-11-08,12,AR1 alpha + Basic + One-Step,NYSE:ANET,0.0
2022-11-09,12,AR1 alpha + Basic + One-Step,NYSE:ANET,0.0
2022-11-10,12,AR1 alpha + Basic + One-Step,NYSE:ANET,0.0
2022-11-11,12,AR1 alpha + Basic + One-Step,NYSE:ANET,1.84423824925905e-07
2022-11-14,12,AR1 alpha + Basic + One-Step,NYSE:ANET,0.0
2022-11-15,12,AR1 alpha + Basic + One-Step,NYSE:ANET,0.0
2022-11-16,12,AR1 alpha + Basic + One-Step,NYSE:ANET,0.0
2022-11-17,12,AR1 alpha + Basic + One-Step,NYSE:ANET,0.0
2022-11-18,12,AR1 alpha + Basic + One-Step,NYSE:ANET,2.96475730998262e-07
2022-11-21,12,AR1 alpha + Basic + One-Step,NYSE:ANET,4.584969773398341e-07
2022-11-22,12,AR1 alpha + Basic + One-Step,NYSE:ANET,2.1797823323327914e-07
2022-11-23,12,AR1 alpha + Basic + One-Step,NYSE:ANET,0.0
2022-11-25,12,AR1 alpha + Basic + One-Step,NYSE:ANET,0.0
2022-11-28,12,AR1 alpha + Basic + One-Step,NYSE:ANET,0.0
2022-11-29,12,AR1 alpha + Basic + One-Step,NYSE:ANET,0.0
2022-11-30,12,AR1 alpha + Basic + One-Step,NYSE:ANET,0.0
2022-12-01,12,AR1 alpha + Basic + One-Step,NYSE:ANET,0.0
2022-12-02,12,AR1 alpha + Basic + One-Step,NYSE:ANET,0.0
2022-12-05,12,AR1 alpha + Basic + One-Step,NYSE:ANET,0.0
2022-12-06,12,AR1 alpha + Basic + One-Step,NYSE:ANET,0.0057296767522663555
2022-12-07,12,AR1 alpha + Basic + One-Step,NYSE:ANET,0.01851612134375522
2022-12-08,12,AR1 alpha + Basic + One-Step,NYSE:ANET,0.0
2022-12-09,12,AR1 alpha + Basic + One-Step,NYSE:ANET,0.0
2022-12-12,12,AR1 alpha + Basic + One-Step,NYSE:ANET,1.5407803718821555e-08
2022-12-13,12,AR1 alpha + Basic + One-Step,NYSE:ANET,3.030979408077465e-07
2022-12-14,12,AR1 alpha + Basic + One-Step,NYSE:ANET,9.729544659376064e-08
2022-12-15,12,AR1 alpha + Basic + One-Step,NYSE:ANET,0.0
2022-12-16,12,AR1 alpha + Basic + One-Step,NYSE:ANET,0.0
2022-12-19,12,AR1 alpha + Basic + One-Step,NYSE:ANET,0.0
2022-12-20,12,AR1 alpha + Basic + One-Step,NYSE:ANET,0.0
2022-12-21,12,AR1 alpha + Basic + One-Step,NYSE:ANET,0.0
2022-12-22,12,AR1 alpha + Basic + One-Step,NYSE:ANET,0.0
2022-12-23,12,AR1 alpha + Basic + One-Step,NYSE:ANET,0.0
2022-12-27,12,AR1 alpha + Basic + One-Step,NYSE:ANET,2.3177563559718072e-07
2022-12-28,12,AR1 alpha + Basic + One-Step,NYSE:ANET,0.0
2022-12-29,12,AR1 alpha + Basic + One-Step,NYSE:ANET,4.977014082803051e-08
2022-12-30,12,AR1 alpha + Basic + One-Step,NYSE:ANET,0.0
2023-01-03,12,AR1 alpha + Basic + One-Step,NYSE:ANET,8.121860540255941e-08
2023-01-04,12,AR1 alpha + Basic + One-Step,NYSE:ANET,0.0
2023-01-05,12,AR1 alpha + Basic + One-Step,NYSE:ANET,0.0
2023-01-06,12,AR1 alpha + Basic + One-Step,NYSE:ANET,0.0
2023-01-09,12,AR1 alpha + Basic + One-Step,NYSE:ANET,0.0
2023-01-10,12,AR1 alpha + Basic + One-Step,NYSE:ANET,0.0
2023-01-11,12,AR1 alpha + Basic + One-Step,NYSE:ANET,1.4448515611245833e-08
2023-01-12,12,AR1 alpha + Basic + One-Step,NYSE:ANET,0.0
2023-01-13,12,AR1 alpha + Basic + One-Step,NYSE:ANET,1.1818306174035848e-08
2023-01-17,12,AR1 alpha + Basic + One-Step,NYSE:ANET,0.0
2023-01-18,12,AR1 alpha + Basic + One-Step,NYSE:ANET,0.0
2023-01-19,12,AR1 alpha + Basic + One-Step,NYSE:ANET,0.0
2023-01-20,12,AR1 alpha + Basic + One-Step,NYSE:ANET,0.0
2023-01-23,12,AR1 alpha + Basic + One-Step,NYSE:ANET,0.0
2023-01-24,12,AR1 alpha + Basic + One-Step,NYSE:ANET,0.0
2023-01-25,12,AR1 alpha + Basic + One-Step,NYSE:ANET,0.0
2023-01-26,12,AR1 alpha + Basic + One-Step,NYSE:ANET,0.0
2023-01-27,12,AR1 alpha + Basic + One-Step,NYSE:ANET,0.0
2023-01-30,12,AR1 alpha + Basic + One-Step,NYSE:ANET,0.0
2023-01-31,12,AR1 alpha + Basic + One-Step,NYSE:ANET,0.0
2023-02-01,12,AR1 alpha + Basic + One-Step,NYSE:ANET,0.0
2023-02-02,12,AR1 alpha + Basic + One-Step,NYSE:ANET,4.961557788429456e-07
2023-02-03,12,AR1 alpha + Basic + One-Step,NYSE:ANET,6.03202289528521e-08
2023-02-06,12,AR1 alpha + Basic + One-Step,NYSE:ANET,0.0
2023-02-07,12,AR1 alpha + Basic + One-Step,NYSE:ANET,0.0
2023-02-08,12,AR1 alpha + Basic + One-Step,NYSE:ANET,0.0
2023-02-09,12,AR1 alpha + Basic + One-Step,NYSE:ANET,0.0
2023-02-10,12,AR1 alpha + Basic + One-Step,NYSE:ANET,0.0
2023-02-13,12,AR1 alpha + Basic + One-Step,NYSE:ANET,0.0
2023-02-14,12,AR1 alpha + Basic + One-Step,NYSE:ANET,0.0
2023-02-15,12,AR1 alpha + Basic + One-Step,NYSE:ANET,0.0
2023-02-16,12,AR1 alpha + Basic + One-Step,NYSE:ANET,6.965876798103047e-09
2023-02-17,12,AR1 alpha + Basic + One-Step,NYSE:ANET,0.0
2023-02-21,12,AR1 alpha + Basic + One-Step,NYSE:ANET,0.0
2023-02-22,12,AR1 alpha + Basic + One-Step,NYSE:ANET,0.0
2023-02-23,12,AR1 alpha + Basic + One-Step,NYSE:ANET,1.0770247394776069e-08
2023-02-24,12,AR1 alpha + Basic + One-Step,NYSE:ANET,0.0
2023-02-27,12,AR1 alpha + Basic + One-Step,NYSE:ANET,6.926670114271183e-09
2023-02-28,12,AR1 alpha + Basic + One-Step,NYSE:ANET,8.25314960052695e-08
2023-03-01,12,AR1 alpha + Basic + One-Step,NYSE:ANET,1.1139520343573185e-08
2023-03-02,12,AR1 alpha + Basic + One-Step,NYSE:ANET,0.0
2023-03-03,12,AR1 alpha + Basic + One-Step,NYSE:ANET,0.0
2023-03-06,12,AR1 alpha + Basic + One-Step,NYSE:ANET,0.0
2023-03-07,12,AR1 alpha + Basic + One-Step,NYSE:ANET,0.0
2023-03-08,12,AR1 alpha + Basic + One-Step,NYSE:ANET,3.37922619534211e-09
2023-03-09,12,AR1 alpha + Basic + One-Step,NYSE:ANET,3.0141706569981995e-08
2023-03-10,12,AR1 alpha + Basic + One-Step,NYSE:ANET,1.9085140395638614e-08
2023-03-13,12,AR1 alpha + Basic + One-Step,NYSE:ANET,2.0646580267754527e-07
2023-03-14,12,AR1 alpha + Basic + One-Step,NYSE:ANET,0.0
2023-03-15,12,AR1 alpha + Basic + One-Step,NYSE:ANET,5.351027055281606e-08
2023-03-16,12,AR1 alpha + Basic + One-Step,NYSE:ANET,6.295706747854035e-08
2023-03-17,12,AR1 alpha + Basic + One-Step,NYSE:ANET,0.03191166605999232
2023-03-20,12,AR1 alpha + Basic + One-Step,NYSE:ANET,0.052715596483278115
2023-03-21,12,AR1 alpha + Basic + One-Step,NYSE:ANET,0.06660639839860377
2023-03-22,12,AR1 alpha + Basic + One-Step,NYSE:ANET,0.059774874145943416
2023-03-23,12,AR1 alpha + Basic + One-Step,NYSE:ANET,0.059774921107702765
2023-03-24,12,AR1 alpha + Basic + One-Step,NYSE:ANET,0.09999999252280593
2023-03-27,12,AR1 alpha + Basic + One-Step,NYSE:ANET,0.08532977980475684
2023-03-28,12,AR1 alpha + Basic + One-Step,NYSE:ANET,0.08289947132671488
2023-03-29,12,AR1 alpha + Basic + One-Step,NYSE:ANET,0.08018985739575044
2023-03-30,12,AR1 alpha + Basic + One-Step,NYSE:ANET,0.08018884096811009
2023-03-31,12,AR1 alpha + Basic + One-Step,NYSE:ANET,0.032107538684562176
2023-04-03,12,AR1 alpha + Basic + One-Step,NYSE:ANET,0.03210459486426049
2023-04-04,12,AR1 alpha + Basic + One-Step,NYSE:ANET,0.05739219586731286
2023-04-05,12,AR1 alpha + Basic + One-Step,NYSE:ANET,0.048844624061824334
2023-04-06,12,AR1 alpha + Basic + One-Step,NYSE:ANET,0.04294177650155501
2023-04-10,12,AR1 alpha + Basic + One-Step,NYSE:ANET,0.02799668973234618
2023-04-11,12,AR1 alpha + Basic + One-Step,NYSE:ANET,0.051615726110745906
2023-04-12,12,AR1 alpha + Basic + One-Step,NYSE:ANET,0.05506289070146853
2023-04-13,12,AR1 alpha + Basic + One-Step,NYSE:ANET,0.043984057234883536
2023-04-14,12,AR1 alpha + Basic + One-Step,NYSE:ANET,0.05619086963643715
2023-04-17,12,AR1 alpha + Basic + One-Step,NYSE:ANET,0.0581307613768552
2023-04-18,12,AR1 alpha + Basic + One-Step,NYSE:ANET,0.08267944986961344
2023-04-19,12,AR1 alpha + Basic + One-Step,NYSE:ANET,0.0747811835006376
2023-04-20,12,AR1 alpha + Basic + One-Step,NYSE:ANET,0.061398853436606705
2023-04-21,12,AR1 alpha + Basic + One-Step,NYSE:ANET,0.06672867865048998
2023-04-24,12,AR1 alpha + Basic + One-Step,NYSE:ANET,0.07639791412325769
2023-04-25,12,AR1 alpha + Basic + One-Step,NYSE:ANET,0.07807725951200094
2023-04-26,12,AR1 alpha + Basic + One-Step,NYSE:ANET,0.06585780695592106
2023-04-27,12,AR1 alpha + Basic + One-Step,NYSE:ANET,0.09999981276416452
2023-04-28,12,AR1 alpha + Basic + One-Step,NYSE:ANET,0.09999995074272076
2023-05-01,12,AR1 alpha + Basic + One-Step,NYSE:ANET,0.09999999427520954
2023-05-02,12,AR1 alpha + Basic + One-Step,NYSE:ANET,9.035234640826521e-08
2023-05-03,12,AR1 alpha + Basic + One-Step,NYSE:ANET,0.0
2023-05-04,12,AR1 alpha + Basic + One-Step,NYSE:ANET,0.0
2023-05-05,12,AR1 alpha + Basic + One-Step,NYSE:ANET,0.006028090972138221
2023-05-08,12,AR1 alpha + Basic + One-Step,NYSE:ANET,0.011686297414482615
2023-05-09,12,AR1 alpha + Basic + One-Step,NYSE:ANET,0.027043302368627044
2023-05-10,12,AR1 alpha + Basic + One-Step,NYSE:ANET,0.09108149337316956
2023-05-11,12,AR1 alpha + Basic + One-Step,NYSE:ANET,3.511870284700438e-07
2023-05-12,12,AR1 alpha + Basic + One-Step,NYSE:ANET,7.553659778059032e-07
2023-05-15,12,AR1 alpha + Basic + One-Step,NYSE:ANET,3.176708824085993e-07
2023-05-16,12,AR1 alpha + Basic + One-Step,NYSE:ANET,0.0
2023-05-17,12,AR1 alpha + Basic + One-Step,NYSE:ANET,0.0
2023-05-18,12,AR1 alpha + Basic + One-Step,NYSE:ANET,0.09999847198924211
2023-05-19,12,AR1 alpha + Basic + One-Step,NYSE:ANET,0.09999949824232315
2023-05-22,12,AR1 alpha + Basic + One-Step,NYSE:ANET,0.09999880257886433
2023-05-23,12,AR1 alpha + Basic + One-Step,NYSE:ANET,0.048345555734678344
2023-05-24,12,AR1 alpha + Basic + One-Step,NYSE:ANET,0.08548691707712937
2023-05-25,12,AR1 alpha + Basic + One-Step,NYSE:ANET,0.09999996736402138
2023-05-26,12,AR1 alpha + Basic + One-Step,NYSE:ANET,0.09999432025911052
2023-05-30,12,AR1 alpha + Basic + One-Step,NYSE:ANET,0.09999239574904481
2023-05-31,12,AR1 alpha + Basic + One-Step,NYSE:ANET,0.09999713720794298
2023-06-01,12,AR1 alpha + Basic + One-Step,NYSE:ANET,0.09999889777325156
2023-06-02,12,AR1 alpha + Basic + One-Step,NYSE:ANET,0.09999434955171979
2023-06-05,12,AR1 alpha + Basic + One-Step,NYSE:ANET,0.09999614692798628
2023-06-06,12,AR1 alpha + Basic + One-Step,NYSE:ANET,0.08131623044959892
2023-06-07,12,AR1 alpha + Basic + One-Step,NYSE:ANET,6.99844130649989e-08
2023-06-08,12,AR1 alpha + Basic + One-Step,NYSE:ANET,0.09999968736716008
2023-06-09,12,AR1 alpha + Basic + One-Step,NYSE:ANET,0.09999984467713259
2023-06-12,12,AR1 alpha + Basic + One-Step,NYSE:ANET,0.09999748797143776
2023-06-13,12,AR1 alpha + Basic + One-Step,NYSE:ANET,0.09999922193599668
2023-06-14,12,AR1 alpha + Basic + One-Step,NYSE:ANET,0.09999939464711204
2023-06-15,12,AR1 alpha + Basic + One-Step,NYSE:ANET,0.09999602154317322
2023-06-16,12,AR1 alpha + Basic + One-Step,NYSE:ANET,1.7066348820090722e-08
2023-06-20,12,AR1 alpha + Basic + One-Step,NYSE:ANET,0.0
2023-06-21,12,AR1 alpha + Basic + One-Step,NYSE:ANET,0.0
2023-06-22,12,AR1 alpha + Basic + One-Step,NYSE:ANET,0.0
2023-06-23,12,AR1 alpha + Basic + One-Step,NYSE:ANET,0.0
2023-06-26,12,AR1 alpha + Basic + One-Step,NYSE:ANET,1.4793050186879565e-07
2023-06-27,12,AR1 alpha + Basic + One-Step,NYSE:ANET,0.07740396991305255
2023-06-28,12,AR1 alpha + Basic + One-Step,NYSE:ANET,0.0753525891561701
2023-06-29,12,AR1 alpha + Basic + One-Step,NYSE:ANET,0.09999649511727822
2023-06-30,12,AR1 alpha + Basic + One-Step,NYSE:ANET,0.09999764968441345
2023-07-03,12,AR1 alpha + Basic + One-Step,NYSE:ANET,0.09999825272715122
2023-07-05,12,AR1 alpha + Basic + One-Step,NYSE:ANET,0.0999996880986076
2023-07-06,12,AR1 alpha + Basic + One-Step,NYSE:ANET,0.09999573383725553
2023-07-07,12,AR1 alpha + Basic + One-Step,NYSE:ANET,0.08330338138734243
2023-07-10,12,AR1 alpha + Basic + One-Step,NYSE:ANET,0.10000172934967315
2023-07-11,12,AR1 alpha + Basic + One-Step,NYSE:ANET,0.09315553306743306
2023-07-12,12,AR1 alpha + Basic + One-Step,NYSE:ANET,0.09999985838296384
2023-07-13,12,AR1 alpha + Basic + One-Step,NYSE:ANET,0.09999871251593291
2023-07-14,12,AR1 alpha + Basic + One-Step,NYSE:ANET,0.09999958397401494
2023-07-17,12,AR1 alpha + Basic + One-Step,NYSE:ANET,0.10000067845362576
2023-07-18,12,AR1 alpha + Basic + One-Step,NYSE:ANET,0.10000097890721424
2023-07-19,12,AR1 alpha + Basic + One-Step,NYSE:ANET,0.10000000000000006
2023-07-20,12,AR1 alpha + Basic + One-Step,NYSE:ANET,0.09999999999999998
2023-07-21,12,AR1 alpha + Basic + One-Step,NYSE:ANET,0.099997971694463
2023-07-24,12,AR1 alpha + Basic + One-Step,NYSE:ANET,0.09999469771706064
2023-07-25,12,AR1 alpha + Basic + One-Step,NYSE:ANET,0.09999223494083248
2023-07-26,12,AR1 alpha + Basic + One-Step,NYSE:ANET,0.0
2023-07-27,12,AR1 alpha + Basic + One-Step,NYSE:ANET,0.0
2023-07-28,12,AR1 alpha + Basic + One-Step,NYSE:ANET,0.0
2023-07-31,12,AR1 alpha + Basic + One-Step,NYSE:ANET,0.0
2023-08-01,12,AR1 alpha + Basic + One-Step,NYSE:ANET,0.09999994995989123
2023-08-02,12,AR1 alpha + Basic + One-Step,NYSE:ANET,0.09999980919708427
2023-08-03,12,AR1 alpha + Basic + One-Step,NYSE:ANET,0.09999444162153753
2023-08-04,12,AR1 alpha + Basic + One-Step,NYSE:ANET,0.09999772545582519
2023-08-07,12,AR1 alpha + Basic + One-Step,NYSE:ANET,0.09999911588876044
2023-08-08,12,AR1 alpha + Basic + One-Step,NYSE:ANET,0.09999705644957799
2023-08-09,12,AR1 alpha + Basic + One-Step,NYSE:ANET,0.0999952068441748
2023-08-10,12,AR1 alpha + Basic + One-Step,NYSE:ANET,0.09999560138183516
2023-08-11,12,AR1 alpha + Basic + One-Step,NYSE:ANET,0.0999988091859294
2023-08-14,12,AR1 alpha + Basic + One-Step,NYSE:ANET,0.09999830476112105
2023-08-15,12,AR1 alpha + Basic + One-Step,NYSE:ANET,0.09999860278723209
2023-08-16,12,AR1 alpha + Basic + One-Step,NYSE:ANET,0.09999504821534434
2023-08-17,12,AR1 alpha + Basic + One-Step,NYSE:ANET,0.09999242987096728
2023-08-18,12,AR1 alpha + Basic + One-Step,NYSE:ANET,0.09998886361928822
2023-08-21,12,AR1 alpha + Basic + One-Step,NYSE:ANET,0.0999967847278942
2023-08-22,12,AR1 alpha + Basic + One-Step,NYSE:ANET,0.09999765129703048
2023-08-23,12,AR1 alpha + Basic + One-Step,NYSE:ANET,0.09999951115545269
2023-08-24,12,AR1 alpha + Basic + One-Step,NYSE:ANET,0.0824146475308048
2023-08-25,12,AR1 alpha + Basic + One-Step,NYSE:ANET,0.10000010359369815
2023-08-28,12,AR1 alpha + Basic + One-Step,NYSE:ANET,0.09999878776022095
2023-08-29,12,AR1 alpha + Basic + One-Step,NYSE:ANET,0.09999921226006452
2023-08-30,12,AR1 alpha + Basic + One-Step,NYSE:ANET,0.09999667628551884
2023-08-31,12,AR1 alpha + Basic + One-Step,NYSE:ANET,0.09999928949567398
2023-09-01,12,AR1 alpha + Basic + One-Step,NYSE:ANET,0.09999965922162429
2023-09-05,12,AR1 alpha + Basic + One-Step,NYSE:ANET,0.09999355292735544
2023-09-06,12,AR1 alpha + Basic + One-Step,NYSE:ANET,0.09999825318084771
2023-09-07,12,AR1 alpha + Basic + One-Step,NYSE:ANET,0.10000135989201504
2023-09-08,12,AR1 alpha + Basic + One-Step,NYSE:ANET,0.10000145458451237
2023-09-11,12,AR1 alpha + Basic + One-Step,NYSE:ANET,0.10000033062189431
2023-09-12,12,AR1 alpha + Basic + One-Step,NYSE:ANET,0.09999901460426432
2023-09-13,12,AR1 alpha + Basic + One-Step,NYSE:ANET,0.09999649205384738
2023-09-14,12,AR1 alpha + Basic + One-Step,NYSE:ANET,0.09999624919058646
2023-09-15,12,AR1 alpha + Basic + One-Step,NYSE:ANET,0.07325137732627808
2023-09-18,12,AR1 alpha + Basic + One-Step,NYSE:ANET,0.09826495296050226
2023-09-19,12,AR1 alpha + Basic + One-Step,NYSE:ANET,0.10000000890367534
2023-09-20,12,AR1 alpha + Basic + One-Step,NYSE:ANET,0.08711780430318501
2023-09-21,12,AR1 alpha + Basic + One-Step,NYSE:ANET,0.008149584124587076
2023-09-22,12,AR1 alpha + Basic + One-Step,NYSE:ANET,0.06965159642800862
2023-09-25,12,AR1 alpha + Basic + One-Step,NYSE:ANET,0.09822858813741536
2023-09-26,12,AR1 alpha + Basic + One-Step,NYSE:ANET,0.06159653216828934
2023-09-27,12,AR1 alpha + Basic + One-Step,NYSE:ANET,0.0999929689904194
2023-09-28,12,AR1 alpha + Basic + One-Step,NYSE:ANET,0.09999781180846948
2023-09-29,12,AR1 alpha + Basic + One-Step,NYSE:ANET,0.09999928089388674
2023-10-02,12,AR1 alpha + Basic + One-Step,NYSE:ANET,0.09999943086612022
2023-10-03,12,AR1 alpha + Basic + One-Step,NYSE:ANET,0.09999926463322406
2023-10-04,12,AR1 alpha + Basic + One-Step,NYSE:ANET,0.0999963733106887
2023-10-05,12,AR1 alpha + Basic + One-Step,NYSE:ANET,0.099998219375794
2023-10-06,12,AR1 alpha + Basic + One-Step,NYSE:ANET,0.09999318962028828
2023-10-09,12,AR1 alpha + Basic + One-Step,NYSE:ANET,0.09999846901742769
2023-10-10,12,AR1 alpha + Basic + One-Step,NYSE:ANET,0.09999687849947357
2023-10-11,12,AR1 alpha + Basic + One-Step,NYSE:ANET,0.09999911241256855
2023-10-12,12,AR1 alpha + Basic + One-Step,NYSE:ANET,0.09999804121249972
2023-10-13,12,AR1 alpha + Basic + One-Step,NYSE:ANET,0.09999936488012147
2023-10-16,12,AR1 alpha + Basic + One-Step,NYSE:ANET,0.09999960540884822
2023-10-17,12,AR1 alpha + Basic + One-Step,NYSE:ANET,0.09999980190053719
2023-10-18,12,AR1 alpha + Basic + One-Step,NYSE:ANET,0.09999604796305339
2023-10-19,12,AR1 alpha + Basic + One-Step,NYSE:ANET,0.09999470045197249
2023-10-20,12,AR1 alpha + Basic + One-Step,NYSE:ANET,0.09999478397085865
2023-10-23,12,AR1 alpha + Basic + One-Step,NYSE:ANET,0.09999821228334474
2023-10-24,12,AR1 alpha + Basic + One-Step,NYSE:ANET,0.09999240456253473
2023-10-25,12,AR1 alpha + Basic + One-Step,NYSE:ANET,0.09999401534901184
2023-10-26,12,AR1 alpha + Basic + One-Step,NYSE:ANET,0.0
2023-10-27,12,AR1 alpha + Basic + One-Step,NYSE:ANET,0.04334672571632029
2023-10-30,12,AR1 alpha + Basic + One-Step,NYSE:ANET,0.07529131883065945
2023-10-31,12,AR1 alpha + Basic + One-Step,NYSE:ANET,0.09999514088379997
2023-11-01,12,AR1 alpha + Basic + One-Step,NYSE:ANET,0.0999994467173729
2023-11-02,12,AR1 alpha + Basic + One-Step,NYSE:ANET,0.09999766680941269
2023-11-03,12,AR1 alpha + Basic + One-Step,NYSE:ANET,0.09999752569357406
2023-11-06,12,AR1 alpha + Basic + One-Step,NYSE:ANET,0.09999456968426654
2023-11-07,12,AR1 alpha + Basic + One-Step,NYSE:ANET,0.09999753171001692
2023-11-08,12,AR1 alpha + Basic + One-Step,NYSE:ANET,0.0999989449141464
2023-11-09,12,AR1 alpha + Basic + One-Step,NYSE:ANET,0.0999963267750792
2023-11-10,12,AR1 alpha + Basic + One-Step,NYSE:ANET,0.09999640878901578
2023-11-13,12,AR1 alpha + Basic + One-Step,NYSE:ANET,0.09999667451144999
2023-11-14,12,AR1 alpha + Basic + One-Step,NYSE:ANET,0.09999822431160901
2023-11-15,12,AR1 alpha + Basic + One-Step,NYSE:ANET,0.09999703747886118
2023-11-16,12,AR1 alpha + Basic + One-Step,NYSE:ANET,0.09999859207383223
2023-11-17,12,AR1 alpha + Basic + One-Step,NYSE:ANET,0.10000021811294671
2023-11-20,12,AR1 alpha + Basic + One-Step,NYSE:ANET,0.09999839807481894
2023-11-21,12,AR1 alpha + Basic + One-Step,NYSE:ANET,0.09999933443428263
2023-11-22,12,AR1 alpha + Basic + One-Step,NYSE:ANET,0.0999994258612317
2023-11-24,12,AR1 alpha + Basic + One-Step,NYSE:ANET,0.09999957009742763
2023-11-27,12,AR1 alpha + Basic + One-Step,NYSE:ANET,0.0999990753091897
2023-11-28,12,AR1 alpha + Basic + One-Step,NYSE:ANET,0.0999995906695016
2023-11-29,12,AR1 alpha + Basic + One-Step,NYSE:ANET,0.09999981722141339
2023-11-30,12,AR1 alpha + Basic + One-Step,NYSE:ANET,0.09999992247924601
2023-12-01,12,AR1 alpha + Basic + One-Step,NYSE:ANET,0.09999980544730869
2023-12-04,12,AR1 alpha + Basic + One-Step,NYSE:ANET,0.09999806665781157
2023-12-05,12,AR1 alpha + Basic + One-Step,NYSE:ANET,0.09999763878504864
2023-12-06,12,AR1 alpha + Basic + One-Step,NYSE:ANET,0.09999902064843938
2023-12-07,12,AR1 alpha + Basic + One-Step,NYSE:ANET,0.09999851690220951
2023-12-08,12,AR1 alpha + Basic + One-Step,NYSE:ANET,0.09999456254448927
2023-12-11,12,AR1 alpha + Basic + One-Step,NYSE:ANET,0.09999495461337192
2023-12-12,12,AR1 alpha + Basic + One-Step,NYSE:ANET,0.09999330979623361
2023-12-13,12,AR1 alpha + Basic + One-Step,NYSE:ANET,0.09999101354813791
2023-12-14,12,AR1 alpha + Basic + One-Step,NYSE:ANET,0.09999140543535828
2023-12-15,12,AR1 alpha + Basic + One-Step,NYSE:ANET,0.09999468373013477
2023-12-18,12,AR1 alpha + Basic + One-Step,NYSE:ANET,0.09999225874660685
2023-12-19,12,AR1 alpha + Basic + One-Step,NYSE:ANET,0.09999543077340443
2023-12-20,12,AR1 alpha + Basic + One-Step,NYSE:ANET,0.09999308282913635
2023-12-21,12,AR1 alpha + Basic + One-Step,NYSE:ANET,0.09999183880233593
2023-12-22,12,AR1 alpha + Basic + One-Step,NYSE:ANET,0.09999589656255495
2023-12-26,12,AR1 alpha + Basic + One-Step,NYSE:ANET,0.09999094491866156
2023-12-27,12,AR1 alpha + Basic + One-Step,NYSE:ANET,0.0999952342357589
2023-12-28,12,AR1 alpha + Basic + One-Step,NYSE:ANET,0.0999966071714659
2023-12-29,12,AR1 alpha + Basic + One-Step,NYSE:ANET,0.09999868483599791
2024-01-02,12,AR1 alpha + Basic + One-Step,NYSE:ANET,0.09999614043298655
2024-01-03,12,AR1 alpha + Basic + One-Step,NYSE:ANET,0.09999312654599109
2024-01-04,12,AR1 alpha + Basic + One-Step,NYSE:ANET,0.09999593963741368
2024-01-05,12,AR1 alpha + Basic + One-Step,NYSE:ANET,0.09999520728923947
2024-01-08,12,AR1 alpha + Basic + One-Step,NYSE:ANET,0.09998698790347085
2024-01-09,12,AR1 alpha + Basic + One-Step,NYSE:ANET,0.09998559079794299
2024-01-10,12,AR1 alpha + Basic + One-Step,NYSE:ANET,0.09998075366258244
2024-01-11,12,AR1 alpha + Basic + One-Step,NYSE:ANET,0.1000005865166211
2024-01-12,12,AR1 alpha + Basic + One-Step,NYSE:ANET,0.1
2024-01-16,12,AR1 alpha + Basic + One-Step,NYSE:ANET,0.09999913977071362
2024-01-17,12,AR1 alpha + Basic + One-Step,NYSE:ANET,0.09999512339255254
2024-01-18,12,AR1 alpha + Basic + One-Step,NYSE:ANET,0.09999820168474177
2024-01-19,12,AR1 alpha + Basic + One-Step,NYSE:ANET,0.09999355298828769
2024-01-22,12,AR1 alpha + Basic + One-Step,NYSE:ANET,0.09999175391042554
2024-01-23,12,AR1 alpha + Basic + One-Step,NYSE:ANET,0.09999038218813672
2024-01-24,12,AR1 alpha + Basic + One-Step,NYSE:ANET,0.09999712863157238
2024-01-25,12,AR1 alpha + Basic + One-Step,NYSE:ANET,0.09999907387984738
2024-01-26,12,AR1 alpha + Basic + One-Step,NYSE:ANET,0.09999705089338
2024-01-29,12,AR1 alpha + Basic + One-Step,NYSE:ANET,0.09999858568220302
2024-01-30,12,AR1 alpha + Basic + One-Step,NYSE:ANET,0.09999486365180231
2024-01-31,12,AR1 alpha + Basic + One-Step,NYSE:ANET,0.09999869326685738
2024-02-01,12,AR1 alpha + Basic + One-Step,NYSE:ANET,0.09999863772863149
2024-02-02,12,AR1 alpha + Basic + One-Step,NYSE:ANET,0.09999740841876503
2024-02-05,12,AR1 alpha + Basic + One-Step,NYSE:ANET,0.09999896999640318
2024-02-06,12,AR1 alpha + Basic + One-Step,NYSE:ANET,0.09999370741167035
2024-02-07,12,AR1 alpha + Basic + One-Step,NYSE:ANET,0.09999851236168192
2024-02-08,12,AR1 alpha + Basic + One-Step,NYSE:ANET,0.09999955927376564
2024-02-09,12,AR1 alpha + Basic + One-Step,NYSE:ANET,0.09999444551999238
2024-02-12,12,AR1 alpha + Basic + One-Step,NYSE:ANET,0.099996749453557
2024-02-13,12,AR1 alpha + Basic + One-Step,NYSE:ANET,0.09999435915783969
2024-02-14,12,AR1 alpha + Basic + One-Step,NYSE:ANET,0.09999552751034485
2024-02-15,12,AR1 alpha + Basic + One-Step,NYSE:ANET,0.09999831373962302
2024-02-16,12,AR1 alpha + Basic + One-Step,NYSE:ANET,0.09999841879299025
2024-02-20,12,AR1 alpha + Basic + One-Step,NYSE:ANET,0.0999992694932413
2024-02-21,12,AR1 alpha + Basic + One-Step,NYSE:ANET,0.0999996026000809
2024-02-22,12,AR1 alpha + Basic + One-Step,NYSE:ANET,0.09999484190893591
2024-02-23,12,AR1 alpha + Basic + One-Step,NYSE:ANET,0.0999972717930068
2024-02-26,12,AR1 alpha + Basic + One-Step,NYSE:ANET,0.09999613222981384
2024-02-27,12,AR1 alpha + Basic + One-Step,NYSE:ANET,0.09999596101905274
2024-02-28,12,AR1 alpha + Basic + One-Step,NYSE:ANET,0.09999383436992662
2024-02-29,12,AR1 alpha + Basic + One-Step,NYSE:ANET,0.09999500748621308
2024-03-01,12,AR1 alpha + Basic + One-Step,NYSE:ANET,0.09999586896695227
2024-03-04,12,AR1 alpha + Basic + One-Step,NYSE:ANET,0.09999540395373005
2024-03-05,12,AR1 alpha + Basic + One-Step,NYSE:ANET,0.09999220873243729
2024-03-06,12,AR1 alpha + Basic + One-Step,NYSE:ANET,0.09999388787123391
2024-03-07,12,AR1 alpha + Basic + One-Step,NYSE:ANET,0.09999790600250144
2024-03-08,12,AR1 alpha + Basic + One-Step,NYSE:ANET,0.09999851640094091
2024-03-11,12,AR1 alpha + Basic + One-Step,NYSE:ANET,0.09999526419586738
2024-03-12,12,AR1 alpha + Basic + One-Step,NYSE:ANET,0.09999300753769269
2024-03-13,12,AR1 alpha + Basic + One-Step,NYSE:ANET,0.09999138807833731
2024-03-14,12,AR1 alpha + Basic + One-Step,NYSE:ANET,0.0999973173508997
2024-03-15,12,AR1 alpha + Basic + One-Step,NYSE:ANET,0.09999902162888522
2024-03-18,12,AR1 alpha + Basic + One-Step,NYSE:ANET,0.09999923413933408
2024-03-19,12,AR1 alpha + Basic + One-Step,NYSE:ANET,0.09999570020107218
2024-03-20,12,AR1 alpha + Basic + One-Step,NYSE:ANET,0.09999626773554397
2024-03-21,12,AR1 alpha + Basic + One-Step,NYSE:ANET,0.09999854655310321
2024-03-22,12,AR1 alpha + Basic + One-Step,NYSE:ANET,0.09999944108481662
2024-03-25,12,AR1 alpha + Basic + One-Step,NYSE:ANET,0.09999501240488526
2024-03-26,12,AR1 alpha + Basic + One-Step,NYSE:ANET,0.0999959106570044
2024-03-27,12,AR1 alpha + Basic + One-Step,NYSE:ANET,0.06272772320033729
2024-03-28,12,AR1 alpha + Basic + One-Step,NYSE:ANET,0.09866755852800377
2024-04-01,12,AR1 alpha + Basic + One-Step,NYSE:ANET,0.10000122075822607
2024-04-02,12,AR1 alpha + Basic + One-Step,NYSE:ANET,0.09999361733142968
2024-04-03,12,AR1 alpha + Basic + One-Step,NYSE:ANET,0.0999964026247297
2024-04-04,12,AR1 alpha + Basic + One-Step,NYSE:ANET,0.09999679719145786
2024-04-05,12,AR1 alpha + Basic + One-Step,NYSE:ANET,0.09999348001130338
2024-04-08,12,AR1 alpha + Basic + One-Step,NYSE:ANET,0.09999386652664999
2024-04-09,12,AR1 alpha + Basic + One-Step,NYSE:ANET,0.09999093341880232
2024-04-10,12,AR1 alpha + Basic + One-Step,NYSE:ANET,0.1000003109497246
2024-04-11,12,AR1 alpha + Basic + One-Step,NYSE:ANET,0.0999960729620828
2024-04-12,12,AR1 alpha + Basic + One-Step,NYSE:ANET,0.05060013716609588
2024-04-15,12,AR1 alpha + Basic + One-Step,NYSE:ANET,0.01879344730670065
2024-04-16,12,AR1 alpha + Basic + One-Step,NYSE:ANET,0.030355356614670388
2024-04-17,12,AR1 alpha + Basic + One-Step,NYSE:ANET,0.033703145659249305
2024-04-18,12,AR1 alpha + Basic + One-Step,NYSE:ANET,0.044509909123247995
2024-04-19,12,AR1 alpha + Basic + One-Step,NYSE:ANET,0.008197947747592615
2020-03-25,12,AR1 alpha + Basic + One-Step,NYSE:NBR,0.02
2020-03-26,12,AR1 alpha + Basic + One-Step,NYSE:NBR,0.019999999999999997
2020-03-27,12,AR1 alpha + Basic + One-Step,NYSE:NBR,0.1
2020-03-30,12,AR1 alpha + Basic + One-Step,NYSE:NBR,0.0
2020-03-31,12,AR1 alpha + Basic + One-Step,NYSE:NBR,2.6396723459603934e-08
2020-04-01,12,AR1 alpha + Basic + One-Step,NYSE:NBR,0.0
2020-04-02,12,AR1 alpha + Basic + One-Step,NYSE:NBR,0.0
2020-04-03,12,AR1 alpha + Basic + One-Step,NYSE:NBR,2.9699803367061054e-08
2020-04-06,12,AR1 alpha + Basic + One-Step,NYSE:NBR,1.9326114211587528e-07
2020-04-07,12,AR1 alpha + Basic + One-Step,NYSE:NBR,1.0727486559336331e-07
2020-04-08,12,AR1 alpha + Basic + One-Step,NYSE:NBR,0.0
2020-04-09,12,AR1 alpha + Basic + One-Step,NYSE:NBR,0.0
2020-04-13,12,AR1 alpha + Basic + One-Step,NYSE:NBR,0.0
2020-04-14,12,AR1 alpha + Basic + One-Step,NYSE:NBR,0.0
2020-04-15,12,AR1 alpha + Basic + One-Step,NYSE:NBR,1.986541400527763e-08
2020-04-16,12,AR1 alpha + Basic + One-Step,NYSE:NBR,1.3916139685908796e-07
2020-04-17,12,AR1 alpha + Basic + One-Step,NYSE:NBR,0.0
2020-04-20,12,AR1 alpha + Basic + One-Step,NYSE:NBR,2.849710168997686e-08
2020-04-21,12,AR1 alpha + Basic + One-Step,NYSE:NBR,4.851862073974989e-08
2020-04-22,12,AR1 alpha + Basic + One-Step,NYSE:NBR,0.0
2020-04-23,12,AR1 alpha + Basic + One-Step,NYSE:NBR,0.0
2020-04-24,12,AR1 alpha + Basic + One-Step,NYSE:NBR,0.0
2020-04-27,12,AR1 alpha + Basic + One-Step,NYSE:NBR,0.0
2020-04-28,12,AR1 alpha + Basic + One-Step,NYSE:NBR,0.0
2020-04-29,12,AR1 alpha + Basic + One-Step,NYSE:NBR,9.478635411875893e-08
2020-04-30,12,AR1 alpha + Basic + One-Step,NYSE:NBR,0.0
2020-05-01,12,AR1 alpha + Basic + One-Step,NYSE:NBR,0.0
2020-05-04,12,AR1 alpha + Basic + One-Step,NYSE:NBR,9.797304141509334e-08
2020-05-05,12,AR1 alpha + Basic + One-Step,NYSE:NBR,0.0
2020-05-06,12,AR1 alpha + Basic + One-Step,NYSE:NBR,0.0
2020-05-07,12,AR1 alpha + Basic + One-Step,NYSE:NBR,0.0
2020-05-08,12,AR1 alpha + Basic + One-Step,NYSE:NBR,1.2358383465547995e-07
2020-05-11,12,AR1 alpha + Basic + One-Step,NYSE:NBR,0.0
2020-05-12,12,AR1 alpha + Basic + One-Step,NYSE:NBR,0.0
2020-05-13,12,AR1 alpha + Basic + One-Step,NYSE:NBR,0.0
2020-05-14,12,AR1 alpha + Basic + One-Step,NYSE:NBR,0.0
2020-05-15,12,AR1 alpha + Basic + One-Step,NYSE:NBR,2.35146321407679e-08
2020-05-18,12,AR1 alpha + Basic + One-Step,NYSE:NBR,1.944606161254761e-08
2020-05-19,12,AR1 alpha + Basic + One-Step,NYSE:NBR,0.0
2020-05-20,12,AR1 alpha + Basic + One-Step,NYSE:NBR,3.179448136888122e-08
2020-05-21,12,AR1 alpha + Basic + One-Step,NYSE:NBR,0.03043213977947233
2020-05-22,12,AR1 alpha + Basic + One-Step,NYSE:NBR,0.016770981320147173
2020-05-26,12,AR1 alpha + Basic + One-Step,NYSE:NBR,0.020753335974660423
2020-05-27,12,AR1 alpha + Basic + One-Step,NYSE:NBR,0.03682704941717339
2020-05-28,12,AR1 alpha + Basic + One-Step,NYSE:NBR,0.07499273247742425
2020-05-29,12,AR1 alpha + Basic + One-Step,NYSE:NBR,0.05673158506349002
2020-06-01,12,AR1 alpha + Basic + One-Step,NYSE:NBR,0.05977480243639466
2020-06-02,12,AR1 alpha + Basic + One-Step,NYSE:NBR,0.06547722598467885
2020-06-03,12,AR1 alpha + Basic + One-Step,NYSE:NBR,0.07119286626250694
2020-06-04,12,AR1 alpha + Basic + One-Step,NYSE:NBR,0.0768901801483487
2020-06-05,12,AR1 alpha + Basic + One-Step,NYSE:NBR,0.09999981415996445
2020-06-08,12,AR1 alpha + Basic + One-Step,NYSE:NBR,0.09999948764677781
2020-06-09,12,AR1 alpha + Basic + One-Step,NYSE:NBR,0.09999701861327716
2020-06-10,12,AR1 alpha + Basic + One-Step,NYSE:NBR,0.06949654171161883
2020-06-11,12,AR1 alpha + Basic + One-Step,NYSE:NBR,0.001385478612596411
2020-06-12,12,AR1 alpha + Basic + One-Step,NYSE:NBR,0.04698074282715616
2020-06-15,12,AR1 alpha + Basic + One-Step,NYSE:NBR,0.04487714650844664
2020-06-16,12,AR1 alpha + Basic + One-Step,NYSE:NBR,0.05846554301211178
2020-06-17,12,AR1 alpha + Basic + One-Step,NYSE:NBR,0.03778553966906141
2020-06-18,12,AR1 alpha + Basic + One-Step,NYSE:NBR,0.039052344028757374
2020-06-19,12,AR1 alpha + Basic + One-Step,NYSE:NBR,0.03288082908469332
2020-06-22,12,AR1 alpha + Basic + One-Step,NYSE:NBR,0.03142987528860978
2020-06-23,12,AR1 alpha + Basic + One-Step,NYSE:NBR,0.026679116751547372
2020-06-24,12,AR1 alpha + Basic + One-Step,NYSE:NBR,0.0
2020-06-25,12,AR1 alpha + Basic + One-Step,NYSE:NBR,1.3819091475455838e-08
2020-06-26,12,AR1 alpha + Basic + One-Step,NYSE:NBR,0.0
2020-06-29,12,AR1 alpha + Basic + One-Step,NYSE:NBR,0.009550415601656526
2020-06-30,12,AR1 alpha + Basic + One-Step,NYSE:NBR,0.021856893277119996
2020-07-01,12,AR1 alpha + Basic + One-Step,NYSE:NBR,0.006161066446867047
2020-07-02,12,AR1 alpha + Basic + One-Step,NYSE:NBR,0.0020665640716876557
2020-07-06,12,AR1 alpha + Basic + One-Step,NYSE:NBR,0.018258131409175125
2020-07-07,12,AR1 alpha + Basic + One-Step,NYSE:NBR,0.013441050893599182
2020-07-08,12,AR1 alpha + Basic + One-Step,NYSE:NBR,0.014088068290123847
2020-07-09,12,AR1 alpha + Basic + One-Step,NYSE:NBR,0.0
2020-07-10,12,AR1 alpha + Basic + One-Step,NYSE:NBR,3.603098891553305e-08
2020-07-13,12,AR1 alpha + Basic + One-Step,NYSE:NBR,1.1248326580411631e-08
2020-07-14,12,AR1 alpha + Basic + One-Step,NYSE:NBR,0.0
2020-07-15,12,AR1 alpha + Basic + One-Step,NYSE:NBR,0.00795178461552621
2020-07-16,12,AR1 alpha + Basic + One-Step,NYSE:NBR,0.004258744104110058
2020-07-17,12,AR1 alpha + Basic + One-Step,NYSE:NBR,0.0005849851207301493
2020-07-20,12,AR1 alpha + Basic + One-Step,NYSE:NBR,0.003315846929058215
2020-07-21,12,AR1 alpha + Basic + One-Step,NYSE:NBR,0.054963583109422315
2020-07-22,12,AR1 alpha + Basic + One-Step,NYSE:NBR,0.03830678903353789
2020-07-23,12,AR1 alpha + Basic + One-Step,NYSE:NBR,0.06604248210370382
2020-07-24,12,AR1 alpha + Basic + One-Step,NYSE:NBR,0.05908498147634604
2020-07-27,12,AR1 alpha + Basic + One-Step,NYSE:NBR,0.05784981358271886
2020-07-28,12,AR1 alpha + Basic + One-Step,NYSE:NBR,0.042061118352253166
2020-07-29,12,AR1 alpha + Basic + One-Step,NYSE:NBR,0.04739928367219558
2020-07-30,12,AR1 alpha + Basic + One-Step,NYSE:NBR,0.03867232854769959
2020-07-31,12,AR1 alpha + Basic + One-Step,NYSE:NBR,0.03698814217074189
2020-08-03,12,AR1 alpha + Basic + One-Step,NYSE:NBR,0.05526078782270248
2020-08-04,12,AR1 alpha + Basic + One-Step,NYSE:NBR,0.05073896884829134
2020-08-05,12,AR1 alpha + Basic + One-Step,NYSE:NBR,0.08145682510113796
2020-08-06,12,AR1 alpha + Basic + One-Step,NYSE:NBR,0.061560605069868046
2020-08-07,12,AR1 alpha + Basic + One-Step,NYSE:NBR,0.058544748480435914
2020-08-10,12,AR1 alpha + Basic + One-Step,NYSE:NBR,0.062286980482897866
2020-08-11,12,AR1 alpha + Basic + One-Step,NYSE:NBR,0.058315449616965734
2020-08-12,12,AR1 alpha + Basic + One-Step,NYSE:NBR,0.06398706034203858
2020-08-13,12,AR1 alpha + Basic + One-Step,NYSE:NBR,0.02711399802355785
2020-08-14,12,AR1 alpha + Basic + One-Step,NYSE:NBR,0.031035116840574813
2020-08-17,12,AR1 alpha + Basic + One-Step,NYSE:NBR,0.0251516163882024
2020-08-18,12,AR1 alpha + Basic + One-Step,NYSE:NBR,0.0
2020-08-19,12,AR1 alpha + Basic + One-Step,NYSE:NBR,0.0
2020-08-20,12,AR1 alpha + Basic + One-Step,NYSE:NBR,2.419274849457448e-08
2020-08-21,12,AR1 alpha + Basic + One-Step,NYSE:NBR,0.0
2020-08-24,12,AR1 alpha + Basic + One-Step,NYSE:NBR,0.016628909665470763
2020-08-25,12,AR1 alpha + Basic + One-Step,NYSE:NBR,0.013575466615276803
2020-08-26,12,AR1 alpha + Basic + One-Step,NYSE:NBR,0.005679586568549638
2020-08-27,12,AR1 alpha + Basic + One-Step,NYSE:NBR,0.01475871957222636
2020-08-28,12,AR1 alpha + Basic + One-Step,NYSE:NBR,0.025824222627412206
2020-08-31,12,AR1 alpha + Basic + One-Step,NYSE:NBR,0.02122755895000984
2020-09-01,12,AR1 alpha + Basic + One-Step,NYSE:NBR,0.00955413104031816
2020-09-02,12,AR1 alpha + Basic + One-Step,NYSE:NBR,0.0
2020-09-03,12,AR1 alpha + Basic + One-Step,NYSE:NBR,0.0
2020-09-04,12,AR1 alpha + Basic + One-Step,NYSE:NBR,0.0
2020-09-08,12,AR1 alpha + Basic + One-Step,NYSE:NBR,0.0
2020-09-09,12,AR1 alpha + Basic + One-Step,NYSE:NBR,7.628457802979284e-09
2020-09-10,12,AR1 alpha + Basic + One-Step,NYSE:NBR,0.0
2020-09-11,12,AR1 alpha + Basic + One-Step,NYSE:NBR,0.0
2020-09-14,12,AR1 alpha + Basic + One-Step,NYSE:NBR,0.0
2020-09-15,12,AR1 alpha + Basic + One-Step,NYSE:NBR,0.0
2020-09-16,12,AR1 alpha + Basic + One-Step,NYSE:NBR,0.0
2020-09-17,12,AR1 alpha + Basic + One-Step,NYSE:NBR,0.0
2020-09-18,12,AR1 alpha + Basic + One-Step,NYSE:NBR,0.0
2020-09-21,12,AR1 alpha + Basic + One-Step,NYSE:NBR,0.0
2020-09-22,12,AR1 alpha + Basic + One-Step,NYSE:NBR,0.0
2020-09-23,12,AR1 alpha + Basic + One-Step,NYSE:NBR,1.7082984536556556e-09
2020-09-24,12,AR1 alpha + Basic + One-Step,NYSE:NBR,4.138764737013198e-08
2020-09-25,12,AR1 alpha + Basic + One-Step,NYSE:NBR,0.0
2020-09-28,12,AR1 alpha + Basic + One-Step,NYSE:NBR,1.2368640853145958e-07
2020-09-29,12,AR1 alpha + Basic + One-Step,NYSE:NBR,0.0
2020-09-30,12,AR1 alpha + Basic + One-Step,NYSE:NBR,0.0
2020-10-01,12,AR1 alpha + Basic + One-Step,NYSE:NBR,2.123959332992319e-07
2020-10-02,12,AR1 alpha + Basic + One-Step,NYSE:NBR,0.0
2020-10-05,12,AR1 alpha + Basic + One-Step,NYSE:NBR,0.0
2020-10-06,12,AR1 alpha + Basic + One-Step,NYSE:NBR,1.421774777886793e-07
2020-10-07,12,AR1 alpha + Basic + One-Step,NYSE:NBR,9.435252903419394e-08
2020-10-08,12,AR1 alpha + Basic + One-Step,NYSE:NBR,0.008382324732133685
2020-10-09,12,AR1 alpha + Basic + One-Step,NYSE:NBR,0.00345409163540393
2020-10-12,12,AR1 alpha + Basic + One-Step,NYSE:NBR,0.003815116396256318
2020-10-13,12,AR1 alpha + Basic + One-Step,NYSE:NBR,0.0
2020-10-14,12,AR1 alpha + Basic + One-Step,NYSE:NBR,0.0
2020-10-15,12,AR1 alpha + Basic + One-Step,NYSE:NBR,0.0
2020-10-16,12,AR1 alpha + Basic + One-Step,NYSE:NBR,4.792111654947176e-08
2020-10-19,12,AR1 alpha + Basic + One-Step,NYSE:NBR,2.895096754356782e-07
2020-10-20,12,AR1 alpha + Basic + One-Step,NYSE:NBR,0.0
2020-10-21,12,AR1 alpha + Basic + One-Step,NYSE:NBR,2.2299173955208056e-07
2020-10-22,12,AR1 alpha + Basic + One-Step,NYSE:NBR,0.0
2020-10-23,12,AR1 alpha + Basic + One-Step,NYSE:NBR,0.0022131692090182867
2020-10-26,12,AR1 alpha + Basic + One-Step,NYSE:NBR,2.642035382123845e-08
2020-10-27,12,AR1 alpha + Basic + One-Step,NYSE:NBR,2.536708806528024e-09
2020-10-28,12,AR1 alpha + Basic + One-Step,NYSE:NBR,3.148037449802718e-09
2020-10-29,12,AR1 alpha + Basic + One-Step,NYSE:NBR,0.0
2020-10-30,12,AR1 alpha + Basic + One-Step,NYSE:NBR,0.0
2020-11-02,12,AR1 alpha + Basic + One-Step,NYSE:NBR,0.0
2020-11-03,12,AR1 alpha + Basic + One-Step,NYSE:NBR,0.0
2020-11-04,12,AR1 alpha + Basic + One-Step,NYSE:NBR,0.009602057116269257
2020-11-05,12,AR1 alpha + Basic + One-Step,NYSE:NBR,0.0071348331660242665
2020-11-06,12,AR1 alpha + Basic + One-Step,NYSE:NBR,0.0
2020-11-09,12,AR1 alpha + Basic + One-Step,NYSE:NBR,0.04465590866899737
2020-11-10,12,AR1 alpha + Basic + One-Step,NYSE:NBR,0.03339918251472733
2020-11-11,12,AR1 alpha + Basic + One-Step,NYSE:NBR,0.021731405280155422
2020-11-12,12,AR1 alpha + Basic + One-Step,NYSE:NBR,0.0
2020-11-13,12,AR1 alpha + Basic + One-Step,NYSE:NBR,0.004790037426261672
2020-11-16,12,AR1 alpha + Basic + One-Step,NYSE:NBR,0.02869566660794934
2020-11-17,12,AR1 alpha + Basic + One-Step,NYSE:NBR,0.019672302184978407
2020-11-18,12,AR1 alpha + Basic + One-Step,NYSE:NBR,0.024193105996334188
2020-11-19,12,AR1 alpha + Basic + One-Step,NYSE:NBR,0.038605543984777
2020-11-20,12,AR1 alpha + Basic + One-Step,NYSE:NBR,0.03205385160278364
2020-11-23,12,AR1 alpha + Basic + One-Step,NYSE:NBR,0.044144863390418565
2020-11-24,12,AR1 alpha + Basic + One-Step,NYSE:NBR,0.06714107098619225
2020-11-25,12,AR1 alpha + Basic + One-Step,NYSE:NBR,0.06115857284608184
2020-11-27,12,AR1 alpha + Basic + One-Step,NYSE:NBR,0.04464476164976181
2020-11-30,12,AR1 alpha + Basic + One-Step,NYSE:NBR,0.01924870198894706
2020-12-01,12,AR1 alpha + Basic + One-Step,NYSE:NBR,0.04371409155684939
2020-12-02,12,AR1 alpha + Basic + One-Step,NYSE:NBR,0.03711136788875913
2020-12-03,12,AR1 alpha + Basic + One-Step,NYSE:NBR,0.02278187769709515
2020-12-04,12,AR1 alpha + Basic + One-Step,NYSE:NBR,0.03728906845625366
2020-12-07,12,AR1 alpha + Basic + One-Step,NYSE:NBR,0.0354370952739813
2020-12-08,12,AR1 alpha + Basic + One-Step,NYSE:NBR,0.036320820376132726
2020-12-09,12,AR1 alpha + Basic + One-Step,NYSE:NBR,0.0495125170986722
2020-12-10,12,AR1 alpha + Basic + One-Step,NYSE:NBR,0.06823595179936233
2020-12-11,12,AR1 alpha + Basic + One-Step,NYSE:NBR,0.050556228373453624
2020-12-14,12,AR1 alpha + Basic + One-Step,NYSE:NBR,0.029030279464603514
2020-12-15,12,AR1 alpha + Basic + One-Step,NYSE:NBR,0.02412196392806692
2020-12-16,12,AR1 alpha + Basic + One-Step,NYSE:NBR,0.006466815973830291
2020-12-17,12,AR1 alpha + Basic + One-Step,NYSE:NBR,0.012301944729028156
2020-12-18,12,AR1 alpha + Basic + One-Step,NYSE:NBR,0.0
2020-12-21,12,AR1 alpha + Basic + One-Step,NYSE:NBR,1.8124080131042367e-07
2020-12-22,12,AR1 alpha + Basic + One-Step,NYSE:NBR,1.2441414105161154e-07
2020-12-23,12,AR1 alpha + Basic + One-Step,NYSE:NBR,0.0
2020-12-24,12,AR1 alpha + Basic + One-Step,NYSE:NBR,0.0
2020-12-28,12,AR1 alpha + Basic + One-Step,NYSE:NBR,0.0
2020-12-29,12,AR1 alpha + Basic + One-Step,NYSE:NBR,0.0
2020-12-30,12,AR1 alpha + Basic + One-Step,NYSE:NBR,0.0
2020-12-31,12,AR1 alpha + Basic + One-Step,NYSE:NBR,0.0
2021-01-04,12,AR1 alpha + Basic + One-Step,NYSE:NBR,0.003471179346223866
2021-01-05,12,AR1 alpha + Basic + One-Step,NYSE:NBR,0.04044493602356452
2021-01-06,12,AR1 alpha + Basic + One-Step,NYSE:NBR,0.0304857553751507
2021-01-07,12,AR1 alpha + Basic + One-Step,NYSE:NBR,0.029532227498370374
2021-01-08,12,AR1 alpha + Basic + One-Step,NYSE:NBR,0.026818073883105528
2021-01-11,12,AR1 alpha + Basic + One-Step,NYSE:NBR,0.01168727495400817
2021-01-12,12,AR1 alpha + Basic + One-Step,NYSE:NBR,0.011281009690967287
2021-01-13,12,AR1 alpha + Basic + One-Step,NYSE:NBR,0.0
2021-01-14,12,AR1 alpha + Basic + One-Step,NYSE:NBR,0.014593778537681271
2021-01-15,12,AR1 alpha + Basic + One-Step,NYSE:NBR,0.0010006635807602283
2021-01-19,12,AR1 alpha + Basic + One-Step,NYSE:NBR,0.00281147655792709
2021-01-20,12,AR1 alpha + Basic + One-Step,NYSE:NBR,3.217392689411001e-09
2021-01-21,12,AR1 alpha + Basic + One-Step,NYSE:NBR,0.0
2021-01-22,12,AR1 alpha + Basic + One-Step,NYSE:NBR,2.2027216405511875e-09
2021-01-25,12,AR1 alpha + Basic + One-Step,NYSE:NBR,0.0
2021-01-26,12,AR1 alpha + Basic + One-Step,NYSE:NBR,0.0
2021-01-27,12,AR1 alpha + Basic + One-Step,NYSE:NBR,0.0
2021-01-28,12,AR1 alpha + Basic + One-Step,NYSE:NBR,0.0
2021-01-29,12,AR1 alpha + Basic + One-Step,NYSE:NBR,0.027594211633903378
2021-02-01,12,AR1 alpha + Basic + One-Step,NYSE:NBR,0.035039692494768473
2021-02-02,12,AR1 alpha + Basic + One-Step,NYSE:NBR,0.005179435408869817
2021-02-03,12,AR1 alpha + Basic + One-Step,NYSE:NBR,0.016598329272840006
2021-02-04,12,AR1 alpha + Basic + One-Step,NYSE:NBR,0.01143877314046406
2021-02-05,12,AR1 alpha + Basic + One-Step,NYSE:NBR,0.022725486009680013
2021-02-08,12,AR1 alpha + Basic + One-Step,NYSE:NBR,0.05989601779019732
2021-02-09,12,AR1 alpha + Basic + One-Step,NYSE:NBR,0.02096739786494991
2021-02-10,12,AR1 alpha + Basic + One-Step,NYSE:NBR,0.03156801417199848
2021-02-11,12,AR1 alpha + Basic + One-Step,NYSE:NBR,0.025434633459254074
2021-02-12,12,AR1 alpha + Basic + One-Step,NYSE:NBR,0.02839035480956096
2021-02-16,12,AR1 alpha + Basic + One-Step,NYSE:NBR,0.028510155220357807
2021-02-17,12,AR1 alpha + Basic + One-Step,NYSE:NBR,0.020140216214918127
2021-02-18,12,AR1 alpha + Basic + One-Step,NYSE:NBR,0.0017202978097357947
2021-02-19,12,AR1 alpha + Basic + One-Step,NYSE:NBR,0.01403684226753308
2021-02-22,12,AR1 alpha + Basic + One-Step,NYSE:NBR,0.019420722897618287
2021-02-23,12,AR1 alpha + Basic + One-Step,NYSE:NBR,0.011406020006067927
2021-02-24,12,AR1 alpha + Basic + One-Step,NYSE:NBR,0.06624892274189752
2021-02-25,12,AR1 alpha + Basic + One-Step,NYSE:NBR,0.058433080276879164
2021-02-26,12,AR1 alpha + Basic + One-Step,NYSE:NBR,0.06117800360215451
2021-03-01,12,AR1 alpha + Basic + One-Step,NYSE:NBR,0.07370333330734104
2021-03-02,12,AR1 alpha + Basic + One-Step,NYSE:NBR,0.03060351526834593
2021-03-03,12,AR1 alpha + Basic + One-Step,NYSE:NBR,0.03312602556168286
2021-03-04,12,AR1 alpha + Basic + One-Step,NYSE:NBR,0.04636442596474885
2021-03-05,12,AR1 alpha + Basic + One-Step,NYSE:NBR,0.07281809781656497
2021-03-08,12,AR1 alpha + Basic + One-Step,NYSE:NBR,0.0745942074593283
2021-03-09,12,AR1 alpha + Basic + One-Step,NYSE:NBR,0.04784790730550733
2021-03-10,12,AR1 alpha + Basic + One-Step,NYSE:NBR,0.0753447156486476
2021-03-11,12,AR1 alpha + Basic + One-Step,NYSE:NBR,0.052500772822070746
2021-03-12,12,AR1 alpha + Basic + One-Step,NYSE:NBR,0.04450046479780357
2021-03-15,12,AR1 alpha + Basic + One-Step,NYSE:NBR,0.043151698943623
2021-03-16,12,AR1 alpha + Basic + One-Step,NYSE:NBR,0.019855888748980276
2021-03-17,12,AR1 alpha + Basic + One-Step,NYSE:NBR,0.024878441567459067
2021-03-18,12,AR1 alpha + Basic + One-Step,NYSE:NBR,0.0
2021-03-19,12,AR1 alpha + Basic + One-Step,NYSE:NBR,1.0265945742521812e-07
2021-03-22,12,AR1 alpha + Basic + One-Step,NYSE:NBR,1.1944562404681152e-08
2021-03-23,12,AR1 alpha + Basic + One-Step,NYSE:NBR,6.285265676207134e-08
2021-03-24,12,AR1 alpha + Basic + One-Step,NYSE:NBR,0.0
2021-03-25,12,AR1 alpha + Basic + One-Step,NYSE:NBR,0.0
2021-03-26,12,AR1 alpha + Basic + One-Step,NYSE:NBR,2.1264000936884106e-09
2021-03-29,12,AR1 alpha + Basic + One-Step,NYSE:NBR,0.0
2021-03-30,12,AR1 alpha + Basic + One-Step,NYSE:NBR,0.0
2021-03-31,12,AR1 alpha + Basic + One-Step,NYSE:NBR,3.0678009250175316e-10
2021-04-01,12,AR1 alpha + Basic + One-Step,NYSE:NBR,0.008719617982437242
2021-04-05,12,AR1 alpha + Basic + One-Step,NYSE:NBR,9.979514799371344e-08
2021-04-06,12,AR1 alpha + Basic + One-Step,NYSE:NBR,0.0
2021-04-07,12,AR1 alpha + Basic + One-Step,NYSE:NBR,0.008762005562769062
2021-04-08,12,AR1 alpha + Basic + One-Step,NYSE:NBR,0.0006305668474153451
2021-04-09,12,AR1 alpha + Basic + One-Step,NYSE:NBR,6.65348128633604e-08
2021-04-12,12,AR1 alpha + Basic + One-Step,NYSE:NBR,5.6693647979021085e-09
2021-04-13,12,AR1 alpha + Basic + One-Step,NYSE:NBR,4.102047965931128e-07
2021-04-14,12,AR1 alpha + Basic + One-Step,NYSE:NBR,0.01699489886276495
2021-04-15,12,AR1 alpha + Basic + One-Step,NYSE:NBR,0.0
2021-04-16,12,AR1 alpha + Basic + One-Step,NYSE:NBR,0.0011637434348404463
2021-04-19,12,AR1 alpha + Basic + One-Step,NYSE:NBR,0.009078325334462196
2021-04-20,12,AR1 alpha + Basic + One-Step,NYSE:NBR,1.6966406812621626e-09
2021-04-21,12,AR1 alpha + Basic + One-Step,NYSE:NBR,0.0006343763628576375
2021-04-22,12,AR1 alpha + Basic + One-Step,NYSE:NBR,0.0016790560715794327
2021-04-23,12,AR1 alpha + Basic + One-Step,NYSE:NBR,0.0064969681107874605
2021-04-26,12,AR1 alpha + Basic + One-Step,NYSE:NBR,0.020347796407958918
2021-04-27,12,AR1 alpha + Basic + One-Step,NYSE:NBR,0.012305309838685448
2021-04-28,12,AR1 alpha + Basic + One-Step,NYSE:NBR,0.04677121442107856
2021-04-29,12,AR1 alpha + Basic + One-Step,NYSE:NBR,0.029927577855279882
2021-04-30,12,AR1 alpha + Basic + One-Step,NYSE:NBR,0.004200516449732706
2021-05-03,12,AR1 alpha + Basic + One-Step,NYSE:NBR,0.02544803551767451
2021-05-04,12,AR1 alpha + Basic + One-Step,NYSE:NBR,0.009863473968344276
2021-05-05,12,AR1 alpha + Basic + One-Step,NYSE:NBR,0.03513997729735462
2021-05-06,12,AR1 alpha + Basic + One-Step,NYSE:NBR,0.03831502325574064
2021-05-07,12,AR1 alpha + Basic + One-Step,NYSE:NBR,0.04921614117142325
2021-05-10,12,AR1 alpha + Basic + One-Step,NYSE:NBR,0.03869591135694987
2021-05-11,12,AR1 alpha + Basic + One-Step,NYSE:NBR,0.046530955994261394
2021-05-12,12,AR1 alpha + Basic + One-Step,NYSE:NBR,0.028687535318136313
2021-05-13,12,AR1 alpha + Basic + One-Step,NYSE:NBR,0.02148771261512006
2021-05-14,12,AR1 alpha + Basic + One-Step,NYSE:NBR,0.034900455269345584
2021-05-17,12,AR1 alpha + Basic + One-Step,NYSE:NBR,0.038165375900180876
2021-05-18,12,AR1 alpha + Basic + One-Step,NYSE:NBR,0.007676338439300733
2021-05-19,12,AR1 alpha + Basic + One-Step,NYSE:NBR,0.0
2021-05-20,12,AR1 alpha + Basic + One-Step,NYSE:NBR,1.0900140161871457e-08
2021-05-21,12,AR1 alpha + Basic + One-Step,NYSE:NBR,0.0
2021-05-24,12,AR1 alpha + Basic + One-Step,NYSE:NBR,0.0
2021-05-25,12,AR1 alpha + Basic + One-Step,NYSE:NBR,2.5178043080670255e-07
2021-05-26,12,AR1 alpha + Basic + One-Step,NYSE:NBR,0.0
2021-05-27,12,AR1 alpha + Basic + One-Step,NYSE:NBR,0.0
2021-05-28,12,AR1 alpha + Basic + One-Step,NYSE:NBR,0.0
2021-06-01,12,AR1 alpha + Basic + One-Step,NYSE:NBR,0.0015882547938397035
2021-06-02,12,AR1 alpha + Basic + One-Step,NYSE:NBR,0.060823143251603075
2021-06-03,12,AR1 alpha + Basic + One-Step,NYSE:NBR,0.02774404231555042
2021-06-04,12,AR1 alpha + Basic + One-Step,NYSE:NBR,0.009387973929290108
2021-06-07,12,AR1 alpha + Basic + One-Step,NYSE:NBR,0.001534158632357362
2021-06-08,12,AR1 alpha + Basic + One-Step,NYSE:NBR,0.006807566906831327
2021-06-09,12,AR1 alpha + Basic + One-Step,NYSE:NBR,4.280222929231683e-08
2021-06-10,12,AR1 alpha + Basic + One-Step,NYSE:NBR,0.0
2021-06-11,12,AR1 alpha + Basic + One-Step,NYSE:NBR,1.015882938851993e-08
2021-06-14,12,AR1 alpha + Basic + One-Step,NYSE:NBR,2.531775211714434e-07
2021-06-15,12,AR1 alpha + Basic + One-Step,NYSE:NBR,0.0
2021-06-16,12,AR1 alpha + Basic + One-Step,NYSE:NBR,0.0
2021-06-17,12,AR1 alpha + Basic + One-Step,NYSE:NBR,0.0
2021-06-18,12,AR1 alpha + Basic + One-Step,NYSE:NBR,0.0
2021-06-21,12,AR1 alpha + Basic + One-Step,NYSE:NBR,0.0
2021-06-22,12,AR1 alpha + Basic + One-Step,NYSE:NBR,3.2492025122883254e-08
2021-06-23,12,AR1 alpha + Basic + One-Step,NYSE:NBR,4.107575762553508e-08
2021-06-24,12,AR1 alpha + Basic + One-Step,NYSE:NBR,1.062100103773187e-07
2021-06-25,12,AR1 alpha + Basic + One-Step,NYSE:NBR,0.01555975623158528
2021-06-28,12,AR1 alpha + Basic + One-Step,NYSE:NBR,0.024667680843440502
2021-06-29,12,AR1 alpha + Basic + One-Step,NYSE:NBR,0.008849564393579095
2021-06-30,12,AR1 alpha + Basic + One-Step,NYSE:NBR,0.015491786453690794
2021-07-01,12,AR1 alpha + Basic + One-Step,NYSE:NBR,0.007825471358368233
2021-07-02,12,AR1 alpha + Basic + One-Step,NYSE:NBR,0.00751579602748017
2021-07-06,12,AR1 alpha + Basic + One-Step,NYSE:NBR,0.02021007236305239
2021-07-07,12,AR1 alpha + Basic + One-Step,NYSE:NBR,0.023799971347270788
2021-07-08,12,AR1 alpha + Basic + One-Step,NYSE:NBR,0.021308152377582792
2021-07-09,12,AR1 alpha + Basic + One-Step,NYSE:NBR,0.03219229390262597
2021-07-12,12,AR1 alpha + Basic + One-Step,NYSE:NBR,0.04111680269683974
2021-07-13,12,AR1 alpha + Basic + One-Step,NYSE:NBR,0.0492759800261852
2021-07-14,12,AR1 alpha + Basic + One-Step,NYSE:NBR,0.07633038487374975
2021-07-15,12,AR1 alpha + Basic + One-Step,NYSE:NBR,0.07675991008149625
2021-07-16,12,AR1 alpha + Basic + One-Step,NYSE:NBR,0.07084622979106948
2021-07-19,12,AR1 alpha + Basic + One-Step,NYSE:NBR,0.06210555038241407
2021-07-20,12,AR1 alpha + Basic + One-Step,NYSE:NBR,0.047122841380673436
2021-07-21,12,AR1 alpha + Basic + One-Step,NYSE:NBR,0.019361144567552557
2021-07-22,12,AR1 alpha + Basic + One-Step,NYSE:NBR,0.03060687526641385
2021-07-23,12,AR1 alpha + Basic + One-Step,NYSE:NBR,0.020836086851375574
2021-07-26,12,AR1 alpha + Basic + One-Step,NYSE:NBR,0.0015964297928967293
2021-07-27,12,AR1 alpha + Basic + One-Step,NYSE:NBR,0.0038076276562629026
2021-07-28,12,AR1 alpha + Basic + One-Step,NYSE:NBR,1.1917238312325795e-07
2021-07-29,12,AR1 alpha + Basic + One-Step,NYSE:NBR,2.0949033213070408e-07
2021-07-30,12,AR1 alpha + Basic + One-Step,NYSE:NBR,5.462723338113873e-07
2021-08-02,12,AR1 alpha + Basic + One-Step,NYSE:NBR,3.5060110485058997e-07
2021-08-03,12,AR1 alpha + Basic + One-Step,NYSE:NBR,1.9775177401519695e-07
2021-08-04,12,AR1 alpha + Basic + One-Step,NYSE:NBR,4.5034662661806586e-08
2021-08-05,12,AR1 alpha + Basic + One-Step,NYSE:NBR,2.922508880597063e-07
2021-08-06,12,AR1 alpha + Basic + One-Step,NYSE:NBR,0.0
2021-08-09,12,AR1 alpha + Basic + One-Step,NYSE:NBR,8.867893377359126e-08
2021-08-10,12,AR1 alpha + Basic + One-Step,NYSE:NBR,1.538429108818337e-08
2021-08-11,12,AR1 alpha + Basic + One-Step,NYSE:NBR,4.341963761251519e-08
2021-08-12,12,AR1 alpha + Basic + One-Step,NYSE:NBR,1.0287843808948304e-07
2021-08-13,12,AR1 alpha + Basic + One-Step,NYSE:NBR,0.0
2021-08-16,12,AR1 alpha + Basic + One-Step,NYSE:NBR,0.0
2021-08-17,12,AR1 alpha + Basic + One-Step,NYSE:NBR,5.928162349724928e-08
2021-08-18,12,AR1 alpha + Basic + One-Step,NYSE:NBR,1.0006832446133876e-07
2021-08-19,12,AR1 alpha + Basic + One-Step,NYSE:NBR,0.0
2021-08-20,12,AR1 alpha + Basic + One-Step,NYSE:NBR,2.626076120025144e-08
2021-08-23,12,AR1 alpha + Basic + One-Step,NYSE:NBR,2.939708500809252e-07
2021-08-24,12,AR1 alpha + Basic + One-Step,NYSE:NBR,1.373787077823923e-09
2021-08-25,12,AR1 alpha + Basic + One-Step,NYSE:NBR,2.10994661620973e-07
2021-08-26,12,AR1 alpha + Basic + One-Step,NYSE:NBR,4.109530441649593e-08
2021-08-27,12,AR1 alpha + Basic + One-Step,NYSE:NBR,0.0
2021-08-30,12,AR1 alpha + Basic + One-Step,NYSE:NBR,0.0
2021-08-31,12,AR1 alpha + Basic + One-Step,NYSE:NBR,1.8567971008391954e-07
2021-09-01,12,AR1 alpha + Basic + One-Step,NYSE:NBR,3.4572753621697535e-07
2021-09-02,12,AR1 alpha + Basic + One-Step,NYSE:NBR,0.0
2021-09-03,12,AR1 alpha + Basic + One-Step,NYSE:NBR,0.0
2021-09-07,12,AR1 alpha + Basic + One-Step,NYSE:NBR,0.0
2021-09-08,12,AR1 alpha + Basic + One-Step,NYSE:NBR,0.0
2021-09-09,12,AR1 alpha + Basic + One-Step,NYSE:NBR,0.0
2021-09-10,12,AR1 alpha + Basic + One-Step,NYSE:NBR,0.0006386700994419616
2021-09-13,12,AR1 alpha + Basic + One-Step,NYSE:NBR,0.011114000310713296
2021-09-14,12,AR1 alpha + Basic + One-Step,NYSE:NBR,0.028185429765678546
2021-09-15,12,AR1 alpha + Basic + One-Step,NYSE:NBR,0.009615594206477717
2021-09-16,12,AR1 alpha + Basic + One-Step,NYSE:NBR,0.035619697933092505
2021-09-17,12,AR1 alpha + Basic + One-Step,NYSE:NBR,0.050660850563421386
2021-09-20,12,AR1 alpha + Basic + One-Step,NYSE:NBR,0.05346346859172137
2021-09-21,12,AR1 alpha + Basic + One-Step,NYSE:NBR,0.05755876668990861
2021-09-22,12,AR1 alpha + Basic + One-Step,NYSE:NBR,0.05180884114117123
2021-09-23,12,AR1 alpha + Basic + One-Step,NYSE:NBR,0.027563943113684233
2021-09-24,12,AR1 alpha + Basic + One-Step,NYSE:NBR,0.02636475139585486
2021-09-27,12,AR1 alpha + Basic + One-Step,NYSE:NBR,0.012877244729540396
2021-09-28,12,AR1 alpha + Basic + One-Step,NYSE:NBR,0.03623463872744586
2021-09-29,12,AR1 alpha + Basic + One-Step,NYSE:NBR,0.052491882052246586
2021-09-30,12,AR1 alpha + Basic + One-Step,NYSE:NBR,0.04965140833367611
2021-10-01,12,AR1 alpha + Basic + One-Step,NYSE:NBR,0.03051846556697349
2021-10-04,12,AR1 alpha + Basic + One-Step,NYSE:NBR,0.03135732058723806
2021-10-05,12,AR1 alpha + Basic + One-Step,NYSE:NBR,0.055652568767496816
2021-10-06,12,AR1 alpha + Basic + One-Step,NYSE:NBR,0.096829982956355
2021-10-07,12,AR1 alpha + Basic + One-Step,NYSE:NBR,0.0662635611379256
2021-10-08,12,AR1 alpha + Basic + One-Step,NYSE:NBR,0.055590276669700595
2021-10-11,12,AR1 alpha + Basic + One-Step,NYSE:NBR,0.06531631986243393
2021-10-12,12,AR1 alpha + Basic + One-Step,NYSE:NBR,0.07099142904942786
2021-10-13,12,AR1 alpha + Basic + One-Step,NYSE:NBR,0.04574996514899694
2021-10-14,12,AR1 alpha + Basic + One-Step,NYSE:NBR,0.05976918335048493
2021-10-15,12,AR1 alpha + Basic + One-Step,NYSE:NBR,0.06702715246896687
2021-10-18,12,AR1 alpha + Basic + One-Step,NYSE:NBR,0.05368976999556154
2021-10-19,12,AR1 alpha + Basic + One-Step,NYSE:NBR,0.07269389127764192
2021-10-20,12,AR1 alpha + Basic + One-Step,NYSE:NBR,0.08964221117720111
2021-10-21,12,AR1 alpha + Basic + One-Step,NYSE:NBR,0.09999213059199856
2021-10-22,12,AR1 alpha + Basic + One-Step,NYSE:NBR,0.09999312550019875
2021-10-25,12,AR1 alpha + Basic + One-Step,NYSE:NBR,0.09999178065681512
2021-10-26,12,AR1 alpha + Basic + One-Step,NYSE:NBR,0.09999038437046132
2021-10-27,12,AR1 alpha + Basic + One-Step,NYSE:NBR,0.09999338358870656
2021-10-28,12,AR1 alpha + Basic + One-Step,NYSE:NBR,0.09999727289463319
2021-10-29,12,AR1 alpha + Basic + One-Step,NYSE:NBR,0.09999565205808722
2021-11-01,12,AR1 alpha + Basic + One-Step,NYSE:NBR,0.1000002182024526
2021-11-02,12,AR1 alpha + Basic + One-Step,NYSE:NBR,0.09999539324097585
2021-11-03,12,AR1 alpha + Basic + One-Step,NYSE:NBR,0.09999248066642842
2021-11-04,12,AR1 alpha + Basic + One-Step,NYSE:NBR,0.09999099625211004
2021-11-05,12,AR1 alpha + Basic + One-Step,NYSE:NBR,0.09510296591697927
2021-11-08,12,AR1 alpha + Basic + One-Step,NYSE:NBR,0.07699132289838227
2021-11-09,12,AR1 alpha + Basic + One-Step,NYSE:NBR,0.07100428039838198
2021-11-10,12,AR1 alpha + Basic + One-Step,NYSE:NBR,0.09164520942161745
2021-11-11,12,AR1 alpha + Basic + One-Step,NYSE:NBR,0.0749830133542283
2021-11-12,12,AR1 alpha + Basic + One-Step,NYSE:NBR,0.09999760290227439
2021-11-15,12,AR1 alpha + Basic + One-Step,NYSE:NBR,0.09999628710617729
2021-11-16,12,AR1 alpha + Basic + One-Step,NYSE:NBR,0.0922782260719742
2021-11-17,12,AR1 alpha + Basic + One-Step,NYSE:NBR,0.09325774542839459
2021-11-18,12,AR1 alpha + Basic + One-Step,NYSE:NBR,0.09164249715809364
2021-11-19,12,AR1 alpha + Basic + One-Step,NYSE:NBR,0.09999357398496084
2021-11-22,12,AR1 alpha + Basic + One-Step,NYSE:NBR,0.06235867485132374
2021-11-23,12,AR1 alpha + Basic + One-Step,NYSE:NBR,0.03376139459195993
2021-11-24,12,AR1 alpha + Basic + One-Step,NYSE:NBR,0.03129590153991513
2021-11-26,12,AR1 alpha + Basic + One-Step,NYSE:NBR,0.037519104973144084
2021-11-29,12,AR1 alpha + Basic + One-Step,NYSE:NBR,0.0
2021-11-30,12,AR1 alpha + Basic + One-Step,NYSE:NBR,0.014606258694689211
2021-12-01,12,AR1 alpha + Basic + One-Step,NYSE:NBR,0.07855966768934626
2021-12-02,12,AR1 alpha + Basic + One-Step,NYSE:NBR,0.0501791697810863
2021-12-03,12,AR1 alpha + Basic + One-Step,NYSE:NBR,0.0
2021-12-06,12,AR1 alpha + Basic + One-Step,NYSE:NBR,0.0
2021-12-07,12,AR1 alpha + Basic + One-Step,NYSE:NBR,2.3761607034896145e-07
2021-12-08,12,AR1 alpha + Basic + One-Step,NYSE:NBR,0.0
2021-12-09,12,AR1 alpha + Basic + One-Step,NYSE:NBR,3.979756057052064e-08
2021-12-10,12,AR1 alpha + Basic + One-Step,NYSE:NBR,6.990462650106163e-08
2021-12-13,12,AR1 alpha + Basic + One-Step,NYSE:NBR,0.0
2021-12-14,12,AR1 alpha + Basic + One-Step,NYSE:NBR,3.2397511535268564e-08
2021-12-15,12,AR1 alpha + Basic + One-Step,NYSE:NBR,0.0
2021-12-16,12,AR1 alpha + Basic + One-Step,NYSE:NBR,0.0
2021-12-17,12,AR1 alpha + Basic + One-Step,NYSE:NBR,0.0
2021-12-20,12,AR1 alpha + Basic + One-Step,NYSE:NBR,0.0
2021-12-21,12,AR1 alpha + Basic + One-Step,NYSE:NBR,0.0
2021-12-22,12,AR1 alpha + Basic + One-Step,NYSE:NBR,9.272654048211897e-08
2021-12-23,12,AR1 alpha + Basic + One-Step,NYSE:NBR,0.0
2021-12-27,12,AR1 alpha + Basic + One-Step,NYSE:NBR,0.0
2021-12-28,12,AR1 alpha + Basic + One-Step,NYSE:NBR,0.0
2021-12-29,12,AR1 alpha + Basic + One-Step,NYSE:NBR,0.00198012573818093
2021-12-30,12,AR1 alpha + Basic + One-Step,NYSE:NBR,6.034956886518548e-07
2021-12-31,12,AR1 alpha + Basic + One-Step,NYSE:NBR,3.491356630194854e-08
2022-01-03,12,AR1 alpha + Basic + One-Step,NYSE:NBR,7.840044941419558e-08
2022-01-04,12,AR1 alpha + Basic + One-Step,NYSE:NBR,0.0
2022-01-05,12,AR1 alpha + Basic + One-Step,NYSE:NBR,0.0
2022-01-06,12,AR1 alpha + Basic + One-Step,NYSE:NBR,0.0
2022-01-07,12,AR1 alpha + Basic + One-Step,NYSE:NBR,2.1518261471031053e-08
2022-01-10,12,AR1 alpha + Basic + One-Step,NYSE:NBR,0.0
2022-01-11,12,AR1 alpha + Basic + One-Step,NYSE:NBR,0.0
2022-01-12,12,AR1 alpha + Basic + One-Step,NYSE:NBR,0.0
2022-01-13,12,AR1 alpha + Basic + One-Step,NYSE:NBR,0.0
2022-01-14,12,AR1 alpha + Basic + One-Step,NYSE:NBR,9.687967443369573e-08
2022-01-18,12,AR1 alpha + Basic + One-Step,NYSE:NBR,0.0
2022-01-19,12,AR1 alpha + Basic + One-Step,NYSE:NBR,0.0
2022-01-20,12,AR1 alpha + Basic + One-Step,NYSE:NBR,0.0
2022-01-21,12,AR1 alpha + Basic + One-Step,NYSE:NBR,0.02257371520496042
2022-01-24,12,AR1 alpha + Basic + One-Step,NYSE:NBR,0.0
2022-01-25,12,AR1 alpha + Basic + One-Step,NYSE:NBR,0.0
2022-01-26,12,AR1 alpha + Basic + One-Step,NYSE:NBR,0.0
2022-01-27,12,AR1 alpha + Basic + One-Step,NYSE:NBR,0.0
2022-01-28,12,AR1 alpha + Basic + One-Step,NYSE:NBR,6.6158075728649655e-09
2022-01-31,12,AR1 alpha + Basic + One-Step,NYSE:NBR,0.015602991086454134
2022-02-01,12,AR1 alpha + Basic + One-Step,NYSE:NBR,0.0
2022-02-02,12,AR1 alpha + Basic + One-Step,NYSE:NBR,0.0
2022-02-03,12,AR1 alpha + Basic + One-Step,NYSE:NBR,0.0
2022-02-04,12,AR1 alpha + Basic + One-Step,NYSE:NBR,0.0
2022-02-07,12,AR1 alpha + Basic + One-Step,NYSE:NBR,2.1400762578503036e-08
2022-02-08,12,AR1 alpha + Basic + One-Step,NYSE:NBR,0.0
2022-02-09,12,AR1 alpha + Basic + One-Step,NYSE:NBR,0.0
2022-02-10,12,AR1 alpha + Basic + One-Step,NYSE:NBR,1.291234721445032e-10
2022-02-11,12,AR1 alpha + Basic + One-Step,NYSE:NBR,1.6073023572564185e-08
2022-02-14,12,AR1 alpha + Basic + One-Step,NYSE:NBR,0.0
2022-02-15,12,AR1 alpha + Basic + One-Step,NYSE:NBR,0.0
2022-02-16,12,AR1 alpha + Basic + One-Step,NYSE:NBR,0.0
2022-02-17,12,AR1 alpha + Basic + One-Step,NYSE:NBR,0.0
2022-02-18,12,AR1 alpha + Basic + One-Step,NYSE:NBR,1.0064812214352359e-07
2022-02-22,12,AR1 alpha + Basic + One-Step,NYSE:NBR,0.0016197838289121003
2022-02-23,12,AR1 alpha + Basic + One-Step,NYSE:NBR,0.0002694878860303366
2022-02-24,12,AR1 alpha + Basic + One-Step,NYSE:NBR,0.0
2022-02-25,12,AR1 alpha + Basic + One-Step,NYSE:NBR,0.0
2022-02-28,12,AR1 alpha + Basic + One-Step,NYSE:NBR,4.141194441387058e-07
2022-03-01,12,AR1 alpha + Basic + One-Step,NYSE:NBR,1.0856004660399361e-07
2022-03-02,12,AR1 alpha + Basic + One-Step,NYSE:NBR,0.0
2022-03-03,12,AR1 alpha + Basic + One-Step,NYSE:NBR,0.0
2022-03-04,12,AR1 alpha + Basic + One-Step,NYSE:NBR,0.0
2022-03-07,12,AR1 alpha + Basic + One-Step,NYSE:NBR,0.0
2022-03-08,12,AR1 alpha + Basic + One-Step,NYSE:NBR,2.856510088562222e-07
2022-03-09,12,AR1 alpha + Basic + One-Step,NYSE:NBR,0.0
2022-03-10,12,AR1 alpha + Basic + One-Step,NYSE:NBR,0.0
2022-03-11,12,AR1 alpha + Basic + One-Step,NYSE:NBR,0.0
2022-03-14,12,AR1 alpha + Basic + One-Step,NYSE:NBR,0.022296880211684772
2022-03-15,12,AR1 alpha + Basic + One-Step,NYSE:NBR,0.04215314488499859
2022-03-16,12,AR1 alpha + Basic + One-Step,NYSE:NBR,0.06446807121968263
2022-03-17,12,AR1 alpha + Basic + One-Step,NYSE:NBR,0.017377539816698477
2022-03-18,12,AR1 alpha + Basic + One-Step,NYSE:NBR,0.0
2022-03-21,12,AR1 alpha + Basic + One-Step,NYSE:NBR,0.0
2022-03-22,12,AR1 alpha + Basic + One-Step,NYSE:NBR,0.03603327581466064
2022-03-23,12,AR1 alpha + Basic + One-Step,NYSE:NBR,0.0005081690323006833
2022-03-24,12,AR1 alpha + Basic + One-Step,NYSE:NBR,0.029152233278800968
2022-03-25,12,AR1 alpha + Basic + One-Step,NYSE:NBR,0.019416003532891978
2022-03-28,12,AR1 alpha + Basic + One-Step,NYSE:NBR,0.08320715589759238
2022-03-29,12,AR1 alpha + Basic + One-Step,NYSE:NBR,0.03126124356207153
2022-03-30,12,AR1 alpha + Basic + One-Step,NYSE:NBR,0.04365216026624841
2022-03-31,12,AR1 alpha + Basic + One-Step,NYSE:NBR,0.08941099793809261
2022-04-01,12,AR1 alpha + Basic + One-Step,NYSE:NBR,0.038996918733289414
2022-04-04,12,AR1 alpha + Basic + One-Step,NYSE:NBR,0.04162666514195716
2022-04-05,12,AR1 alpha + Basic + One-Step,NYSE:NBR,0.07207474155189197
2022-04-06,12,AR1 alpha + Basic + One-Step,NYSE:NBR,0.07770192387030651
2022-04-07,12,AR1 alpha + Basic + One-Step,NYSE:NBR,0.09999991107170701
2022-04-08,12,AR1 alpha + Basic + One-Step,NYSE:NBR,0.06891998419968938
2022-04-11,12,AR1 alpha + Basic + One-Step,NYSE:NBR,0.09483990441622873
2022-04-12,12,AR1 alpha + Basic + One-Step,NYSE:NBR,0.045742574528641645
2022-04-13,12,AR1 alpha + Basic + One-Step,NYSE:NBR,1.7687432110881856e-07
2022-04-14,12,AR1 alpha + Basic + One-Step,NYSE:NBR,0.0
2022-04-18,12,AR1 alpha + Basic + One-Step,NYSE:NBR,0.00696477560743996
2022-04-19,12,AR1 alpha + Basic + One-Step,NYSE:NBR,0.05644834122421461
2022-04-20,12,AR1 alpha + Basic + One-Step,NYSE:NBR,0.0937945562843326
2022-04-21,12,AR1 alpha + Basic + One-Step,NYSE:NBR,0.09999648086422828
2022-04-22,12,AR1 alpha + Basic + One-Step,NYSE:NBR,0.09999773460242908
2022-04-25,12,AR1 alpha + Basic + One-Step,NYSE:NBR,0.09999716053943077
2022-04-26,12,AR1 alpha + Basic + One-Step,NYSE:NBR,0.09999573156201924
2022-04-27,12,AR1 alpha + Basic + One-Step,NYSE:NBR,0.09999819827283672
2022-04-28,12,AR1 alpha + Basic + One-Step,NYSE:NBR,0.09999907707104339
2022-04-29,12,AR1 alpha + Basic + One-Step,NYSE:NBR,0.09999799861557392
2022-05-02,12,AR1 alpha + Basic + One-Step,NYSE:NBR,0.09999507378192954
2022-05-03,12,AR1 alpha + Basic + One-Step,NYSE:NBR,0.09999592632896118
2022-05-04,12,AR1 alpha + Basic + One-Step,NYSE:NBR,0.09999973875228237
2022-05-05,12,AR1 alpha + Basic + One-Step,NYSE:NBR,0.09999776273510794
2022-05-06,12,AR1 alpha + Basic + One-Step,NYSE:NBR,0.0999992917955827
2022-05-09,12,AR1 alpha + Basic + One-Step,NYSE:NBR,0.09999913233349039
2022-05-10,12,AR1 alpha + Basic + One-Step,NYSE:NBR,0.08378033730317352
2022-05-11,12,AR1 alpha + Basic + One-Step,NYSE:NBR,0.07385920926352726
2022-05-12,12,AR1 alpha + Basic + One-Step,NYSE:NBR,0.06489837233910056
2022-05-13,12,AR1 alpha + Basic + One-Step,NYSE:NBR,0.0520760609949853
2022-05-16,12,AR1 alpha + Basic + One-Step,NYSE:NBR,0.044037036427385184
2022-05-17,12,AR1 alpha + Basic + One-Step,NYSE:NBR,0.04578460042332266
2022-05-18,12,AR1 alpha + Basic + One-Step,NYSE:NBR,0.046461283353395146
2022-05-19,12,AR1 alpha + Basic + One-Step,NYSE:NBR,0.04940347292877495
2022-05-20,12,AR1 alpha + Basic + One-Step,NYSE:NBR,0.05147895273410103
2022-05-23,12,AR1 alpha + Basic + One-Step,NYSE:NBR,0.0449401464215743
2022-05-24,12,AR1 alpha + Basic + One-Step,NYSE:NBR,0.056043052631907946
2022-05-25,12,AR1 alpha + Basic + One-Step,NYSE:NBR,0.05725088619032579
2022-05-26,12,AR1 alpha + Basic + One-Step,NYSE:NBR,0.06840037301187837
2022-05-27,12,AR1 alpha + Basic + One-Step,NYSE:NBR,0.06818046441629912
2022-05-31,12,AR1 alpha + Basic + One-Step,NYSE:NBR,0.05906624205462491
2022-06-01,12,AR1 alpha + Basic + One-Step,NYSE:NBR,0.06987515179528012
2022-06-02,12,AR1 alpha + Basic + One-Step,NYSE:NBR,0.07033597031958151
2022-06-03,12,AR1 alpha + Basic + One-Step,NYSE:NBR,0.05861770598557823
2022-06-06,12,AR1 alpha + Basic + One-Step,NYSE:NBR,0.06335204138954079
2022-06-07,12,AR1 alpha + Basic + One-Step,NYSE:NBR,0.060656036968150716
2022-06-08,12,AR1 alpha + Basic + One-Step,NYSE:NBR,0.07752157987956944
2022-06-09,12,AR1 alpha + Basic + One-Step,NYSE:NBR,0.08394199500782405
2022-06-10,12,AR1 alpha + Basic + One-Step,NYSE:NBR,0.07973766482891029
2022-06-13,12,AR1 alpha + Basic + One-Step,NYSE:NBR,0.046209794679709267
2022-06-14,12,AR1 alpha + Basic + One-Step,NYSE:NBR,0.0498247947881988
2022-06-15,12,AR1 alpha + Basic + One-Step,NYSE:NBR,0.0358627707327559
2022-06-16,12,AR1 alpha + Basic + One-Step,NYSE:NBR,0.017767262120853184
2022-06-17,12,AR1 alpha + Basic + One-Step,NYSE:NBR,0.003945301934008654
2022-06-21,12,AR1 alpha + Basic + One-Step,NYSE:NBR,0.01996727920897111
2022-06-22,12,AR1 alpha + Basic + One-Step,NYSE:NBR,0.01084692560542416
2022-06-23,12,AR1 alpha + Basic + One-Step,NYSE:NBR,0.0
2022-06-24,12,AR1 alpha + Basic + One-Step,NYSE:NBR,0.0
2022-06-27,12,AR1 alpha + Basic + One-Step,NYSE:NBR,0.008617495528503882
2022-06-28,12,AR1 alpha + Basic + One-Step,NYSE:NBR,0.01674491823187694
2022-06-29,12,AR1 alpha + Basic + One-Step,NYSE:NBR,0.0196511549947353
2022-06-30,12,AR1 alpha + Basic + One-Step,NYSE:NBR,0.0
2022-07-01,12,AR1 alpha + Basic + One-Step,NYSE:NBR,5.301238020261155e-09
2022-07-05,12,AR1 alpha + Basic + One-Step,NYSE:NBR,0.0
2022-07-06,12,AR1 alpha + Basic + One-Step,NYSE:NBR,0.0
2022-07-07,12,AR1 alpha + Basic + One-Step,NYSE:NBR,2.4112601410261726e-09
2022-07-08,12,AR1 alpha + Basic + One-Step,NYSE:NBR,0.0
2022-07-11,12,AR1 alpha + Basic + One-Step,NYSE:NBR,0.0
2022-07-12,12,AR1 alpha + Basic + One-Step,NYSE:NBR,0.0
2022-07-13,12,AR1 alpha + Basic + One-Step,NYSE:NBR,0.0
2022-07-14,12,AR1 alpha + Basic + One-Step,NYSE:NBR,0.0
2022-07-15,12,AR1 alpha + Basic + One-Step,NYSE:NBR,0.0
2022-07-18,12,AR1 alpha + Basic + One-Step,NYSE:NBR,0.0018803865893013212
2022-07-19,12,AR1 alpha + Basic + One-Step,NYSE:NBR,0.013142574380235871
2022-07-20,12,AR1 alpha + Basic + One-Step,NYSE:NBR,0.03356467119509698
2022-07-21,12,AR1 alpha + Basic + One-Step,NYSE:NBR,0.005221115480657716
2022-07-22,12,AR1 alpha + Basic + One-Step,NYSE:NBR,0.011337369071583961
2022-07-25,12,AR1 alpha + Basic + One-Step,NYSE:NBR,0.04261119980489883
2022-07-26,12,AR1 alpha + Basic + One-Step,NYSE:NBR,0.04119142795894665
2022-07-27,12,AR1 alpha + Basic + One-Step,NYSE:NBR,0.07085722112659744
2022-07-28,12,AR1 alpha + Basic + One-Step,NYSE:NBR,0.07618874009317515
2022-07-29,12,AR1 alpha + Basic + One-Step,NYSE:NBR,0.07618745858148435
2022-08-01,12,AR1 alpha + Basic + One-Step,NYSE:NBR,0.05776342697423121
2022-08-02,12,AR1 alpha + Basic + One-Step,NYSE:NBR,0.06846429161249704
2022-08-03,12,AR1 alpha + Basic + One-Step,NYSE:NBR,0.05809415306425025
2022-08-04,12,AR1 alpha + Basic + One-Step,NYSE:NBR,0.0
2022-08-05,12,AR1 alpha + Basic + One-Step,NYSE:NBR,0.01807561360789308
2022-08-08,12,AR1 alpha + Basic + One-Step,NYSE:NBR,0.01807431919313653
2022-08-09,12,AR1 alpha + Basic + One-Step,NYSE:NBR,0.03553772282570563
2022-08-10,12,AR1 alpha + Basic + One-Step,NYSE:NBR,0.028043966006104145
2022-08-11,12,AR1 alpha + Basic + One-Step,NYSE:NBR,0.043310635747369874
2022-08-12,12,AR1 alpha + Basic + One-Step,NYSE:NBR,0.04425926968949299
2022-08-15,12,AR1 alpha + Basic + One-Step,NYSE:NBR,0.035446220400195544
2022-08-16,12,AR1 alpha + Basic + One-Step,NYSE:NBR,0.03009660101987289
2022-08-17,12,AR1 alpha + Basic + One-Step,NYSE:NBR,0.04468282951606899
2022-08-18,12,AR1 alpha + Basic + One-Step,NYSE:NBR,0.06151269802046673
2022-08-19,12,AR1 alpha + Basic + One-Step,NYSE:NBR,0.06874070474114286
2022-08-22,12,AR1 alpha + Basic + One-Step,NYSE:NBR,0.06678448870406405
2022-08-23,12,AR1 alpha + Basic + One-Step,NYSE:NBR,0.07544632876299255
2022-08-24,12,AR1 alpha + Basic + One-Step,NYSE:NBR,0.08800081727870761
2022-08-25,12,AR1 alpha + Basic + One-Step,NYSE:NBR,0.08992707873284339
2022-08-26,12,AR1 alpha + Basic + One-Step,NYSE:NBR,0.07577722266230749
2022-08-29,12,AR1 alpha + Basic + One-Step,NYSE:NBR,0.07812618405602234
2022-08-30,12,AR1 alpha + Basic + One-Step,NYSE:NBR,0.06540420328893325
2022-08-31,12,AR1 alpha + Basic + One-Step,NYSE:NBR,0.06809230764049465
2022-09-01,12,AR1 alpha + Basic + One-Step,NYSE:NBR,0.04197147133462167
2022-09-02,12,AR1 alpha + Basic + One-Step,NYSE:NBR,0.06655572502916375
2022-09-06,12,AR1 alpha + Basic + One-Step,NYSE:NBR,0.06655473808213302
2022-09-07,12,AR1 alpha + Basic + One-Step,NYSE:NBR,0.04850220457798514
2022-09-08,12,AR1 alpha + Basic + One-Step,NYSE:NBR,0.061624334417468986
2022-09-09,12,AR1 alpha + Basic + One-Step,NYSE:NBR,0.07203103099877105
2022-09-12,12,AR1 alpha + Basic + One-Step,NYSE:NBR,0.07255930119822593
2022-09-13,12,AR1 alpha + Basic + One-Step,NYSE:NBR,0.06280606574734547
2022-09-14,12,AR1 alpha + Basic + One-Step,NYSE:NBR,0.08661962146094768
2022-09-15,12,AR1 alpha + Basic + One-Step,NYSE:NBR,0.07908815937922263
2022-09-16,12,AR1 alpha + Basic + One-Step,NYSE:NBR,0.0684859198883642
2022-09-19,12,AR1 alpha + Basic + One-Step,NYSE:NBR,0.05906060804715674
2022-09-20,12,AR1 alpha + Basic + One-Step,NYSE:NBR,0.04607773187706256
2022-09-21,12,AR1 alpha + Basic + One-Step,NYSE:NBR,0.04222518572597874
2022-09-22,12,AR1 alpha + Basic + One-Step,NYSE:NBR,0.026450118027279514
2022-09-23,12,AR1 alpha + Basic + One-Step,NYSE:NBR,0.0
2022-09-26,12,AR1 alpha + Basic + One-Step,NYSE:NBR,4.853521431114532e-09
2022-09-27,12,AR1 alpha + Basic + One-Step,NYSE:NBR,0.0
2022-09-28,12,AR1 alpha + Basic + One-Step,NYSE:NBR,0.010330164029752703
2022-09-29,12,AR1 alpha + Basic + One-Step,NYSE:NBR,0.0
2022-09-30,12,AR1 alpha + Basic + One-Step,NYSE:NBR,0.0
2022-10-03,12,AR1 alpha + Basic + One-Step,NYSE:NBR,0.011242418767120569
2022-10-04,12,AR1 alpha + Basic + One-Step,NYSE:NBR,0.007088194494174482
2022-10-05,12,AR1 alpha + Basic + One-Step,NYSE:NBR,0.04156129164078299
2022-10-06,12,AR1 alpha + Basic + One-Step,NYSE:NBR,0.044137032557838476
2022-10-07,12,AR1 alpha + Basic + One-Step,NYSE:NBR,0.04303390742417651
2022-10-10,12,AR1 alpha + Basic + One-Step,NYSE:NBR,0.012319266680302157
2022-10-11,12,AR1 alpha + Basic + One-Step,NYSE:NBR,0.011094937533827943
2022-10-12,12,AR1 alpha + Basic + One-Step,NYSE:NBR,0.0035228881630067453
2022-10-13,12,AR1 alpha + Basic + One-Step,NYSE:NBR,0.01108099395922325
2022-10-14,12,AR1 alpha + Basic + One-Step,NYSE:NBR,0.0006577766556797955
2022-10-17,12,AR1 alpha + Basic + One-Step,NYSE:NBR,0.0
2022-10-18,12,AR1 alpha + Basic + One-Step,NYSE:NBR,0.0
2022-10-19,12,AR1 alpha + Basic + One-Step,NYSE:NBR,0.012011029383712712
2022-10-20,12,AR1 alpha + Basic + One-Step,NYSE:NBR,0.022321312677823096
2022-10-21,12,AR1 alpha + Basic + One-Step,NYSE:NBR,0.019711518196886837
2022-10-24,12,AR1 alpha + Basic + One-Step,NYSE:NBR,0.02689246090960432
2022-10-25,12,AR1 alpha + Basic + One-Step,NYSE:NBR,0.03431206453091235
2022-10-26,12,AR1 alpha + Basic + One-Step,NYSE:NBR,0.09999135921045108
2022-10-27,12,AR1 alpha + Basic + One-Step,NYSE:NBR,0.07691117984606037
2022-10-28,12,AR1 alpha + Basic + One-Step,NYSE:NBR,0.06927676615473871
2022-10-31,12,AR1 alpha + Basic + One-Step,NYSE:NBR,0.08800756217172499
2022-11-01,12,AR1 alpha + Basic + One-Step,NYSE:NBR,0.08800362729586664
2022-11-02,12,AR1 alpha + Basic + One-Step,NYSE:NBR,0.0792117672483487
2022-11-03,12,AR1 alpha + Basic + One-Step,NYSE:NBR,0.08910361034438309
2022-11-04,12,AR1 alpha + Basic + One-Step,NYSE:NBR,0.07785552733373954
2022-11-07,12,AR1 alpha + Basic + One-Step,NYSE:NBR,0.08818969724468102
2022-11-08,12,AR1 alpha + Basic + One-Step,NYSE:NBR,0.09223497721383081
2022-11-09,12,AR1 alpha + Basic + One-Step,NYSE:NBR,0.06781178256810359
2022-11-10,12,AR1 alpha + Basic + One-Step,NYSE:NBR,0.06654939764585939
2022-11-11,12,AR1 alpha + Basic + One-Step,NYSE:NBR,0.07692509559512814
2022-11-14,12,AR1 alpha + Basic + One-Step,NYSE:NBR,0.07691944617752794
2022-11-15,12,AR1 alpha + Basic + One-Step,NYSE:NBR,0.08641780820925077
2022-11-16,12,AR1 alpha + Basic + One-Step,NYSE:NBR,0.08909701822916616
2022-11-17,12,AR1 alpha + Basic + One-Step,NYSE:NBR,0.08372209757202514
2022-11-18,12,AR1 alpha + Basic + One-Step,NYSE:NBR,0.0860549961543289
2022-11-21,12,AR1 alpha + Basic + One-Step,NYSE:NBR,0.05832450489748485
2022-11-22,12,AR1 alpha + Basic + One-Step,NYSE:NBR,0.078260406826419
2022-11-23,12,AR1 alpha + Basic + One-Step,NYSE:NBR,0.07410489461222461
2022-11-25,12,AR1 alpha + Basic + One-Step,NYSE:NBR,0.07821465761520972
2022-11-28,12,AR1 alpha + Basic + One-Step,NYSE:NBR,0.06865504694313615
2022-11-29,12,AR1 alpha + Basic + One-Step,NYSE:NBR,0.08249078177154928
2022-11-30,12,AR1 alpha + Basic + One-Step,NYSE:NBR,0.09542241719925879
2022-12-01,12,AR1 alpha + Basic + One-Step,NYSE:NBR,0.09543110721970226
2022-12-02,12,AR1 alpha + Basic + One-Step,NYSE:NBR,0.09120204030574412
2022-12-05,12,AR1 alpha + Basic + One-Step,NYSE:NBR,0.06939647665054842
2022-12-06,12,AR1 alpha + Basic + One-Step,NYSE:NBR,0.07036493684657988
2022-12-07,12,AR1 alpha + Basic + One-Step,NYSE:NBR,0.06574041017421653
2022-12-08,12,AR1 alpha + Basic + One-Step,NYSE:NBR,0.05978806732963618
2022-12-09,12,AR1 alpha + Basic + One-Step,NYSE:NBR,0.05427806230964249
2022-12-12,12,AR1 alpha + Basic + One-Step,NYSE:NBR,0.07718427164819164
2022-12-13,12,AR1 alpha + Basic + One-Step,NYSE:NBR,0.08941852774403644
2022-12-14,12,AR1 alpha + Basic + One-Step,NYSE:NBR,0.09193557069964534
2022-12-15,12,AR1 alpha + Basic + One-Step,NYSE:NBR,0.08991512173415335
2022-12-16,12,AR1 alpha + Basic + One-Step,NYSE:NBR,0.07881935776646791
2022-12-19,12,AR1 alpha + Basic + One-Step,NYSE:NBR,0.09232722785523437
2022-12-20,12,AR1 alpha + Basic + One-Step,NYSE:NBR,0.09999949996554121
2022-12-21,12,AR1 alpha + Basic + One-Step,NYSE:NBR,0.09999993578869683
2022-12-22,12,AR1 alpha + Basic + One-Step,NYSE:NBR,0.0953270085600058
2022-12-23,12,AR1 alpha + Basic + One-Step,NYSE:NBR,0.09999972050429949
2022-12-27,12,AR1 alpha + Basic + One-Step,NYSE:NBR,0.10000012699656713
2022-12-28,12,AR1 alpha + Basic + One-Step,NYSE:NBR,0.09999750026526694
2022-12-29,12,AR1 alpha + Basic + One-Step,NYSE:NBR,0.09999963652290321
2022-12-30,12,AR1 alpha + Basic + One-Step,NYSE:NBR,0.09999765038982568
2023-01-03,12,AR1 alpha + Basic + One-Step,NYSE:NBR,0.0842314416255788
2023-01-04,12,AR1 alpha + Basic + One-Step,NYSE:NBR,0.08423433518367057
2023-01-05,12,AR1 alpha + Basic + One-Step,NYSE:NBR,0.08859812799487708
2023-01-06,12,AR1 alpha + Basic + One-Step,NYSE:NBR,0.08782386149397395
2023-01-09,12,AR1 alpha + Basic + One-Step,NYSE:NBR,0.09463395115742997
2023-01-10,12,AR1 alpha + Basic + One-Step,NYSE:NBR,0.09908223297684099
2023-01-11,12,AR1 alpha + Basic + One-Step,NYSE:NBR,0.0980870598142639
2023-01-12,12,AR1 alpha + Basic + One-Step,NYSE:NBR,0.09859059116767128
2023-01-13,12,AR1 alpha + Basic + One-Step,NYSE:NBR,0.09312325174134531
2023-01-17,12,AR1 alpha + Basic + One-Step,NYSE:NBR,0.09560226017910325
2023-01-18,12,AR1 alpha + Basic + One-Step,NYSE:NBR,0.08984369270907495
2023-01-19,12,AR1 alpha + Basic + One-Step,NYSE:NBR,0.0973222431000187
2023-01-20,12,AR1 alpha + Basic + One-Step,NYSE:NBR,0.09958228007522295
2023-01-23,12,AR1 alpha + Basic + One-Step,NYSE:NBR,0.09412472360321954
2023-01-24,12,AR1 alpha + Basic + One-Step,NYSE:NBR,0.0909504407627947
2023-01-25,12,AR1 alpha + Basic + One-Step,NYSE:NBR,0.09102289252716202
2023-01-26,12,AR1 alpha + Basic + One-Step,NYSE:NBR,0.08591526871998499
2023-01-27,12,AR1 alpha + Basic + One-Step,NYSE:NBR,0.07441291408059178
2023-01-30,12,AR1 alpha + Basic + One-Step,NYSE:NBR,0.06723208687054906
2023-01-31,12,AR1 alpha + Basic + One-Step,NYSE:NBR,0.07503547601258811
2023-02-01,12,AR1 alpha + Basic + One-Step,NYSE:NBR,0.06947835414335056
2023-02-02,12,AR1 alpha + Basic + One-Step,NYSE:NBR,0.04985653808434796
2023-02-03,12,AR1 alpha + Basic + One-Step,NYSE:NBR,0.051582472768294745
2023-02-06,12,AR1 alpha + Basic + One-Step,NYSE:NBR,0.0538658905300377
2023-02-07,12,AR1 alpha + Basic + One-Step,NYSE:NBR,0.06787783286395739
2023-02-08,12,AR1 alpha + Basic + One-Step,NYSE:NBR,0.099999587947746
2023-02-09,12,AR1 alpha + Basic + One-Step,NYSE:NBR,0.07508667551144493
2023-02-10,12,AR1 alpha + Basic + One-Step,NYSE:NBR,0.06403766604120453
2023-02-13,12,AR1 alpha + Basic + One-Step,NYSE:NBR,0.05537045448091701
2023-02-14,12,AR1 alpha + Basic + One-Step,NYSE:NBR,0.043089107754353574
2023-02-15,12,AR1 alpha + Basic + One-Step,NYSE:NBR,0.037556514660393954
2023-02-16,12,AR1 alpha + Basic + One-Step,NYSE:NBR,0.03536432547298442
2023-02-17,12,AR1 alpha + Basic + One-Step,NYSE:NBR,0.012268557290535345
2023-02-21,12,AR1 alpha + Basic + One-Step,NYSE:NBR,2.097931406211116e-08
2023-02-22,12,AR1 alpha + Basic + One-Step,NYSE:NBR,0.0
2023-02-23,12,AR1 alpha + Basic + One-Step,NYSE:NBR,0.0
2023-02-24,12,AR1 alpha + Basic + One-Step,NYSE:NBR,0.004400590726883941
2023-02-27,12,AR1 alpha + Basic + One-Step,NYSE:NBR,0.021100502041647495
2023-02-28,12,AR1 alpha + Basic + One-Step,NYSE:NBR,0.016183149822752818
2023-03-01,12,AR1 alpha + Basic + One-Step,NYSE:NBR,0.01618546882940638
2023-03-02,12,AR1 alpha + Basic + One-Step,NYSE:NBR,0.02304889989440116
2023-03-03,12,AR1 alpha + Basic + One-Step,NYSE:NBR,0.021139314540023286
2023-03-06,12,AR1 alpha + Basic + One-Step,NYSE:NBR,0.016773109365469198
2023-03-07,12,AR1 alpha + Basic + One-Step,NYSE:NBR,2.2161720626507718e-08
2023-03-08,12,AR1 alpha + Basic + One-Step,NYSE:NBR,6.5276929050785675e-09
2023-03-09,12,AR1 alpha + Basic + One-Step,NYSE:NBR,0.0
2023-03-10,12,AR1 alpha + Basic + One-Step,NYSE:NBR,3.824847725102389e-09
2023-03-13,12,AR1 alpha + Basic + One-Step,NYSE:NBR,4.170216352522594e-09
2023-03-14,12,AR1 alpha + Basic + One-Step,NYSE:NBR,0.0
2023-03-15,12,AR1 alpha + Basic + One-Step,NYSE:NBR,1.4782199860851673e-07
2023-03-16,12,AR1 alpha + Basic + One-Step,NYSE:NBR,7.074883029307046e-08
2023-03-17,12,AR1 alpha + Basic + One-Step,NYSE:NBR,0.0
2023-03-20,12,AR1 alpha + Basic + One-Step,NYSE:NBR,1.5896256218912418e-07
2023-03-21,12,AR1 alpha + Basic + One-Step,NYSE:NBR,0.0
2023-03-22,12,AR1 alpha + Basic + One-Step,NYSE:NBR,0.0
2023-03-23,12,AR1 alpha + Basic + One-Step,NYSE:NBR,0.0
2023-03-24,12,AR1 alpha + Basic + One-Step,NYSE:NBR,1.6363100545590441e-09
2023-03-27,12,AR1 alpha + Basic + One-Step,NYSE:NBR,0.0
2023-03-28,12,AR1 alpha + Basic + One-Step,NYSE:NBR,0.0
2023-03-29,12,AR1 alpha + Basic + One-Step,NYSE:NBR,0.0
2023-03-30,12,AR1 alpha + Basic + One-Step,NYSE:NBR,0.0
2023-03-31,12,AR1 alpha + Basic + One-Step,NYSE:NBR,7.995505128175362e-08
2023-04-03,12,AR1 alpha + Basic + One-Step,NYSE:NBR,0.0
2023-04-04,12,AR1 alpha + Basic + One-Step,NYSE:NBR,0.0
2023-04-05,12,AR1 alpha + Basic + One-Step,NYSE:NBR,4.612561400730661e-08
2023-04-06,12,AR1 alpha + Basic + One-Step,NYSE:NBR,1.0402739828636729e-07
2023-04-10,12,AR1 alpha + Basic + One-Step,NYSE:NBR,5.143358762753847e-07
2023-04-11,12,AR1 alpha + Basic + One-Step,NYSE:NBR,5.119782654139728e-08
2023-04-12,12,AR1 alpha + Basic + One-Step,NYSE:NBR,4.478053392592928e-07
2023-04-13,12,AR1 alpha + Basic + One-Step,NYSE:NBR,6.989607046732526e-08
2023-04-14,12,AR1 alpha + Basic + One-Step,NYSE:NBR,0.0
2023-04-17,12,AR1 alpha + Basic + One-Step,NYSE:NBR,0.0
2023-04-18,12,AR1 alpha + Basic + One-Step,NYSE:NBR,1.1213281480723978e-06
2023-04-19,12,AR1 alpha + Basic + One-Step,NYSE:NBR,1.6107325963922328e-07
2023-04-20,12,AR1 alpha + Basic + One-Step,NYSE:NBR,1.913908189969059e-08
2023-04-21,12,AR1 alpha + Basic + One-Step,NYSE:NBR,1.0292589462938163e-07
2023-04-24,12,AR1 alpha + Basic + One-Step,NYSE:NBR,0.0
2023-04-25,12,AR1 alpha + Basic + One-Step,NYSE:NBR,5.460372153120898e-07
2023-04-26,12,AR1 alpha + Basic + One-Step,NYSE:NBR,6.614668051277639e-08
2023-04-27,12,AR1 alpha + Basic + One-Step,NYSE:NBR,2.488275925038095e-07
2023-04-28,12,AR1 alpha + Basic + One-Step,NYSE:NBR,4.957847891616538e-09
2023-05-01,12,AR1 alpha + Basic + One-Step,NYSE:NBR,7.800148217972596e-09
2023-05-02,12,AR1 alpha + Basic + One-Step,NYSE:NBR,2.7955425964720804e-08
2023-05-03,12,AR1 alpha + Basic + One-Step,NYSE:NBR,2.387134448031447e-07
2023-05-04,12,AR1 alpha + Basic + One-Step,NYSE:NBR,0.0
2023-05-05,12,AR1 alpha + Basic + One-Step,NYSE:NBR,6.49122115827859e-08
2023-05-08,12,AR1 alpha + Basic + One-Step,NYSE:NBR,2.913360032813694e-08
2023-05-09,12,AR1 alpha + Basic + One-Step,NYSE:NBR,0.0
2023-05-10,12,AR1 alpha + Basic + One-Step,NYSE:NBR,1.0992319771247843e-07
2023-05-11,12,AR1 alpha + Basic + One-Step,NYSE:NBR,1.5015103576388827e-07
2023-05-12,12,AR1 alpha + Basic + One-Step,NYSE:NBR,5.422288374918412e-07
2023-05-15,12,AR1 alpha + Basic + One-Step,NYSE:NBR,1.5385259126868708e-07
2023-05-16,12,AR1 alpha + Basic + One-Step,NYSE:NBR,0.0
2023-05-17,12,AR1 alpha + Basic + One-Step,NYSE:NBR,2.3125495838412444e-08
2023-05-18,12,AR1 alpha + Basic + One-Step,NYSE:NBR,0.0
2023-05-19,12,AR1 alpha + Basic + One-Step,NYSE:NBR,0.0
2023-05-22,12,AR1 alpha + Basic + One-Step,NYSE:NBR,0.0
2023-05-23,12,AR1 alpha + Basic + One-Step,NYSE:NBR,2.5771915210189803e-08
2023-05-24,12,AR1 alpha + Basic + One-Step,NYSE:NBR,0.0
2023-05-25,12,AR1 alpha + Basic + One-Step,NYSE:NBR,0.0
2023-05-26,12,AR1 alpha + Basic + One-Step,NYSE:NBR,0.0
2023-05-30,12,AR1 alpha + Basic + One-Step,NYSE:NBR,0.0
2023-05-31,12,AR1 alpha + Basic + One-Step,NYSE:NBR,0.0
2023-06-01,12,AR1 alpha + Basic + One-Step,NYSE:NBR,0.0
2023-06-02,12,AR1 alpha + Basic + One-Step,NYSE:NBR,0.0
2023-06-05,12,AR1 alpha + Basic + One-Step,NYSE:NBR,0.0
2023-06-06,12,AR1 alpha + Basic + One-Step,NYSE:NBR,1.4047061877230163e-06
2023-06-07,12,AR1 alpha + Basic + One-Step,NYSE:NBR,0.0
2023-06-08,12,AR1 alpha + Basic + One-Step,NYSE:NBR,3.515603569731892e-08
2023-06-09,12,AR1 alpha + Basic + One-Step,NYSE:NBR,2.655494031746274e-07
2023-06-12,12,AR1 alpha + Basic + One-Step,NYSE:NBR,0.0
2023-06-13,12,AR1 alpha + Basic + One-Step,NYSE:NBR,3.9755041283540564e-08
2023-06-14,12,AR1 alpha + Basic + One-Step,NYSE:NBR,0.0
2023-06-15,12,AR1 alpha + Basic + One-Step,NYSE:NBR,0.0
2023-06-16,12,AR1 alpha + Basic + One-Step,NYSE:NBR,1.5728487509718782e-08
2023-06-20,12,AR1 alpha + Basic + One-Step,NYSE:NBR,0.0
2023-06-21,12,AR1 alpha + Basic + One-Step,NYSE:NBR,0.0
2023-06-22,12,AR1 alpha + Basic + One-Step,NYSE:NBR,0.0
2023-06-23,12,AR1 alpha + Basic + One-Step,NYSE:NBR,0.0
2023-06-26,12,AR1 alpha + Basic + One-Step,NYSE:NBR,3.398462267908978e-07
2023-06-27,12,AR1 alpha + Basic + One-Step,NYSE:NBR,0.0
2023-06-28,12,AR1 alpha + Basic + One-Step,NYSE:NBR,0.0
2023-06-29,12,AR1 alpha + Basic + One-Step,NYSE:NBR,0.0
2023-06-30,12,AR1 alpha + Basic + One-Step,NYSE:NBR,0.0
2023-07-03,12,AR1 alpha + Basic + One-Step,NYSE:NBR,0.0
2023-07-05,12,AR1 alpha + Basic + One-Step,NYSE:NBR,1.0843285746252299e-07
2023-07-06,12,AR1 alpha + Basic + One-Step,NYSE:NBR,0.0
2023-07-07,12,AR1 alpha + Basic + One-Step,NYSE:NBR,0.0
2023-07-10,12,AR1 alpha + Basic + One-Step,NYSE:NBR,5.482230516526129e-07
2023-07-11,12,AR1 alpha + Basic + One-Step,NYSE:NBR,0.0
2023-07-12,12,AR1 alpha + Basic + One-Step,NYSE:NBR,0.0
2023-07-13,12,AR1 alpha + Basic + One-Step,NYSE:NBR,0.0
2023-07-14,12,AR1 alpha + Basic + One-Step,NYSE:NBR,7.443025997248782e-08
2023-07-17,12,AR1 alpha + Basic + One-Step,NYSE:NBR,5.227838320898264e-07
2023-07-18,12,AR1 alpha + Basic + One-Step,NYSE:NBR,4.023783573321521e-07
2023-07-19,12,AR1 alpha + Basic + One-Step,NYSE:NBR,0.0
2023-07-20,12,AR1 alpha + Basic + One-Step,NYSE:NBR,2.09217479487923e-24
2023-07-21,12,AR1 alpha + Basic + One-Step,NYSE:NBR,0.0
2023-07-24,12,AR1 alpha + Basic + One-Step,NYSE:NBR,0.0
2023-07-25,12,AR1 alpha + Basic + One-Step,NYSE:NBR,0.0
2023-07-26,12,AR1 alpha + Basic + One-Step,NYSE:NBR,0.0
2023-07-27,12,AR1 alpha + Basic + One-Step,NYSE:NBR,0.0
2023-07-28,12,AR1 alpha + Basic + One-Step,NYSE:NBR,1.913094465440701e-08
2023-07-31,12,AR1 alpha + Basic + One-Step,NYSE:NBR,0.0
2023-08-01,12,AR1 alpha + Basic + One-Step,NYSE:NBR,0.0
2023-08-02,12,AR1 alpha + Basic + One-Step,NYSE:NBR,0.0
2023-08-03,12,AR1 alpha + Basic + One-Step,NYSE:NBR,0.0
2023-08-04,12,AR1 alpha + Basic + One-Step,NYSE:NBR,0.0
2023-08-07,12,AR1 alpha + Basic + One-Step,NYSE:NBR,1.7251805663726636e-09
2023-08-08,12,AR1 alpha + Basic + One-Step,NYSE:NBR,0.0
2023-08-09,12,AR1 alpha + Basic + One-Step,NYSE:NBR,0.0
2023-08-10,12,AR1 alpha + Basic + One-Step,NYSE:NBR,0.0
2023-08-11,12,AR1 alpha + Basic + One-Step,NYSE:NBR,2.9368306931315158e-08
2023-08-14,12,AR1 alpha + Basic + One-Step,NYSE:NBR,0.0
2023-08-15,12,AR1 alpha + Basic + One-Step,NYSE:NBR,0.0
2023-08-16,12,AR1 alpha + Basic + One-Step,NYSE:NBR,0.0
2023-08-17,12,AR1 alpha + Basic + One-Step,NYSE:NBR,0.0
2023-08-18,12,AR1 alpha + Basic + One-Step,NYSE:NBR,0.0
2023-08-21,12,AR1 alpha + Basic + One-Step,NYSE:NBR,1.4832474527755446e-09
2023-08-22,12,AR1 alpha + Basic + One-Step,NYSE:NBR,0.0
2023-08-23,12,AR1 alpha + Basic + One-Step,NYSE:NBR,2.2337846728786726e-08
2023-08-24,12,AR1 alpha + Basic + One-Step,NYSE:NBR,0.0
2023-08-25,12,AR1 alpha + Basic + One-Step,NYSE:NBR,4.1979566453386075e-08
2023-08-28,12,AR1 alpha + Basic + One-Step,NYSE:NBR,0.0
2023-08-29,12,AR1 alpha + Basic + One-Step,NYSE:NBR,0.0
2023-08-30,12,AR1 alpha + Basic + One-Step,NYSE:NBR,0.0
2023-08-31,12,AR1 alpha + Basic + One-Step,NYSE:NBR,0.0
2023-09-01,12,AR1 alpha + Basic + One-Step,NYSE:NBR,0.0
2023-09-05,12,AR1 alpha + Basic + One-Step,NYSE:NBR,0.0
2023-09-06,12,AR1 alpha + Basic + One-Step,NYSE:NBR,1.781565943073237e-09
2023-09-07,12,AR1 alpha + Basic + One-Step,NYSE:NBR,4.0489555904764594e-07
2023-09-08,12,AR1 alpha + Basic + One-Step,NYSE:NBR,4.2189453934425995e-07
2023-09-11,12,AR1 alpha + Basic + One-Step,NYSE:NBR,6.802808600489441e-08
2023-09-12,12,AR1 alpha + Basic + One-Step,NYSE:NBR,1.062530868846364e-06
2023-09-13,12,AR1 alpha + Basic + One-Step,NYSE:NBR,0.0
2023-09-14,12,AR1 alpha + Basic + One-Step,NYSE:NBR,0.0
2023-09-15,12,AR1 alpha + Basic + One-Step,NYSE:NBR,0.0
2023-09-18,12,AR1 alpha + Basic + One-Step,NYSE:NBR,1.5569201801861607e-09
2023-09-19,12,AR1 alpha + Basic + One-Step,NYSE:NBR,6.4611287376370525e-09
2023-09-20,12,AR1 alpha + Basic + One-Step,NYSE:NBR,0.0
2023-09-21,12,AR1 alpha + Basic + One-Step,NYSE:NBR,2.3907485631969773e-07
2023-09-22,12,AR1 alpha + Basic + One-Step,NYSE:NBR,0.0
2023-09-25,12,AR1 alpha + Basic + One-Step,NYSE:NBR,0.0
2023-09-26,12,AR1 alpha + Basic + One-Step,NYSE:NBR,0.0
2023-09-27,12,AR1 alpha + Basic + One-Step,NYSE:NBR,0.0
2023-09-28,12,AR1 alpha + Basic + One-Step,NYSE:NBR,5.186745836319824e-08
2023-09-29,12,AR1 alpha + Basic + One-Step,NYSE:NBR,0.0
2023-10-02,12,AR1 alpha + Basic + One-Step,NYSE:NBR,0.0
2023-10-03,12,AR1 alpha + Basic + One-Step,NYSE:NBR,0.0
2023-10-04,12,AR1 alpha + Basic + One-Step,NYSE:NBR,0.0
2023-10-05,12,AR1 alpha + Basic + One-Step,NYSE:NBR,0.0
2023-10-06,12,AR1 alpha + Basic + One-Step,NYSE:NBR,0.0
2023-10-09,12,AR1 alpha + Basic + One-Step,NYSE:NBR,0.0
2023-10-10,12,AR1 alpha + Basic + One-Step,NYSE:NBR,0.0
2023-10-11,12,AR1 alpha + Basic + One-Step,NYSE:NBR,4.7859890523250985e-09
2023-10-12,12,AR1 alpha + Basic + One-Step,NYSE:NBR,0.0
2023-10-13,12,AR1 alpha + Basic + One-Step,NYSE:NBR,0.0
2023-10-16,12,AR1 alpha + Basic + One-Step,NYSE:NBR,0.0
2023-10-17,12,AR1 alpha + Basic + One-Step,NYSE:NBR,2.7203949820207736e-07
2023-10-18,12,AR1 alpha + Basic + One-Step,NYSE:NBR,0.0
2023-10-19,12,AR1 alpha + Basic + One-Step,NYSE:NBR,0.0
2023-10-20,12,AR1 alpha + Basic + One-Step,NYSE:NBR,0.0
2023-10-23,12,AR1 alpha + Basic + One-Step,NYSE:NBR,9.035774335154683e-09
2023-10-24,12,AR1 alpha + Basic + One-Step,NYSE:NBR,0.0
2023-10-25,12,AR1 alpha + Basic + One-Step,NYSE:NBR,0.0
2023-10-26,12,AR1 alpha + Basic + One-Step,NYSE:NBR,0.0
2023-10-27,12,AR1 alpha + Basic + One-Step,NYSE:NBR,0.0
2023-10-30,12,AR1 alpha + Basic + One-Step,NYSE:NBR,0.0
2023-10-31,12,AR1 alpha + Basic + One-Step,NYSE:NBR,0.0
2023-11-01,12,AR1 alpha + Basic + One-Step,NYSE:NBR,0.0
2023-11-02,12,AR1 alpha + Basic + One-Step,NYSE:NBR,0.0
2023-11-03,12,AR1 alpha + Basic + One-Step,NYSE:NBR,0.0
2023-11-06,12,AR1 alpha + Basic + One-Step,NYSE:NBR,0.0
2023-11-07,12,AR1 alpha + Basic + One-Step,NYSE:NBR,4.33405839500666e-09
2023-11-08,12,AR1 alpha + Basic + One-Step,NYSE:NBR,1.5953138554949353e-08
2023-11-09,12,AR1 alpha + Basic + One-Step,NYSE:NBR,0.0
2023-11-10,12,AR1 alpha + Basic + One-Step,NYSE:NBR,0.0
2023-11-13,12,AR1 alpha + Basic + One-Step,NYSE:NBR,0.0
2023-11-14,12,AR1 alpha + Basic + One-Step,NYSE:NBR,0.0
2023-11-15,12,AR1 alpha + Basic + One-Step,NYSE:NBR,0.0
2023-11-16,12,AR1 alpha + Basic + One-Step,NYSE:NBR,0.0
2023-11-17,12,AR1 alpha + Basic + One-Step,NYSE:NBR,0.0
2023-11-20,12,AR1 alpha + Basic + One-Step,NYSE:NBR,0.0
2023-11-21,12,AR1 alpha + Basic + One-Step,NYSE:NBR,0.0
2023-11-22,12,AR1 alpha + Basic + One-Step,NYSE:NBR,0.0
2023-11-24,12,AR1 alpha + Basic + One-Step,NYSE:NBR,0.0
2023-11-27,12,AR1 alpha + Basic + One-Step,NYSE:NBR,0.0
2023-11-28,12,AR1 alpha + Basic + One-Step,NYSE:NBR,1.0503358636154447e-08
2023-11-29,12,AR1 alpha + Basic + One-Step,NYSE:NBR,6.464348972174767e-09
2023-11-30,12,AR1 alpha + Basic + One-Step,NYSE:NBR,0.0
2023-12-01,12,AR1 alpha + Basic + One-Step,NYSE:NBR,4.1756555756343475e-07
2023-12-04,12,AR1 alpha + Basic + One-Step,NYSE:NBR,0.0
2023-12-05,12,AR1 alpha + Basic + One-Step,NYSE:NBR,0.0
2023-12-06,12,AR1 alpha + Basic + One-Step,NYSE:NBR,0.0
2023-12-07,12,AR1 alpha + Basic + One-Step,NYSE:NBR,0.0
2023-12-08,12,AR1 alpha + Basic + One-Step,NYSE:NBR,0.0
2023-12-11,12,AR1 alpha + Basic + One-Step,NYSE:NBR,0.0
2023-12-12,12,AR1 alpha + Basic + One-Step,NYSE:NBR,0.0
2023-12-13,12,AR1 alpha + Basic + One-Step,NYSE:NBR,0.0
2023-12-14,12,AR1 alpha + Basic + One-Step,NYSE:NBR,0.0
2023-12-15,12,AR1 alpha + Basic + One-Step,NYSE:NBR,0.0
2023-12-18,12,AR1 alpha + Basic + One-Step,NYSE:NBR,0.0
2023-12-19,12,AR1 alpha + Basic + One-Step,NYSE:NBR,0.0
2023-12-20,12,AR1 alpha + Basic + One-Step,NYSE:NBR,0.0
2023-12-21,12,AR1 alpha + Basic + One-Step,NYSE:NBR,0.0
2023-12-22,12,AR1 alpha + Basic + One-Step,NYSE:NBR,3.9239092779464556e-07
2023-12-26,12,AR1 alpha + Basic + One-Step,NYSE:NBR,0.0
2023-12-27,12,AR1 alpha + Basic + One-Step,NYSE:NBR,1.2051048766211024e-08
2023-12-28,12,AR1 alpha + Basic + One-Step,NYSE:NBR,0.0
2023-12-29,12,AR1 alpha + Basic + One-Step,NYSE:NBR,0.0
2024-01-02,12,AR1 alpha + Basic + One-Step,NYSE:NBR,0.0
2024-01-03,12,AR1 alpha + Basic + One-Step,NYSE:NBR,0.0
2024-01-04,12,AR1 alpha + Basic + One-Step,NYSE:NBR,0.0
2024-01-05,12,AR1 alpha + Basic + One-Step,NYSE:NBR,0.0
2024-01-08,12,AR1 alpha + Basic + One-Step,NYSE:NBR,0.0
2024-01-09,12,AR1 alpha + Basic + One-Step,NYSE:NBR,0.0
2024-01-10,12,AR1 alpha + Basic + One-Step,NYSE:NBR,0.0
2024-01-11,12,AR1 alpha + Basic + One-Step,NYSE:NBR,1.933236816420247e-07
2024-01-12,12,AR1 alpha + Basic + One-Step,NYSE:NBR,9.003556699085076e-23
2024-01-16,12,AR1 alpha + Basic + One-Step,NYSE:NBR,0.0
2024-01-17,12,AR1 alpha + Basic + One-Step,NYSE:NBR,0.0
2024-01-18,12,AR1 alpha + Basic + One-Step,NYSE:NBR,4.02168717949851e-07
2024-01-19,12,AR1 alpha + Basic + One-Step,NYSE:NBR,0.0
2024-01-22,12,AR1 alpha + Basic + One-Step,NYSE:NBR,0.0
2024-01-23,12,AR1 alpha + Basic + One-Step,NYSE:NBR,0.0
2024-01-24,12,AR1 alpha + Basic + One-Step,NYSE:NBR,1.0750192476699274e-07
2024-01-25,12,AR1 alpha + Basic + One-Step,NYSE:NBR,9.366146450757284e-09
2024-01-26,12,AR1 alpha + Basic + One-Step,NYSE:NBR,0.0
2024-01-29,12,AR1 alpha + Basic + One-Step,NYSE:NBR,0.0
2024-01-30,12,AR1 alpha + Basic + One-Step,NYSE:NBR,0.0
2024-01-31,12,AR1 alpha + Basic + One-Step,NYSE:NBR,0.0
2024-02-01,12,AR1 alpha + Basic + One-Step,NYSE:NBR,0.0
2024-02-02,12,AR1 alpha + Basic + One-Step,NYSE:NBR,0.0
2024-02-05,12,AR1 alpha + Basic + One-Step,NYSE:NBR,0.0
2024-02-06,12,AR1 alpha + Basic + One-Step,NYSE:NBR,0.0
2024-02-07,12,AR1 alpha + Basic + One-Step,NYSE:NBR,1.2955947941225148e-08
2024-02-08,12,AR1 alpha + Basic + One-Step,NYSE:NBR,2.2082375979711248e-09
2024-02-09,12,AR1 alpha + Basic + One-Step,NYSE:NBR,0.0
2024-02-12,12,AR1 alpha + Basic + One-Step,NYSE:NBR,0.0
2024-02-13,12,AR1 alpha + Basic + One-Step,NYSE:NBR,0.0
2024-02-14,12,AR1 alpha + Basic + One-Step,NYSE:NBR,0.0
2024-02-15,12,AR1 alpha + Basic + One-Step,NYSE:NBR,3.426294489030001e-08
2024-02-16,12,AR1 alpha + Basic + One-Step,NYSE:NBR,0.0
2024-02-20,12,AR1 alpha + Basic + One-Step,NYSE:NBR,0.0
2024-02-21,12,AR1 alpha + Basic + One-Step,NYSE:NBR,2.2535630430425773e-08
2024-02-22,12,AR1 alpha + Basic + One-Step,NYSE:NBR,0.0
2024-02-23,12,AR1 alpha + Basic + One-Step,NYSE:NBR,0.0
2024-02-26,12,AR1 alpha + Basic + One-Step,NYSE:NBR,9.136619513699087e-08
2024-02-27,12,AR1 alpha + Basic + One-Step,NYSE:NBR,0.0
2024-02-28,12,AR1 alpha + Basic + One-Step,NYSE:NBR,0.0
2024-02-29,12,AR1 alpha + Basic + One-Step,NYSE:NBR,0.0
2024-03-01,12,AR1 alpha + Basic + One-Step,NYSE:NBR,0.0
2024-03-04,12,AR1 alpha + Basic + One-Step,NYSE:NBR,0.0
2024-03-05,12,AR1 alpha + Basic + One-Step,NYSE:NBR,0.0
2024-03-06,12,AR1 alpha + Basic + One-Step,NYSE:NBR,0.0
2024-03-07,12,AR1 alpha + Basic + One-Step,NYSE:NBR,0.0
2024-03-08,12,AR1 alpha + Basic + One-Step,NYSE:NBR,0.0
2024-03-11,12,AR1 alpha + Basic + One-Step,NYSE:NBR,0.0
2024-03-12,12,AR1 alpha + Basic + One-Step,NYSE:NBR,0.0
2024-03-13,12,AR1 alpha + Basic + One-Step,NYSE:NBR,0.0
2024-03-14,12,AR1 alpha + Basic + One-Step,NYSE:NBR,8.518946576047591e-08
2024-03-15,12,AR1 alpha + Basic + One-Step,NYSE:NBR,6.419331705493955e-08
2024-03-18,12,AR1 alpha + Basic + One-Step,NYSE:NBR,0.0
2024-03-19,12,AR1 alpha + Basic + One-Step,NYSE:NBR,0.0
2024-03-20,12,AR1 alpha + Basic + One-Step,NYSE:NBR,0.0
2024-03-21,12,AR1 alpha + Basic + One-Step,NYSE:NBR,2.5331149498962825e-08
2024-03-22,12,AR1 alpha + Basic + One-Step,NYSE:NBR,0.0
2024-03-25,12,AR1 alpha + Basic + One-Step,NYSE:NBR,0.0
2024-03-26,12,AR1 alpha + Basic + One-Step,NYSE:NBR,0.0
2024-03-27,12,AR1 alpha + Basic + One-Step,NYSE:NBR,0.0
2024-03-28,12,AR1 alpha + Basic + One-Step,NYSE:NBR,0.0
2024-04-01,12,AR1 alpha + Basic + One-Step,NYSE:NBR,1.1131487998259184e-06
2024-04-02,12,AR1 alpha + Basic + One-Step,NYSE:NBR,0.0
2024-04-03,12,AR1 alpha + Basic + One-Step,NYSE:NBR,0.0
2024-04-04,12,AR1 alpha + Basic + One-Step,NYSE:NBR,0.0
2024-04-05,12,AR1 alpha + Basic + One-Step,NYSE:NBR,0.0
2024-04-08,12,AR1 alpha + Basic + One-Step,NYSE:NBR,0.0
2024-04-09,12,AR1 alpha + Basic + One-Step,NYSE:NBR,0.0
2024-04-10,12,AR1 alpha + Basic + One-Step,NYSE:NBR,3.786857723079641e-07
2024-04-11,12,AR1 alpha + Basic + One-Step,NYSE:NBR,0.0
2024-04-12,12,AR1 alpha + Basic + One-Step,NYSE:NBR,0.0
2024-04-15,12,AR1 alpha + Basic + One-Step,NYSE:NBR,0.0
2024-04-16,12,AR1 alpha + Basic + One-Step,NYSE:NBR,0.0
2024-04-17,12,AR1 alpha + Basic + One-Step,NYSE:NBR,4.402332296921505e-08
2024-04-18,12,AR1 alpha + Basic + One-Step,NYSE:NBR,0.0
2024-04-19,12,AR1 alpha + Basic + One-Step,NYSE:NBR,0.0
2020-03-25,12,AR1 alpha + Basic + One-Step,NYSE:OLN,0.02
2020-03-26,12,AR1 alpha + Basic + One-Step,NYSE:OLN,0.019999999999999997
2020-03-27,12,AR1 alpha + Basic + One-Step,NYSE:OLN,0.019999999999999997
2020-03-30,12,AR1 alpha + Basic + One-Step,NYSE:OLN,0.003873050977256749
2020-03-31,12,AR1 alpha + Basic + One-Step,NYSE:OLN,0.0
2020-04-01,12,AR1 alpha + Basic + One-Step,NYSE:OLN,0.0412338209169267
2020-04-02,12,AR1 alpha + Basic + One-Step,NYSE:OLN,3.7165260995344886e-09
2020-04-03,12,AR1 alpha + Basic + One-Step,NYSE:OLN,3.841665273009867e-08
2020-04-06,12,AR1 alpha + Basic + One-Step,NYSE:OLN,0.0
2020-04-07,12,AR1 alpha + Basic + One-Step,NYSE:OLN,4.2477725120855025e-08
2020-04-08,12,AR1 alpha + Basic + One-Step,NYSE:OLN,4.0925662736715155e-08
2020-04-09,12,AR1 alpha + Basic + One-Step,NYSE:OLN,0.0
2020-04-13,12,AR1 alpha + Basic + One-Step,NYSE:OLN,0.06456876115388448
2020-04-14,12,AR1 alpha + Basic + One-Step,NYSE:OLN,0.07217396281772641
2020-04-15,12,AR1 alpha + Basic + One-Step,NYSE:OLN,0.028373657981764756
2020-04-16,12,AR1 alpha + Basic + One-Step,NYSE:OLN,0.012251312854301533
2020-04-17,12,AR1 alpha + Basic + One-Step,NYSE:OLN,0.0
2020-04-20,12,AR1 alpha + Basic + One-Step,NYSE:OLN,0.0
2020-04-21,12,AR1 alpha + Basic + One-Step,NYSE:OLN,0.0
2020-04-22,12,AR1 alpha + Basic + One-Step,NYSE:OLN,4.1206576796333436e-08
2020-04-23,12,AR1 alpha + Basic + One-Step,NYSE:OLN,0.0
2020-04-24,12,AR1 alpha + Basic + One-Step,NYSE:OLN,0.02483508497456517
2020-04-27,12,AR1 alpha + Basic + One-Step,NYSE:OLN,0.0360561333165085
2020-04-28,12,AR1 alpha + Basic + One-Step,NYSE:OLN,0.013113875746816743
2020-04-29,12,AR1 alpha + Basic + One-Step,NYSE:OLN,0.02398147796693218
2020-04-30,12,AR1 alpha + Basic + One-Step,NYSE:OLN,0.0999986353873439
2020-05-01,12,AR1 alpha + Basic + One-Step,NYSE:OLN,2.47179634000178e-08
2020-05-04,12,AR1 alpha + Basic + One-Step,NYSE:OLN,0.0
2020-05-05,12,AR1 alpha + Basic + One-Step,NYSE:OLN,4.681879919795208e-08
2020-05-06,12,AR1 alpha + Basic + One-Step,NYSE:OLN,0.0
2020-05-07,12,AR1 alpha + Basic + One-Step,NYSE:OLN,0.0
2020-05-08,12,AR1 alpha + Basic + One-Step,NYSE:OLN,0.0
2020-05-11,12,AR1 alpha + Basic + One-Step,NYSE:OLN,3.688803106259046e-07
2020-05-12,12,AR1 alpha + Basic + One-Step,NYSE:OLN,0.0
2020-05-13,12,AR1 alpha + Basic + One-Step,NYSE:OLN,0.0
2020-05-14,12,AR1 alpha + Basic + One-Step,NYSE:OLN,0.0
2020-05-15,12,AR1 alpha + Basic + One-Step,NYSE:OLN,1.4020786216083187e-07
2020-05-18,12,AR1 alpha + Basic + One-Step,NYSE:OLN,8.744247188761496e-08
2020-05-19,12,AR1 alpha + Basic + One-Step,NYSE:OLN,0.0
2020-05-20,12,AR1 alpha + Basic + One-Step,NYSE:OLN,1.7169997309167609e-07
2020-05-21,12,AR1 alpha + Basic + One-Step,NYSE:OLN,0.0
2020-05-22,12,AR1 alpha + Basic + One-Step,NYSE:OLN,1.08580785659827e-07
2020-05-26,12,AR1 alpha + Basic + One-Step,NYSE:OLN,2.8370706054810376e-08
2020-05-27,12,AR1 alpha + Basic + One-Step,NYSE:OLN,2.318790869770446e-07
2020-05-28,12,AR1 alpha + Basic + One-Step,NYSE:OLN,1.9658641655381785e-22
2020-05-29,12,AR1 alpha + Basic + One-Step,NYSE:OLN,4.094949172037447e-09
2020-06-01,12,AR1 alpha + Basic + One-Step,NYSE:OLN,0.0
2020-06-02,12,AR1 alpha + Basic + One-Step,NYSE:OLN,2.6651717436249786e-07
2020-06-03,12,AR1 alpha + Basic + One-Step,NYSE:OLN,0.0
2020-06-04,12,AR1 alpha + Basic + One-Step,NYSE:OLN,0.0
2020-06-05,12,AR1 alpha + Basic + One-Step,NYSE:OLN,0.0
2020-06-08,12,AR1 alpha + Basic + One-Step,NYSE:OLN,0.0
2020-06-09,12,AR1 alpha + Basic + One-Step,NYSE:OLN,0.0
2020-06-10,12,AR1 alpha + Basic + One-Step,NYSE:OLN,0.0
2020-06-11,12,AR1 alpha + Basic + One-Step,NYSE:OLN,0.0
2020-06-12,12,AR1 alpha + Basic + One-Step,NYSE:OLN,3.803614111818625e-08
2020-06-15,12,AR1 alpha + Basic + One-Step,NYSE:OLN,1.4305375398142012e-08
2020-06-16,12,AR1 alpha + Basic + One-Step,NYSE:OLN,0.0
2020-06-17,12,AR1 alpha + Basic + One-Step,NYSE:OLN,0.0
2020-06-18,12,AR1 alpha + Basic + One-Step,NYSE:OLN,0.0
2020-06-19,12,AR1 alpha + Basic + One-Step,NYSE:OLN,0.0
2020-06-22,12,AR1 alpha + Basic + One-Step,NYSE:OLN,0.0
2020-06-23,12,AR1 alpha + Basic + One-Step,NYSE:OLN,0.0
2020-06-24,12,AR1 alpha + Basic + One-Step,NYSE:OLN,0.0
2020-06-25,12,AR1 alpha + Basic + One-Step,NYSE:OLN,0.0
2020-06-26,12,AR1 alpha + Basic + One-Step,NYSE:OLN,0.0
2020-06-29,12,AR1 alpha + Basic + One-Step,NYSE:OLN,0.0
2020-06-30,12,AR1 alpha + Basic + One-Step,NYSE:OLN,4.789438018580744e-10
2020-07-01,12,AR1 alpha + Basic + One-Step,NYSE:OLN,0.0
2020-07-02,12,AR1 alpha + Basic + One-Step,NYSE:OLN,0.0
2020-07-06,12,AR1 alpha + Basic + One-Step,NYSE:OLN,0.0
2020-07-07,12,AR1 alpha + Basic + One-Step,NYSE:OLN,0.0
2020-07-08,12,AR1 alpha + Basic + One-Step,NYSE:OLN,0.0
2020-07-09,12,AR1 alpha + Basic + One-Step,NYSE:OLN,0.0
2020-07-10,12,AR1 alpha + Basic + One-Step,NYSE:OLN,0.0
2020-07-13,12,AR1 alpha + Basic + One-Step,NYSE:OLN,1.6703756502751426e-09
2020-07-14,12,AR1 alpha + Basic + One-Step,NYSE:OLN,0.0
2020-07-15,12,AR1 alpha + Basic + One-Step,NYSE:OLN,2.2457611914517372e-08
2020-07-16,12,AR1 alpha + Basic + One-Step,NYSE:OLN,0.0
2020-07-17,12,AR1 alpha + Basic + One-Step,NYSE:OLN,2.407055721442057e-09
2020-07-20,12,AR1 alpha + Basic + One-Step,NYSE:OLN,7.605897767482926e-08
2020-07-21,12,AR1 alpha + Basic + One-Step,NYSE:OLN,0.0
2020-07-22,12,AR1 alpha + Basic + One-Step,NYSE:OLN,0.0
2020-07-23,12,AR1 alpha + Basic + One-Step,NYSE:OLN,0.0
2020-07-24,12,AR1 alpha + Basic + One-Step,NYSE:OLN,0.0
2020-07-27,12,AR1 alpha + Basic + One-Step,NYSE:OLN,1.4799445911914034e-07
2020-07-28,12,AR1 alpha + Basic + One-Step,NYSE:OLN,0.0
2020-07-29,12,AR1 alpha + Basic + One-Step,NYSE:OLN,0.0
2020-07-30,12,AR1 alpha + Basic + One-Step,NYSE:OLN,0.0
2020-07-31,12,AR1 alpha + Basic + One-Step,NYSE:OLN,0.0
2020-08-03,12,AR1 alpha + Basic + One-Step,NYSE:OLN,1.5536074789603358e-07
2020-08-04,12,AR1 alpha + Basic + One-Step,NYSE:OLN,0.0
2020-08-05,12,AR1 alpha + Basic + One-Step,NYSE:OLN,0.0
2020-08-06,12,AR1 alpha + Basic + One-Step,NYSE:OLN,0.0
2020-08-07,12,AR1 alpha + Basic + One-Step,NYSE:OLN,0.0
2020-08-10,12,AR1 alpha + Basic + One-Step,NYSE:OLN,0.0
2020-08-11,12,AR1 alpha + Basic + One-Step,NYSE:OLN,0.0
2020-08-12,12,AR1 alpha + Basic + One-Step,NYSE:OLN,0.0
2020-08-13,12,AR1 alpha + Basic + One-Step,NYSE:OLN,0.0
2020-08-14,12,AR1 alpha + Basic + One-Step,NYSE:OLN,0.0
2020-08-17,12,AR1 alpha + Basic + One-Step,NYSE:OLN,0.0
2020-08-18,12,AR1 alpha + Basic + One-Step,NYSE:OLN,0.0
2020-08-19,12,AR1 alpha + Basic + One-Step,NYSE:OLN,0.0
2020-08-20,12,AR1 alpha + Basic + One-Step,NYSE:OLN,1.0146123584716544e-07
2020-08-21,12,AR1 alpha + Basic + One-Step,NYSE:OLN,0.0
2020-08-24,12,AR1 alpha + Basic + One-Step,NYSE:OLN,0.0
2020-08-25,12,AR1 alpha + Basic + One-Step,NYSE:OLN,0.0
2020-08-26,12,AR1 alpha + Basic + One-Step,NYSE:OLN,0.0
2020-08-27,12,AR1 alpha + Basic + One-Step,NYSE:OLN,0.0
2020-08-28,12,AR1 alpha + Basic + One-Step,NYSE:OLN,0.0
2020-08-31,12,AR1 alpha + Basic + One-Step,NYSE:OLN,0.0
2020-09-01,12,AR1 alpha + Basic + One-Step,NYSE:OLN,0.0
2020-09-02,12,AR1 alpha + Basic + One-Step,NYSE:OLN,0.0
2020-09-03,12,AR1 alpha + Basic + One-Step,NYSE:OLN,0.0
2020-09-04,12,AR1 alpha + Basic + One-Step,NYSE:OLN,0.0
2020-09-08,12,AR1 alpha + Basic + One-Step,NYSE:OLN,0.0
2020-09-09,12,AR1 alpha + Basic + One-Step,NYSE:OLN,1.7846878045584274e-08
2020-09-10,12,AR1 alpha + Basic + One-Step,NYSE:OLN,2.2442568389443107e-08
2020-09-11,12,AR1 alpha + Basic + One-Step,NYSE:OLN,0.0
2020-09-14,12,AR1 alpha + Basic + One-Step,NYSE:OLN,0.0
2020-09-15,12,AR1 alpha + Basic + One-Step,NYSE:OLN,0.0
2020-09-16,12,AR1 alpha + Basic + One-Step,NYSE:OLN,0.0
2020-09-17,12,AR1 alpha + Basic + One-Step,NYSE:OLN,0.0
2020-09-18,12,AR1 alpha + Basic + One-Step,NYSE:OLN,0.0
2020-09-21,12,AR1 alpha + Basic + One-Step,NYSE:OLN,0.0
2020-09-22,12,AR1 alpha + Basic + One-Step,NYSE:OLN,0.0
2020-09-23,12,AR1 alpha + Basic + One-Step,NYSE:OLN,3.9789642263646745e-09
2020-09-24,12,AR1 alpha + Basic + One-Step,NYSE:OLN,4.799529332749567e-08
2020-09-25,12,AR1 alpha + Basic + One-Step,NYSE:OLN,0.0
2020-09-28,12,AR1 alpha + Basic + One-Step,NYSE:OLN,0.0
2020-09-29,12,AR1 alpha + Basic + One-Step,NYSE:OLN,0.0
2020-09-30,12,AR1 alpha + Basic + One-Step,NYSE:OLN,0.0
2020-10-01,12,AR1 alpha + Basic + One-Step,NYSE:OLN,1.5593015791575658e-07
2020-10-02,12,AR1 alpha + Basic + One-Step,NYSE:OLN,0.0
2020-10-05,12,AR1 alpha + Basic + One-Step,NYSE:OLN,4.6392604547110075e-09
2020-10-06,12,AR1 alpha + Basic + One-Step,NYSE:OLN,0.0
2020-10-07,12,AR1 alpha + Basic + One-Step,NYSE:OLN,1.7301012891296949e-07
2020-10-08,12,AR1 alpha + Basic + One-Step,NYSE:OLN,0.0
2020-10-09,12,AR1 alpha + Basic + One-Step,NYSE:OLN,0.0
2020-10-12,12,AR1 alpha + Basic + One-Step,NYSE:OLN,0.0
2020-10-13,12,AR1 alpha + Basic + One-Step,NYSE:OLN,0.0
2020-10-14,12,AR1 alpha + Basic + One-Step,NYSE:OLN,0.0
2020-10-15,12,AR1 alpha + Basic + One-Step,NYSE:OLN,0.0
2020-10-16,12,AR1 alpha + Basic + One-Step,NYSE:OLN,0.0
2020-10-19,12,AR1 alpha + Basic + One-Step,NYSE:OLN,1.0284429391123792e-07
2020-10-20,12,AR1 alpha + Basic + One-Step,NYSE:OLN,0.0
2020-10-21,12,AR1 alpha + Basic + One-Step,NYSE:OLN,0.0
2020-10-22,12,AR1 alpha + Basic + One-Step,NYSE:OLN,0.0
2020-10-23,12,AR1 alpha + Basic + One-Step,NYSE:OLN,0.0
2020-10-26,12,AR1 alpha + Basic + One-Step,NYSE:OLN,0.0
2020-10-27,12,AR1 alpha + Basic + One-Step,NYSE:OLN,7.157101794997197e-09
2020-10-28,12,AR1 alpha + Basic + One-Step,NYSE:OLN,8.087829253548473e-09
2020-10-29,12,AR1 alpha + Basic + One-Step,NYSE:OLN,8.479288045714724e-10
2020-10-30,12,AR1 alpha + Basic + One-Step,NYSE:OLN,0.0
2020-11-02,12,AR1 alpha + Basic + One-Step,NYSE:OLN,0.0
2020-11-03,12,AR1 alpha + Basic + One-Step,NYSE:OLN,0.0
2020-11-04,12,AR1 alpha + Basic + One-Step,NYSE:OLN,0.0
2020-11-05,12,AR1 alpha + Basic + One-Step,NYSE:OLN,0.0
2020-11-06,12,AR1 alpha + Basic + One-Step,NYSE:OLN,0.0014151412272310857
2020-11-09,12,AR1 alpha + Basic + One-Step,NYSE:OLN,0.0
2020-11-10,12,AR1 alpha + Basic + One-Step,NYSE:OLN,0.008578670342630445
2020-11-11,12,AR1 alpha + Basic + One-Step,NYSE:OLN,0.021388490957992102
2020-11-12,12,AR1 alpha + Basic + One-Step,NYSE:OLN,0.03849934123108427
2020-11-13,12,AR1 alpha + Basic + One-Step,NYSE:OLN,0.039126252203235484
2020-11-16,12,AR1 alpha + Basic + One-Step,NYSE:OLN,0.027978099804263194
2020-11-17,12,AR1 alpha + Basic + One-Step,NYSE:OLN,0.039194185200415115
2020-11-18,12,AR1 alpha + Basic + One-Step,NYSE:OLN,0.03577657424332374
2020-11-19,12,AR1 alpha + Basic + One-Step,NYSE:OLN,0.03577671304360127
2020-11-20,12,AR1 alpha + Basic + One-Step,NYSE:OLN,0.033062385854805594
2020-11-23,12,AR1 alpha + Basic + One-Step,NYSE:OLN,0.03400775633455823
2020-11-24,12,AR1 alpha + Basic + One-Step,NYSE:OLN,0.02764798557216677
2020-11-25,12,AR1 alpha + Basic + One-Step,NYSE:OLN,0.01536308127240335
2020-11-27,12,AR1 alpha + Basic + One-Step,NYSE:OLN,0.026558419948919127
2020-11-30,12,AR1 alpha + Basic + One-Step,NYSE:OLN,0.0024678221388759252
2020-12-01,12,AR1 alpha + Basic + One-Step,NYSE:OLN,0.0025558727245135276
2020-12-02,12,AR1 alpha + Basic + One-Step,NYSE:OLN,0.005476030273711252
2020-12-03,12,AR1 alpha + Basic + One-Step,NYSE:OLN,0.011957897380412716
2020-12-04,12,AR1 alpha + Basic + One-Step,NYSE:OLN,0.009347308578842623
2020-12-07,12,AR1 alpha + Basic + One-Step,NYSE:OLN,0.0014547598087372754
2020-12-08,12,AR1 alpha + Basic + One-Step,NYSE:OLN,1.7306596280213307e-07
2020-12-09,12,AR1 alpha + Basic + One-Step,NYSE:OLN,0.0
2020-12-10,12,AR1 alpha + Basic + One-Step,NYSE:OLN,0.0
2020-12-11,12,AR1 alpha + Basic + One-Step,NYSE:OLN,2.9530650506474465e-07
2020-12-14,12,AR1 alpha + Basic + One-Step,NYSE:OLN,3.0540996072155523e-07
2020-12-15,12,AR1 alpha + Basic + One-Step,NYSE:OLN,0.011951453310446402
2020-12-16,12,AR1 alpha + Basic + One-Step,NYSE:OLN,0.010771385885961434
2020-12-17,12,AR1 alpha + Basic + One-Step,NYSE:OLN,0.012296509835007352
2020-12-18,12,AR1 alpha + Basic + One-Step,NYSE:OLN,0.020226661332230136
2020-12-21,12,AR1 alpha + Basic + One-Step,NYSE:OLN,0.010660400785451938
2020-12-22,12,AR1 alpha + Basic + One-Step,NYSE:OLN,0.022117390945852952
2020-12-23,12,AR1 alpha + Basic + One-Step,NYSE:OLN,0.015873255586748538
2020-12-24,12,AR1 alpha + Basic + One-Step,NYSE:OLN,0.032680542815633255
2020-12-28,12,AR1 alpha + Basic + One-Step,NYSE:OLN,0.019288060805140464
2020-12-29,12,AR1 alpha + Basic + One-Step,NYSE:OLN,0.0
2020-12-30,12,AR1 alpha + Basic + One-Step,NYSE:OLN,0.02238782364525228
2020-12-31,12,AR1 alpha + Basic + One-Step,NYSE:OLN,0.0082931193756267
2021-01-04,12,AR1 alpha + Basic + One-Step,NYSE:OLN,0.0
2021-01-05,12,AR1 alpha + Basic + One-Step,NYSE:OLN,0.0
2021-01-06,12,AR1 alpha + Basic + One-Step,NYSE:OLN,0.024557671894146184
2021-01-07,12,AR1 alpha + Basic + One-Step,NYSE:OLN,0.052105835688152656
2021-01-08,12,AR1 alpha + Basic + One-Step,NYSE:OLN,0.05440578661105324
2021-01-11,12,AR1 alpha + Basic + One-Step,NYSE:OLN,0.0497982886894491
2021-01-12,12,AR1 alpha + Basic + One-Step,NYSE:OLN,0.05446990638198886
2021-01-13,12,AR1 alpha + Basic + One-Step,NYSE:OLN,0.0393967857633981
2021-01-14,12,AR1 alpha + Basic + One-Step,NYSE:OLN,0.05176925208063484
2021-01-15,12,AR1 alpha + Basic + One-Step,NYSE:OLN,0.039281721190290705
2021-01-19,12,AR1 alpha + Basic + One-Step,NYSE:OLN,0.05530712112172492
2021-01-20,12,AR1 alpha + Basic + One-Step,NYSE:OLN,0.04378613988658326
2021-01-21,12,AR1 alpha + Basic + One-Step,NYSE:OLN,0.043151330392804686
2021-01-22,12,AR1 alpha + Basic + One-Step,NYSE:OLN,0.03479035532666628
2021-01-25,12,AR1 alpha + Basic + One-Step,NYSE:OLN,0.00477815688615796
2021-01-26,12,AR1 alpha + Basic + One-Step,NYSE:OLN,0.0
2021-01-27,12,AR1 alpha + Basic + One-Step,NYSE:OLN,0.0
2021-01-28,12,AR1 alpha + Basic + One-Step,NYSE:OLN,0.0
2021-01-29,12,AR1 alpha + Basic + One-Step,NYSE:OLN,0.0
2021-02-01,12,AR1 alpha + Basic + One-Step,NYSE:OLN,6.500533754582917e-08
2021-02-02,12,AR1 alpha + Basic + One-Step,NYSE:OLN,0.0
2021-02-03,12,AR1 alpha + Basic + One-Step,NYSE:OLN,6.121075853640089e-09
2021-02-04,12,AR1 alpha + Basic + One-Step,NYSE:OLN,0.0
2021-02-05,12,AR1 alpha + Basic + One-Step,NYSE:OLN,0.0
2021-02-08,12,AR1 alpha + Basic + One-Step,NYSE:OLN,5.991013465849008e-07
2021-02-09,12,AR1 alpha + Basic + One-Step,NYSE:OLN,0.0
2021-02-10,12,AR1 alpha + Basic + One-Step,NYSE:OLN,8.300575312877733e-08
2021-02-11,12,AR1 alpha + Basic + One-Step,NYSE:OLN,0.013905581150280273
2021-02-12,12,AR1 alpha + Basic + One-Step,NYSE:OLN,0.014173731999944594
2021-02-16,12,AR1 alpha + Basic + One-Step,NYSE:OLN,0.0
2021-02-17,12,AR1 alpha + Basic + One-Step,NYSE:OLN,0.0
2021-02-18,12,AR1 alpha + Basic + One-Step,NYSE:OLN,0.013876890192764583
2021-02-19,12,AR1 alpha + Basic + One-Step,NYSE:OLN,0.0
2021-02-22,12,AR1 alpha + Basic + One-Step,NYSE:OLN,1.2013979194103105e-07
2021-02-23,12,AR1 alpha + Basic + One-Step,NYSE:OLN,7.456113609980097e-08
2021-02-24,12,AR1 alpha + Basic + One-Step,NYSE:OLN,0.0
2021-02-25,12,AR1 alpha + Basic + One-Step,NYSE:OLN,0.0
2021-02-26,12,AR1 alpha + Basic + One-Step,NYSE:OLN,8.489825948273771e-07
2021-03-01,12,AR1 alpha + Basic + One-Step,NYSE:OLN,0.0
2021-03-02,12,AR1 alpha + Basic + One-Step,NYSE:OLN,2.1699340638273224e-08
2021-03-03,12,AR1 alpha + Basic + One-Step,NYSE:OLN,0.0
2021-03-04,12,AR1 alpha + Basic + One-Step,NYSE:OLN,0.0
2021-03-05,12,AR1 alpha + Basic + One-Step,NYSE:OLN,0.0
2021-03-08,12,AR1 alpha + Basic + One-Step,NYSE:OLN,0.0
2021-03-09,12,AR1 alpha + Basic + One-Step,NYSE:OLN,0.0
2021-03-10,12,AR1 alpha + Basic + One-Step,NYSE:OLN,0.0
2021-03-11,12,AR1 alpha + Basic + One-Step,NYSE:OLN,0.0010309440441950268
2021-03-12,12,AR1 alpha + Basic + One-Step,NYSE:OLN,0.009697735769963129
2021-03-15,12,AR1 alpha + Basic + One-Step,NYSE:OLN,0.027419104809477703
2021-03-16,12,AR1 alpha + Basic + One-Step,NYSE:OLN,0.01629790570428785
2021-03-17,12,AR1 alpha + Basic + One-Step,NYSE:OLN,0.01687640483656748
2021-03-18,12,AR1 alpha + Basic + One-Step,NYSE:OLN,0.028516504777797286
2021-03-19,12,AR1 alpha + Basic + One-Step,NYSE:OLN,0.03365988901062172
2021-03-22,12,AR1 alpha + Basic + One-Step,NYSE:OLN,0.03737450509265236
2021-03-23,12,AR1 alpha + Basic + One-Step,NYSE:OLN,0.0
2021-03-24,12,AR1 alpha + Basic + One-Step,NYSE:OLN,0.01823564765050709
2021-03-25,12,AR1 alpha + Basic + One-Step,NYSE:OLN,0.04144441467360415
2021-03-26,12,AR1 alpha + Basic + One-Step,NYSE:OLN,0.07056229720252558
2021-03-29,12,AR1 alpha + Basic + One-Step,NYSE:OLN,0.06527288308334589
2021-03-30,12,AR1 alpha + Basic + One-Step,NYSE:OLN,0.08854138062449039
2021-03-31,12,AR1 alpha + Basic + One-Step,NYSE:OLN,0.07615112534866572
2021-04-01,12,AR1 alpha + Basic + One-Step,NYSE:OLN,0.09435490670144606
2021-04-05,12,AR1 alpha + Basic + One-Step,NYSE:OLN,0.08841269723904274
2021-04-06,12,AR1 alpha + Basic + One-Step,NYSE:OLN,0.08935635814477068
2021-04-07,12,AR1 alpha + Basic + One-Step,NYSE:OLN,0.08693858371200483
2021-04-08,12,AR1 alpha + Basic + One-Step,NYSE:OLN,0.0818401835662923
2021-04-09,12,AR1 alpha + Basic + One-Step,NYSE:OLN,0.075136189009517
2021-04-12,12,AR1 alpha + Basic + One-Step,NYSE:OLN,0.072303277956111
2021-04-13,12,AR1 alpha + Basic + One-Step,NYSE:OLN,0.07230014781106575
2021-04-14,12,AR1 alpha + Basic + One-Step,NYSE:OLN,0.07230474536277458
2021-04-15,12,AR1 alpha + Basic + One-Step,NYSE:OLN,0.08000624761785122
2021-04-16,12,AR1 alpha + Basic + One-Step,NYSE:OLN,0.07851439093512855
2021-04-19,12,AR1 alpha + Basic + One-Step,NYSE:OLN,0.08026780807571308
2021-04-20,12,AR1 alpha + Basic + One-Step,NYSE:OLN,0.08349230489474578
2021-04-21,12,AR1 alpha + Basic + One-Step,NYSE:OLN,0.07704163104426508
2021-04-22,12,AR1 alpha + Basic + One-Step,NYSE:OLN,0.07580173815584325
2021-04-23,12,AR1 alpha + Basic + One-Step,NYSE:OLN,0.043013721670828495
2021-04-26,12,AR1 alpha + Basic + One-Step,NYSE:OLN,0.04727179675518867
2021-04-27,12,AR1 alpha + Basic + One-Step,NYSE:OLN,0.05158007742251061
2021-04-28,12,AR1 alpha + Basic + One-Step,NYSE:OLN,0.027200161263961284
2021-04-29,12,AR1 alpha + Basic + One-Step,NYSE:OLN,0.07613810051467963
2021-04-30,12,AR1 alpha + Basic + One-Step,NYSE:OLN,0.09151413465658505
2021-05-03,12,AR1 alpha + Basic + One-Step,NYSE:OLN,0.0915140602903391
2021-05-04,12,AR1 alpha + Basic + One-Step,NYSE:OLN,0.09850331154083482
2021-05-05,12,AR1 alpha + Basic + One-Step,NYSE:OLN,0.09932626283929824
2021-05-06,12,AR1 alpha + Basic + One-Step,NYSE:OLN,0.09998887364993857
2021-05-07,12,AR1 alpha + Basic + One-Step,NYSE:OLN,0.09998650672893847
2021-05-10,12,AR1 alpha + Basic + One-Step,NYSE:OLN,0.09998453524391249
2021-05-11,12,AR1 alpha + Basic + One-Step,NYSE:OLN,0.0999816911060187
2021-05-12,12,AR1 alpha + Basic + One-Step,NYSE:OLN,0.099991180606783
2021-05-13,12,AR1 alpha + Basic + One-Step,NYSE:OLN,0.09999551357079552
2021-05-14,12,AR1 alpha + Basic + One-Step,NYSE:OLN,0.09999849291281623
2021-05-17,12,AR1 alpha + Basic + One-Step,NYSE:OLN,0.09998601488742666
2021-05-18,12,AR1 alpha + Basic + One-Step,NYSE:OLN,0.09999192347702439
2021-05-19,12,AR1 alpha + Basic + One-Step,NYSE:OLN,0.09999730349341711
2021-05-20,12,AR1 alpha + Basic + One-Step,NYSE:OLN,0.09999913003521602
2021-05-21,12,AR1 alpha + Basic + One-Step,NYSE:OLN,0.09999655999349492
2021-05-24,12,AR1 alpha + Basic + One-Step,NYSE:OLN,0.09999230572730576
2021-05-25,12,AR1 alpha + Basic + One-Step,NYSE:OLN,0.09999091792681158
2021-05-26,12,AR1 alpha + Basic + One-Step,NYSE:OLN,0.09999677732394144
2021-05-27,12,AR1 alpha + Basic + One-Step,NYSE:OLN,0.09999887413885122
2021-05-28,12,AR1 alpha + Basic + One-Step,NYSE:OLN,0.09999630507087405
2021-06-01,12,AR1 alpha + Basic + One-Step,NYSE:OLN,0.09999803958311017
2021-06-02,12,AR1 alpha + Basic + One-Step,NYSE:OLN,0.09999046589055967
2021-06-03,12,AR1 alpha + Basic + One-Step,NYSE:OLN,0.09998939962457296
2021-06-04,12,AR1 alpha + Basic + One-Step,NYSE:OLN,0.09999365763645181
2021-06-07,12,AR1 alpha + Basic + One-Step,NYSE:OLN,0.09999764190751881
2021-06-08,12,AR1 alpha + Basic + One-Step,NYSE:OLN,0.09999919775142281
2021-06-09,12,AR1 alpha + Basic + One-Step,NYSE:OLN,0.0999996197863189
2021-06-10,12,AR1 alpha + Basic + One-Step,NYSE:OLN,0.09999979885701683
2021-06-11,12,AR1 alpha + Basic + One-Step,NYSE:OLN,0.09999913567014405
2021-06-14,12,AR1 alpha + Basic + One-Step,NYSE:OLN,0.09999095912097439
2021-06-15,12,AR1 alpha + Basic + One-Step,NYSE:OLN,0.09999496834031536
2021-06-16,12,AR1 alpha + Basic + One-Step,NYSE:OLN,0.09999009928138163
2021-06-17,12,AR1 alpha + Basic + One-Step,NYSE:OLN,0.09999539341986124
2021-06-18,12,AR1 alpha + Basic + One-Step,NYSE:OLN,0.09999451028472085
2021-06-21,12,AR1 alpha + Basic + One-Step,NYSE:OLN,0.09999317816251416
2021-06-22,12,AR1 alpha + Basic + One-Step,NYSE:OLN,0.10000001345531877
2021-06-23,12,AR1 alpha + Basic + One-Step,NYSE:OLN,0.10000024164670107
2021-06-24,12,AR1 alpha + Basic + One-Step,NYSE:OLN,0.10000046747568352
2021-06-25,12,AR1 alpha + Basic + One-Step,NYSE:OLN,0.09999186486951386
2021-06-28,12,AR1 alpha + Basic + One-Step,NYSE:OLN,0.09999406922308512
2021-06-29,12,AR1 alpha + Basic + One-Step,NYSE:OLN,0.09999309613566687
2021-06-30,12,AR1 alpha + Basic + One-Step,NYSE:OLN,0.09999978474513505
2021-07-01,12,AR1 alpha + Basic + One-Step,NYSE:OLN,0.09999627338099142
2021-07-02,12,AR1 alpha + Basic + One-Step,NYSE:OLN,0.09999202238762002
2021-07-06,12,AR1 alpha + Basic + One-Step,NYSE:OLN,0.099995054993159
2021-07-07,12,AR1 alpha + Basic + One-Step,NYSE:OLN,0.09998608453257155
2021-07-08,12,AR1 alpha + Basic + One-Step,NYSE:OLN,0.09998392571275108
2021-07-09,12,AR1 alpha + Basic + One-Step,NYSE:OLN,0.09997804394392024
2021-07-12,12,AR1 alpha + Basic + One-Step,NYSE:OLN,0.0999897047055682
2021-07-13,12,AR1 alpha + Basic + One-Step,NYSE:OLN,0.09999551681566972
2021-07-14,12,AR1 alpha + Basic + One-Step,NYSE:OLN,0.09998785249437671
2021-07-15,12,AR1 alpha + Basic + One-Step,NYSE:OLN,0.09998832721916567
2021-07-16,12,AR1 alpha + Basic + One-Step,NYSE:OLN,0.09999284904091738
2021-07-19,12,AR1 alpha + Basic + One-Step,NYSE:OLN,0.09998856109516784
2021-07-20,12,AR1 alpha + Basic + One-Step,NYSE:OLN,0.09998856009077955
2021-07-21,12,AR1 alpha + Basic + One-Step,NYSE:OLN,0.09999138129352991
2021-07-22,12,AR1 alpha + Basic + One-Step,NYSE:OLN,0.09998815109202495
2021-07-23,12,AR1 alpha + Basic + One-Step,NYSE:OLN,0.09998687076967679
2021-07-26,12,AR1 alpha + Basic + One-Step,NYSE:OLN,0.09999504795138514
2021-07-27,12,AR1 alpha + Basic + One-Step,NYSE:OLN,0.0999996319040459
2021-07-28,12,AR1 alpha + Basic + One-Step,NYSE:OLN,0.09999151071978145
2021-07-29,12,AR1 alpha + Basic + One-Step,NYSE:OLN,0.09998477678643483
2021-07-30,12,AR1 alpha + Basic + One-Step,NYSE:OLN,0.0999834913593008
2021-08-02,12,AR1 alpha + Basic + One-Step,NYSE:OLN,0.09999201723088165
2021-08-03,12,AR1 alpha + Basic + One-Step,NYSE:OLN,0.09999949382120833
2021-08-04,12,AR1 alpha + Basic + One-Step,NYSE:OLN,0.09999974948381249
2021-08-05,12,AR1 alpha + Basic + One-Step,NYSE:OLN,0.09999412525463713
2021-08-06,12,AR1 alpha + Basic + One-Step,NYSE:OLN,0.09999134129424485
2021-08-09,12,AR1 alpha + Basic + One-Step,NYSE:OLN,0.09999599939445337
2021-08-10,12,AR1 alpha + Basic + One-Step,NYSE:OLN,0.0999982082476286
2021-08-11,12,AR1 alpha + Basic + One-Step,NYSE:OLN,0.0999992623015893
2021-08-12,12,AR1 alpha + Basic + One-Step,NYSE:OLN,0.09999189336365291
2021-08-13,12,AR1 alpha + Basic + One-Step,NYSE:OLN,0.09999036547812781
2021-08-16,12,AR1 alpha + Basic + One-Step,NYSE:OLN,0.09999574980862769
2021-08-17,12,AR1 alpha + Basic + One-Step,NYSE:OLN,0.09999804971183526
2021-08-18,12,AR1 alpha + Basic + One-Step,NYSE:OLN,0.09999251801689318
2021-08-19,12,AR1 alpha + Basic + One-Step,NYSE:OLN,0.09998495990790182
2021-08-20,12,AR1 alpha + Basic + One-Step,NYSE:OLN,0.09999278648365989
2021-08-23,12,AR1 alpha + Basic + One-Step,NYSE:OLN,0.09998654333323224
2021-08-24,12,AR1 alpha + Basic + One-Step,NYSE:OLN,0.09999387806639935
2021-08-25,12,AR1 alpha + Basic + One-Step,NYSE:OLN,0.09999243737629177
2021-08-26,12,AR1 alpha + Basic + One-Step,NYSE:OLN,0.09999675382803253
2021-08-27,12,AR1 alpha + Basic + One-Step,NYSE:OLN,0.0999988026921433
2021-08-30,12,AR1 alpha + Basic + One-Step,NYSE:OLN,0.09999943280187622
2021-08-31,12,AR1 alpha + Basic + One-Step,NYSE:OLN,0.09999826461378053
2021-09-01,12,AR1 alpha + Basic + One-Step,NYSE:OLN,0.09998780434385804
2021-09-02,12,AR1 alpha + Basic + One-Step,NYSE:OLN,0.09999336117477285
2021-09-03,12,AR1 alpha + Basic + One-Step,NYSE:OLN,0.09998892989449158
2021-09-07,12,AR1 alpha + Basic + One-Step,NYSE:OLN,0.0999833484346835
2021-09-08,12,AR1 alpha + Basic + One-Step,NYSE:OLN,0.09997563569121076
2021-09-09,12,AR1 alpha + Basic + One-Step,NYSE:OLN,0.09999996136931107
2021-09-10,12,AR1 alpha + Basic + One-Step,NYSE:OLN,0.09999802723740125
2021-09-13,12,AR1 alpha + Basic + One-Step,NYSE:OLN,0.09999841884300892
2021-09-14,12,AR1 alpha + Basic + One-Step,NYSE:OLN,0.09999931127600732
2021-09-15,12,AR1 alpha + Basic + One-Step,NYSE:OLN,0.09999673985593112
2021-09-16,12,AR1 alpha + Basic + One-Step,NYSE:OLN,0.09999555139003546
2021-09-17,12,AR1 alpha + Basic + One-Step,NYSE:OLN,0.0999904280396679
2021-09-20,12,AR1 alpha + Basic + One-Step,NYSE:OLN,0.09999505616589834
2021-09-21,12,AR1 alpha + Basic + One-Step,NYSE:OLN,0.09999771092784315
2021-09-22,12,AR1 alpha + Basic + One-Step,NYSE:OLN,0.09999277625577732
2021-09-23,12,AR1 alpha + Basic + One-Step,NYSE:OLN,0.0999933501990896
2021-09-24,12,AR1 alpha + Basic + One-Step,NYSE:OLN,0.09999073483941437
2021-09-27,12,AR1 alpha + Basic + One-Step,NYSE:OLN,0.0999937832092065
2021-09-28,12,AR1 alpha + Basic + One-Step,NYSE:OLN,0.0999891504966173
2021-09-29,12,AR1 alpha + Basic + One-Step,NYSE:OLN,0.09999472279053725
2021-09-30,12,AR1 alpha + Basic + One-Step,NYSE:OLN,0.09998948871451918
2021-10-01,12,AR1 alpha + Basic + One-Step,NYSE:OLN,0.09999423331709682
2021-10-04,12,AR1 alpha + Basic + One-Step,NYSE:OLN,0.09999216604325716
2021-10-05,12,AR1 alpha + Basic + One-Step,NYSE:OLN,0.09999660645771022
2021-10-06,12,AR1 alpha + Basic + One-Step,NYSE:OLN,0.0999969278371644
2021-10-07,12,AR1 alpha + Basic + One-Step,NYSE:OLN,0.09999717738910735
2021-10-08,12,AR1 alpha + Basic + One-Step,NYSE:OLN,0.0999977557520631
2021-10-11,12,AR1 alpha + Basic + One-Step,NYSE:OLN,0.09999413716294137
2021-10-12,12,AR1 alpha + Basic + One-Step,NYSE:OLN,0.09999707886477713
2021-10-13,12,AR1 alpha + Basic + One-Step,NYSE:OLN,0.09999763866705338
2021-10-14,12,AR1 alpha + Basic + One-Step,NYSE:OLN,0.09999709414215038
2021-10-15,12,AR1 alpha + Basic + One-Step,NYSE:OLN,0.09999166423127297
2021-10-18,12,AR1 alpha + Basic + One-Step,NYSE:OLN,0.09999104767223829
2021-10-19,12,AR1 alpha + Basic + One-Step,NYSE:OLN,0.09999504775038168
2021-10-20,12,AR1 alpha + Basic + One-Step,NYSE:OLN,0.09999497019017546
2021-10-21,12,AR1 alpha + Basic + One-Step,NYSE:OLN,0.09998937549195472
2021-10-22,12,AR1 alpha + Basic + One-Step,NYSE:OLN,0.0
2021-10-25,12,AR1 alpha + Basic + One-Step,NYSE:OLN,0.01784264246988038
2021-10-26,12,AR1 alpha + Basic + One-Step,NYSE:OLN,0.06917966011389771
2021-10-27,12,AR1 alpha + Basic + One-Step,NYSE:OLN,0.09999534285014745
2021-10-28,12,AR1 alpha + Basic + One-Step,NYSE:OLN,0.09999655370871884
2021-10-29,12,AR1 alpha + Basic + One-Step,NYSE:OLN,0.09999439610725486
2021-11-01,12,AR1 alpha + Basic + One-Step,NYSE:OLN,0.0999977553138714
2021-11-02,12,AR1 alpha + Basic + One-Step,NYSE:OLN,0.09999380048326915
2021-11-03,12,AR1 alpha + Basic + One-Step,NYSE:OLN,0.09999054495181305
2021-11-04,12,AR1 alpha + Basic + One-Step,NYSE:OLN,0.09998818568559699
2021-11-05,12,AR1 alpha + Basic + One-Step,NYSE:OLN,0.09999457065447467
2021-11-08,12,AR1 alpha + Basic + One-Step,NYSE:OLN,0.09999312087551537
2021-11-09,12,AR1 alpha + Basic + One-Step,NYSE:OLN,0.09999698546511948
2021-11-10,12,AR1 alpha + Basic + One-Step,NYSE:OLN,0.09999860172747295
2021-11-11,12,AR1 alpha + Basic + One-Step,NYSE:OLN,0.09999807411589468
2021-11-12,12,AR1 alpha + Basic + One-Step,NYSE:OLN,0.09999669797464263
2021-11-15,12,AR1 alpha + Basic + One-Step,NYSE:OLN,0.0999951836903722
2021-11-16,12,AR1 alpha + Basic + One-Step,NYSE:OLN,0.09999061772672334
2021-11-17,12,AR1 alpha + Basic + One-Step,NYSE:OLN,0.09999066833471186
2021-11-18,12,AR1 alpha + Basic + One-Step,NYSE:OLN,0.09998938321241711
2021-11-19,12,AR1 alpha + Basic + One-Step,NYSE:OLN,0.09998831791879546
2021-11-22,12,AR1 alpha + Basic + One-Step,NYSE:OLN,0.09998778611852055
2021-11-23,12,AR1 alpha + Basic + One-Step,NYSE:OLN,0.09998566748511539
2021-11-24,12,AR1 alpha + Basic + One-Step,NYSE:OLN,0.09998276096593799
2021-11-26,12,AR1 alpha + Basic + One-Step,NYSE:OLN,0.09997814112703683
2021-11-29,12,AR1 alpha + Basic + One-Step,NYSE:OLN,0.09998911821678944
2021-11-30,12,AR1 alpha + Basic + One-Step,NYSE:OLN,0.09999083522211691
2021-12-01,12,AR1 alpha + Basic + One-Step,NYSE:OLN,0.09999022059953064
2021-12-02,12,AR1 alpha + Basic + One-Step,NYSE:OLN,0.0999925727804019
2021-12-03,12,AR1 alpha + Basic + One-Step,NYSE:OLN,0.09999640868900861
2021-12-06,12,AR1 alpha + Basic + One-Step,NYSE:OLN,0.0999913002646367
2021-12-07,12,AR1 alpha + Basic + One-Step,NYSE:OLN,0.09998630136202359
2021-12-08,12,AR1 alpha + Basic + One-Step,NYSE:OLN,0.09999116861558732
2021-12-09,12,AR1 alpha + Basic + One-Step,NYSE:OLN,0.09998839963685739
2021-12-10,12,AR1 alpha + Basic + One-Step,NYSE:OLN,0.09999510714704983
2021-12-13,12,AR1 alpha + Basic + One-Step,NYSE:OLN,0.09999015724223952
2021-12-14,12,AR1 alpha + Basic + One-Step,NYSE:OLN,0.09999556405846366
2021-12-15,12,AR1 alpha + Basic + One-Step,NYSE:OLN,0.09999287757695481
2021-12-16,12,AR1 alpha + Basic + One-Step,NYSE:OLN,0.09999163210484653
2021-12-17,12,AR1 alpha + Basic + One-Step,NYSE:OLN,0.09998731516229006
2021-12-20,12,AR1 alpha + Basic + One-Step,NYSE:OLN,0.09998351574714913
2021-12-21,12,AR1 alpha + Basic + One-Step,NYSE:OLN,0.09997717148131342
2021-12-22,12,AR1 alpha + Basic + One-Step,NYSE:OLN,0.10000038165672823
2021-12-23,12,AR1 alpha + Basic + One-Step,NYSE:OLN,0.09999628633537669
2021-12-27,12,AR1 alpha + Basic + One-Step,NYSE:OLN,0.09999076270008739
2021-12-28,12,AR1 alpha + Basic + One-Step,NYSE:OLN,0.09998352459512502
2021-12-29,12,AR1 alpha + Basic + One-Step,NYSE:OLN,0.09999877574794622
2021-12-30,12,AR1 alpha + Basic + One-Step,NYSE:OLN,0.10000024501072628
2021-12-31,12,AR1 alpha + Basic + One-Step,NYSE:OLN,0.09999994575807826
2022-01-03,12,AR1 alpha + Basic + One-Step,NYSE:OLN,0.10000002568083262
2022-01-04,12,AR1 alpha + Basic + One-Step,NYSE:OLN,0.10000000000000005
2022-01-05,12,AR1 alpha + Basic + One-Step,NYSE:OLN,0.09999999999999995
2022-01-06,12,AR1 alpha + Basic + One-Step,NYSE:OLN,0.09999542805147116
2022-01-07,12,AR1 alpha + Basic + One-Step,NYSE:OLN,0.0999979467444797
2022-01-10,12,AR1 alpha + Basic + One-Step,NYSE:OLN,0.09999344885736668
2022-01-11,12,AR1 alpha + Basic + One-Step,NYSE:OLN,0.09998789617904008
2022-01-12,12,AR1 alpha + Basic + One-Step,NYSE:OLN,0.09998805274572599
2022-01-13,12,AR1 alpha + Basic + One-Step,NYSE:OLN,0.10000001695971959
2022-01-14,12,AR1 alpha + Basic + One-Step,NYSE:OLN,0.0999951686666161
2022-01-18,12,AR1 alpha + Basic + One-Step,NYSE:OLN,0.09999248836847023
2022-01-19,12,AR1 alpha + Basic + One-Step,NYSE:OLN,0.09998885043465516
2022-01-20,12,AR1 alpha + Basic + One-Step,NYSE:OLN,0.09998536836319326
2022-01-21,12,AR1 alpha + Basic + One-Step,NYSE:OLN,0.10000042563189884
2022-01-24,12,AR1 alpha + Basic + One-Step,NYSE:OLN,0.09999961986973509
2022-01-25,12,AR1 alpha + Basic + One-Step,NYSE:OLN,0.09999373866416963
2022-01-26,12,AR1 alpha + Basic + One-Step,NYSE:OLN,0.09999727633405299
2022-01-27,12,AR1 alpha + Basic + One-Step,NYSE:OLN,0.09999612430571359
2022-01-28,12,AR1 alpha + Basic + One-Step,NYSE:OLN,0.09999831309258496
2022-01-31,12,AR1 alpha + Basic + One-Step,NYSE:OLN,0.09344962864081016
2022-02-01,12,AR1 alpha + Basic + One-Step,NYSE:OLN,0.09999400254196826
2022-02-02,12,AR1 alpha + Basic + One-Step,NYSE:OLN,0.09998976162057441
2022-02-03,12,AR1 alpha + Basic + One-Step,NYSE:OLN,0.09998932432931197
2022-02-04,12,AR1 alpha + Basic + One-Step,NYSE:OLN,0.0999955952612235
2022-02-07,12,AR1 alpha + Basic + One-Step,NYSE:OLN,0.09999822209245755
2022-02-08,12,AR1 alpha + Basic + One-Step,NYSE:OLN,0.09611240176015104
2022-02-09,12,AR1 alpha + Basic + One-Step,NYSE:OLN,0.08714546029527333
2022-02-10,12,AR1 alpha + Basic + One-Step,NYSE:OLN,0.08414667214633756
2022-02-11,12,AR1 alpha + Basic + One-Step,NYSE:OLN,0.08751568932091548
2022-02-14,12,AR1 alpha + Basic + One-Step,NYSE:OLN,0.09712849846765637
2022-02-15,12,AR1 alpha + Basic + One-Step,NYSE:OLN,0.08448602041062514
2022-02-16,12,AR1 alpha + Basic + One-Step,NYSE:OLN,0.08728939513602406
2022-02-17,12,AR1 alpha + Basic + One-Step,NYSE:OLN,0.09217023490005954
2022-02-18,12,AR1 alpha + Basic + One-Step,NYSE:OLN,0.09191455215484697
2022-02-22,12,AR1 alpha + Basic + One-Step,NYSE:OLN,0.08717583259856156
2022-02-23,12,AR1 alpha + Basic + One-Step,NYSE:OLN,0.07657515484549735
2022-02-24,12,AR1 alpha + Basic + One-Step,NYSE:OLN,0.07106542430727633
2022-02-25,12,AR1 alpha + Basic + One-Step,NYSE:OLN,0.05585366095259172
2022-02-28,12,AR1 alpha + Basic + One-Step,NYSE:OLN,0.036514419872710854
2022-03-01,12,AR1 alpha + Basic + One-Step,NYSE:OLN,0.04977207249851734
2022-03-02,12,AR1 alpha + Basic + One-Step,NYSE:OLN,0.08479017991872638
2022-03-03,12,AR1 alpha + Basic + One-Step,NYSE:OLN,0.08478893625182939
2022-03-04,12,AR1 alpha + Basic + One-Step,NYSE:OLN,0.06469437433178243
2022-03-07,12,AR1 alpha + Basic + One-Step,NYSE:OLN,0.058569188541093845
2022-03-08,12,AR1 alpha + Basic + One-Step,NYSE:OLN,0.05760986429829496
2022-03-09,12,AR1 alpha + Basic + One-Step,NYSE:OLN,0.027469467811209094
2022-03-10,12,AR1 alpha + Basic + One-Step,NYSE:OLN,0.04560369168733244
2022-03-11,12,AR1 alpha + Basic + One-Step,NYSE:OLN,0.039333299324868766
2022-03-14,12,AR1 alpha + Basic + One-Step,NYSE:OLN,0.006578349819112931
2022-03-15,12,AR1 alpha + Basic + One-Step,NYSE:OLN,0.007075357425397089
2022-03-16,12,AR1 alpha + Basic + One-Step,NYSE:OLN,0.0
2022-03-17,12,AR1 alpha + Basic + One-Step,NYSE:OLN,8.80531589632596e-08
2022-03-18,12,AR1 alpha + Basic + One-Step,NYSE:OLN,0.0
2022-03-21,12,AR1 alpha + Basic + One-Step,NYSE:OLN,0.0
2022-03-22,12,AR1 alpha + Basic + One-Step,NYSE:OLN,0.0
2022-03-23,12,AR1 alpha + Basic + One-Step,NYSE:OLN,0.01736709688143645
2022-03-24,12,AR1 alpha + Basic + One-Step,NYSE:OLN,8.4124275826415e-08
2022-03-25,12,AR1 alpha + Basic + One-Step,NYSE:OLN,0.012840158441987748
2022-03-28,12,AR1 alpha + Basic + One-Step,NYSE:OLN,0.024584319747351206
2022-03-29,12,AR1 alpha + Basic + One-Step,NYSE:OLN,0.0
2022-03-30,12,AR1 alpha + Basic + One-Step,NYSE:OLN,4.632229185450086e-07
2022-03-31,12,AR1 alpha + Basic + One-Step,NYSE:OLN,0.0
2022-04-01,12,AR1 alpha + Basic + One-Step,NYSE:OLN,0.0
2022-04-04,12,AR1 alpha + Basic + One-Step,NYSE:OLN,0.0
2022-04-05,12,AR1 alpha + Basic + One-Step,NYSE:OLN,0.0
2022-04-06,12,AR1 alpha + Basic + One-Step,NYSE:OLN,0.0
2022-04-07,12,AR1 alpha + Basic + One-Step,NYSE:OLN,0.0
2022-04-08,12,AR1 alpha + Basic + One-Step,NYSE:OLN,0.0
2022-04-11,12,AR1 alpha + Basic + One-Step,NYSE:OLN,0.0
2022-04-12,12,AR1 alpha + Basic + One-Step,NYSE:OLN,0.0
2022-04-13,12,AR1 alpha + Basic + One-Step,NYSE:OLN,2.4801769855952697e-07
2022-04-14,12,AR1 alpha + Basic + One-Step,NYSE:OLN,1.0757759537145963e-07
2022-04-18,12,AR1 alpha + Basic + One-Step,NYSE:OLN,0.0
2022-04-19,12,AR1 alpha + Basic + One-Step,NYSE:OLN,0.0
2022-04-20,12,AR1 alpha + Basic + One-Step,NYSE:OLN,4.7201597502082785e-08
2022-04-21,12,AR1 alpha + Basic + One-Step,NYSE:OLN,0.0
2022-04-22,12,AR1 alpha + Basic + One-Step,NYSE:OLN,0.0
2022-04-25,12,AR1 alpha + Basic + One-Step,NYSE:OLN,0.0
2022-04-26,12,AR1 alpha + Basic + One-Step,NYSE:OLN,0.0
2022-04-27,12,AR1 alpha + Basic + One-Step,NYSE:OLN,0.0
2022-04-28,12,AR1 alpha + Basic + One-Step,NYSE:OLN,0.0
2022-04-29,12,AR1 alpha + Basic + One-Step,NYSE:OLN,0.0
2022-05-02,12,AR1 alpha + Basic + One-Step,NYSE:OLN,0.0
2022-05-03,12,AR1 alpha + Basic + One-Step,NYSE:OLN,0.0
2022-05-04,12,AR1 alpha + Basic + One-Step,NYSE:OLN,5.395409867350108e-07
2022-05-05,12,AR1 alpha + Basic + One-Step,NYSE:OLN,0.0
2022-05-06,12,AR1 alpha + Basic + One-Step,NYSE:OLN,0.0
2022-05-09,12,AR1 alpha + Basic + One-Step,NYSE:OLN,0.0
2022-05-10,12,AR1 alpha + Basic + One-Step,NYSE:OLN,7.100140247848444e-08
2022-05-11,12,AR1 alpha + Basic + One-Step,NYSE:OLN,0.0
2022-05-12,12,AR1 alpha + Basic + One-Step,NYSE:OLN,1.2111192738831808e-07
2022-05-13,12,AR1 alpha + Basic + One-Step,NYSE:OLN,0.05191333324011908
2022-05-16,12,AR1 alpha + Basic + One-Step,NYSE:OLN,0.049324930271848484
2022-05-17,12,AR1 alpha + Basic + One-Step,NYSE:OLN,0.09999982743241057
2022-05-18,12,AR1 alpha + Basic + One-Step,NYSE:OLN,0.03589290141787443
2022-05-19,12,AR1 alpha + Basic + One-Step,NYSE:OLN,0.0608284353324806
2022-05-20,12,AR1 alpha + Basic + One-Step,NYSE:OLN,0.05549063761458706
2022-05-23,12,AR1 alpha + Basic + One-Step,NYSE:OLN,0.09416684834996632
2022-05-24,12,AR1 alpha + Basic + One-Step,NYSE:OLN,0.07047976245483514
2022-05-25,12,AR1 alpha + Basic + One-Step,NYSE:OLN,0.07157413125805814
2022-05-26,12,AR1 alpha + Basic + One-Step,NYSE:OLN,0.09999675049367075
2022-05-27,12,AR1 alpha + Basic + One-Step,NYSE:OLN,0.09999884601297318
2022-05-31,12,AR1 alpha + Basic + One-Step,NYSE:OLN,0.09999786946364558
2022-06-01,12,AR1 alpha + Basic + One-Step,NYSE:OLN,0.06530120840518877
2022-06-02,12,AR1 alpha + Basic + One-Step,NYSE:OLN,0.09999898085732671
2022-06-03,12,AR1 alpha + Basic + One-Step,NYSE:OLN,0.07546752680066302
2022-06-06,12,AR1 alpha + Basic + One-Step,NYSE:OLN,0.05660854056064352
2022-06-07,12,AR1 alpha + Basic + One-Step,NYSE:OLN,0.05873972525685651
2022-06-08,12,AR1 alpha + Basic + One-Step,NYSE:OLN,0.034635442847963625
2022-06-09,12,AR1 alpha + Basic + One-Step,NYSE:OLN,0.0
2022-06-10,12,AR1 alpha + Basic + One-Step,NYSE:OLN,7.539219284539714e-08
2022-06-13,12,AR1 alpha + Basic + One-Step,NYSE:OLN,2.5653889593379597e-07
2022-06-14,12,AR1 alpha + Basic + One-Step,NYSE:OLN,1.4393036210277237e-07
2022-06-15,12,AR1 alpha + Basic + One-Step,NYSE:OLN,0.0
2022-06-16,12,AR1 alpha + Basic + One-Step,NYSE:OLN,0.0
2022-06-17,12,AR1 alpha + Basic + One-Step,NYSE:OLN,0.0
2022-06-21,12,AR1 alpha + Basic + One-Step,NYSE:OLN,5.220559452437044e-07
2022-06-22,12,AR1 alpha + Basic + One-Step,NYSE:OLN,2.030576609396456e-07
2022-06-23,12,AR1 alpha + Basic + One-Step,NYSE:OLN,0.0
2022-06-24,12,AR1 alpha + Basic + One-Step,NYSE:OLN,0.0
2022-06-27,12,AR1 alpha + Basic + One-Step,NYSE:OLN,1.8243573003861604e-08
2022-06-28,12,AR1 alpha + Basic + One-Step,NYSE:OLN,0.0
2022-06-29,12,AR1 alpha + Basic + One-Step,NYSE:OLN,0.0
2022-06-30,12,AR1 alpha + Basic + One-Step,NYSE:OLN,0.0
2022-07-01,12,AR1 alpha + Basic + One-Step,NYSE:OLN,0.0
2022-07-05,12,AR1 alpha + Basic + One-Step,NYSE:OLN,0.0
2022-07-06,12,AR1 alpha + Basic + One-Step,NYSE:OLN,0.0
2022-07-07,12,AR1 alpha + Basic + One-Step,NYSE:OLN,0.04635902919109414
2022-07-08,12,AR1 alpha + Basic + One-Step,NYSE:OLN,0.0454235563601951
2022-07-11,12,AR1 alpha + Basic + One-Step,NYSE:OLN,0.0010900751677445527
2022-07-12,12,AR1 alpha + Basic + One-Step,NYSE:OLN,4.5158699928262806e-07
2022-07-13,12,AR1 alpha + Basic + One-Step,NYSE:OLN,3.9388955904520925e-07
2022-07-14,12,AR1 alpha + Basic + One-Step,NYSE:OLN,0.0
2022-07-15,12,AR1 alpha + Basic + One-Step,NYSE:OLN,0.0
2022-07-18,12,AR1 alpha + Basic + One-Step,NYSE:OLN,0.028615734538565325
2022-07-19,12,AR1 alpha + Basic + One-Step,NYSE:OLN,0.08777485556824773
2022-07-20,12,AR1 alpha + Basic + One-Step,NYSE:OLN,0.04617378237105053
2022-07-21,12,AR1 alpha + Basic + One-Step,NYSE:OLN,0.02885702678584349
2022-07-22,12,AR1 alpha + Basic + One-Step,NYSE:OLN,0.0
2022-07-25,12,AR1 alpha + Basic + One-Step,NYSE:OLN,0.024484057910593306
2022-07-26,12,AR1 alpha + Basic + One-Step,NYSE:OLN,0.0
2022-07-27,12,AR1 alpha + Basic + One-Step,NYSE:OLN,0.016594882400928136
2022-07-28,12,AR1 alpha + Basic + One-Step,NYSE:OLN,0.009537352078683852
2022-07-29,12,AR1 alpha + Basic + One-Step,NYSE:OLN,0.09112981520065616
2022-08-01,12,AR1 alpha + Basic + One-Step,NYSE:OLN,0.05788824988125286
2022-08-02,12,AR1 alpha + Basic + One-Step,NYSE:OLN,0.021790757340694394
2022-08-03,12,AR1 alpha + Basic + One-Step,NYSE:OLN,0.0
2022-08-04,12,AR1 alpha + Basic + One-Step,NYSE:OLN,0.046517900601785865
2022-08-05,12,AR1 alpha + Basic + One-Step,NYSE:OLN,0.05657522266430353
2022-08-08,12,AR1 alpha + Basic + One-Step,NYSE:OLN,0.07535012014985633
2022-08-09,12,AR1 alpha + Basic + One-Step,NYSE:OLN,0.04601216902944941
2022-08-10,12,AR1 alpha + Basic + One-Step,NYSE:OLN,0.09127859007816877
2022-08-11,12,AR1 alpha + Basic + One-Step,NYSE:OLN,0.09999917791102884
2022-08-12,12,AR1 alpha + Basic + One-Step,NYSE:OLN,0.09999907762126223
2022-08-15,12,AR1 alpha + Basic + One-Step,NYSE:OLN,0.08538877832378293
2022-08-16,12,AR1 alpha + Basic + One-Step,NYSE:OLN,0.09489715963223723
2022-08-17,12,AR1 alpha + Basic + One-Step,NYSE:OLN,0.05298485718578563
2022-08-18,12,AR1 alpha + Basic + One-Step,NYSE:OLN,0.04297883450435877
2022-08-19,12,AR1 alpha + Basic + One-Step,NYSE:OLN,0.0
2022-08-22,12,AR1 alpha + Basic + One-Step,NYSE:OLN,0.0
2022-08-23,12,AR1 alpha + Basic + One-Step,NYSE:OLN,0.0
2022-08-24,12,AR1 alpha + Basic + One-Step,NYSE:OLN,1.2344732695696303e-07
2022-08-25,12,AR1 alpha + Basic + One-Step,NYSE:OLN,0.03181398223976668
2022-08-26,12,AR1 alpha + Basic + One-Step,NYSE:OLN,0.0
2022-08-29,12,AR1 alpha + Basic + One-Step,NYSE:OLN,0.0
2022-08-30,12,AR1 alpha + Basic + One-Step,NYSE:OLN,0.0
2022-08-31,12,AR1 alpha + Basic + One-Step,NYSE:OLN,0.0
2022-09-01,12,AR1 alpha + Basic + One-Step,NYSE:OLN,0.0
2022-09-02,12,AR1 alpha + Basic + One-Step,NYSE:OLN,0.0
2022-09-06,12,AR1 alpha + Basic + One-Step,NYSE:OLN,0.0
2022-09-07,12,AR1 alpha + Basic + One-Step,NYSE:OLN,0.0
2022-09-08,12,AR1 alpha + Basic + One-Step,NYSE:OLN,3.18283342035451e-07
2022-09-09,12,AR1 alpha + Basic + One-Step,NYSE:OLN,0.029570595110673968
2022-09-12,12,AR1 alpha + Basic + One-Step,NYSE:OLN,0.013896451368421003
2022-09-13,12,AR1 alpha + Basic + One-Step,NYSE:OLN,0.0
2022-09-14,12,AR1 alpha + Basic + One-Step,NYSE:OLN,1.6232481295262742e-08
2022-09-15,12,AR1 alpha + Basic + One-Step,NYSE:OLN,9.43243604256364e-09
2022-09-16,12,AR1 alpha + Basic + One-Step,NYSE:OLN,1.4196289982971423e-08
2022-09-19,12,AR1 alpha + Basic + One-Step,NYSE:OLN,0.0
2022-09-20,12,AR1 alpha + Basic + One-Step,NYSE:OLN,1.8753861930324342e-07
2022-09-21,12,AR1 alpha + Basic + One-Step,NYSE:OLN,0.0
2022-09-22,12,AR1 alpha + Basic + One-Step,NYSE:OLN,0.0
2022-09-23,12,AR1 alpha + Basic + One-Step,NYSE:OLN,0.0
2022-09-26,12,AR1 alpha + Basic + One-Step,NYSE:OLN,3.8502920098484076e-09
2022-09-27,12,AR1 alpha + Basic + One-Step,NYSE:OLN,0.0
2022-09-28,12,AR1 alpha + Basic + One-Step,NYSE:OLN,0.0
2022-09-29,12,AR1 alpha + Basic + One-Step,NYSE:OLN,0.0
2022-09-30,12,AR1 alpha + Basic + One-Step,NYSE:OLN,0.0
2022-10-03,12,AR1 alpha + Basic + One-Step,NYSE:OLN,0.0
2022-10-04,12,AR1 alpha + Basic + One-Step,NYSE:OLN,0.07268471643399338
2022-10-05,12,AR1 alpha + Basic + One-Step,NYSE:OLN,0.0325606366770355
2022-10-06,12,AR1 alpha + Basic + One-Step,NYSE:OLN,0.0
2022-10-07,12,AR1 alpha + Basic + One-Step,NYSE:OLN,0.0
2022-10-10,12,AR1 alpha + Basic + One-Step,NYSE:OLN,0.0
2022-10-11,12,AR1 alpha + Basic + One-Step,NYSE:OLN,2.806644307934402e-07
2022-10-12,12,AR1 alpha + Basic + One-Step,NYSE:OLN,1.1207867516488721e-07
2022-10-13,12,AR1 alpha + Basic + One-Step,NYSE:OLN,0.03409072179938428
2022-10-14,12,AR1 alpha + Basic + One-Step,NYSE:OLN,1.3777595928509206e-07
2022-10-17,12,AR1 alpha + Basic + One-Step,NYSE:OLN,0.0
2022-10-18,12,AR1 alpha + Basic + One-Step,NYSE:OLN,0.057033838345824206
2022-10-19,12,AR1 alpha + Basic + One-Step,NYSE:OLN,2.2876462504253223e-08
2022-10-20,12,AR1 alpha + Basic + One-Step,NYSE:OLN,0.0
2022-10-21,12,AR1 alpha + Basic + One-Step,NYSE:OLN,0.07004936226224692
2022-10-24,12,AR1 alpha + Basic + One-Step,NYSE:OLN,0.0
2022-10-25,12,AR1 alpha + Basic + One-Step,NYSE:OLN,0.0
2022-10-26,12,AR1 alpha + Basic + One-Step,NYSE:OLN,0.0
2022-10-27,12,AR1 alpha + Basic + One-Step,NYSE:OLN,0.04901341741762938
2022-10-28,12,AR1 alpha + Basic + One-Step,NYSE:OLN,0.08218809692248362
2022-10-31,12,AR1 alpha + Basic + One-Step,NYSE:OLN,0.0
2022-11-01,12,AR1 alpha + Basic + One-Step,NYSE:OLN,0.005598352159830653
2022-11-02,12,AR1 alpha + Basic + One-Step,NYSE:OLN,4.898073989732308e-07
2022-11-03,12,AR1 alpha + Basic + One-Step,NYSE:OLN,7.95637835860533e-07
2022-11-04,12,AR1 alpha + Basic + One-Step,NYSE:OLN,0.1000003635744174
2022-11-07,12,AR1 alpha + Basic + One-Step,NYSE:OLN,0.06005402975481032
2022-11-08,12,AR1 alpha + Basic + One-Step,NYSE:OLN,0.035623793608191213
2022-11-09,12,AR1 alpha + Basic + One-Step,NYSE:OLN,0.0
2022-11-10,12,AR1 alpha + Basic + One-Step,NYSE:OLN,0.04310737152178466
2022-11-11,12,AR1 alpha + Basic + One-Step,NYSE:OLN,0.0
2022-11-14,12,AR1 alpha + Basic + One-Step,NYSE:OLN,0.026851811980572272
2022-11-15,12,AR1 alpha + Basic + One-Step,NYSE:OLN,0.0
2022-11-16,12,AR1 alpha + Basic + One-Step,NYSE:OLN,0.0
2022-11-17,12,AR1 alpha + Basic + One-Step,NYSE:OLN,0.0
2022-11-18,12,AR1 alpha + Basic + One-Step,NYSE:OLN,2.8918171492027273e-07
2022-11-21,12,AR1 alpha + Basic + One-Step,NYSE:OLN,2.778089330960931e-07
2022-11-22,12,AR1 alpha + Basic + One-Step,NYSE:OLN,0.0
2022-11-23,12,AR1 alpha + Basic + One-Step,NYSE:OLN,0.0
2022-11-25,12,AR1 alpha + Basic + One-Step,NYSE:OLN,0.0
2022-11-28,12,AR1 alpha + Basic + One-Step,NYSE:OLN,0.0
2022-11-29,12,AR1 alpha + Basic + One-Step,NYSE:OLN,0.0
2022-11-30,12,AR1 alpha + Basic + One-Step,NYSE:OLN,2.347664286269662e-08
2022-12-01,12,AR1 alpha + Basic + One-Step,NYSE:OLN,1.5986932675846507e-07
2022-12-02,12,AR1 alpha + Basic + One-Step,NYSE:OLN,0.0
2022-12-05,12,AR1 alpha + Basic + One-Step,NYSE:OLN,0.0
2022-12-06,12,AR1 alpha + Basic + One-Step,NYSE:OLN,0.0
2022-12-07,12,AR1 alpha + Basic + One-Step,NYSE:OLN,0.0
2022-12-08,12,AR1 alpha + Basic + One-Step,NYSE:OLN,0.0
2022-12-09,12,AR1 alpha + Basic + One-Step,NYSE:OLN,0.0
2022-12-12,12,AR1 alpha + Basic + One-Step,NYSE:OLN,1.2295490342320943e-08
2022-12-13,12,AR1 alpha + Basic + One-Step,NYSE:OLN,0.0
2022-12-14,12,AR1 alpha + Basic + One-Step,NYSE:OLN,9.255831653483924e-08
2022-12-15,12,AR1 alpha + Basic + One-Step,NYSE:OLN,0.0
2022-12-16,12,AR1 alpha + Basic + One-Step,NYSE:OLN,0.0
2022-12-19,12,AR1 alpha + Basic + One-Step,NYSE:OLN,0.0
2022-12-20,12,AR1 alpha + Basic + One-Step,NYSE:OLN,0.0
2022-12-21,12,AR1 alpha + Basic + One-Step,NYSE:OLN,2.8971881688277803e-09
2022-12-22,12,AR1 alpha + Basic + One-Step,NYSE:OLN,0.0
2022-12-23,12,AR1 alpha + Basic + One-Step,NYSE:OLN,0.0
2022-12-27,12,AR1 alpha + Basic + One-Step,NYSE:OLN,2.767672613650729e-07
2022-12-28,12,AR1 alpha + Basic + One-Step,NYSE:OLN,0.0
2022-12-29,12,AR1 alpha + Basic + One-Step,NYSE:OLN,0.0
2022-12-30,12,AR1 alpha + Basic + One-Step,NYSE:OLN,0.0
2023-01-03,12,AR1 alpha + Basic + One-Step,NYSE:OLN,5.416501656233944e-08
2023-01-04,12,AR1 alpha + Basic + One-Step,NYSE:OLN,2.7621999489913468e-08
2023-01-05,12,AR1 alpha + Basic + One-Step,NYSE:OLN,0.0
2023-01-06,12,AR1 alpha + Basic + One-Step,NYSE:OLN,0.0
2023-01-09,12,AR1 alpha + Basic + One-Step,NYSE:OLN,0.005456149080958082
2023-01-10,12,AR1 alpha + Basic + One-Step,NYSE:OLN,0.0
2023-01-11,12,AR1 alpha + Basic + One-Step,NYSE:OLN,1.6495887717090213e-08
2023-01-12,12,AR1 alpha + Basic + One-Step,NYSE:OLN,0.0
2023-01-13,12,AR1 alpha + Basic + One-Step,NYSE:OLN,1.0433376077303443e-08
2023-01-17,12,AR1 alpha + Basic + One-Step,NYSE:OLN,0.0
2023-01-18,12,AR1 alpha + Basic + One-Step,NYSE:OLN,0.0
2023-01-19,12,AR1 alpha + Basic + One-Step,NYSE:OLN,0.0
2023-01-20,12,AR1 alpha + Basic + One-Step,NYSE:OLN,0.0
2023-01-23,12,AR1 alpha + Basic + One-Step,NYSE:OLN,0.0
2023-01-24,12,AR1 alpha + Basic + One-Step,NYSE:OLN,0.0
2023-01-25,12,AR1 alpha + Basic + One-Step,NYSE:OLN,0.0
2023-01-26,12,AR1 alpha + Basic + One-Step,NYSE:OLN,0.027008488656073266
2023-01-27,12,AR1 alpha + Basic + One-Step,NYSE:OLN,0.09999981777152245
2023-01-30,12,AR1 alpha + Basic + One-Step,NYSE:OLN,0.09999962736924652
2023-01-31,12,AR1 alpha + Basic + One-Step,NYSE:OLN,0.09999946648956501
2023-02-01,12,AR1 alpha + Basic + One-Step,NYSE:OLN,0.09999921135711608
2023-02-02,12,AR1 alpha + Basic + One-Step,NYSE:OLN,0.07197300074115974
2023-02-03,12,AR1 alpha + Basic + One-Step,NYSE:OLN,0.056382593793011936
2023-02-06,12,AR1 alpha + Basic + One-Step,NYSE:OLN,0.024256217839468987
2023-02-07,12,AR1 alpha + Basic + One-Step,NYSE:OLN,0.020950664797542647
2023-02-08,12,AR1 alpha + Basic + One-Step,NYSE:OLN,0.0
2023-02-09,12,AR1 alpha + Basic + One-Step,NYSE:OLN,0.0
2023-02-10,12,AR1 alpha + Basic + One-Step,NYSE:OLN,0.0
2023-02-13,12,AR1 alpha + Basic + One-Step,NYSE:OLN,0.03632049409354634
2023-02-14,12,AR1 alpha + Basic + One-Step,NYSE:OLN,0.0
2023-02-15,12,AR1 alpha + Basic + One-Step,NYSE:OLN,0.008502060453973531
2023-02-16,12,AR1 alpha + Basic + One-Step,NYSE:OLN,0.0
2023-02-17,12,AR1 alpha + Basic + One-Step,NYSE:OLN,0.0
2023-02-21,12,AR1 alpha + Basic + One-Step,NYSE:OLN,0.0
2023-02-22,12,AR1 alpha + Basic + One-Step,NYSE:OLN,0.0
2023-02-23,12,AR1 alpha + Basic + One-Step,NYSE:OLN,0.0
2023-02-24,12,AR1 alpha + Basic + One-Step,NYSE:OLN,0.0
2023-02-27,12,AR1 alpha + Basic + One-Step,NYSE:OLN,0.0
2023-02-28,12,AR1 alpha + Basic + One-Step,NYSE:OLN,0.0
2023-03-01,12,AR1 alpha + Basic + One-Step,NYSE:OLN,3.283838946029119e-08
2023-03-02,12,AR1 alpha + Basic + One-Step,NYSE:OLN,6.98585287898201e-09
2023-03-03,12,AR1 alpha + Basic + One-Step,NYSE:OLN,0.011705093739257565
2023-03-06,12,AR1 alpha + Basic + One-Step,NYSE:OLN,0.0
2023-03-07,12,AR1 alpha + Basic + One-Step,NYSE:OLN,5.345924344719222e-08
2023-03-08,12,AR1 alpha + Basic + One-Step,NYSE:OLN,1.4186663401020988e-08
2023-03-09,12,AR1 alpha + Basic + One-Step,NYSE:OLN,0.0
2023-03-10,12,AR1 alpha + Basic + One-Step,NYSE:OLN,1.1472688048305645e-08
2023-03-13,12,AR1 alpha + Basic + One-Step,NYSE:OLN,1.9063836444012236e-07
2023-03-14,12,AR1 alpha + Basic + One-Step,NYSE:OLN,0.0
2023-03-15,12,AR1 alpha + Basic + One-Step,NYSE:OLN,1.2083938738972204e-07
2023-03-16,12,AR1 alpha + Basic + One-Step,NYSE:OLN,1.2275636425993929e-07
2023-03-17,12,AR1 alpha + Basic + One-Step,NYSE:OLN,0.0
2023-03-20,12,AR1 alpha + Basic + One-Step,NYSE:OLN,3.94022845779612e-07
2023-03-21,12,AR1 alpha + Basic + One-Step,NYSE:OLN,7.830486521815241e-08
2023-03-22,12,AR1 alpha + Basic + One-Step,NYSE:OLN,0.0
2023-03-23,12,AR1 alpha + Basic + One-Step,NYSE:OLN,4.3500828139938146e-08
2023-03-24,12,AR1 alpha + Basic + One-Step,NYSE:OLN,1.741388271004843e-08
2023-03-27,12,AR1 alpha + Basic + One-Step,NYSE:OLN,0.0
2023-03-28,12,AR1 alpha + Basic + One-Step,NYSE:OLN,0.0
2023-03-29,12,AR1 alpha + Basic + One-Step,NYSE:OLN,0.04282466145196934
2023-03-30,12,AR1 alpha + Basic + One-Step,NYSE:OLN,0.01396126901916356
2023-03-31,12,AR1 alpha + Basic + One-Step,NYSE:OLN,0.05860802931258299
2023-04-03,12,AR1 alpha + Basic + One-Step,NYSE:OLN,0.09999382748288105
2023-04-04,12,AR1 alpha + Basic + One-Step,NYSE:OLN,0.01661007630553769
2023-04-05,12,AR1 alpha + Basic + One-Step,NYSE:OLN,0.06219275957004957
2023-04-06,12,AR1 alpha + Basic + One-Step,NYSE:OLN,0.01506058492057091
2023-04-10,12,AR1 alpha + Basic + One-Step,NYSE:OLN,0.0552209631967925
2023-04-11,12,AR1 alpha + Basic + One-Step,NYSE:OLN,0.03707381431817837
2023-04-12,12,AR1 alpha + Basic + One-Step,NYSE:OLN,0.019040616733227947
2023-04-13,12,AR1 alpha + Basic + One-Step,NYSE:OLN,2.0570614919808746e-08
2023-04-14,12,AR1 alpha + Basic + One-Step,NYSE:OLN,0.0
2023-04-17,12,AR1 alpha + Basic + One-Step,NYSE:OLN,0.0
2023-04-18,12,AR1 alpha + Basic + One-Step,NYSE:OLN,0.0
2023-04-19,12,AR1 alpha + Basic + One-Step,NYSE:OLN,1.8016403741172216e-09
2023-04-20,12,AR1 alpha + Basic + One-Step,NYSE:OLN,7.731314065143723e-11
2023-04-21,12,AR1 alpha + Basic + One-Step,NYSE:OLN,7.53406634647098e-08
2023-04-24,12,AR1 alpha + Basic + One-Step,NYSE:OLN,0.0
2023-04-25,12,AR1 alpha + Basic + One-Step,NYSE:OLN,0.0
2023-04-26,12,AR1 alpha + Basic + One-Step,NYSE:OLN,5.8033369614904695e-11
2023-04-27,12,AR1 alpha + Basic + One-Step,NYSE:OLN,2.2990321158521722e-07
2023-04-28,12,AR1 alpha + Basic + One-Step,NYSE:OLN,6.988267377377881e-08
2023-05-01,12,AR1 alpha + Basic + One-Step,NYSE:OLN,3.322496430397064e-08
2023-05-02,12,AR1 alpha + Basic + One-Step,NYSE:OLN,6.567587585245299e-08
2023-05-03,12,AR1 alpha + Basic + One-Step,NYSE:OLN,3.37581150878841e-08
2023-05-04,12,AR1 alpha + Basic + One-Step,NYSE:OLN,0.0
2023-05-05,12,AR1 alpha + Basic + One-Step,NYSE:OLN,1.0906066805857127e-07
2023-05-08,12,AR1 alpha + Basic + One-Step,NYSE:OLN,6.3871045072627e-08
2023-05-09,12,AR1 alpha + Basic + One-Step,NYSE:OLN,0.0
2023-05-10,12,AR1 alpha + Basic + One-Step,NYSE:OLN,1.0838899591461769e-07
2023-05-11,12,AR1 alpha + Basic + One-Step,NYSE:OLN,4.422499364911717e-07
2023-05-12,12,AR1 alpha + Basic + One-Step,NYSE:OLN,7.767623938678094e-07
2023-05-15,12,AR1 alpha + Basic + One-Step,NYSE:OLN,3.3583468600190123e-07
2023-05-16,12,AR1 alpha + Basic + One-Step,NYSE:OLN,0.0
2023-05-17,12,AR1 alpha + Basic + One-Step,NYSE:OLN,0.0
2023-05-18,12,AR1 alpha + Basic + One-Step,NYSE:OLN,0.0
2023-05-19,12,AR1 alpha + Basic + One-Step,NYSE:OLN,0.0
2023-05-22,12,AR1 alpha + Basic + One-Step,NYSE:OLN,0.0
2023-05-23,12,AR1 alpha + Basic + One-Step,NYSE:OLN,2.591995291805723e-08
2023-05-24,12,AR1 alpha + Basic + One-Step,NYSE:OLN,0.0
2023-05-25,12,AR1 alpha + Basic + One-Step,NYSE:OLN,0.0
2023-05-26,12,AR1 alpha + Basic + One-Step,NYSE:OLN,0.0
2023-05-30,12,AR1 alpha + Basic + One-Step,NYSE:OLN,0.0
2023-05-31,12,AR1 alpha + Basic + One-Step,NYSE:OLN,0.0
2023-06-01,12,AR1 alpha + Basic + One-Step,NYSE:OLN,0.0
2023-06-02,12,AR1 alpha + Basic + One-Step,NYSE:OLN,0.0
2023-06-05,12,AR1 alpha + Basic + One-Step,NYSE:OLN,0.0
2023-06-06,12,AR1 alpha + Basic + One-Step,NYSE:OLN,5.382677640814658e-07
2023-06-07,12,AR1 alpha + Basic + One-Step,NYSE:OLN,6.189815049716884e-08
2023-06-08,12,AR1 alpha + Basic + One-Step,NYSE:OLN,7.073000268400984e-08
2023-06-09,12,AR1 alpha + Basic + One-Step,NYSE:OLN,1.0944898204754857e-06
2023-06-12,12,AR1 alpha + Basic + One-Step,NYSE:OLN,0.0
2023-06-13,12,AR1 alpha + Basic + One-Step,NYSE:OLN,9.453119374137189e-08
2023-06-14,12,AR1 alpha + Basic + One-Step,NYSE:OLN,3.8712735249453085e-08
2023-06-15,12,AR1 alpha + Basic + One-Step,NYSE:OLN,0.0
2023-06-16,12,AR1 alpha + Basic + One-Step,NYSE:OLN,2.339013268040232e-08
2023-06-20,12,AR1 alpha + Basic + One-Step,NYSE:OLN,0.0
2023-06-21,12,AR1 alpha + Basic + One-Step,NYSE:OLN,0.0
2023-06-22,12,AR1 alpha + Basic + One-Step,NYSE:OLN,0.0
2023-06-23,12,AR1 alpha + Basic + One-Step,NYSE:OLN,0.0
2023-06-26,12,AR1 alpha + Basic + One-Step,NYSE:OLN,3.8978004674403506e-07
2023-06-27,12,AR1 alpha + Basic + One-Step,NYSE:OLN,0.0
2023-06-28,12,AR1 alpha + Basic + One-Step,NYSE:OLN,0.0
2023-06-29,12,AR1 alpha + Basic + One-Step,NYSE:OLN,0.0
2023-06-30,12,AR1 alpha + Basic + One-Step,NYSE:OLN,0.0
2023-07-03,12,AR1 alpha + Basic + One-Step,NYSE:OLN,0.0
2023-07-05,12,AR1 alpha + Basic + One-Step,NYSE:OLN,9.584511823378829e-07
2023-07-06,12,AR1 alpha + Basic + One-Step,NYSE:OLN,0.0
2023-07-07,12,AR1 alpha + Basic + One-Step,NYSE:OLN,0.0
2023-07-10,12,AR1 alpha + Basic + One-Step,NYSE:OLN,1.4741117450018122e-06
2023-07-11,12,AR1 alpha + Basic + One-Step,NYSE:OLN,0.0
2023-07-12,12,AR1 alpha + Basic + One-Step,NYSE:OLN,0.0
2023-07-13,12,AR1 alpha + Basic + One-Step,NYSE:OLN,0.0
2023-07-14,12,AR1 alpha + Basic + One-Step,NYSE:OLN,1.5100036094591512e-07
2023-07-17,12,AR1 alpha + Basic + One-Step,NYSE:OLN,8.649713098420679e-07
2023-07-18,12,AR1 alpha + Basic + One-Step,NYSE:OLN,1.0814385264436453e-06
2023-07-19,12,AR1 alpha + Basic + One-Step,NYSE:OLN,0.0
2023-07-20,12,AR1 alpha + Basic + One-Step,NYSE:OLN,0.0
2023-07-21,12,AR1 alpha + Basic + One-Step,NYSE:OLN,0.0
2023-07-24,12,AR1 alpha + Basic + One-Step,NYSE:OLN,0.0
2023-07-25,12,AR1 alpha + Basic + One-Step,NYSE:OLN,0.0
2023-07-26,12,AR1 alpha + Basic + One-Step,NYSE:OLN,0.0
2023-07-27,12,AR1 alpha + Basic + One-Step,NYSE:OLN,0.0
2023-07-28,12,AR1 alpha + Basic + One-Step,NYSE:OLN,0.0
2023-07-31,12,AR1 alpha + Basic + One-Step,NYSE:OLN,0.0
2023-08-01,12,AR1 alpha + Basic + One-Step,NYSE:OLN,0.0
2023-08-02,12,AR1 alpha + Basic + One-Step,NYSE:OLN,0.0
2023-08-03,12,AR1 alpha + Basic + One-Step,NYSE:OLN,0.0
2023-08-04,12,AR1 alpha + Basic + One-Step,NYSE:OLN,0.0
2023-08-07,12,AR1 alpha + Basic + One-Step,NYSE:OLN,1.70309770109944e-09
2023-08-08,12,AR1 alpha + Basic + One-Step,NYSE:OLN,0.0
2023-08-09,12,AR1 alpha + Basic + One-Step,NYSE:OLN,0.0
2023-08-10,12,AR1 alpha + Basic + One-Step,NYSE:OLN,0.0
2023-08-11,12,AR1 alpha + Basic + One-Step,NYSE:OLN,2.792413021930836e-07
2023-08-14,12,AR1 alpha + Basic + One-Step,NYSE:OLN,0.0
2023-08-15,12,AR1 alpha + Basic + One-Step,NYSE:OLN,0.0
2023-08-16,12,AR1 alpha + Basic + One-Step,NYSE:OLN,0.0
2023-08-17,12,AR1 alpha + Basic + One-Step,NYSE:OLN,0.0
2023-08-18,12,AR1 alpha + Basic + One-Step,NYSE:OLN,0.0
2023-08-21,12,AR1 alpha + Basic + One-Step,NYSE:OLN,2.788600063702164e-09
2023-08-22,12,AR1 alpha + Basic + One-Step,NYSE:OLN,0.0
2023-08-23,12,AR1 alpha + Basic + One-Step,NYSE:OLN,7.962548617336442e-08
2023-08-24,12,AR1 alpha + Basic + One-Step,NYSE:OLN,0.0
2023-08-25,12,AR1 alpha + Basic + One-Step,NYSE:OLN,7.371773919647148e-08
2023-08-28,12,AR1 alpha + Basic + One-Step,NYSE:OLN,0.0
2023-08-29,12,AR1 alpha + Basic + One-Step,NYSE:OLN,0.0
2023-08-30,12,AR1 alpha + Basic + One-Step,NYSE:OLN,0.0
2023-08-31,12,AR1 alpha + Basic + One-Step,NYSE:OLN,0.0
2023-09-01,12,AR1 alpha + Basic + One-Step,NYSE:OLN,0.0
2023-09-05,12,AR1 alpha + Basic + One-Step,NYSE:OLN,0.0
2023-09-06,12,AR1 alpha + Basic + One-Step,NYSE:OLN,7.140270724334471e-09
2023-09-07,12,AR1 alpha + Basic + One-Step,NYSE:OLN,1.3596245245213603e-06
2023-09-08,12,AR1 alpha + Basic + One-Step,NYSE:OLN,1.0334664439687762e-06
2023-09-11,12,AR1 alpha + Basic + One-Step,NYSE:OLN,3.2853673103271983e-07
2023-09-12,12,AR1 alpha + Basic + One-Step,NYSE:OLN,1.9169046005882703e-06
2023-09-13,12,AR1 alpha + Basic + One-Step,NYSE:OLN,0.0
2023-09-14,12,AR1 alpha + Basic + One-Step,NYSE:OLN,0.0
2023-09-15,12,AR1 alpha + Basic + One-Step,NYSE:OLN,0.0
2023-09-18,12,AR1 alpha + Basic + One-Step,NYSE:OLN,0.0
2023-09-19,12,AR1 alpha + Basic + One-Step,NYSE:OLN,8.615805051454944e-09
2023-09-20,12,AR1 alpha + Basic + One-Step,NYSE:OLN,0.0
2023-09-21,12,AR1 alpha + Basic + One-Step,NYSE:OLN,0.0
2023-09-22,12,AR1 alpha + Basic + One-Step,NYSE:OLN,0.0
2023-09-25,12,AR1 alpha + Basic + One-Step,NYSE:OLN,0.0
2023-09-26,12,AR1 alpha + Basic + One-Step,NYSE:OLN,0.0
2023-09-27,12,AR1 alpha + Basic + One-Step,NYSE:OLN,0.0
2023-09-28,12,AR1 alpha + Basic + One-Step,NYSE:OLN,0.0
2023-09-29,12,AR1 alpha + Basic + One-Step,NYSE:OLN,4.5965554750533853e-10
2023-10-02,12,AR1 alpha + Basic + One-Step,NYSE:OLN,0.0
2023-10-03,12,AR1 alpha + Basic + One-Step,NYSE:OLN,0.0
2023-10-04,12,AR1 alpha + Basic + One-Step,NYSE:OLN,0.0
2023-10-05,12,AR1 alpha + Basic + One-Step,NYSE:OLN,0.0
2023-10-06,12,AR1 alpha + Basic + One-Step,NYSE:OLN,0.0
2023-10-09,12,AR1 alpha + Basic + One-Step,NYSE:OLN,5.180400702731481e-09
2023-10-10,12,AR1 alpha + Basic + One-Step,NYSE:OLN,0.0
2023-10-11,12,AR1 alpha + Basic + One-Step,NYSE:OLN,1.209528002057196e-08
2023-10-12,12,AR1 alpha + Basic + One-Step,NYSE:OLN,0.0
2023-10-13,12,AR1 alpha + Basic + One-Step,NYSE:OLN,0.0
2023-10-16,12,AR1 alpha + Basic + One-Step,NYSE:OLN,0.0
2023-10-17,12,AR1 alpha + Basic + One-Step,NYSE:OLN,6.318256497678076e-07
2023-10-18,12,AR1 alpha + Basic + One-Step,NYSE:OLN,0.0
2023-10-19,12,AR1 alpha + Basic + One-Step,NYSE:OLN,0.0
2023-10-20,12,AR1 alpha + Basic + One-Step,NYSE:OLN,0.0
2023-10-23,12,AR1 alpha + Basic + One-Step,NYSE:OLN,0.0
2023-10-24,12,AR1 alpha + Basic + One-Step,NYSE:OLN,0.0
2023-10-25,12,AR1 alpha + Basic + One-Step,NYSE:OLN,0.0
2023-10-26,12,AR1 alpha + Basic + One-Step,NYSE:OLN,0.0
2023-10-27,12,AR1 alpha + Basic + One-Step,NYSE:OLN,0.0
2023-10-30,12,AR1 alpha + Basic + One-Step,NYSE:OLN,0.0
2023-10-31,12,AR1 alpha + Basic + One-Step,NYSE:OLN,0.0
2023-11-01,12,AR1 alpha + Basic + One-Step,NYSE:OLN,0.0
2023-11-02,12,AR1 alpha + Basic + One-Step,NYSE:OLN,0.0
2023-11-03,12,AR1 alpha + Basic + One-Step,NYSE:OLN,0.0
2023-11-06,12,AR1 alpha + Basic + One-Step,NYSE:OLN,0.0
2023-11-07,12,AR1 alpha + Basic + One-Step,NYSE:OLN,1.3418108491403287e-08
2023-11-08,12,AR1 alpha + Basic + One-Step,NYSE:OLN,2.2263401920307472e-08
2023-11-09,12,AR1 alpha + Basic + One-Step,NYSE:OLN,0.0
2023-11-10,12,AR1 alpha + Basic + One-Step,NYSE:OLN,0.0
2023-11-13,12,AR1 alpha + Basic + One-Step,NYSE:OLN,0.0
2023-11-14,12,AR1 alpha + Basic + One-Step,NYSE:OLN,0.0
2023-11-15,12,AR1 alpha + Basic + One-Step,NYSE:OLN,0.0
2023-11-16,12,AR1 alpha + Basic + One-Step,NYSE:OLN,0.0
2023-11-17,12,AR1 alpha + Basic + One-Step,NYSE:OLN,6.63287619254759e-08
2023-11-20,12,AR1 alpha + Basic + One-Step,NYSE:OLN,0.0
2023-11-21,12,AR1 alpha + Basic + One-Step,NYSE:OLN,0.0
2023-11-22,12,AR1 alpha + Basic + One-Step,NYSE:OLN,0.0
2023-11-24,12,AR1 alpha + Basic + One-Step,NYSE:OLN,0.0
2023-11-27,12,AR1 alpha + Basic + One-Step,NYSE:OLN,0.0
2023-11-28,12,AR1 alpha + Basic + One-Step,NYSE:OLN,2.0231762787587353e-08
2023-11-29,12,AR1 alpha + Basic + One-Step,NYSE:OLN,3.4726160141638863e-09
2023-11-30,12,AR1 alpha + Basic + One-Step,NYSE:OLN,0.0
2023-12-01,12,AR1 alpha + Basic + One-Step,NYSE:OLN,2.2882142067901406e-07
2023-12-04,12,AR1 alpha + Basic + One-Step,NYSE:OLN,0.0
2023-12-05,12,AR1 alpha + Basic + One-Step,NYSE:OLN,0.0
2023-12-06,12,AR1 alpha + Basic + One-Step,NYSE:OLN,0.0
2023-12-07,12,AR1 alpha + Basic + One-Step,NYSE:OLN,0.0
2023-12-08,12,AR1 alpha + Basic + One-Step,NYSE:OLN,0.0
2023-12-11,12,AR1 alpha + Basic + One-Step,NYSE:OLN,0.0
2023-12-12,12,AR1 alpha + Basic + One-Step,NYSE:OLN,0.0
2023-12-13,12,AR1 alpha + Basic + One-Step,NYSE:OLN,0.0
2023-12-14,12,AR1 alpha + Basic + One-Step,NYSE:OLN,0.0
2023-12-15,12,AR1 alpha + Basic + One-Step,NYSE:OLN,0.0
2023-12-18,12,AR1 alpha + Basic + One-Step,NYSE:OLN,0.0
2023-12-19,12,AR1 alpha + Basic + One-Step,NYSE:OLN,0.0
2023-12-20,12,AR1 alpha + Basic + One-Step,NYSE:OLN,0.0
2023-12-21,12,AR1 alpha + Basic + One-Step,NYSE:OLN,0.0
2023-12-22,12,AR1 alpha + Basic + One-Step,NYSE:OLN,4.978159608265129e-07
2023-12-26,12,AR1 alpha + Basic + One-Step,NYSE:OLN,0.0
2023-12-27,12,AR1 alpha + Basic + One-Step,NYSE:OLN,1.065678827432138e-08
2023-12-28,12,AR1 alpha + Basic + One-Step,NYSE:OLN,0.0
2023-12-29,12,AR1 alpha + Basic + One-Step,NYSE:OLN,0.0
2024-01-02,12,AR1 alpha + Basic + One-Step,NYSE:OLN,0.0
2024-01-03,12,AR1 alpha + Basic + One-Step,NYSE:OLN,0.0
2024-01-04,12,AR1 alpha + Basic + One-Step,NYSE:OLN,0.0
2024-01-05,12,AR1 alpha + Basic + One-Step,NYSE:OLN,0.0
2024-01-08,12,AR1 alpha + Basic + One-Step,NYSE:OLN,0.0
2024-01-09,12,AR1 alpha + Basic + One-Step,NYSE:OLN,0.0
2024-01-10,12,AR1 alpha + Basic + One-Step,NYSE:OLN,0.0
2024-01-11,12,AR1 alpha + Basic + One-Step,NYSE:OLN,2.505194458124783e-07
2024-01-12,12,AR1 alpha + Basic + One-Step,NYSE:OLN,6.677151913377095e-23
2024-01-16,12,AR1 alpha + Basic + One-Step,NYSE:OLN,0.0
2024-01-17,12,AR1 alpha + Basic + One-Step,NYSE:OLN,0.0
2024-01-18,12,AR1 alpha + Basic + One-Step,NYSE:OLN,5.694313554599378e-07
2024-01-19,12,AR1 alpha + Basic + One-Step,NYSE:OLN,0.0
2024-01-22,12,AR1 alpha + Basic + One-Step,NYSE:OLN,0.0
2024-01-23,12,AR1 alpha + Basic + One-Step,NYSE:OLN,0.0
2024-01-24,12,AR1 alpha + Basic + One-Step,NYSE:OLN,1.8015899233749315e-07
2024-01-25,12,AR1 alpha + Basic + One-Step,NYSE:OLN,4.447275556937964e-08
2024-01-26,12,AR1 alpha + Basic + One-Step,NYSE:OLN,0.0
2024-01-29,12,AR1 alpha + Basic + One-Step,NYSE:OLN,0.0
2024-01-30,12,AR1 alpha + Basic + One-Step,NYSE:OLN,0.0
2024-01-31,12,AR1 alpha + Basic + One-Step,NYSE:OLN,0.0
2024-02-01,12,AR1 alpha + Basic + One-Step,NYSE:OLN,0.0
2024-02-02,12,AR1 alpha + Basic + One-Step,NYSE:OLN,0.0
2024-02-05,12,AR1 alpha + Basic + One-Step,NYSE:OLN,0.0
2024-02-06,12,AR1 alpha + Basic + One-Step,NYSE:OLN,0.0
2024-02-07,12,AR1 alpha + Basic + One-Step,NYSE:OLN,2.027508846759961e-08
2024-02-08,12,AR1 alpha + Basic + One-Step,NYSE:OLN,8.5429190490146e-09
2024-02-09,12,AR1 alpha + Basic + One-Step,NYSE:OLN,0.0
2024-02-12,12,AR1 alpha + Basic + One-Step,NYSE:OLN,0.0
2024-02-13,12,AR1 alpha + Basic + One-Step,NYSE:OLN,0.0
2024-02-14,12,AR1 alpha + Basic + One-Step,NYSE:OLN,0.0
2024-02-15,12,AR1 alpha + Basic + One-Step,NYSE:OLN,4.815574365429264e-08
2024-02-16,12,AR1 alpha + Basic + One-Step,NYSE:OLN,0.0
2024-02-20,12,AR1 alpha + Basic + One-Step,NYSE:OLN,0.0
2024-02-21,12,AR1 alpha + Basic + One-Step,NYSE:OLN,0.0
2024-02-22,12,AR1 alpha + Basic + One-Step,NYSE:OLN,0.0
2024-02-23,12,AR1 alpha + Basic + One-Step,NYSE:OLN,0.0
2024-02-26,12,AR1 alpha + Basic + One-Step,NYSE:OLN,0.0
2024-02-27,12,AR1 alpha + Basic + One-Step,NYSE:OLN,0.0
2024-02-28,12,AR1 alpha + Basic + One-Step,NYSE:OLN,0.0
2024-02-29,12,AR1 alpha + Basic + One-Step,NYSE:OLN,0.0
2024-03-01,12,AR1 alpha + Basic + One-Step,NYSE:OLN,0.0
2024-03-04,12,AR1 alpha + Basic + One-Step,NYSE:OLN,0.0
2024-03-05,12,AR1 alpha + Basic + One-Step,NYSE:OLN,0.0
2024-03-06,12,AR1 alpha + Basic + One-Step,NYSE:OLN,0.0
2024-03-07,12,AR1 alpha + Basic + One-Step,NYSE:OLN,0.0
2024-03-08,12,AR1 alpha + Basic + One-Step,NYSE:OLN,0.0
2024-03-11,12,AR1 alpha + Basic + One-Step,NYSE:OLN,0.0
2024-03-12,12,AR1 alpha + Basic + One-Step,NYSE:OLN,0.0
2024-03-13,12,AR1 alpha + Basic + One-Step,NYSE:OLN,0.0
2024-03-14,12,AR1 alpha + Basic + One-Step,NYSE:OLN,1.4569558939855304e-07
2024-03-15,12,AR1 alpha + Basic + One-Step,NYSE:OLN,1.333225242867894e-07
2024-03-18,12,AR1 alpha + Basic + One-Step,NYSE:OLN,0.0
2024-03-19,12,AR1 alpha + Basic + One-Step,NYSE:OLN,0.0
2024-03-20,12,AR1 alpha + Basic + One-Step,NYSE:OLN,0.0
2024-03-21,12,AR1 alpha + Basic + One-Step,NYSE:OLN,4.7480462041341125e-08
2024-03-22,12,AR1 alpha + Basic + One-Step,NYSE:OLN,0.0
2024-03-25,12,AR1 alpha + Basic + One-Step,NYSE:OLN,0.0
2024-03-26,12,AR1 alpha + Basic + One-Step,NYSE:OLN,0.0
2024-03-27,12,AR1 alpha + Basic + One-Step,NYSE:OLN,0.0
2024-03-28,12,AR1 alpha + Basic + One-Step,NYSE:OLN,0.0
2024-04-01,12,AR1 alpha + Basic + One-Step,NYSE:OLN,1.3795079457802611e-06
2024-04-02,12,AR1 alpha + Basic + One-Step,NYSE:OLN,0.0
2024-04-03,12,AR1 alpha + Basic + One-Step,NYSE:OLN,0.0
2024-04-04,12,AR1 alpha + Basic + One-Step,NYSE:OLN,0.0
2024-04-05,12,AR1 alpha + Basic + One-Step,NYSE:OLN,0.0
2024-04-08,12,AR1 alpha + Basic + One-Step,NYSE:OLN,0.0
2024-04-09,12,AR1 alpha + Basic + One-Step,NYSE:OLN,0.0
2024-04-10,12,AR1 alpha + Basic + One-Step,NYSE:OLN,5.515016167200444e-07
2024-04-11,12,AR1 alpha + Basic + One-Step,NYSE:OLN,0.0
2024-04-12,12,AR1 alpha + Basic + One-Step,NYSE:OLN,0.0
2024-04-15,12,AR1 alpha + Basic + One-Step,NYSE:OLN,0.0
2024-04-16,12,AR1 alpha + Basic + One-Step,NYSE:OLN,0.0
2024-04-17,12,AR1 alpha + Basic + One-Step,NYSE:OLN,4.965166855504308e-08
2024-04-18,12,AR1 alpha + Basic + One-Step,NYSE:OLN,0.0
2024-04-19,12,AR1 alpha + Basic + One-Step,NYSE:OLN,0.0
2020-03-25,12,AR1 alpha + Basic + One-Step,NASDAQ:MU,0.02
2020-03-26,12,AR1 alpha + Basic + One-Step,NASDAQ:MU,0.019999999999999997
2020-03-27,12,AR1 alpha + Basic + One-Step,NASDAQ:MU,0.0
2020-03-30,12,AR1 alpha + Basic + One-Step,NASDAQ:MU,0.0
2020-03-31,12,AR1 alpha + Basic + One-Step,NASDAQ:MU,0.0
2020-04-01,12,AR1 alpha + Basic + One-Step,NASDAQ:MU,0.0
2020-04-02,12,AR1 alpha + Basic + One-Step,NASDAQ:MU,1.1039826254943655e-08
2020-04-03,12,AR1 alpha + Basic + One-Step,NASDAQ:MU,4.6779006799284397e-08
2020-04-06,12,AR1 alpha + Basic + One-Step,NASDAQ:MU,0.0
2020-04-07,12,AR1 alpha + Basic + One-Step,NASDAQ:MU,4.46588613058136e-08
2020-04-08,12,AR1 alpha + Basic + One-Step,NASDAQ:MU,0.0
2020-04-09,12,AR1 alpha + Basic + One-Step,NASDAQ:MU,0.0
2020-04-13,12,AR1 alpha + Basic + One-Step,NASDAQ:MU,0.0
2020-04-14,12,AR1 alpha + Basic + One-Step,NASDAQ:MU,0.0
2020-04-15,12,AR1 alpha + Basic + One-Step,NASDAQ:MU,0.0
2020-04-16,12,AR1 alpha + Basic + One-Step,NASDAQ:MU,0.0
2020-04-17,12,AR1 alpha + Basic + One-Step,NASDAQ:MU,0.0
2020-04-20,12,AR1 alpha + Basic + One-Step,NASDAQ:MU,0.0
2020-04-21,12,AR1 alpha + Basic + One-Step,NASDAQ:MU,0.0
2020-04-22,12,AR1 alpha + Basic + One-Step,NASDAQ:MU,0.0
2020-04-23,12,AR1 alpha + Basic + One-Step,NASDAQ:MU,0.0
2020-04-24,12,AR1 alpha + Basic + One-Step,NASDAQ:MU,8.790625430273855e-08
2020-04-27,12,AR1 alpha + Basic + One-Step,NASDAQ:MU,0.0
2020-04-28,12,AR1 alpha + Basic + One-Step,NASDAQ:MU,0.0
2020-04-29,12,AR1 alpha + Basic + One-Step,NASDAQ:MU,2.7497261659028095e-07
2020-04-30,12,AR1 alpha + Basic + One-Step,NASDAQ:MU,0.0
2020-05-01,12,AR1 alpha + Basic + One-Step,NASDAQ:MU,3.3759195591838104e-08
2020-05-04,12,AR1 alpha + Basic + One-Step,NASDAQ:MU,0.0
2020-05-05,12,AR1 alpha + Basic + One-Step,NASDAQ:MU,8.169543173579247e-07
2020-05-06,12,AR1 alpha + Basic + One-Step,NASDAQ:MU,0.0
2020-05-07,12,AR1 alpha + Basic + One-Step,NASDAQ:MU,0.0
2020-05-08,12,AR1 alpha + Basic + One-Step,NASDAQ:MU,1.1316633745965958e-07
2020-05-11,12,AR1 alpha + Basic + One-Step,NASDAQ:MU,0.0
2020-05-12,12,AR1 alpha + Basic + One-Step,NASDAQ:MU,0.0
2020-05-13,12,AR1 alpha + Basic + One-Step,NASDAQ:MU,0.0
2020-05-14,12,AR1 alpha + Basic + One-Step,NASDAQ:MU,9.720170907308867e-09
2020-05-15,12,AR1 alpha + Basic + One-Step,NASDAQ:MU,2.2827103596973148e-07
2020-05-18,12,AR1 alpha + Basic + One-Step,NASDAQ:MU,0.0
2020-05-19,12,AR1 alpha + Basic + One-Step,NASDAQ:MU,0.0
2020-05-20,12,AR1 alpha + Basic + One-Step,NASDAQ:MU,0.0
2020-05-21,12,AR1 alpha + Basic + One-Step,NASDAQ:MU,0.0
2020-05-22,12,AR1 alpha + Basic + One-Step,NASDAQ:MU,2.7649381884261115e-08
2020-05-26,12,AR1 alpha + Basic + One-Step,NASDAQ:MU,4.389040642988295e-08
2020-05-27,12,AR1 alpha + Basic + One-Step,NASDAQ:MU,3.326179730775207e-07
2020-05-28,12,AR1 alpha + Basic + One-Step,NASDAQ:MU,0.0
2020-05-29,12,AR1 alpha + Basic + One-Step,NASDAQ:MU,0.0
2020-06-01,12,AR1 alpha + Basic + One-Step,NASDAQ:MU,0.0
2020-06-02,12,AR1 alpha + Basic + One-Step,NASDAQ:MU,3.0150013673840204e-07
2020-06-03,12,AR1 alpha + Basic + One-Step,NASDAQ:MU,0.0
2020-06-04,12,AR1 alpha + Basic + One-Step,NASDAQ:MU,0.0
2020-06-05,12,AR1 alpha + Basic + One-Step,NASDAQ:MU,0.0
2020-06-08,12,AR1 alpha + Basic + One-Step,NASDAQ:MU,0.0
2020-06-09,12,AR1 alpha + Basic + One-Step,NASDAQ:MU,0.0
2020-06-10,12,AR1 alpha + Basic + One-Step,NASDAQ:MU,0.0
2020-06-11,12,AR1 alpha + Basic + One-Step,NASDAQ:MU,0.0
2020-06-12,12,AR1 alpha + Basic + One-Step,NASDAQ:MU,2.569464753216886e-08
2020-06-15,12,AR1 alpha + Basic + One-Step,NASDAQ:MU,1.6892593947240644e-08
2020-06-16,12,AR1 alpha + Basic + One-Step,NASDAQ:MU,0.0
2020-06-17,12,AR1 alpha + Basic + One-Step,NASDAQ:MU,0.0
2020-06-18,12,AR1 alpha + Basic + One-Step,NASDAQ:MU,0.0
2020-06-19,12,AR1 alpha + Basic + One-Step,NASDAQ:MU,0.0
2020-06-22,12,AR1 alpha + Basic + One-Step,NASDAQ:MU,0.0
2020-06-23,12,AR1 alpha + Basic + One-Step,NASDAQ:MU,0.0
2020-06-24,12,AR1 alpha + Basic + One-Step,NASDAQ:MU,0.0
2020-06-25,12,AR1 alpha + Basic + One-Step,NASDAQ:MU,0.0
2020-06-26,12,AR1 alpha + Basic + One-Step,NASDAQ:MU,0.0
2020-06-29,12,AR1 alpha + Basic + One-Step,NASDAQ:MU,0.0
2020-06-30,12,AR1 alpha + Basic + One-Step,NASDAQ:MU,2.2786694144921636e-08
2020-07-01,12,AR1 alpha + Basic + One-Step,NASDAQ:MU,0.0
2020-07-02,12,AR1 alpha + Basic + One-Step,NASDAQ:MU,3.959310415143889e-09
2020-07-06,12,AR1 alpha + Basic + One-Step,NASDAQ:MU,0.0
2020-07-07,12,AR1 alpha + Basic + One-Step,NASDAQ:MU,0.0
2020-07-08,12,AR1 alpha + Basic + One-Step,NASDAQ:MU,3.3512267467790606e-10
2020-07-09,12,AR1 alpha + Basic + One-Step,NASDAQ:MU,1.4058259320580255e-07
2020-07-10,12,AR1 alpha + Basic + One-Step,NASDAQ:MU,0.0
2020-07-13,12,AR1 alpha + Basic + One-Step,NASDAQ:MU,0.0
2020-07-14,12,AR1 alpha + Basic + One-Step,NASDAQ:MU,0.0
2020-07-15,12,AR1 alpha + Basic + One-Step,NASDAQ:MU,7.876220339135995e-08
2020-07-16,12,AR1 alpha + Basic + One-Step,NASDAQ:MU,0.0
2020-07-17,12,AR1 alpha + Basic + One-Step,NASDAQ:MU,0.0
2020-07-20,12,AR1 alpha + Basic + One-Step,NASDAQ:MU,1.8273396478385176e-07
2020-07-21,12,AR1 alpha + Basic + One-Step,NASDAQ:MU,0.0
2020-07-22,12,AR1 alpha + Basic + One-Step,NASDAQ:MU,0.0
2020-07-23,12,AR1 alpha + Basic + One-Step,NASDAQ:MU,7.24307897274001e-10
2020-07-24,12,AR1 alpha + Basic + One-Step,NASDAQ:MU,3.8941684729082347e-07
2020-07-27,12,AR1 alpha + Basic + One-Step,NASDAQ:MU,1.9963916536057477e-07
2020-07-28,12,AR1 alpha + Basic + One-Step,NASDAQ:MU,0.0
2020-07-29,12,AR1 alpha + Basic + One-Step,NASDAQ:MU,0.0
2020-07-30,12,AR1 alpha + Basic + One-Step,NASDAQ:MU,0.0
2020-07-31,12,AR1 alpha + Basic + One-Step,NASDAQ:MU,0.0
2020-08-03,12,AR1 alpha + Basic + One-Step,NASDAQ:MU,0.0
2020-08-04,12,AR1 alpha + Basic + One-Step,NASDAQ:MU,0.0
2020-08-05,12,AR1 alpha + Basic + One-Step,NASDAQ:MU,0.0
2020-08-06,12,AR1 alpha + Basic + One-Step,NASDAQ:MU,0.0
2020-08-07,12,AR1 alpha + Basic + One-Step,NASDAQ:MU,0.0
2020-08-10,12,AR1 alpha + Basic + One-Step,NASDAQ:MU,0.0
2020-08-11,12,AR1 alpha + Basic + One-Step,NASDAQ:MU,0.0
2020-08-12,12,AR1 alpha + Basic + One-Step,NASDAQ:MU,0.0
2020-08-13,12,AR1 alpha + Basic + One-Step,NASDAQ:MU,0.0
2020-08-14,12,AR1 alpha + Basic + One-Step,NASDAQ:MU,0.0
2020-08-17,12,AR1 alpha + Basic + One-Step,NASDAQ:MU,0.0
2020-08-18,12,AR1 alpha + Basic + One-Step,NASDAQ:MU,0.0
2020-08-19,12,AR1 alpha + Basic + One-Step,NASDAQ:MU,0.0
2020-08-20,12,AR1 alpha + Basic + One-Step,NASDAQ:MU,1.4053502004225686e-07
2020-08-21,12,AR1 alpha + Basic + One-Step,NASDAQ:MU,0.0
2020-08-24,12,AR1 alpha + Basic + One-Step,NASDAQ:MU,0.0
2020-08-25,12,AR1 alpha + Basic + One-Step,NASDAQ:MU,0.0
2020-08-26,12,AR1 alpha + Basic + One-Step,NASDAQ:MU,0.0
2020-08-27,12,AR1 alpha + Basic + One-Step,NASDAQ:MU,0.0
2020-08-28,12,AR1 alpha + Basic + One-Step,NASDAQ:MU,0.0
2020-08-31,12,AR1 alpha + Basic + One-Step,NASDAQ:MU,0.0
2020-09-01,12,AR1 alpha + Basic + One-Step,NASDAQ:MU,0.0
2020-09-02,12,AR1 alpha + Basic + One-Step,NASDAQ:MU,0.0
2020-09-03,12,AR1 alpha + Basic + One-Step,NASDAQ:MU,0.0
2020-09-04,12,AR1 alpha + Basic + One-Step,NASDAQ:MU,0.0
2020-09-08,12,AR1 alpha + Basic + One-Step,NASDAQ:MU,0.0
2020-09-09,12,AR1 alpha + Basic + One-Step,NASDAQ:MU,2.2257594345079517e-09
2020-09-10,12,AR1 alpha + Basic + One-Step,NASDAQ:MU,0.0
2020-09-11,12,AR1 alpha + Basic + One-Step,NASDAQ:MU,0.0
2020-09-14,12,AR1 alpha + Basic + One-Step,NASDAQ:MU,0.0
2020-09-15,12,AR1 alpha + Basic + One-Step,NASDAQ:MU,0.0
2020-09-16,12,AR1 alpha + Basic + One-Step,NASDAQ:MU,0.0
2020-09-17,12,AR1 alpha + Basic + One-Step,NASDAQ:MU,0.0
2020-09-18,12,AR1 alpha + Basic + One-Step,NASDAQ:MU,0.0
2020-09-21,12,AR1 alpha + Basic + One-Step,NASDAQ:MU,0.0
2020-09-22,12,AR1 alpha + Basic + One-Step,NASDAQ:MU,0.0
2020-09-23,12,AR1 alpha + Basic + One-Step,NASDAQ:MU,0.0
2020-09-24,12,AR1 alpha + Basic + One-Step,NASDAQ:MU,2.5833464086227695e-07
2020-09-25,12,AR1 alpha + Basic + One-Step,NASDAQ:MU,0.0
2020-09-28,12,AR1 alpha + Basic + One-Step,NASDAQ:MU,0.0
2020-09-29,12,AR1 alpha + Basic + One-Step,NASDAQ:MU,6.585779523884164e-08
2020-09-30,12,AR1 alpha + Basic + One-Step,NASDAQ:MU,4.166980025972051e-09
2020-10-01,12,AR1 alpha + Basic + One-Step,NASDAQ:MU,0.0
2020-10-02,12,AR1 alpha + Basic + One-Step,NASDAQ:MU,0.0
2020-10-05,12,AR1 alpha + Basic + One-Step,NASDAQ:MU,1.2831099513526277e-08
2020-10-06,12,AR1 alpha + Basic + One-Step,NASDAQ:MU,0.0
2020-10-07,12,AR1 alpha + Basic + One-Step,NASDAQ:MU,0.0
2020-10-08,12,AR1 alpha + Basic + One-Step,NASDAQ:MU,0.0
2020-10-09,12,AR1 alpha + Basic + One-Step,NASDAQ:MU,0.0
2020-10-12,12,AR1 alpha + Basic + One-Step,NASDAQ:MU,0.0
2020-10-13,12,AR1 alpha + Basic + One-Step,NASDAQ:MU,0.0
2020-10-14,12,AR1 alpha + Basic + One-Step,NASDAQ:MU,0.0
2020-10-15,12,AR1 alpha + Basic + One-Step,NASDAQ:MU,0.0
2020-10-16,12,AR1 alpha + Basic + One-Step,NASDAQ:MU,9.957646680199552e-08
2020-10-19,12,AR1 alpha + Basic + One-Step,NASDAQ:MU,0.0
2020-10-20,12,AR1 alpha + Basic + One-Step,NASDAQ:MU,0.0
2020-10-21,12,AR1 alpha + Basic + One-Step,NASDAQ:MU,0.0
2020-10-22,12,AR1 alpha + Basic + One-Step,NASDAQ:MU,0.0
2020-10-23,12,AR1 alpha + Basic + One-Step,NASDAQ:MU,0.0
2020-10-26,12,AR1 alpha + Basic + One-Step,NASDAQ:MU,0.0
2020-10-27,12,AR1 alpha + Basic + One-Step,NASDAQ:MU,4.3658155325095215e-09
2020-10-28,12,AR1 alpha + Basic + One-Step,NASDAQ:MU,5.266490023537564e-09
2020-10-29,12,AR1 alpha + Basic + One-Step,NASDAQ:MU,2.1917086993470965e-09
2020-10-30,12,AR1 alpha + Basic + One-Step,NASDAQ:MU,0.0
2020-11-02,12,AR1 alpha + Basic + One-Step,NASDAQ:MU,0.0
2020-11-03,12,AR1 alpha + Basic + One-Step,NASDAQ:MU,0.0
2020-11-04,12,AR1 alpha + Basic + One-Step,NASDAQ:MU,0.0
2020-11-05,12,AR1 alpha + Basic + One-Step,NASDAQ:MU,0.0
2020-11-06,12,AR1 alpha + Basic + One-Step,NASDAQ:MU,6.097773653664265e-08
2020-11-09,12,AR1 alpha + Basic + One-Step,NASDAQ:MU,0.0
2020-11-10,12,AR1 alpha + Basic + One-Step,NASDAQ:MU,0.0
2020-11-11,12,AR1 alpha + Basic + One-Step,NASDAQ:MU,0.0
2020-11-12,12,AR1 alpha + Basic + One-Step,NASDAQ:MU,0.0
2020-11-13,12,AR1 alpha + Basic + One-Step,NASDAQ:MU,0.0
2020-11-16,12,AR1 alpha + Basic + One-Step,NASDAQ:MU,0.0
2020-11-17,12,AR1 alpha + Basic + One-Step,NASDAQ:MU,0.0
2020-11-18,12,AR1 alpha + Basic + One-Step,NASDAQ:MU,0.0
2020-11-19,12,AR1 alpha + Basic + One-Step,NASDAQ:MU,4.990815982266559e-08
2020-11-20,12,AR1 alpha + Basic + One-Step,NASDAQ:MU,0.0
2020-11-23,12,AR1 alpha + Basic + One-Step,NASDAQ:MU,0.0
2020-11-24,12,AR1 alpha + Basic + One-Step,NASDAQ:MU,0.0
2020-11-25,12,AR1 alpha + Basic + One-Step,NASDAQ:MU,8.178168271580798e-08
2020-11-27,12,AR1 alpha + Basic + One-Step,NASDAQ:MU,0.0
2020-11-30,12,AR1 alpha + Basic + One-Step,NASDAQ:MU,3.3920304357703223e-11
2020-12-01,12,AR1 alpha + Basic + One-Step,NASDAQ:MU,0.0
2020-12-02,12,AR1 alpha + Basic + One-Step,NASDAQ:MU,0.0
2020-12-03,12,AR1 alpha + Basic + One-Step,NASDAQ:MU,6.284084921840451e-10
2020-12-04,12,AR1 alpha + Basic + One-Step,NASDAQ:MU,1.2242683405269017e-08
2020-12-07,12,AR1 alpha + Basic + One-Step,NASDAQ:MU,0.0
2020-12-08,12,AR1 alpha + Basic + One-Step,NASDAQ:MU,2.520039275179501e-07
2020-12-09,12,AR1 alpha + Basic + One-Step,NASDAQ:MU,0.0
2020-12-10,12,AR1 alpha + Basic + One-Step,NASDAQ:MU,0.0
2020-12-11,12,AR1 alpha + Basic + One-Step,NASDAQ:MU,4.3366482430107014e-07
2020-12-14,12,AR1 alpha + Basic + One-Step,NASDAQ:MU,2.9290884514733867e-07
2020-12-15,12,AR1 alpha + Basic + One-Step,NASDAQ:MU,0.0
2020-12-16,12,AR1 alpha + Basic + One-Step,NASDAQ:MU,0.0
2020-12-17,12,AR1 alpha + Basic + One-Step,NASDAQ:MU,6.436117204201756e-09
2020-12-18,12,AR1 alpha + Basic + One-Step,NASDAQ:MU,0.0
2020-12-21,12,AR1 alpha + Basic + One-Step,NASDAQ:MU,2.834142355336257e-07
2020-12-22,12,AR1 alpha + Basic + One-Step,NASDAQ:MU,3.821462917541758e-07
2020-12-23,12,AR1 alpha + Basic + One-Step,NASDAQ:MU,3.916093519193183e-07
2020-12-24,12,AR1 alpha + Basic + One-Step,NASDAQ:MU,0.0
2020-12-28,12,AR1 alpha + Basic + One-Step,NASDAQ:MU,0.0
2020-12-29,12,AR1 alpha + Basic + One-Step,NASDAQ:MU,0.0
2020-12-30,12,AR1 alpha + Basic + One-Step,NASDAQ:MU,0.0
2020-12-31,12,AR1 alpha + Basic + One-Step,NASDAQ:MU,0.0
2021-01-04,12,AR1 alpha + Basic + One-Step,NASDAQ:MU,0.0
2021-01-05,12,AR1 alpha + Basic + One-Step,NASDAQ:MU,1.9264123033426802e-07
2021-01-06,12,AR1 alpha + Basic + One-Step,NASDAQ:MU,1.7617204250328617e-09
2021-01-07,12,AR1 alpha + Basic + One-Step,NASDAQ:MU,0.0
2021-01-08,12,AR1 alpha + Basic + One-Step,NASDAQ:MU,0.0
2021-01-11,12,AR1 alpha + Basic + One-Step,NASDAQ:MU,0.0
2021-01-12,12,AR1 alpha + Basic + One-Step,NASDAQ:MU,0.0
2021-01-13,12,AR1 alpha + Basic + One-Step,NASDAQ:MU,0.0
2021-01-14,12,AR1 alpha + Basic + One-Step,NASDAQ:MU,0.0
2021-01-15,12,AR1 alpha + Basic + One-Step,NASDAQ:MU,0.0
2021-01-19,12,AR1 alpha + Basic + One-Step,NASDAQ:MU,0.0
2021-01-20,12,AR1 alpha + Basic + One-Step,NASDAQ:MU,0.0
2021-01-21,12,AR1 alpha + Basic + One-Step,NASDAQ:MU,0.0
2021-01-22,12,AR1 alpha + Basic + One-Step,NASDAQ:MU,0.0
2021-01-25,12,AR1 alpha + Basic + One-Step,NASDAQ:MU,5.883634138645055e-09
2021-01-26,12,AR1 alpha + Basic + One-Step,NASDAQ:MU,0.0
2021-01-27,12,AR1 alpha + Basic + One-Step,NASDAQ:MU,0.09236748280135658
2021-01-28,12,AR1 alpha + Basic + One-Step,NASDAQ:MU,0.0
2021-01-29,12,AR1 alpha + Basic + One-Step,NASDAQ:MU,0.0
2021-02-01,12,AR1 alpha + Basic + One-Step,NASDAQ:MU,4.4065160203146135e-07
2021-02-02,12,AR1 alpha + Basic + One-Step,NASDAQ:MU,0.0
2021-02-03,12,AR1 alpha + Basic + One-Step,NASDAQ:MU,0.0
2021-02-04,12,AR1 alpha + Basic + One-Step,NASDAQ:MU,0.0
2021-02-05,12,AR1 alpha + Basic + One-Step,NASDAQ:MU,0.0
2021-02-08,12,AR1 alpha + Basic + One-Step,NASDAQ:MU,1.719832111743116e-07
2021-02-09,12,AR1 alpha + Basic + One-Step,NASDAQ:MU,0.0
2021-02-10,12,AR1 alpha + Basic + One-Step,NASDAQ:MU,0.0
2021-02-11,12,AR1 alpha + Basic + One-Step,NASDAQ:MU,0.0
2021-02-12,12,AR1 alpha + Basic + One-Step,NASDAQ:MU,0.0
2021-02-16,12,AR1 alpha + Basic + One-Step,NASDAQ:MU,0.0
2021-02-17,12,AR1 alpha + Basic + One-Step,NASDAQ:MU,0.0
2021-02-18,12,AR1 alpha + Basic + One-Step,NASDAQ:MU,0.0
2021-02-19,12,AR1 alpha + Basic + One-Step,NASDAQ:MU,0.0
2021-02-22,12,AR1 alpha + Basic + One-Step,NASDAQ:MU,1.5129184051741401e-06
2021-02-23,12,AR1 alpha + Basic + One-Step,NASDAQ:MU,3.178542112304515e-09
2021-02-24,12,AR1 alpha + Basic + One-Step,NASDAQ:MU,0.0
2021-02-25,12,AR1 alpha + Basic + One-Step,NASDAQ:MU,0.0
2021-02-26,12,AR1 alpha + Basic + One-Step,NASDAQ:MU,7.826425824424826e-07
2021-03-01,12,AR1 alpha + Basic + One-Step,NASDAQ:MU,0.0
2021-03-02,12,AR1 alpha + Basic + One-Step,NASDAQ:MU,0.0
2021-03-03,12,AR1 alpha + Basic + One-Step,NASDAQ:MU,0.0
2021-03-04,12,AR1 alpha + Basic + One-Step,NASDAQ:MU,0.0477527419630013
2021-03-05,12,AR1 alpha + Basic + One-Step,NASDAQ:MU,0.0
2021-03-08,12,AR1 alpha + Basic + One-Step,NASDAQ:MU,0.0
2021-03-09,12,AR1 alpha + Basic + One-Step,NASDAQ:MU,0.0
2021-03-10,12,AR1 alpha + Basic + One-Step,NASDAQ:MU,0.06761274651360491
2021-03-11,12,AR1 alpha + Basic + One-Step,NASDAQ:MU,0.0
2021-03-12,12,AR1 alpha + Basic + One-Step,NASDAQ:MU,0.0
2021-03-15,12,AR1 alpha + Basic + One-Step,NASDAQ:MU,1.310074535390807e-09
2021-03-16,12,AR1 alpha + Basic + One-Step,NASDAQ:MU,0.0
2021-03-17,12,AR1 alpha + Basic + One-Step,NASDAQ:MU,0.0
2021-03-18,12,AR1 alpha + Basic + One-Step,NASDAQ:MU,0.0
2021-03-19,12,AR1 alpha + Basic + One-Step,NASDAQ:MU,0.0
2021-03-22,12,AR1 alpha + Basic + One-Step,NASDAQ:MU,0.0
2021-03-23,12,AR1 alpha + Basic + One-Step,NASDAQ:MU,0.09999154775992787
2021-03-24,12,AR1 alpha + Basic + One-Step,NASDAQ:MU,0.0999950385188943
2021-03-25,12,AR1 alpha + Basic + One-Step,NASDAQ:MU,0.09998599976566606
2021-03-26,12,AR1 alpha + Basic + One-Step,NASDAQ:MU,0.0
2021-03-29,12,AR1 alpha + Basic + One-Step,NASDAQ:MU,0.016853755370217986
2021-03-30,12,AR1 alpha + Basic + One-Step,NASDAQ:MU,0.03362042818814163
2021-03-31,12,AR1 alpha + Basic + One-Step,NASDAQ:MU,0.0
2021-04-01,12,AR1 alpha + Basic + One-Step,NASDAQ:MU,0.0
2021-04-05,12,AR1 alpha + Basic + One-Step,NASDAQ:MU,1.552493453779584e-06
2021-04-06,12,AR1 alpha + Basic + One-Step,NASDAQ:MU,8.082065068076887e-07
2021-04-07,12,AR1 alpha + Basic + One-Step,NASDAQ:MU,0.0
2021-04-08,12,AR1 alpha + Basic + One-Step,NASDAQ:MU,2.87165872517459e-07
2021-04-09,12,AR1 alpha + Basic + One-Step,NASDAQ:MU,0.0
2021-04-12,12,AR1 alpha + Basic + One-Step,NASDAQ:MU,5.331370785399865e-09
2021-04-13,12,AR1 alpha + Basic + One-Step,NASDAQ:MU,0.09022455486349369
2021-04-14,12,AR1 alpha + Basic + One-Step,NASDAQ:MU,0.09999997333438473
2021-04-15,12,AR1 alpha + Basic + One-Step,NASDAQ:MU,0.09999745322843194
2021-04-16,12,AR1 alpha + Basic + One-Step,NASDAQ:MU,0.09999231937014659
2021-04-19,12,AR1 alpha + Basic + One-Step,NASDAQ:MU,0.0999967839427967
2021-04-20,12,AR1 alpha + Basic + One-Step,NASDAQ:MU,0.09999844581037856
2021-04-21,12,AR1 alpha + Basic + One-Step,NASDAQ:MU,0.05248976609195659
2021-04-22,12,AR1 alpha + Basic + One-Step,NASDAQ:MU,0.09999964883337371
2021-04-23,12,AR1 alpha + Basic + One-Step,NASDAQ:MU,0.09999791126442789
2021-04-26,12,AR1 alpha + Basic + One-Step,NASDAQ:MU,0.02526832609606301
2021-04-27,12,AR1 alpha + Basic + One-Step,NASDAQ:MU,1.0302607347739693e-06
2021-04-28,12,AR1 alpha + Basic + One-Step,NASDAQ:MU,0.09999850143557872
2021-04-29,12,AR1 alpha + Basic + One-Step,NASDAQ:MU,0.0
2021-04-30,12,AR1 alpha + Basic + One-Step,NASDAQ:MU,0.05847751183170382
2021-05-03,12,AR1 alpha + Basic + One-Step,NASDAQ:MU,0.09999989311246976
2021-05-04,12,AR1 alpha + Basic + One-Step,NASDAQ:MU,0.09999988934872513
2021-05-05,12,AR1 alpha + Basic + One-Step,NASDAQ:MU,0.0
2021-05-06,12,AR1 alpha + Basic + One-Step,NASDAQ:MU,0.06782447094628122
2021-05-07,12,AR1 alpha + Basic + One-Step,NASDAQ:MU,0.0
2021-05-10,12,AR1 alpha + Basic + One-Step,NASDAQ:MU,0.09998917743469851
2021-05-11,12,AR1 alpha + Basic + One-Step,NASDAQ:MU,0.0999821183433443
2021-05-12,12,AR1 alpha + Basic + One-Step,NASDAQ:MU,0.09998905136063928
2021-05-13,12,AR1 alpha + Basic + One-Step,NASDAQ:MU,0.09999311245625762
2021-05-14,12,AR1 alpha + Basic + One-Step,NASDAQ:MU,0.034045462059490605
2021-05-17,12,AR1 alpha + Basic + One-Step,NASDAQ:MU,0.0
2021-05-18,12,AR1 alpha + Basic + One-Step,NASDAQ:MU,0.056612832709408215
2021-05-19,12,AR1 alpha + Basic + One-Step,NASDAQ:MU,0.0
2021-05-20,12,AR1 alpha + Basic + One-Step,NASDAQ:MU,1.0900371251215868e-08
2021-05-21,12,AR1 alpha + Basic + One-Step,NASDAQ:MU,0.0
2021-05-24,12,AR1 alpha + Basic + One-Step,NASDAQ:MU,0.0
2021-05-25,12,AR1 alpha + Basic + One-Step,NASDAQ:MU,0.0
2021-05-26,12,AR1 alpha + Basic + One-Step,NASDAQ:MU,0.0
2021-05-27,12,AR1 alpha + Basic + One-Step,NASDAQ:MU,7.195301035032563e-08
2021-05-28,12,AR1 alpha + Basic + One-Step,NASDAQ:MU,0.0
2021-06-01,12,AR1 alpha + Basic + One-Step,NASDAQ:MU,0.0
2021-06-02,12,AR1 alpha + Basic + One-Step,NASDAQ:MU,0.0
2021-06-03,12,AR1 alpha + Basic + One-Step,NASDAQ:MU,0.0
2021-06-04,12,AR1 alpha + Basic + One-Step,NASDAQ:MU,0.0
2021-06-07,12,AR1 alpha + Basic + One-Step,NASDAQ:MU,0.0
2021-06-08,12,AR1 alpha + Basic + One-Step,NASDAQ:MU,0.09999991047843586
2021-06-09,12,AR1 alpha + Basic + One-Step,NASDAQ:MU,0.09999996133851136
2021-06-10,12,AR1 alpha + Basic + One-Step,NASDAQ:MU,0.019014225143287003
2021-06-11,12,AR1 alpha + Basic + One-Step,NASDAQ:MU,0.0010008801928317955
2021-06-14,12,AR1 alpha + Basic + One-Step,NASDAQ:MU,0.0
2021-06-15,12,AR1 alpha + Basic + One-Step,NASDAQ:MU,0.0
2021-06-16,12,AR1 alpha + Basic + One-Step,NASDAQ:MU,0.0
2021-06-17,12,AR1 alpha + Basic + One-Step,NASDAQ:MU,0.0
2021-06-18,12,AR1 alpha + Basic + One-Step,NASDAQ:MU,0.09999582299973483
2021-06-21,12,AR1 alpha + Basic + One-Step,NASDAQ:MU,0.09203743226976524
2021-06-22,12,AR1 alpha + Basic + One-Step,NASDAQ:MU,5.733070849950863e-08
2021-06-23,12,AR1 alpha + Basic + One-Step,NASDAQ:MU,3.3754070758204474e-07
2021-06-24,12,AR1 alpha + Basic + One-Step,NASDAQ:MU,8.045162720165677e-07
2021-06-25,12,AR1 alpha + Basic + One-Step,NASDAQ:MU,0.0
2021-06-28,12,AR1 alpha + Basic + One-Step,NASDAQ:MU,0.0
2021-06-29,12,AR1 alpha + Basic + One-Step,NASDAQ:MU,0.0
2021-06-30,12,AR1 alpha + Basic + One-Step,NASDAQ:MU,0.0
2021-07-01,12,AR1 alpha + Basic + One-Step,NASDAQ:MU,0.0
2021-07-02,12,AR1 alpha + Basic + One-Step,NASDAQ:MU,0.0
2021-07-06,12,AR1 alpha + Basic + One-Step,NASDAQ:MU,0.0
2021-07-07,12,AR1 alpha + Basic + One-Step,NASDAQ:MU,0.09998822002481826
2021-07-08,12,AR1 alpha + Basic + One-Step,NASDAQ:MU,0.09998374461023521
2021-07-09,12,AR1 alpha + Basic + One-Step,NASDAQ:MU,0.0
2021-07-12,12,AR1 alpha + Basic + One-Step,NASDAQ:MU,0.0
2021-07-13,12,AR1 alpha + Basic + One-Step,NASDAQ:MU,6.64277123160513e-08
2021-07-14,12,AR1 alpha + Basic + One-Step,NASDAQ:MU,0.0
2021-07-15,12,AR1 alpha + Basic + One-Step,NASDAQ:MU,0.013072147612312074
2021-07-16,12,AR1 alpha + Basic + One-Step,NASDAQ:MU,0.10000508192578933
2021-07-19,12,AR1 alpha + Basic + One-Step,NASDAQ:MU,0.051236488219085524
2021-07-20,12,AR1 alpha + Basic + One-Step,NASDAQ:MU,0.0
2021-07-21,12,AR1 alpha + Basic + One-Step,NASDAQ:MU,0.0
2021-07-22,12,AR1 alpha + Basic + One-Step,NASDAQ:MU,0.0
2021-07-23,12,AR1 alpha + Basic + One-Step,NASDAQ:MU,0.0
2021-07-26,12,AR1 alpha + Basic + One-Step,NASDAQ:MU,2.8791281500902545e-08
2021-07-27,12,AR1 alpha + Basic + One-Step,NASDAQ:MU,1.0105726359035555e-06
2021-07-28,12,AR1 alpha + Basic + One-Step,NASDAQ:MU,0.0
2021-07-29,12,AR1 alpha + Basic + One-Step,NASDAQ:MU,0.0
2021-07-30,12,AR1 alpha + Basic + One-Step,NASDAQ:MU,0.0
2021-08-02,12,AR1 alpha + Basic + One-Step,NASDAQ:MU,0.0
2021-08-03,12,AR1 alpha + Basic + One-Step,NASDAQ:MU,0.0
2021-08-04,12,AR1 alpha + Basic + One-Step,NASDAQ:MU,2.616196691279241e-08
2021-08-05,12,AR1 alpha + Basic + One-Step,NASDAQ:MU,0.0
2021-08-06,12,AR1 alpha + Basic + One-Step,NASDAQ:MU,0.0
2021-08-09,12,AR1 alpha + Basic + One-Step,NASDAQ:MU,5.710604865578446e-07
2021-08-10,12,AR1 alpha + Basic + One-Step,NASDAQ:MU,0.09999984717175994
2021-08-11,12,AR1 alpha + Basic + One-Step,NASDAQ:MU,0.09999977012548243
2021-08-12,12,AR1 alpha + Basic + One-Step,NASDAQ:MU,0.09998966237152807
2021-08-13,12,AR1 alpha + Basic + One-Step,NASDAQ:MU,0.09998779060399283
2021-08-16,12,AR1 alpha + Basic + One-Step,NASDAQ:MU,0.09999318411233855
2021-08-17,12,AR1 alpha + Basic + One-Step,NASDAQ:MU,0.0999960009107235
2021-08-18,12,AR1 alpha + Basic + One-Step,NASDAQ:MU,0.08902062514134716
2021-08-19,12,AR1 alpha + Basic + One-Step,NASDAQ:MU,0.09998688978620837
2021-08-20,12,AR1 alpha + Basic + One-Step,NASDAQ:MU,0.09999222400426407
2021-08-23,12,AR1 alpha + Basic + One-Step,NASDAQ:MU,0.0
2021-08-24,12,AR1 alpha + Basic + One-Step,NASDAQ:MU,1.5801423228149046e-07
2021-08-25,12,AR1 alpha + Basic + One-Step,NASDAQ:MU,0.0
2021-08-26,12,AR1 alpha + Basic + One-Step,NASDAQ:MU,0.0
2021-08-27,12,AR1 alpha + Basic + One-Step,NASDAQ:MU,1.7066215633694718e-06
2021-08-30,12,AR1 alpha + Basic + One-Step,NASDAQ:MU,6.758570769486598e-08
2021-08-31,12,AR1 alpha + Basic + One-Step,NASDAQ:MU,0.0
2021-09-01,12,AR1 alpha + Basic + One-Step,NASDAQ:MU,0.0
2021-09-02,12,AR1 alpha + Basic + One-Step,NASDAQ:MU,0.0
2021-09-03,12,AR1 alpha + Basic + One-Step,NASDAQ:MU,0.0
2021-09-07,12,AR1 alpha + Basic + One-Step,NASDAQ:MU,0.0
2021-09-08,12,AR1 alpha + Basic + One-Step,NASDAQ:MU,0.0
2021-09-09,12,AR1 alpha + Basic + One-Step,NASDAQ:MU,1.2375203520867133e-07
2021-09-10,12,AR1 alpha + Basic + One-Step,NASDAQ:MU,0.0
2021-09-13,12,AR1 alpha + Basic + One-Step,NASDAQ:MU,0.0
2021-09-14,12,AR1 alpha + Basic + One-Step,NASDAQ:MU,4.1536510387021864e-07
2021-09-15,12,AR1 alpha + Basic + One-Step,NASDAQ:MU,0.0
2021-09-16,12,AR1 alpha + Basic + One-Step,NASDAQ:MU,0.0
2021-09-17,12,AR1 alpha + Basic + One-Step,NASDAQ:MU,0.0
2021-09-20,12,AR1 alpha + Basic + One-Step,NASDAQ:MU,0.0
2021-09-21,12,AR1 alpha + Basic + One-Step,NASDAQ:MU,1.2429423741395368e-07
2021-09-22,12,AR1 alpha + Basic + One-Step,NASDAQ:MU,0.0
2021-09-23,12,AR1 alpha + Basic + One-Step,NASDAQ:MU,0.0
2021-09-24,12,AR1 alpha + Basic + One-Step,NASDAQ:MU,0.0
2021-09-27,12,AR1 alpha + Basic + One-Step,NASDAQ:MU,0.0
2021-09-28,12,AR1 alpha + Basic + One-Step,NASDAQ:MU,0.0
2021-09-29,12,AR1 alpha + Basic + One-Step,NASDAQ:MU,0.0
2021-09-30,12,AR1 alpha + Basic + One-Step,NASDAQ:MU,0.0
2021-10-01,12,AR1 alpha + Basic + One-Step,NASDAQ:MU,0.0
2021-10-04,12,AR1 alpha + Basic + One-Step,NASDAQ:MU,0.0
2021-10-05,12,AR1 alpha + Basic + One-Step,NASDAQ:MU,0.0
2021-10-06,12,AR1 alpha + Basic + One-Step,NASDAQ:MU,2.4830045314048017e-07
2021-10-07,12,AR1 alpha + Basic + One-Step,NASDAQ:MU,0.0
2021-10-08,12,AR1 alpha + Basic + One-Step,NASDAQ:MU,0.0
2021-10-11,12,AR1 alpha + Basic + One-Step,NASDAQ:MU,0.0
2021-10-12,12,AR1 alpha + Basic + One-Step,NASDAQ:MU,0.04247734818842809
2021-10-13,12,AR1 alpha + Basic + One-Step,NASDAQ:MU,0.0
2021-10-14,12,AR1 alpha + Basic + One-Step,NASDAQ:MU,0.0
2021-10-15,12,AR1 alpha + Basic + One-Step,NASDAQ:MU,0.0
2021-10-18,12,AR1 alpha + Basic + One-Step,NASDAQ:MU,0.0
2021-10-19,12,AR1 alpha + Basic + One-Step,NASDAQ:MU,0.0
2021-10-20,12,AR1 alpha + Basic + One-Step,NASDAQ:MU,0.0
2021-10-21,12,AR1 alpha + Basic + One-Step,NASDAQ:MU,0.0
2021-10-22,12,AR1 alpha + Basic + One-Step,NASDAQ:MU,0.0
2021-10-25,12,AR1 alpha + Basic + One-Step,NASDAQ:MU,0.0
2021-10-26,12,AR1 alpha + Basic + One-Step,NASDAQ:MU,0.0
2021-10-27,12,AR1 alpha + Basic + One-Step,NASDAQ:MU,0.0
2021-10-28,12,AR1 alpha + Basic + One-Step,NASDAQ:MU,0.0
2021-10-29,12,AR1 alpha + Basic + One-Step,NASDAQ:MU,0.0
2021-11-01,12,AR1 alpha + Basic + One-Step,NASDAQ:MU,2.562166689981287e-07
2021-11-02,12,AR1 alpha + Basic + One-Step,NASDAQ:MU,0.0
2021-11-03,12,AR1 alpha + Basic + One-Step,NASDAQ:MU,0.0
2021-11-04,12,AR1 alpha + Basic + One-Step,NASDAQ:MU,0.0
2021-11-05,12,AR1 alpha + Basic + One-Step,NASDAQ:MU,0.0
2021-11-08,12,AR1 alpha + Basic + One-Step,NASDAQ:MU,0.0
2021-11-09,12,AR1 alpha + Basic + One-Step,NASDAQ:MU,0.0
2021-11-10,12,AR1 alpha + Basic + One-Step,NASDAQ:MU,1.9735738549467353e-08
2021-11-11,12,AR1 alpha + Basic + One-Step,NASDAQ:MU,0.0
2021-11-12,12,AR1 alpha + Basic + One-Step,NASDAQ:MU,0.0
2021-11-15,12,AR1 alpha + Basic + One-Step,NASDAQ:MU,0.0
2021-11-16,12,AR1 alpha + Basic + One-Step,NASDAQ:MU,0.0
2021-11-17,12,AR1 alpha + Basic + One-Step,NASDAQ:MU,0.0
2021-11-18,12,AR1 alpha + Basic + One-Step,NASDAQ:MU,0.0
2021-11-19,12,AR1 alpha + Basic + One-Step,NASDAQ:MU,0.0
2021-11-22,12,AR1 alpha + Basic + One-Step,NASDAQ:MU,0.0
2021-11-23,12,AR1 alpha + Basic + One-Step,NASDAQ:MU,0.0
2021-11-24,12,AR1 alpha + Basic + One-Step,NASDAQ:MU,0.0
2021-11-26,12,AR1 alpha + Basic + One-Step,NASDAQ:MU,0.0
2021-11-29,12,AR1 alpha + Basic + One-Step,NASDAQ:MU,0.0
2021-11-30,12,AR1 alpha + Basic + One-Step,NASDAQ:MU,0.0
2021-12-01,12,AR1 alpha + Basic + One-Step,NASDAQ:MU,0.0
2021-12-02,12,AR1 alpha + Basic + One-Step,NASDAQ:MU,0.0
2021-12-03,12,AR1 alpha + Basic + One-Step,NASDAQ:MU,0.0
2021-12-06,12,AR1 alpha + Basic + One-Step,NASDAQ:MU,0.0
2021-12-07,12,AR1 alpha + Basic + One-Step,NASDAQ:MU,3.522743818700617e-08
2021-12-08,12,AR1 alpha + Basic + One-Step,NASDAQ:MU,0.0
2021-12-09,12,AR1 alpha + Basic + One-Step,NASDAQ:MU,0.0
2021-12-10,12,AR1 alpha + Basic + One-Step,NASDAQ:MU,0.0
2021-12-13,12,AR1 alpha + Basic + One-Step,NASDAQ:MU,0.0
2021-12-14,12,AR1 alpha + Basic + One-Step,NASDAQ:MU,6.283990004303263e-09
2021-12-15,12,AR1 alpha + Basic + One-Step,NASDAQ:MU,0.0
2021-12-16,12,AR1 alpha + Basic + One-Step,NASDAQ:MU,0.0
2021-12-17,12,AR1 alpha + Basic + One-Step,NASDAQ:MU,0.0
2021-12-20,12,AR1 alpha + Basic + One-Step,NASDAQ:MU,0.0
2021-12-21,12,AR1 alpha + Basic + One-Step,NASDAQ:MU,0.0
2021-12-22,12,AR1 alpha + Basic + One-Step,NASDAQ:MU,1.7911284655974512e-07
2021-12-23,12,AR1 alpha + Basic + One-Step,NASDAQ:MU,0.0
2021-12-27,12,AR1 alpha + Basic + One-Step,NASDAQ:MU,0.0
2021-12-28,12,AR1 alpha + Basic + One-Step,NASDAQ:MU,0.0
2021-12-29,12,AR1 alpha + Basic + One-Step,NASDAQ:MU,0.0
2021-12-30,12,AR1 alpha + Basic + One-Step,NASDAQ:MU,4.997829096611615e-07
2021-12-31,12,AR1 alpha + Basic + One-Step,NASDAQ:MU,1.3810155038640228e-07
2022-01-03,12,AR1 alpha + Basic + One-Step,NASDAQ:MU,8.11642841114252e-08
2022-01-04,12,AR1 alpha + Basic + One-Step,NASDAQ:MU,0.0
2022-01-05,12,AR1 alpha + Basic + One-Step,NASDAQ:MU,0.0
2022-01-06,12,AR1 alpha + Basic + One-Step,NASDAQ:MU,0.0
2022-01-07,12,AR1 alpha + Basic + One-Step,NASDAQ:MU,4.8496637580631934e-08
2022-01-10,12,AR1 alpha + Basic + One-Step,NASDAQ:MU,0.0
2022-01-11,12,AR1 alpha + Basic + One-Step,NASDAQ:MU,0.0
2022-01-12,12,AR1 alpha + Basic + One-Step,NASDAQ:MU,0.0
2022-01-13,12,AR1 alpha + Basic + One-Step,NASDAQ:MU,1.022573844887706e-06
2022-01-14,12,AR1 alpha + Basic + One-Step,NASDAQ:MU,0.0
2022-01-18,12,AR1 alpha + Basic + One-Step,NASDAQ:MU,0.0
2022-01-19,12,AR1 alpha + Basic + One-Step,NASDAQ:MU,0.05858167113665523
2022-01-20,12,AR1 alpha + Basic + One-Step,NASDAQ:MU,0.09999055993111891
2022-01-21,12,AR1 alpha + Basic + One-Step,NASDAQ:MU,0.09999992032512005
2022-01-24,12,AR1 alpha + Basic + One-Step,NASDAQ:MU,0.09999961720224464
2022-01-25,12,AR1 alpha + Basic + One-Step,NASDAQ:MU,0.0999940688808122
2022-01-26,12,AR1 alpha + Basic + One-Step,NASDAQ:MU,0.05254957305876173
2022-01-27,12,AR1 alpha + Basic + One-Step,NASDAQ:MU,0.09999687545051945
2022-01-28,12,AR1 alpha + Basic + One-Step,NASDAQ:MU,0.0
2022-01-31,12,AR1 alpha + Basic + One-Step,NASDAQ:MU,0.0
2022-02-01,12,AR1 alpha + Basic + One-Step,NASDAQ:MU,0.0
2022-02-02,12,AR1 alpha + Basic + One-Step,NASDAQ:MU,0.0
2022-02-03,12,AR1 alpha + Basic + One-Step,NASDAQ:MU,0.0
2022-02-04,12,AR1 alpha + Basic + One-Step,NASDAQ:MU,6.462841735025477e-08
2022-02-07,12,AR1 alpha + Basic + One-Step,NASDAQ:MU,1.7967017018206306e-07
2022-02-08,12,AR1 alpha + Basic + One-Step,NASDAQ:MU,9.086603162906604e-07
2022-02-09,12,AR1 alpha + Basic + One-Step,NASDAQ:MU,0.0
2022-02-10,12,AR1 alpha + Basic + One-Step,NASDAQ:MU,0.0
2022-02-11,12,AR1 alpha + Basic + One-Step,NASDAQ:MU,1.9873992893897163e-08
2022-02-14,12,AR1 alpha + Basic + One-Step,NASDAQ:MU,0.0
2022-02-15,12,AR1 alpha + Basic + One-Step,NASDAQ:MU,0.0
2022-02-16,12,AR1 alpha + Basic + One-Step,NASDAQ:MU,0.0
2022-02-17,12,AR1 alpha + Basic + One-Step,NASDAQ:MU,0.0
2022-02-18,12,AR1 alpha + Basic + One-Step,NASDAQ:MU,1.85937846549302e-07
2022-02-22,12,AR1 alpha + Basic + One-Step,NASDAQ:MU,8.672013796771242e-08
2022-02-23,12,AR1 alpha + Basic + One-Step,NASDAQ:MU,0.0
2022-02-24,12,AR1 alpha + Basic + One-Step,NASDAQ:MU,0.0
2022-02-25,12,AR1 alpha + Basic + One-Step,NASDAQ:MU,0.0
2022-02-28,12,AR1 alpha + Basic + One-Step,NASDAQ:MU,0.0
2022-03-01,12,AR1 alpha + Basic + One-Step,NASDAQ:MU,4.203559204484347e-08
2022-03-02,12,AR1 alpha + Basic + One-Step,NASDAQ:MU,0.0
2022-03-03,12,AR1 alpha + Basic + One-Step,NASDAQ:MU,0.0
2022-03-04,12,AR1 alpha + Basic + One-Step,NASDAQ:MU,0.0
2022-03-07,12,AR1 alpha + Basic + One-Step,NASDAQ:MU,1.2468009610296667e-10
2022-03-08,12,AR1 alpha + Basic + One-Step,NASDAQ:MU,7.353618796048024e-07
2022-03-09,12,AR1 alpha + Basic + One-Step,NASDAQ:MU,0.0
2022-03-10,12,AR1 alpha + Basic + One-Step,NASDAQ:MU,0.0
2022-03-11,12,AR1 alpha + Basic + One-Step,NASDAQ:MU,0.0
2022-03-14,12,AR1 alpha + Basic + One-Step,NASDAQ:MU,0.0
2022-03-15,12,AR1 alpha + Basic + One-Step,NASDAQ:MU,0.0
2022-03-16,12,AR1 alpha + Basic + One-Step,NASDAQ:MU,0.0
2022-03-17,12,AR1 alpha + Basic + One-Step,NASDAQ:MU,0.0
2022-03-18,12,AR1 alpha + Basic + One-Step,NASDAQ:MU,0.0
2022-03-21,12,AR1 alpha + Basic + One-Step,NASDAQ:MU,0.0
2022-03-22,12,AR1 alpha + Basic + One-Step,NASDAQ:MU,0.0
2022-03-23,12,AR1 alpha + Basic + One-Step,NASDAQ:MU,0.0
2022-03-24,12,AR1 alpha + Basic + One-Step,NASDAQ:MU,4.236123198886849e-08
2022-03-25,12,AR1 alpha + Basic + One-Step,NASDAQ:MU,0.0
2022-03-28,12,AR1 alpha + Basic + One-Step,NASDAQ:MU,0.0
2022-03-29,12,AR1 alpha + Basic + One-Step,NASDAQ:MU,0.0
2022-03-30,12,AR1 alpha + Basic + One-Step,NASDAQ:MU,0.0
2022-03-31,12,AR1 alpha + Basic + One-Step,NASDAQ:MU,0.0
2022-04-01,12,AR1 alpha + Basic + One-Step,NASDAQ:MU,0.0
2022-04-04,12,AR1 alpha + Basic + One-Step,NASDAQ:MU,0.0
2022-04-05,12,AR1 alpha + Basic + One-Step,NASDAQ:MU,0.0
2022-04-06,12,AR1 alpha + Basic + One-Step,NASDAQ:MU,0.0
2022-04-07,12,AR1 alpha + Basic + One-Step,NASDAQ:MU,0.0
2022-04-08,12,AR1 alpha + Basic + One-Step,NASDAQ:MU,0.0
2022-04-11,12,AR1 alpha + Basic + One-Step,NASDAQ:MU,0.0
2022-04-12,12,AR1 alpha + Basic + One-Step,NASDAQ:MU,0.0
2022-04-13,12,AR1 alpha + Basic + One-Step,NASDAQ:MU,2.654517823205019e-07
2022-04-14,12,AR1 alpha + Basic + One-Step,NASDAQ:MU,0.0
2022-04-18,12,AR1 alpha + Basic + One-Step,NASDAQ:MU,0.0
2022-04-19,12,AR1 alpha + Basic + One-Step,NASDAQ:MU,0.0
2022-04-20,12,AR1 alpha + Basic + One-Step,NASDAQ:MU,6.069271358529456e-08
2022-04-21,12,AR1 alpha + Basic + One-Step,NASDAQ:MU,0.0
2022-04-22,12,AR1 alpha + Basic + One-Step,NASDAQ:MU,0.0
2022-04-25,12,AR1 alpha + Basic + One-Step,NASDAQ:MU,0.0
2022-04-26,12,AR1 alpha + Basic + One-Step,NASDAQ:MU,0.0
2022-04-27,12,AR1 alpha + Basic + One-Step,NASDAQ:MU,0.0
2022-04-28,12,AR1 alpha + Basic + One-Step,NASDAQ:MU,0.0
2022-04-29,12,AR1 alpha + Basic + One-Step,NASDAQ:MU,0.0
2022-05-02,12,AR1 alpha + Basic + One-Step,NASDAQ:MU,0.0
2022-05-03,12,AR1 alpha + Basic + One-Step,NASDAQ:MU,0.0
2022-05-04,12,AR1 alpha + Basic + One-Step,NASDAQ:MU,6.455730555764812e-07
2022-05-05,12,AR1 alpha + Basic + One-Step,NASDAQ:MU,0.0
2022-05-06,12,AR1 alpha + Basic + One-Step,NASDAQ:MU,0.0
2022-05-09,12,AR1 alpha + Basic + One-Step,NASDAQ:MU,0.0
2022-05-10,12,AR1 alpha + Basic + One-Step,NASDAQ:MU,2.613646348549278e-07
2022-05-11,12,AR1 alpha + Basic + One-Step,NASDAQ:MU,0.0
2022-05-12,12,AR1 alpha + Basic + One-Step,NASDAQ:MU,1.1624658297618856e-07
2022-05-13,12,AR1 alpha + Basic + One-Step,NASDAQ:MU,0.0
2022-05-16,12,AR1 alpha + Basic + One-Step,NASDAQ:MU,3.8972010035492133e-07
2022-05-17,12,AR1 alpha + Basic + One-Step,NASDAQ:MU,0.0
2022-05-18,12,AR1 alpha + Basic + One-Step,NASDAQ:MU,6.806467147575095e-07
2022-05-19,12,AR1 alpha + Basic + One-Step,NASDAQ:MU,0.0
2022-05-20,12,AR1 alpha + Basic + One-Step,NASDAQ:MU,0.0
2022-05-23,12,AR1 alpha + Basic + One-Step,NASDAQ:MU,2.2939576501463684e-08
2022-05-24,12,AR1 alpha + Basic + One-Step,NASDAQ:MU,0.0
2022-05-25,12,AR1 alpha + Basic + One-Step,NASDAQ:MU,1.5813736864023546e-07
2022-05-26,12,AR1 alpha + Basic + One-Step,NASDAQ:MU,0.0
2022-05-27,12,AR1 alpha + Basic + One-Step,NASDAQ:MU,6.213425932064393e-09
2022-05-31,12,AR1 alpha + Basic + One-Step,NASDAQ:MU,0.0
2022-06-01,12,AR1 alpha + Basic + One-Step,NASDAQ:MU,0.0
2022-06-02,12,AR1 alpha + Basic + One-Step,NASDAQ:MU,0.0
2022-06-03,12,AR1 alpha + Basic + One-Step,NASDAQ:MU,0.0
2022-06-06,12,AR1 alpha + Basic + One-Step,NASDAQ:MU,0.0
2022-06-07,12,AR1 alpha + Basic + One-Step,NASDAQ:MU,0.0
2022-06-08,12,AR1 alpha + Basic + One-Step,NASDAQ:MU,0.0
2022-06-09,12,AR1 alpha + Basic + One-Step,NASDAQ:MU,0.0
2022-06-10,12,AR1 alpha + Basic + One-Step,NASDAQ:MU,7.4390835288265e-08
2022-06-13,12,AR1 alpha + Basic + One-Step,NASDAQ:MU,3.139239391292627e-07
2022-06-14,12,AR1 alpha + Basic + One-Step,NASDAQ:MU,1.4843406438998928e-07
2022-06-15,12,AR1 alpha + Basic + One-Step,NASDAQ:MU,0.0
2022-06-16,12,AR1 alpha + Basic + One-Step,NASDAQ:MU,0.0
2022-06-17,12,AR1 alpha + Basic + One-Step,NASDAQ:MU,0.0
2022-06-21,12,AR1 alpha + Basic + One-Step,NASDAQ:MU,5.514637913164226e-07
2022-06-22,12,AR1 alpha + Basic + One-Step,NASDAQ:MU,2.0553961938086955e-07
2022-06-23,12,AR1 alpha + Basic + One-Step,NASDAQ:MU,0.0
2022-06-24,12,AR1 alpha + Basic + One-Step,NASDAQ:MU,0.0
2022-06-27,12,AR1 alpha + Basic + One-Step,NASDAQ:MU,0.0
2022-06-28,12,AR1 alpha + Basic + One-Step,NASDAQ:MU,0.0
2022-06-29,12,AR1 alpha + Basic + One-Step,NASDAQ:MU,0.0
2022-06-30,12,AR1 alpha + Basic + One-Step,NASDAQ:MU,0.0
2022-07-01,12,AR1 alpha + Basic + One-Step,NASDAQ:MU,0.0
2022-07-05,12,AR1 alpha + Basic + One-Step,NASDAQ:MU,0.0
2022-07-06,12,AR1 alpha + Basic + One-Step,NASDAQ:MU,0.0
2022-07-07,12,AR1 alpha + Basic + One-Step,NASDAQ:MU,0.0
2022-07-08,12,AR1 alpha + Basic + One-Step,NASDAQ:MU,0.0
2022-07-11,12,AR1 alpha + Basic + One-Step,NASDAQ:MU,0.0
2022-07-12,12,AR1 alpha + Basic + One-Step,NASDAQ:MU,5.581267295999594e-07
2022-07-13,12,AR1 alpha + Basic + One-Step,NASDAQ:MU,5.843589462409519e-07
2022-07-14,12,AR1 alpha + Basic + One-Step,NASDAQ:MU,0.0
2022-07-15,12,AR1 alpha + Basic + One-Step,NASDAQ:MU,0.0
2022-07-18,12,AR1 alpha + Basic + One-Step,NASDAQ:MU,0.0
2022-07-19,12,AR1 alpha + Basic + One-Step,NASDAQ:MU,0.0
2022-07-20,12,AR1 alpha + Basic + One-Step,NASDAQ:MU,0.0
2022-07-21,12,AR1 alpha + Basic + One-Step,NASDAQ:MU,3.514113448406679e-08
2022-07-22,12,AR1 alpha + Basic + One-Step,NASDAQ:MU,0.0
2022-07-25,12,AR1 alpha + Basic + One-Step,NASDAQ:MU,0.0
2022-07-26,12,AR1 alpha + Basic + One-Step,NASDAQ:MU,0.0
2022-07-27,12,AR1 alpha + Basic + One-Step,NASDAQ:MU,0.0
2022-07-28,12,AR1 alpha + Basic + One-Step,NASDAQ:MU,0.0
2022-07-29,12,AR1 alpha + Basic + One-Step,NASDAQ:MU,0.0
2022-08-01,12,AR1 alpha + Basic + One-Step,NASDAQ:MU,0.0
2022-08-02,12,AR1 alpha + Basic + One-Step,NASDAQ:MU,0.0
2022-08-03,12,AR1 alpha + Basic + One-Step,NASDAQ:MU,0.0
2022-08-04,12,AR1 alpha + Basic + One-Step,NASDAQ:MU,0.0
2022-08-05,12,AR1 alpha + Basic + One-Step,NASDAQ:MU,0.0
2022-08-08,12,AR1 alpha + Basic + One-Step,NASDAQ:MU,0.0
2022-08-09,12,AR1 alpha + Basic + One-Step,NASDAQ:MU,0.0
2022-08-10,12,AR1 alpha + Basic + One-Step,NASDAQ:MU,0.0
2022-08-11,12,AR1 alpha + Basic + One-Step,NASDAQ:MU,0.0
2022-08-12,12,AR1 alpha + Basic + One-Step,NASDAQ:MU,0.0
2022-08-15,12,AR1 alpha + Basic + One-Step,NASDAQ:MU,0.0
2022-08-16,12,AR1 alpha + Basic + One-Step,NASDAQ:MU,0.0
2022-08-17,12,AR1 alpha + Basic + One-Step,NASDAQ:MU,0.0
2022-08-18,12,AR1 alpha + Basic + One-Step,NASDAQ:MU,0.0
2022-08-19,12,AR1 alpha + Basic + One-Step,NASDAQ:MU,0.0
2022-08-22,12,AR1 alpha + Basic + One-Step,NASDAQ:MU,0.0
2022-08-23,12,AR1 alpha + Basic + One-Step,NASDAQ:MU,0.0
2022-08-24,12,AR1 alpha + Basic + One-Step,NASDAQ:MU,9.244886528789412e-08
2022-08-25,12,AR1 alpha + Basic + One-Step,NASDAQ:MU,0.0
2022-08-26,12,AR1 alpha + Basic + One-Step,NASDAQ:MU,0.0
2022-08-29,12,AR1 alpha + Basic + One-Step,NASDAQ:MU,0.0
2022-08-30,12,AR1 alpha + Basic + One-Step,NASDAQ:MU,0.0
2022-08-31,12,AR1 alpha + Basic + One-Step,NASDAQ:MU,0.0
2022-09-01,12,AR1 alpha + Basic + One-Step,NASDAQ:MU,0.0
2022-09-02,12,AR1 alpha + Basic + One-Step,NASDAQ:MU,0.0
2022-09-06,12,AR1 alpha + Basic + One-Step,NASDAQ:MU,0.0
2022-09-07,12,AR1 alpha + Basic + One-Step,NASDAQ:MU,0.0
2022-09-08,12,AR1 alpha + Basic + One-Step,NASDAQ:MU,6.350173819278089e-07
2022-09-09,12,AR1 alpha + Basic + One-Step,NASDAQ:MU,1.3339418030834375e-09
2022-09-12,12,AR1 alpha + Basic + One-Step,NASDAQ:MU,0.0
2022-09-13,12,AR1 alpha + Basic + One-Step,NASDAQ:MU,0.0
2022-09-14,12,AR1 alpha + Basic + One-Step,NASDAQ:MU,1.1518803894234179e-07
2022-09-15,12,AR1 alpha + Basic + One-Step,NASDAQ:MU,0.0
2022-09-16,12,AR1 alpha + Basic + One-Step,NASDAQ:MU,6.558251458714538e-08
2022-09-19,12,AR1 alpha + Basic + One-Step,NASDAQ:MU,0.0
2022-09-20,12,AR1 alpha + Basic + One-Step,NASDAQ:MU,0.0
2022-09-21,12,AR1 alpha + Basic + One-Step,NASDAQ:MU,0.0
2022-09-22,12,AR1 alpha + Basic + One-Step,NASDAQ:MU,0.0
2022-09-23,12,AR1 alpha + Basic + One-Step,NASDAQ:MU,0.0
2022-09-26,12,AR1 alpha + Basic + One-Step,NASDAQ:MU,3.83063557696158e-09
2022-09-27,12,AR1 alpha + Basic + One-Step,NASDAQ:MU,0.0
2022-09-28,12,AR1 alpha + Basic + One-Step,NASDAQ:MU,0.0
2022-09-29,12,AR1 alpha + Basic + One-Step,NASDAQ:MU,0.0
2022-09-30,12,AR1 alpha + Basic + One-Step,NASDAQ:MU,0.0
2022-10-03,12,AR1 alpha + Basic + One-Step,NASDAQ:MU,0.0
2022-10-04,12,AR1 alpha + Basic + One-Step,NASDAQ:MU,0.0
2022-10-05,12,AR1 alpha + Basic + One-Step,NASDAQ:MU,7.498804767420943e-08
2022-10-06,12,AR1 alpha + Basic + One-Step,NASDAQ:MU,0.0
2022-10-07,12,AR1 alpha + Basic + One-Step,NASDAQ:MU,0.0
2022-10-10,12,AR1 alpha + Basic + One-Step,NASDAQ:MU,0.0
2022-10-11,12,AR1 alpha + Basic + One-Step,NASDAQ:MU,4.530383561008932e-07
2022-10-12,12,AR1 alpha + Basic + One-Step,NASDAQ:MU,1.6608321772580608e-07
2022-10-13,12,AR1 alpha + Basic + One-Step,NASDAQ:MU,0.0
2022-10-14,12,AR1 alpha + Basic + One-Step,NASDAQ:MU,2.441761896955831e-08
2022-10-17,12,AR1 alpha + Basic + One-Step,NASDAQ:MU,0.0
2022-10-18,12,AR1 alpha + Basic + One-Step,NASDAQ:MU,0.0
2022-10-19,12,AR1 alpha + Basic + One-Step,NASDAQ:MU,1.0705093781515104e-09
2022-10-20,12,AR1 alpha + Basic + One-Step,NASDAQ:MU,0.0
2022-10-21,12,AR1 alpha + Basic + One-Step,NASDAQ:MU,8.650664476149373e-10
2022-10-24,12,AR1 alpha + Basic + One-Step,NASDAQ:MU,0.0
2022-10-25,12,AR1 alpha + Basic + One-Step,NASDAQ:MU,0.0
2022-10-26,12,AR1 alpha + Basic + One-Step,NASDAQ:MU,0.0
2022-10-27,12,AR1 alpha + Basic + One-Step,NASDAQ:MU,0.0
2022-10-28,12,AR1 alpha + Basic + One-Step,NASDAQ:MU,0.0
2022-10-31,12,AR1 alpha + Basic + One-Step,NASDAQ:MU,0.0
2022-11-01,12,AR1 alpha + Basic + One-Step,NASDAQ:MU,0.0
2022-11-02,12,AR1 alpha + Basic + One-Step,NASDAQ:MU,2.553082945468502e-07
2022-11-03,12,AR1 alpha + Basic + One-Step,NASDAQ:MU,6.474021752732846e-07
2022-11-04,12,AR1 alpha + Basic + One-Step,NASDAQ:MU,2.693156735170435e-07
2022-11-07,12,AR1 alpha + Basic + One-Step,NASDAQ:MU,0.0
2022-11-08,12,AR1 alpha + Basic + One-Step,NASDAQ:MU,0.0
2022-11-09,12,AR1 alpha + Basic + One-Step,NASDAQ:MU,0.0
2022-11-10,12,AR1 alpha + Basic + One-Step,NASDAQ:MU,0.0
2022-11-11,12,AR1 alpha + Basic + One-Step,NASDAQ:MU,1.839373129645936e-07
2022-11-14,12,AR1 alpha + Basic + One-Step,NASDAQ:MU,0.0
2022-11-15,12,AR1 alpha + Basic + One-Step,NASDAQ:MU,0.0
2022-11-16,12,AR1 alpha + Basic + One-Step,NASDAQ:MU,0.0
2022-11-17,12,AR1 alpha + Basic + One-Step,NASDAQ:MU,0.0
2022-11-18,12,AR1 alpha + Basic + One-Step,NASDAQ:MU,1.8373631874331513e-07
2022-11-21,12,AR1 alpha + Basic + One-Step,NASDAQ:MU,3.0290131915565084e-07
2022-11-22,12,AR1 alpha + Basic + One-Step,NASDAQ:MU,1.1017247685134836e-07
2022-11-23,12,AR1 alpha + Basic + One-Step,NASDAQ:MU,0.0
2022-11-25,12,AR1 alpha + Basic + One-Step,NASDAQ:MU,0.0
2022-11-28,12,AR1 alpha + Basic + One-Step,NASDAQ:MU,1.8658754431073122e-07
2022-11-29,12,AR1 alpha + Basic + One-Step,NASDAQ:MU,0.0
2022-11-30,12,AR1 alpha + Basic + One-Step,NASDAQ:MU,0.0
2022-12-01,12,AR1 alpha + Basic + One-Step,NASDAQ:MU,0.0
2022-12-02,12,AR1 alpha + Basic + One-Step,NASDAQ:MU,0.0
2022-12-05,12,AR1 alpha + Basic + One-Step,NASDAQ:MU,0.0
2022-12-06,12,AR1 alpha + Basic + One-Step,NASDAQ:MU,2.2787142728658685e-07
2022-12-07,12,AR1 alpha + Basic + One-Step,NASDAQ:MU,0.0
2022-12-08,12,AR1 alpha + Basic + One-Step,NASDAQ:MU,0.0
2022-12-09,12,AR1 alpha + Basic + One-Step,NASDAQ:MU,0.0
2022-12-12,12,AR1 alpha + Basic + One-Step,NASDAQ:MU,1.3066456009613117e-08
2022-12-13,12,AR1 alpha + Basic + One-Step,NASDAQ:MU,5.145678859946513e-07
2022-12-14,12,AR1 alpha + Basic + One-Step,NASDAQ:MU,6.652054560804887e-08
2022-12-15,12,AR1 alpha + Basic + One-Step,NASDAQ:MU,0.0
2022-12-16,12,AR1 alpha + Basic + One-Step,NASDAQ:MU,0.0
2022-12-19,12,AR1 alpha + Basic + One-Step,NASDAQ:MU,0.0
2022-12-20,12,AR1 alpha + Basic + One-Step,NASDAQ:MU,0.0
2022-12-21,12,AR1 alpha + Basic + One-Step,NASDAQ:MU,0.0
2022-12-22,12,AR1 alpha + Basic + One-Step,NASDAQ:MU,0.0
2022-12-23,12,AR1 alpha + Basic + One-Step,NASDAQ:MU,0.0
2022-12-27,12,AR1 alpha + Basic + One-Step,NASDAQ:MU,1.1301835908050105e-07
2022-12-28,12,AR1 alpha + Basic + One-Step,NASDAQ:MU,0.0
2022-12-29,12,AR1 alpha + Basic + One-Step,NASDAQ:MU,3.385542047864054e-08
2022-12-30,12,AR1 alpha + Basic + One-Step,NASDAQ:MU,0.0
2023-01-03,12,AR1 alpha + Basic + One-Step,NASDAQ:MU,1.1924463285767512e-07
2023-01-04,12,AR1 alpha + Basic + One-Step,NASDAQ:MU,0.0
2023-01-05,12,AR1 alpha + Basic + One-Step,NASDAQ:MU,0.0
2023-01-06,12,AR1 alpha + Basic + One-Step,NASDAQ:MU,0.0
2023-01-09,12,AR1 alpha + Basic + One-Step,NASDAQ:MU,0.0
2023-01-10,12,AR1 alpha + Basic + One-Step,NASDAQ:MU,0.0
2023-01-11,12,AR1 alpha + Basic + One-Step,NASDAQ:MU,8.975145796684383e-09
2023-01-12,12,AR1 alpha + Basic + One-Step,NASDAQ:MU,0.0
2023-01-13,12,AR1 alpha + Basic + One-Step,NASDAQ:MU,5.600863189960039e-09
2023-01-17,12,AR1 alpha + Basic + One-Step,NASDAQ:MU,0.0
2023-01-18,12,AR1 alpha + Basic + One-Step,NASDAQ:MU,0.0
2023-01-19,12,AR1 alpha + Basic + One-Step,NASDAQ:MU,0.0
2023-01-20,12,AR1 alpha + Basic + One-Step,NASDAQ:MU,0.0
2023-01-23,12,AR1 alpha + Basic + One-Step,NASDAQ:MU,0.0
2023-01-24,12,AR1 alpha + Basic + One-Step,NASDAQ:MU,0.0
2023-01-25,12,AR1 alpha + Basic + One-Step,NASDAQ:MU,0.0
2023-01-26,12,AR1 alpha + Basic + One-Step,NASDAQ:MU,0.0
2023-01-27,12,AR1 alpha + Basic + One-Step,NASDAQ:MU,0.0
2023-01-30,12,AR1 alpha + Basic + One-Step,NASDAQ:MU,0.0
2023-01-31,12,AR1 alpha + Basic + One-Step,NASDAQ:MU,0.0
2023-02-01,12,AR1 alpha + Basic + One-Step,NASDAQ:MU,0.0
2023-02-02,12,AR1 alpha + Basic + One-Step,NASDAQ:MU,3.364622522658401e-07
2023-02-03,12,AR1 alpha + Basic + One-Step,NASDAQ:MU,0.0
2023-02-06,12,AR1 alpha + Basic + One-Step,NASDAQ:MU,0.0
2023-02-07,12,AR1 alpha + Basic + One-Step,NASDAQ:MU,0.0
2023-02-08,12,AR1 alpha + Basic + One-Step,NASDAQ:MU,0.0
2023-02-09,12,AR1 alpha + Basic + One-Step,NASDAQ:MU,0.0
2023-02-10,12,AR1 alpha + Basic + One-Step,NASDAQ:MU,0.0
2023-02-13,12,AR1 alpha + Basic + One-Step,NASDAQ:MU,0.0
2023-02-14,12,AR1 alpha + Basic + One-Step,NASDAQ:MU,0.0
2023-02-15,12,AR1 alpha + Basic + One-Step,NASDAQ:MU,0.0
2023-02-16,12,AR1 alpha + Basic + One-Step,NASDAQ:MU,0.0
2023-02-17,12,AR1 alpha + Basic + One-Step,NASDAQ:MU,0.0
2023-02-21,12,AR1 alpha + Basic + One-Step,NASDAQ:MU,0.0
2023-02-22,12,AR1 alpha + Basic + One-Step,NASDAQ:MU,0.0
2023-02-23,12,AR1 alpha + Basic + One-Step,NASDAQ:MU,5.255545366490932e-08
2023-02-24,12,AR1 alpha + Basic + One-Step,NASDAQ:MU,0.0
2023-02-27,12,AR1 alpha + Basic + One-Step,NASDAQ:MU,2.1288863265185656e-08
2023-02-28,12,AR1 alpha + Basic + One-Step,NASDAQ:MU,9.896774612254862e-08
2023-03-01,12,AR1 alpha + Basic + One-Step,NASDAQ:MU,2.5968306503508217e-08
2023-03-02,12,AR1 alpha + Basic + One-Step,NASDAQ:MU,0.0
2023-03-03,12,AR1 alpha + Basic + One-Step,NASDAQ:MU,0.0
2023-03-06,12,AR1 alpha + Basic + One-Step,NASDAQ:MU,0.0
2023-03-07,12,AR1 alpha + Basic + One-Step,NASDAQ:MU,0.0
2023-03-08,12,AR1 alpha + Basic + One-Step,NASDAQ:MU,0.0
2023-03-09,12,AR1 alpha + Basic + One-Step,NASDAQ:MU,1.105691270611153e-07
2023-03-10,12,AR1 alpha + Basic + One-Step,NASDAQ:MU,5.1399220699807265e-08
2023-03-13,12,AR1 alpha + Basic + One-Step,NASDAQ:MU,3.548588616494089e-07
2023-03-14,12,AR1 alpha + Basic + One-Step,NASDAQ:MU,0.0
2023-03-15,12,AR1 alpha + Basic + One-Step,NASDAQ:MU,0.0
2023-03-16,12,AR1 alpha + Basic + One-Step,NASDAQ:MU,0.0
2023-03-17,12,AR1 alpha + Basic + One-Step,NASDAQ:MU,0.0
2023-03-20,12,AR1 alpha + Basic + One-Step,NASDAQ:MU,0.0
2023-03-21,12,AR1 alpha + Basic + One-Step,NASDAQ:MU,0.0
2023-03-22,12,AR1 alpha + Basic + One-Step,NASDAQ:MU,0.0
2023-03-23,12,AR1 alpha + Basic + One-Step,NASDAQ:MU,1.0959733359715101e-08
2023-03-24,12,AR1 alpha + Basic + One-Step,NASDAQ:MU,0.0
2023-03-27,12,AR1 alpha + Basic + One-Step,NASDAQ:MU,0.0
2023-03-28,12,AR1 alpha + Basic + One-Step,NASDAQ:MU,0.0
2023-03-29,12,AR1 alpha + Basic + One-Step,NASDAQ:MU,1.8361333790663747e-08
2023-03-30,12,AR1 alpha + Basic + One-Step,NASDAQ:MU,2.6125617202780828e-08
2023-03-31,12,AR1 alpha + Basic + One-Step,NASDAQ:MU,9.437673006533279e-08
2023-04-03,12,AR1 alpha + Basic + One-Step,NASDAQ:MU,0.0
2023-04-04,12,AR1 alpha + Basic + One-Step,NASDAQ:MU,0.0
2023-04-05,12,AR1 alpha + Basic + One-Step,NASDAQ:MU,1.0145702435624803e-07
2023-04-06,12,AR1 alpha + Basic + One-Step,NASDAQ:MU,2.0271923502106172e-07
2023-04-10,12,AR1 alpha + Basic + One-Step,NASDAQ:MU,2.6657710903439053e-07
2023-04-11,12,AR1 alpha + Basic + One-Step,NASDAQ:MU,5.2368488373540014e-08
2023-04-12,12,AR1 alpha + Basic + One-Step,NASDAQ:MU,0.0
2023-04-13,12,AR1 alpha + Basic + One-Step,NASDAQ:MU,7.349789677493397e-09
2023-04-14,12,AR1 alpha + Basic + One-Step,NASDAQ:MU,0.0
2023-04-17,12,AR1 alpha + Basic + One-Step,NASDAQ:MU,0.0
2023-04-18,12,AR1 alpha + Basic + One-Step,NASDAQ:MU,0.0
2023-04-19,12,AR1 alpha + Basic + One-Step,NASDAQ:MU,2.1715128631176077e-09
2023-04-20,12,AR1 alpha + Basic + One-Step,NASDAQ:MU,2.521062602246837e-10
2023-04-21,12,AR1 alpha + Basic + One-Step,NASDAQ:MU,1.0239378157692507e-07
2023-04-24,12,AR1 alpha + Basic + One-Step,NASDAQ:MU,0.0
2023-04-25,12,AR1 alpha + Basic + One-Step,NASDAQ:MU,0.0
2023-04-26,12,AR1 alpha + Basic + One-Step,NASDAQ:MU,5.184764489438157e-10
2023-04-27,12,AR1 alpha + Basic + One-Step,NASDAQ:MU,0.0
2023-04-28,12,AR1 alpha + Basic + One-Step,NASDAQ:MU,1.7868714851323054e-08
2023-05-01,12,AR1 alpha + Basic + One-Step,NASDAQ:MU,1.146478423650168e-08
2023-05-02,12,AR1 alpha + Basic + One-Step,NASDAQ:MU,4.136407246339509e-08
2023-05-03,12,AR1 alpha + Basic + One-Step,NASDAQ:MU,0.0
2023-05-04,12,AR1 alpha + Basic + One-Step,NASDAQ:MU,0.0
2023-05-05,12,AR1 alpha + Basic + One-Step,NASDAQ:MU,9.582073681614048e-08
2023-05-08,12,AR1 alpha + Basic + One-Step,NASDAQ:MU,0.0
2023-05-09,12,AR1 alpha + Basic + One-Step,NASDAQ:MU,1.519364874011016e-08
2023-05-10,12,AR1 alpha + Basic + One-Step,NASDAQ:MU,7.844945256945686e-08
2023-05-11,12,AR1 alpha + Basic + One-Step,NASDAQ:MU,4.382812820402512e-07
2023-05-12,12,AR1 alpha + Basic + One-Step,NASDAQ:MU,8.908638380980559e-07
2023-05-15,12,AR1 alpha + Basic + One-Step,NASDAQ:MU,3.061340777030785e-07
2023-05-16,12,AR1 alpha + Basic + One-Step,NASDAQ:MU,0.0
2023-05-17,12,AR1 alpha + Basic + One-Step,NASDAQ:MU,9.903534452636056e-08
2023-05-18,12,AR1 alpha + Basic + One-Step,NASDAQ:MU,0.0
2023-05-19,12,AR1 alpha + Basic + One-Step,NASDAQ:MU,1.7165351663679551e-09
2023-05-22,12,AR1 alpha + Basic + One-Step,NASDAQ:MU,0.0
2023-05-23,12,AR1 alpha + Basic + One-Step,NASDAQ:MU,0.0
2023-05-24,12,AR1 alpha + Basic + One-Step,NASDAQ:MU,1.0986656246723752e-09
2023-05-25,12,AR1 alpha + Basic + One-Step,NASDAQ:MU,3.3623792989302167e-09
2023-05-26,12,AR1 alpha + Basic + One-Step,NASDAQ:MU,0.0
2023-05-30,12,AR1 alpha + Basic + One-Step,NASDAQ:MU,0.0
2023-05-31,12,AR1 alpha + Basic + One-Step,NASDAQ:MU,6.192918734788607e-09
2023-06-01,12,AR1 alpha + Basic + One-Step,NASDAQ:MU,3.3425473211982413e-09
2023-06-02,12,AR1 alpha + Basic + One-Step,NASDAQ:MU,0.0
2023-06-05,12,AR1 alpha + Basic + One-Step,NASDAQ:MU,0.0
2023-06-06,12,AR1 alpha + Basic + One-Step,NASDAQ:MU,2.976845678061162e-07
2023-06-07,12,AR1 alpha + Basic + One-Step,NASDAQ:MU,1.2554804471385592e-07
2023-06-08,12,AR1 alpha + Basic + One-Step,NASDAQ:MU,0.0
2023-06-09,12,AR1 alpha + Basic + One-Step,NASDAQ:MU,5.123080646694813e-07
2023-06-12,12,AR1 alpha + Basic + One-Step,NASDAQ:MU,0.0
2023-06-13,12,AR1 alpha + Basic + One-Step,NASDAQ:MU,1.1754221542732997e-07
2023-06-14,12,AR1 alpha + Basic + One-Step,NASDAQ:MU,0.0
2023-06-15,12,AR1 alpha + Basic + One-Step,NASDAQ:MU,0.0
2023-06-16,12,AR1 alpha + Basic + One-Step,NASDAQ:MU,1.6310676244175454e-10
2023-06-20,12,AR1 alpha + Basic + One-Step,NASDAQ:MU,0.0
2023-06-21,12,AR1 alpha + Basic + One-Step,NASDAQ:MU,0.0
2023-06-22,12,AR1 alpha + Basic + One-Step,NASDAQ:MU,0.0
2023-06-23,12,AR1 alpha + Basic + One-Step,NASDAQ:MU,0.0
2023-06-26,12,AR1 alpha + Basic + One-Step,NASDAQ:MU,0.0
2023-06-27,12,AR1 alpha + Basic + One-Step,NASDAQ:MU,0.0
2023-06-28,12,AR1 alpha + Basic + One-Step,NASDAQ:MU,0.0
2023-06-29,12,AR1 alpha + Basic + One-Step,NASDAQ:MU,0.0
2023-06-30,12,AR1 alpha + Basic + One-Step,NASDAQ:MU,0.0
2023-07-03,12,AR1 alpha + Basic + One-Step,NASDAQ:MU,0.0
2023-07-05,12,AR1 alpha + Basic + One-Step,NASDAQ:MU,5.374910285873941e-07
2023-07-06,12,AR1 alpha + Basic + One-Step,NASDAQ:MU,0.0
2023-07-07,12,AR1 alpha + Basic + One-Step,NASDAQ:MU,0.0
2023-07-10,12,AR1 alpha + Basic + One-Step,NASDAQ:MU,2.860841612414448e-07
2023-07-11,12,AR1 alpha + Basic + One-Step,NASDAQ:MU,0.0
2023-07-12,12,AR1 alpha + Basic + One-Step,NASDAQ:MU,0.0
2023-07-13,12,AR1 alpha + Basic + One-Step,NASDAQ:MU,0.0
2023-07-14,12,AR1 alpha + Basic + One-Step,NASDAQ:MU,1.4760322363661534e-07
2023-07-17,12,AR1 alpha + Basic + One-Step,NASDAQ:MU,7.386095796849371e-07
2023-07-18,12,AR1 alpha + Basic + One-Step,NASDAQ:MU,1.026749996569036e-06
2023-07-19,12,AR1 alpha + Basic + One-Step,NASDAQ:MU,0.0
2023-07-20,12,AR1 alpha + Basic + One-Step,NASDAQ:MU,0.0
2023-07-21,12,AR1 alpha + Basic + One-Step,NASDAQ:MU,0.0
2023-07-24,12,AR1 alpha + Basic + One-Step,NASDAQ:MU,0.0
2023-07-25,12,AR1 alpha + Basic + One-Step,NASDAQ:MU,0.0
2023-07-26,12,AR1 alpha + Basic + One-Step,NASDAQ:MU,0.0
2023-07-27,12,AR1 alpha + Basic + One-Step,NASDAQ:MU,0.0
2023-07-28,12,AR1 alpha + Basic + One-Step,NASDAQ:MU,0.0
2023-07-31,12,AR1 alpha + Basic + One-Step,NASDAQ:MU,0.0
2023-08-01,12,AR1 alpha + Basic + One-Step,NASDAQ:MU,0.0
2023-08-02,12,AR1 alpha + Basic + One-Step,NASDAQ:MU,0.0
2023-08-03,12,AR1 alpha + Basic + One-Step,NASDAQ:MU,0.0
2023-08-04,12,AR1 alpha + Basic + One-Step,NASDAQ:MU,0.0
2023-08-07,12,AR1 alpha + Basic + One-Step,NASDAQ:MU,1.9299059639056828e-09
2023-08-08,12,AR1 alpha + Basic + One-Step,NASDAQ:MU,0.0
2023-08-09,12,AR1 alpha + Basic + One-Step,NASDAQ:MU,0.0
2023-08-10,12,AR1 alpha + Basic + One-Step,NASDAQ:MU,0.0
2023-08-11,12,AR1 alpha + Basic + One-Step,NASDAQ:MU,7.386326349708296e-07
2023-08-14,12,AR1 alpha + Basic + One-Step,NASDAQ:MU,0.0
2023-08-15,12,AR1 alpha + Basic + One-Step,NASDAQ:MU,0.0
2023-08-16,12,AR1 alpha + Basic + One-Step,NASDAQ:MU,0.0
2023-08-17,12,AR1 alpha + Basic + One-Step,NASDAQ:MU,0.0
2023-08-18,12,AR1 alpha + Basic + One-Step,NASDAQ:MU,0.0
2023-08-21,12,AR1 alpha + Basic + One-Step,NASDAQ:MU,3.151850268694944e-09
2023-08-22,12,AR1 alpha + Basic + One-Step,NASDAQ:MU,2.0432907011867388e-09
2023-08-23,12,AR1 alpha + Basic + One-Step,NASDAQ:MU,5.8575337304815154e-08
2023-08-24,12,AR1 alpha + Basic + One-Step,NASDAQ:MU,0.0
2023-08-25,12,AR1 alpha + Basic + One-Step,NASDAQ:MU,8.356428829237082e-08
2023-08-28,12,AR1 alpha + Basic + One-Step,NASDAQ:MU,1.0831665244319077e-07
2023-08-29,12,AR1 alpha + Basic + One-Step,NASDAQ:MU,0.0
2023-08-30,12,AR1 alpha + Basic + One-Step,NASDAQ:MU,0.0
2023-08-31,12,AR1 alpha + Basic + One-Step,NASDAQ:MU,0.0
2023-09-01,12,AR1 alpha + Basic + One-Step,NASDAQ:MU,0.0
2023-09-05,12,AR1 alpha + Basic + One-Step,NASDAQ:MU,0.0
2023-09-06,12,AR1 alpha + Basic + One-Step,NASDAQ:MU,0.0
2023-09-07,12,AR1 alpha + Basic + One-Step,NASDAQ:MU,2.2262417115566317e-06
2023-09-08,12,AR1 alpha + Basic + One-Step,NASDAQ:MU,2.3233054988101037e-06
2023-09-11,12,AR1 alpha + Basic + One-Step,NASDAQ:MU,1.6945832060091803e-07
2023-09-12,12,AR1 alpha + Basic + One-Step,NASDAQ:MU,2.2213914868306745e-06
2023-09-13,12,AR1 alpha + Basic + One-Step,NASDAQ:MU,0.0
2023-09-14,12,AR1 alpha + Basic + One-Step,NASDAQ:MU,0.0
2023-09-15,12,AR1 alpha + Basic + One-Step,NASDAQ:MU,0.012896236147469514
2023-09-18,12,AR1 alpha + Basic + One-Step,NASDAQ:MU,0.0
2023-09-19,12,AR1 alpha + Basic + One-Step,NASDAQ:MU,0.020130764578503338
2023-09-20,12,AR1 alpha + Basic + One-Step,NASDAQ:MU,0.046546166318934844
2023-09-21,12,AR1 alpha + Basic + One-Step,NASDAQ:MU,0.06691561893994367
2023-09-22,12,AR1 alpha + Basic + One-Step,NASDAQ:MU,0.030603765187519984
2023-09-25,12,AR1 alpha + Basic + One-Step,NASDAQ:MU,0.05496084854744129
2023-09-26,12,AR1 alpha + Basic + One-Step,NASDAQ:MU,0.05105559224791055
2023-09-27,12,AR1 alpha + Basic + One-Step,NASDAQ:MU,0.05640531830028124
2023-09-28,12,AR1 alpha + Basic + One-Step,NASDAQ:MU,0.05883751495232366
2023-09-29,12,AR1 alpha + Basic + One-Step,NASDAQ:MU,0.006947830767948554
2023-10-02,12,AR1 alpha + Basic + One-Step,NASDAQ:MU,0.030915219615774522
2023-10-03,12,AR1 alpha + Basic + One-Step,NASDAQ:MU,0.04306336149738056
2023-10-04,12,AR1 alpha + Basic + One-Step,NASDAQ:MU,0.0413009459026272
2023-10-05,12,AR1 alpha + Basic + One-Step,NASDAQ:MU,0.0076468200561533375
2023-10-06,12,AR1 alpha + Basic + One-Step,NASDAQ:MU,0.0
2023-10-09,12,AR1 alpha + Basic + One-Step,NASDAQ:MU,0.0
2023-10-10,12,AR1 alpha + Basic + One-Step,NASDAQ:MU,0.03873551396640901
2023-10-11,12,AR1 alpha + Basic + One-Step,NASDAQ:MU,0.0
2023-10-12,12,AR1 alpha + Basic + One-Step,NASDAQ:MU,2.9027128985702194e-08
2023-10-13,12,AR1 alpha + Basic + One-Step,NASDAQ:MU,7.725028512454277e-09
2023-10-16,12,AR1 alpha + Basic + One-Step,NASDAQ:MU,0.01947916029232989
2023-10-17,12,AR1 alpha + Basic + One-Step,NASDAQ:MU,0.016215439912429134
2023-10-18,12,AR1 alpha + Basic + One-Step,NASDAQ:MU,0.0
2023-10-19,12,AR1 alpha + Basic + One-Step,NASDAQ:MU,0.0
2023-10-20,12,AR1 alpha + Basic + One-Step,NASDAQ:MU,0.0
2023-10-23,12,AR1 alpha + Basic + One-Step,NASDAQ:MU,0.0
2023-10-24,12,AR1 alpha + Basic + One-Step,NASDAQ:MU,0.0
2023-10-25,12,AR1 alpha + Basic + One-Step,NASDAQ:MU,0.0
2023-10-26,12,AR1 alpha + Basic + One-Step,NASDAQ:MU,0.0
2023-10-27,12,AR1 alpha + Basic + One-Step,NASDAQ:MU,0.0
2023-10-30,12,AR1 alpha + Basic + One-Step,NASDAQ:MU,1.4735194360190689e-08
2023-10-31,12,AR1 alpha + Basic + One-Step,NASDAQ:MU,1.7812101605492663e-07
2023-11-01,12,AR1 alpha + Basic + One-Step,NASDAQ:MU,7.37660252150043e-08
2023-11-02,12,AR1 alpha + Basic + One-Step,NASDAQ:MU,0.005233990702597567
2023-11-03,12,AR1 alpha + Basic + One-Step,NASDAQ:MU,0.0
2023-11-06,12,AR1 alpha + Basic + One-Step,NASDAQ:MU,0.0
2023-11-07,12,AR1 alpha + Basic + One-Step,NASDAQ:MU,0.007879054112856993
2023-11-08,12,AR1 alpha + Basic + One-Step,NASDAQ:MU,2.905980784294322e-08
2023-11-09,12,AR1 alpha + Basic + One-Step,NASDAQ:MU,0.0
2023-11-10,12,AR1 alpha + Basic + One-Step,NASDAQ:MU,0.0
2023-11-13,12,AR1 alpha + Basic + One-Step,NASDAQ:MU,0.0
2023-11-14,12,AR1 alpha + Basic + One-Step,NASDAQ:MU,0.0
2023-11-15,12,AR1 alpha + Basic + One-Step,NASDAQ:MU,0.0
2023-11-16,12,AR1 alpha + Basic + One-Step,NASDAQ:MU,0.0
2023-11-17,12,AR1 alpha + Basic + One-Step,NASDAQ:MU,1.3749482289017087e-07
2023-11-20,12,AR1 alpha + Basic + One-Step,NASDAQ:MU,0.008162036828606223
2023-11-21,12,AR1 alpha + Basic + One-Step,NASDAQ:MU,0.02987765930416145
2023-11-22,12,AR1 alpha + Basic + One-Step,NASDAQ:MU,0.02987742966894709
2023-11-24,12,AR1 alpha + Basic + One-Step,NASDAQ:MU,0.039978437386083976
2023-11-27,12,AR1 alpha + Basic + One-Step,NASDAQ:MU,0.031020183001463558
2023-11-28,12,AR1 alpha + Basic + One-Step,NASDAQ:MU,0.0462463725446718
2023-11-29,12,AR1 alpha + Basic + One-Step,NASDAQ:MU,0.08215524729596807
2023-11-30,12,AR1 alpha + Basic + One-Step,NASDAQ:MU,0.06165559602155331
2023-12-01,12,AR1 alpha + Basic + One-Step,NASDAQ:MU,0.05294560033024855
2023-12-04,12,AR1 alpha + Basic + One-Step,NASDAQ:MU,0.03890880431997127
2023-12-05,12,AR1 alpha + Basic + One-Step,NASDAQ:MU,0.05178882047971604
2023-12-06,12,AR1 alpha + Basic + One-Step,NASDAQ:MU,0.040671366500158464
2023-12-07,12,AR1 alpha + Basic + One-Step,NASDAQ:MU,0.05494876652279696
2023-12-08,12,AR1 alpha + Basic + One-Step,NASDAQ:MU,0.06748669243882857
2023-12-11,12,AR1 alpha + Basic + One-Step,NASDAQ:MU,0.09955705127819277
2023-12-12,12,AR1 alpha + Basic + One-Step,NASDAQ:MU,0.08063370178491076
2023-12-13,12,AR1 alpha + Basic + One-Step,NASDAQ:MU,0.07276269859953684
2023-12-14,12,AR1 alpha + Basic + One-Step,NASDAQ:MU,0.09275682871687768
2023-12-15,12,AR1 alpha + Basic + One-Step,NASDAQ:MU,0.08226222515781875
2023-12-18,12,AR1 alpha + Basic + One-Step,NASDAQ:MU,0.09999408469862003
2023-12-19,12,AR1 alpha + Basic + One-Step,NASDAQ:MU,0.09545736618082126
2023-12-20,12,AR1 alpha + Basic + One-Step,NASDAQ:MU,0.08319509394519606
2023-12-21,12,AR1 alpha + Basic + One-Step,NASDAQ:MU,0.018470735970024736
2023-12-22,12,AR1 alpha + Basic + One-Step,NASDAQ:MU,0.043796813584788624
2023-12-26,12,AR1 alpha + Basic + One-Step,NASDAQ:MU,0.058197268680523884
2023-12-27,12,AR1 alpha + Basic + One-Step,NASDAQ:MU,0.0710279502510298
2023-12-28,12,AR1 alpha + Basic + One-Step,NASDAQ:MU,0.08107124115615873
2023-12-29,12,AR1 alpha + Basic + One-Step,NASDAQ:MU,0.09999961253905405
2024-01-02,12,AR1 alpha + Basic + One-Step,NASDAQ:MU,0.09999632354170253
2024-01-03,12,AR1 alpha + Basic + One-Step,NASDAQ:MU,0.09999260619674288
2024-01-04,12,AR1 alpha + Basic + One-Step,NASDAQ:MU,0.09999492949043044
2024-01-05,12,AR1 alpha + Basic + One-Step,NASDAQ:MU,0.0999940556914572
2024-01-08,12,AR1 alpha + Basic + One-Step,NASDAQ:MU,0.09998574368818801
2024-01-09,12,AR1 alpha + Basic + One-Step,NASDAQ:MU,0.09998355989561704
2024-01-10,12,AR1 alpha + Basic + One-Step,NASDAQ:MU,0.09997793759941385
2024-01-11,12,AR1 alpha + Basic + One-Step,NASDAQ:MU,0.10000079913875261
2024-01-12,12,AR1 alpha + Basic + One-Step,NASDAQ:MU,0.09999999999999998
2024-01-16,12,AR1 alpha + Basic + One-Step,NASDAQ:MU,0.09999908030696762
2024-01-17,12,AR1 alpha + Basic + One-Step,NASDAQ:MU,0.09999444015341356
2024-01-18,12,AR1 alpha + Basic + One-Step,NASDAQ:MU,0.09999732705970832
2024-01-19,12,AR1 alpha + Basic + One-Step,NASDAQ:MU,0.09461284803806819
2024-01-22,12,AR1 alpha + Basic + One-Step,NASDAQ:MU,0.06375884541031358
2024-01-23,12,AR1 alpha + Basic + One-Step,NASDAQ:MU,0.08479020653297975
2024-01-24,12,AR1 alpha + Basic + One-Step,NASDAQ:MU,0.09013862549900724
2024-01-25,12,AR1 alpha + Basic + One-Step,NASDAQ:MU,0.08065083773159509
2024-01-26,12,AR1 alpha + Basic + One-Step,NASDAQ:MU,0.099997017092637
2024-01-29,12,AR1 alpha + Basic + One-Step,NASDAQ:MU,0.07562330582719166
2024-01-30,12,AR1 alpha + Basic + One-Step,NASDAQ:MU,0.09999474730811557
2024-01-31,12,AR1 alpha + Basic + One-Step,NASDAQ:MU,0.09999811411010266
2024-02-01,12,AR1 alpha + Basic + One-Step,NASDAQ:MU,0.09999826632833349
2024-02-02,12,AR1 alpha + Basic + One-Step,NASDAQ:MU,0.08872946460432993
2024-02-05,12,AR1 alpha + Basic + One-Step,NASDAQ:MU,0.06928136024190064
2024-02-06,12,AR1 alpha + Basic + One-Step,NASDAQ:MU,0.09999325454939055
2024-02-07,12,AR1 alpha + Basic + One-Step,NASDAQ:MU,0.09999769127321918
2024-02-08,12,AR1 alpha + Basic + One-Step,NASDAQ:MU,0.09999903399080771
2024-02-09,12,AR1 alpha + Basic + One-Step,NASDAQ:MU,0.0999927412850982
2024-02-12,12,AR1 alpha + Basic + One-Step,NASDAQ:MU,0.09999496049221428
2024-02-13,12,AR1 alpha + Basic + One-Step,NASDAQ:MU,0.09999264666243092
2024-02-14,12,AR1 alpha + Basic + One-Step,NASDAQ:MU,0.0999938292697837
2024-02-15,12,AR1 alpha + Basic + One-Step,NASDAQ:MU,0.09999690851387719
2024-02-16,12,AR1 alpha + Basic + One-Step,NASDAQ:MU,0.09999761242185021
2024-02-20,12,AR1 alpha + Basic + One-Step,NASDAQ:MU,0.09999874180294718
2024-02-21,12,AR1 alpha + Basic + One-Step,NASDAQ:MU,0.09999923939666992
2024-02-22,12,AR1 alpha + Basic + One-Step,NASDAQ:MU,0.09453984343386469
2024-02-23,12,AR1 alpha + Basic + One-Step,NASDAQ:MU,0.07914769462581848
2024-02-26,12,AR1 alpha + Basic + One-Step,NASDAQ:MU,0.0439864895899505
2024-02-27,12,AR1 alpha + Basic + One-Step,NASDAQ:MU,0.031978129378537064
2024-02-28,12,AR1 alpha + Basic + One-Step,NASDAQ:MU,0.0694266718392698
2024-02-29,12,AR1 alpha + Basic + One-Step,NASDAQ:MU,0.08411289558306709
2024-03-01,12,AR1 alpha + Basic + One-Step,NASDAQ:MU,0.01647594778562066
2024-03-04,12,AR1 alpha + Basic + One-Step,NASDAQ:MU,0.09999619627673328
2024-03-05,12,AR1 alpha + Basic + One-Step,NASDAQ:MU,0.09999177372023538
2024-03-06,12,AR1 alpha + Basic + One-Step,NASDAQ:MU,0.09999277776779929
2024-03-07,12,AR1 alpha + Basic + One-Step,NASDAQ:MU,0.09999672669785849
2024-03-08,12,AR1 alpha + Basic + One-Step,NASDAQ:MU,0.09999767318027254
2024-03-11,12,AR1 alpha + Basic + One-Step,NASDAQ:MU,0.09999449217826184
2024-03-12,12,AR1 alpha + Basic + One-Step,NASDAQ:MU,0.0999918341429089
2024-03-13,12,AR1 alpha + Basic + One-Step,NASDAQ:MU,0.09998969086400293
2024-03-14,12,AR1 alpha + Basic + One-Step,NASDAQ:MU,0.09999560744343984
2024-03-15,12,AR1 alpha + Basic + One-Step,NASDAQ:MU,0.09999799632350495
2024-03-18,12,AR1 alpha + Basic + One-Step,NASDAQ:MU,0.09999885285597278
2024-03-19,12,AR1 alpha + Basic + One-Step,NASDAQ:MU,0.09999530353024148
2024-03-20,12,AR1 alpha + Basic + One-Step,NASDAQ:MU,0.0999955339102342
2024-03-21,12,AR1 alpha + Basic + One-Step,NASDAQ:MU,0.09999785882061785
2024-03-22,12,AR1 alpha + Basic + One-Step,NASDAQ:MU,0.0999990013189126
2024-03-25,12,AR1 alpha + Basic + One-Step,NASDAQ:MU,0.09999497046364116
2024-03-26,12,AR1 alpha + Basic + One-Step,NASDAQ:MU,0.09999550357453907
2024-03-27,12,AR1 alpha + Basic + One-Step,NASDAQ:MU,0.09999688963639286
2024-03-28,12,AR1 alpha + Basic + One-Step,NASDAQ:MU,0.09999797645620419
2024-04-01,12,AR1 alpha + Basic + One-Step,NASDAQ:MU,0.10000028117214649
2024-04-02,12,AR1 alpha + Basic + One-Step,NASDAQ:MU,0.09999286876482602
2024-04-03,12,AR1 alpha + Basic + One-Step,NASDAQ:MU,0.0999954543222798
2024-04-04,12,AR1 alpha + Basic + One-Step,NASDAQ:MU,0.09999605403478842
2024-04-05,12,AR1 alpha + Basic + One-Step,NASDAQ:MU,0.09999239442708689
2024-04-08,12,AR1 alpha + Basic + One-Step,NASDAQ:MU,0.09999265800916894
2024-04-09,12,AR1 alpha + Basic + One-Step,NASDAQ:MU,0.09998947621536827
2024-04-10,12,AR1 alpha + Basic + One-Step,NASDAQ:MU,0.100002067903121
2024-04-11,12,AR1 alpha + Basic + One-Step,NASDAQ:MU,0.0999964568888113
2024-04-12,12,AR1 alpha + Basic + One-Step,NASDAQ:MU,0.09999162036277201
2024-04-15,12,AR1 alpha + Basic + One-Step,NASDAQ:MU,0.09999426350473406
2024-04-16,12,AR1 alpha + Basic + One-Step,NASDAQ:MU,0.0999966119022973
2024-04-17,12,AR1 alpha + Basic + One-Step,NASDAQ:MU,0.09999839185355051
2024-04-18,12,AR1 alpha + Basic + One-Step,NASDAQ:MU,0.09999866847922509
2024-04-19,12,AR1 alpha + Basic + One-Step,NASDAQ:MU,0.0999990543962641
2020-03-25,12,AR1 alpha + Basic + One-Step,NASDAQ:KHC,0.02
2020-03-26,12,AR1 alpha + Basic + One-Step,NASDAQ:KHC,0.019999999999999997
2020-03-27,12,AR1 alpha + Basic + One-Step,NASDAQ:KHC,0.0
2020-03-30,12,AR1 alpha + Basic + One-Step,NASDAQ:KHC,0.0
2020-03-31,12,AR1 alpha + Basic + One-Step,NASDAQ:KHC,0.0999995043856799
2020-04-01,12,AR1 alpha + Basic + One-Step,NASDAQ:KHC,0.09999880259977138
2020-04-02,12,AR1 alpha + Basic + One-Step,NASDAQ:KHC,8.6952832292231e-09
2020-04-03,12,AR1 alpha + Basic + One-Step,NASDAQ:KHC,3.6045020490917336e-08
2020-04-06,12,AR1 alpha + Basic + One-Step,NASDAQ:KHC,0.09999902402634511
2020-04-07,12,AR1 alpha + Basic + One-Step,NASDAQ:KHC,0.09999962215735665
2020-04-08,12,AR1 alpha + Basic + One-Step,NASDAQ:KHC,0.09999946643418268
2020-04-09,12,AR1 alpha + Basic + One-Step,NASDAQ:KHC,0.09999902691374192
2020-04-13,12,AR1 alpha + Basic + One-Step,NASDAQ:KHC,0.09999775685795195
2020-04-14,12,AR1 alpha + Basic + One-Step,NASDAQ:KHC,0.09999732013764634
2020-04-15,12,AR1 alpha + Basic + One-Step,NASDAQ:KHC,0.09999699785806397
2020-04-16,12,AR1 alpha + Basic + One-Step,NASDAQ:KHC,0.09998969052281062
2020-04-17,12,AR1 alpha + Basic + One-Step,NASDAQ:KHC,0.09999085856314284
2020-04-20,12,AR1 alpha + Basic + One-Step,NASDAQ:KHC,0.0999926289355685
2020-04-21,12,AR1 alpha + Basic + One-Step,NASDAQ:KHC,0.09999581367304017
2020-04-22,12,AR1 alpha + Basic + One-Step,NASDAQ:KHC,0.099993753291124
2020-04-23,12,AR1 alpha + Basic + One-Step,NASDAQ:KHC,0.09999644238380136
2020-04-24,12,AR1 alpha + Basic + One-Step,NASDAQ:KHC,0.09999814677121875
2020-04-27,12,AR1 alpha + Basic + One-Step,NASDAQ:KHC,0.09999870649450508
2020-04-28,12,AR1 alpha + Basic + One-Step,NASDAQ:KHC,0.09999730034604513
2020-04-29,12,AR1 alpha + Basic + One-Step,NASDAQ:KHC,0.09999923369894545
2020-04-30,12,AR1 alpha + Basic + One-Step,NASDAQ:KHC,0.09999788115949845
2020-05-01,12,AR1 alpha + Basic + One-Step,NASDAQ:KHC,0.09999889879928803
2020-05-04,12,AR1 alpha + Basic + One-Step,NASDAQ:KHC,0.09999595018112142
2020-05-05,12,AR1 alpha + Basic + One-Step,NASDAQ:KHC,0.09999806348003719
2020-05-06,12,AR1 alpha + Basic + One-Step,NASDAQ:KHC,0.0999972316985918
2020-05-07,12,AR1 alpha + Basic + One-Step,NASDAQ:KHC,0.09999776026355835
2020-05-08,12,AR1 alpha + Basic + One-Step,NASDAQ:KHC,0.09999880045810763
2020-05-11,12,AR1 alpha + Basic + One-Step,NASDAQ:KHC,0.09999782484999159
2020-05-12,12,AR1 alpha + Basic + One-Step,NASDAQ:KHC,0.09999669318666282
2020-05-13,12,AR1 alpha + Basic + One-Step,NASDAQ:KHC,0.09999636596143567
2020-05-14,12,AR1 alpha + Basic + One-Step,NASDAQ:KHC,0.09999796378016838
2020-05-15,12,AR1 alpha + Basic + One-Step,NASDAQ:KHC,0.09999866916443015
2020-05-18,12,AR1 alpha + Basic + One-Step,NASDAQ:KHC,0.09999820381380128
2020-05-19,12,AR1 alpha + Basic + One-Step,NASDAQ:KHC,0.09999841624975431
2020-05-20,12,AR1 alpha + Basic + One-Step,NASDAQ:KHC,0.09999669935980757
2020-05-21,12,AR1 alpha + Basic + One-Step,NASDAQ:KHC,0.0999955315993291
2020-05-22,12,AR1 alpha + Basic + One-Step,NASDAQ:KHC,0.09999753752412589
2020-05-26,12,AR1 alpha + Basic + One-Step,NASDAQ:KHC,0.09999869558404245
2020-05-27,12,AR1 alpha + Basic + One-Step,NASDAQ:KHC,0.10000025622940023
2020-05-28,12,AR1 alpha + Basic + One-Step,NASDAQ:KHC,0.10000000000000005
2020-05-29,12,AR1 alpha + Basic + One-Step,NASDAQ:KHC,0.09999997853867819
2020-06-01,12,AR1 alpha + Basic + One-Step,NASDAQ:KHC,0.09999819739619685
2020-06-02,12,AR1 alpha + Basic + One-Step,NASDAQ:KHC,0.09999931240621424
2020-06-03,12,AR1 alpha + Basic + One-Step,NASDAQ:KHC,0.09999669963814654
2020-06-04,12,AR1 alpha + Basic + One-Step,NASDAQ:KHC,0.09999617976238802
2020-06-05,12,AR1 alpha + Basic + One-Step,NASDAQ:KHC,0.0999976540995008
2020-06-08,12,AR1 alpha + Basic + One-Step,NASDAQ:KHC,0.0
2020-06-09,12,AR1 alpha + Basic + One-Step,NASDAQ:KHC,0.09999504769288048
2020-06-10,12,AR1 alpha + Basic + One-Step,NASDAQ:KHC,0.09999004228790928
2020-06-11,12,AR1 alpha + Basic + One-Step,NASDAQ:KHC,0.09999230402845234
2020-06-12,12,AR1 alpha + Basic + One-Step,NASDAQ:KHC,0.09999577025997218
2020-06-15,12,AR1 alpha + Basic + One-Step,NASDAQ:KHC,0.0999977179402119
2020-06-16,12,AR1 alpha + Basic + One-Step,NASDAQ:KHC,0.0999979446043326
2020-06-17,12,AR1 alpha + Basic + One-Step,NASDAQ:KHC,0.09999622044385335
2020-06-18,12,AR1 alpha + Basic + One-Step,NASDAQ:KHC,0.09999691332685874
2020-06-19,12,AR1 alpha + Basic + One-Step,NASDAQ:KHC,0.09999667298185999
2020-06-22,12,AR1 alpha + Basic + One-Step,NASDAQ:KHC,0.0999915066183257
2020-06-23,12,AR1 alpha + Basic + One-Step,NASDAQ:KHC,0.09999526326986762
2020-06-24,12,AR1 alpha + Basic + One-Step,NASDAQ:KHC,0.09999735066209324
2020-06-25,12,AR1 alpha + Basic + One-Step,NASDAQ:KHC,0.09999492332328719
2020-06-26,12,AR1 alpha + Basic + One-Step,NASDAQ:KHC,0.09999587663432102
2020-06-29,12,AR1 alpha + Basic + One-Step,NASDAQ:KHC,0.09999189605963346
2020-06-30,12,AR1 alpha + Basic + One-Step,NASDAQ:KHC,0.09999556106940163
2020-07-01,12,AR1 alpha + Basic + One-Step,NASDAQ:KHC,0.09999392449658377
2020-07-02,12,AR1 alpha + Basic + One-Step,NASDAQ:KHC,0.09999665851261831
2020-07-06,12,AR1 alpha + Basic + One-Step,NASDAQ:KHC,0.09999522560549998
2020-07-07,12,AR1 alpha + Basic + One-Step,NASDAQ:KHC,0.09999289157587474
2020-07-08,12,AR1 alpha + Basic + One-Step,NASDAQ:KHC,0.09999594690574316
2020-07-09,12,AR1 alpha + Basic + One-Step,NASDAQ:KHC,0.09999805095272471
2020-07-10,12,AR1 alpha + Basic + One-Step,NASDAQ:KHC,0.09999856892768558
2020-07-13,12,AR1 alpha + Basic + One-Step,NASDAQ:KHC,0.09999919022473382
2020-07-14,12,AR1 alpha + Basic + One-Step,NASDAQ:KHC,0.09999530574605885
2020-07-15,12,AR1 alpha + Basic + One-Step,NASDAQ:KHC,0.09999748038530798
2020-07-16,12,AR1 alpha + Basic + One-Step,NASDAQ:KHC,0.0999935594263191
2020-07-17,12,AR1 alpha + Basic + One-Step,NASDAQ:KHC,0.09999602235491127
2020-07-20,12,AR1 alpha + Basic + One-Step,NASDAQ:KHC,0.09999791228683899
2020-07-21,12,AR1 alpha + Basic + One-Step,NASDAQ:KHC,0.09999582736751436
2020-07-22,12,AR1 alpha + Basic + One-Step,NASDAQ:KHC,0.09999468748299492
2020-07-23,12,AR1 alpha + Basic + One-Step,NASDAQ:KHC,0.09999689666901998
2020-07-24,12,AR1 alpha + Basic + One-Step,NASDAQ:KHC,0.09999853754481003
2020-07-27,12,AR1 alpha + Basic + One-Step,NASDAQ:KHC,0.09999923261782276
2020-07-28,12,AR1 alpha + Basic + One-Step,NASDAQ:KHC,0.09999691325018964
2020-07-29,12,AR1 alpha + Basic + One-Step,NASDAQ:KHC,0.09999637402668575
2020-07-30,12,AR1 alpha + Basic + One-Step,NASDAQ:KHC,0.099997575394258
2020-07-31,12,AR1 alpha + Basic + One-Step,NASDAQ:KHC,0.09999522352266854
2020-08-03,12,AR1 alpha + Basic + One-Step,NASDAQ:KHC,0.09999616918770428
2020-08-04,12,AR1 alpha + Basic + One-Step,NASDAQ:KHC,0.09999545476499117
2020-08-05,12,AR1 alpha + Basic + One-Step,NASDAQ:KHC,0.09999343095135264
2020-08-06,12,AR1 alpha + Basic + One-Step,NASDAQ:KHC,0.09998756531493735
2020-08-07,12,AR1 alpha + Basic + One-Step,NASDAQ:KHC,0.09998943589038932
2020-08-10,12,AR1 alpha + Basic + One-Step,NASDAQ:KHC,0.09999227786117514
2020-08-11,12,AR1 alpha + Basic + One-Step,NASDAQ:KHC,0.09999492365964642
2020-08-12,12,AR1 alpha + Basic + One-Step,NASDAQ:KHC,0.09999072106829482
2020-08-13,12,AR1 alpha + Basic + One-Step,NASDAQ:KHC,0.09998943916505156
2020-08-14,12,AR1 alpha + Basic + One-Step,NASDAQ:KHC,0.09999229146147301
2020-08-17,12,AR1 alpha + Basic + One-Step,NASDAQ:KHC,0.09998763378177349
2020-08-18,12,AR1 alpha + Basic + One-Step,NASDAQ:KHC,0.09997920929060021
2020-08-19,12,AR1 alpha + Basic + One-Step,NASDAQ:KHC,0.09998044868352196
2020-08-20,12,AR1 alpha + Basic + One-Step,NASDAQ:KHC,0.10000108062363594
2020-08-21,12,AR1 alpha + Basic + One-Step,NASDAQ:KHC,0.10000018250106132
2020-08-24,12,AR1 alpha + Basic + One-Step,NASDAQ:KHC,0.0999976842624426
2020-08-25,12,AR1 alpha + Basic + One-Step,NASDAQ:KHC,0.09999471856691991
2020-08-26,12,AR1 alpha + Basic + One-Step,NASDAQ:KHC,0.09999137100291293
2020-08-27,12,AR1 alpha + Basic + One-Step,NASDAQ:KHC,0.0999910801862576
2020-08-28,12,AR1 alpha + Basic + One-Step,NASDAQ:KHC,0.09998921017680716
2020-08-31,12,AR1 alpha + Basic + One-Step,NASDAQ:KHC,0.09998991998588153
2020-09-01,12,AR1 alpha + Basic + One-Step,NASDAQ:KHC,0.09998573378106064
2020-09-02,12,AR1 alpha + Basic + One-Step,NASDAQ:KHC,0.09998662569914281
2020-09-03,12,AR1 alpha + Basic + One-Step,NASDAQ:KHC,0.09998770268706957
2020-09-04,12,AR1 alpha + Basic + One-Step,NASDAQ:KHC,0.09999092911321243
2020-09-08,12,AR1 alpha + Basic + One-Step,NASDAQ:KHC,0.09999110992135754
2020-09-09,12,AR1 alpha + Basic + One-Step,NASDAQ:KHC,0.09999471679629417
2020-09-10,12,AR1 alpha + Basic + One-Step,NASDAQ:KHC,0.07275223546096438
2020-09-11,12,AR1 alpha + Basic + One-Step,NASDAQ:KHC,0.09729962251437797
2020-09-14,12,AR1 alpha + Basic + One-Step,NASDAQ:KHC,0.09999980930449034
2020-09-15,12,AR1 alpha + Basic + One-Step,NASDAQ:KHC,0.09999589805252108
2020-09-16,12,AR1 alpha + Basic + One-Step,NASDAQ:KHC,0.09999661487467144
2020-09-17,12,AR1 alpha + Basic + One-Step,NASDAQ:KHC,0.0999955081140663
2020-09-18,12,AR1 alpha + Basic + One-Step,NASDAQ:KHC,0.09998993996599602
2020-09-21,12,AR1 alpha + Basic + One-Step,NASDAQ:KHC,0.059894304102953384
2020-09-22,12,AR1 alpha + Basic + One-Step,NASDAQ:KHC,0.09999783528183928
2020-09-23,12,AR1 alpha + Basic + One-Step,NASDAQ:KHC,0.021076512381090963
2020-09-24,12,AR1 alpha + Basic + One-Step,NASDAQ:KHC,0.09108980726631381
2020-09-25,12,AR1 alpha + Basic + One-Step,NASDAQ:KHC,0.09999378176032889
2020-09-28,12,AR1 alpha + Basic + One-Step,NASDAQ:KHC,0.09999150204551874
2020-09-29,12,AR1 alpha + Basic + One-Step,NASDAQ:KHC,0.09999493771349506
2020-09-30,12,AR1 alpha + Basic + One-Step,NASDAQ:KHC,0.09999698763188865
2020-10-01,12,AR1 alpha + Basic + One-Step,NASDAQ:KHC,0.09999511474872967
2020-10-02,12,AR1 alpha + Basic + One-Step,NASDAQ:KHC,0.046258054610216565
2020-10-05,12,AR1 alpha + Basic + One-Step,NASDAQ:KHC,0.10000005766064086
2020-10-06,12,AR1 alpha + Basic + One-Step,NASDAQ:KHC,0.06857351691341215
2020-10-07,12,AR1 alpha + Basic + One-Step,NASDAQ:KHC,0.10000039133949691
2020-10-08,12,AR1 alpha + Basic + One-Step,NASDAQ:KHC,0.099996051445005
2020-10-09,12,AR1 alpha + Basic + One-Step,NASDAQ:KHC,0.09999368098095733
2020-10-12,12,AR1 alpha + Basic + One-Step,NASDAQ:KHC,0.09998958836004768
2020-10-13,12,AR1 alpha + Basic + One-Step,NASDAQ:KHC,0.09998947224580482
2020-10-14,12,AR1 alpha + Basic + One-Step,NASDAQ:KHC,0.03754858428212161
2020-10-15,12,AR1 alpha + Basic + One-Step,NASDAQ:KHC,0.023424644628906158
2020-10-16,12,AR1 alpha + Basic + One-Step,NASDAQ:KHC,0.08547609140860946
2020-10-19,12,AR1 alpha + Basic + One-Step,NASDAQ:KHC,0.02729891371378605
2020-10-20,12,AR1 alpha + Basic + One-Step,NASDAQ:KHC,0.0314839350651136
2020-10-21,12,AR1 alpha + Basic + One-Step,NASDAQ:KHC,0.030421896348974298
2020-10-22,12,AR1 alpha + Basic + One-Step,NASDAQ:KHC,0.030419438429946224
2020-10-23,12,AR1 alpha + Basic + One-Step,NASDAQ:KHC,0.034991052972573496
2020-10-26,12,AR1 alpha + Basic + One-Step,NASDAQ:KHC,0.0
2020-10-27,12,AR1 alpha + Basic + One-Step,NASDAQ:KHC,8.427816626323245e-10
2020-10-28,12,AR1 alpha + Basic + One-Step,NASDAQ:KHC,7.021227641157953e-09
2020-10-29,12,AR1 alpha + Basic + One-Step,NASDAQ:KHC,1.3876671443229568e-09
2020-10-30,12,AR1 alpha + Basic + One-Step,NASDAQ:KHC,0.0
2020-11-02,12,AR1 alpha + Basic + One-Step,NASDAQ:KHC,0.0
2020-11-03,12,AR1 alpha + Basic + One-Step,NASDAQ:KHC,0.0
2020-11-04,12,AR1 alpha + Basic + One-Step,NASDAQ:KHC,0.0
2020-11-05,12,AR1 alpha + Basic + One-Step,NASDAQ:KHC,0.08922042785191599
2020-11-06,12,AR1 alpha + Basic + One-Step,NASDAQ:KHC,0.10000083074396181
2020-11-09,12,AR1 alpha + Basic + One-Step,NASDAQ:KHC,0.052060592491501925
2020-11-10,12,AR1 alpha + Basic + One-Step,NASDAQ:KHC,0.028269330886546307
2020-11-11,12,AR1 alpha + Basic + One-Step,NASDAQ:KHC,0.0
2020-11-12,12,AR1 alpha + Basic + One-Step,NASDAQ:KHC,0.0
2020-11-13,12,AR1 alpha + Basic + One-Step,NASDAQ:KHC,0.0
2020-11-16,12,AR1 alpha + Basic + One-Step,NASDAQ:KHC,0.0
2020-11-17,12,AR1 alpha + Basic + One-Step,NASDAQ:KHC,0.0
2020-11-18,12,AR1 alpha + Basic + One-Step,NASDAQ:KHC,0.0
2020-11-19,12,AR1 alpha + Basic + One-Step,NASDAQ:KHC,1.8710556644216125e-08
2020-11-20,12,AR1 alpha + Basic + One-Step,NASDAQ:KHC,0.0
2020-11-23,12,AR1 alpha + Basic + One-Step,NASDAQ:KHC,0.0
2020-11-24,12,AR1 alpha + Basic + One-Step,NASDAQ:KHC,0.0
2020-11-25,12,AR1 alpha + Basic + One-Step,NASDAQ:KHC,4.156816052425628e-08
2020-11-27,12,AR1 alpha + Basic + One-Step,NASDAQ:KHC,0.0
2020-11-30,12,AR1 alpha + Basic + One-Step,NASDAQ:KHC,0.0
2020-12-01,12,AR1 alpha + Basic + One-Step,NASDAQ:KHC,0.0
2020-12-02,12,AR1 alpha + Basic + One-Step,NASDAQ:KHC,0.0
2020-12-03,12,AR1 alpha + Basic + One-Step,NASDAQ:KHC,0.0
2020-12-04,12,AR1 alpha + Basic + One-Step,NASDAQ:KHC,4.385168038492628e-09
2020-12-07,12,AR1 alpha + Basic + One-Step,NASDAQ:KHC,0.0
2020-12-08,12,AR1 alpha + Basic + One-Step,NASDAQ:KHC,2.799610057763115e-07
2020-12-09,12,AR1 alpha + Basic + One-Step,NASDAQ:KHC,0.0
2020-12-10,12,AR1 alpha + Basic + One-Step,NASDAQ:KHC,0.0
2020-12-11,12,AR1 alpha + Basic + One-Step,NASDAQ:KHC,5.646409062074846e-07
2020-12-14,12,AR1 alpha + Basic + One-Step,NASDAQ:KHC,9.003963621696331e-07
2020-12-15,12,AR1 alpha + Basic + One-Step,NASDAQ:KHC,0.0
2020-12-16,12,AR1 alpha + Basic + One-Step,NASDAQ:KHC,1.2064413728502066e-09
2020-12-17,12,AR1 alpha + Basic + One-Step,NASDAQ:KHC,0.0
2020-12-18,12,AR1 alpha + Basic + One-Step,NASDAQ:KHC,0.0
2020-12-21,12,AR1 alpha + Basic + One-Step,NASDAQ:KHC,4.785958239721843e-07
2020-12-22,12,AR1 alpha + Basic + One-Step,NASDAQ:KHC,0.0
2020-12-23,12,AR1 alpha + Basic + One-Step,NASDAQ:KHC,0.0
2020-12-24,12,AR1 alpha + Basic + One-Step,NASDAQ:KHC,0.0
2020-12-28,12,AR1 alpha + Basic + One-Step,NASDAQ:KHC,4.453737962495429e-08
2020-12-29,12,AR1 alpha + Basic + One-Step,NASDAQ:KHC,0.0
2020-12-30,12,AR1 alpha + Basic + One-Step,NASDAQ:KHC,0.0
2020-12-31,12,AR1 alpha + Basic + One-Step,NASDAQ:KHC,0.0
2021-01-04,12,AR1 alpha + Basic + One-Step,NASDAQ:KHC,0.0
2021-01-05,12,AR1 alpha + Basic + One-Step,NASDAQ:KHC,6.486288956202916e-08
2021-01-06,12,AR1 alpha + Basic + One-Step,NASDAQ:KHC,0.0
2021-01-07,12,AR1 alpha + Basic + One-Step,NASDAQ:KHC,0.0025795289764992467
2021-01-08,12,AR1 alpha + Basic + One-Step,NASDAQ:KHC,0.000844184486803882
2021-01-11,12,AR1 alpha + Basic + One-Step,NASDAQ:KHC,0.0
2021-01-12,12,AR1 alpha + Basic + One-Step,NASDAQ:KHC,0.01349213665968865
2021-01-13,12,AR1 alpha + Basic + One-Step,NASDAQ:KHC,0.0
2021-01-14,12,AR1 alpha + Basic + One-Step,NASDAQ:KHC,0.0
2021-01-15,12,AR1 alpha + Basic + One-Step,NASDAQ:KHC,0.0
2021-01-19,12,AR1 alpha + Basic + One-Step,NASDAQ:KHC,0.0
2021-01-20,12,AR1 alpha + Basic + One-Step,NASDAQ:KHC,0.0
2021-01-21,12,AR1 alpha + Basic + One-Step,NASDAQ:KHC,0.0
2021-01-22,12,AR1 alpha + Basic + One-Step,NASDAQ:KHC,0.0
2021-01-25,12,AR1 alpha + Basic + One-Step,NASDAQ:KHC,0.0
2021-01-26,12,AR1 alpha + Basic + One-Step,NASDAQ:KHC,0.0
2021-01-27,12,AR1 alpha + Basic + One-Step,NASDAQ:KHC,0.0
2021-01-28,12,AR1 alpha + Basic + One-Step,NASDAQ:KHC,0.0
2021-01-29,12,AR1 alpha + Basic + One-Step,NASDAQ:KHC,0.0
2021-02-01,12,AR1 alpha + Basic + One-Step,NASDAQ:KHC,1.6671030159344713e-07
2021-02-02,12,AR1 alpha + Basic + One-Step,NASDAQ:KHC,0.0
2021-02-03,12,AR1 alpha + Basic + One-Step,NASDAQ:KHC,8.073501695340826e-09
2021-02-04,12,AR1 alpha + Basic + One-Step,NASDAQ:KHC,0.0
2021-02-05,12,AR1 alpha + Basic + One-Step,NASDAQ:KHC,0.0
2021-02-08,12,AR1 alpha + Basic + One-Step,NASDAQ:KHC,0.0
2021-02-09,12,AR1 alpha + Basic + One-Step,NASDAQ:KHC,0.0
2021-02-10,12,AR1 alpha + Basic + One-Step,NASDAQ:KHC,0.0
2021-02-11,12,AR1 alpha + Basic + One-Step,NASDAQ:KHC,0.0
2021-02-12,12,AR1 alpha + Basic + One-Step,NASDAQ:KHC,0.0
2021-02-16,12,AR1 alpha + Basic + One-Step,NASDAQ:KHC,0.0
2021-02-17,12,AR1 alpha + Basic + One-Step,NASDAQ:KHC,0.0
2021-02-18,12,AR1 alpha + Basic + One-Step,NASDAQ:KHC,0.0
2021-02-19,12,AR1 alpha + Basic + One-Step,NASDAQ:KHC,0.0
2021-02-22,12,AR1 alpha + Basic + One-Step,NASDAQ:KHC,8.771541701997387e-07
2021-02-23,12,AR1 alpha + Basic + One-Step,NASDAQ:KHC,2.2928173191945038e-07
2021-02-24,12,AR1 alpha + Basic + One-Step,NASDAQ:KHC,0.0
2021-02-25,12,AR1 alpha + Basic + One-Step,NASDAQ:KHC,0.0
2021-02-26,12,AR1 alpha + Basic + One-Step,NASDAQ:KHC,0.0
2021-03-01,12,AR1 alpha + Basic + One-Step,NASDAQ:KHC,0.0
2021-03-02,12,AR1 alpha + Basic + One-Step,NASDAQ:KHC,0.0
2021-03-03,12,AR1 alpha + Basic + One-Step,NASDAQ:KHC,0.0
2021-03-04,12,AR1 alpha + Basic + One-Step,NASDAQ:KHC,0.0
2021-03-05,12,AR1 alpha + Basic + One-Step,NASDAQ:KHC,0.0
2021-03-08,12,AR1 alpha + Basic + One-Step,NASDAQ:KHC,0.0
2021-03-09,12,AR1 alpha + Basic + One-Step,NASDAQ:KHC,0.0
2021-03-10,12,AR1 alpha + Basic + One-Step,NASDAQ:KHC,0.0
2021-03-11,12,AR1 alpha + Basic + One-Step,NASDAQ:KHC,0.09392777489617589
2021-03-12,12,AR1 alpha + Basic + One-Step,NASDAQ:KHC,0.09117484407087714
2021-03-15,12,AR1 alpha + Basic + One-Step,NASDAQ:KHC,0.06805079888564702
2021-03-16,12,AR1 alpha + Basic + One-Step,NASDAQ:KHC,0.052608836672541875
2021-03-17,12,AR1 alpha + Basic + One-Step,NASDAQ:KHC,0.05260641087524703
2021-03-18,12,AR1 alpha + Basic + One-Step,NASDAQ:KHC,0.023068174285740404
2021-03-19,12,AR1 alpha + Basic + One-Step,NASDAQ:KHC,0.030193311872500312
2021-03-22,12,AR1 alpha + Basic + One-Step,NASDAQ:KHC,0.00455471155766624
2021-03-23,12,AR1 alpha + Basic + One-Step,NASDAQ:KHC,0.0
2021-03-24,12,AR1 alpha + Basic + One-Step,NASDAQ:KHC,0.0
2021-03-25,12,AR1 alpha + Basic + One-Step,NASDAQ:KHC,0.0
2021-03-26,12,AR1 alpha + Basic + One-Step,NASDAQ:KHC,0.055646857459036636
2021-03-29,12,AR1 alpha + Basic + One-Step,NASDAQ:KHC,0.06489306222204276
2021-03-30,12,AR1 alpha + Basic + One-Step,NASDAQ:KHC,0.10000461023312449
2021-03-31,12,AR1 alpha + Basic + One-Step,NASDAQ:KHC,0.07315911930331317
2021-04-01,12,AR1 alpha + Basic + One-Step,NASDAQ:KHC,0.09999482601158174
2021-04-05,12,AR1 alpha + Basic + One-Step,NASDAQ:KHC,0.0726491500060983
2021-04-06,12,AR1 alpha + Basic + One-Step,NASDAQ:KHC,0.08151875049463009
2021-04-07,12,AR1 alpha + Basic + One-Step,NASDAQ:KHC,0.09976144247292643
2021-04-08,12,AR1 alpha + Basic + One-Step,NASDAQ:KHC,0.06233837970315774
2021-04-09,12,AR1 alpha + Basic + One-Step,NASDAQ:KHC,0.09999557447352186
2021-04-12,12,AR1 alpha + Basic + One-Step,NASDAQ:KHC,0.06286456583669249
2021-04-13,12,AR1 alpha + Basic + One-Step,NASDAQ:KHC,0.07242136708549952
2021-04-14,12,AR1 alpha + Basic + One-Step,NASDAQ:KHC,0.023692185966141227
2021-04-15,12,AR1 alpha + Basic + One-Step,NASDAQ:KHC,0.05650720697265543
2021-04-16,12,AR1 alpha + Basic + One-Step,NASDAQ:KHC,0.004521501345590711
2021-04-19,12,AR1 alpha + Basic + One-Step,NASDAQ:KHC,2.0271570988883675e-07
2021-04-20,12,AR1 alpha + Basic + One-Step,NASDAQ:KHC,4.535613615204148e-08
2021-04-21,12,AR1 alpha + Basic + One-Step,NASDAQ:KHC,0.0
2021-04-22,12,AR1 alpha + Basic + One-Step,NASDAQ:KHC,1.2902681624410497e-07
2021-04-23,12,AR1 alpha + Basic + One-Step,NASDAQ:KHC,0.0
2021-04-26,12,AR1 alpha + Basic + One-Step,NASDAQ:KHC,0.0
2021-04-27,12,AR1 alpha + Basic + One-Step,NASDAQ:KHC,7.562421894416613e-07
2021-04-28,12,AR1 alpha + Basic + One-Step,NASDAQ:KHC,0.0
2021-04-29,12,AR1 alpha + Basic + One-Step,NASDAQ:KHC,0.0
2021-04-30,12,AR1 alpha + Basic + One-Step,NASDAQ:KHC,0.0
2021-05-03,12,AR1 alpha + Basic + One-Step,NASDAQ:KHC,0.0
2021-05-04,12,AR1 alpha + Basic + One-Step,NASDAQ:KHC,3.104697274694458e-08
2021-05-05,12,AR1 alpha + Basic + One-Step,NASDAQ:KHC,0.0
2021-05-06,12,AR1 alpha + Basic + One-Step,NASDAQ:KHC,0.0
2021-05-07,12,AR1 alpha + Basic + One-Step,NASDAQ:KHC,0.0
2021-05-10,12,AR1 alpha + Basic + One-Step,NASDAQ:KHC,0.0
2021-05-11,12,AR1 alpha + Basic + One-Step,NASDAQ:KHC,0.0
2021-05-12,12,AR1 alpha + Basic + One-Step,NASDAQ:KHC,0.0
2021-05-13,12,AR1 alpha + Basic + One-Step,NASDAQ:KHC,7.184838483639347e-08
2021-05-14,12,AR1 alpha + Basic + One-Step,NASDAQ:KHC,4.2014427009560284e-08
2021-05-17,12,AR1 alpha + Basic + One-Step,NASDAQ:KHC,0.0
2021-05-18,12,AR1 alpha + Basic + One-Step,NASDAQ:KHC,1.0634903762795377e-06
2021-05-19,12,AR1 alpha + Basic + One-Step,NASDAQ:KHC,7.171699505457261e-07
2021-05-20,12,AR1 alpha + Basic + One-Step,NASDAQ:KHC,5.066770722259397e-07
2021-05-21,12,AR1 alpha + Basic + One-Step,NASDAQ:KHC,1.095083621190953e-06
2021-05-24,12,AR1 alpha + Basic + One-Step,NASDAQ:KHC,0.0
2021-05-25,12,AR1 alpha + Basic + One-Step,NASDAQ:KHC,0.0
2021-05-26,12,AR1 alpha + Basic + One-Step,NASDAQ:KHC,0.0
2021-05-27,12,AR1 alpha + Basic + One-Step,NASDAQ:KHC,0.0
2021-05-28,12,AR1 alpha + Basic + One-Step,NASDAQ:KHC,0.0
2021-06-01,12,AR1 alpha + Basic + One-Step,NASDAQ:KHC,0.0
2021-06-02,12,AR1 alpha + Basic + One-Step,NASDAQ:KHC,0.0
2021-06-03,12,AR1 alpha + Basic + One-Step,NASDAQ:KHC,0.0
2021-06-04,12,AR1 alpha + Basic + One-Step,NASDAQ:KHC,0.0
2021-06-07,12,AR1 alpha + Basic + One-Step,NASDAQ:KHC,0.0
2021-06-08,12,AR1 alpha + Basic + One-Step,NASDAQ:KHC,0.0
2021-06-09,12,AR1 alpha + Basic + One-Step,NASDAQ:KHC,6.27882257404493e-08
2021-06-10,12,AR1 alpha + Basic + One-Step,NASDAQ:KHC,1.4739210500729588e-07
2021-06-11,12,AR1 alpha + Basic + One-Step,NASDAQ:KHC,0.0
2021-06-14,12,AR1 alpha + Basic + One-Step,NASDAQ:KHC,0.0
2021-06-15,12,AR1 alpha + Basic + One-Step,NASDAQ:KHC,0.0
2021-06-16,12,AR1 alpha + Basic + One-Step,NASDAQ:KHC,0.0
2021-06-17,12,AR1 alpha + Basic + One-Step,NASDAQ:KHC,0.0
2021-06-18,12,AR1 alpha + Basic + One-Step,NASDAQ:KHC,0.0
2021-06-21,12,AR1 alpha + Basic + One-Step,NASDAQ:KHC,0.0
2021-06-22,12,AR1 alpha + Basic + One-Step,NASDAQ:KHC,1.9018395527044899e-06
2021-06-23,12,AR1 alpha + Basic + One-Step,NASDAQ:KHC,1.519258124182166e-06
2021-06-24,12,AR1 alpha + Basic + One-Step,NASDAQ:KHC,1.8871324949349654e-06
2021-06-25,12,AR1 alpha + Basic + One-Step,NASDAQ:KHC,0.0
2021-06-28,12,AR1 alpha + Basic + One-Step,NASDAQ:KHC,0.0
2021-06-29,12,AR1 alpha + Basic + One-Step,NASDAQ:KHC,0.0
2021-06-30,12,AR1 alpha + Basic + One-Step,NASDAQ:KHC,0.0
2021-07-01,12,AR1 alpha + Basic + One-Step,NASDAQ:KHC,0.0
2021-07-02,12,AR1 alpha + Basic + One-Step,NASDAQ:KHC,0.0
2021-07-06,12,AR1 alpha + Basic + One-Step,NASDAQ:KHC,0.0
2021-07-07,12,AR1 alpha + Basic + One-Step,NASDAQ:KHC,0.0
2021-07-08,12,AR1 alpha + Basic + One-Step,NASDAQ:KHC,0.0
2021-07-09,12,AR1 alpha + Basic + One-Step,NASDAQ:KHC,0.0
2021-07-12,12,AR1 alpha + Basic + One-Step,NASDAQ:KHC,0.0
2021-07-13,12,AR1 alpha + Basic + One-Step,NASDAQ:KHC,1.3066359460969423e-07
2021-07-14,12,AR1 alpha + Basic + One-Step,NASDAQ:KHC,0.0
2021-07-15,12,AR1 alpha + Basic + One-Step,NASDAQ:KHC,0.0
2021-07-16,12,AR1 alpha + Basic + One-Step,NASDAQ:KHC,2.4763253436479853e-06
2021-07-19,12,AR1 alpha + Basic + One-Step,NASDAQ:KHC,0.0
2021-07-20,12,AR1 alpha + Basic + One-Step,NASDAQ:KHC,0.0
2021-07-21,12,AR1 alpha + Basic + One-Step,NASDAQ:KHC,0.0
2021-07-22,12,AR1 alpha + Basic + One-Step,NASDAQ:KHC,0.0
2021-07-23,12,AR1 alpha + Basic + One-Step,NASDAQ:KHC,0.0
2021-07-26,12,AR1 alpha + Basic + One-Step,NASDAQ:KHC,0.0
2021-07-27,12,AR1 alpha + Basic + One-Step,NASDAQ:KHC,2.0349197335421986e-06
2021-07-28,12,AR1 alpha + Basic + One-Step,NASDAQ:KHC,0.0
2021-07-29,12,AR1 alpha + Basic + One-Step,NASDAQ:KHC,0.0
2021-07-30,12,AR1 alpha + Basic + One-Step,NASDAQ:KHC,0.0
2021-08-02,12,AR1 alpha + Basic + One-Step,NASDAQ:KHC,0.0
2021-08-03,12,AR1 alpha + Basic + One-Step,NASDAQ:KHC,0.0
2021-08-04,12,AR1 alpha + Basic + One-Step,NASDAQ:KHC,7.487830676855237e-08
2021-08-05,12,AR1 alpha + Basic + One-Step,NASDAQ:KHC,0.0
2021-08-06,12,AR1 alpha + Basic + One-Step,NASDAQ:KHC,0.0
2021-08-09,12,AR1 alpha + Basic + One-Step,NASDAQ:KHC,4.841372725384754e-07
2021-08-10,12,AR1 alpha + Basic + One-Step,NASDAQ:KHC,3.012617294305444e-07
2021-08-11,12,AR1 alpha + Basic + One-Step,NASDAQ:KHC,2.075400724375103e-07
2021-08-12,12,AR1 alpha + Basic + One-Step,NASDAQ:KHC,0.0
2021-08-13,12,AR1 alpha + Basic + One-Step,NASDAQ:KHC,0.0
2021-08-16,12,AR1 alpha + Basic + One-Step,NASDAQ:KHC,0.0
2021-08-17,12,AR1 alpha + Basic + One-Step,NASDAQ:KHC,2.1557323179841787e-07
2021-08-18,12,AR1 alpha + Basic + One-Step,NASDAQ:KHC,0.0
2021-08-19,12,AR1 alpha + Basic + One-Step,NASDAQ:KHC,0.0
2021-08-20,12,AR1 alpha + Basic + One-Step,NASDAQ:KHC,2.5811058045299882e-08
2021-08-23,12,AR1 alpha + Basic + One-Step,NASDAQ:KHC,0.0
2021-08-24,12,AR1 alpha + Basic + One-Step,NASDAQ:KHC,0.0
2021-08-25,12,AR1 alpha + Basic + One-Step,NASDAQ:KHC,0.0
2021-08-26,12,AR1 alpha + Basic + One-Step,NASDAQ:KHC,4.102504402650711e-09
2021-08-27,12,AR1 alpha + Basic + One-Step,NASDAQ:KHC,0.0
2021-08-30,12,AR1 alpha + Basic + One-Step,NASDAQ:KHC,0.0
2021-08-31,12,AR1 alpha + Basic + One-Step,NASDAQ:KHC,0.0
2021-09-01,12,AR1 alpha + Basic + One-Step,NASDAQ:KHC,0.0
2021-09-02,12,AR1 alpha + Basic + One-Step,NASDAQ:KHC,0.0
2021-09-03,12,AR1 alpha + Basic + One-Step,NASDAQ:KHC,0.0
2021-09-07,12,AR1 alpha + Basic + One-Step,NASDAQ:KHC,0.0
2021-09-08,12,AR1 alpha + Basic + One-Step,NASDAQ:KHC,0.0
2021-09-09,12,AR1 alpha + Basic + One-Step,NASDAQ:KHC,1.370919519341899e-07
2021-09-10,12,AR1 alpha + Basic + One-Step,NASDAQ:KHC,0.0
2021-09-13,12,AR1 alpha + Basic + One-Step,NASDAQ:KHC,0.0
2021-09-14,12,AR1 alpha + Basic + One-Step,NASDAQ:KHC,5.095642835626606e-07
2021-09-15,12,AR1 alpha + Basic + One-Step,NASDAQ:KHC,0.0
2021-09-16,12,AR1 alpha + Basic + One-Step,NASDAQ:KHC,0.0
2021-09-17,12,AR1 alpha + Basic + One-Step,NASDAQ:KHC,0.0
2021-09-20,12,AR1 alpha + Basic + One-Step,NASDAQ:KHC,0.0
2021-09-21,12,AR1 alpha + Basic + One-Step,NASDAQ:KHC,1.2531390387578582e-07
2021-09-22,12,AR1 alpha + Basic + One-Step,NASDAQ:KHC,0.0
2021-09-23,12,AR1 alpha + Basic + One-Step,NASDAQ:KHC,0.0
2021-09-24,12,AR1 alpha + Basic + One-Step,NASDAQ:KHC,0.0
2021-09-27,12,AR1 alpha + Basic + One-Step,NASDAQ:KHC,0.0
2021-09-28,12,AR1 alpha + Basic + One-Step,NASDAQ:KHC,0.0
2021-09-29,12,AR1 alpha + Basic + One-Step,NASDAQ:KHC,5.4549425751401605e-08
2021-09-30,12,AR1 alpha + Basic + One-Step,NASDAQ:KHC,0.0
2021-10-01,12,AR1 alpha + Basic + One-Step,NASDAQ:KHC,0.0
2021-10-04,12,AR1 alpha + Basic + One-Step,NASDAQ:KHC,0.0
2021-10-05,12,AR1 alpha + Basic + One-Step,NASDAQ:KHC,0.0
2021-10-06,12,AR1 alpha + Basic + One-Step,NASDAQ:KHC,0.0
2021-10-07,12,AR1 alpha + Basic + One-Step,NASDAQ:KHC,0.0
2021-10-08,12,AR1 alpha + Basic + One-Step,NASDAQ:KHC,0.0
2021-10-11,12,AR1 alpha + Basic + One-Step,NASDAQ:KHC,0.0
2021-10-12,12,AR1 alpha + Basic + One-Step,NASDAQ:KHC,0.0
2021-10-13,12,AR1 alpha + Basic + One-Step,NASDAQ:KHC,0.0
2021-10-14,12,AR1 alpha + Basic + One-Step,NASDAQ:KHC,0.0
2021-10-15,12,AR1 alpha + Basic + One-Step,NASDAQ:KHC,0.0
2021-10-18,12,AR1 alpha + Basic + One-Step,NASDAQ:KHC,0.0
2021-10-19,12,AR1 alpha + Basic + One-Step,NASDAQ:KHC,1.637023872862746e-07
2021-10-20,12,AR1 alpha + Basic + One-Step,NASDAQ:KHC,0.0
2021-10-21,12,AR1 alpha + Basic + One-Step,NASDAQ:KHC,0.0
2021-10-22,12,AR1 alpha + Basic + One-Step,NASDAQ:KHC,0.0
2021-10-25,12,AR1 alpha + Basic + One-Step,NASDAQ:KHC,0.0
2021-10-26,12,AR1 alpha + Basic + One-Step,NASDAQ:KHC,0.0
2021-10-27,12,AR1 alpha + Basic + One-Step,NASDAQ:KHC,0.0
2021-10-28,12,AR1 alpha + Basic + One-Step,NASDAQ:KHC,0.0
2021-10-29,12,AR1 alpha + Basic + One-Step,NASDAQ:KHC,0.0
2021-11-01,12,AR1 alpha + Basic + One-Step,NASDAQ:KHC,2.707721928620882e-07
2021-11-02,12,AR1 alpha + Basic + One-Step,NASDAQ:KHC,0.0
2021-11-03,12,AR1 alpha + Basic + One-Step,NASDAQ:KHC,0.0
2021-11-04,12,AR1 alpha + Basic + One-Step,NASDAQ:KHC,0.0
2021-11-05,12,AR1 alpha + Basic + One-Step,NASDAQ:KHC,0.0
2021-11-08,12,AR1 alpha + Basic + One-Step,NASDAQ:KHC,0.0
2021-11-09,12,AR1 alpha + Basic + One-Step,NASDAQ:KHC,0.0
2021-11-10,12,AR1 alpha + Basic + One-Step,NASDAQ:KHC,2.7039343122788237e-08
2021-11-11,12,AR1 alpha + Basic + One-Step,NASDAQ:KHC,0.0
2021-11-12,12,AR1 alpha + Basic + One-Step,NASDAQ:KHC,0.0
2021-11-15,12,AR1 alpha + Basic + One-Step,NASDAQ:KHC,0.0
2021-11-16,12,AR1 alpha + Basic + One-Step,NASDAQ:KHC,0.0
2021-11-17,12,AR1 alpha + Basic + One-Step,NASDAQ:KHC,0.0
2021-11-18,12,AR1 alpha + Basic + One-Step,NASDAQ:KHC,0.0
2021-11-19,12,AR1 alpha + Basic + One-Step,NASDAQ:KHC,0.0
2021-11-22,12,AR1 alpha + Basic + One-Step,NASDAQ:KHC,0.0
2021-11-23,12,AR1 alpha + Basic + One-Step,NASDAQ:KHC,0.0
2021-11-24,12,AR1 alpha + Basic + One-Step,NASDAQ:KHC,0.0
2021-11-26,12,AR1 alpha + Basic + One-Step,NASDAQ:KHC,0.0
2021-11-29,12,AR1 alpha + Basic + One-Step,NASDAQ:KHC,0.0
2021-11-30,12,AR1 alpha + Basic + One-Step,NASDAQ:KHC,0.0
2021-12-01,12,AR1 alpha + Basic + One-Step,NASDAQ:KHC,0.0
2021-12-02,12,AR1 alpha + Basic + One-Step,NASDAQ:KHC,0.0
2021-12-03,12,AR1 alpha + Basic + One-Step,NASDAQ:KHC,0.0
2021-12-06,12,AR1 alpha + Basic + One-Step,NASDAQ:KHC,0.0
2021-12-07,12,AR1 alpha + Basic + One-Step,NASDAQ:KHC,0.0
2021-12-08,12,AR1 alpha + Basic + One-Step,NASDAQ:KHC,0.0
2021-12-09,12,AR1 alpha + Basic + One-Step,NASDAQ:KHC,0.0
2021-12-10,12,AR1 alpha + Basic + One-Step,NASDAQ:KHC,5.6273816630334476e-08
2021-12-13,12,AR1 alpha + Basic + One-Step,NASDAQ:KHC,0.0
2021-12-14,12,AR1 alpha + Basic + One-Step,NASDAQ:KHC,7.636075017910398e-09
2021-12-15,12,AR1 alpha + Basic + One-Step,NASDAQ:KHC,0.0
2021-12-16,12,AR1 alpha + Basic + One-Step,NASDAQ:KHC,0.0
2021-12-17,12,AR1 alpha + Basic + One-Step,NASDAQ:KHC,0.0
2021-12-20,12,AR1 alpha + Basic + One-Step,NASDAQ:KHC,0.0
2021-12-21,12,AR1 alpha + Basic + One-Step,NASDAQ:KHC,0.0
2021-12-22,12,AR1 alpha + Basic + One-Step,NASDAQ:KHC,2.2858608990459406e-07
2021-12-23,12,AR1 alpha + Basic + One-Step,NASDAQ:KHC,0.0
2021-12-27,12,AR1 alpha + Basic + One-Step,NASDAQ:KHC,0.0
2021-12-28,12,AR1 alpha + Basic + One-Step,NASDAQ:KHC,0.0
2021-12-29,12,AR1 alpha + Basic + One-Step,NASDAQ:KHC,0.0
2021-12-30,12,AR1 alpha + Basic + One-Step,NASDAQ:KHC,9.936389261997611e-07
2021-12-31,12,AR1 alpha + Basic + One-Step,NASDAQ:KHC,4.3549477775379506e-07
2022-01-03,12,AR1 alpha + Basic + One-Step,NASDAQ:KHC,3.0059742898182884e-07
2022-01-04,12,AR1 alpha + Basic + One-Step,NASDAQ:KHC,0.0
2022-01-05,12,AR1 alpha + Basic + One-Step,NASDAQ:KHC,1.9880808814372906e-22
2022-01-06,12,AR1 alpha + Basic + One-Step,NASDAQ:KHC,0.0
2022-01-07,12,AR1 alpha + Basic + One-Step,NASDAQ:KHC,7.152829472410442e-08
2022-01-10,12,AR1 alpha + Basic + One-Step,NASDAQ:KHC,0.0
2022-01-11,12,AR1 alpha + Basic + One-Step,NASDAQ:KHC,0.0
2022-01-12,12,AR1 alpha + Basic + One-Step,NASDAQ:KHC,0.0
2022-01-13,12,AR1 alpha + Basic + One-Step,NASDAQ:KHC,1.752926604589968e-06
2022-01-14,12,AR1 alpha + Basic + One-Step,NASDAQ:KHC,0.0
2022-01-18,12,AR1 alpha + Basic + One-Step,NASDAQ:KHC,0.0
2022-01-19,12,AR1 alpha + Basic + One-Step,NASDAQ:KHC,0.0
2022-01-20,12,AR1 alpha + Basic + One-Step,NASDAQ:KHC,0.0
2022-01-21,12,AR1 alpha + Basic + One-Step,NASDAQ:KHC,3.572677468156462e-07
2022-01-24,12,AR1 alpha + Basic + One-Step,NASDAQ:KHC,2.4482148029118516e-07
2022-01-25,12,AR1 alpha + Basic + One-Step,NASDAQ:KHC,0.0
2022-01-26,12,AR1 alpha + Basic + One-Step,NASDAQ:KHC,7.115641544022154e-08
2022-01-27,12,AR1 alpha + Basic + One-Step,NASDAQ:KHC,1.0643222344692117e-07
2022-01-28,12,AR1 alpha + Basic + One-Step,NASDAQ:KHC,6.899307355899005e-08
2022-01-31,12,AR1 alpha + Basic + One-Step,NASDAQ:KHC,0.0
2022-02-01,12,AR1 alpha + Basic + One-Step,NASDAQ:KHC,0.0
2022-02-02,12,AR1 alpha + Basic + One-Step,NASDAQ:KHC,0.0
2022-02-03,12,AR1 alpha + Basic + One-Step,NASDAQ:KHC,0.0
2022-02-04,12,AR1 alpha + Basic + One-Step,NASDAQ:KHC,0.0
2022-02-07,12,AR1 alpha + Basic + One-Step,NASDAQ:KHC,0.0
2022-02-08,12,AR1 alpha + Basic + One-Step,NASDAQ:KHC,0.0
2022-02-09,12,AR1 alpha + Basic + One-Step,NASDAQ:KHC,2.4968137064620864e-08
2022-02-10,12,AR1 alpha + Basic + One-Step,NASDAQ:KHC,3.5735615586392005e-08
2022-02-11,12,AR1 alpha + Basic + One-Step,NASDAQ:KHC,1.4710777483752243e-07
2022-02-14,12,AR1 alpha + Basic + One-Step,NASDAQ:KHC,3.1044835699672675e-07
2022-02-15,12,AR1 alpha + Basic + One-Step,NASDAQ:KHC,9.314078357506431e-08
2022-02-16,12,AR1 alpha + Basic + One-Step,NASDAQ:KHC,0.0
2022-02-17,12,AR1 alpha + Basic + One-Step,NASDAQ:KHC,0.0
2022-02-18,12,AR1 alpha + Basic + One-Step,NASDAQ:KHC,3.512481752856583e-07
2022-02-22,12,AR1 alpha + Basic + One-Step,NASDAQ:KHC,2.5181493836356125e-07
2022-02-23,12,AR1 alpha + Basic + One-Step,NASDAQ:KHC,0.0
2022-02-24,12,AR1 alpha + Basic + One-Step,NASDAQ:KHC,0.0
2022-02-25,12,AR1 alpha + Basic + One-Step,NASDAQ:KHC,2.7285693929682743e-07
2022-02-28,12,AR1 alpha + Basic + One-Step,NASDAQ:KHC,0.0
2022-03-01,12,AR1 alpha + Basic + One-Step,NASDAQ:KHC,6.110810853235408e-08
2022-03-02,12,AR1 alpha + Basic + One-Step,NASDAQ:KHC,0.0
2022-03-03,12,AR1 alpha + Basic + One-Step,NASDAQ:KHC,0.0
2022-03-04,12,AR1 alpha + Basic + One-Step,NASDAQ:KHC,0.0
2022-03-07,12,AR1 alpha + Basic + One-Step,NASDAQ:KHC,0.003532288202204273
2022-03-08,12,AR1 alpha + Basic + One-Step,NASDAQ:KHC,7.206995612629941e-06
2022-03-09,12,AR1 alpha + Basic + One-Step,NASDAQ:KHC,3.8081978609058857e-06
2022-03-10,12,AR1 alpha + Basic + One-Step,NASDAQ:KHC,2.5617793407670965e-06
2022-03-11,12,AR1 alpha + Basic + One-Step,NASDAQ:KHC,2.3318210391599965e-06
2022-03-14,12,AR1 alpha + Basic + One-Step,NASDAQ:KHC,1.12653266414242e-06
2022-03-15,12,AR1 alpha + Basic + One-Step,NASDAQ:KHC,7.596673948211497e-07
2022-03-16,12,AR1 alpha + Basic + One-Step,NASDAQ:KHC,0.0
2022-03-17,12,AR1 alpha + Basic + One-Step,NASDAQ:KHC,0.0
2022-03-18,12,AR1 alpha + Basic + One-Step,NASDAQ:KHC,0.0
2022-03-21,12,AR1 alpha + Basic + One-Step,NASDAQ:KHC,0.0
2022-03-22,12,AR1 alpha + Basic + One-Step,NASDAQ:KHC,0.0
2022-03-23,12,AR1 alpha + Basic + One-Step,NASDAQ:KHC,0.0
2022-03-24,12,AR1 alpha + Basic + One-Step,NASDAQ:KHC,9.578201450280118e-08
2022-03-25,12,AR1 alpha + Basic + One-Step,NASDAQ:KHC,0.014148748049339204
2022-03-28,12,AR1 alpha + Basic + One-Step,NASDAQ:KHC,0.014148654653705291
2022-03-29,12,AR1 alpha + Basic + One-Step,NASDAQ:KHC,0.030756466512586726
2022-03-30,12,AR1 alpha + Basic + One-Step,NASDAQ:KHC,0.0
2022-03-31,12,AR1 alpha + Basic + One-Step,NASDAQ:KHC,0.0
2022-04-01,12,AR1 alpha + Basic + One-Step,NASDAQ:KHC,0.0033518084704713806
2022-04-04,12,AR1 alpha + Basic + One-Step,NASDAQ:KHC,0.0
2022-04-05,12,AR1 alpha + Basic + One-Step,NASDAQ:KHC,0.0
2022-04-06,12,AR1 alpha + Basic + One-Step,NASDAQ:KHC,0.0
2022-04-07,12,AR1 alpha + Basic + One-Step,NASDAQ:KHC,2.1128027369793476e-08
2022-04-08,12,AR1 alpha + Basic + One-Step,NASDAQ:KHC,0.0
2022-04-11,12,AR1 alpha + Basic + One-Step,NASDAQ:KHC,0.0
2022-04-12,12,AR1 alpha + Basic + One-Step,NASDAQ:KHC,0.0
2022-04-13,12,AR1 alpha + Basic + One-Step,NASDAQ:KHC,0.06133960263293084
2022-04-14,12,AR1 alpha + Basic + One-Step,NASDAQ:KHC,0.07423231169666088
2022-04-18,12,AR1 alpha + Basic + One-Step,NASDAQ:KHC,0.034648554249965206
2022-04-19,12,AR1 alpha + Basic + One-Step,NASDAQ:KHC,0.03464656468116438
2022-04-20,12,AR1 alpha + Basic + One-Step,NASDAQ:KHC,0.10000056345284299
2022-04-21,12,AR1 alpha + Basic + One-Step,NASDAQ:KHC,0.0999955122646318
2022-04-22,12,AR1 alpha + Basic + One-Step,NASDAQ:KHC,3.589418739298462e-05
2022-04-25,12,AR1 alpha + Basic + One-Step,NASDAQ:KHC,4.412628845381671e-05
2022-04-26,12,AR1 alpha + Basic + One-Step,NASDAQ:KHC,0.0
2022-04-27,12,AR1 alpha + Basic + One-Step,NASDAQ:KHC,0.0
2022-04-28,12,AR1 alpha + Basic + One-Step,NASDAQ:KHC,0.09999989693522458
2022-04-29,12,AR1 alpha + Basic + One-Step,NASDAQ:KHC,0.02240880618966061
2022-05-02,12,AR1 alpha + Basic + One-Step,NASDAQ:KHC,0.0
2022-05-03,12,AR1 alpha + Basic + One-Step,NASDAQ:KHC,6.36595506278535e-05
2022-05-04,12,AR1 alpha + Basic + One-Step,NASDAQ:KHC,0.10000136739750184
2022-05-05,12,AR1 alpha + Basic + One-Step,NASDAQ:KHC,0.011966367770805657
2022-05-06,12,AR1 alpha + Basic + One-Step,NASDAQ:KHC,0.08060991207754209
2022-05-09,12,AR1 alpha + Basic + One-Step,NASDAQ:KHC,0.09999920748292128
2022-05-10,12,AR1 alpha + Basic + One-Step,NASDAQ:KHC,0.08139676456748447
2022-05-11,12,AR1 alpha + Basic + One-Step,NASDAQ:KHC,0.0565872312871192
2022-05-12,12,AR1 alpha + Basic + One-Step,NASDAQ:KHC,0.03611915039813762
2022-05-13,12,AR1 alpha + Basic + One-Step,NASDAQ:KHC,0.09999956418289128
2022-05-16,12,AR1 alpha + Basic + One-Step,NASDAQ:KHC,0.10000044839053768
2022-05-17,12,AR1 alpha + Basic + One-Step,NASDAQ:KHC,0.07530365778490936
2022-05-18,12,AR1 alpha + Basic + One-Step,NASDAQ:KHC,9.658896561189196e-06
2022-05-19,12,AR1 alpha + Basic + One-Step,NASDAQ:KHC,0.0
2022-05-20,12,AR1 alpha + Basic + One-Step,NASDAQ:KHC,0.0
2022-05-23,12,AR1 alpha + Basic + One-Step,NASDAQ:KHC,2.0843316840345405e-07
2022-05-24,12,AR1 alpha + Basic + One-Step,NASDAQ:KHC,0.0
2022-05-25,12,AR1 alpha + Basic + One-Step,NASDAQ:KHC,2.709688265552894e-07
2022-05-26,12,AR1 alpha + Basic + One-Step,NASDAQ:KHC,0.0
2022-05-27,12,AR1 alpha + Basic + One-Step,NASDAQ:KHC,1.147736121225602e-08
2022-05-31,12,AR1 alpha + Basic + One-Step,NASDAQ:KHC,0.0
2022-06-01,12,AR1 alpha + Basic + One-Step,NASDAQ:KHC,0.0
2022-06-02,12,AR1 alpha + Basic + One-Step,NASDAQ:KHC,0.0
2022-06-03,12,AR1 alpha + Basic + One-Step,NASDAQ:KHC,0.0
2022-06-06,12,AR1 alpha + Basic + One-Step,NASDAQ:KHC,0.0
2022-06-07,12,AR1 alpha + Basic + One-Step,NASDAQ:KHC,0.0
2022-06-08,12,AR1 alpha + Basic + One-Step,NASDAQ:KHC,2.6330086835849807e-07
2022-06-09,12,AR1 alpha + Basic + One-Step,NASDAQ:KHC,0.0
2022-06-10,12,AR1 alpha + Basic + One-Step,NASDAQ:KHC,7.761591846627657e-08
2022-06-13,12,AR1 alpha + Basic + One-Step,NASDAQ:KHC,2.9729918180542684e-07
2022-06-14,12,AR1 alpha + Basic + One-Step,NASDAQ:KHC,2.508472998648669e-07
2022-06-15,12,AR1 alpha + Basic + One-Step,NASDAQ:KHC,1.941441825557002e-07
2022-06-16,12,AR1 alpha + Basic + One-Step,NASDAQ:KHC,0.0
2022-06-17,12,AR1 alpha + Basic + One-Step,NASDAQ:KHC,0.0
2022-06-21,12,AR1 alpha + Basic + One-Step,NASDAQ:KHC,2.0994016764022546e-06
2022-06-22,12,AR1 alpha + Basic + One-Step,NASDAQ:KHC,0.044712669116180784
2022-06-23,12,AR1 alpha + Basic + One-Step,NASDAQ:KHC,0.09999952220189029
2022-06-24,12,AR1 alpha + Basic + One-Step,NASDAQ:KHC,0.09999966705480656
2022-06-27,12,AR1 alpha + Basic + One-Step,NASDAQ:KHC,0.09999848273789871
2022-06-28,12,AR1 alpha + Basic + One-Step,NASDAQ:KHC,0.06678265500233732
2022-06-29,12,AR1 alpha + Basic + One-Step,NASDAQ:KHC,0.0892368697289224
2022-06-30,12,AR1 alpha + Basic + One-Step,NASDAQ:KHC,0.08923428229192065
2022-07-01,12,AR1 alpha + Basic + One-Step,NASDAQ:KHC,0.09999801496127203
2022-07-05,12,AR1 alpha + Basic + One-Step,NASDAQ:KHC,0.04171073148995205
2022-07-06,12,AR1 alpha + Basic + One-Step,NASDAQ:KHC,0.05004964197272381
2022-07-07,12,AR1 alpha + Basic + One-Step,NASDAQ:KHC,0.03656740516326061
2022-07-08,12,AR1 alpha + Basic + One-Step,NASDAQ:KHC,0.09999213284537996
2022-07-11,12,AR1 alpha + Basic + One-Step,NASDAQ:KHC,0.09999204897476474
2022-07-12,12,AR1 alpha + Basic + One-Step,NASDAQ:KHC,0.09999477768925599
2022-07-13,12,AR1 alpha + Basic + One-Step,NASDAQ:KHC,0.09999696813388086
2022-07-14,12,AR1 alpha + Basic + One-Step,NASDAQ:KHC,0.09999407097373667
2022-07-15,12,AR1 alpha + Basic + One-Step,NASDAQ:KHC,0.09999328289641443
2022-07-18,12,AR1 alpha + Basic + One-Step,NASDAQ:KHC,0.09999591400113743
2022-07-19,12,AR1 alpha + Basic + One-Step,NASDAQ:KHC,0.09999725848300124
2022-07-20,12,AR1 alpha + Basic + One-Step,NASDAQ:KHC,0.08055696464752769
2022-07-21,12,AR1 alpha + Basic + One-Step,NASDAQ:KHC,0.02230612787174065
2022-07-22,12,AR1 alpha + Basic + One-Step,NASDAQ:KHC,0.07727321797604868
2022-07-25,12,AR1 alpha + Basic + One-Step,NASDAQ:KHC,0.06898659658290303
2022-07-26,12,AR1 alpha + Basic + One-Step,NASDAQ:KHC,0.07516893564983929
2022-07-27,12,AR1 alpha + Basic + One-Step,NASDAQ:KHC,0.0
2022-07-28,12,AR1 alpha + Basic + One-Step,NASDAQ:KHC,0.0
2022-07-29,12,AR1 alpha + Basic + One-Step,NASDAQ:KHC,0.0
2022-08-01,12,AR1 alpha + Basic + One-Step,NASDAQ:KHC,0.027619468868970654
2022-08-02,12,AR1 alpha + Basic + One-Step,NASDAQ:KHC,0.015440183683218749
2022-08-03,12,AR1 alpha + Basic + One-Step,NASDAQ:KHC,0.0686590987616175
2022-08-04,12,AR1 alpha + Basic + One-Step,NASDAQ:KHC,0.05351168351853911
2022-08-05,12,AR1 alpha + Basic + One-Step,NASDAQ:KHC,0.09943566397679154
2022-08-08,12,AR1 alpha + Basic + One-Step,NASDAQ:KHC,0.09999910558222795
2022-08-09,12,AR1 alpha + Basic + One-Step,NASDAQ:KHC,0.09999863072832826
2022-08-10,12,AR1 alpha + Basic + One-Step,NASDAQ:KHC,0.09999838617066911
2022-08-11,12,AR1 alpha + Basic + One-Step,NASDAQ:KHC,0.09999864691773733
2022-08-12,12,AR1 alpha + Basic + One-Step,NASDAQ:KHC,0.09999876587344174
2022-08-15,12,AR1 alpha + Basic + One-Step,NASDAQ:KHC,0.09999630740324124
2022-08-16,12,AR1 alpha + Basic + One-Step,NASDAQ:KHC,0.09999708570115959
2022-08-17,12,AR1 alpha + Basic + One-Step,NASDAQ:KHC,0.0999982608140995
2022-08-18,12,AR1 alpha + Basic + One-Step,NASDAQ:KHC,0.09999832788065005
2022-08-19,12,AR1 alpha + Basic + One-Step,NASDAQ:KHC,0.09999910418816707
2022-08-22,12,AR1 alpha + Basic + One-Step,NASDAQ:KHC,0.09999547091065979
2022-08-23,12,AR1 alpha + Basic + One-Step,NASDAQ:KHC,0.0999962286098655
2022-08-24,12,AR1 alpha + Basic + One-Step,NASDAQ:KHC,0.09999826184614348
2022-08-25,12,AR1 alpha + Basic + One-Step,NASDAQ:KHC,0.09999483514988076
2022-08-26,12,AR1 alpha + Basic + One-Step,NASDAQ:KHC,0.09999162821730277
2022-08-29,12,AR1 alpha + Basic + One-Step,NASDAQ:KHC,0.09999272916721293
2022-08-30,12,AR1 alpha + Basic + One-Step,NASDAQ:KHC,0.09999164160131443
2022-08-31,12,AR1 alpha + Basic + One-Step,NASDAQ:KHC,0.09999202159788323
2022-09-01,12,AR1 alpha + Basic + One-Step,NASDAQ:KHC,0.09999542075582707
2022-09-02,12,AR1 alpha + Basic + One-Step,NASDAQ:KHC,0.09999920990033999
2022-09-06,12,AR1 alpha + Basic + One-Step,NASDAQ:KHC,0.09999869727726464
2022-09-07,12,AR1 alpha + Basic + One-Step,NASDAQ:KHC,0.09999451025924203
2022-09-08,12,AR1 alpha + Basic + One-Step,NASDAQ:KHC,0.08002148941042304
2022-09-09,12,AR1 alpha + Basic + One-Step,NASDAQ:KHC,0.09999907377262815
2022-09-12,12,AR1 alpha + Basic + One-Step,NASDAQ:KHC,0.09242696678550982
2022-09-13,12,AR1 alpha + Basic + One-Step,NASDAQ:KHC,0.03545202369020376
2022-09-14,12,AR1 alpha + Basic + One-Step,NASDAQ:KHC,0.047172793002665296
2022-09-15,12,AR1 alpha + Basic + One-Step,NASDAQ:KHC,0.04457711759959662
2022-09-16,12,AR1 alpha + Basic + One-Step,NASDAQ:KHC,0.07596733473333526
2022-09-19,12,AR1 alpha + Basic + One-Step,NASDAQ:KHC,0.06206619763889606
2022-09-20,12,AR1 alpha + Basic + One-Step,NASDAQ:KHC,2.4392740593146356e-06
2022-09-21,12,AR1 alpha + Basic + One-Step,NASDAQ:KHC,0.026215807907403393
2022-09-22,12,AR1 alpha + Basic + One-Step,NASDAQ:KHC,0.035172038591012464
2022-09-23,12,AR1 alpha + Basic + One-Step,NASDAQ:KHC,0.03787628300024797
2022-09-26,12,AR1 alpha + Basic + One-Step,NASDAQ:KHC,0.0010969979706025857
2022-09-27,12,AR1 alpha + Basic + One-Step,NASDAQ:KHC,4.49141531015534e-08
2022-09-28,12,AR1 alpha + Basic + One-Step,NASDAQ:KHC,0.07510962539686437
2022-09-29,12,AR1 alpha + Basic + One-Step,NASDAQ:KHC,0.052154353811034955
2022-09-30,12,AR1 alpha + Basic + One-Step,NASDAQ:KHC,0.09743174055290323
2022-10-03,12,AR1 alpha + Basic + One-Step,NASDAQ:KHC,0.09998712257989394
2022-10-04,12,AR1 alpha + Basic + One-Step,NASDAQ:KHC,0.08736677474995745
2022-10-05,12,AR1 alpha + Basic + One-Step,NASDAQ:KHC,0.10000235624508375
2022-10-06,12,AR1 alpha + Basic + One-Step,NASDAQ:KHC,0.0999960557347294
2022-10-07,12,AR1 alpha + Basic + One-Step,NASDAQ:KHC,0.09999997539313349
2022-10-10,12,AR1 alpha + Basic + One-Step,NASDAQ:KHC,0.09999973369241215
2022-10-11,12,AR1 alpha + Basic + One-Step,NASDAQ:KHC,0.10000002252933618
2022-10-12,12,AR1 alpha + Basic + One-Step,NASDAQ:KHC,0.10000003787653394
2022-10-13,12,AR1 alpha + Basic + One-Step,NASDAQ:KHC,0.09999987369296028
2022-10-14,12,AR1 alpha + Basic + One-Step,NASDAQ:KHC,0.10000039679223983
2022-10-17,12,AR1 alpha + Basic + One-Step,NASDAQ:KHC,0.0999944803326761
2022-10-18,12,AR1 alpha + Basic + One-Step,NASDAQ:KHC,0.09999365662726864
2022-10-19,12,AR1 alpha + Basic + One-Step,NASDAQ:KHC,0.09999602373250972
2022-10-20,12,AR1 alpha + Basic + One-Step,NASDAQ:KHC,0.09999746118862256
2022-10-21,12,AR1 alpha + Basic + One-Step,NASDAQ:KHC,0.099998205635534
2022-10-24,12,AR1 alpha + Basic + One-Step,NASDAQ:KHC,0.09999859047506929
2022-10-25,12,AR1 alpha + Basic + One-Step,NASDAQ:KHC,0.09998733807134699
2022-10-26,12,AR1 alpha + Basic + One-Step,NASDAQ:KHC,0.09998155092451108
2022-10-27,12,AR1 alpha + Basic + One-Step,NASDAQ:KHC,0.09998922673846322
2022-10-28,12,AR1 alpha + Basic + One-Step,NASDAQ:KHC,0.09999397513123313
2022-10-31,12,AR1 alpha + Basic + One-Step,NASDAQ:KHC,0.09999663261112683
2022-11-01,12,AR1 alpha + Basic + One-Step,NASDAQ:KHC,0.09999453682413144
2022-11-02,12,AR1 alpha + Basic + One-Step,NASDAQ:KHC,0.09999793267999665
2022-11-03,12,AR1 alpha + Basic + One-Step,NASDAQ:KHC,0.10000055373836346
2022-11-04,12,AR1 alpha + Basic + One-Step,NASDAQ:KHC,0.100001230166369
2022-11-07,12,AR1 alpha + Basic + One-Step,NASDAQ:KHC,0.10000024160616076
2022-11-08,12,AR1 alpha + Basic + One-Step,NASDAQ:KHC,0.0999963994260632
2022-11-09,12,AR1 alpha + Basic + One-Step,NASDAQ:KHC,0.09999174923749189
2022-11-10,12,AR1 alpha + Basic + One-Step,NASDAQ:KHC,0.09999441677375451
2022-11-11,12,AR1 alpha + Basic + One-Step,NASDAQ:KHC,0.06159423601920368
2022-11-14,12,AR1 alpha + Basic + One-Step,NASDAQ:KHC,0.09998937329228194
2022-11-15,12,AR1 alpha + Basic + One-Step,NASDAQ:KHC,0.09998825156891128
2022-11-16,12,AR1 alpha + Basic + One-Step,NASDAQ:KHC,0.0999926450292035
2022-11-17,12,AR1 alpha + Basic + One-Step,NASDAQ:KHC,0.09999045175260664
2022-11-18,12,AR1 alpha + Basic + One-Step,NASDAQ:KHC,0.09999569541654839
2022-11-21,12,AR1 alpha + Basic + One-Step,NASDAQ:KHC,0.09999820919286698
2022-11-22,12,AR1 alpha + Basic + One-Step,NASDAQ:KHC,0.09999870667320426
2022-11-23,12,AR1 alpha + Basic + One-Step,NASDAQ:KHC,0.09999900675885036
2022-11-25,12,AR1 alpha + Basic + One-Step,NASDAQ:KHC,0.0999990176018838
2022-11-28,12,AR1 alpha + Basic + One-Step,NASDAQ:KHC,0.0999988970733732
2022-11-29,12,AR1 alpha + Basic + One-Step,NASDAQ:KHC,0.09999776428951535
2022-11-30,12,AR1 alpha + Basic + One-Step,NASDAQ:KHC,0.09999903392326139
2022-12-01,12,AR1 alpha + Basic + One-Step,NASDAQ:KHC,0.09999936771274352
2022-12-02,12,AR1 alpha + Basic + One-Step,NASDAQ:KHC,0.09999234683673316
2022-12-05,12,AR1 alpha + Basic + One-Step,NASDAQ:KHC,0.09999531910351402
2022-12-06,12,AR1 alpha + Basic + One-Step,NASDAQ:KHC,0.09999665381910877
2022-12-07,12,AR1 alpha + Basic + One-Step,NASDAQ:KHC,0.09999632578520813
2022-12-08,12,AR1 alpha + Basic + One-Step,NASDAQ:KHC,0.09999592905041443
2022-12-09,12,AR1 alpha + Basic + One-Step,NASDAQ:KHC,0.0999945814035942
2022-12-12,12,AR1 alpha + Basic + One-Step,NASDAQ:KHC,0.09999737141892567
2022-12-13,12,AR1 alpha + Basic + One-Step,NASDAQ:KHC,0.09999665644739535
2022-12-14,12,AR1 alpha + Basic + One-Step,NASDAQ:KHC,0.09999874869163494
2022-12-15,12,AR1 alpha + Basic + One-Step,NASDAQ:KHC,0.09999447136159514
2022-12-16,12,AR1 alpha + Basic + One-Step,NASDAQ:KHC,0.09999474266322496
2022-12-19,12,AR1 alpha + Basic + One-Step,NASDAQ:KHC,0.09999522229465821
2022-12-20,12,AR1 alpha + Basic + One-Step,NASDAQ:KHC,0.09999707121385078
2022-12-21,12,AR1 alpha + Basic + One-Step,NASDAQ:KHC,0.09999850577148235
2022-12-22,12,AR1 alpha + Basic + One-Step,NASDAQ:KHC,0.09999886693805422
2022-12-23,12,AR1 alpha + Basic + One-Step,NASDAQ:KHC,0.09999916966116558
2022-12-27,12,AR1 alpha + Basic + One-Step,NASDAQ:KHC,0.10000006672447216
2022-12-28,12,AR1 alpha + Basic + One-Step,NASDAQ:KHC,0.09999739434715783
2022-12-29,12,AR1 alpha + Basic + One-Step,NASDAQ:KHC,0.09999840398818853
2022-12-30,12,AR1 alpha + Basic + One-Step,NASDAQ:KHC,0.09999628813190622
2023-01-03,12,AR1 alpha + Basic + One-Step,NASDAQ:KHC,0.09999798996594911
2023-01-04,12,AR1 alpha + Basic + One-Step,NASDAQ:KHC,0.09999839413178063
2023-01-05,12,AR1 alpha + Basic + One-Step,NASDAQ:KHC,0.09999747190345717
2023-01-06,12,AR1 alpha + Basic + One-Step,NASDAQ:KHC,0.09999828763512725
2023-01-09,12,AR1 alpha + Basic + One-Step,NASDAQ:KHC,0.09999667719764849
2023-01-10,12,AR1 alpha + Basic + One-Step,NASDAQ:KHC,0.09999605630156425
2023-01-11,12,AR1 alpha + Basic + One-Step,NASDAQ:KHC,0.09999738966448707
2023-01-12,12,AR1 alpha + Basic + One-Step,NASDAQ:KHC,0.09999666945882812
2023-01-13,12,AR1 alpha + Basic + One-Step,NASDAQ:KHC,0.09999784527000996
2023-01-17,12,AR1 alpha + Basic + One-Step,NASDAQ:KHC,0.09999524193570128
2023-01-18,12,AR1 alpha + Basic + One-Step,NASDAQ:KHC,0.09999082826572611
2023-01-19,12,AR1 alpha + Basic + One-Step,NASDAQ:KHC,0.09999053900536789
2023-01-20,12,AR1 alpha + Basic + One-Step,NASDAQ:KHC,0.09999534275449701
2023-01-23,12,AR1 alpha + Basic + One-Step,NASDAQ:KHC,0.09999675950771766
2023-01-24,12,AR1 alpha + Basic + One-Step,NASDAQ:KHC,0.09998960676928774
2023-01-25,12,AR1 alpha + Basic + One-Step,NASDAQ:KHC,0.0999945626529041
2023-01-26,12,AR1 alpha + Basic + One-Step,NASDAQ:KHC,0.09999623212402181
2023-01-27,12,AR1 alpha + Basic + One-Step,NASDAQ:KHC,0.09999790098286279
2023-01-30,12,AR1 alpha + Basic + One-Step,NASDAQ:KHC,0.0999986787956698
2023-01-31,12,AR1 alpha + Basic + One-Step,NASDAQ:KHC,0.099998798052075
2023-02-01,12,AR1 alpha + Basic + One-Step,NASDAQ:KHC,0.0999988079688378
2023-02-02,12,AR1 alpha + Basic + One-Step,NASDAQ:KHC,0.10000063341415191
2023-02-03,12,AR1 alpha + Basic + One-Step,NASDAQ:KHC,0.10000004820281305
2023-02-06,12,AR1 alpha + Basic + One-Step,NASDAQ:KHC,0.09999832896439152
2023-02-07,12,AR1 alpha + Basic + One-Step,NASDAQ:KHC,0.09999892941247085
2023-02-08,12,AR1 alpha + Basic + One-Step,NASDAQ:KHC,0.09999909814180756
2023-02-09,12,AR1 alpha + Basic + One-Step,NASDAQ:KHC,0.09999182418090338
2023-02-10,12,AR1 alpha + Basic + One-Step,NASDAQ:KHC,0.09999673377380251
2023-02-13,12,AR1 alpha + Basic + One-Step,NASDAQ:KHC,0.09999829767690263
2023-02-14,12,AR1 alpha + Basic + One-Step,NASDAQ:KHC,0.09999931797238742
2023-02-15,12,AR1 alpha + Basic + One-Step,NASDAQ:KHC,0.09999605629499361
2023-02-16,12,AR1 alpha + Basic + One-Step,NASDAQ:KHC,0.09999843769387932
2023-02-17,12,AR1 alpha + Basic + One-Step,NASDAQ:KHC,0.09999924398743448
2023-02-21,12,AR1 alpha + Basic + One-Step,NASDAQ:KHC,0.0999994691661586
2023-02-22,12,AR1 alpha + Basic + One-Step,NASDAQ:KHC,0.09999715627324668
2023-02-23,12,AR1 alpha + Basic + One-Step,NASDAQ:KHC,0.09999827254064185
2023-02-24,12,AR1 alpha + Basic + One-Step,NASDAQ:KHC,0.0999891224846813
2023-02-27,12,AR1 alpha + Basic + One-Step,NASDAQ:KHC,0.09999294968776407
2023-02-28,12,AR1 alpha + Basic + One-Step,NASDAQ:KHC,0.09999551314269214
2023-03-01,12,AR1 alpha + Basic + One-Step,NASDAQ:KHC,0.09999760443894606
2023-03-02,12,AR1 alpha + Basic + One-Step,NASDAQ:KHC,0.09999908032950067
2023-03-03,12,AR1 alpha + Basic + One-Step,NASDAQ:KHC,0.09999016905180481
2023-03-06,12,AR1 alpha + Basic + One-Step,NASDAQ:KHC,0.0999901146592015
2023-03-07,12,AR1 alpha + Basic + One-Step,NASDAQ:KHC,0.09999481773646295
2023-03-08,12,AR1 alpha + Basic + One-Step,NASDAQ:KHC,0.09999734432279464
2023-03-09,12,AR1 alpha + Basic + One-Step,NASDAQ:KHC,0.0999922521675944
2023-03-10,12,AR1 alpha + Basic + One-Step,NASDAQ:KHC,0.09999483559348964
2023-03-13,12,AR1 alpha + Basic + One-Step,NASDAQ:KHC,0.09999672915344372
2023-03-14,12,AR1 alpha + Basic + One-Step,NASDAQ:KHC,0.09999384903209704
2023-03-15,12,AR1 alpha + Basic + One-Step,NASDAQ:KHC,0.09999588523486391
2023-03-16,12,AR1 alpha + Basic + One-Step,NASDAQ:KHC,0.09999791326213846
2023-03-17,12,AR1 alpha + Basic + One-Step,NASDAQ:KHC,0.0999982345855456
2023-03-20,12,AR1 alpha + Basic + One-Step,NASDAQ:KHC,0.10000121214300971
2023-03-21,12,AR1 alpha + Basic + One-Step,NASDAQ:KHC,0.10000058506319373
2023-03-22,12,AR1 alpha + Basic + One-Step,NASDAQ:KHC,0.10000031122861174
2023-03-23,12,AR1 alpha + Basic + One-Step,NASDAQ:KHC,0.10000038285230001
2023-03-24,12,AR1 alpha + Basic + One-Step,NASDAQ:KHC,0.10000023302151259
2023-03-27,12,AR1 alpha + Basic + One-Step,NASDAQ:KHC,0.09999372080244416
2023-03-28,12,AR1 alpha + Basic + One-Step,NASDAQ:KHC,0.09999595588178797
2023-03-29,12,AR1 alpha + Basic + One-Step,NASDAQ:KHC,0.09999732593627014
2023-03-30,12,AR1 alpha + Basic + One-Step,NASDAQ:KHC,0.09999690428470352
2023-03-31,12,AR1 alpha + Basic + One-Step,NASDAQ:KHC,0.09999857474368332
2023-04-03,12,AR1 alpha + Basic + One-Step,NASDAQ:KHC,0.09999075390590362
2023-04-04,12,AR1 alpha + Basic + One-Step,NASDAQ:KHC,0.09999087862112883
2023-04-05,12,AR1 alpha + Basic + One-Step,NASDAQ:KHC,0.09999420095523313
2023-04-06,12,AR1 alpha + Basic + One-Step,NASDAQ:KHC,0.09999658523983664
2023-04-10,12,AR1 alpha + Basic + One-Step,NASDAQ:KHC,0.09998342596513164
2023-04-11,12,AR1 alpha + Basic + One-Step,NASDAQ:KHC,0.09998961138148556
2023-04-12,12,AR1 alpha + Basic + One-Step,NASDAQ:KHC,0.09999091739361127
2023-04-13,12,AR1 alpha + Basic + One-Step,NASDAQ:KHC,0.0999943777114507
2023-04-14,12,AR1 alpha + Basic + One-Step,NASDAQ:KHC,0.09999653864227782
2023-04-17,12,AR1 alpha + Basic + One-Step,NASDAQ:KHC,0.09999776191340494
2023-04-18,12,AR1 alpha + Basic + One-Step,NASDAQ:KHC,0.09999415340496819
2023-04-19,12,AR1 alpha + Basic + One-Step,NASDAQ:KHC,0.09999644697133801
2023-04-20,12,AR1 alpha + Basic + One-Step,NASDAQ:KHC,0.09999781739999261
2023-04-21,12,AR1 alpha + Basic + One-Step,NASDAQ:KHC,0.09999873512199475
2023-04-24,12,AR1 alpha + Basic + One-Step,NASDAQ:KHC,0.09998935727100394
2023-04-25,12,AR1 alpha + Basic + One-Step,NASDAQ:KHC,0.09998814414140805
2023-04-26,12,AR1 alpha + Basic + One-Step,NASDAQ:KHC,0.09999330760346482
2023-04-27,12,AR1 alpha + Basic + One-Step,NASDAQ:KHC,0.09999724955372527
2023-04-28,12,AR1 alpha + Basic + One-Step,NASDAQ:KHC,0.0999984155720074
2023-05-01,12,AR1 alpha + Basic + One-Step,NASDAQ:KHC,0.09999909106345556
2023-05-02,12,AR1 alpha + Basic + One-Step,NASDAQ:KHC,0.09986441126713436
2023-05-03,12,AR1 alpha + Basic + One-Step,NASDAQ:KHC,0.09319673158660695
2023-05-04,12,AR1 alpha + Basic + One-Step,NASDAQ:KHC,0.042302696685322674
2023-05-05,12,AR1 alpha + Basic + One-Step,NASDAQ:KHC,0.07954190213179359
2023-05-08,12,AR1 alpha + Basic + One-Step,NASDAQ:KHC,0.09565327462304857
2023-05-09,12,AR1 alpha + Basic + One-Step,NASDAQ:KHC,0.08948390553157612
2023-05-10,12,AR1 alpha + Basic + One-Step,NASDAQ:KHC,0.09999891038830773
2023-05-11,12,AR1 alpha + Basic + One-Step,NASDAQ:KHC,0.08111120735246441
2023-05-12,12,AR1 alpha + Basic + One-Step,NASDAQ:KHC,0.08111188715383008
2023-05-15,12,AR1 alpha + Basic + One-Step,NASDAQ:KHC,0.09366648296828985
2023-05-16,12,AR1 alpha + Basic + One-Step,NASDAQ:KHC,0.0999968245748053
2023-05-17,12,AR1 alpha + Basic + One-Step,NASDAQ:KHC,0.09796197628108656
2023-05-18,12,AR1 alpha + Basic + One-Step,NASDAQ:KHC,0.09999706359706936
2023-05-19,12,AR1 alpha + Basic + One-Step,NASDAQ:KHC,0.09999829272832375
2023-05-22,12,AR1 alpha + Basic + One-Step,NASDAQ:KHC,0.09999781449678016
2023-05-23,12,AR1 alpha + Basic + One-Step,NASDAQ:KHC,0.09999845977714106
2023-05-24,12,AR1 alpha + Basic + One-Step,NASDAQ:KHC,0.09999893406246067
2023-05-25,12,AR1 alpha + Basic + One-Step,NASDAQ:KHC,0.09999926545130983
2023-05-26,12,AR1 alpha + Basic + One-Step,NASDAQ:KHC,0.09999301578647264
2023-05-30,12,AR1 alpha + Basic + One-Step,NASDAQ:KHC,0.09999049278071893
2023-05-31,12,AR1 alpha + Basic + One-Step,NASDAQ:KHC,0.09999324433135065
2023-06-01,12,AR1 alpha + Basic + One-Step,NASDAQ:KHC,0.0999954347588396
2023-06-02,12,AR1 alpha + Basic + One-Step,NASDAQ:KHC,0.09999094376370951
2023-06-05,12,AR1 alpha + Basic + One-Step,NASDAQ:KHC,0.09999221895965196
2023-06-06,12,AR1 alpha + Basic + One-Step,NASDAQ:KHC,0.09999775307185096
2023-06-07,12,AR1 alpha + Basic + One-Step,NASDAQ:KHC,0.09999850708531774
2023-06-08,12,AR1 alpha + Basic + One-Step,NASDAQ:KHC,0.09999868905759685
2023-06-09,12,AR1 alpha + Basic + One-Step,NASDAQ:KHC,0.09999942526928626
2023-06-12,12,AR1 alpha + Basic + One-Step,NASDAQ:KHC,0.09999665681927622
2023-06-13,12,AR1 alpha + Basic + One-Step,NASDAQ:KHC,0.09999787592447872
2023-06-14,12,AR1 alpha + Basic + One-Step,NASDAQ:KHC,0.09999848435205247
2023-06-15,12,AR1 alpha + Basic + One-Step,NASDAQ:KHC,0.09999524323114323
2023-06-16,12,AR1 alpha + Basic + One-Step,NASDAQ:KHC,0.09999687445910392
2023-06-20,12,AR1 alpha + Basic + One-Step,NASDAQ:KHC,0.09999302324281911
2023-06-21,12,AR1 alpha + Basic + One-Step,NASDAQ:KHC,0.0999948888012489
2023-06-22,12,AR1 alpha + Basic + One-Step,NASDAQ:KHC,0.0999964591816546
2023-06-23,12,AR1 alpha + Basic + One-Step,NASDAQ:KHC,0.09999629098162888
2023-06-26,12,AR1 alpha + Basic + One-Step,NASDAQ:KHC,0.09999814617531651
2023-06-27,12,AR1 alpha + Basic + One-Step,NASDAQ:KHC,0.06425208226126622
2023-06-28,12,AR1 alpha + Basic + One-Step,NASDAQ:KHC,0.10000013667912562
2023-06-29,12,AR1 alpha + Basic + One-Step,NASDAQ:KHC,0.07413491448046831
2023-06-30,12,AR1 alpha + Basic + One-Step,NASDAQ:KHC,0.0
2023-07-03,12,AR1 alpha + Basic + One-Step,NASDAQ:KHC,0.0
2023-07-05,12,AR1 alpha + Basic + One-Step,NASDAQ:KHC,2.5188583688111076e-06
2023-07-06,12,AR1 alpha + Basic + One-Step,NASDAQ:KHC,0.0
2023-07-07,12,AR1 alpha + Basic + One-Step,NASDAQ:KHC,0.0
2023-07-10,12,AR1 alpha + Basic + One-Step,NASDAQ:KHC,3.7979704320269913e-06
2023-07-11,12,AR1 alpha + Basic + One-Step,NASDAQ:KHC,0.0
2023-07-12,12,AR1 alpha + Basic + One-Step,NASDAQ:KHC,0.0
2023-07-13,12,AR1 alpha + Basic + One-Step,NASDAQ:KHC,0.0
2023-07-14,12,AR1 alpha + Basic + One-Step,NASDAQ:KHC,2.5666061416362043e-07
2023-07-17,12,AR1 alpha + Basic + One-Step,NASDAQ:KHC,1.1502603428750858e-06
2023-07-18,12,AR1 alpha + Basic + One-Step,NASDAQ:KHC,2.03491076922921e-06
2023-07-19,12,AR1 alpha + Basic + One-Step,NASDAQ:KHC,0.0
2023-07-20,12,AR1 alpha + Basic + One-Step,NASDAQ:KHC,1.3371917625293896e-22
2023-07-21,12,AR1 alpha + Basic + One-Step,NASDAQ:KHC,0.0
2023-07-24,12,AR1 alpha + Basic + One-Step,NASDAQ:KHC,0.0
2023-07-25,12,AR1 alpha + Basic + One-Step,NASDAQ:KHC,0.0
2023-07-26,12,AR1 alpha + Basic + One-Step,NASDAQ:KHC,0.0
2023-07-27,12,AR1 alpha + Basic + One-Step,NASDAQ:KHC,0.0
2023-07-28,12,AR1 alpha + Basic + One-Step,NASDAQ:KHC,0.0
2023-07-31,12,AR1 alpha + Basic + One-Step,NASDAQ:KHC,0.0
2023-08-01,12,AR1 alpha + Basic + One-Step,NASDAQ:KHC,0.0
2023-08-02,12,AR1 alpha + Basic + One-Step,NASDAQ:KHC,0.0
2023-08-03,12,AR1 alpha + Basic + One-Step,NASDAQ:KHC,0.0
2023-08-04,12,AR1 alpha + Basic + One-Step,NASDAQ:KHC,0.011019578102032112
2023-08-07,12,AR1 alpha + Basic + One-Step,NASDAQ:KHC,0.08386223340155559
2023-08-08,12,AR1 alpha + Basic + One-Step,NASDAQ:KHC,0.0
2023-08-09,12,AR1 alpha + Basic + One-Step,NASDAQ:KHC,0.0
2023-08-10,12,AR1 alpha + Basic + One-Step,NASDAQ:KHC,0.0
2023-08-11,12,AR1 alpha + Basic + One-Step,NASDAQ:KHC,4.6294492108490076e-07
2023-08-14,12,AR1 alpha + Basic + One-Step,NASDAQ:KHC,0.0
2023-08-15,12,AR1 alpha + Basic + One-Step,NASDAQ:KHC,0.0
2023-08-16,12,AR1 alpha + Basic + One-Step,NASDAQ:KHC,0.0
2023-08-17,12,AR1 alpha + Basic + One-Step,NASDAQ:KHC,0.0
2023-08-18,12,AR1 alpha + Basic + One-Step,NASDAQ:KHC,0.0
2023-08-21,12,AR1 alpha + Basic + One-Step,NASDAQ:KHC,1.3517678172509364e-09
2023-08-22,12,AR1 alpha + Basic + One-Step,NASDAQ:KHC,0.0
2023-08-23,12,AR1 alpha + Basic + One-Step,NASDAQ:KHC,1.767963332773145e-07
2023-08-24,12,AR1 alpha + Basic + One-Step,NASDAQ:KHC,0.0
2023-08-25,12,AR1 alpha + Basic + One-Step,NASDAQ:KHC,2.195422942268054e-07
2023-08-28,12,AR1 alpha + Basic + One-Step,NASDAQ:KHC,0.0
2023-08-29,12,AR1 alpha + Basic + One-Step,NASDAQ:KHC,0.0
2023-08-30,12,AR1 alpha + Basic + One-Step,NASDAQ:KHC,0.0
2023-08-31,12,AR1 alpha + Basic + One-Step,NASDAQ:KHC,1.1368568754520876e-08
2023-09-01,12,AR1 alpha + Basic + One-Step,NASDAQ:KHC,1.8353118818313958e-08
2023-09-05,12,AR1 alpha + Basic + One-Step,NASDAQ:KHC,0.0
2023-09-06,12,AR1 alpha + Basic + One-Step,NASDAQ:KHC,2.0397100504406965e-08
2023-09-07,12,AR1 alpha + Basic + One-Step,NASDAQ:KHC,2.1207331168115543e-06
2023-09-08,12,AR1 alpha + Basic + One-Step,NASDAQ:KHC,1.6055507602682691e-06
2023-09-11,12,AR1 alpha + Basic + One-Step,NASDAQ:KHC,1.056312421627868e-06
2023-09-12,12,AR1 alpha + Basic + One-Step,NASDAQ:KHC,5.22142000989439e-06
2023-09-13,12,AR1 alpha + Basic + One-Step,NASDAQ:KHC,0.0
2023-09-14,12,AR1 alpha + Basic + One-Step,NASDAQ:KHC,0.0
2023-09-15,12,AR1 alpha + Basic + One-Step,NASDAQ:KHC,0.0
2023-09-18,12,AR1 alpha + Basic + One-Step,NASDAQ:KHC,1.4694995914390318e-09
2023-09-19,12,AR1 alpha + Basic + One-Step,NASDAQ:KHC,1.4724395995521382e-08
2023-09-20,12,AR1 alpha + Basic + One-Step,NASDAQ:KHC,0.0
2023-09-21,12,AR1 alpha + Basic + One-Step,NASDAQ:KHC,0.0
2023-09-22,12,AR1 alpha + Basic + One-Step,NASDAQ:KHC,0.0
2023-09-25,12,AR1 alpha + Basic + One-Step,NASDAQ:KHC,0.008981005028114466
2023-09-26,12,AR1 alpha + Basic + One-Step,NASDAQ:KHC,0.0
2023-09-27,12,AR1 alpha + Basic + One-Step,NASDAQ:KHC,7.47688094390784e-06
2023-09-28,12,AR1 alpha + Basic + One-Step,NASDAQ:KHC,5.052358295218604e-06
2023-09-29,12,AR1 alpha + Basic + One-Step,NASDAQ:KHC,0.0
2023-10-02,12,AR1 alpha + Basic + One-Step,NASDAQ:KHC,0.0
2023-10-03,12,AR1 alpha + Basic + One-Step,NASDAQ:KHC,0.0
2023-10-04,12,AR1 alpha + Basic + One-Step,NASDAQ:KHC,0.0
2023-10-05,12,AR1 alpha + Basic + One-Step,NASDAQ:KHC,0.0
2023-10-06,12,AR1 alpha + Basic + One-Step,NASDAQ:KHC,0.0
2023-10-09,12,AR1 alpha + Basic + One-Step,NASDAQ:KHC,1.477937146079672e-07
2023-10-10,12,AR1 alpha + Basic + One-Step,NASDAQ:KHC,0.0
2023-10-11,12,AR1 alpha + Basic + One-Step,NASDAQ:KHC,2.3556994330149466e-08
2023-10-12,12,AR1 alpha + Basic + One-Step,NASDAQ:KHC,0.0
2023-10-13,12,AR1 alpha + Basic + One-Step,NASDAQ:KHC,0.0
2023-10-16,12,AR1 alpha + Basic + One-Step,NASDAQ:KHC,3.2650960568569085e-08
2023-10-17,12,AR1 alpha + Basic + One-Step,NASDAQ:KHC,1.409673650109371e-06
2023-10-18,12,AR1 alpha + Basic + One-Step,NASDAQ:KHC,0.0
2023-10-19,12,AR1 alpha + Basic + One-Step,NASDAQ:KHC,0.0
2023-10-20,12,AR1 alpha + Basic + One-Step,NASDAQ:KHC,0.0
2023-10-23,12,AR1 alpha + Basic + One-Step,NASDAQ:KHC,0.0
2023-10-24,12,AR1 alpha + Basic + One-Step,NASDAQ:KHC,0.0
2023-10-25,12,AR1 alpha + Basic + One-Step,NASDAQ:KHC,0.0
2023-10-26,12,AR1 alpha + Basic + One-Step,NASDAQ:KHC,0.0
2023-10-27,12,AR1 alpha + Basic + One-Step,NASDAQ:KHC,0.0
2023-10-30,12,AR1 alpha + Basic + One-Step,NASDAQ:KHC,2.9255687904445033e-08
2023-10-31,12,AR1 alpha + Basic + One-Step,NASDAQ:KHC,3.8617610495111364e-07
2023-11-01,12,AR1 alpha + Basic + One-Step,NASDAQ:KHC,3.145260817270417e-07
2023-11-02,12,AR1 alpha + Basic + One-Step,NASDAQ:KHC,0.0
2023-11-03,12,AR1 alpha + Basic + One-Step,NASDAQ:KHC,0.0
2023-11-06,12,AR1 alpha + Basic + One-Step,NASDAQ:KHC,0.0
2023-11-07,12,AR1 alpha + Basic + One-Step,NASDAQ:KHC,1.9440286890085447e-08
2023-11-08,12,AR1 alpha + Basic + One-Step,NASDAQ:KHC,2.9569743205304127e-08
2023-11-09,12,AR1 alpha + Basic + One-Step,NASDAQ:KHC,0.0
2023-11-10,12,AR1 alpha + Basic + One-Step,NASDAQ:KHC,0.0
2023-11-13,12,AR1 alpha + Basic + One-Step,NASDAQ:KHC,0.0
2023-11-14,12,AR1 alpha + Basic + One-Step,NASDAQ:KHC,2.1435390112456877e-08
2023-11-15,12,AR1 alpha + Basic + One-Step,NASDAQ:KHC,0.0
2023-11-16,12,AR1 alpha + Basic + One-Step,NASDAQ:KHC,0.0
2023-11-17,12,AR1 alpha + Basic + One-Step,NASDAQ:KHC,1.9926561424261793e-07
2023-11-20,12,AR1 alpha + Basic + One-Step,NASDAQ:KHC,0.0
2023-11-21,12,AR1 alpha + Basic + One-Step,NASDAQ:KHC,2.173379409820414e-08
2023-11-22,12,AR1 alpha + Basic + One-Step,NASDAQ:KHC,0.0
2023-11-24,12,AR1 alpha + Basic + One-Step,NASDAQ:KHC,3.602647282236043e-08
2023-11-27,12,AR1 alpha + Basic + One-Step,NASDAQ:KHC,0.0
2023-11-28,12,AR1 alpha + Basic + One-Step,NASDAQ:KHC,5.7203015347392174e-08
2023-11-29,12,AR1 alpha + Basic + One-Step,NASDAQ:KHC,2.5031918951501464e-08
2023-11-30,12,AR1 alpha + Basic + One-Step,NASDAQ:KHC,1.8776638396661318e-08
2023-12-01,12,AR1 alpha + Basic + One-Step,NASDAQ:KHC,3.6014135130287836e-07
2023-12-04,12,AR1 alpha + Basic + One-Step,NASDAQ:KHC,0.0
2023-12-05,12,AR1 alpha + Basic + One-Step,NASDAQ:KHC,0.0
2023-12-06,12,AR1 alpha + Basic + One-Step,NASDAQ:KHC,0.0
2023-12-07,12,AR1 alpha + Basic + One-Step,NASDAQ:KHC,0.0
2023-12-08,12,AR1 alpha + Basic + One-Step,NASDAQ:KHC,0.0
2023-12-11,12,AR1 alpha + Basic + One-Step,NASDAQ:KHC,0.0
2023-12-12,12,AR1 alpha + Basic + One-Step,NASDAQ:KHC,0.0
2023-12-13,12,AR1 alpha + Basic + One-Step,NASDAQ:KHC,0.0
2023-12-14,12,AR1 alpha + Basic + One-Step,NASDAQ:KHC,0.0
2023-12-15,12,AR1 alpha + Basic + One-Step,NASDAQ:KHC,0.0
2023-12-18,12,AR1 alpha + Basic + One-Step,NASDAQ:KHC,0.0
2023-12-19,12,AR1 alpha + Basic + One-Step,NASDAQ:KHC,0.0
2023-12-20,12,AR1 alpha + Basic + One-Step,NASDAQ:KHC,0.0
2023-12-21,12,AR1 alpha + Basic + One-Step,NASDAQ:KHC,0.0
2023-12-22,12,AR1 alpha + Basic + One-Step,NASDAQ:KHC,4.861598100129179e-07
2023-12-26,12,AR1 alpha + Basic + One-Step,NASDAQ:KHC,0.0
2023-12-27,12,AR1 alpha + Basic + One-Step,NASDAQ:KHC,1.4571777521582682e-08
2023-12-28,12,AR1 alpha + Basic + One-Step,NASDAQ:KHC,0.0
2023-12-29,12,AR1 alpha + Basic + One-Step,NASDAQ:KHC,0.0
2024-01-02,12,AR1 alpha + Basic + One-Step,NASDAQ:KHC,0.0
2024-01-03,12,AR1 alpha + Basic + One-Step,NASDAQ:KHC,0.0
2024-01-04,12,AR1 alpha + Basic + One-Step,NASDAQ:KHC,0.0
2024-01-05,12,AR1 alpha + Basic + One-Step,NASDAQ:KHC,0.0
2024-01-08,12,AR1 alpha + Basic + One-Step,NASDAQ:KHC,0.0
2024-01-09,12,AR1 alpha + Basic + One-Step,NASDAQ:KHC,0.0
2024-01-10,12,AR1 alpha + Basic + One-Step,NASDAQ:KHC,0.0
2024-01-11,12,AR1 alpha + Basic + One-Step,NASDAQ:KHC,2.6063507911359974e-07
2024-01-12,12,AR1 alpha + Basic + One-Step,NASDAQ:KHC,0.0
2024-01-16,12,AR1 alpha + Basic + One-Step,NASDAQ:KHC,0.0
2024-01-17,12,AR1 alpha + Basic + One-Step,NASDAQ:KHC,0.0
2024-01-18,12,AR1 alpha + Basic + One-Step,NASDAQ:KHC,6.653051597088036e-07
2024-01-19,12,AR1 alpha + Basic + One-Step,NASDAQ:KHC,0.0
2024-01-22,12,AR1 alpha + Basic + One-Step,NASDAQ:KHC,0.0
2024-01-23,12,AR1 alpha + Basic + One-Step,NASDAQ:KHC,0.0
2024-01-24,12,AR1 alpha + Basic + One-Step,NASDAQ:KHC,1.7526804694327962e-07
2024-01-25,12,AR1 alpha + Basic + One-Step,NASDAQ:KHC,5.186600650883692e-08
2024-01-26,12,AR1 alpha + Basic + One-Step,NASDAQ:KHC,0.0
2024-01-29,12,AR1 alpha + Basic + One-Step,NASDAQ:KHC,0.0
2024-01-30,12,AR1 alpha + Basic + One-Step,NASDAQ:KHC,0.0
2024-01-31,12,AR1 alpha + Basic + One-Step,NASDAQ:KHC,0.0
2024-02-01,12,AR1 alpha + Basic + One-Step,NASDAQ:KHC,0.0
2024-02-02,12,AR1 alpha + Basic + One-Step,NASDAQ:KHC,0.0
2024-02-05,12,AR1 alpha + Basic + One-Step,NASDAQ:KHC,0.0
2024-02-06,12,AR1 alpha + Basic + One-Step,NASDAQ:KHC,0.0
2024-02-07,12,AR1 alpha + Basic + One-Step,NASDAQ:KHC,4.8268847067956416e-08
2024-02-08,12,AR1 alpha + Basic + One-Step,NASDAQ:KHC,3.7822411549517854e-08
2024-02-09,12,AR1 alpha + Basic + One-Step,NASDAQ:KHC,7.279200377588797e-07
2024-02-12,12,AR1 alpha + Basic + One-Step,NASDAQ:KHC,2.308322728356874e-08
2024-02-13,12,AR1 alpha + Basic + One-Step,NASDAQ:KHC,0.0
2024-02-14,12,AR1 alpha + Basic + One-Step,NASDAQ:KHC,0.0
2024-02-15,12,AR1 alpha + Basic + One-Step,NASDAQ:KHC,8.977718810259836e-09
2024-02-16,12,AR1 alpha + Basic + One-Step,NASDAQ:KHC,0.0
2024-02-20,12,AR1 alpha + Basic + One-Step,NASDAQ:KHC,0.0
2024-02-21,12,AR1 alpha + Basic + One-Step,NASDAQ:KHC,0.0
2024-02-22,12,AR1 alpha + Basic + One-Step,NASDAQ:KHC,0.0
2024-02-23,12,AR1 alpha + Basic + One-Step,NASDAQ:KHC,0.0
2024-02-26,12,AR1 alpha + Basic + One-Step,NASDAQ:KHC,0.0
2024-02-27,12,AR1 alpha + Basic + One-Step,NASDAQ:KHC,0.0
2024-02-28,12,AR1 alpha + Basic + One-Step,NASDAQ:KHC,0.0
2024-02-29,12,AR1 alpha + Basic + One-Step,NASDAQ:KHC,0.0
2024-03-01,12,AR1 alpha + Basic + One-Step,NASDAQ:KHC,0.0
2024-03-04,12,AR1 alpha + Basic + One-Step,NASDAQ:KHC,0.0
2024-03-05,12,AR1 alpha + Basic + One-Step,NASDAQ:KHC,0.0
2024-03-06,12,AR1 alpha + Basic + One-Step,NASDAQ:KHC,0.0
2024-03-07,12,AR1 alpha + Basic + One-Step,NASDAQ:KHC,0.0
2024-03-08,12,AR1 alpha + Basic + One-Step,NASDAQ:KHC,0.0
2024-03-11,12,AR1 alpha + Basic + One-Step,NASDAQ:KHC,0.0
2024-03-12,12,AR1 alpha + Basic + One-Step,NASDAQ:KHC,0.0
2024-03-13,12,AR1 alpha + Basic + One-Step,NASDAQ:KHC,0.0
2024-03-14,12,AR1 alpha + Basic + One-Step,NASDAQ:KHC,1.9473491500585457e-07
2024-03-15,12,AR1 alpha + Basic + One-Step,NASDAQ:KHC,2.249979592105783e-07
2024-03-18,12,AR1 alpha + Basic + One-Step,NASDAQ:KHC,5.208504837459293e-08
2024-03-19,12,AR1 alpha + Basic + One-Step,NASDAQ:KHC,0.0
2024-03-20,12,AR1 alpha + Basic + One-Step,NASDAQ:KHC,0.0
2024-03-21,12,AR1 alpha + Basic + One-Step,NASDAQ:KHC,5.380222561673815e-08
2024-03-22,12,AR1 alpha + Basic + One-Step,NASDAQ:KHC,1.3710474824967147e-08
2024-03-25,12,AR1 alpha + Basic + One-Step,NASDAQ:KHC,0.0
2024-03-26,12,AR1 alpha + Basic + One-Step,NASDAQ:KHC,0.0
2024-03-27,12,AR1 alpha + Basic + One-Step,NASDAQ:KHC,0.0
2024-03-28,12,AR1 alpha + Basic + One-Step,NASDAQ:KHC,0.0
2024-04-01,12,AR1 alpha + Basic + One-Step,NASDAQ:KHC,1.8088403606097147e-06
2024-04-02,12,AR1 alpha + Basic + One-Step,NASDAQ:KHC,0.0
2024-04-03,12,AR1 alpha + Basic + One-Step,NASDAQ:KHC,0.0
2024-04-04,12,AR1 alpha + Basic + One-Step,NASDAQ:KHC,0.0
2024-04-05,12,AR1 alpha + Basic + One-Step,NASDAQ:KHC,0.0
2024-04-08,12,AR1 alpha + Basic + One-Step,NASDAQ:KHC,0.0
2024-04-09,12,AR1 alpha + Basic + One-Step,NASDAQ:KHC,0.0
2024-04-10,12,AR1 alpha + Basic + One-Step,NASDAQ:KHC,8.01575465224082e-07
2024-04-11,12,AR1 alpha + Basic + One-Step,NASDAQ:KHC,0.0
2024-04-12,12,AR1 alpha + Basic + One-Step,NASDAQ:KHC,0.0
2024-04-15,12,AR1 alpha + Basic + One-Step,NASDAQ:KHC,0.0
2024-04-16,12,AR1 alpha + Basic + One-Step,NASDAQ:KHC,0.0
2024-04-17,12,AR1 alpha + Basic + One-Step,NASDAQ:KHC,2.3883696482849027e-08
2024-04-18,12,AR1 alpha + Basic + One-Step,NASDAQ:KHC,0.0
2024-04-19,12,AR1 alpha + Basic + One-Step,NASDAQ:KHC,0.0
2020-03-25,12,AR1 alpha + Basic + One-Step,NASDAQ:IPGP,0.02
2020-03-26,12,AR1 alpha + Basic + One-Step,NASDAQ:IPGP,0.019999999999999997
2020-03-27,12,AR1 alpha + Basic + One-Step,NASDAQ:IPGP,0.0
2020-03-30,12,AR1 alpha + Basic + One-Step,NASDAQ:IPGP,0.0
2020-03-31,12,AR1 alpha + Basic + One-Step,NASDAQ:IPGP,0.0
2020-04-01,12,AR1 alpha + Basic + One-Step,NASDAQ:IPGP,0.0
2020-04-02,12,AR1 alpha + Basic + One-Step,NASDAQ:IPGP,6.570413485657924e-09
2020-04-03,12,AR1 alpha + Basic + One-Step,NASDAQ:IPGP,5.6827487641432974e-08
2020-04-06,12,AR1 alpha + Basic + One-Step,NASDAQ:IPGP,0.0
2020-04-07,12,AR1 alpha + Basic + One-Step,NASDAQ:IPGP,4.703830611662646e-08
2020-04-08,12,AR1 alpha + Basic + One-Step,NASDAQ:IPGP,0.0
2020-04-09,12,AR1 alpha + Basic + One-Step,NASDAQ:IPGP,0.0
2020-04-13,12,AR1 alpha + Basic + One-Step,NASDAQ:IPGP,0.0
2020-04-14,12,AR1 alpha + Basic + One-Step,NASDAQ:IPGP,0.0
2020-04-15,12,AR1 alpha + Basic + One-Step,NASDAQ:IPGP,0.0
2020-04-16,12,AR1 alpha + Basic + One-Step,NASDAQ:IPGP,0.0
2020-04-17,12,AR1 alpha + Basic + One-Step,NASDAQ:IPGP,0.0
2020-04-20,12,AR1 alpha + Basic + One-Step,NASDAQ:IPGP,0.0
2020-04-21,12,AR1 alpha + Basic + One-Step,NASDAQ:IPGP,0.0
2020-04-22,12,AR1 alpha + Basic + One-Step,NASDAQ:IPGP,0.0
2020-04-23,12,AR1 alpha + Basic + One-Step,NASDAQ:IPGP,0.0
2020-04-24,12,AR1 alpha + Basic + One-Step,NASDAQ:IPGP,0.0
2020-04-27,12,AR1 alpha + Basic + One-Step,NASDAQ:IPGP,0.0
2020-04-28,12,AR1 alpha + Basic + One-Step,NASDAQ:IPGP,0.0
2020-04-29,12,AR1 alpha + Basic + One-Step,NASDAQ:IPGP,3.253380889593753e-07
2020-04-30,12,AR1 alpha + Basic + One-Step,NASDAQ:IPGP,0.0
2020-05-01,12,AR1 alpha + Basic + One-Step,NASDAQ:IPGP,2.222898105346736e-08
2020-05-04,12,AR1 alpha + Basic + One-Step,NASDAQ:IPGP,0.0
2020-05-05,12,AR1 alpha + Basic + One-Step,NASDAQ:IPGP,3.57213932380713e-07
2020-05-06,12,AR1 alpha + Basic + One-Step,NASDAQ:IPGP,0.0
2020-05-07,12,AR1 alpha + Basic + One-Step,NASDAQ:IPGP,0.0
2020-05-08,12,AR1 alpha + Basic + One-Step,NASDAQ:IPGP,1.0555580202228126e-08
2020-05-11,12,AR1 alpha + Basic + One-Step,NASDAQ:IPGP,0.003931901701769289
2020-05-12,12,AR1 alpha + Basic + One-Step,NASDAQ:IPGP,0.0
2020-05-13,12,AR1 alpha + Basic + One-Step,NASDAQ:IPGP,0.0
2020-05-14,12,AR1 alpha + Basic + One-Step,NASDAQ:IPGP,4.5796437418326875e-09
2020-05-15,12,AR1 alpha + Basic + One-Step,NASDAQ:IPGP,0.018121839186516834
2020-05-18,12,AR1 alpha + Basic + One-Step,NASDAQ:IPGP,0.09999875632635524
2020-05-19,12,AR1 alpha + Basic + One-Step,NASDAQ:IPGP,0.09999895652646083
2020-05-20,12,AR1 alpha + Basic + One-Step,NASDAQ:IPGP,0.0999968345088545
2020-05-21,12,AR1 alpha + Basic + One-Step,NASDAQ:IPGP,0.0999979660183713
2020-05-22,12,AR1 alpha + Basic + One-Step,NASDAQ:IPGP,0.09999909092789115
2020-05-26,12,AR1 alpha + Basic + One-Step,NASDAQ:IPGP,0.09999962116993362
2020-05-27,12,AR1 alpha + Basic + One-Step,NASDAQ:IPGP,0.10000053324052259
2020-05-28,12,AR1 alpha + Basic + One-Step,NASDAQ:IPGP,0.08330338106687032
2020-05-29,12,AR1 alpha + Basic + One-Step,NASDAQ:IPGP,0.08771998202867584
2020-06-01,12,AR1 alpha + Basic + One-Step,NASDAQ:IPGP,0.09319409496115605
2020-06-02,12,AR1 alpha + Basic + One-Step,NASDAQ:IPGP,0.10000048983785033
2020-06-03,12,AR1 alpha + Basic + One-Step,NASDAQ:IPGP,0.09999653461533865
2020-06-04,12,AR1 alpha + Basic + One-Step,NASDAQ:IPGP,0.09999669980976666
2020-06-05,12,AR1 alpha + Basic + One-Step,NASDAQ:IPGP,0.099998064403677
2020-06-08,12,AR1 alpha + Basic + One-Step,NASDAQ:IPGP,0.0999986148760536
2020-06-09,12,AR1 alpha + Basic + One-Step,NASDAQ:IPGP,0.09999584316029995
2020-06-10,12,AR1 alpha + Basic + One-Step,NASDAQ:IPGP,0.09999030865304995
2020-06-11,12,AR1 alpha + Basic + One-Step,NASDAQ:IPGP,9.525865106301361e-08
2020-06-12,12,AR1 alpha + Basic + One-Step,NASDAQ:IPGP,0.015233813261249271
2020-06-15,12,AR1 alpha + Basic + One-Step,NASDAQ:IPGP,0.030353760867063328
2020-06-16,12,AR1 alpha + Basic + One-Step,NASDAQ:IPGP,0.09999909189776772
2020-06-17,12,AR1 alpha + Basic + One-Step,NASDAQ:IPGP,0.08550367731130708
2020-06-18,12,AR1 alpha + Basic + One-Step,NASDAQ:IPGP,0.09999742380721297
2020-06-19,12,AR1 alpha + Basic + One-Step,NASDAQ:IPGP,0.08031272057519033
2020-06-22,12,AR1 alpha + Basic + One-Step,NASDAQ:IPGP,0.09999357685351018
2020-06-23,12,AR1 alpha + Basic + One-Step,NASDAQ:IPGP,0.0999969058592146
2020-06-24,12,AR1 alpha + Basic + One-Step,NASDAQ:IPGP,0.06177704611257442
2020-06-25,12,AR1 alpha + Basic + One-Step,NASDAQ:IPGP,0.09999616818694076
2020-06-26,12,AR1 alpha + Basic + One-Step,NASDAQ:IPGP,0.040025967604990983
2020-06-29,12,AR1 alpha + Basic + One-Step,NASDAQ:IPGP,0.09999352247621918
2020-06-30,12,AR1 alpha + Basic + One-Step,NASDAQ:IPGP,0.09999690221772162
2020-07-01,12,AR1 alpha + Basic + One-Step,NASDAQ:IPGP,0.09999516072646479
2020-07-02,12,AR1 alpha + Basic + One-Step,NASDAQ:IPGP,0.09999765805556024
2020-07-06,12,AR1 alpha + Basic + One-Step,NASDAQ:IPGP,0.09999591674853474
2020-07-07,12,AR1 alpha + Basic + One-Step,NASDAQ:IPGP,0.06554312456204753
2020-07-08,12,AR1 alpha + Basic + One-Step,NASDAQ:IPGP,0.08447653706894771
2020-07-09,12,AR1 alpha + Basic + One-Step,NASDAQ:IPGP,0.06905698979732317
2020-07-10,12,AR1 alpha + Basic + One-Step,NASDAQ:IPGP,0.06905695916460061
2020-07-13,12,AR1 alpha + Basic + One-Step,NASDAQ:IPGP,0.04257360174999139
2020-07-14,12,AR1 alpha + Basic + One-Step,NASDAQ:IPGP,0.08106148506870975
2020-07-15,12,AR1 alpha + Basic + One-Step,NASDAQ:IPGP,0.10000019770088156
2020-07-16,12,AR1 alpha + Basic + One-Step,NASDAQ:IPGP,0.09774193422246968
2020-07-17,12,AR1 alpha + Basic + One-Step,NASDAQ:IPGP,0.09999943992389376
2020-07-20,12,AR1 alpha + Basic + One-Step,NASDAQ:IPGP,0.09999985832872045
2020-07-21,12,AR1 alpha + Basic + One-Step,NASDAQ:IPGP,0.09999723702847069
2020-07-22,12,AR1 alpha + Basic + One-Step,NASDAQ:IPGP,0.09999594339549045
2020-07-23,12,AR1 alpha + Basic + One-Step,NASDAQ:IPGP,0.09999796249962829
2020-07-24,12,AR1 alpha + Basic + One-Step,NASDAQ:IPGP,0.09999964249347337
2020-07-27,12,AR1 alpha + Basic + One-Step,NASDAQ:IPGP,0.09999980393981907
2020-07-28,12,AR1 alpha + Basic + One-Step,NASDAQ:IPGP,0.0999973968111527
2020-07-29,12,AR1 alpha + Basic + One-Step,NASDAQ:IPGP,0.09999704394457591
2020-07-30,12,AR1 alpha + Basic + One-Step,NASDAQ:IPGP,0.09999826058187379
2020-07-31,12,AR1 alpha + Basic + One-Step,NASDAQ:IPGP,0.09999590652009295
2020-08-03,12,AR1 alpha + Basic + One-Step,NASDAQ:IPGP,0.09999687715729123
2020-08-04,12,AR1 alpha + Basic + One-Step,NASDAQ:IPGP,0.09999646970035528
2020-08-05,12,AR1 alpha + Basic + One-Step,NASDAQ:IPGP,0.09999479448241858
2020-08-06,12,AR1 alpha + Basic + One-Step,NASDAQ:IPGP,0.09998836139172074
2020-08-07,12,AR1 alpha + Basic + One-Step,NASDAQ:IPGP,0.09999086933532274
2020-08-10,12,AR1 alpha + Basic + One-Step,NASDAQ:IPGP,0.017209796996823908
2020-08-11,12,AR1 alpha + Basic + One-Step,NASDAQ:IPGP,0.0
2020-08-12,12,AR1 alpha + Basic + One-Step,NASDAQ:IPGP,0.002820284421911372
2020-08-13,12,AR1 alpha + Basic + One-Step,NASDAQ:IPGP,0.0
2020-08-14,12,AR1 alpha + Basic + One-Step,NASDAQ:IPGP,0.0
2020-08-17,12,AR1 alpha + Basic + One-Step,NASDAQ:IPGP,0.012457518093261576
2020-08-18,12,AR1 alpha + Basic + One-Step,NASDAQ:IPGP,0.0
2020-08-19,12,AR1 alpha + Basic + One-Step,NASDAQ:IPGP,3.414818516974965e-07
2020-08-20,12,AR1 alpha + Basic + One-Step,NASDAQ:IPGP,3.7819805734906946e-07
2020-08-21,12,AR1 alpha + Basic + One-Step,NASDAQ:IPGP,3.844865574031645e-09
2020-08-24,12,AR1 alpha + Basic + One-Step,NASDAQ:IPGP,2.728953973666522e-08
2020-08-25,12,AR1 alpha + Basic + One-Step,NASDAQ:IPGP,0.0
2020-08-26,12,AR1 alpha + Basic + One-Step,NASDAQ:IPGP,0.0
2020-08-27,12,AR1 alpha + Basic + One-Step,NASDAQ:IPGP,0.0
2020-08-28,12,AR1 alpha + Basic + One-Step,NASDAQ:IPGP,0.0
2020-08-31,12,AR1 alpha + Basic + One-Step,NASDAQ:IPGP,0.0
2020-09-01,12,AR1 alpha + Basic + One-Step,NASDAQ:IPGP,0.0
2020-09-02,12,AR1 alpha + Basic + One-Step,NASDAQ:IPGP,0.0062089378652083445
2020-09-03,12,AR1 alpha + Basic + One-Step,NASDAQ:IPGP,0.0
2020-09-04,12,AR1 alpha + Basic + One-Step,NASDAQ:IPGP,0.0
2020-09-08,12,AR1 alpha + Basic + One-Step,NASDAQ:IPGP,0.0
2020-09-09,12,AR1 alpha + Basic + One-Step,NASDAQ:IPGP,0.0
2020-09-10,12,AR1 alpha + Basic + One-Step,NASDAQ:IPGP,0.0
2020-09-11,12,AR1 alpha + Basic + One-Step,NASDAQ:IPGP,0.0
2020-09-14,12,AR1 alpha + Basic + One-Step,NASDAQ:IPGP,2.5417622014527293e-10
2020-09-15,12,AR1 alpha + Basic + One-Step,NASDAQ:IPGP,0.0
2020-09-16,12,AR1 alpha + Basic + One-Step,NASDAQ:IPGP,0.0
2020-09-17,12,AR1 alpha + Basic + One-Step,NASDAQ:IPGP,0.0
2020-09-18,12,AR1 alpha + Basic + One-Step,NASDAQ:IPGP,0.0
2020-09-21,12,AR1 alpha + Basic + One-Step,NASDAQ:IPGP,0.0
2020-09-22,12,AR1 alpha + Basic + One-Step,NASDAQ:IPGP,0.0
2020-09-23,12,AR1 alpha + Basic + One-Step,NASDAQ:IPGP,0.0
2020-09-24,12,AR1 alpha + Basic + One-Step,NASDAQ:IPGP,2.3697291556495652e-07
2020-09-25,12,AR1 alpha + Basic + One-Step,NASDAQ:IPGP,0.0
2020-09-28,12,AR1 alpha + Basic + One-Step,NASDAQ:IPGP,0.02107945067765236
2020-09-29,12,AR1 alpha + Basic + One-Step,NASDAQ:IPGP,0.0007784456222173419
2020-09-30,12,AR1 alpha + Basic + One-Step,NASDAQ:IPGP,0.016409475593330693
2020-10-01,12,AR1 alpha + Basic + One-Step,NASDAQ:IPGP,0.05788374222633935
2020-10-02,12,AR1 alpha + Basic + One-Step,NASDAQ:IPGP,0.04324817288022781
2020-10-05,12,AR1 alpha + Basic + One-Step,NASDAQ:IPGP,0.0801549583530923
2020-10-06,12,AR1 alpha + Basic + One-Step,NASDAQ:IPGP,0.034761754099093684
2020-10-07,12,AR1 alpha + Basic + One-Step,NASDAQ:IPGP,0.06663398112997931
2020-10-08,12,AR1 alpha + Basic + One-Step,NASDAQ:IPGP,0.0778648773433587
2020-10-09,12,AR1 alpha + Basic + One-Step,NASDAQ:IPGP,0.09999552999122421
2020-10-12,12,AR1 alpha + Basic + One-Step,NASDAQ:IPGP,0.09999186619631506
2020-10-13,12,AR1 alpha + Basic + One-Step,NASDAQ:IPGP,0.09999195880215514
2020-10-14,12,AR1 alpha + Basic + One-Step,NASDAQ:IPGP,0.06803223677102047
2020-10-15,12,AR1 alpha + Basic + One-Step,NASDAQ:IPGP,0.03969088419761384
2020-10-16,12,AR1 alpha + Basic + One-Step,NASDAQ:IPGP,0.07570269988161626
2020-10-19,12,AR1 alpha + Basic + One-Step,NASDAQ:IPGP,0.03380880217520669
2020-10-20,12,AR1 alpha + Basic + One-Step,NASDAQ:IPGP,0.02622563789615541
2020-10-21,12,AR1 alpha + Basic + One-Step,NASDAQ:IPGP,0.012002920229671277
2020-10-22,12,AR1 alpha + Basic + One-Step,NASDAQ:IPGP,0.017605117452724705
2020-10-23,12,AR1 alpha + Basic + One-Step,NASDAQ:IPGP,0.0481333412207596
2020-10-26,12,AR1 alpha + Basic + One-Step,NASDAQ:IPGP,0.016380469901772592
2020-10-27,12,AR1 alpha + Basic + One-Step,NASDAQ:IPGP,1.5960306802728445e-09
2020-10-28,12,AR1 alpha + Basic + One-Step,NASDAQ:IPGP,0.032981079882823804
2020-10-29,12,AR1 alpha + Basic + One-Step,NASDAQ:IPGP,0.07837602745196967
2020-10-30,12,AR1 alpha + Basic + One-Step,NASDAQ:IPGP,0.03520483588393216
2020-11-02,12,AR1 alpha + Basic + One-Step,NASDAQ:IPGP,0.037228352355605544
2020-11-03,12,AR1 alpha + Basic + One-Step,NASDAQ:IPGP,0.08665036095112216
2020-11-04,12,AR1 alpha + Basic + One-Step,NASDAQ:IPGP,0.09999746026216814
2020-11-05,12,AR1 alpha + Basic + One-Step,NASDAQ:IPGP,0.0999932182350944
2020-11-06,12,AR1 alpha + Basic + One-Step,NASDAQ:IPGP,0.09999671575328684
2020-11-09,12,AR1 alpha + Basic + One-Step,NASDAQ:IPGP,0.09651375650979095
2020-11-10,12,AR1 alpha + Basic + One-Step,NASDAQ:IPGP,0.0936512067099196
2020-11-11,12,AR1 alpha + Basic + One-Step,NASDAQ:IPGP,0.09048488962068915
2020-11-12,12,AR1 alpha + Basic + One-Step,NASDAQ:IPGP,0.09999188040533227
2020-11-13,12,AR1 alpha + Basic + One-Step,NASDAQ:IPGP,0.09999235555628914
2020-11-16,12,AR1 alpha + Basic + One-Step,NASDAQ:IPGP,0.09999375383332172
2020-11-17,12,AR1 alpha + Basic + One-Step,NASDAQ:IPGP,0.09999389286016723
2020-11-18,12,AR1 alpha + Basic + One-Step,NASDAQ:IPGP,0.09998679639814366
2020-11-19,12,AR1 alpha + Basic + One-Step,NASDAQ:IPGP,0.09999353709211903
2020-11-20,12,AR1 alpha + Basic + One-Step,NASDAQ:IPGP,0.09998607666125973
2020-11-23,12,AR1 alpha + Basic + One-Step,NASDAQ:IPGP,0.09998507064577102
2020-11-24,12,AR1 alpha + Basic + One-Step,NASDAQ:IPGP,0.09998386720650654
2020-11-25,12,AR1 alpha + Basic + One-Step,NASDAQ:IPGP,0.09981922374680018
2020-11-27,12,AR1 alpha + Basic + One-Step,NASDAQ:IPGP,0.09504575147967595
2020-11-30,12,AR1 alpha + Basic + One-Step,NASDAQ:IPGP,0.042597143668756596
2020-12-01,12,AR1 alpha + Basic + One-Step,NASDAQ:IPGP,0.029386035062770828
2020-12-02,12,AR1 alpha + Basic + One-Step,NASDAQ:IPGP,0.04398429643702303
2020-12-03,12,AR1 alpha + Basic + One-Step,NASDAQ:IPGP,0.0780364034089197
2020-12-04,12,AR1 alpha + Basic + One-Step,NASDAQ:IPGP,0.043588313666645596
2020-12-07,12,AR1 alpha + Basic + One-Step,NASDAQ:IPGP,0.0045984532696460405
2020-12-08,12,AR1 alpha + Basic + One-Step,NASDAQ:IPGP,4.962183377780622e-07
2020-12-09,12,AR1 alpha + Basic + One-Step,NASDAQ:IPGP,0.0
2020-12-10,12,AR1 alpha + Basic + One-Step,NASDAQ:IPGP,0.038037049297394626
2020-12-11,12,AR1 alpha + Basic + One-Step,NASDAQ:IPGP,0.02079021557811278
2020-12-14,12,AR1 alpha + Basic + One-Step,NASDAQ:IPGP,0.03259110942700148
2020-12-15,12,AR1 alpha + Basic + One-Step,NASDAQ:IPGP,0.06011831702640509
2020-12-16,12,AR1 alpha + Basic + One-Step,NASDAQ:IPGP,0.03480608572219415
2020-12-17,12,AR1 alpha + Basic + One-Step,NASDAQ:IPGP,0.0
2020-12-18,12,AR1 alpha + Basic + One-Step,NASDAQ:IPGP,0.020746433488068376
2020-12-21,12,AR1 alpha + Basic + One-Step,NASDAQ:IPGP,0.015733642118030567
2020-12-22,12,AR1 alpha + Basic + One-Step,NASDAQ:IPGP,0.03471837677342603
2020-12-23,12,AR1 alpha + Basic + One-Step,NASDAQ:IPGP,2.032187329836097e-07
2020-12-24,12,AR1 alpha + Basic + One-Step,NASDAQ:IPGP,0.01633776083753736
2020-12-28,12,AR1 alpha + Basic + One-Step,NASDAQ:IPGP,0.0
2020-12-29,12,AR1 alpha + Basic + One-Step,NASDAQ:IPGP,0.0
2020-12-30,12,AR1 alpha + Basic + One-Step,NASDAQ:IPGP,0.0233333271329243
2020-12-31,12,AR1 alpha + Basic + One-Step,NASDAQ:IPGP,0.0
2021-01-04,12,AR1 alpha + Basic + One-Step,NASDAQ:IPGP,0.013461492718094345
2021-01-05,12,AR1 alpha + Basic + One-Step,NASDAQ:IPGP,0.038408768269358164
2021-01-06,12,AR1 alpha + Basic + One-Step,NASDAQ:IPGP,0.021017344324808673
2021-01-07,12,AR1 alpha + Basic + One-Step,NASDAQ:IPGP,0.0
2021-01-08,12,AR1 alpha + Basic + One-Step,NASDAQ:IPGP,0.0
2021-01-11,12,AR1 alpha + Basic + One-Step,NASDAQ:IPGP,0.0
2021-01-12,12,AR1 alpha + Basic + One-Step,NASDAQ:IPGP,0.0
2021-01-13,12,AR1 alpha + Basic + One-Step,NASDAQ:IPGP,0.03179211304703834
2021-01-14,12,AR1 alpha + Basic + One-Step,NASDAQ:IPGP,0.032405747415349545
2021-01-15,12,AR1 alpha + Basic + One-Step,NASDAQ:IPGP,0.03269840881543157
2021-01-19,12,AR1 alpha + Basic + One-Step,NASDAQ:IPGP,0.008365821997354701
2021-01-20,12,AR1 alpha + Basic + One-Step,NASDAQ:IPGP,0.04171007748192993
2021-01-21,12,AR1 alpha + Basic + One-Step,NASDAQ:IPGP,0.07245534400077132
2021-01-22,12,AR1 alpha + Basic + One-Step,NASDAQ:IPGP,0.07894485697756651
2021-01-25,12,AR1 alpha + Basic + One-Step,NASDAQ:IPGP,0.09999985025846118
2021-01-26,12,AR1 alpha + Basic + One-Step,NASDAQ:IPGP,0.0999915847810308
2021-01-27,12,AR1 alpha + Basic + One-Step,NASDAQ:IPGP,0.01005980664248409
2021-01-28,12,AR1 alpha + Basic + One-Step,NASDAQ:IPGP,0.0
2021-01-29,12,AR1 alpha + Basic + One-Step,NASDAQ:IPGP,0.0
2021-02-01,12,AR1 alpha + Basic + One-Step,NASDAQ:IPGP,4.704860519429808e-07
2021-02-02,12,AR1 alpha + Basic + One-Step,NASDAQ:IPGP,0.0
2021-02-03,12,AR1 alpha + Basic + One-Step,NASDAQ:IPGP,0.0
2021-02-04,12,AR1 alpha + Basic + One-Step,NASDAQ:IPGP,0.0
2021-02-05,12,AR1 alpha + Basic + One-Step,NASDAQ:IPGP,0.0
2021-02-08,12,AR1 alpha + Basic + One-Step,NASDAQ:IPGP,3.470108605717185e-07
2021-02-09,12,AR1 alpha + Basic + One-Step,NASDAQ:IPGP,0.0
2021-02-10,12,AR1 alpha + Basic + One-Step,NASDAQ:IPGP,0.0
2021-02-11,12,AR1 alpha + Basic + One-Step,NASDAQ:IPGP,0.022476813581522342
2021-02-12,12,AR1 alpha + Basic + One-Step,NASDAQ:IPGP,0.0
2021-02-16,12,AR1 alpha + Basic + One-Step,NASDAQ:IPGP,0.0
2021-02-17,12,AR1 alpha + Basic + One-Step,NASDAQ:IPGP,0.05166323709020819
2021-02-18,12,AR1 alpha + Basic + One-Step,NASDAQ:IPGP,0.080757123764194
2021-02-19,12,AR1 alpha + Basic + One-Step,NASDAQ:IPGP,0.01778616503568992
2021-02-22,12,AR1 alpha + Basic + One-Step,NASDAQ:IPGP,1.2040727286719322e-06
2021-02-23,12,AR1 alpha + Basic + One-Step,NASDAQ:IPGP,7.386574772795266e-08
2021-02-24,12,AR1 alpha + Basic + One-Step,NASDAQ:IPGP,0.0
2021-02-25,12,AR1 alpha + Basic + One-Step,NASDAQ:IPGP,0.0
2021-02-26,12,AR1 alpha + Basic + One-Step,NASDAQ:IPGP,5.904772872093844e-07
2021-03-01,12,AR1 alpha + Basic + One-Step,NASDAQ:IPGP,0.0
2021-03-02,12,AR1 alpha + Basic + One-Step,NASDAQ:IPGP,0.0
2021-03-03,12,AR1 alpha + Basic + One-Step,NASDAQ:IPGP,0.0
2021-03-04,12,AR1 alpha + Basic + One-Step,NASDAQ:IPGP,6.376481564959397e-08
2021-03-05,12,AR1 alpha + Basic + One-Step,NASDAQ:IPGP,0.0
2021-03-08,12,AR1 alpha + Basic + One-Step,NASDAQ:IPGP,0.0
2021-03-09,12,AR1 alpha + Basic + One-Step,NASDAQ:IPGP,0.0
2021-03-10,12,AR1 alpha + Basic + One-Step,NASDAQ:IPGP,0.0
2021-03-11,12,AR1 alpha + Basic + One-Step,NASDAQ:IPGP,0.0
2021-03-12,12,AR1 alpha + Basic + One-Step,NASDAQ:IPGP,0.0
2021-03-15,12,AR1 alpha + Basic + One-Step,NASDAQ:IPGP,1.9965638692755565e-09
2021-03-16,12,AR1 alpha + Basic + One-Step,NASDAQ:IPGP,0.0
2021-03-17,12,AR1 alpha + Basic + One-Step,NASDAQ:IPGP,0.0
2021-03-18,12,AR1 alpha + Basic + One-Step,NASDAQ:IPGP,0.0
2021-03-19,12,AR1 alpha + Basic + One-Step,NASDAQ:IPGP,0.0
2021-03-22,12,AR1 alpha + Basic + One-Step,NASDAQ:IPGP,0.0
2021-03-23,12,AR1 alpha + Basic + One-Step,NASDAQ:IPGP,0.0
2021-03-24,12,AR1 alpha + Basic + One-Step,NASDAQ:IPGP,2.0597982311159324e-08
2021-03-25,12,AR1 alpha + Basic + One-Step,NASDAQ:IPGP,0.0
2021-03-26,12,AR1 alpha + Basic + One-Step,NASDAQ:IPGP,0.0
2021-03-29,12,AR1 alpha + Basic + One-Step,NASDAQ:IPGP,0.0
2021-03-30,12,AR1 alpha + Basic + One-Step,NASDAQ:IPGP,5.779530813059139e-07
2021-03-31,12,AR1 alpha + Basic + One-Step,NASDAQ:IPGP,0.0
2021-04-01,12,AR1 alpha + Basic + One-Step,NASDAQ:IPGP,0.0
2021-04-05,12,AR1 alpha + Basic + One-Step,NASDAQ:IPGP,1.8787606386561137e-06
2021-04-06,12,AR1 alpha + Basic + One-Step,NASDAQ:IPGP,1.134521073265687e-06
2021-04-07,12,AR1 alpha + Basic + One-Step,NASDAQ:IPGP,0.0
2021-04-08,12,AR1 alpha + Basic + One-Step,NASDAQ:IPGP,4.361495396576816e-07
2021-04-09,12,AR1 alpha + Basic + One-Step,NASDAQ:IPGP,0.0
2021-04-12,12,AR1 alpha + Basic + One-Step,NASDAQ:IPGP,7.7495351820152e-09
2021-04-13,12,AR1 alpha + Basic + One-Step,NASDAQ:IPGP,0.0
2021-04-14,12,AR1 alpha + Basic + One-Step,NASDAQ:IPGP,0.0
2021-04-15,12,AR1 alpha + Basic + One-Step,NASDAQ:IPGP,0.0
2021-04-16,12,AR1 alpha + Basic + One-Step,NASDAQ:IPGP,0.0
2021-04-19,12,AR1 alpha + Basic + One-Step,NASDAQ:IPGP,3.5245135457842546e-08
2021-04-20,12,AR1 alpha + Basic + One-Step,NASDAQ:IPGP,0.0
2021-04-21,12,AR1 alpha + Basic + One-Step,NASDAQ:IPGP,0.0
2021-04-22,12,AR1 alpha + Basic + One-Step,NASDAQ:IPGP,1.35304918614309e-07
2021-04-23,12,AR1 alpha + Basic + One-Step,NASDAQ:IPGP,0.0
2021-04-26,12,AR1 alpha + Basic + One-Step,NASDAQ:IPGP,0.0
2021-04-27,12,AR1 alpha + Basic + One-Step,NASDAQ:IPGP,7.259678146206576e-07
2021-04-28,12,AR1 alpha + Basic + One-Step,NASDAQ:IPGP,0.0
2021-04-29,12,AR1 alpha + Basic + One-Step,NASDAQ:IPGP,0.0
2021-04-30,12,AR1 alpha + Basic + One-Step,NASDAQ:IPGP,0.05603649783063149
2021-05-03,12,AR1 alpha + Basic + One-Step,NASDAQ:IPGP,0.09999993179772626
2021-05-04,12,AR1 alpha + Basic + One-Step,NASDAQ:IPGP,0.09999995855119995
2021-05-05,12,AR1 alpha + Basic + One-Step,NASDAQ:IPGP,0.09999030832566941
2021-05-06,12,AR1 alpha + Basic + One-Step,NASDAQ:IPGP,0.0
2021-05-07,12,AR1 alpha + Basic + One-Step,NASDAQ:IPGP,0.0
2021-05-10,12,AR1 alpha + Basic + One-Step,NASDAQ:IPGP,0.0
2021-05-11,12,AR1 alpha + Basic + One-Step,NASDAQ:IPGP,0.0
2021-05-12,12,AR1 alpha + Basic + One-Step,NASDAQ:IPGP,0.0
2021-05-13,12,AR1 alpha + Basic + One-Step,NASDAQ:IPGP,3.974750913684727e-07
2021-05-14,12,AR1 alpha + Basic + One-Step,NASDAQ:IPGP,0.0
2021-05-17,12,AR1 alpha + Basic + One-Step,NASDAQ:IPGP,0.0
2021-05-18,12,AR1 alpha + Basic + One-Step,NASDAQ:IPGP,0.0
2021-05-19,12,AR1 alpha + Basic + One-Step,NASDAQ:IPGP,1.0608186242934303e-08
2021-05-20,12,AR1 alpha + Basic + One-Step,NASDAQ:IPGP,1.0073820526281158e-08
2021-05-21,12,AR1 alpha + Basic + One-Step,NASDAQ:IPGP,3.0079855281370684e-07
2021-05-24,12,AR1 alpha + Basic + One-Step,NASDAQ:IPGP,0.0
2021-05-25,12,AR1 alpha + Basic + One-Step,NASDAQ:IPGP,0.0
2021-05-26,12,AR1 alpha + Basic + One-Step,NASDAQ:IPGP,0.0
2021-05-27,12,AR1 alpha + Basic + One-Step,NASDAQ:IPGP,0.0
2021-05-28,12,AR1 alpha + Basic + One-Step,NASDAQ:IPGP,0.0
2021-06-01,12,AR1 alpha + Basic + One-Step,NASDAQ:IPGP,0.0
2021-06-02,12,AR1 alpha + Basic + One-Step,NASDAQ:IPGP,0.0
2021-06-03,12,AR1 alpha + Basic + One-Step,NASDAQ:IPGP,0.0
2021-06-04,12,AR1 alpha + Basic + One-Step,NASDAQ:IPGP,0.0
2021-06-07,12,AR1 alpha + Basic + One-Step,NASDAQ:IPGP,0.0
2021-06-08,12,AR1 alpha + Basic + One-Step,NASDAQ:IPGP,0.0
2021-06-09,12,AR1 alpha + Basic + One-Step,NASDAQ:IPGP,1.451865312398097e-07
2021-06-10,12,AR1 alpha + Basic + One-Step,NASDAQ:IPGP,9.773673812320384e-08
2021-06-11,12,AR1 alpha + Basic + One-Step,NASDAQ:IPGP,0.0
2021-06-14,12,AR1 alpha + Basic + One-Step,NASDAQ:IPGP,0.0
2021-06-15,12,AR1 alpha + Basic + One-Step,NASDAQ:IPGP,0.0
2021-06-16,12,AR1 alpha + Basic + One-Step,NASDAQ:IPGP,0.0
2021-06-17,12,AR1 alpha + Basic + One-Step,NASDAQ:IPGP,0.0
2021-06-18,12,AR1 alpha + Basic + One-Step,NASDAQ:IPGP,0.0
2021-06-21,12,AR1 alpha + Basic + One-Step,NASDAQ:IPGP,0.0
2021-06-22,12,AR1 alpha + Basic + One-Step,NASDAQ:IPGP,2.2282643168599516e-07
2021-06-23,12,AR1 alpha + Basic + One-Step,NASDAQ:IPGP,3.255266720590768e-07
2021-06-24,12,AR1 alpha + Basic + One-Step,NASDAQ:IPGP,8.306965447210727e-07
2021-06-25,12,AR1 alpha + Basic + One-Step,NASDAQ:IPGP,0.0
2021-06-28,12,AR1 alpha + Basic + One-Step,NASDAQ:IPGP,0.0
2021-06-29,12,AR1 alpha + Basic + One-Step,NASDAQ:IPGP,0.0
2021-06-30,12,AR1 alpha + Basic + One-Step,NASDAQ:IPGP,0.0
2021-07-01,12,AR1 alpha + Basic + One-Step,NASDAQ:IPGP,0.0
2021-07-02,12,AR1 alpha + Basic + One-Step,NASDAQ:IPGP,0.0
2021-07-06,12,AR1 alpha + Basic + One-Step,NASDAQ:IPGP,0.0
2021-07-07,12,AR1 alpha + Basic + One-Step,NASDAQ:IPGP,0.0
2021-07-08,12,AR1 alpha + Basic + One-Step,NASDAQ:IPGP,0.0
2021-07-09,12,AR1 alpha + Basic + One-Step,NASDAQ:IPGP,0.0
2021-07-12,12,AR1 alpha + Basic + One-Step,NASDAQ:IPGP,0.0
2021-07-13,12,AR1 alpha + Basic + One-Step,NASDAQ:IPGP,8.980714292066474e-08
2021-07-14,12,AR1 alpha + Basic + One-Step,NASDAQ:IPGP,0.0
2021-07-15,12,AR1 alpha + Basic + One-Step,NASDAQ:IPGP,0.0
2021-07-16,12,AR1 alpha + Basic + One-Step,NASDAQ:IPGP,3.822638987636379e-06
2021-07-19,12,AR1 alpha + Basic + One-Step,NASDAQ:IPGP,1.5839161435729407e-07
2021-07-20,12,AR1 alpha + Basic + One-Step,NASDAQ:IPGP,0.0
2021-07-21,12,AR1 alpha + Basic + One-Step,NASDAQ:IPGP,0.0
2021-07-22,12,AR1 alpha + Basic + One-Step,NASDAQ:IPGP,0.0
2021-07-23,12,AR1 alpha + Basic + One-Step,NASDAQ:IPGP,0.0
2021-07-26,12,AR1 alpha + Basic + One-Step,NASDAQ:IPGP,0.0
2021-07-27,12,AR1 alpha + Basic + One-Step,NASDAQ:IPGP,1.0350668955914347e-06
2021-07-28,12,AR1 alpha + Basic + One-Step,NASDAQ:IPGP,0.0
2021-07-29,12,AR1 alpha + Basic + One-Step,NASDAQ:IPGP,0.0
2021-07-30,12,AR1 alpha + Basic + One-Step,NASDAQ:IPGP,0.0
2021-08-02,12,AR1 alpha + Basic + One-Step,NASDAQ:IPGP,0.0
2021-08-03,12,AR1 alpha + Basic + One-Step,NASDAQ:IPGP,0.09999943702665094
2021-08-04,12,AR1 alpha + Basic + One-Step,NASDAQ:IPGP,1.005540065605768e-07
2021-08-05,12,AR1 alpha + Basic + One-Step,NASDAQ:IPGP,0.0
2021-08-06,12,AR1 alpha + Basic + One-Step,NASDAQ:IPGP,0.0
2021-08-09,12,AR1 alpha + Basic + One-Step,NASDAQ:IPGP,6.349224246816179e-07
2021-08-10,12,AR1 alpha + Basic + One-Step,NASDAQ:IPGP,0.0
2021-08-11,12,AR1 alpha + Basic + One-Step,NASDAQ:IPGP,4.356091455838348e-08
2021-08-12,12,AR1 alpha + Basic + One-Step,NASDAQ:IPGP,0.0
2021-08-13,12,AR1 alpha + Basic + One-Step,NASDAQ:IPGP,0.0
2021-08-16,12,AR1 alpha + Basic + One-Step,NASDAQ:IPGP,0.0
2021-08-17,12,AR1 alpha + Basic + One-Step,NASDAQ:IPGP,1.0519724756735554e-07
2021-08-18,12,AR1 alpha + Basic + One-Step,NASDAQ:IPGP,0.0
2021-08-19,12,AR1 alpha + Basic + One-Step,NASDAQ:IPGP,0.0
2021-08-20,12,AR1 alpha + Basic + One-Step,NASDAQ:IPGP,0.0
2021-08-23,12,AR1 alpha + Basic + One-Step,NASDAQ:IPGP,0.0
2021-08-24,12,AR1 alpha + Basic + One-Step,NASDAQ:IPGP,1.6147485479371747e-08
2021-08-25,12,AR1 alpha + Basic + One-Step,NASDAQ:IPGP,0.0
2021-08-26,12,AR1 alpha + Basic + One-Step,NASDAQ:IPGP,0.0
2021-08-27,12,AR1 alpha + Basic + One-Step,NASDAQ:IPGP,1.2613028658444764e-06
2021-08-30,12,AR1 alpha + Basic + One-Step,NASDAQ:IPGP,1.585613939750067e-08
2021-08-31,12,AR1 alpha + Basic + One-Step,NASDAQ:IPGP,0.0
2021-09-01,12,AR1 alpha + Basic + One-Step,NASDAQ:IPGP,0.0
2021-09-02,12,AR1 alpha + Basic + One-Step,NASDAQ:IPGP,0.0
2021-09-03,12,AR1 alpha + Basic + One-Step,NASDAQ:IPGP,0.0
2021-09-07,12,AR1 alpha + Basic + One-Step,NASDAQ:IPGP,0.0
2021-09-08,12,AR1 alpha + Basic + One-Step,NASDAQ:IPGP,0.0
2021-09-09,12,AR1 alpha + Basic + One-Step,NASDAQ:IPGP,1.5527937449958154e-07
2021-09-10,12,AR1 alpha + Basic + One-Step,NASDAQ:IPGP,0.0
2021-09-13,12,AR1 alpha + Basic + One-Step,NASDAQ:IPGP,0.0
2021-09-14,12,AR1 alpha + Basic + One-Step,NASDAQ:IPGP,4.614835947980547e-07
2021-09-15,12,AR1 alpha + Basic + One-Step,NASDAQ:IPGP,0.0
2021-09-16,12,AR1 alpha + Basic + One-Step,NASDAQ:IPGP,0.0
2021-09-17,12,AR1 alpha + Basic + One-Step,NASDAQ:IPGP,0.0
2021-09-20,12,AR1 alpha + Basic + One-Step,NASDAQ:IPGP,0.0
2021-09-21,12,AR1 alpha + Basic + One-Step,NASDAQ:IPGP,9.374985561928993e-08
2021-09-22,12,AR1 alpha + Basic + One-Step,NASDAQ:IPGP,0.0
2021-09-23,12,AR1 alpha + Basic + One-Step,NASDAQ:IPGP,0.0
2021-09-24,12,AR1 alpha + Basic + One-Step,NASDAQ:IPGP,0.0
2021-09-27,12,AR1 alpha + Basic + One-Step,NASDAQ:IPGP,0.0
2021-09-28,12,AR1 alpha + Basic + One-Step,NASDAQ:IPGP,0.0
2021-09-29,12,AR1 alpha + Basic + One-Step,NASDAQ:IPGP,0.0
2021-09-30,12,AR1 alpha + Basic + One-Step,NASDAQ:IPGP,0.0
2021-10-01,12,AR1 alpha + Basic + One-Step,NASDAQ:IPGP,0.0
2021-10-04,12,AR1 alpha + Basic + One-Step,NASDAQ:IPGP,0.0
2021-10-05,12,AR1 alpha + Basic + One-Step,NASDAQ:IPGP,0.0
2021-10-06,12,AR1 alpha + Basic + One-Step,NASDAQ:IPGP,1.71681830792193e-07
2021-10-07,12,AR1 alpha + Basic + One-Step,NASDAQ:IPGP,0.0
2021-10-08,12,AR1 alpha + Basic + One-Step,NASDAQ:IPGP,0.0
2021-10-11,12,AR1 alpha + Basic + One-Step,NASDAQ:IPGP,0.0
2021-10-12,12,AR1 alpha + Basic + One-Step,NASDAQ:IPGP,0.0
2021-10-13,12,AR1 alpha + Basic + One-Step,NASDAQ:IPGP,0.0
2021-10-14,12,AR1 alpha + Basic + One-Step,NASDAQ:IPGP,0.0
2021-10-15,12,AR1 alpha + Basic + One-Step,NASDAQ:IPGP,0.0
2021-10-18,12,AR1 alpha + Basic + One-Step,NASDAQ:IPGP,0.0
2021-10-19,12,AR1 alpha + Basic + One-Step,NASDAQ:IPGP,0.0
2021-10-20,12,AR1 alpha + Basic + One-Step,NASDAQ:IPGP,0.0
2021-10-21,12,AR1 alpha + Basic + One-Step,NASDAQ:IPGP,0.0
2021-10-22,12,AR1 alpha + Basic + One-Step,NASDAQ:IPGP,0.0
2021-10-25,12,AR1 alpha + Basic + One-Step,NASDAQ:IPGP,0.0
2021-10-26,12,AR1 alpha + Basic + One-Step,NASDAQ:IPGP,0.0
2021-10-27,12,AR1 alpha + Basic + One-Step,NASDAQ:IPGP,0.0
2021-10-28,12,AR1 alpha + Basic + One-Step,NASDAQ:IPGP,0.0
2021-10-29,12,AR1 alpha + Basic + One-Step,NASDAQ:IPGP,0.0
2021-11-01,12,AR1 alpha + Basic + One-Step,NASDAQ:IPGP,2.0460885595640958e-07
2021-11-02,12,AR1 alpha + Basic + One-Step,NASDAQ:IPGP,0.0
2021-11-03,12,AR1 alpha + Basic + One-Step,NASDAQ:IPGP,0.0
2021-11-04,12,AR1 alpha + Basic + One-Step,NASDAQ:IPGP,0.0
2021-11-05,12,AR1 alpha + Basic + One-Step,NASDAQ:IPGP,0.0
2021-11-08,12,AR1 alpha + Basic + One-Step,NASDAQ:IPGP,0.0
2021-11-09,12,AR1 alpha + Basic + One-Step,NASDAQ:IPGP,1.4091116233887951e-08
2021-11-10,12,AR1 alpha + Basic + One-Step,NASDAQ:IPGP,5.961987604260132e-09
2021-11-11,12,AR1 alpha + Basic + One-Step,NASDAQ:IPGP,0.0
2021-11-12,12,AR1 alpha + Basic + One-Step,NASDAQ:IPGP,0.0
2021-11-15,12,AR1 alpha + Basic + One-Step,NASDAQ:IPGP,0.0
2021-11-16,12,AR1 alpha + Basic + One-Step,NASDAQ:IPGP,0.0
2021-11-17,12,AR1 alpha + Basic + One-Step,NASDAQ:IPGP,0.0
2021-11-18,12,AR1 alpha + Basic + One-Step,NASDAQ:IPGP,0.0
2021-11-19,12,AR1 alpha + Basic + One-Step,NASDAQ:IPGP,0.0
2021-11-22,12,AR1 alpha + Basic + One-Step,NASDAQ:IPGP,0.0
2021-11-23,12,AR1 alpha + Basic + One-Step,NASDAQ:IPGP,0.0
2021-11-24,12,AR1 alpha + Basic + One-Step,NASDAQ:IPGP,0.0
2021-11-26,12,AR1 alpha + Basic + One-Step,NASDAQ:IPGP,0.0
2021-11-29,12,AR1 alpha + Basic + One-Step,NASDAQ:IPGP,0.0
2021-11-30,12,AR1 alpha + Basic + One-Step,NASDAQ:IPGP,4.991749712257225e-08
2021-12-01,12,AR1 alpha + Basic + One-Step,NASDAQ:IPGP,0.0
2021-12-02,12,AR1 alpha + Basic + One-Step,NASDAQ:IPGP,0.0
2021-12-03,12,AR1 alpha + Basic + One-Step,NASDAQ:IPGP,0.0
2021-12-06,12,AR1 alpha + Basic + One-Step,NASDAQ:IPGP,0.0
2021-12-07,12,AR1 alpha + Basic + One-Step,NASDAQ:IPGP,0.0
2021-12-08,12,AR1 alpha + Basic + One-Step,NASDAQ:IPGP,0.0
2021-12-09,12,AR1 alpha + Basic + One-Step,NASDAQ:IPGP,0.0
2021-12-10,12,AR1 alpha + Basic + One-Step,NASDAQ:IPGP,0.0
2021-12-13,12,AR1 alpha + Basic + One-Step,NASDAQ:IPGP,0.0
2021-12-14,12,AR1 alpha + Basic + One-Step,NASDAQ:IPGP,7.94639860412234e-09
2021-12-15,12,AR1 alpha + Basic + One-Step,NASDAQ:IPGP,0.0
2021-12-16,12,AR1 alpha + Basic + One-Step,NASDAQ:IPGP,0.0
2021-12-17,12,AR1 alpha + Basic + One-Step,NASDAQ:IPGP,0.0
2021-12-20,12,AR1 alpha + Basic + One-Step,NASDAQ:IPGP,0.0
2021-12-21,12,AR1 alpha + Basic + One-Step,NASDAQ:IPGP,0.0
2021-12-22,12,AR1 alpha + Basic + One-Step,NASDAQ:IPGP,1.7245841952953321e-07
2021-12-23,12,AR1 alpha + Basic + One-Step,NASDAQ:IPGP,0.0
2021-12-27,12,AR1 alpha + Basic + One-Step,NASDAQ:IPGP,0.0
2021-12-28,12,AR1 alpha + Basic + One-Step,NASDAQ:IPGP,0.0
2021-12-29,12,AR1 alpha + Basic + One-Step,NASDAQ:IPGP,0.0
2021-12-30,12,AR1 alpha + Basic + One-Step,NASDAQ:IPGP,5.479274269811973e-07
2021-12-31,12,AR1 alpha + Basic + One-Step,NASDAQ:IPGP,1.560671769487262e-07
2022-01-03,12,AR1 alpha + Basic + One-Step,NASDAQ:IPGP,1.324027243907351e-07
2022-01-04,12,AR1 alpha + Basic + One-Step,NASDAQ:IPGP,0.0
2022-01-05,12,AR1 alpha + Basic + One-Step,NASDAQ:IPGP,0.0
2022-01-06,12,AR1 alpha + Basic + One-Step,NASDAQ:IPGP,0.0
2022-01-07,12,AR1 alpha + Basic + One-Step,NASDAQ:IPGP,5.4973566130744975e-08
2022-01-10,12,AR1 alpha + Basic + One-Step,NASDAQ:IPGP,0.0
2022-01-11,12,AR1 alpha + Basic + One-Step,NASDAQ:IPGP,0.0
2022-01-12,12,AR1 alpha + Basic + One-Step,NASDAQ:IPGP,0.0
2022-01-13,12,AR1 alpha + Basic + One-Step,NASDAQ:IPGP,1.0406051478009238e-06
2022-01-14,12,AR1 alpha + Basic + One-Step,NASDAQ:IPGP,0.0
2022-01-18,12,AR1 alpha + Basic + One-Step,NASDAQ:IPGP,0.0
2022-01-19,12,AR1 alpha + Basic + One-Step,NASDAQ:IPGP,0.0
2022-01-20,12,AR1 alpha + Basic + One-Step,NASDAQ:IPGP,0.0
2022-01-21,12,AR1 alpha + Basic + One-Step,NASDAQ:IPGP,3.0713698573309987e-07
2022-01-24,12,AR1 alpha + Basic + One-Step,NASDAQ:IPGP,0.0
2022-01-25,12,AR1 alpha + Basic + One-Step,NASDAQ:IPGP,0.0
2022-01-26,12,AR1 alpha + Basic + One-Step,NASDAQ:IPGP,2.8288420483227872e-08
2022-01-27,12,AR1 alpha + Basic + One-Step,NASDAQ:IPGP,0.0
2022-01-28,12,AR1 alpha + Basic + One-Step,NASDAQ:IPGP,0.0
2022-01-31,12,AR1 alpha + Basic + One-Step,NASDAQ:IPGP,0.0
2022-02-01,12,AR1 alpha + Basic + One-Step,NASDAQ:IPGP,0.0
2022-02-02,12,AR1 alpha + Basic + One-Step,NASDAQ:IPGP,0.0
2022-02-03,12,AR1 alpha + Basic + One-Step,NASDAQ:IPGP,0.0
2022-02-04,12,AR1 alpha + Basic + One-Step,NASDAQ:IPGP,1.2988789845165047e-07
2022-02-07,12,AR1 alpha + Basic + One-Step,NASDAQ:IPGP,1.8151580458189086e-07
2022-02-08,12,AR1 alpha + Basic + One-Step,NASDAQ:IPGP,7.126335242759904e-07
2022-02-09,12,AR1 alpha + Basic + One-Step,NASDAQ:IPGP,0.0
2022-02-10,12,AR1 alpha + Basic + One-Step,NASDAQ:IPGP,0.0
2022-02-11,12,AR1 alpha + Basic + One-Step,NASDAQ:IPGP,1.6172615748494463e-08
2022-02-14,12,AR1 alpha + Basic + One-Step,NASDAQ:IPGP,0.0
2022-02-15,12,AR1 alpha + Basic + One-Step,NASDAQ:IPGP,0.0
2022-02-16,12,AR1 alpha + Basic + One-Step,NASDAQ:IPGP,0.0
2022-02-17,12,AR1 alpha + Basic + One-Step,NASDAQ:IPGP,0.0
2022-02-18,12,AR1 alpha + Basic + One-Step,NASDAQ:IPGP,2.0282551743342751e-07
2022-02-22,12,AR1 alpha + Basic + One-Step,NASDAQ:IPGP,6.600011152736463e-08
2022-02-23,12,AR1 alpha + Basic + One-Step,NASDAQ:IPGP,0.0
2022-02-24,12,AR1 alpha + Basic + One-Step,NASDAQ:IPGP,0.0
2022-02-25,12,AR1 alpha + Basic + One-Step,NASDAQ:IPGP,0.0
2022-02-28,12,AR1 alpha + Basic + One-Step,NASDAQ:IPGP,0.0
2022-03-01,12,AR1 alpha + Basic + One-Step,NASDAQ:IPGP,3.996050579765968e-08
2022-03-02,12,AR1 alpha + Basic + One-Step,NASDAQ:IPGP,6.440592099204989e-08
2022-03-03,12,AR1 alpha + Basic + One-Step,NASDAQ:IPGP,0.0
2022-03-04,12,AR1 alpha + Basic + One-Step,NASDAQ:IPGP,0.0
2022-03-07,12,AR1 alpha + Basic + One-Step,NASDAQ:IPGP,7.166883043876834e-10
2022-03-08,12,AR1 alpha + Basic + One-Step,NASDAQ:IPGP,8.759624773807002e-07
2022-03-09,12,AR1 alpha + Basic + One-Step,NASDAQ:IPGP,0.0
2022-03-10,12,AR1 alpha + Basic + One-Step,NASDAQ:IPGP,0.0
2022-03-11,12,AR1 alpha + Basic + One-Step,NASDAQ:IPGP,0.0
2022-03-14,12,AR1 alpha + Basic + One-Step,NASDAQ:IPGP,0.0
2022-03-15,12,AR1 alpha + Basic + One-Step,NASDAQ:IPGP,0.0
2022-03-16,12,AR1 alpha + Basic + One-Step,NASDAQ:IPGP,0.0
2022-03-17,12,AR1 alpha + Basic + One-Step,NASDAQ:IPGP,0.0
2022-03-18,12,AR1 alpha + Basic + One-Step,NASDAQ:IPGP,0.0
2022-03-21,12,AR1 alpha + Basic + One-Step,NASDAQ:IPGP,0.0
2022-03-22,12,AR1 alpha + Basic + One-Step,NASDAQ:IPGP,0.0
2022-03-23,12,AR1 alpha + Basic + One-Step,NASDAQ:IPGP,0.0
2022-03-24,12,AR1 alpha + Basic + One-Step,NASDAQ:IPGP,3.8332576322285336e-08
2022-03-25,12,AR1 alpha + Basic + One-Step,NASDAQ:IPGP,0.0
2022-03-28,12,AR1 alpha + Basic + One-Step,NASDAQ:IPGP,0.0
2022-03-29,12,AR1 alpha + Basic + One-Step,NASDAQ:IPGP,0.0
2022-03-30,12,AR1 alpha + Basic + One-Step,NASDAQ:IPGP,0.0
2022-03-31,12,AR1 alpha + Basic + One-Step,NASDAQ:IPGP,0.0
2022-04-01,12,AR1 alpha + Basic + One-Step,NASDAQ:IPGP,0.0
2022-04-04,12,AR1 alpha + Basic + One-Step,NASDAQ:IPGP,0.0
2022-04-05,12,AR1 alpha + Basic + One-Step,NASDAQ:IPGP,0.0
2022-04-06,12,AR1 alpha + Basic + One-Step,NASDAQ:IPGP,0.0
2022-04-07,12,AR1 alpha + Basic + One-Step,NASDAQ:IPGP,0.0
2022-04-08,12,AR1 alpha + Basic + One-Step,NASDAQ:IPGP,0.0
2022-04-11,12,AR1 alpha + Basic + One-Step,NASDAQ:IPGP,0.0
2022-04-12,12,AR1 alpha + Basic + One-Step,NASDAQ:IPGP,0.0
2022-04-13,12,AR1 alpha + Basic + One-Step,NASDAQ:IPGP,2.620572141999496e-07
2022-04-14,12,AR1 alpha + Basic + One-Step,NASDAQ:IPGP,1.3287342024233786e-08
2022-04-18,12,AR1 alpha + Basic + One-Step,NASDAQ:IPGP,0.0
2022-04-19,12,AR1 alpha + Basic + One-Step,NASDAQ:IPGP,0.0
2022-04-20,12,AR1 alpha + Basic + One-Step,NASDAQ:IPGP,4.868058001150339e-08
2022-04-21,12,AR1 alpha + Basic + One-Step,NASDAQ:IPGP,0.0
2022-04-22,12,AR1 alpha + Basic + One-Step,NASDAQ:IPGP,0.0
2022-04-25,12,AR1 alpha + Basic + One-Step,NASDAQ:IPGP,0.0
2022-04-26,12,AR1 alpha + Basic + One-Step,NASDAQ:IPGP,0.0
2022-04-27,12,AR1 alpha + Basic + One-Step,NASDAQ:IPGP,0.0
2022-04-28,12,AR1 alpha + Basic + One-Step,NASDAQ:IPGP,0.0
2022-04-29,12,AR1 alpha + Basic + One-Step,NASDAQ:IPGP,0.0
2022-05-02,12,AR1 alpha + Basic + One-Step,NASDAQ:IPGP,0.0
2022-05-03,12,AR1 alpha + Basic + One-Step,NASDAQ:IPGP,0.0
2022-05-04,12,AR1 alpha + Basic + One-Step,NASDAQ:IPGP,6.171216428435326e-07
2022-05-05,12,AR1 alpha + Basic + One-Step,NASDAQ:IPGP,0.0
2022-05-06,12,AR1 alpha + Basic + One-Step,NASDAQ:IPGP,0.0
2022-05-09,12,AR1 alpha + Basic + One-Step,NASDAQ:IPGP,0.0
2022-05-10,12,AR1 alpha + Basic + One-Step,NASDAQ:IPGP,2.1936027005335956e-07
2022-05-11,12,AR1 alpha + Basic + One-Step,NASDAQ:IPGP,0.0
2022-05-12,12,AR1 alpha + Basic + One-Step,NASDAQ:IPGP,0.0
2022-05-13,12,AR1 alpha + Basic + One-Step,NASDAQ:IPGP,0.0
2022-05-16,12,AR1 alpha + Basic + One-Step,NASDAQ:IPGP,4.0674223434102706e-07
2022-05-17,12,AR1 alpha + Basic + One-Step,NASDAQ:IPGP,2.830525773880118e-08
2022-05-18,12,AR1 alpha + Basic + One-Step,NASDAQ:IPGP,5.085229596762107e-07
2022-05-19,12,AR1 alpha + Basic + One-Step,NASDAQ:IPGP,0.0
2022-05-20,12,AR1 alpha + Basic + One-Step,NASDAQ:IPGP,0.0
2022-05-23,12,AR1 alpha + Basic + One-Step,NASDAQ:IPGP,2.1955045634994625e-07
2022-05-24,12,AR1 alpha + Basic + One-Step,NASDAQ:IPGP,0.0
2022-05-25,12,AR1 alpha + Basic + One-Step,NASDAQ:IPGP,1.379496131343263e-07
2022-05-26,12,AR1 alpha + Basic + One-Step,NASDAQ:IPGP,0.0
2022-05-27,12,AR1 alpha + Basic + One-Step,NASDAQ:IPGP,9.548093150493118e-10
2022-05-31,12,AR1 alpha + Basic + One-Step,NASDAQ:IPGP,0.0
2022-06-01,12,AR1 alpha + Basic + One-Step,NASDAQ:IPGP,0.0
2022-06-02,12,AR1 alpha + Basic + One-Step,NASDAQ:IPGP,0.0
2022-06-03,12,AR1 alpha + Basic + One-Step,NASDAQ:IPGP,0.0
2022-06-06,12,AR1 alpha + Basic + One-Step,NASDAQ:IPGP,0.0
2022-06-07,12,AR1 alpha + Basic + One-Step,NASDAQ:IPGP,0.0
2022-06-08,12,AR1 alpha + Basic + One-Step,NASDAQ:IPGP,1.0605996075368576e-07
2022-06-09,12,AR1 alpha + Basic + One-Step,NASDAQ:IPGP,0.0
2022-06-10,12,AR1 alpha + Basic + One-Step,NASDAQ:IPGP,1.0868388279648933e-07
2022-06-13,12,AR1 alpha + Basic + One-Step,NASDAQ:IPGP,3.310946127459112e-07
2022-06-14,12,AR1 alpha + Basic + One-Step,NASDAQ:IPGP,1.4801251548394534e-07
2022-06-15,12,AR1 alpha + Basic + One-Step,NASDAQ:IPGP,0.0
2022-06-16,12,AR1 alpha + Basic + One-Step,NASDAQ:IPGP,0.0
2022-06-17,12,AR1 alpha + Basic + One-Step,NASDAQ:IPGP,0.0
2022-06-21,12,AR1 alpha + Basic + One-Step,NASDAQ:IPGP,7.168596642287586e-07
2022-06-22,12,AR1 alpha + Basic + One-Step,NASDAQ:IPGP,2.3888464705204853e-07
2022-06-23,12,AR1 alpha + Basic + One-Step,NASDAQ:IPGP,0.0
2022-06-24,12,AR1 alpha + Basic + One-Step,NASDAQ:IPGP,0.0
2022-06-27,12,AR1 alpha + Basic + One-Step,NASDAQ:IPGP,0.0
2022-06-28,12,AR1 alpha + Basic + One-Step,NASDAQ:IPGP,0.0
2022-06-29,12,AR1 alpha + Basic + One-Step,NASDAQ:IPGP,0.0
2022-06-30,12,AR1 alpha + Basic + One-Step,NASDAQ:IPGP,0.0
2022-07-01,12,AR1 alpha + Basic + One-Step,NASDAQ:IPGP,0.0
2022-07-05,12,AR1 alpha + Basic + One-Step,NASDAQ:IPGP,0.0
2022-07-06,12,AR1 alpha + Basic + One-Step,NASDAQ:IPGP,0.0
2022-07-07,12,AR1 alpha + Basic + One-Step,NASDAQ:IPGP,0.0
2022-07-08,12,AR1 alpha + Basic + One-Step,NASDAQ:IPGP,0.0
2022-07-11,12,AR1 alpha + Basic + One-Step,NASDAQ:IPGP,0.0
2022-07-12,12,AR1 alpha + Basic + One-Step,NASDAQ:IPGP,4.111929317496555e-07
2022-07-13,12,AR1 alpha + Basic + One-Step,NASDAQ:IPGP,4.7134250980275963e-07
2022-07-14,12,AR1 alpha + Basic + One-Step,NASDAQ:IPGP,0.0
2022-07-15,12,AR1 alpha + Basic + One-Step,NASDAQ:IPGP,0.0
2022-07-18,12,AR1 alpha + Basic + One-Step,NASDAQ:IPGP,1.0312419586911938e-09
2022-07-19,12,AR1 alpha + Basic + One-Step,NASDAQ:IPGP,0.0
2022-07-20,12,AR1 alpha + Basic + One-Step,NASDAQ:IPGP,0.0
2022-07-21,12,AR1 alpha + Basic + One-Step,NASDAQ:IPGP,3.78298875501444e-08
2022-07-22,12,AR1 alpha + Basic + One-Step,NASDAQ:IPGP,0.0
2022-07-25,12,AR1 alpha + Basic + One-Step,NASDAQ:IPGP,0.0
2022-07-26,12,AR1 alpha + Basic + One-Step,NASDAQ:IPGP,0.0
2022-07-27,12,AR1 alpha + Basic + One-Step,NASDAQ:IPGP,0.0
2022-07-28,12,AR1 alpha + Basic + One-Step,NASDAQ:IPGP,0.0
2022-07-29,12,AR1 alpha + Basic + One-Step,NASDAQ:IPGP,0.0
2022-08-01,12,AR1 alpha + Basic + One-Step,NASDAQ:IPGP,0.0
2022-08-02,12,AR1 alpha + Basic + One-Step,NASDAQ:IPGP,0.0
2022-08-03,12,AR1 alpha + Basic + One-Step,NASDAQ:IPGP,0.0
2022-08-04,12,AR1 alpha + Basic + One-Step,NASDAQ:IPGP,0.0
2022-08-05,12,AR1 alpha + Basic + One-Step,NASDAQ:IPGP,0.0
2022-08-08,12,AR1 alpha + Basic + One-Step,NASDAQ:IPGP,0.0
2022-08-09,12,AR1 alpha + Basic + One-Step,NASDAQ:IPGP,0.0
2022-08-10,12,AR1 alpha + Basic + One-Step,NASDAQ:IPGP,0.0
2022-08-11,12,AR1 alpha + Basic + One-Step,NASDAQ:IPGP,0.0
2022-08-12,12,AR1 alpha + Basic + One-Step,NASDAQ:IPGP,0.0
2022-08-15,12,AR1 alpha + Basic + One-Step,NASDAQ:IPGP,0.0
2022-08-16,12,AR1 alpha + Basic + One-Step,NASDAQ:IPGP,0.0
2022-08-17,12,AR1 alpha + Basic + One-Step,NASDAQ:IPGP,0.0
2022-08-18,12,AR1 alpha + Basic + One-Step,NASDAQ:IPGP,0.0
2022-08-19,12,AR1 alpha + Basic + One-Step,NASDAQ:IPGP,0.0
2022-08-22,12,AR1 alpha + Basic + One-Step,NASDAQ:IPGP,0.0
2022-08-23,12,AR1 alpha + Basic + One-Step,NASDAQ:IPGP,0.0
2022-08-24,12,AR1 alpha + Basic + One-Step,NASDAQ:IPGP,1.0434131420824702e-07
2022-08-25,12,AR1 alpha + Basic + One-Step,NASDAQ:IPGP,0.0
2022-08-26,12,AR1 alpha + Basic + One-Step,NASDAQ:IPGP,0.0
2022-08-29,12,AR1 alpha + Basic + One-Step,NASDAQ:IPGP,0.0
2022-08-30,12,AR1 alpha + Basic + One-Step,NASDAQ:IPGP,0.0
2022-08-31,12,AR1 alpha + Basic + One-Step,NASDAQ:IPGP,0.0
2022-09-01,12,AR1 alpha + Basic + One-Step,NASDAQ:IPGP,0.0
2022-09-02,12,AR1 alpha + Basic + One-Step,NASDAQ:IPGP,0.0
2022-09-06,12,AR1 alpha + Basic + One-Step,NASDAQ:IPGP,0.0
2022-09-07,12,AR1 alpha + Basic + One-Step,NASDAQ:IPGP,0.0
2022-09-08,12,AR1 alpha + Basic + One-Step,NASDAQ:IPGP,4.5137787905757166e-07
2022-09-09,12,AR1 alpha + Basic + One-Step,NASDAQ:IPGP,0.0
2022-09-12,12,AR1 alpha + Basic + One-Step,NASDAQ:IPGP,0.0
2022-09-13,12,AR1 alpha + Basic + One-Step,NASDAQ:IPGP,0.0
2022-09-14,12,AR1 alpha + Basic + One-Step,NASDAQ:IPGP,7.389020282517812e-08
2022-09-15,12,AR1 alpha + Basic + One-Step,NASDAQ:IPGP,0.0
2022-09-16,12,AR1 alpha + Basic + One-Step,NASDAQ:IPGP,5.107869907714854e-08
2022-09-19,12,AR1 alpha + Basic + One-Step,NASDAQ:IPGP,0.0
2022-09-20,12,AR1 alpha + Basic + One-Step,NASDAQ:IPGP,0.0
2022-09-21,12,AR1 alpha + Basic + One-Step,NASDAQ:IPGP,0.0
2022-09-22,12,AR1 alpha + Basic + One-Step,NASDAQ:IPGP,0.0
2022-09-23,12,AR1 alpha + Basic + One-Step,NASDAQ:IPGP,0.0
2022-09-26,12,AR1 alpha + Basic + One-Step,NASDAQ:IPGP,2.9317957764430125e-09
2022-09-27,12,AR1 alpha + Basic + One-Step,NASDAQ:IPGP,0.0
2022-09-28,12,AR1 alpha + Basic + One-Step,NASDAQ:IPGP,0.0
2022-09-29,12,AR1 alpha + Basic + One-Step,NASDAQ:IPGP,0.0
2022-09-30,12,AR1 alpha + Basic + One-Step,NASDAQ:IPGP,0.0
2022-10-03,12,AR1 alpha + Basic + One-Step,NASDAQ:IPGP,0.0
2022-10-04,12,AR1 alpha + Basic + One-Step,NASDAQ:IPGP,0.0
2022-10-05,12,AR1 alpha + Basic + One-Step,NASDAQ:IPGP,1.4003232369418151e-08
2022-10-06,12,AR1 alpha + Basic + One-Step,NASDAQ:IPGP,0.0
2022-10-07,12,AR1 alpha + Basic + One-Step,NASDAQ:IPGP,0.0
2022-10-10,12,AR1 alpha + Basic + One-Step,NASDAQ:IPGP,0.0
2022-10-11,12,AR1 alpha + Basic + One-Step,NASDAQ:IPGP,3.470652426651595e-07
2022-10-12,12,AR1 alpha + Basic + One-Step,NASDAQ:IPGP,1.480754159966238e-07
2022-10-13,12,AR1 alpha + Basic + One-Step,NASDAQ:IPGP,0.0
2022-10-14,12,AR1 alpha + Basic + One-Step,NASDAQ:IPGP,1.0635494657299549e-07
2022-10-17,12,AR1 alpha + Basic + One-Step,NASDAQ:IPGP,0.0
2022-10-18,12,AR1 alpha + Basic + One-Step,NASDAQ:IPGP,0.0
2022-10-19,12,AR1 alpha + Basic + One-Step,NASDAQ:IPGP,5.189720400011744e-09
2022-10-20,12,AR1 alpha + Basic + One-Step,NASDAQ:IPGP,1.501480602967886e-10
2022-10-21,12,AR1 alpha + Basic + One-Step,NASDAQ:IPGP,5.4218480032670203e-08
2022-10-24,12,AR1 alpha + Basic + One-Step,NASDAQ:IPGP,0.0
2022-10-25,12,AR1 alpha + Basic + One-Step,NASDAQ:IPGP,0.0
2022-10-26,12,AR1 alpha + Basic + One-Step,NASDAQ:IPGP,0.0
2022-10-27,12,AR1 alpha + Basic + One-Step,NASDAQ:IPGP,0.0
2022-10-28,12,AR1 alpha + Basic + One-Step,NASDAQ:IPGP,0.0
2022-10-31,12,AR1 alpha + Basic + One-Step,NASDAQ:IPGP,0.0
2022-11-01,12,AR1 alpha + Basic + One-Step,NASDAQ:IPGP,0.0
2022-11-02,12,AR1 alpha + Basic + One-Step,NASDAQ:IPGP,4.2349384324057563e-07
2022-11-03,12,AR1 alpha + Basic + One-Step,NASDAQ:IPGP,8.861650482703452e-07
2022-11-04,12,AR1 alpha + Basic + One-Step,NASDAQ:IPGP,5.436159300344841e-07
2022-11-07,12,AR1 alpha + Basic + One-Step,NASDAQ:IPGP,5.956251909245657e-08
2022-11-08,12,AR1 alpha + Basic + One-Step,NASDAQ:IPGP,0.0
2022-11-09,12,AR1 alpha + Basic + One-Step,NASDAQ:IPGP,0.0
2022-11-10,12,AR1 alpha + Basic + One-Step,NASDAQ:IPGP,0.0
2022-11-11,12,AR1 alpha + Basic + One-Step,NASDAQ:IPGP,1.9338507681687401e-07
2022-11-14,12,AR1 alpha + Basic + One-Step,NASDAQ:IPGP,0.0
2022-11-15,12,AR1 alpha + Basic + One-Step,NASDAQ:IPGP,0.0
2022-11-16,12,AR1 alpha + Basic + One-Step,NASDAQ:IPGP,0.0
2022-11-17,12,AR1 alpha + Basic + One-Step,NASDAQ:IPGP,0.0
2022-11-18,12,AR1 alpha + Basic + One-Step,NASDAQ:IPGP,3.3665565597908693e-07
2022-11-21,12,AR1 alpha + Basic + One-Step,NASDAQ:IPGP,3.7975434021419395e-07
2022-11-22,12,AR1 alpha + Basic + One-Step,NASDAQ:IPGP,8.589825163305579e-08
2022-11-23,12,AR1 alpha + Basic + One-Step,NASDAQ:IPGP,0.0
2022-11-25,12,AR1 alpha + Basic + One-Step,NASDAQ:IPGP,0.0
2022-11-28,12,AR1 alpha + Basic + One-Step,NASDAQ:IPGP,0.0
2022-11-29,12,AR1 alpha + Basic + One-Step,NASDAQ:IPGP,0.0
2022-11-30,12,AR1 alpha + Basic + One-Step,NASDAQ:IPGP,0.0
2022-12-01,12,AR1 alpha + Basic + One-Step,NASDAQ:IPGP,0.0
2022-12-02,12,AR1 alpha + Basic + One-Step,NASDAQ:IPGP,0.0
2022-12-05,12,AR1 alpha + Basic + One-Step,NASDAQ:IPGP,0.0
2022-12-06,12,AR1 alpha + Basic + One-Step,NASDAQ:IPGP,0.0
2022-12-07,12,AR1 alpha + Basic + One-Step,NASDAQ:IPGP,0.0
2022-12-08,12,AR1 alpha + Basic + One-Step,NASDAQ:IPGP,0.0
2022-12-09,12,AR1 alpha + Basic + One-Step,NASDAQ:IPGP,0.0
2022-12-12,12,AR1 alpha + Basic + One-Step,NASDAQ:IPGP,1.7392578514729634e-08
2022-12-13,12,AR1 alpha + Basic + One-Step,NASDAQ:IPGP,5.334113178921321e-07
2022-12-14,12,AR1 alpha + Basic + One-Step,NASDAQ:IPGP,1.2726532099199805e-07
2022-12-15,12,AR1 alpha + Basic + One-Step,NASDAQ:IPGP,0.0
2022-12-16,12,AR1 alpha + Basic + One-Step,NASDAQ:IPGP,0.0
2022-12-19,12,AR1 alpha + Basic + One-Step,NASDAQ:IPGP,0.0
2022-12-20,12,AR1 alpha + Basic + One-Step,NASDAQ:IPGP,0.0
2022-12-21,12,AR1 alpha + Basic + One-Step,NASDAQ:IPGP,0.0
2022-12-22,12,AR1 alpha + Basic + One-Step,NASDAQ:IPGP,0.0
2022-12-23,12,AR1 alpha + Basic + One-Step,NASDAQ:IPGP,0.0
2022-12-27,12,AR1 alpha + Basic + One-Step,NASDAQ:IPGP,1.9099279116047143e-07
2022-12-28,12,AR1 alpha + Basic + One-Step,NASDAQ:IPGP,0.0
2022-12-29,12,AR1 alpha + Basic + One-Step,NASDAQ:IPGP,1.943025894732108e-08
2022-12-30,12,AR1 alpha + Basic + One-Step,NASDAQ:IPGP,0.0
2023-01-03,12,AR1 alpha + Basic + One-Step,NASDAQ:IPGP,1.1211479911610754e-07
2023-01-04,12,AR1 alpha + Basic + One-Step,NASDAQ:IPGP,0.0
2023-01-05,12,AR1 alpha + Basic + One-Step,NASDAQ:IPGP,0.0
2023-01-06,12,AR1 alpha + Basic + One-Step,NASDAQ:IPGP,0.0
2023-01-09,12,AR1 alpha + Basic + One-Step,NASDAQ:IPGP,0.0
2023-01-10,12,AR1 alpha + Basic + One-Step,NASDAQ:IPGP,0.0
2023-01-11,12,AR1 alpha + Basic + One-Step,NASDAQ:IPGP,1.6181412190284817e-08
2023-01-12,12,AR1 alpha + Basic + One-Step,NASDAQ:IPGP,0.0
2023-01-13,12,AR1 alpha + Basic + One-Step,NASDAQ:IPGP,1.2653962886419776e-08
2023-01-17,12,AR1 alpha + Basic + One-Step,NASDAQ:IPGP,0.0
2023-01-18,12,AR1 alpha + Basic + One-Step,NASDAQ:IPGP,0.0
2023-01-19,12,AR1 alpha + Basic + One-Step,NASDAQ:IPGP,0.0
2023-01-20,12,AR1 alpha + Basic + One-Step,NASDAQ:IPGP,0.0
2023-01-23,12,AR1 alpha + Basic + One-Step,NASDAQ:IPGP,0.0
2023-01-24,12,AR1 alpha + Basic + One-Step,NASDAQ:IPGP,0.0
2023-01-25,12,AR1 alpha + Basic + One-Step,NASDAQ:IPGP,0.0
2023-01-26,12,AR1 alpha + Basic + One-Step,NASDAQ:IPGP,0.0
2023-01-27,12,AR1 alpha + Basic + One-Step,NASDAQ:IPGP,0.0
2023-01-30,12,AR1 alpha + Basic + One-Step,NASDAQ:IPGP,0.0
2023-01-31,12,AR1 alpha + Basic + One-Step,NASDAQ:IPGP,0.0
2023-02-01,12,AR1 alpha + Basic + One-Step,NASDAQ:IPGP,0.0
2023-02-02,12,AR1 alpha + Basic + One-Step,NASDAQ:IPGP,5.062794792980289e-07
2023-02-03,12,AR1 alpha + Basic + One-Step,NASDAQ:IPGP,3.1157172011812743e-09
2023-02-06,12,AR1 alpha + Basic + One-Step,NASDAQ:IPGP,0.0
2023-02-07,12,AR1 alpha + Basic + One-Step,NASDAQ:IPGP,0.0
2023-02-08,12,AR1 alpha + Basic + One-Step,NASDAQ:IPGP,0.0
2023-02-09,12,AR1 alpha + Basic + One-Step,NASDAQ:IPGP,0.0
2023-02-10,12,AR1 alpha + Basic + One-Step,NASDAQ:IPGP,0.0
2023-02-13,12,AR1 alpha + Basic + One-Step,NASDAQ:IPGP,0.0
2023-02-14,12,AR1 alpha + Basic + One-Step,NASDAQ:IPGP,0.0
2023-02-15,12,AR1 alpha + Basic + One-Step,NASDAQ:IPGP,0.012304568874237417
2023-02-16,12,AR1 alpha + Basic + One-Step,NASDAQ:IPGP,0.019786627557111164
2023-02-17,12,AR1 alpha + Basic + One-Step,NASDAQ:IPGP,0.0
2023-02-21,12,AR1 alpha + Basic + One-Step,NASDAQ:IPGP,0.0
2023-02-22,12,AR1 alpha + Basic + One-Step,NASDAQ:IPGP,2.458873244368856e-07
2023-02-23,12,AR1 alpha + Basic + One-Step,NASDAQ:IPGP,8.833522132240944e-08
2023-02-24,12,AR1 alpha + Basic + One-Step,NASDAQ:IPGP,0.0
2023-02-27,12,AR1 alpha + Basic + One-Step,NASDAQ:IPGP,0.0
2023-02-28,12,AR1 alpha + Basic + One-Step,NASDAQ:IPGP,4.1746218468064867e-08
2023-03-01,12,AR1 alpha + Basic + One-Step,NASDAQ:IPGP,0.0
2023-03-02,12,AR1 alpha + Basic + One-Step,NASDAQ:IPGP,0.0
2023-03-03,12,AR1 alpha + Basic + One-Step,NASDAQ:IPGP,0.0
2023-03-06,12,AR1 alpha + Basic + One-Step,NASDAQ:IPGP,0.0
2023-03-07,12,AR1 alpha + Basic + One-Step,NASDAQ:IPGP,0.0
2023-03-08,12,AR1 alpha + Basic + One-Step,NASDAQ:IPGP,4.5308069489519425e-10
2023-03-09,12,AR1 alpha + Basic + One-Step,NASDAQ:IPGP,0.0
2023-03-10,12,AR1 alpha + Basic + One-Step,NASDAQ:IPGP,3.773039933525736e-09
2023-03-13,12,AR1 alpha + Basic + One-Step,NASDAQ:IPGP,2.9148315484930254e-07
2023-03-14,12,AR1 alpha + Basic + One-Step,NASDAQ:IPGP,0.0
2023-03-15,12,AR1 alpha + Basic + One-Step,NASDAQ:IPGP,0.0
2023-03-16,12,AR1 alpha + Basic + One-Step,NASDAQ:IPGP,2.100094045191796e-09
2023-03-17,12,AR1 alpha + Basic + One-Step,NASDAQ:IPGP,0.0
2023-03-20,12,AR1 alpha + Basic + One-Step,NASDAQ:IPGP,0.0
2023-03-21,12,AR1 alpha + Basic + One-Step,NASDAQ:IPGP,0.0
2023-03-22,12,AR1 alpha + Basic + One-Step,NASDAQ:IPGP,0.0
2023-03-23,12,AR1 alpha + Basic + One-Step,NASDAQ:IPGP,1.7522683818898912e-08
2023-03-24,12,AR1 alpha + Basic + One-Step,NASDAQ:IPGP,0.0
2023-03-27,12,AR1 alpha + Basic + One-Step,NASDAQ:IPGP,0.0
2023-03-28,12,AR1 alpha + Basic + One-Step,NASDAQ:IPGP,0.0
2023-03-29,12,AR1 alpha + Basic + One-Step,NASDAQ:IPGP,0.002097539797739316
2023-03-30,12,AR1 alpha + Basic + One-Step,NASDAQ:IPGP,0.0020973605817336156
2023-03-31,12,AR1 alpha + Basic + One-Step,NASDAQ:IPGP,0.0365981564209034
2023-04-03,12,AR1 alpha + Basic + One-Step,NASDAQ:IPGP,0.0
2023-04-04,12,AR1 alpha + Basic + One-Step,NASDAQ:IPGP,0.0
2023-04-05,12,AR1 alpha + Basic + One-Step,NASDAQ:IPGP,1.2382151549644532e-07
2023-04-06,12,AR1 alpha + Basic + One-Step,NASDAQ:IPGP,2.7319078325088344e-07
2023-04-10,12,AR1 alpha + Basic + One-Step,NASDAQ:IPGP,0.0
2023-04-11,12,AR1 alpha + Basic + One-Step,NASDAQ:IPGP,0.0
2023-04-12,12,AR1 alpha + Basic + One-Step,NASDAQ:IPGP,0.0
2023-04-13,12,AR1 alpha + Basic + One-Step,NASDAQ:IPGP,6.48342975192359e-09
2023-04-14,12,AR1 alpha + Basic + One-Step,NASDAQ:IPGP,0.0
2023-04-17,12,AR1 alpha + Basic + One-Step,NASDAQ:IPGP,0.0
2023-04-18,12,AR1 alpha + Basic + One-Step,NASDAQ:IPGP,0.0
2023-04-19,12,AR1 alpha + Basic + One-Step,NASDAQ:IPGP,2.3620156359890116e-09
2023-04-20,12,AR1 alpha + Basic + One-Step,NASDAQ:IPGP,2.3888207249710986e-09
2023-04-21,12,AR1 alpha + Basic + One-Step,NASDAQ:IPGP,8.754939594488785e-08
2023-04-24,12,AR1 alpha + Basic + One-Step,NASDAQ:IPGP,0.0
2023-04-25,12,AR1 alpha + Basic + One-Step,NASDAQ:IPGP,0.0
2023-04-26,12,AR1 alpha + Basic + One-Step,NASDAQ:IPGP,1.2671726251897266e-10
2023-04-27,12,AR1 alpha + Basic + One-Step,NASDAQ:IPGP,0.0
2023-04-28,12,AR1 alpha + Basic + One-Step,NASDAQ:IPGP,0.06612034855942482
2023-05-01,12,AR1 alpha + Basic + One-Step,NASDAQ:IPGP,0.10000001760338796
2023-05-02,12,AR1 alpha + Basic + One-Step,NASDAQ:IPGP,0.10000005335939324
2023-05-03,12,AR1 alpha + Basic + One-Step,NASDAQ:IPGP,0.09999782135417434
2023-05-04,12,AR1 alpha + Basic + One-Step,NASDAQ:IPGP,0.0
2023-05-05,12,AR1 alpha + Basic + One-Step,NASDAQ:IPGP,0.038420887325472504
2023-05-08,12,AR1 alpha + Basic + One-Step,NASDAQ:IPGP,1.147347811597875e-07
2023-05-09,12,AR1 alpha + Basic + One-Step,NASDAQ:IPGP,3.4265549231719755e-08
2023-05-10,12,AR1 alpha + Basic + One-Step,NASDAQ:IPGP,1.212993912391523e-07
2023-05-11,12,AR1 alpha + Basic + One-Step,NASDAQ:IPGP,4.333813625732764e-07
2023-05-12,12,AR1 alpha + Basic + One-Step,NASDAQ:IPGP,8.487083765998189e-07
2023-05-15,12,AR1 alpha + Basic + One-Step,NASDAQ:IPGP,3.648584274644156e-07
2023-05-16,12,AR1 alpha + Basic + One-Step,NASDAQ:IPGP,0.0
2023-05-17,12,AR1 alpha + Basic + One-Step,NASDAQ:IPGP,9.892305346157505e-08
2023-05-18,12,AR1 alpha + Basic + One-Step,NASDAQ:IPGP,0.0
2023-05-19,12,AR1 alpha + Basic + One-Step,NASDAQ:IPGP,0.0
2023-05-22,12,AR1 alpha + Basic + One-Step,NASDAQ:IPGP,0.0
2023-05-23,12,AR1 alpha + Basic + One-Step,NASDAQ:IPGP,0.0
2023-05-24,12,AR1 alpha + Basic + One-Step,NASDAQ:IPGP,0.0
2023-05-25,12,AR1 alpha + Basic + One-Step,NASDAQ:IPGP,0.0
2023-05-26,12,AR1 alpha + Basic + One-Step,NASDAQ:IPGP,0.0
2023-05-30,12,AR1 alpha + Basic + One-Step,NASDAQ:IPGP,0.0
2023-05-31,12,AR1 alpha + Basic + One-Step,NASDAQ:IPGP,0.0
2023-06-01,12,AR1 alpha + Basic + One-Step,NASDAQ:IPGP,0.0
2023-06-02,12,AR1 alpha + Basic + One-Step,NASDAQ:IPGP,0.0
2023-06-05,12,AR1 alpha + Basic + One-Step,NASDAQ:IPGP,0.0
2023-06-06,12,AR1 alpha + Basic + One-Step,NASDAQ:IPGP,7.824751571481466e-07
2023-06-07,12,AR1 alpha + Basic + One-Step,NASDAQ:IPGP,8.091879945610798e-08
2023-06-08,12,AR1 alpha + Basic + One-Step,NASDAQ:IPGP,1.3175580367049529e-08
2023-06-09,12,AR1 alpha + Basic + One-Step,NASDAQ:IPGP,5.034208335882431e-07
2023-06-12,12,AR1 alpha + Basic + One-Step,NASDAQ:IPGP,0.0
2023-06-13,12,AR1 alpha + Basic + One-Step,NASDAQ:IPGP,7.923477120322417e-08
2023-06-14,12,AR1 alpha + Basic + One-Step,NASDAQ:IPGP,0.09999962978846567
2023-06-15,12,AR1 alpha + Basic + One-Step,NASDAQ:IPGP,0.09999530185431
2023-06-16,12,AR1 alpha + Basic + One-Step,NASDAQ:IPGP,0.09999800424722513
2023-06-20,12,AR1 alpha + Basic + One-Step,NASDAQ:IPGP,0.09999522355180505
2023-06-21,12,AR1 alpha + Basic + One-Step,NASDAQ:IPGP,0.09249303529965243
2023-06-22,12,AR1 alpha + Basic + One-Step,NASDAQ:IPGP,0.08590002903355919
2023-06-23,12,AR1 alpha + Basic + One-Step,NASDAQ:IPGP,0.09999856445090918
2023-06-26,12,AR1 alpha + Basic + One-Step,NASDAQ:IPGP,1.5362548161429537e-07
2023-06-27,12,AR1 alpha + Basic + One-Step,NASDAQ:IPGP,0.09999614273050009
2023-06-28,12,AR1 alpha + Basic + One-Step,NASDAQ:IPGP,0.09999820941172104
2023-06-29,12,AR1 alpha + Basic + One-Step,NASDAQ:IPGP,0.07806925559665352
2023-06-30,12,AR1 alpha + Basic + One-Step,NASDAQ:IPGP,0.09999860408962379
2023-07-03,12,AR1 alpha + Basic + One-Step,NASDAQ:IPGP,0.09881680533184609
2023-07-05,12,AR1 alpha + Basic + One-Step,NASDAQ:IPGP,0.06232478847080096
2023-07-06,12,AR1 alpha + Basic + One-Step,NASDAQ:IPGP,0.02913441775917697
2023-07-07,12,AR1 alpha + Basic + One-Step,NASDAQ:IPGP,0.0
2023-07-10,12,AR1 alpha + Basic + One-Step,NASDAQ:IPGP,0.09049883823347528
2023-07-11,12,AR1 alpha + Basic + One-Step,NASDAQ:IPGP,0.09999914167643051
2023-07-12,12,AR1 alpha + Basic + One-Step,NASDAQ:IPGP,0.0999994855977439
2023-07-13,12,AR1 alpha + Basic + One-Step,NASDAQ:IPGP,0.09999837952462279
2023-07-14,12,AR1 alpha + Basic + One-Step,NASDAQ:IPGP,4.457736735538881e-07
2023-07-17,12,AR1 alpha + Basic + One-Step,NASDAQ:IPGP,0.00928244685255707
2023-07-18,12,AR1 alpha + Basic + One-Step,NASDAQ:IPGP,1.6393872366795313e-06
2023-07-19,12,AR1 alpha + Basic + One-Step,NASDAQ:IPGP,0.0
2023-07-20,12,AR1 alpha + Basic + One-Step,NASDAQ:IPGP,0.0
2023-07-21,12,AR1 alpha + Basic + One-Step,NASDAQ:IPGP,0.0
2023-07-24,12,AR1 alpha + Basic + One-Step,NASDAQ:IPGP,0.0
2023-07-25,12,AR1 alpha + Basic + One-Step,NASDAQ:IPGP,0.0
2023-07-26,12,AR1 alpha + Basic + One-Step,NASDAQ:IPGP,0.0
2023-07-27,12,AR1 alpha + Basic + One-Step,NASDAQ:IPGP,0.0
2023-07-28,12,AR1 alpha + Basic + One-Step,NASDAQ:IPGP,0.0
2023-07-31,12,AR1 alpha + Basic + One-Step,NASDAQ:IPGP,0.0
2023-08-01,12,AR1 alpha + Basic + One-Step,NASDAQ:IPGP,0.0
2023-08-02,12,AR1 alpha + Basic + One-Step,NASDAQ:IPGP,0.0
2023-08-03,12,AR1 alpha + Basic + One-Step,NASDAQ:IPGP,0.0
2023-08-04,12,AR1 alpha + Basic + One-Step,NASDAQ:IPGP,0.0
2023-08-07,12,AR1 alpha + Basic + One-Step,NASDAQ:IPGP,6.683859851557386e-10
2023-08-08,12,AR1 alpha + Basic + One-Step,NASDAQ:IPGP,0.0
2023-08-09,12,AR1 alpha + Basic + One-Step,NASDAQ:IPGP,0.0
2023-08-10,12,AR1 alpha + Basic + One-Step,NASDAQ:IPGP,0.0
2023-08-11,12,AR1 alpha + Basic + One-Step,NASDAQ:IPGP,3.6549866785030627e-07
2023-08-14,12,AR1 alpha + Basic + One-Step,NASDAQ:IPGP,0.0
2023-08-15,12,AR1 alpha + Basic + One-Step,NASDAQ:IPGP,0.0
2023-08-16,12,AR1 alpha + Basic + One-Step,NASDAQ:IPGP,0.0
2023-08-17,12,AR1 alpha + Basic + One-Step,NASDAQ:IPGP,0.0
2023-08-18,12,AR1 alpha + Basic + One-Step,NASDAQ:IPGP,0.0
2023-08-21,12,AR1 alpha + Basic + One-Step,NASDAQ:IPGP,3.069071721733846e-09
2023-08-22,12,AR1 alpha + Basic + One-Step,NASDAQ:IPGP,0.0
2023-08-23,12,AR1 alpha + Basic + One-Step,NASDAQ:IPGP,7.039612075095848e-08
2023-08-24,12,AR1 alpha + Basic + One-Step,NASDAQ:IPGP,0.0
2023-08-25,12,AR1 alpha + Basic + One-Step,NASDAQ:IPGP,8.079729521659917e-08
2023-08-28,12,AR1 alpha + Basic + One-Step,NASDAQ:IPGP,0.009061857808011005
2023-08-29,12,AR1 alpha + Basic + One-Step,NASDAQ:IPGP,0.017339540287532585
2023-08-30,12,AR1 alpha + Basic + One-Step,NASDAQ:IPGP,0.03972927970320804
2023-08-31,12,AR1 alpha + Basic + One-Step,NASDAQ:IPGP,0.03775422827869031
2023-09-01,12,AR1 alpha + Basic + One-Step,NASDAQ:IPGP,0.009684178723102439
2023-09-05,12,AR1 alpha + Basic + One-Step,NASDAQ:IPGP,0.0
2023-09-06,12,AR1 alpha + Basic + One-Step,NASDAQ:IPGP,3.3814741793021473e-09
2023-09-07,12,AR1 alpha + Basic + One-Step,NASDAQ:IPGP,1.819302981305142e-06
2023-09-08,12,AR1 alpha + Basic + One-Step,NASDAQ:IPGP,1.769747399597399e-06
2023-09-11,12,AR1 alpha + Basic + One-Step,NASDAQ:IPGP,5.259757352636525e-07
2023-09-12,12,AR1 alpha + Basic + One-Step,NASDAQ:IPGP,1.572587627516182e-06
2023-09-13,12,AR1 alpha + Basic + One-Step,NASDAQ:IPGP,0.0
2023-09-14,12,AR1 alpha + Basic + One-Step,NASDAQ:IPGP,0.0
2023-09-15,12,AR1 alpha + Basic + One-Step,NASDAQ:IPGP,0.0
2023-09-18,12,AR1 alpha + Basic + One-Step,NASDAQ:IPGP,0.0
2023-09-19,12,AR1 alpha + Basic + One-Step,NASDAQ:IPGP,3.06370587366491e-09
2023-09-20,12,AR1 alpha + Basic + One-Step,NASDAQ:IPGP,0.0
2023-09-21,12,AR1 alpha + Basic + One-Step,NASDAQ:IPGP,1.3043220024056055e-06
2023-09-22,12,AR1 alpha + Basic + One-Step,NASDAQ:IPGP,0.0
2023-09-25,12,AR1 alpha + Basic + One-Step,NASDAQ:IPGP,0.0
2023-09-26,12,AR1 alpha + Basic + One-Step,NASDAQ:IPGP,0.0
2023-09-27,12,AR1 alpha + Basic + One-Step,NASDAQ:IPGP,0.0
2023-09-28,12,AR1 alpha + Basic + One-Step,NASDAQ:IPGP,6.97233461980525e-08
2023-09-29,12,AR1 alpha + Basic + One-Step,NASDAQ:IPGP,0.0
2023-10-02,12,AR1 alpha + Basic + One-Step,NASDAQ:IPGP,0.0
2023-10-03,12,AR1 alpha + Basic + One-Step,NASDAQ:IPGP,0.0
2023-10-04,12,AR1 alpha + Basic + One-Step,NASDAQ:IPGP,0.0
2023-10-05,12,AR1 alpha + Basic + One-Step,NASDAQ:IPGP,0.0
2023-10-06,12,AR1 alpha + Basic + One-Step,NASDAQ:IPGP,0.0
2023-10-09,12,AR1 alpha + Basic + One-Step,NASDAQ:IPGP,3.887220822510489e-08
2023-10-10,12,AR1 alpha + Basic + One-Step,NASDAQ:IPGP,0.0
2023-10-11,12,AR1 alpha + Basic + One-Step,NASDAQ:IPGP,6.79393112912971e-09
2023-10-12,12,AR1 alpha + Basic + One-Step,NASDAQ:IPGP,0.0
2023-10-13,12,AR1 alpha + Basic + One-Step,NASDAQ:IPGP,0.0
2023-10-16,12,AR1 alpha + Basic + One-Step,NASDAQ:IPGP,1.8400908014999492e-08
2023-10-17,12,AR1 alpha + Basic + One-Step,NASDAQ:IPGP,0.0
2023-10-18,12,AR1 alpha + Basic + One-Step,NASDAQ:IPGP,0.0
2023-10-19,12,AR1 alpha + Basic + One-Step,NASDAQ:IPGP,0.0
2023-10-20,12,AR1 alpha + Basic + One-Step,NASDAQ:IPGP,0.0
2023-10-23,12,AR1 alpha + Basic + One-Step,NASDAQ:IPGP,0.0
2023-10-24,12,AR1 alpha + Basic + One-Step,NASDAQ:IPGP,0.0
2023-10-25,12,AR1 alpha + Basic + One-Step,NASDAQ:IPGP,0.0
2023-10-26,12,AR1 alpha + Basic + One-Step,NASDAQ:IPGP,0.0
2023-10-27,12,AR1 alpha + Basic + One-Step,NASDAQ:IPGP,0.0
2023-10-30,12,AR1 alpha + Basic + One-Step,NASDAQ:IPGP,0.0
2023-10-31,12,AR1 alpha + Basic + One-Step,NASDAQ:IPGP,0.0
2023-11-01,12,AR1 alpha + Basic + One-Step,NASDAQ:IPGP,0.0
2023-11-02,12,AR1 alpha + Basic + One-Step,NASDAQ:IPGP,0.0
2023-11-03,12,AR1 alpha + Basic + One-Step,NASDAQ:IPGP,0.0
2023-11-06,12,AR1 alpha + Basic + One-Step,NASDAQ:IPGP,0.0
2023-11-07,12,AR1 alpha + Basic + One-Step,NASDAQ:IPGP,1.2392436581986817e-08
2023-11-08,12,AR1 alpha + Basic + One-Step,NASDAQ:IPGP,1.954035025789674e-08
2023-11-09,12,AR1 alpha + Basic + One-Step,NASDAQ:IPGP,0.0
2023-11-10,12,AR1 alpha + Basic + One-Step,NASDAQ:IPGP,0.0
2023-11-13,12,AR1 alpha + Basic + One-Step,NASDAQ:IPGP,0.0
2023-11-14,12,AR1 alpha + Basic + One-Step,NASDAQ:IPGP,0.0
2023-11-15,12,AR1 alpha + Basic + One-Step,NASDAQ:IPGP,0.0
2023-11-16,12,AR1 alpha + Basic + One-Step,NASDAQ:IPGP,0.0
2023-11-17,12,AR1 alpha + Basic + One-Step,NASDAQ:IPGP,7.217820238777239e-08
2023-11-20,12,AR1 alpha + Basic + One-Step,NASDAQ:IPGP,0.0
2023-11-21,12,AR1 alpha + Basic + One-Step,NASDAQ:IPGP,0.0
2023-11-22,12,AR1 alpha + Basic + One-Step,NASDAQ:IPGP,0.0
2023-11-24,12,AR1 alpha + Basic + One-Step,NASDAQ:IPGP,0.0
2023-11-27,12,AR1 alpha + Basic + One-Step,NASDAQ:IPGP,0.0
2023-11-28,12,AR1 alpha + Basic + One-Step,NASDAQ:IPGP,2.1216060965871364e-08
2023-11-29,12,AR1 alpha + Basic + One-Step,NASDAQ:IPGP,0.0
2023-11-30,12,AR1 alpha + Basic + One-Step,NASDAQ:IPGP,0.0
2023-12-01,12,AR1 alpha + Basic + One-Step,NASDAQ:IPGP,1.325538761102887e-07
2023-12-04,12,AR1 alpha + Basic + One-Step,NASDAQ:IPGP,0.0
2023-12-05,12,AR1 alpha + Basic + One-Step,NASDAQ:IPGP,0.0
2023-12-06,12,AR1 alpha + Basic + One-Step,NASDAQ:IPGP,5.194560609684274e-08
2023-12-07,12,AR1 alpha + Basic + One-Step,NASDAQ:IPGP,0.0
2023-12-08,12,AR1 alpha + Basic + One-Step,NASDAQ:IPGP,0.0
2023-12-11,12,AR1 alpha + Basic + One-Step,NASDAQ:IPGP,0.0
2023-12-12,12,AR1 alpha + Basic + One-Step,NASDAQ:IPGP,0.0
2023-12-13,12,AR1 alpha + Basic + One-Step,NASDAQ:IPGP,0.0
2023-12-14,12,AR1 alpha + Basic + One-Step,NASDAQ:IPGP,0.0
2023-12-15,12,AR1 alpha + Basic + One-Step,NASDAQ:IPGP,0.0
2023-12-18,12,AR1 alpha + Basic + One-Step,NASDAQ:IPGP,0.0
2023-12-19,12,AR1 alpha + Basic + One-Step,NASDAQ:IPGP,0.0
2023-12-20,12,AR1 alpha + Basic + One-Step,NASDAQ:IPGP,0.0
2023-12-21,12,AR1 alpha + Basic + One-Step,NASDAQ:IPGP,0.0
2023-12-22,12,AR1 alpha + Basic + One-Step,NASDAQ:IPGP,4.074356202064451e-07
2023-12-26,12,AR1 alpha + Basic + One-Step,NASDAQ:IPGP,0.0
2023-12-27,12,AR1 alpha + Basic + One-Step,NASDAQ:IPGP,8.399719331002652e-10
2023-12-28,12,AR1 alpha + Basic + One-Step,NASDAQ:IPGP,0.0
2023-12-29,12,AR1 alpha + Basic + One-Step,NASDAQ:IPGP,0.0
2024-01-02,12,AR1 alpha + Basic + One-Step,NASDAQ:IPGP,0.0
2024-01-03,12,AR1 alpha + Basic + One-Step,NASDAQ:IPGP,0.0
2024-01-04,12,AR1 alpha + Basic + One-Step,NASDAQ:IPGP,0.0
2024-01-05,12,AR1 alpha + Basic + One-Step,NASDAQ:IPGP,0.0
2024-01-08,12,AR1 alpha + Basic + One-Step,NASDAQ:IPGP,0.0
2024-01-09,12,AR1 alpha + Basic + One-Step,NASDAQ:IPGP,0.0
2024-01-10,12,AR1 alpha + Basic + One-Step,NASDAQ:IPGP,0.0
2024-01-11,12,AR1 alpha + Basic + One-Step,NASDAQ:IPGP,2.464167668052029e-07
2024-01-12,12,AR1 alpha + Basic + One-Step,NASDAQ:IPGP,0.0
2024-01-16,12,AR1 alpha + Basic + One-Step,NASDAQ:IPGP,0.0
2024-01-17,12,AR1 alpha + Basic + One-Step,NASDAQ:IPGP,0.0
2024-01-18,12,AR1 alpha + Basic + One-Step,NASDAQ:IPGP,5.788038412536925e-07
2024-01-19,12,AR1 alpha + Basic + One-Step,NASDAQ:IPGP,0.0
2024-01-22,12,AR1 alpha + Basic + One-Step,NASDAQ:IPGP,0.0
2024-01-23,12,AR1 alpha + Basic + One-Step,NASDAQ:IPGP,0.0
2024-01-24,12,AR1 alpha + Basic + One-Step,NASDAQ:IPGP,4.712018660179266e-08
2024-01-25,12,AR1 alpha + Basic + One-Step,NASDAQ:IPGP,0.0
2024-01-26,12,AR1 alpha + Basic + One-Step,NASDAQ:IPGP,0.0
2024-01-29,12,AR1 alpha + Basic + One-Step,NASDAQ:IPGP,0.0
2024-01-30,12,AR1 alpha + Basic + One-Step,NASDAQ:IPGP,0.0
2024-01-31,12,AR1 alpha + Basic + One-Step,NASDAQ:IPGP,0.0
2024-02-01,12,AR1 alpha + Basic + One-Step,NASDAQ:IPGP,0.0
2024-02-02,12,AR1 alpha + Basic + One-Step,NASDAQ:IPGP,0.0
2024-02-05,12,AR1 alpha + Basic + One-Step,NASDAQ:IPGP,0.0
2024-02-06,12,AR1 alpha + Basic + One-Step,NASDAQ:IPGP,0.0
2024-02-07,12,AR1 alpha + Basic + One-Step,NASDAQ:IPGP,2.003063561432748e-08
2024-02-08,12,AR1 alpha + Basic + One-Step,NASDAQ:IPGP,8.752730323605065e-09
2024-02-09,12,AR1 alpha + Basic + One-Step,NASDAQ:IPGP,0.0
2024-02-12,12,AR1 alpha + Basic + One-Step,NASDAQ:IPGP,0.0
2024-02-13,12,AR1 alpha + Basic + One-Step,NASDAQ:IPGP,0.0
2024-02-14,12,AR1 alpha + Basic + One-Step,NASDAQ:IPGP,0.0
2024-02-15,12,AR1 alpha + Basic + One-Step,NASDAQ:IPGP,4.847801207429016e-08
2024-02-16,12,AR1 alpha + Basic + One-Step,NASDAQ:IPGP,0.0
2024-02-20,12,AR1 alpha + Basic + One-Step,NASDAQ:IPGP,0.0
2024-02-21,12,AR1 alpha + Basic + One-Step,NASDAQ:IPGP,1.3966797902983694e-08
2024-02-22,12,AR1 alpha + Basic + One-Step,NASDAQ:IPGP,0.0
2024-02-23,12,AR1 alpha + Basic + One-Step,NASDAQ:IPGP,0.0
2024-02-26,12,AR1 alpha + Basic + One-Step,NASDAQ:IPGP,0.0
2024-02-27,12,AR1 alpha + Basic + One-Step,NASDAQ:IPGP,0.0
2024-02-28,12,AR1 alpha + Basic + One-Step,NASDAQ:IPGP,0.0
2024-02-29,12,AR1 alpha + Basic + One-Step,NASDAQ:IPGP,0.0
2024-03-01,12,AR1 alpha + Basic + One-Step,NASDAQ:IPGP,0.0
2024-03-04,12,AR1 alpha + Basic + One-Step,NASDAQ:IPGP,0.0
2024-03-05,12,AR1 alpha + Basic + One-Step,NASDAQ:IPGP,0.0
2024-03-06,12,AR1 alpha + Basic + One-Step,NASDAQ:IPGP,0.0
2024-03-07,12,AR1 alpha + Basic + One-Step,NASDAQ:IPGP,0.0
2024-03-08,12,AR1 alpha + Basic + One-Step,NASDAQ:IPGP,0.0
2024-03-11,12,AR1 alpha + Basic + One-Step,NASDAQ:IPGP,0.0
2024-03-12,12,AR1 alpha + Basic + One-Step,NASDAQ:IPGP,0.0
2024-03-13,12,AR1 alpha + Basic + One-Step,NASDAQ:IPGP,0.0
2024-03-14,12,AR1 alpha + Basic + One-Step,NASDAQ:IPGP,1.2865831970946443e-07
2024-03-15,12,AR1 alpha + Basic + One-Step,NASDAQ:IPGP,1.080200103270564e-07
2024-03-18,12,AR1 alpha + Basic + One-Step,NASDAQ:IPGP,1.8034013459638874e-08
2024-03-19,12,AR1 alpha + Basic + One-Step,NASDAQ:IPGP,0.0
2024-03-20,12,AR1 alpha + Basic + One-Step,NASDAQ:IPGP,0.0
2024-03-21,12,AR1 alpha + Basic + One-Step,NASDAQ:IPGP,5.030635286779537e-08
2024-03-22,12,AR1 alpha + Basic + One-Step,NASDAQ:IPGP,0.0
2024-03-25,12,AR1 alpha + Basic + One-Step,NASDAQ:IPGP,0.0
2024-03-26,12,AR1 alpha + Basic + One-Step,NASDAQ:IPGP,0.0
2024-03-27,12,AR1 alpha + Basic + One-Step,NASDAQ:IPGP,0.0
2024-03-28,12,AR1 alpha + Basic + One-Step,NASDAQ:IPGP,0.0
2024-04-01,12,AR1 alpha + Basic + One-Step,NASDAQ:IPGP,1.185071232316183e-06
2024-04-02,12,AR1 alpha + Basic + One-Step,NASDAQ:IPGP,0.0
2024-04-03,12,AR1 alpha + Basic + One-Step,NASDAQ:IPGP,0.0
2024-04-04,12,AR1 alpha + Basic + One-Step,NASDAQ:IPGP,0.0
2024-04-05,12,AR1 alpha + Basic + One-Step,NASDAQ:IPGP,0.0
2024-04-08,12,AR1 alpha + Basic + One-Step,NASDAQ:IPGP,0.0
2024-04-09,12,AR1 alpha + Basic + One-Step,NASDAQ:IPGP,0.0
2024-04-10,12,AR1 alpha + Basic + One-Step,NASDAQ:IPGP,3.903739962475191e-07
2024-04-11,12,AR1 alpha + Basic + One-Step,NASDAQ:IPGP,0.0
2024-04-12,12,AR1 alpha + Basic + One-Step,NASDAQ:IPGP,0.0
2024-04-15,12,AR1 alpha + Basic + One-Step,NASDAQ:IPGP,0.0
2024-04-16,12,AR1 alpha + Basic + One-Step,NASDAQ:IPGP,0.0
2024-04-17,12,AR1 alpha + Basic + One-Step,NASDAQ:IPGP,8.656763257058091e-09
2024-04-18,12,AR1 alpha + Basic + One-Step,NASDAQ:IPGP,0.0
2024-04-19,12,AR1 alpha + Basic + One-Step,NASDAQ:IPGP,0.0
2020-03-25,12,AR1 alpha + Basic + One-Step,NASDAQ:OPCH,0.02
2020-03-26,12,AR1 alpha + Basic + One-Step,NASDAQ:OPCH,0.019999999999999997
2020-03-27,12,AR1 alpha + Basic + One-Step,NASDAQ:OPCH,0.0
2020-03-30,12,AR1 alpha + Basic + One-Step,NASDAQ:OPCH,0.0
2020-03-31,12,AR1 alpha + Basic + One-Step,NASDAQ:OPCH,0.0
2020-04-01,12,AR1 alpha + Basic + One-Step,NASDAQ:OPCH,0.0
2020-04-02,12,AR1 alpha + Basic + One-Step,NASDAQ:OPCH,0.0
2020-04-03,12,AR1 alpha + Basic + One-Step,NASDAQ:OPCH,0.10000006908400347
2020-04-06,12,AR1 alpha + Basic + One-Step,NASDAQ:OPCH,1.1311073763942688e-07
2020-04-07,12,AR1 alpha + Basic + One-Step,NASDAQ:OPCH,8.529205165459165e-08
2020-04-08,12,AR1 alpha + Basic + One-Step,NASDAQ:OPCH,0.0
2020-04-09,12,AR1 alpha + Basic + One-Step,NASDAQ:OPCH,0.0
2020-04-13,12,AR1 alpha + Basic + One-Step,NASDAQ:OPCH,0.0
2020-04-14,12,AR1 alpha + Basic + One-Step,NASDAQ:OPCH,0.0
2020-04-15,12,AR1 alpha + Basic + One-Step,NASDAQ:OPCH,0.0
2020-04-16,12,AR1 alpha + Basic + One-Step,NASDAQ:OPCH,6.342363297704151e-07
2020-04-17,12,AR1 alpha + Basic + One-Step,NASDAQ:OPCH,0.0
2020-04-20,12,AR1 alpha + Basic + One-Step,NASDAQ:OPCH,0.0
2020-04-21,12,AR1 alpha + Basic + One-Step,NASDAQ:OPCH,0.0
2020-04-22,12,AR1 alpha + Basic + One-Step,NASDAQ:OPCH,9.663387986983893e-09
2020-04-23,12,AR1 alpha + Basic + One-Step,NASDAQ:OPCH,0.0
2020-04-24,12,AR1 alpha + Basic + One-Step,NASDAQ:OPCH,0.01679396055453933
2020-04-27,12,AR1 alpha + Basic + One-Step,NASDAQ:OPCH,0.057495615954209475
2020-04-28,12,AR1 alpha + Basic + One-Step,NASDAQ:OPCH,0.03712639652448463
2020-04-29,12,AR1 alpha + Basic + One-Step,NASDAQ:OPCH,0.015446496432863192
2020-04-30,12,AR1 alpha + Basic + One-Step,NASDAQ:OPCH,0.09311829711151931
2020-05-01,12,AR1 alpha + Basic + One-Step,NASDAQ:OPCH,0.08720620361681171
2020-05-04,12,AR1 alpha + Basic + One-Step,NASDAQ:OPCH,0.06988597220906533
2020-05-05,12,AR1 alpha + Basic + One-Step,NASDAQ:OPCH,0.06627783281424095
2020-05-06,12,AR1 alpha + Basic + One-Step,NASDAQ:OPCH,0.03904401563358607
2020-05-07,12,AR1 alpha + Basic + One-Step,NASDAQ:OPCH,0.04392242919293503
2020-05-08,12,AR1 alpha + Basic + One-Step,NASDAQ:OPCH,0.04473875608739926
2020-05-11,12,AR1 alpha + Basic + One-Step,NASDAQ:OPCH,0.08045324260193235
2020-05-12,12,AR1 alpha + Basic + One-Step,NASDAQ:OPCH,0.01617814421628032
2020-05-13,12,AR1 alpha + Basic + One-Step,NASDAQ:OPCH,0.06161185173309261
2020-05-14,12,AR1 alpha + Basic + One-Step,NASDAQ:OPCH,0.07904439703056054
2020-05-15,12,AR1 alpha + Basic + One-Step,NASDAQ:OPCH,0.07117043985730905
2020-05-18,12,AR1 alpha + Basic + One-Step,NASDAQ:OPCH,0.0
2020-05-19,12,AR1 alpha + Basic + One-Step,NASDAQ:OPCH,0.021992947780057264
2020-05-20,12,AR1 alpha + Basic + One-Step,NASDAQ:OPCH,0.05095247531145753
2020-05-21,12,AR1 alpha + Basic + One-Step,NASDAQ:OPCH,0.0527764216186749
2020-05-22,12,AR1 alpha + Basic + One-Step,NASDAQ:OPCH,0.08880212296149133
2020-05-26,12,AR1 alpha + Basic + One-Step,NASDAQ:OPCH,0.033859464658442605
2020-05-27,12,AR1 alpha + Basic + One-Step,NASDAQ:OPCH,5.619507023862224e-07
2020-05-28,12,AR1 alpha + Basic + One-Step,NASDAQ:OPCH,0.0
2020-05-29,12,AR1 alpha + Basic + One-Step,NASDAQ:OPCH,0.01854259114082143
2020-06-01,12,AR1 alpha + Basic + One-Step,NASDAQ:OPCH,0.0745881265842292
2020-06-02,12,AR1 alpha + Basic + One-Step,NASDAQ:OPCH,0.06065319256741649
2020-06-03,12,AR1 alpha + Basic + One-Step,NASDAQ:OPCH,0.05602657842241041
2020-06-04,12,AR1 alpha + Basic + One-Step,NASDAQ:OPCH,0.09236799021307847
2020-06-05,12,AR1 alpha + Basic + One-Step,NASDAQ:OPCH,0.0
2020-06-08,12,AR1 alpha + Basic + One-Step,NASDAQ:OPCH,0.0
2020-06-09,12,AR1 alpha + Basic + One-Step,NASDAQ:OPCH,0.0
2020-06-10,12,AR1 alpha + Basic + One-Step,NASDAQ:OPCH,0.03744989030709837
2020-06-11,12,AR1 alpha + Basic + One-Step,NASDAQ:OPCH,0.0999975826582245
2020-06-12,12,AR1 alpha + Basic + One-Step,NASDAQ:OPCH,0.037631857293783884
2020-06-15,12,AR1 alpha + Basic + One-Step,NASDAQ:OPCH,0.10000000189560428
2020-06-16,12,AR1 alpha + Basic + One-Step,NASDAQ:OPCH,0.05608815590999736
2020-06-17,12,AR1 alpha + Basic + One-Step,NASDAQ:OPCH,0.09999727817383615
2020-06-18,12,AR1 alpha + Basic + One-Step,NASDAQ:OPCH,0.09999821172247765
2020-06-19,12,AR1 alpha + Basic + One-Step,NASDAQ:OPCH,0.09999795944206419
2020-06-22,12,AR1 alpha + Basic + One-Step,NASDAQ:OPCH,0.09999392976664442
2020-06-23,12,AR1 alpha + Basic + One-Step,NASDAQ:OPCH,0.09999820452847465
2020-06-24,12,AR1 alpha + Basic + One-Step,NASDAQ:OPCH,0.07967707000256262
2020-06-25,12,AR1 alpha + Basic + One-Step,NASDAQ:OPCH,0.09999680535407111
2020-06-26,12,AR1 alpha + Basic + One-Step,NASDAQ:OPCH,0.09999785508390045
2020-06-29,12,AR1 alpha + Basic + One-Step,NASDAQ:OPCH,0.09051766896006387
2020-06-30,12,AR1 alpha + Basic + One-Step,NASDAQ:OPCH,0.04576753937158269
2020-07-01,12,AR1 alpha + Basic + One-Step,NASDAQ:OPCH,0.08429272271242329
2020-07-02,12,AR1 alpha + Basic + One-Step,NASDAQ:OPCH,0.08904848768588162
2020-07-06,12,AR1 alpha + Basic + One-Step,NASDAQ:OPCH,0.08904466346814703
2020-07-07,12,AR1 alpha + Basic + One-Step,NASDAQ:OPCH,0.0451357062784079
2020-07-08,12,AR1 alpha + Basic + One-Step,NASDAQ:OPCH,0.016238056256122797
2020-07-09,12,AR1 alpha + Basic + One-Step,NASDAQ:OPCH,0.052205520510662004
2020-07-10,12,AR1 alpha + Basic + One-Step,NASDAQ:OPCH,0.030020758547667302
2020-07-13,12,AR1 alpha + Basic + One-Step,NASDAQ:OPCH,0.0
2020-07-14,12,AR1 alpha + Basic + One-Step,NASDAQ:OPCH,0.0
2020-07-15,12,AR1 alpha + Basic + One-Step,NASDAQ:OPCH,2.6231055106308583e-08
2020-07-16,12,AR1 alpha + Basic + One-Step,NASDAQ:OPCH,0.0
2020-07-17,12,AR1 alpha + Basic + One-Step,NASDAQ:OPCH,0.0
2020-07-20,12,AR1 alpha + Basic + One-Step,NASDAQ:OPCH,9.368512596139833e-08
2020-07-21,12,AR1 alpha + Basic + One-Step,NASDAQ:OPCH,0.06693708560322705
2020-07-22,12,AR1 alpha + Basic + One-Step,NASDAQ:OPCH,0.09677958085523676
2020-07-23,12,AR1 alpha + Basic + One-Step,NASDAQ:OPCH,0.03828057133343178
2020-07-24,12,AR1 alpha + Basic + One-Step,NASDAQ:OPCH,0.020110227862388787
2020-07-27,12,AR1 alpha + Basic + One-Step,NASDAQ:OPCH,1.418746796104721e-07
2020-07-28,12,AR1 alpha + Basic + One-Step,NASDAQ:OPCH,0.0
2020-07-29,12,AR1 alpha + Basic + One-Step,NASDAQ:OPCH,0.0
2020-07-30,12,AR1 alpha + Basic + One-Step,NASDAQ:OPCH,0.0
2020-07-31,12,AR1 alpha + Basic + One-Step,NASDAQ:OPCH,0.0
2020-08-03,12,AR1 alpha + Basic + One-Step,NASDAQ:OPCH,1.5800205974786058e-08
2020-08-04,12,AR1 alpha + Basic + One-Step,NASDAQ:OPCH,0.0
2020-08-05,12,AR1 alpha + Basic + One-Step,NASDAQ:OPCH,0.0
2020-08-06,12,AR1 alpha + Basic + One-Step,NASDAQ:OPCH,0.0
2020-08-07,12,AR1 alpha + Basic + One-Step,NASDAQ:OPCH,0.0
2020-08-10,12,AR1 alpha + Basic + One-Step,NASDAQ:OPCH,0.0
2020-08-11,12,AR1 alpha + Basic + One-Step,NASDAQ:OPCH,0.0
2020-08-12,12,AR1 alpha + Basic + One-Step,NASDAQ:OPCH,0.0
2020-08-13,12,AR1 alpha + Basic + One-Step,NASDAQ:OPCH,0.0
2020-08-14,12,AR1 alpha + Basic + One-Step,NASDAQ:OPCH,0.0
2020-08-17,12,AR1 alpha + Basic + One-Step,NASDAQ:OPCH,0.0
2020-08-18,12,AR1 alpha + Basic + One-Step,NASDAQ:OPCH,0.0
2020-08-19,12,AR1 alpha + Basic + One-Step,NASDAQ:OPCH,0.0
2020-08-20,12,AR1 alpha + Basic + One-Step,NASDAQ:OPCH,8.353892220782988e-08
2020-08-21,12,AR1 alpha + Basic + One-Step,NASDAQ:OPCH,0.0
2020-08-24,12,AR1 alpha + Basic + One-Step,NASDAQ:OPCH,0.0
2020-08-25,12,AR1 alpha + Basic + One-Step,NASDAQ:OPCH,0.0
2020-08-26,12,AR1 alpha + Basic + One-Step,NASDAQ:OPCH,0.0
2020-08-27,12,AR1 alpha + Basic + One-Step,NASDAQ:OPCH,0.0
2020-08-28,12,AR1 alpha + Basic + One-Step,NASDAQ:OPCH,0.0
2020-08-31,12,AR1 alpha + Basic + One-Step,NASDAQ:OPCH,0.0
2020-09-01,12,AR1 alpha + Basic + One-Step,NASDAQ:OPCH,0.0
2020-09-02,12,AR1 alpha + Basic + One-Step,NASDAQ:OPCH,0.0
2020-09-03,12,AR1 alpha + Basic + One-Step,NASDAQ:OPCH,0.0
2020-09-04,12,AR1 alpha + Basic + One-Step,NASDAQ:OPCH,0.0
2020-09-08,12,AR1 alpha + Basic + One-Step,NASDAQ:OPCH,0.0
2020-09-09,12,AR1 alpha + Basic + One-Step,NASDAQ:OPCH,1.381974344834945e-08
2020-09-10,12,AR1 alpha + Basic + One-Step,NASDAQ:OPCH,4.467788480122638e-11
2020-09-11,12,AR1 alpha + Basic + One-Step,NASDAQ:OPCH,0.0
2020-09-14,12,AR1 alpha + Basic + One-Step,NASDAQ:OPCH,0.0
2020-09-15,12,AR1 alpha + Basic + One-Step,NASDAQ:OPCH,0.0
2020-09-16,12,AR1 alpha + Basic + One-Step,NASDAQ:OPCH,0.0
2020-09-17,12,AR1 alpha + Basic + One-Step,NASDAQ:OPCH,0.0
2020-09-18,12,AR1 alpha + Basic + One-Step,NASDAQ:OPCH,0.0
2020-09-21,12,AR1 alpha + Basic + One-Step,NASDAQ:OPCH,0.0
2020-09-22,12,AR1 alpha + Basic + One-Step,NASDAQ:OPCH,0.0
2020-09-23,12,AR1 alpha + Basic + One-Step,NASDAQ:OPCH,3.4475405573281515e-09
2020-09-24,12,AR1 alpha + Basic + One-Step,NASDAQ:OPCH,9.423397349776221e-08
2020-09-25,12,AR1 alpha + Basic + One-Step,NASDAQ:OPCH,0.0
2020-09-28,12,AR1 alpha + Basic + One-Step,NASDAQ:OPCH,0.0
2020-09-29,12,AR1 alpha + Basic + One-Step,NASDAQ:OPCH,0.0
2020-09-30,12,AR1 alpha + Basic + One-Step,NASDAQ:OPCH,0.0
2020-10-01,12,AR1 alpha + Basic + One-Step,NASDAQ:OPCH,1.596876236138396e-07
2020-10-02,12,AR1 alpha + Basic + One-Step,NASDAQ:OPCH,0.0
2020-10-05,12,AR1 alpha + Basic + One-Step,NASDAQ:OPCH,5.652863019320421e-09
2020-10-06,12,AR1 alpha + Basic + One-Step,NASDAQ:OPCH,1.6328185450555008e-08
2020-10-07,12,AR1 alpha + Basic + One-Step,NASDAQ:OPCH,2.4542108335073013e-07
2020-10-08,12,AR1 alpha + Basic + One-Step,NASDAQ:OPCH,0.0
2020-10-09,12,AR1 alpha + Basic + One-Step,NASDAQ:OPCH,0.0
2020-10-12,12,AR1 alpha + Basic + One-Step,NASDAQ:OPCH,0.0
2020-10-13,12,AR1 alpha + Basic + One-Step,NASDAQ:OPCH,0.0
2020-10-14,12,AR1 alpha + Basic + One-Step,NASDAQ:OPCH,6.584251561744115e-08
2020-10-15,12,AR1 alpha + Basic + One-Step,NASDAQ:OPCH,0.0
2020-10-16,12,AR1 alpha + Basic + One-Step,NASDAQ:OPCH,0.0
2020-10-19,12,AR1 alpha + Basic + One-Step,NASDAQ:OPCH,3.3880884936875376e-08
2020-10-20,12,AR1 alpha + Basic + One-Step,NASDAQ:OPCH,0.0
2020-10-21,12,AR1 alpha + Basic + One-Step,NASDAQ:OPCH,0.0
2020-10-22,12,AR1 alpha + Basic + One-Step,NASDAQ:OPCH,0.0
2020-10-23,12,AR1 alpha + Basic + One-Step,NASDAQ:OPCH,0.0
2020-10-26,12,AR1 alpha + Basic + One-Step,NASDAQ:OPCH,0.0
2020-10-27,12,AR1 alpha + Basic + One-Step,NASDAQ:OPCH,3.5213843789533396e-09
2020-10-28,12,AR1 alpha + Basic + One-Step,NASDAQ:OPCH,0.0
2020-10-29,12,AR1 alpha + Basic + One-Step,NASDAQ:OPCH,0.0
2020-10-30,12,AR1 alpha + Basic + One-Step,NASDAQ:OPCH,0.0
2020-11-02,12,AR1 alpha + Basic + One-Step,NASDAQ:OPCH,0.0
2020-11-03,12,AR1 alpha + Basic + One-Step,NASDAQ:OPCH,0.0
2020-11-04,12,AR1 alpha + Basic + One-Step,NASDAQ:OPCH,0.0
2020-11-05,12,AR1 alpha + Basic + One-Step,NASDAQ:OPCH,0.0
2020-11-06,12,AR1 alpha + Basic + One-Step,NASDAQ:OPCH,0.0
2020-11-09,12,AR1 alpha + Basic + One-Step,NASDAQ:OPCH,0.0
2020-11-10,12,AR1 alpha + Basic + One-Step,NASDAQ:OPCH,0.0
2020-11-11,12,AR1 alpha + Basic + One-Step,NASDAQ:OPCH,0.0
2020-11-12,12,AR1 alpha + Basic + One-Step,NASDAQ:OPCH,0.0
2020-11-13,12,AR1 alpha + Basic + One-Step,NASDAQ:OPCH,0.0
2020-11-16,12,AR1 alpha + Basic + One-Step,NASDAQ:OPCH,0.0
2020-11-17,12,AR1 alpha + Basic + One-Step,NASDAQ:OPCH,0.0
2020-11-18,12,AR1 alpha + Basic + One-Step,NASDAQ:OPCH,0.0
2020-11-19,12,AR1 alpha + Basic + One-Step,NASDAQ:OPCH,3.762806897856277e-08
2020-11-20,12,AR1 alpha + Basic + One-Step,NASDAQ:OPCH,0.0
2020-11-23,12,AR1 alpha + Basic + One-Step,NASDAQ:OPCH,0.0
2020-11-24,12,AR1 alpha + Basic + One-Step,NASDAQ:OPCH,0.0
2020-11-25,12,AR1 alpha + Basic + One-Step,NASDAQ:OPCH,0.0
2020-11-27,12,AR1 alpha + Basic + One-Step,NASDAQ:OPCH,0.0
2020-11-30,12,AR1 alpha + Basic + One-Step,NASDAQ:OPCH,0.0
2020-12-01,12,AR1 alpha + Basic + One-Step,NASDAQ:OPCH,0.0
2020-12-02,12,AR1 alpha + Basic + One-Step,NASDAQ:OPCH,0.0
2020-12-03,12,AR1 alpha + Basic + One-Step,NASDAQ:OPCH,0.0
2020-12-04,12,AR1 alpha + Basic + One-Step,NASDAQ:OPCH,2.799953052881651e-09
2020-12-07,12,AR1 alpha + Basic + One-Step,NASDAQ:OPCH,0.0
2020-12-08,12,AR1 alpha + Basic + One-Step,NASDAQ:OPCH,1.040529005162012e-07
2020-12-09,12,AR1 alpha + Basic + One-Step,NASDAQ:OPCH,0.0
2020-12-10,12,AR1 alpha + Basic + One-Step,NASDAQ:OPCH,0.0
2020-12-11,12,AR1 alpha + Basic + One-Step,NASDAQ:OPCH,0.012035407618365076
2020-12-14,12,AR1 alpha + Basic + One-Step,NASDAQ:OPCH,0.019552468751258264
2020-12-15,12,AR1 alpha + Basic + One-Step,NASDAQ:OPCH,0.0013089455184154787
2020-12-16,12,AR1 alpha + Basic + One-Step,NASDAQ:OPCH,0.0
2020-12-17,12,AR1 alpha + Basic + One-Step,NASDAQ:OPCH,0.0
2020-12-18,12,AR1 alpha + Basic + One-Step,NASDAQ:OPCH,0.0
2020-12-21,12,AR1 alpha + Basic + One-Step,NASDAQ:OPCH,3.5140041702921963e-07
2020-12-22,12,AR1 alpha + Basic + One-Step,NASDAQ:OPCH,0.0
2020-12-23,12,AR1 alpha + Basic + One-Step,NASDAQ:OPCH,0.0
2020-12-24,12,AR1 alpha + Basic + One-Step,NASDAQ:OPCH,0.0
2020-12-28,12,AR1 alpha + Basic + One-Step,NASDAQ:OPCH,0.0
2020-12-29,12,AR1 alpha + Basic + One-Step,NASDAQ:OPCH,0.0
2020-12-30,12,AR1 alpha + Basic + One-Step,NASDAQ:OPCH,0.0
2020-12-31,12,AR1 alpha + Basic + One-Step,NASDAQ:OPCH,0.0
2021-01-04,12,AR1 alpha + Basic + One-Step,NASDAQ:OPCH,0.0
2021-01-05,12,AR1 alpha + Basic + One-Step,NASDAQ:OPCH,0.0
2021-01-06,12,AR1 alpha + Basic + One-Step,NASDAQ:OPCH,0.0
2021-01-07,12,AR1 alpha + Basic + One-Step,NASDAQ:OPCH,0.0
2021-01-08,12,AR1 alpha + Basic + One-Step,NASDAQ:OPCH,0.0
2021-01-11,12,AR1 alpha + Basic + One-Step,NASDAQ:OPCH,0.0
2021-01-12,12,AR1 alpha + Basic + One-Step,NASDAQ:OPCH,0.0
2021-01-13,12,AR1 alpha + Basic + One-Step,NASDAQ:OPCH,0.0
2021-01-14,12,AR1 alpha + Basic + One-Step,NASDAQ:OPCH,0.0
2021-01-15,12,AR1 alpha + Basic + One-Step,NASDAQ:OPCH,0.0
2021-01-19,12,AR1 alpha + Basic + One-Step,NASDAQ:OPCH,0.0
2021-01-20,12,AR1 alpha + Basic + One-Step,NASDAQ:OPCH,0.0
2021-01-21,12,AR1 alpha + Basic + One-Step,NASDAQ:OPCH,0.0
2021-01-22,12,AR1 alpha + Basic + One-Step,NASDAQ:OPCH,0.0
2021-01-25,12,AR1 alpha + Basic + One-Step,NASDAQ:OPCH,0.0
2021-01-26,12,AR1 alpha + Basic + One-Step,NASDAQ:OPCH,0.0
2021-01-27,12,AR1 alpha + Basic + One-Step,NASDAQ:OPCH,0.0
2021-01-28,12,AR1 alpha + Basic + One-Step,NASDAQ:OPCH,0.0
2021-01-29,12,AR1 alpha + Basic + One-Step,NASDAQ:OPCH,0.0
2021-02-01,12,AR1 alpha + Basic + One-Step,NASDAQ:OPCH,2.0386550252770272e-07
2021-02-02,12,AR1 alpha + Basic + One-Step,NASDAQ:OPCH,0.0
2021-02-03,12,AR1 alpha + Basic + One-Step,NASDAQ:OPCH,0.0
2021-02-04,12,AR1 alpha + Basic + One-Step,NASDAQ:OPCH,0.0
2021-02-05,12,AR1 alpha + Basic + One-Step,NASDAQ:OPCH,0.0
2021-02-08,12,AR1 alpha + Basic + One-Step,NASDAQ:OPCH,9.945827985015732e-08
2021-02-09,12,AR1 alpha + Basic + One-Step,NASDAQ:OPCH,0.0
2021-02-10,12,AR1 alpha + Basic + One-Step,NASDAQ:OPCH,0.0019878962730456016
2021-02-11,12,AR1 alpha + Basic + One-Step,NASDAQ:OPCH,0.0
2021-02-12,12,AR1 alpha + Basic + One-Step,NASDAQ:OPCH,0.0
2021-02-16,12,AR1 alpha + Basic + One-Step,NASDAQ:OPCH,0.0
2021-02-17,12,AR1 alpha + Basic + One-Step,NASDAQ:OPCH,0.0
2021-02-18,12,AR1 alpha + Basic + One-Step,NASDAQ:OPCH,0.0
2021-02-19,12,AR1 alpha + Basic + One-Step,NASDAQ:OPCH,0.0
2021-02-22,12,AR1 alpha + Basic + One-Step,NASDAQ:OPCH,3.176341816539929e-07
2021-02-23,12,AR1 alpha + Basic + One-Step,NASDAQ:OPCH,7.707647684753524e-08
2021-02-24,12,AR1 alpha + Basic + One-Step,NASDAQ:OPCH,0.0
2021-02-25,12,AR1 alpha + Basic + One-Step,NASDAQ:OPCH,0.0
2021-02-26,12,AR1 alpha + Basic + One-Step,NASDAQ:OPCH,6.203473117019525e-07
2021-03-01,12,AR1 alpha + Basic + One-Step,NASDAQ:OPCH,0.0
2021-03-02,12,AR1 alpha + Basic + One-Step,NASDAQ:OPCH,2.0316891320214144e-09
2021-03-03,12,AR1 alpha + Basic + One-Step,NASDAQ:OPCH,0.0
2021-03-04,12,AR1 alpha + Basic + One-Step,NASDAQ:OPCH,0.0
2021-03-05,12,AR1 alpha + Basic + One-Step,NASDAQ:OPCH,0.0
2021-03-08,12,AR1 alpha + Basic + One-Step,NASDAQ:OPCH,0.0
2021-03-09,12,AR1 alpha + Basic + One-Step,NASDAQ:OPCH,0.0
2021-03-10,12,AR1 alpha + Basic + One-Step,NASDAQ:OPCH,0.0
2021-03-11,12,AR1 alpha + Basic + One-Step,NASDAQ:OPCH,0.0
2021-03-12,12,AR1 alpha + Basic + One-Step,NASDAQ:OPCH,1.770379121739406e-09
2021-03-15,12,AR1 alpha + Basic + One-Step,NASDAQ:OPCH,7.08249212748714e-10
2021-03-16,12,AR1 alpha + Basic + One-Step,NASDAQ:OPCH,0.0
2021-03-17,12,AR1 alpha + Basic + One-Step,NASDAQ:OPCH,0.0
2021-03-18,12,AR1 alpha + Basic + One-Step,NASDAQ:OPCH,0.017891489429676558
2021-03-19,12,AR1 alpha + Basic + One-Step,NASDAQ:OPCH,0.0018082549133232174
2021-03-22,12,AR1 alpha + Basic + One-Step,NASDAQ:OPCH,0.0
2021-03-23,12,AR1 alpha + Basic + One-Step,NASDAQ:OPCH,0.0
2021-03-24,12,AR1 alpha + Basic + One-Step,NASDAQ:OPCH,0.008630356938348564
2021-03-25,12,AR1 alpha + Basic + One-Step,NASDAQ:OPCH,0.0
2021-03-26,12,AR1 alpha + Basic + One-Step,NASDAQ:OPCH,9.4835098948258e-10
2021-03-29,12,AR1 alpha + Basic + One-Step,NASDAQ:OPCH,0.007348319006084805
2021-03-30,12,AR1 alpha + Basic + One-Step,NASDAQ:OPCH,5.702935392761081e-07
2021-03-31,12,AR1 alpha + Basic + One-Step,NASDAQ:OPCH,0.0
2021-04-01,12,AR1 alpha + Basic + One-Step,NASDAQ:OPCH,0.0
2021-04-05,12,AR1 alpha + Basic + One-Step,NASDAQ:OPCH,9.79526857024373e-07
2021-04-06,12,AR1 alpha + Basic + One-Step,NASDAQ:OPCH,2.644582427648198e-07
2021-04-07,12,AR1 alpha + Basic + One-Step,NASDAQ:OPCH,0.0
2021-04-08,12,AR1 alpha + Basic + One-Step,NASDAQ:OPCH,2.489059534178725e-07
2021-04-09,12,AR1 alpha + Basic + One-Step,NASDAQ:OPCH,0.0
2021-04-12,12,AR1 alpha + Basic + One-Step,NASDAQ:OPCH,3.820133242106632e-09
2021-04-13,12,AR1 alpha + Basic + One-Step,NASDAQ:OPCH,0.0
2021-04-14,12,AR1 alpha + Basic + One-Step,NASDAQ:OPCH,0.0
2021-04-15,12,AR1 alpha + Basic + One-Step,NASDAQ:OPCH,9.69792479661179e-08
2021-04-16,12,AR1 alpha + Basic + One-Step,NASDAQ:OPCH,0.0
2021-04-19,12,AR1 alpha + Basic + One-Step,NASDAQ:OPCH,1.3296806454816134e-08
2021-04-20,12,AR1 alpha + Basic + One-Step,NASDAQ:OPCH,0.0
2021-04-21,12,AR1 alpha + Basic + One-Step,NASDAQ:OPCH,0.0
2021-04-22,12,AR1 alpha + Basic + One-Step,NASDAQ:OPCH,1.378504766606084e-08
2021-04-23,12,AR1 alpha + Basic + One-Step,NASDAQ:OPCH,0.0
2021-04-26,12,AR1 alpha + Basic + One-Step,NASDAQ:OPCH,0.0
2021-04-27,12,AR1 alpha + Basic + One-Step,NASDAQ:OPCH,2.3144840173323052e-07
2021-04-28,12,AR1 alpha + Basic + One-Step,NASDAQ:OPCH,0.0
2021-04-29,12,AR1 alpha + Basic + One-Step,NASDAQ:OPCH,0.0
2021-04-30,12,AR1 alpha + Basic + One-Step,NASDAQ:OPCH,8.069959777156654e-10
2021-05-03,12,AR1 alpha + Basic + One-Step,NASDAQ:OPCH,0.0
2021-05-04,12,AR1 alpha + Basic + One-Step,NASDAQ:OPCH,2.1016236709169173e-08
2021-05-05,12,AR1 alpha + Basic + One-Step,NASDAQ:OPCH,0.0
2021-05-06,12,AR1 alpha + Basic + One-Step,NASDAQ:OPCH,0.015936844649014712
2021-05-07,12,AR1 alpha + Basic + One-Step,NASDAQ:OPCH,0.0
2021-05-10,12,AR1 alpha + Basic + One-Step,NASDAQ:OPCH,0.016392283727963895
2021-05-11,12,AR1 alpha + Basic + One-Step,NASDAQ:OPCH,0.0
2021-05-12,12,AR1 alpha + Basic + One-Step,NASDAQ:OPCH,0.0
2021-05-13,12,AR1 alpha + Basic + One-Step,NASDAQ:OPCH,1.250751492577081e-09
2021-05-14,12,AR1 alpha + Basic + One-Step,NASDAQ:OPCH,4.808283343572584e-09
2021-05-17,12,AR1 alpha + Basic + One-Step,NASDAQ:OPCH,7.210545180510153e-08
2021-05-18,12,AR1 alpha + Basic + One-Step,NASDAQ:OPCH,0.0
2021-05-19,12,AR1 alpha + Basic + One-Step,NASDAQ:OPCH,0.0
2021-05-20,12,AR1 alpha + Basic + One-Step,NASDAQ:OPCH,1.0694621029920768e-08
2021-05-21,12,AR1 alpha + Basic + One-Step,NASDAQ:OPCH,2.0399054681628789e-07
2021-05-24,12,AR1 alpha + Basic + One-Step,NASDAQ:OPCH,0.0
2021-05-25,12,AR1 alpha + Basic + One-Step,NASDAQ:OPCH,0.0
2021-05-26,12,AR1 alpha + Basic + One-Step,NASDAQ:OPCH,3.3285449356497466e-09
2021-05-27,12,AR1 alpha + Basic + One-Step,NASDAQ:OPCH,1.1847046822043223e-07
2021-05-28,12,AR1 alpha + Basic + One-Step,NASDAQ:OPCH,0.0
2021-06-01,12,AR1 alpha + Basic + One-Step,NASDAQ:OPCH,0.0
2021-06-02,12,AR1 alpha + Basic + One-Step,NASDAQ:OPCH,0.0
2021-06-03,12,AR1 alpha + Basic + One-Step,NASDAQ:OPCH,0.0
2021-06-04,12,AR1 alpha + Basic + One-Step,NASDAQ:OPCH,0.0
2021-06-07,12,AR1 alpha + Basic + One-Step,NASDAQ:OPCH,0.0
2021-06-08,12,AR1 alpha + Basic + One-Step,NASDAQ:OPCH,0.0
2021-06-09,12,AR1 alpha + Basic + One-Step,NASDAQ:OPCH,7.756959601420873e-08
2021-06-10,12,AR1 alpha + Basic + One-Step,NASDAQ:OPCH,6.353671908833891e-08
2021-06-11,12,AR1 alpha + Basic + One-Step,NASDAQ:OPCH,0.0
2021-06-14,12,AR1 alpha + Basic + One-Step,NASDAQ:OPCH,0.0
2021-06-15,12,AR1 alpha + Basic + One-Step,NASDAQ:OPCH,0.0
2021-06-16,12,AR1 alpha + Basic + One-Step,NASDAQ:OPCH,0.0
2021-06-17,12,AR1 alpha + Basic + One-Step,NASDAQ:OPCH,0.0
2021-06-18,12,AR1 alpha + Basic + One-Step,NASDAQ:OPCH,0.0
2021-06-21,12,AR1 alpha + Basic + One-Step,NASDAQ:OPCH,0.0
2021-06-22,12,AR1 alpha + Basic + One-Step,NASDAQ:OPCH,1.479478098557365e-07
2021-06-23,12,AR1 alpha + Basic + One-Step,NASDAQ:OPCH,3.228080595182006e-07
2021-06-24,12,AR1 alpha + Basic + One-Step,NASDAQ:OPCH,6.954230541465171e-07
2021-06-25,12,AR1 alpha + Basic + One-Step,NASDAQ:OPCH,0.0
2021-06-28,12,AR1 alpha + Basic + One-Step,NASDAQ:OPCH,0.0
2021-06-29,12,AR1 alpha + Basic + One-Step,NASDAQ:OPCH,0.0
2021-06-30,12,AR1 alpha + Basic + One-Step,NASDAQ:OPCH,0.0
2021-07-01,12,AR1 alpha + Basic + One-Step,NASDAQ:OPCH,0.0
2021-07-02,12,AR1 alpha + Basic + One-Step,NASDAQ:OPCH,0.0
2021-07-06,12,AR1 alpha + Basic + One-Step,NASDAQ:OPCH,0.0
2021-07-07,12,AR1 alpha + Basic + One-Step,NASDAQ:OPCH,0.0
2021-07-08,12,AR1 alpha + Basic + One-Step,NASDAQ:OPCH,0.0
2021-07-09,12,AR1 alpha + Basic + One-Step,NASDAQ:OPCH,0.0
2021-07-12,12,AR1 alpha + Basic + One-Step,NASDAQ:OPCH,0.0
2021-07-13,12,AR1 alpha + Basic + One-Step,NASDAQ:OPCH,7.54715660935913e-08
2021-07-14,12,AR1 alpha + Basic + One-Step,NASDAQ:OPCH,0.0
2021-07-15,12,AR1 alpha + Basic + One-Step,NASDAQ:OPCH,0.0
2021-07-16,12,AR1 alpha + Basic + One-Step,NASDAQ:OPCH,2.174787545540857e-06
2021-07-19,12,AR1 alpha + Basic + One-Step,NASDAQ:OPCH,0.0
2021-07-20,12,AR1 alpha + Basic + One-Step,NASDAQ:OPCH,0.0
2021-07-21,12,AR1 alpha + Basic + One-Step,NASDAQ:OPCH,0.0
2021-07-22,12,AR1 alpha + Basic + One-Step,NASDAQ:OPCH,0.0
2021-07-23,12,AR1 alpha + Basic + One-Step,NASDAQ:OPCH,0.0
2021-07-26,12,AR1 alpha + Basic + One-Step,NASDAQ:OPCH,6.07774846795497e-08
2021-07-27,12,AR1 alpha + Basic + One-Step,NASDAQ:OPCH,1.302800839294368e-06
2021-07-28,12,AR1 alpha + Basic + One-Step,NASDAQ:OPCH,0.0
2021-07-29,12,AR1 alpha + Basic + One-Step,NASDAQ:OPCH,0.0
2021-07-30,12,AR1 alpha + Basic + One-Step,NASDAQ:OPCH,0.0
2021-08-02,12,AR1 alpha + Basic + One-Step,NASDAQ:OPCH,0.0
2021-08-03,12,AR1 alpha + Basic + One-Step,NASDAQ:OPCH,0.0
2021-08-04,12,AR1 alpha + Basic + One-Step,NASDAQ:OPCH,4.652729065280405e-08
2021-08-05,12,AR1 alpha + Basic + One-Step,NASDAQ:OPCH,0.0
2021-08-06,12,AR1 alpha + Basic + One-Step,NASDAQ:OPCH,0.0
2021-08-09,12,AR1 alpha + Basic + One-Step,NASDAQ:OPCH,5.422623255218247e-07
2021-08-10,12,AR1 alpha + Basic + One-Step,NASDAQ:OPCH,0.0
2021-08-11,12,AR1 alpha + Basic + One-Step,NASDAQ:OPCH,0.0
2021-08-12,12,AR1 alpha + Basic + One-Step,NASDAQ:OPCH,0.0
2021-08-13,12,AR1 alpha + Basic + One-Step,NASDAQ:OPCH,0.02227684848366972
2021-08-16,12,AR1 alpha + Basic + One-Step,NASDAQ:OPCH,0.0005072885141588005
2021-08-17,12,AR1 alpha + Basic + One-Step,NASDAQ:OPCH,2.2240718172979187e-07
2021-08-18,12,AR1 alpha + Basic + One-Step,NASDAQ:OPCH,0.0
2021-08-19,12,AR1 alpha + Basic + One-Step,NASDAQ:OPCH,0.0
2021-08-20,12,AR1 alpha + Basic + One-Step,NASDAQ:OPCH,8.860751444187867e-09
2021-08-23,12,AR1 alpha + Basic + One-Step,NASDAQ:OPCH,0.0
2021-08-24,12,AR1 alpha + Basic + One-Step,NASDAQ:OPCH,5.913481812063972e-08
2021-08-25,12,AR1 alpha + Basic + One-Step,NASDAQ:OPCH,0.0
2021-08-26,12,AR1 alpha + Basic + One-Step,NASDAQ:OPCH,2.091872552927859e-08
2021-08-27,12,AR1 alpha + Basic + One-Step,NASDAQ:OPCH,0.035238491169950974
2021-08-30,12,AR1 alpha + Basic + One-Step,NASDAQ:OPCH,2.663866038712343e-09
2021-08-31,12,AR1 alpha + Basic + One-Step,NASDAQ:OPCH,0.0
2021-09-01,12,AR1 alpha + Basic + One-Step,NASDAQ:OPCH,0.0
2021-09-02,12,AR1 alpha + Basic + One-Step,NASDAQ:OPCH,0.010873311021383152
2021-09-03,12,AR1 alpha + Basic + One-Step,NASDAQ:OPCH,0.03756077505333
2021-09-07,12,AR1 alpha + Basic + One-Step,NASDAQ:OPCH,0.03870163481998087
2021-09-08,12,AR1 alpha + Basic + One-Step,NASDAQ:OPCH,0.09998284902682096
2021-09-09,12,AR1 alpha + Basic + One-Step,NASDAQ:OPCH,0.09999049019646758
2021-09-10,12,AR1 alpha + Basic + One-Step,NASDAQ:OPCH,0.09999197233112668
2021-09-13,12,AR1 alpha + Basic + One-Step,NASDAQ:OPCH,0.09999960004292355
2021-09-14,12,AR1 alpha + Basic + One-Step,NASDAQ:OPCH,0.10000015332513063
2021-09-15,12,AR1 alpha + Basic + One-Step,NASDAQ:OPCH,0.0999964517599232
2021-09-16,12,AR1 alpha + Basic + One-Step,NASDAQ:OPCH,0.09999483385750468
2021-09-17,12,AR1 alpha + Basic + One-Step,NASDAQ:OPCH,0.09998897400366698
2021-09-20,12,AR1 alpha + Basic + One-Step,NASDAQ:OPCH,0.09798058732390161
2021-09-21,12,AR1 alpha + Basic + One-Step,NASDAQ:OPCH,0.0932459971756828
2021-09-22,12,AR1 alpha + Basic + One-Step,NASDAQ:OPCH,0.06042348646996969
2021-09-23,12,AR1 alpha + Basic + One-Step,NASDAQ:OPCH,0.09563679761676216
2021-09-24,12,AR1 alpha + Basic + One-Step,NASDAQ:OPCH,0.07866443936055052
2021-09-27,12,AR1 alpha + Basic + One-Step,NASDAQ:OPCH,0.05617515293986469
2021-09-28,12,AR1 alpha + Basic + One-Step,NASDAQ:OPCH,0.07277870004276371
2021-09-29,12,AR1 alpha + Basic + One-Step,NASDAQ:OPCH,0.04514439172422348
2021-09-30,12,AR1 alpha + Basic + One-Step,NASDAQ:OPCH,0.02005787985787022
2021-10-01,12,AR1 alpha + Basic + One-Step,NASDAQ:OPCH,0.006267767013794848
2021-10-04,12,AR1 alpha + Basic + One-Step,NASDAQ:OPCH,0.003444909664882246
2021-10-05,12,AR1 alpha + Basic + One-Step,NASDAQ:OPCH,0.012921566032906421
2021-10-06,12,AR1 alpha + Basic + One-Step,NASDAQ:OPCH,0.018298524755306737
2021-10-07,12,AR1 alpha + Basic + One-Step,NASDAQ:OPCH,0.0
2021-10-08,12,AR1 alpha + Basic + One-Step,NASDAQ:OPCH,0.0
2021-10-11,12,AR1 alpha + Basic + One-Step,NASDAQ:OPCH,0.0
2021-10-12,12,AR1 alpha + Basic + One-Step,NASDAQ:OPCH,0.0
2021-10-13,12,AR1 alpha + Basic + One-Step,NASDAQ:OPCH,3.5308009921061705e-09
2021-10-14,12,AR1 alpha + Basic + One-Step,NASDAQ:OPCH,0.0
2021-10-15,12,AR1 alpha + Basic + One-Step,NASDAQ:OPCH,0.0
2021-10-18,12,AR1 alpha + Basic + One-Step,NASDAQ:OPCH,0.0
2021-10-19,12,AR1 alpha + Basic + One-Step,NASDAQ:OPCH,7.101438259545142e-08
2021-10-20,12,AR1 alpha + Basic + One-Step,NASDAQ:OPCH,0.0
2021-10-21,12,AR1 alpha + Basic + One-Step,NASDAQ:OPCH,0.0
2021-10-22,12,AR1 alpha + Basic + One-Step,NASDAQ:OPCH,0.0
2021-10-25,12,AR1 alpha + Basic + One-Step,NASDAQ:OPCH,0.0
2021-10-26,12,AR1 alpha + Basic + One-Step,NASDAQ:OPCH,0.0
2021-10-27,12,AR1 alpha + Basic + One-Step,NASDAQ:OPCH,0.0
2021-10-28,12,AR1 alpha + Basic + One-Step,NASDAQ:OPCH,0.0
2021-10-29,12,AR1 alpha + Basic + One-Step,NASDAQ:OPCH,0.0
2021-11-01,12,AR1 alpha + Basic + One-Step,NASDAQ:OPCH,2.2816879875574627e-07
2021-11-02,12,AR1 alpha + Basic + One-Step,NASDAQ:OPCH,0.0
2021-11-03,12,AR1 alpha + Basic + One-Step,NASDAQ:OPCH,0.0
2021-11-04,12,AR1 alpha + Basic + One-Step,NASDAQ:OPCH,0.0045944622309103626
2021-11-05,12,AR1 alpha + Basic + One-Step,NASDAQ:OPCH,0.0
2021-11-08,12,AR1 alpha + Basic + One-Step,NASDAQ:OPCH,0.0
2021-11-09,12,AR1 alpha + Basic + One-Step,NASDAQ:OPCH,0.014253717393013234
2021-11-10,12,AR1 alpha + Basic + One-Step,NASDAQ:OPCH,0.029505006503955385
2021-11-11,12,AR1 alpha + Basic + One-Step,NASDAQ:OPCH,0.038963215468679
2021-11-12,12,AR1 alpha + Basic + One-Step,NASDAQ:OPCH,0.05116445839576399
2021-11-15,12,AR1 alpha + Basic + One-Step,NASDAQ:OPCH,0.02111821500892314
2021-11-16,12,AR1 alpha + Basic + One-Step,NASDAQ:OPCH,0.0377583485965057
2021-11-17,12,AR1 alpha + Basic + One-Step,NASDAQ:OPCH,0.03598723929979725
2021-11-18,12,AR1 alpha + Basic + One-Step,NASDAQ:OPCH,0.028748380839322595
2021-11-19,12,AR1 alpha + Basic + One-Step,NASDAQ:OPCH,0.031401198740369105
2021-11-22,12,AR1 alpha + Basic + One-Step,NASDAQ:OPCH,0.0
2021-11-23,12,AR1 alpha + Basic + One-Step,NASDAQ:OPCH,0.04117449083726047
2021-11-24,12,AR1 alpha + Basic + One-Step,NASDAQ:OPCH,0.01622098168172238
2021-11-26,12,AR1 alpha + Basic + One-Step,NASDAQ:OPCH,0.061322081141061545
2021-11-29,12,AR1 alpha + Basic + One-Step,NASDAQ:OPCH,0.05065827526605609
2021-11-30,12,AR1 alpha + Basic + One-Step,NASDAQ:OPCH,0.014629464395056843
2021-12-01,12,AR1 alpha + Basic + One-Step,NASDAQ:OPCH,0.08351305742679994
2021-12-02,12,AR1 alpha + Basic + One-Step,NASDAQ:OPCH,0.05206298387059031
2021-12-03,12,AR1 alpha + Basic + One-Step,NASDAQ:OPCH,0.04833629424341572
2021-12-06,12,AR1 alpha + Basic + One-Step,NASDAQ:OPCH,0.0021915666887222657
2021-12-07,12,AR1 alpha + Basic + One-Step,NASDAQ:OPCH,0.02490384687912074
2021-12-08,12,AR1 alpha + Basic + One-Step,NASDAQ:OPCH,0.0
2021-12-09,12,AR1 alpha + Basic + One-Step,NASDAQ:OPCH,0.05629811661090102
2021-12-10,12,AR1 alpha + Basic + One-Step,NASDAQ:OPCH,3.476519015152143e-08
2021-12-13,12,AR1 alpha + Basic + One-Step,NASDAQ:OPCH,0.0
2021-12-14,12,AR1 alpha + Basic + One-Step,NASDAQ:OPCH,7.187088797669396e-09
2021-12-15,12,AR1 alpha + Basic + One-Step,NASDAQ:OPCH,0.0
2021-12-16,12,AR1 alpha + Basic + One-Step,NASDAQ:OPCH,0.092096896176411
2021-12-17,12,AR1 alpha + Basic + One-Step,NASDAQ:OPCH,0.0404103026311837
2021-12-20,12,AR1 alpha + Basic + One-Step,NASDAQ:OPCH,0.0
2021-12-21,12,AR1 alpha + Basic + One-Step,NASDAQ:OPCH,0.0
2021-12-22,12,AR1 alpha + Basic + One-Step,NASDAQ:OPCH,1.6755133855809405e-07
2021-12-23,12,AR1 alpha + Basic + One-Step,NASDAQ:OPCH,0.01925597363880561
2021-12-27,12,AR1 alpha + Basic + One-Step,NASDAQ:OPCH,0.044233350880804524
2021-12-28,12,AR1 alpha + Basic + One-Step,NASDAQ:OPCH,0.04795091778532865
2021-12-29,12,AR1 alpha + Basic + One-Step,NASDAQ:OPCH,0.08701458078969367
2021-12-30,12,AR1 alpha + Basic + One-Step,NASDAQ:OPCH,0.05982469221805712
2021-12-31,12,AR1 alpha + Basic + One-Step,NASDAQ:OPCH,0.061898354803298666
2022-01-03,12,AR1 alpha + Basic + One-Step,NASDAQ:OPCH,0.0705469655824541
2022-01-04,12,AR1 alpha + Basic + One-Step,NASDAQ:OPCH,0.10000000000000007
2022-01-05,12,AR1 alpha + Basic + One-Step,NASDAQ:OPCH,0.09999999999999996
2022-01-06,12,AR1 alpha + Basic + One-Step,NASDAQ:OPCH,0.09999576244127478
2022-01-07,12,AR1 alpha + Basic + One-Step,NASDAQ:OPCH,0.09999784936440542
2022-01-10,12,AR1 alpha + Basic + One-Step,NASDAQ:OPCH,0.09999330305210093
2022-01-11,12,AR1 alpha + Basic + One-Step,NASDAQ:OPCH,0.09998694442324187
2022-01-12,12,AR1 alpha + Basic + One-Step,NASDAQ:OPCH,0.09998650623196968
2022-01-13,12,AR1 alpha + Basic + One-Step,NASDAQ:OPCH,0.1000028376308298
2022-01-14,12,AR1 alpha + Basic + One-Step,NASDAQ:OPCH,0.09999412605011797
2022-01-18,12,AR1 alpha + Basic + One-Step,NASDAQ:OPCH,0.09999141365500469
2022-01-19,12,AR1 alpha + Basic + One-Step,NASDAQ:OPCH,0.09998788498730846
2022-01-20,12,AR1 alpha + Basic + One-Step,NASDAQ:OPCH,0.07409674169604327
2022-01-21,12,AR1 alpha + Basic + One-Step,NASDAQ:OPCH,0.01515038902052311
2022-01-24,12,AR1 alpha + Basic + One-Step,NASDAQ:OPCH,0.0
2022-01-25,12,AR1 alpha + Basic + One-Step,NASDAQ:OPCH,0.0
2022-01-26,12,AR1 alpha + Basic + One-Step,NASDAQ:OPCH,5.781490344460253e-09
2022-01-27,12,AR1 alpha + Basic + One-Step,NASDAQ:OPCH,0.0
2022-01-28,12,AR1 alpha + Basic + One-Step,NASDAQ:OPCH,0.0
2022-01-31,12,AR1 alpha + Basic + One-Step,NASDAQ:OPCH,0.0
2022-02-01,12,AR1 alpha + Basic + One-Step,NASDAQ:OPCH,0.0
2022-02-02,12,AR1 alpha + Basic + One-Step,NASDAQ:OPCH,0.0
2022-02-03,12,AR1 alpha + Basic + One-Step,NASDAQ:OPCH,0.0
2022-02-04,12,AR1 alpha + Basic + One-Step,NASDAQ:OPCH,5.655999008736166e-08
2022-02-07,12,AR1 alpha + Basic + One-Step,NASDAQ:OPCH,1.1252945589113595e-07
2022-02-08,12,AR1 alpha + Basic + One-Step,NASDAQ:OPCH,4.0499373802419087e-07
2022-02-09,12,AR1 alpha + Basic + One-Step,NASDAQ:OPCH,0.0
2022-02-10,12,AR1 alpha + Basic + One-Step,NASDAQ:OPCH,0.0
2022-02-11,12,AR1 alpha + Basic + One-Step,NASDAQ:OPCH,3.275910626190941e-08
2022-02-14,12,AR1 alpha + Basic + One-Step,NASDAQ:OPCH,0.0
2022-02-15,12,AR1 alpha + Basic + One-Step,NASDAQ:OPCH,0.0
2022-02-16,12,AR1 alpha + Basic + One-Step,NASDAQ:OPCH,0.0
2022-02-17,12,AR1 alpha + Basic + One-Step,NASDAQ:OPCH,0.0
2022-02-18,12,AR1 alpha + Basic + One-Step,NASDAQ:OPCH,2.0686963008240858e-07
2022-02-22,12,AR1 alpha + Basic + One-Step,NASDAQ:OPCH,8.558367092246506e-08
2022-02-23,12,AR1 alpha + Basic + One-Step,NASDAQ:OPCH,0.0
2022-02-24,12,AR1 alpha + Basic + One-Step,NASDAQ:OPCH,0.0
2022-02-25,12,AR1 alpha + Basic + One-Step,NASDAQ:OPCH,0.0
2022-02-28,12,AR1 alpha + Basic + One-Step,NASDAQ:OPCH,0.0
2022-03-01,12,AR1 alpha + Basic + One-Step,NASDAQ:OPCH,4.724875922161842e-08
2022-03-02,12,AR1 alpha + Basic + One-Step,NASDAQ:OPCH,0.0
2022-03-03,12,AR1 alpha + Basic + One-Step,NASDAQ:OPCH,0.0
2022-03-04,12,AR1 alpha + Basic + One-Step,NASDAQ:OPCH,0.0
2022-03-07,12,AR1 alpha + Basic + One-Step,NASDAQ:OPCH,1.171528903167702e-09
2022-03-08,12,AR1 alpha + Basic + One-Step,NASDAQ:OPCH,0.018287264938718458
2022-03-09,12,AR1 alpha + Basic + One-Step,NASDAQ:OPCH,0.0
2022-03-10,12,AR1 alpha + Basic + One-Step,NASDAQ:OPCH,0.0
2022-03-11,12,AR1 alpha + Basic + One-Step,NASDAQ:OPCH,0.0
2022-03-14,12,AR1 alpha + Basic + One-Step,NASDAQ:OPCH,0.0
2022-03-15,12,AR1 alpha + Basic + One-Step,NASDAQ:OPCH,0.0
2022-03-16,12,AR1 alpha + Basic + One-Step,NASDAQ:OPCH,0.0
2022-03-17,12,AR1 alpha + Basic + One-Step,NASDAQ:OPCH,0.0
2022-03-18,12,AR1 alpha + Basic + One-Step,NASDAQ:OPCH,0.0
2022-03-21,12,AR1 alpha + Basic + One-Step,NASDAQ:OPCH,0.0
2022-03-22,12,AR1 alpha + Basic + One-Step,NASDAQ:OPCH,0.0
2022-03-23,12,AR1 alpha + Basic + One-Step,NASDAQ:OPCH,0.015259970460317364
2022-03-24,12,AR1 alpha + Basic + One-Step,NASDAQ:OPCH,0.016369673334264225
2022-03-25,12,AR1 alpha + Basic + One-Step,NASDAQ:OPCH,0.0507910186766583
2022-03-28,12,AR1 alpha + Basic + One-Step,NASDAQ:OPCH,0.07281891262636019
2022-03-29,12,AR1 alpha + Basic + One-Step,NASDAQ:OPCH,0.09999270634731586
2022-03-30,12,AR1 alpha + Basic + One-Step,NASDAQ:OPCH,0.09101951244113397
2022-03-31,12,AR1 alpha + Basic + One-Step,NASDAQ:OPCH,0.07859140506647899
2022-04-01,12,AR1 alpha + Basic + One-Step,NASDAQ:OPCH,0.09999589847192406
2022-04-04,12,AR1 alpha + Basic + One-Step,NASDAQ:OPCH,0.09999656067484607
2022-04-05,12,AR1 alpha + Basic + One-Step,NASDAQ:OPCH,0.0545497386228252
2022-04-06,12,AR1 alpha + Basic + One-Step,NASDAQ:OPCH,0.03841886173551549
2022-04-07,12,AR1 alpha + Basic + One-Step,NASDAQ:OPCH,0.0719652246515963
2022-04-08,12,AR1 alpha + Basic + One-Step,NASDAQ:OPCH,0.059701007156031986
2022-04-11,12,AR1 alpha + Basic + One-Step,NASDAQ:OPCH,0.05272283957594027
2022-04-12,12,AR1 alpha + Basic + One-Step,NASDAQ:OPCH,0.08017651114760131
2022-04-13,12,AR1 alpha + Basic + One-Step,NASDAQ:OPCH,0.0661590491343132
2022-04-14,12,AR1 alpha + Basic + One-Step,NASDAQ:OPCH,0.07593423097306878
2022-04-18,12,AR1 alpha + Basic + One-Step,NASDAQ:OPCH,0.09999966738896823
2022-04-19,12,AR1 alpha + Basic + One-Step,NASDAQ:OPCH,0.08943133863264623
2022-04-20,12,AR1 alpha + Basic + One-Step,NASDAQ:OPCH,0.1000001344950201
2022-04-21,12,AR1 alpha + Basic + One-Step,NASDAQ:OPCH,0.09999605031777667
2022-04-22,12,AR1 alpha + Basic + One-Step,NASDAQ:OPCH,0.09999656398682488
2022-04-25,12,AR1 alpha + Basic + One-Step,NASDAQ:OPCH,0.09999594816739946
2022-04-26,12,AR1 alpha + Basic + One-Step,NASDAQ:OPCH,0.09914403913922427
2022-04-27,12,AR1 alpha + Basic + One-Step,NASDAQ:OPCH,0.09999883458806991
2022-04-28,12,AR1 alpha + Basic + One-Step,NASDAQ:OPCH,0.03486324736009398
2022-04-29,12,AR1 alpha + Basic + One-Step,NASDAQ:OPCH,0.09999800146792295
2022-05-02,12,AR1 alpha + Basic + One-Step,NASDAQ:OPCH,0.09999425005977124
2022-05-03,12,AR1 alpha + Basic + One-Step,NASDAQ:OPCH,0.09999403111811832
2022-05-04,12,AR1 alpha + Basic + One-Step,NASDAQ:OPCH,0.09218503383159296
2022-05-05,12,AR1 alpha + Basic + One-Step,NASDAQ:OPCH,0.09999750715535335
2022-05-06,12,AR1 alpha + Basic + One-Step,NASDAQ:OPCH,0.09999852976086454
2022-05-09,12,AR1 alpha + Basic + One-Step,NASDAQ:OPCH,0.09999849747503174
2022-05-10,12,AR1 alpha + Basic + One-Step,NASDAQ:OPCH,0.09999891233100047
2022-05-11,12,AR1 alpha + Basic + One-Step,NASDAQ:OPCH,0.09999753373663972
2022-05-12,12,AR1 alpha + Basic + One-Step,NASDAQ:OPCH,0.09999869810139347
2022-05-13,12,AR1 alpha + Basic + One-Step,NASDAQ:OPCH,0.09999878829009026
2022-05-16,12,AR1 alpha + Basic + One-Step,NASDAQ:OPCH,0.09999976955799901
2022-05-17,12,AR1 alpha + Basic + One-Step,NASDAQ:OPCH,0.09862657748279365
2022-05-18,12,AR1 alpha + Basic + One-Step,NASDAQ:OPCH,0.09999546242935449
2022-05-19,12,AR1 alpha + Basic + One-Step,NASDAQ:OPCH,0.09999519451796716
2022-05-20,12,AR1 alpha + Basic + One-Step,NASDAQ:OPCH,0.09999455684314554
2022-05-23,12,AR1 alpha + Basic + One-Step,NASDAQ:OPCH,0.09999713293636428
2022-05-24,12,AR1 alpha + Basic + One-Step,NASDAQ:OPCH,0.09999591612525452
2022-05-25,12,AR1 alpha + Basic + One-Step,NASDAQ:OPCH,0.09999787581881775
2022-05-26,12,AR1 alpha + Basic + One-Step,NASDAQ:OPCH,0.09999645173699259
2022-05-27,12,AR1 alpha + Basic + One-Step,NASDAQ:OPCH,0.0680079062148931
2022-05-31,12,AR1 alpha + Basic + One-Step,NASDAQ:OPCH,0.09999807215291233
2022-06-01,12,AR1 alpha + Basic + One-Step,NASDAQ:OPCH,0.0999992962994911
2022-06-02,12,AR1 alpha + Basic + One-Step,NASDAQ:OPCH,0.09999885872236863
2022-06-03,12,AR1 alpha + Basic + One-Step,NASDAQ:OPCH,0.09999958503991319
2022-06-06,12,AR1 alpha + Basic + One-Step,NASDAQ:OPCH,0.09999863648005893
2022-06-07,12,AR1 alpha + Basic + One-Step,NASDAQ:OPCH,0.0999957038919049
2022-06-08,12,AR1 alpha + Basic + One-Step,NASDAQ:OPCH,0.09999668883440274
2022-06-09,12,AR1 alpha + Basic + One-Step,NASDAQ:OPCH,0.09999775944413937
2022-06-10,12,AR1 alpha + Basic + One-Step,NASDAQ:OPCH,0.09999875997042955
2022-06-13,12,AR1 alpha + Basic + One-Step,NASDAQ:OPCH,0.09999951255831703
2022-06-14,12,AR1 alpha + Basic + One-Step,NASDAQ:OPCH,0.09999973701756876
2022-06-15,12,AR1 alpha + Basic + One-Step,NASDAQ:OPCH,0.099999023801001
2022-06-16,12,AR1 alpha + Basic + One-Step,NASDAQ:OPCH,0.09999882864438453
2022-06-17,12,AR1 alpha + Basic + One-Step,NASDAQ:OPCH,0.09999935023870374
2022-06-21,12,AR1 alpha + Basic + One-Step,NASDAQ:OPCH,0.10000029599295283
2022-06-22,12,AR1 alpha + Basic + One-Step,NASDAQ:OPCH,0.10000010996493179
2022-06-23,12,AR1 alpha + Basic + One-Step,NASDAQ:OPCH,0.09999965551655914
2022-06-24,12,AR1 alpha + Basic + One-Step,NASDAQ:OPCH,0.030844662265060076
2022-06-27,12,AR1 alpha + Basic + One-Step,NASDAQ:OPCH,0.021184965851941403
2022-06-28,12,AR1 alpha + Basic + One-Step,NASDAQ:OPCH,0.04636885697524585
2022-06-29,12,AR1 alpha + Basic + One-Step,NASDAQ:OPCH,0.03157776170020341
2022-06-30,12,AR1 alpha + Basic + One-Step,NASDAQ:OPCH,0.099996743449431
2022-07-01,12,AR1 alpha + Basic + One-Step,NASDAQ:OPCH,0.047275102707372736
2022-07-05,12,AR1 alpha + Basic + One-Step,NASDAQ:OPCH,0.03600383885084799
2022-07-06,12,AR1 alpha + Basic + One-Step,NASDAQ:OPCH,0.06229018344619899
2022-07-07,12,AR1 alpha + Basic + One-Step,NASDAQ:OPCH,0.0006914430067921612
2022-07-08,12,AR1 alpha + Basic + One-Step,NASDAQ:OPCH,0.007474624516203211
2022-07-11,12,AR1 alpha + Basic + One-Step,NASDAQ:OPCH,0.08167446978828376
2022-07-12,12,AR1 alpha + Basic + One-Step,NASDAQ:OPCH,0.07733777422483476
2022-07-13,12,AR1 alpha + Basic + One-Step,NASDAQ:OPCH,0.09946643431644575
2022-07-14,12,AR1 alpha + Basic + One-Step,NASDAQ:OPCH,0.08565329190542877
2022-07-15,12,AR1 alpha + Basic + One-Step,NASDAQ:OPCH,0.0
2022-07-18,12,AR1 alpha + Basic + One-Step,NASDAQ:OPCH,0.09690121753359277
2022-07-19,12,AR1 alpha + Basic + One-Step,NASDAQ:OPCH,0.01845675377406066
2022-07-20,12,AR1 alpha + Basic + One-Step,NASDAQ:OPCH,0.04081476002792407
2022-07-21,12,AR1 alpha + Basic + One-Step,NASDAQ:OPCH,0.04032574002164861
2022-07-22,12,AR1 alpha + Basic + One-Step,NASDAQ:OPCH,0.04241967000698757
2022-07-25,12,AR1 alpha + Basic + One-Step,NASDAQ:OPCH,0.055005417575888546
2022-07-26,12,AR1 alpha + Basic + One-Step,NASDAQ:OPCH,0.07855398345023233
2022-07-27,12,AR1 alpha + Basic + One-Step,NASDAQ:OPCH,0.04426716806026909
2022-07-28,12,AR1 alpha + Basic + One-Step,NASDAQ:OPCH,0.0268926032707164
2022-07-29,12,AR1 alpha + Basic + One-Step,NASDAQ:OPCH,0.040573018693835075
2022-08-01,12,AR1 alpha + Basic + One-Step,NASDAQ:OPCH,0.09999914667754659
2022-08-02,12,AR1 alpha + Basic + One-Step,NASDAQ:OPCH,0.04818554662281905
2022-08-03,12,AR1 alpha + Basic + One-Step,NASDAQ:OPCH,0.0999964843530405
2022-08-04,12,AR1 alpha + Basic + One-Step,NASDAQ:OPCH,0.09999701278615718
2022-08-05,12,AR1 alpha + Basic + One-Step,NASDAQ:OPCH,0.09999701863198121
2022-08-08,12,AR1 alpha + Basic + One-Step,NASDAQ:OPCH,0.09999814915878882
2022-08-09,12,AR1 alpha + Basic + One-Step,NASDAQ:OPCH,0.09999874521260907
2022-08-10,12,AR1 alpha + Basic + One-Step,NASDAQ:OPCH,0.09999866609661251
2022-08-11,12,AR1 alpha + Basic + One-Step,NASDAQ:OPCH,0.09999896286173933
2022-08-12,12,AR1 alpha + Basic + One-Step,NASDAQ:OPCH,0.09999900701598438
2022-08-15,12,AR1 alpha + Basic + One-Step,NASDAQ:OPCH,0.0999967643474868
2022-08-16,12,AR1 alpha + Basic + One-Step,NASDAQ:OPCH,0.0999981056647665
2022-08-17,12,AR1 alpha + Basic + One-Step,NASDAQ:OPCH,0.09999930099630136
2022-08-18,12,AR1 alpha + Basic + One-Step,NASDAQ:OPCH,0.09999910150131296
2022-08-19,12,AR1 alpha + Basic + One-Step,NASDAQ:OPCH,0.09999972583938754
2022-08-22,12,AR1 alpha + Basic + One-Step,NASDAQ:OPCH,0.09999529088242468
2022-08-23,12,AR1 alpha + Basic + One-Step,NASDAQ:OPCH,0.09999720235826773
2022-08-24,12,AR1 alpha + Basic + One-Step,NASDAQ:OPCH,0.09999926855312355
2022-08-25,12,AR1 alpha + Basic + One-Step,NASDAQ:OPCH,0.07086313717077002
2022-08-26,12,AR1 alpha + Basic + One-Step,NASDAQ:OPCH,0.09999429900624209
2022-08-29,12,AR1 alpha + Basic + One-Step,NASDAQ:OPCH,0.09999552657613585
2022-08-30,12,AR1 alpha + Basic + One-Step,NASDAQ:OPCH,0.09999444739380246
2022-08-31,12,AR1 alpha + Basic + One-Step,NASDAQ:OPCH,0.099994990786517
2022-09-01,12,AR1 alpha + Basic + One-Step,NASDAQ:OPCH,0.0889646371581848
2022-09-02,12,AR1 alpha + Basic + One-Step,NASDAQ:OPCH,0.08896325688798866
2022-09-06,12,AR1 alpha + Basic + One-Step,NASDAQ:OPCH,0.0
2022-09-07,12,AR1 alpha + Basic + One-Step,NASDAQ:OPCH,0.0
2022-09-08,12,AR1 alpha + Basic + One-Step,NASDAQ:OPCH,3.7275205953723584e-07
2022-09-09,12,AR1 alpha + Basic + One-Step,NASDAQ:OPCH,0.0
2022-09-12,12,AR1 alpha + Basic + One-Step,NASDAQ:OPCH,0.0
2022-09-13,12,AR1 alpha + Basic + One-Step,NASDAQ:OPCH,0.07302498593820755
2022-09-14,12,AR1 alpha + Basic + One-Step,NASDAQ:OPCH,0.08080293015394699
2022-09-15,12,AR1 alpha + Basic + One-Step,NASDAQ:OPCH,0.09999978045590831
2022-09-16,12,AR1 alpha + Basic + One-Step,NASDAQ:OPCH,0.09999997107059086
2022-09-19,12,AR1 alpha + Basic + One-Step,NASDAQ:OPCH,0.09999657077228494
2022-09-20,12,AR1 alpha + Basic + One-Step,NASDAQ:OPCH,0.0999986111846203
2022-09-21,12,AR1 alpha + Basic + One-Step,NASDAQ:OPCH,0.099998493030563
2022-09-22,12,AR1 alpha + Basic + One-Step,NASDAQ:OPCH,0.09999932923259146
2022-09-23,12,AR1 alpha + Basic + One-Step,NASDAQ:OPCH,0.09999806736843633
2022-09-26,12,AR1 alpha + Basic + One-Step,NASDAQ:OPCH,0.0999992333823911
2022-09-27,12,AR1 alpha + Basic + One-Step,NASDAQ:OPCH,0.09999952196908107
2022-09-28,12,AR1 alpha + Basic + One-Step,NASDAQ:OPCH,0.0
2022-09-29,12,AR1 alpha + Basic + One-Step,NASDAQ:OPCH,0.03441225552371992
2022-09-30,12,AR1 alpha + Basic + One-Step,NASDAQ:OPCH,0.09999902034120534
2022-10-03,12,AR1 alpha + Basic + One-Step,NASDAQ:OPCH,0.03091056096061743
2022-10-04,12,AR1 alpha + Basic + One-Step,NASDAQ:OPCH,0.0
2022-10-05,12,AR1 alpha + Basic + One-Step,NASDAQ:OPCH,0.0
2022-10-06,12,AR1 alpha + Basic + One-Step,NASDAQ:OPCH,0.023749034455358625
2022-10-07,12,AR1 alpha + Basic + One-Step,NASDAQ:OPCH,0.09999987754270342
2022-10-10,12,AR1 alpha + Basic + One-Step,NASDAQ:OPCH,0.09999969806696557
2022-10-11,12,AR1 alpha + Basic + One-Step,NASDAQ:OPCH,0.09999920548689877
2022-10-12,12,AR1 alpha + Basic + One-Step,NASDAQ:OPCH,0.099999662267381
2022-10-13,12,AR1 alpha + Basic + One-Step,NASDAQ:OPCH,0.09999955720345241
2022-10-14,12,AR1 alpha + Basic + One-Step,NASDAQ:OPCH,0.09999986975005129
2022-10-17,12,AR1 alpha + Basic + One-Step,NASDAQ:OPCH,0.09999429924739103
2022-10-18,12,AR1 alpha + Basic + One-Step,NASDAQ:OPCH,0.09999498218150694
2022-10-19,12,AR1 alpha + Basic + One-Step,NASDAQ:OPCH,0.09999796127959766
2022-10-20,12,AR1 alpha + Basic + One-Step,NASDAQ:OPCH,0.09999914548026212
2022-10-21,12,AR1 alpha + Basic + One-Step,NASDAQ:OPCH,0.09999937934537383
2022-10-24,12,AR1 alpha + Basic + One-Step,NASDAQ:OPCH,0.09999950296232697
2022-10-25,12,AR1 alpha + Basic + One-Step,NASDAQ:OPCH,0.09398549506517721
2022-10-26,12,AR1 alpha + Basic + One-Step,NASDAQ:OPCH,0.05548110488192867
2022-10-27,12,AR1 alpha + Basic + One-Step,NASDAQ:OPCH,0.09999974577755992
2022-10-28,12,AR1 alpha + Basic + One-Step,NASDAQ:OPCH,0.09999981015889826
2022-10-31,12,AR1 alpha + Basic + One-Step,NASDAQ:OPCH,0.09999991815687741
2022-11-01,12,AR1 alpha + Basic + One-Step,NASDAQ:OPCH,0.09999658995729387
2022-11-02,12,AR1 alpha + Basic + One-Step,NASDAQ:OPCH,0.09999922146962216
2022-11-03,12,AR1 alpha + Basic + One-Step,NASDAQ:OPCH,0.10000056146338034
2022-11-04,12,AR1 alpha + Basic + One-Step,NASDAQ:OPCH,0.010080861162586875
2022-11-07,12,AR1 alpha + Basic + One-Step,NASDAQ:OPCH,0.021904198424721032
2022-11-08,12,AR1 alpha + Basic + One-Step,NASDAQ:OPCH,0.017669144012431116
2022-11-09,12,AR1 alpha + Basic + One-Step,NASDAQ:OPCH,0.07128623893845565
2022-11-10,12,AR1 alpha + Basic + One-Step,NASDAQ:OPCH,0.00471766454392343
2022-11-11,12,AR1 alpha + Basic + One-Step,NASDAQ:OPCH,0.09123402205754673
2022-11-14,12,AR1 alpha + Basic + One-Step,NASDAQ:OPCH,0.08911270531498335
2022-11-15,12,AR1 alpha + Basic + One-Step,NASDAQ:OPCH,0.09999463068288623
2022-11-16,12,AR1 alpha + Basic + One-Step,NASDAQ:OPCH,0.0999975432884239
2022-11-17,12,AR1 alpha + Basic + One-Step,NASDAQ:OPCH,0.0999943637410787
2022-11-18,12,AR1 alpha + Basic + One-Step,NASDAQ:OPCH,0.07535619310890836
2022-11-21,12,AR1 alpha + Basic + One-Step,NASDAQ:OPCH,0.10000038544444143
2022-11-22,12,AR1 alpha + Basic + One-Step,NASDAQ:OPCH,0.006967864506324982
2022-11-23,12,AR1 alpha + Basic + One-Step,NASDAQ:OPCH,0.0536548164971138
2022-11-25,12,AR1 alpha + Basic + One-Step,NASDAQ:OPCH,0.002609562759094772
2022-11-28,12,AR1 alpha + Basic + One-Step,NASDAQ:OPCH,0.01111899846886355
2022-11-29,12,AR1 alpha + Basic + One-Step,NASDAQ:OPCH,0.0
2022-11-30,12,AR1 alpha + Basic + One-Step,NASDAQ:OPCH,5.7871881940166e-08
2022-12-01,12,AR1 alpha + Basic + One-Step,NASDAQ:OPCH,0.0
2022-12-02,12,AR1 alpha + Basic + One-Step,NASDAQ:OPCH,0.0
2022-12-05,12,AR1 alpha + Basic + One-Step,NASDAQ:OPCH,0.0
2022-12-06,12,AR1 alpha + Basic + One-Step,NASDAQ:OPCH,0.0
2022-12-07,12,AR1 alpha + Basic + One-Step,NASDAQ:OPCH,0.002532162251320301
2022-12-08,12,AR1 alpha + Basic + One-Step,NASDAQ:OPCH,0.0
2022-12-09,12,AR1 alpha + Basic + One-Step,NASDAQ:OPCH,0.013238614700845423
2022-12-12,12,AR1 alpha + Basic + One-Step,NASDAQ:OPCH,1.8067304351287522e-08
2022-12-13,12,AR1 alpha + Basic + One-Step,NASDAQ:OPCH,1.9654003352284245e-08
2022-12-14,12,AR1 alpha + Basic + One-Step,NASDAQ:OPCH,6.083609107340472e-08
2022-12-15,12,AR1 alpha + Basic + One-Step,NASDAQ:OPCH,0.05018285136657749
2022-12-16,12,AR1 alpha + Basic + One-Step,NASDAQ:OPCH,0.06088067666655058
2022-12-19,12,AR1 alpha + Basic + One-Step,NASDAQ:OPCH,0.06474161139428188
2022-12-20,12,AR1 alpha + Basic + One-Step,NASDAQ:OPCH,0.058282129196520864
2022-12-21,12,AR1 alpha + Basic + One-Step,NASDAQ:OPCH,0.0
2022-12-22,12,AR1 alpha + Basic + One-Step,NASDAQ:OPCH,0.018196353154896375
2022-12-23,12,AR1 alpha + Basic + One-Step,NASDAQ:OPCH,0.007121572453211759
2022-12-27,12,AR1 alpha + Basic + One-Step,NASDAQ:OPCH,0.03207240922731887
2022-12-28,12,AR1 alpha + Basic + One-Step,NASDAQ:OPCH,0.041970901420718736
2022-12-29,12,AR1 alpha + Basic + One-Step,NASDAQ:OPCH,0.03236230667428341
2022-12-30,12,AR1 alpha + Basic + One-Step,NASDAQ:OPCH,0.040476962822981896
2023-01-03,12,AR1 alpha + Basic + One-Step,NASDAQ:OPCH,0.07068908049995358
2023-01-04,12,AR1 alpha + Basic + One-Step,NASDAQ:OPCH,0.09999948043076073
2023-01-05,12,AR1 alpha + Basic + One-Step,NASDAQ:OPCH,0.09999620580993862
2023-01-06,12,AR1 alpha + Basic + One-Step,NASDAQ:OPCH,0.006040353581251056
2023-01-09,12,AR1 alpha + Basic + One-Step,NASDAQ:OPCH,0.09999750188425086
2023-01-10,12,AR1 alpha + Basic + One-Step,NASDAQ:OPCH,0.032186894651716175
2023-01-11,12,AR1 alpha + Basic + One-Step,NASDAQ:OPCH,0.05703435162744403
2023-01-12,12,AR1 alpha + Basic + One-Step,NASDAQ:OPCH,0.0072644669867698314
2023-01-13,12,AR1 alpha + Basic + One-Step,NASDAQ:OPCH,0.02562489954742321
2023-01-17,12,AR1 alpha + Basic + One-Step,NASDAQ:OPCH,0.033158565313573356
2023-01-18,12,AR1 alpha + Basic + One-Step,NASDAQ:OPCH,0.09999380322542135
2023-01-19,12,AR1 alpha + Basic + One-Step,NASDAQ:OPCH,0.08564079935163013
2023-01-20,12,AR1 alpha + Basic + One-Step,NASDAQ:OPCH,0.0999998236366819
2023-01-23,12,AR1 alpha + Basic + One-Step,NASDAQ:OPCH,0.0999991594764287
2023-01-24,12,AR1 alpha + Basic + One-Step,NASDAQ:OPCH,0.09999269990824361
2023-01-25,12,AR1 alpha + Basic + One-Step,NASDAQ:OPCH,0.07959986679688001
2023-01-26,12,AR1 alpha + Basic + One-Step,NASDAQ:OPCH,0.07798582249412923
2023-01-27,12,AR1 alpha + Basic + One-Step,NASDAQ:OPCH,0.08827071438988013
2023-01-30,12,AR1 alpha + Basic + One-Step,NASDAQ:OPCH,0.09999959402546661
2023-01-31,12,AR1 alpha + Basic + One-Step,NASDAQ:OPCH,0.038344480869062246
2023-02-01,12,AR1 alpha + Basic + One-Step,NASDAQ:OPCH,0.01442383486220941
2023-02-02,12,AR1 alpha + Basic + One-Step,NASDAQ:OPCH,0.005853060984951849
2023-02-03,12,AR1 alpha + Basic + One-Step,NASDAQ:OPCH,0.09341934031606723
2023-02-06,12,AR1 alpha + Basic + One-Step,NASDAQ:OPCH,0.09999789268771732
2023-02-07,12,AR1 alpha + Basic + One-Step,NASDAQ:OPCH,0.09999923976697603
2023-02-08,12,AR1 alpha + Basic + One-Step,NASDAQ:OPCH,0.06322192914645677
2023-02-09,12,AR1 alpha + Basic + One-Step,NASDAQ:OPCH,0.06381542380859125
2023-02-10,12,AR1 alpha + Basic + One-Step,NASDAQ:OPCH,0.0
2023-02-13,12,AR1 alpha + Basic + One-Step,NASDAQ:OPCH,0.04431546412608946
2023-02-14,12,AR1 alpha + Basic + One-Step,NASDAQ:OPCH,0.09078959307114184
2023-02-15,12,AR1 alpha + Basic + One-Step,NASDAQ:OPCH,0.017032637014047784
2023-02-16,12,AR1 alpha + Basic + One-Step,NASDAQ:OPCH,1.2790947828276687e-09
2023-02-17,12,AR1 alpha + Basic + One-Step,NASDAQ:OPCH,0.018526130097609245
2023-02-21,12,AR1 alpha + Basic + One-Step,NASDAQ:OPCH,0.09999968159132173
2023-02-22,12,AR1 alpha + Basic + One-Step,NASDAQ:OPCH,0.07143139611629892
2023-02-23,12,AR1 alpha + Basic + One-Step,NASDAQ:OPCH,3.114814226533327e-08
2023-02-24,12,AR1 alpha + Basic + One-Step,NASDAQ:OPCH,0.0
2023-02-27,12,AR1 alpha + Basic + One-Step,NASDAQ:OPCH,0.0
2023-02-28,12,AR1 alpha + Basic + One-Step,NASDAQ:OPCH,0.010597296403762188
2023-03-01,12,AR1 alpha + Basic + One-Step,NASDAQ:OPCH,9.072237060609773e-09
2023-03-02,12,AR1 alpha + Basic + One-Step,NASDAQ:OPCH,4.84434185158106e-08
2023-03-03,12,AR1 alpha + Basic + One-Step,NASDAQ:OPCH,0.0
2023-03-06,12,AR1 alpha + Basic + One-Step,NASDAQ:OPCH,0.0
2023-03-07,12,AR1 alpha + Basic + One-Step,NASDAQ:OPCH,0.0
2023-03-08,12,AR1 alpha + Basic + One-Step,NASDAQ:OPCH,0.02250018584306563
2023-03-09,12,AR1 alpha + Basic + One-Step,NASDAQ:OPCH,0.06511585124755362
2023-03-10,12,AR1 alpha + Basic + One-Step,NASDAQ:OPCH,0.1000000019301744
2023-03-13,12,AR1 alpha + Basic + One-Step,NASDAQ:OPCH,0.10000019068667285
2023-03-14,12,AR1 alpha + Basic + One-Step,NASDAQ:OPCH,0.042391501330425435
2023-03-15,12,AR1 alpha + Basic + One-Step,NASDAQ:OPCH,0.10000014944574877
2023-03-16,12,AR1 alpha + Basic + One-Step,NASDAQ:OPCH,0.06556659014216422
2023-03-17,12,AR1 alpha + Basic + One-Step,NASDAQ:OPCH,0.09999965209032563
2023-03-20,12,AR1 alpha + Basic + One-Step,NASDAQ:OPCH,0.09999980913890463
2023-03-21,12,AR1 alpha + Basic + One-Step,NASDAQ:OPCH,0.018143118055242227
2023-03-22,12,AR1 alpha + Basic + One-Step,NASDAQ:OPCH,0.09999991852081251
2023-03-23,12,AR1 alpha + Basic + One-Step,NASDAQ:OPCH,0.10000001995709663
2023-03-24,12,AR1 alpha + Basic + One-Step,NASDAQ:OPCH,0.08218576730309216
2023-03-27,12,AR1 alpha + Basic + One-Step,NASDAQ:OPCH,0.06926722513731795
2023-03-28,12,AR1 alpha + Basic + One-Step,NASDAQ:OPCH,0.05230143387211091
2023-03-29,12,AR1 alpha + Basic + One-Step,NASDAQ:OPCH,0.03862497487048211
2023-03-30,12,AR1 alpha + Basic + One-Step,NASDAQ:OPCH,0.09116257181803097
2023-03-31,12,AR1 alpha + Basic + One-Step,NASDAQ:OPCH,0.021201496777536365
2023-04-03,12,AR1 alpha + Basic + One-Step,NASDAQ:OPCH,0.027457405144640318
2023-04-04,12,AR1 alpha + Basic + One-Step,NASDAQ:OPCH,0.038538004844698666
2023-04-05,12,AR1 alpha + Basic + One-Step,NASDAQ:OPCH,0.031041276866196222
2023-04-06,12,AR1 alpha + Basic + One-Step,NASDAQ:OPCH,0.08773082468657797
2023-04-10,12,AR1 alpha + Basic + One-Step,NASDAQ:OPCH,0.09999005868575024
2023-04-11,12,AR1 alpha + Basic + One-Step,NASDAQ:OPCH,0.03880349406920566
2023-04-12,12,AR1 alpha + Basic + One-Step,NASDAQ:OPCH,0.08111870837430465
2023-04-13,12,AR1 alpha + Basic + One-Step,NASDAQ:OPCH,0.005049545489980323
2023-04-14,12,AR1 alpha + Basic + One-Step,NASDAQ:OPCH,0.024970770917498816
2023-04-17,12,AR1 alpha + Basic + One-Step,NASDAQ:OPCH,0.06419592646128815
2023-04-18,12,AR1 alpha + Basic + One-Step,NASDAQ:OPCH,0.009892280938847156
2023-04-19,12,AR1 alpha + Basic + One-Step,NASDAQ:OPCH,0.059116642784426895
2023-04-20,12,AR1 alpha + Basic + One-Step,NASDAQ:OPCH,0.03909476073000877
2023-04-21,12,AR1 alpha + Basic + One-Step,NASDAQ:OPCH,5.237271308509503e-08
2023-04-24,12,AR1 alpha + Basic + One-Step,NASDAQ:OPCH,0.0
2023-04-25,12,AR1 alpha + Basic + One-Step,NASDAQ:OPCH,0.0
2023-04-26,12,AR1 alpha + Basic + One-Step,NASDAQ:OPCH,0.06709057076750123
2023-04-27,12,AR1 alpha + Basic + One-Step,NASDAQ:OPCH,0.026133248543665295
2023-04-28,12,AR1 alpha + Basic + One-Step,NASDAQ:OPCH,2.3783627305446807e-08
2023-05-01,12,AR1 alpha + Basic + One-Step,NASDAQ:OPCH,1.673130930388536e-08
2023-05-02,12,AR1 alpha + Basic + One-Step,NASDAQ:OPCH,4.557329698973436e-08
2023-05-03,12,AR1 alpha + Basic + One-Step,NASDAQ:OPCH,0.0
2023-05-04,12,AR1 alpha + Basic + One-Step,NASDAQ:OPCH,0.09999680718032022
2023-05-05,12,AR1 alpha + Basic + One-Step,NASDAQ:OPCH,0.09999891515487139
2023-05-08,12,AR1 alpha + Basic + One-Step,NASDAQ:OPCH,0.09999965975053911
2023-05-09,12,AR1 alpha + Basic + One-Step,NASDAQ:OPCH,0.09999980915569356
2023-05-10,12,AR1 alpha + Basic + One-Step,NASDAQ:OPCH,0.09999968715660389
2023-05-11,12,AR1 alpha + Basic + One-Step,NASDAQ:OPCH,0.10000026081431061
2023-05-12,12,AR1 alpha + Basic + One-Step,NASDAQ:OPCH,0.10000073387934569
2023-05-15,12,AR1 alpha + Basic + One-Step,NASDAQ:OPCH,0.1000002545123552
2023-05-16,12,AR1 alpha + Basic + One-Step,NASDAQ:OPCH,0.0
2023-05-17,12,AR1 alpha + Basic + One-Step,NASDAQ:OPCH,0.0
2023-05-18,12,AR1 alpha + Basic + One-Step,NASDAQ:OPCH,0.0
2023-05-19,12,AR1 alpha + Basic + One-Step,NASDAQ:OPCH,0.0
2023-05-22,12,AR1 alpha + Basic + One-Step,NASDAQ:OPCH,0.0
2023-05-23,12,AR1 alpha + Basic + One-Step,NASDAQ:OPCH,0.0
2023-05-24,12,AR1 alpha + Basic + One-Step,NASDAQ:OPCH,0.0
2023-05-25,12,AR1 alpha + Basic + One-Step,NASDAQ:OPCH,0.0
2023-05-26,12,AR1 alpha + Basic + One-Step,NASDAQ:OPCH,0.0
2023-05-30,12,AR1 alpha + Basic + One-Step,NASDAQ:OPCH,0.0
2023-05-31,12,AR1 alpha + Basic + One-Step,NASDAQ:OPCH,0.0
2023-06-01,12,AR1 alpha + Basic + One-Step,NASDAQ:OPCH,5.390728994794139e-09
2023-06-02,12,AR1 alpha + Basic + One-Step,NASDAQ:OPCH,0.0
2023-06-05,12,AR1 alpha + Basic + One-Step,NASDAQ:OPCH,0.0
2023-06-06,12,AR1 alpha + Basic + One-Step,NASDAQ:OPCH,4.628854932684057e-07
2023-06-07,12,AR1 alpha + Basic + One-Step,NASDAQ:OPCH,0.0
2023-06-08,12,AR1 alpha + Basic + One-Step,NASDAQ:OPCH,4.9552398897870595e-08
2023-06-09,12,AR1 alpha + Basic + One-Step,NASDAQ:OPCH,6.58846203834972e-07
2023-06-12,12,AR1 alpha + Basic + One-Step,NASDAQ:OPCH,0.0
2023-06-13,12,AR1 alpha + Basic + One-Step,NASDAQ:OPCH,7.35971609686061e-08
2023-06-14,12,AR1 alpha + Basic + One-Step,NASDAQ:OPCH,1.5907281224120932e-07
2023-06-15,12,AR1 alpha + Basic + One-Step,NASDAQ:OPCH,0.0
2023-06-16,12,AR1 alpha + Basic + One-Step,NASDAQ:OPCH,1.777560947723391e-08
2023-06-20,12,AR1 alpha + Basic + One-Step,NASDAQ:OPCH,0.0
2023-06-21,12,AR1 alpha + Basic + One-Step,NASDAQ:OPCH,0.0
2023-06-22,12,AR1 alpha + Basic + One-Step,NASDAQ:OPCH,0.0
2023-06-23,12,AR1 alpha + Basic + One-Step,NASDAQ:OPCH,0.0
2023-06-26,12,AR1 alpha + Basic + One-Step,NASDAQ:OPCH,4.0487648186731166e-07
2023-06-27,12,AR1 alpha + Basic + One-Step,NASDAQ:OPCH,0.0
2023-06-28,12,AR1 alpha + Basic + One-Step,NASDAQ:OPCH,0.0
2023-06-29,12,AR1 alpha + Basic + One-Step,NASDAQ:OPCH,0.0
2023-06-30,12,AR1 alpha + Basic + One-Step,NASDAQ:OPCH,0.0
2023-07-03,12,AR1 alpha + Basic + One-Step,NASDAQ:OPCH,0.0
2023-07-05,12,AR1 alpha + Basic + One-Step,NASDAQ:OPCH,5.214295590797165e-07
2023-07-06,12,AR1 alpha + Basic + One-Step,NASDAQ:OPCH,0.0
2023-07-07,12,AR1 alpha + Basic + One-Step,NASDAQ:OPCH,0.0
2023-07-10,12,AR1 alpha + Basic + One-Step,NASDAQ:OPCH,0.002101877978425911
2023-07-11,12,AR1 alpha + Basic + One-Step,NASDAQ:OPCH,0.0
2023-07-12,12,AR1 alpha + Basic + One-Step,NASDAQ:OPCH,0.02812060020729623
2023-07-13,12,AR1 alpha + Basic + One-Step,NASDAQ:OPCH,0.0
2023-07-14,12,AR1 alpha + Basic + One-Step,NASDAQ:OPCH,1.403956812540383e-07
2023-07-17,12,AR1 alpha + Basic + One-Step,NASDAQ:OPCH,5.088144306362665e-07
2023-07-18,12,AR1 alpha + Basic + One-Step,NASDAQ:OPCH,1.1574152194060813e-06
2023-07-19,12,AR1 alpha + Basic + One-Step,NASDAQ:OPCH,0.0
2023-07-20,12,AR1 alpha + Basic + One-Step,NASDAQ:OPCH,0.0
2023-07-21,12,AR1 alpha + Basic + One-Step,NASDAQ:OPCH,0.0
2023-07-24,12,AR1 alpha + Basic + One-Step,NASDAQ:OPCH,0.0
2023-07-25,12,AR1 alpha + Basic + One-Step,NASDAQ:OPCH,0.0
2023-07-26,12,AR1 alpha + Basic + One-Step,NASDAQ:OPCH,0.0
2023-07-27,12,AR1 alpha + Basic + One-Step,NASDAQ:OPCH,0.0
2023-07-28,12,AR1 alpha + Basic + One-Step,NASDAQ:OPCH,0.0
2023-07-31,12,AR1 alpha + Basic + One-Step,NASDAQ:OPCH,0.0
2023-08-01,12,AR1 alpha + Basic + One-Step,NASDAQ:OPCH,0.0
2023-08-02,12,AR1 alpha + Basic + One-Step,NASDAQ:OPCH,0.0
2023-08-03,12,AR1 alpha + Basic + One-Step,NASDAQ:OPCH,0.0
2023-08-04,12,AR1 alpha + Basic + One-Step,NASDAQ:OPCH,6.31189786763094e-12
2023-08-07,12,AR1 alpha + Basic + One-Step,NASDAQ:OPCH,0.0
2023-08-08,12,AR1 alpha + Basic + One-Step,NASDAQ:OPCH,0.0
2023-08-09,12,AR1 alpha + Basic + One-Step,NASDAQ:OPCH,0.0
2023-08-10,12,AR1 alpha + Basic + One-Step,NASDAQ:OPCH,0.0
2023-08-11,12,AR1 alpha + Basic + One-Step,NASDAQ:OPCH,2.3612144816772304e-07
2023-08-14,12,AR1 alpha + Basic + One-Step,NASDAQ:OPCH,0.0
2023-08-15,12,AR1 alpha + Basic + One-Step,NASDAQ:OPCH,0.0
2023-08-16,12,AR1 alpha + Basic + One-Step,NASDAQ:OPCH,0.0
2023-08-17,12,AR1 alpha + Basic + One-Step,NASDAQ:OPCH,0.0
2023-08-18,12,AR1 alpha + Basic + One-Step,NASDAQ:OPCH,0.0
2023-08-21,12,AR1 alpha + Basic + One-Step,NASDAQ:OPCH,1.985798796649138e-09
2023-08-22,12,AR1 alpha + Basic + One-Step,NASDAQ:OPCH,0.0
2023-08-23,12,AR1 alpha + Basic + One-Step,NASDAQ:OPCH,7.336968098331259e-08
2023-08-24,12,AR1 alpha + Basic + One-Step,NASDAQ:OPCH,0.0
2023-08-25,12,AR1 alpha + Basic + One-Step,NASDAQ:OPCH,1.0962143531119991e-07
2023-08-28,12,AR1 alpha + Basic + One-Step,NASDAQ:OPCH,0.018161991063884567
2023-08-29,12,AR1 alpha + Basic + One-Step,NASDAQ:OPCH,0.0
2023-08-30,12,AR1 alpha + Basic + One-Step,NASDAQ:OPCH,0.0
2023-08-31,12,AR1 alpha + Basic + One-Step,NASDAQ:OPCH,0.018733936776234646
2023-09-01,12,AR1 alpha + Basic + One-Step,NASDAQ:OPCH,0.048058148067066826
2023-09-05,12,AR1 alpha + Basic + One-Step,NASDAQ:OPCH,0.09999304620542171
2023-09-06,12,AR1 alpha + Basic + One-Step,NASDAQ:OPCH,0.030389379807692234
2023-09-07,12,AR1 alpha + Basic + One-Step,NASDAQ:OPCH,0.010657868235804595
2023-09-08,12,AR1 alpha + Basic + One-Step,NASDAQ:OPCH,1.3745605882204824e-06
2023-09-11,12,AR1 alpha + Basic + One-Step,NASDAQ:OPCH,4.502905218042072e-07
2023-09-12,12,AR1 alpha + Basic + One-Step,NASDAQ:OPCH,1.621536425242377e-06
2023-09-13,12,AR1 alpha + Basic + One-Step,NASDAQ:OPCH,0.0
2023-09-14,12,AR1 alpha + Basic + One-Step,NASDAQ:OPCH,0.0
2023-09-15,12,AR1 alpha + Basic + One-Step,NASDAQ:OPCH,0.0
2023-09-18,12,AR1 alpha + Basic + One-Step,NASDAQ:OPCH,0.0
2023-09-19,12,AR1 alpha + Basic + One-Step,NASDAQ:OPCH,0.033399820313681626
2023-09-20,12,AR1 alpha + Basic + One-Step,NASDAQ:OPCH,0.027364968356015217
2023-09-21,12,AR1 alpha + Basic + One-Step,NASDAQ:OPCH,0.09999256420910821
2023-09-22,12,AR1 alpha + Basic + One-Step,NASDAQ:OPCH,0.07490086589018426
2023-09-25,12,AR1 alpha + Basic + One-Step,NASDAQ:OPCH,0.0
2023-09-26,12,AR1 alpha + Basic + One-Step,NASDAQ:OPCH,0.01208876439299515
2023-09-27,12,AR1 alpha + Basic + One-Step,NASDAQ:OPCH,0.09999121521299256
2023-09-28,12,AR1 alpha + Basic + One-Step,NASDAQ:OPCH,0.06390642237831384
2023-09-29,12,AR1 alpha + Basic + One-Step,NASDAQ:OPCH,0.09999999723600513
2023-10-02,12,AR1 alpha + Basic + One-Step,NASDAQ:OPCH,0.0
2023-10-03,12,AR1 alpha + Basic + One-Step,NASDAQ:OPCH,0.06931762835861723
2023-10-04,12,AR1 alpha + Basic + One-Step,NASDAQ:OPCH,0.09263172539397076
2023-10-05,12,AR1 alpha + Basic + One-Step,NASDAQ:OPCH,0.0034859992883226284
2023-10-06,12,AR1 alpha + Basic + One-Step,NASDAQ:OPCH,0.0
2023-10-09,12,AR1 alpha + Basic + One-Step,NASDAQ:OPCH,0.04006245288411844
2023-10-10,12,AR1 alpha + Basic + One-Step,NASDAQ:OPCH,0.0
2023-10-11,12,AR1 alpha + Basic + One-Step,NASDAQ:OPCH,0.06547377601905473
2023-10-12,12,AR1 alpha + Basic + One-Step,NASDAQ:OPCH,0.09999813075776968
2023-10-13,12,AR1 alpha + Basic + One-Step,NASDAQ:OPCH,0.0
2023-10-16,12,AR1 alpha + Basic + One-Step,NASDAQ:OPCH,9.56355303122869e-09
2023-10-17,12,AR1 alpha + Basic + One-Step,NASDAQ:OPCH,7.118903792467202e-07
2023-10-18,12,AR1 alpha + Basic + One-Step,NASDAQ:OPCH,0.0
2023-10-19,12,AR1 alpha + Basic + One-Step,NASDAQ:OPCH,0.0
2023-10-20,12,AR1 alpha + Basic + One-Step,NASDAQ:OPCH,0.0
2023-10-23,12,AR1 alpha + Basic + One-Step,NASDAQ:OPCH,0.0
2023-10-24,12,AR1 alpha + Basic + One-Step,NASDAQ:OPCH,0.0
2023-10-25,12,AR1 alpha + Basic + One-Step,NASDAQ:OPCH,0.09999745114336651
2023-10-26,12,AR1 alpha + Basic + One-Step,NASDAQ:OPCH,0.09999578354535556
2023-10-27,12,AR1 alpha + Basic + One-Step,NASDAQ:OPCH,0.09999389356929377
2023-10-30,12,AR1 alpha + Basic + One-Step,NASDAQ:OPCH,0.09999754518783496
2023-10-31,12,AR1 alpha + Basic + One-Step,NASDAQ:OPCH,0.09999403202055876
2023-11-01,12,AR1 alpha + Basic + One-Step,NASDAQ:OPCH,0.0
2023-11-02,12,AR1 alpha + Basic + One-Step,NASDAQ:OPCH,0.05652091807193013
2023-11-03,12,AR1 alpha + Basic + One-Step,NASDAQ:OPCH,0.0
2023-11-06,12,AR1 alpha + Basic + One-Step,NASDAQ:OPCH,0.0
2023-11-07,12,AR1 alpha + Basic + One-Step,NASDAQ:OPCH,1.3630546795543898e-08
2023-11-08,12,AR1 alpha + Basic + One-Step,NASDAQ:OPCH,2.572588782918993e-08
2023-11-09,12,AR1 alpha + Basic + One-Step,NASDAQ:OPCH,0.0
2023-11-10,12,AR1 alpha + Basic + One-Step,NASDAQ:OPCH,0.0
2023-11-13,12,AR1 alpha + Basic + One-Step,NASDAQ:OPCH,0.0
2023-11-14,12,AR1 alpha + Basic + One-Step,NASDAQ:OPCH,0.0
2023-11-15,12,AR1 alpha + Basic + One-Step,NASDAQ:OPCH,0.0
2023-11-16,12,AR1 alpha + Basic + One-Step,NASDAQ:OPCH,0.0
2023-11-17,12,AR1 alpha + Basic + One-Step,NASDAQ:OPCH,8.608906078402426e-08
2023-11-20,12,AR1 alpha + Basic + One-Step,NASDAQ:OPCH,0.0
2023-11-21,12,AR1 alpha + Basic + One-Step,NASDAQ:OPCH,0.0
2023-11-22,12,AR1 alpha + Basic + One-Step,NASDAQ:OPCH,0.0
2023-11-24,12,AR1 alpha + Basic + One-Step,NASDAQ:OPCH,0.0
2023-11-27,12,AR1 alpha + Basic + One-Step,NASDAQ:OPCH,0.0
2023-11-28,12,AR1 alpha + Basic + One-Step,NASDAQ:OPCH,1.835141623083152e-08
2023-11-29,12,AR1 alpha + Basic + One-Step,NASDAQ:OPCH,0.0
2023-11-30,12,AR1 alpha + Basic + One-Step,NASDAQ:OPCH,0.0
2023-12-01,12,AR1 alpha + Basic + One-Step,NASDAQ:OPCH,2.4290270916003625e-07
2023-12-04,12,AR1 alpha + Basic + One-Step,NASDAQ:OPCH,0.0
2023-12-05,12,AR1 alpha + Basic + One-Step,NASDAQ:OPCH,0.0
2023-12-06,12,AR1 alpha + Basic + One-Step,NASDAQ:OPCH,5.8806559411888134e-08
2023-12-07,12,AR1 alpha + Basic + One-Step,NASDAQ:OPCH,0.0
2023-12-08,12,AR1 alpha + Basic + One-Step,NASDAQ:OPCH,0.0
2023-12-11,12,AR1 alpha + Basic + One-Step,NASDAQ:OPCH,0.0
2023-12-12,12,AR1 alpha + Basic + One-Step,NASDAQ:OPCH,0.0
2023-12-13,12,AR1 alpha + Basic + One-Step,NASDAQ:OPCH,0.0
2023-12-14,12,AR1 alpha + Basic + One-Step,NASDAQ:OPCH,0.0
2023-12-15,12,AR1 alpha + Basic + One-Step,NASDAQ:OPCH,0.0
2023-12-18,12,AR1 alpha + Basic + One-Step,NASDAQ:OPCH,0.0
2023-12-19,12,AR1 alpha + Basic + One-Step,NASDAQ:OPCH,0.0
2023-12-20,12,AR1 alpha + Basic + One-Step,NASDAQ:OPCH,0.0
2023-12-21,12,AR1 alpha + Basic + One-Step,NASDAQ:OPCH,0.0
2023-12-22,12,AR1 alpha + Basic + One-Step,NASDAQ:OPCH,3.448830236279984e-07
2023-12-26,12,AR1 alpha + Basic + One-Step,NASDAQ:OPCH,0.0
2023-12-27,12,AR1 alpha + Basic + One-Step,NASDAQ:OPCH,0.0
2023-12-28,12,AR1 alpha + Basic + One-Step,NASDAQ:OPCH,0.0
2023-12-29,12,AR1 alpha + Basic + One-Step,NASDAQ:OPCH,0.0
2024-01-02,12,AR1 alpha + Basic + One-Step,NASDAQ:OPCH,0.0
2024-01-03,12,AR1 alpha + Basic + One-Step,NASDAQ:OPCH,0.0
2024-01-04,12,AR1 alpha + Basic + One-Step,NASDAQ:OPCH,0.0
2024-01-05,12,AR1 alpha + Basic + One-Step,NASDAQ:OPCH,0.03428892305569617
2024-01-08,12,AR1 alpha + Basic + One-Step,NASDAQ:OPCH,0.0
2024-01-09,12,AR1 alpha + Basic + One-Step,NASDAQ:OPCH,0.020741817584438986
2024-01-10,12,AR1 alpha + Basic + One-Step,NASDAQ:OPCH,0.05831374054611576
2024-01-11,12,AR1 alpha + Basic + One-Step,NASDAQ:OPCH,0.03180591987771551
2024-01-12,12,AR1 alpha + Basic + One-Step,NASDAQ:OPCH,0.05062112265205961
2024-01-16,12,AR1 alpha + Basic + One-Step,NASDAQ:OPCH,0.0
2024-01-17,12,AR1 alpha + Basic + One-Step,NASDAQ:OPCH,0.02026733088231816
2024-01-18,12,AR1 alpha + Basic + One-Step,NASDAQ:OPCH,1.714360127103158e-06
2024-01-19,12,AR1 alpha + Basic + One-Step,NASDAQ:OPCH,0.0
2024-01-22,12,AR1 alpha + Basic + One-Step,NASDAQ:OPCH,0.0
2024-01-23,12,AR1 alpha + Basic + One-Step,NASDAQ:OPCH,0.0
2024-01-24,12,AR1 alpha + Basic + One-Step,NASDAQ:OPCH,3.732648315245836e-08
2024-01-25,12,AR1 alpha + Basic + One-Step,NASDAQ:OPCH,0.035332610821596416
2024-01-26,12,AR1 alpha + Basic + One-Step,NASDAQ:OPCH,0.03455721011343705
2024-01-29,12,AR1 alpha + Basic + One-Step,NASDAQ:OPCH,0.0
2024-01-30,12,AR1 alpha + Basic + One-Step,NASDAQ:OPCH,0.0
2024-01-31,12,AR1 alpha + Basic + One-Step,NASDAQ:OPCH,0.004323509513759459
2024-02-01,12,AR1 alpha + Basic + One-Step,NASDAQ:OPCH,0.0
2024-02-02,12,AR1 alpha + Basic + One-Step,NASDAQ:OPCH,0.0
2024-02-05,12,AR1 alpha + Basic + One-Step,NASDAQ:OPCH,0.0
2024-02-06,12,AR1 alpha + Basic + One-Step,NASDAQ:OPCH,0.0
2024-02-07,12,AR1 alpha + Basic + One-Step,NASDAQ:OPCH,0.018698815872012078
2024-02-08,12,AR1 alpha + Basic + One-Step,NASDAQ:OPCH,2.5450240412069564e-09
2024-02-09,12,AR1 alpha + Basic + One-Step,NASDAQ:OPCH,0.0
2024-02-12,12,AR1 alpha + Basic + One-Step,NASDAQ:OPCH,0.0
2024-02-13,12,AR1 alpha + Basic + One-Step,NASDAQ:OPCH,0.0
2024-02-14,12,AR1 alpha + Basic + One-Step,NASDAQ:OPCH,0.0
2024-02-15,12,AR1 alpha + Basic + One-Step,NASDAQ:OPCH,0.0
2024-02-16,12,AR1 alpha + Basic + One-Step,NASDAQ:OPCH,0.0
2024-02-20,12,AR1 alpha + Basic + One-Step,NASDAQ:OPCH,0.0
2024-02-21,12,AR1 alpha + Basic + One-Step,NASDAQ:OPCH,0.0
2024-02-22,12,AR1 alpha + Basic + One-Step,NASDAQ:OPCH,0.06027432312684451
2024-02-23,12,AR1 alpha + Basic + One-Step,NASDAQ:OPCH,0.04101530132928795
2024-02-26,12,AR1 alpha + Basic + One-Step,NASDAQ:OPCH,0.08302442286408504
2024-02-27,12,AR1 alpha + Basic + One-Step,NASDAQ:OPCH,0.0
2024-02-28,12,AR1 alpha + Basic + One-Step,NASDAQ:OPCH,0.0019312960305247243
2024-02-29,12,AR1 alpha + Basic + One-Step,NASDAQ:OPCH,0.0
2024-03-01,12,AR1 alpha + Basic + One-Step,NASDAQ:OPCH,0.0
2024-03-04,12,AR1 alpha + Basic + One-Step,NASDAQ:OPCH,0.0
2024-03-05,12,AR1 alpha + Basic + One-Step,NASDAQ:OPCH,0.0
2024-03-06,12,AR1 alpha + Basic + One-Step,NASDAQ:OPCH,0.0
2024-03-07,12,AR1 alpha + Basic + One-Step,NASDAQ:OPCH,0.0
2024-03-08,12,AR1 alpha + Basic + One-Step,NASDAQ:OPCH,0.0
2024-03-11,12,AR1 alpha + Basic + One-Step,NASDAQ:OPCH,0.0
2024-03-12,12,AR1 alpha + Basic + One-Step,NASDAQ:OPCH,0.0
2024-03-13,12,AR1 alpha + Basic + One-Step,NASDAQ:OPCH,0.0
2024-03-14,12,AR1 alpha + Basic + One-Step,NASDAQ:OPCH,1.317365607599127e-07
2024-03-15,12,AR1 alpha + Basic + One-Step,NASDAQ:OPCH,1.1246284109043522e-07
2024-03-18,12,AR1 alpha + Basic + One-Step,NASDAQ:OPCH,0.0
2024-03-19,12,AR1 alpha + Basic + One-Step,NASDAQ:OPCH,0.0
2024-03-20,12,AR1 alpha + Basic + One-Step,NASDAQ:OPCH,0.0
2024-03-21,12,AR1 alpha + Basic + One-Step,NASDAQ:OPCH,4.561404814264127e-08
2024-03-22,12,AR1 alpha + Basic + One-Step,NASDAQ:OPCH,1.1359225730496735e-09
2024-03-25,12,AR1 alpha + Basic + One-Step,NASDAQ:OPCH,0.0
2024-03-26,12,AR1 alpha + Basic + One-Step,NASDAQ:OPCH,0.0
2024-03-27,12,AR1 alpha + Basic + One-Step,NASDAQ:OPCH,0.0
2024-03-28,12,AR1 alpha + Basic + One-Step,NASDAQ:OPCH,0.0
2024-04-01,12,AR1 alpha + Basic + One-Step,NASDAQ:OPCH,1.2516536885914528e-06
2024-04-02,12,AR1 alpha + Basic + One-Step,NASDAQ:OPCH,0.0
2024-04-03,12,AR1 alpha + Basic + One-Step,NASDAQ:OPCH,0.0
2024-04-04,12,AR1 alpha + Basic + One-Step,NASDAQ:OPCH,0.0
2024-04-05,12,AR1 alpha + Basic + One-Step,NASDAQ:OPCH,0.0
2024-04-08,12,AR1 alpha + Basic + One-Step,NASDAQ:OPCH,0.0
2024-04-09,12,AR1 alpha + Basic + One-Step,NASDAQ:OPCH,0.0
2024-04-10,12,AR1 alpha + Basic + One-Step,NASDAQ:OPCH,5.80443142782561e-07
2024-04-11,12,AR1 alpha + Basic + One-Step,NASDAQ:OPCH,0.0
2024-04-12,12,AR1 alpha + Basic + One-Step,NASDAQ:OPCH,0.0
2024-04-15,12,AR1 alpha + Basic + One-Step,NASDAQ:OPCH,0.0
2024-04-16,12,AR1 alpha + Basic + One-Step,NASDAQ:OPCH,0.0
2024-04-17,12,AR1 alpha + Basic + One-Step,NASDAQ:OPCH,8.49900334952133e-08
2024-04-18,12,AR1 alpha + Basic + One-Step,NASDAQ:OPCH,0.0
2024-04-19,12,AR1 alpha + Basic + One-Step,NASDAQ:OPCH,0.0
2020-03-25,12,AR1 alpha + Basic + One-Step,NASDAQ:FATE,0.02
2020-03-26,12,AR1 alpha + Basic + One-Step,NASDAQ:FATE,0.019999999999999997
2020-03-27,12,AR1 alpha + Basic + One-Step,NASDAQ:FATE,0.09999999999999996
2020-03-30,12,AR1 alpha + Basic + One-Step,NASDAQ:FATE,0.0
2020-03-31,12,AR1 alpha + Basic + One-Step,NASDAQ:FATE,0.0
2020-04-01,12,AR1 alpha + Basic + One-Step,NASDAQ:FATE,0.0
2020-04-02,12,AR1 alpha + Basic + One-Step,NASDAQ:FATE,2.008131512634188e-08
2020-04-03,12,AR1 alpha + Basic + One-Step,NASDAQ:FATE,4.111182419305456e-08
2020-04-06,12,AR1 alpha + Basic + One-Step,NASDAQ:FATE,0.0
2020-04-07,12,AR1 alpha + Basic + One-Step,NASDAQ:FATE,4.723379352273915e-08
2020-04-08,12,AR1 alpha + Basic + One-Step,NASDAQ:FATE,0.0
2020-04-09,12,AR1 alpha + Basic + One-Step,NASDAQ:FATE,0.0
2020-04-13,12,AR1 alpha + Basic + One-Step,NASDAQ:FATE,0.0
2020-04-14,12,AR1 alpha + Basic + One-Step,NASDAQ:FATE,0.09999819560782977
2020-04-15,12,AR1 alpha + Basic + One-Step,NASDAQ:FATE,0.09999747928766982
2020-04-16,12,AR1 alpha + Basic + One-Step,NASDAQ:FATE,0.09999264771069469
2020-04-17,12,AR1 alpha + Basic + One-Step,NASDAQ:FATE,0.09999291954368981
2020-04-20,12,AR1 alpha + Basic + One-Step,NASDAQ:FATE,0.09999436487096292
2020-04-21,12,AR1 alpha + Basic + One-Step,NASDAQ:FATE,0.09999727016439106
2020-04-22,12,AR1 alpha + Basic + One-Step,NASDAQ:FATE,0.09999421220959656
2020-04-23,12,AR1 alpha + Basic + One-Step,NASDAQ:FATE,0.09999732026486845
2020-04-24,12,AR1 alpha + Basic + One-Step,NASDAQ:FATE,0.09999883181090324
2020-04-27,12,AR1 alpha + Basic + One-Step,NASDAQ:FATE,0.09999924663967587
2020-04-28,12,AR1 alpha + Basic + One-Step,NASDAQ:FATE,0.0999976704002673
2020-04-29,12,AR1 alpha + Basic + One-Step,NASDAQ:FATE,0.09999951778223962
2020-04-30,12,AR1 alpha + Basic + One-Step,NASDAQ:FATE,0.0028584527434477266
2020-05-01,12,AR1 alpha + Basic + One-Step,NASDAQ:FATE,0.0368224691850814
2020-05-04,12,AR1 alpha + Basic + One-Step,NASDAQ:FATE,0.07933062518603246
2020-05-05,12,AR1 alpha + Basic + One-Step,NASDAQ:FATE,0.10000050691293574
2020-05-06,12,AR1 alpha + Basic + One-Step,NASDAQ:FATE,0.0999978881314875
2020-05-07,12,AR1 alpha + Basic + One-Step,NASDAQ:FATE,0.09999847324772249
2020-05-08,12,AR1 alpha + Basic + One-Step,NASDAQ:FATE,0.09999937419869884
2020-05-11,12,AR1 alpha + Basic + One-Step,NASDAQ:FATE,0.09999903694765332
2020-05-12,12,AR1 alpha + Basic + One-Step,NASDAQ:FATE,0.09999732894013866
2020-05-13,12,AR1 alpha + Basic + One-Step,NASDAQ:FATE,0.03200094301014738
2020-05-14,12,AR1 alpha + Basic + One-Step,NASDAQ:FATE,0.01014963348899192
2020-05-15,12,AR1 alpha + Basic + One-Step,NASDAQ:FATE,0.05588202191407958
2020-05-18,12,AR1 alpha + Basic + One-Step,NASDAQ:FATE,0.09138193719865745
2020-05-19,12,AR1 alpha + Basic + One-Step,NASDAQ:FATE,0.09702279004390547
2020-05-20,12,AR1 alpha + Basic + One-Step,NASDAQ:FATE,0.09855485739971599
2020-05-21,12,AR1 alpha + Basic + One-Step,NASDAQ:FATE,0.09999716290594353
2020-05-22,12,AR1 alpha + Basic + One-Step,NASDAQ:FATE,0.09999886807849782
2020-05-26,12,AR1 alpha + Basic + One-Step,NASDAQ:FATE,0.09999956102837518
2020-05-27,12,AR1 alpha + Basic + One-Step,NASDAQ:FATE,0.10000035176344652
2020-05-28,12,AR1 alpha + Basic + One-Step,NASDAQ:FATE,0.07646522778799662
2020-05-29,12,AR1 alpha + Basic + One-Step,NASDAQ:FATE,0.09866174505835974
2020-06-01,12,AR1 alpha + Basic + One-Step,NASDAQ:FATE,0.09105536412576029
2020-06-02,12,AR1 alpha + Basic + One-Step,NASDAQ:FATE,0.10000056106083337
2020-06-03,12,AR1 alpha + Basic + One-Step,NASDAQ:FATE,0.07628244278210379
2020-06-04,12,AR1 alpha + Basic + One-Step,NASDAQ:FATE,0.04337491493490685
2020-06-05,12,AR1 alpha + Basic + One-Step,NASDAQ:FATE,0.007917497763852427
2020-06-08,12,AR1 alpha + Basic + One-Step,NASDAQ:FATE,0.0
2020-06-09,12,AR1 alpha + Basic + One-Step,NASDAQ:FATE,0.09999657830225868
2020-06-10,12,AR1 alpha + Basic + One-Step,NASDAQ:FATE,0.09999065694520569
2020-06-11,12,AR1 alpha + Basic + One-Step,NASDAQ:FATE,1.3935322425048611e-08
2020-06-12,12,AR1 alpha + Basic + One-Step,NASDAQ:FATE,0.030956971980067957
2020-06-15,12,AR1 alpha + Basic + One-Step,NASDAQ:FATE,0.06560786834497494
2020-06-16,12,AR1 alpha + Basic + One-Step,NASDAQ:FATE,0.0999993611853357
2020-06-17,12,AR1 alpha + Basic + One-Step,NASDAQ:FATE,0.08279261343524083
2020-06-18,12,AR1 alpha + Basic + One-Step,NASDAQ:FATE,0.0999980453218401
2020-06-19,12,AR1 alpha + Basic + One-Step,NASDAQ:FATE,0.08682722264727073
2020-06-22,12,AR1 alpha + Basic + One-Step,NASDAQ:FATE,0.09999371340257818
2020-06-23,12,AR1 alpha + Basic + One-Step,NASDAQ:FATE,0.09999749806031963
2020-06-24,12,AR1 alpha + Basic + One-Step,NASDAQ:FATE,0.09999895416628957
2020-06-25,12,AR1 alpha + Basic + One-Step,NASDAQ:FATE,0.09999611587242418
2020-06-26,12,AR1 alpha + Basic + One-Step,NASDAQ:FATE,0.09999722598907378
2020-06-29,12,AR1 alpha + Basic + One-Step,NASDAQ:FATE,0.09999316549460031
2020-06-30,12,AR1 alpha + Basic + One-Step,NASDAQ:FATE,0.0999973437105605
2020-07-01,12,AR1 alpha + Basic + One-Step,NASDAQ:FATE,0.09999552629753368
2020-07-02,12,AR1 alpha + Basic + One-Step,NASDAQ:FATE,0.0999982598104214
2020-07-06,12,AR1 alpha + Basic + One-Step,NASDAQ:FATE,0.09999662284753763
2020-07-07,12,AR1 alpha + Basic + One-Step,NASDAQ:FATE,0.09999445940676902
2020-07-08,12,AR1 alpha + Basic + One-Step,NASDAQ:FATE,0.09999774094544403
2020-07-09,12,AR1 alpha + Basic + One-Step,NASDAQ:FATE,0.09999938839370782
2020-07-10,12,AR1 alpha + Basic + One-Step,NASDAQ:FATE,0.09999962518816703
2020-07-13,12,AR1 alpha + Basic + One-Step,NASDAQ:FATE,0.089046129638705
2020-07-14,12,AR1 alpha + Basic + One-Step,NASDAQ:FATE,0.0999962401443713
2020-07-15,12,AR1 alpha + Basic + One-Step,NASDAQ:FATE,0.09999867224645831
2020-07-16,12,AR1 alpha + Basic + One-Step,NASDAQ:FATE,0.0999948904355644
2020-07-17,12,AR1 alpha + Basic + One-Step,NASDAQ:FATE,0.09999771912814917
2020-07-20,12,AR1 alpha + Basic + One-Step,NASDAQ:FATE,0.09999934704462374
2020-07-21,12,AR1 alpha + Basic + One-Step,NASDAQ:FATE,0.09999707171612664
2020-07-22,12,AR1 alpha + Basic + One-Step,NASDAQ:FATE,0.09999617847997996
2020-07-23,12,AR1 alpha + Basic + One-Step,NASDAQ:FATE,0.0873760315110206
2020-07-24,12,AR1 alpha + Basic + One-Step,NASDAQ:FATE,0.05888260147439373
2020-07-27,12,AR1 alpha + Basic + One-Step,NASDAQ:FATE,0.07335264983483228
2020-07-28,12,AR1 alpha + Basic + One-Step,NASDAQ:FATE,0.04213505569198531
2020-07-29,12,AR1 alpha + Basic + One-Step,NASDAQ:FATE,0.03687545774341836
2020-07-30,12,AR1 alpha + Basic + One-Step,NASDAQ:FATE,0.03157357558795447
2020-07-31,12,AR1 alpha + Basic + One-Step,NASDAQ:FATE,0.04902211679156217
2020-08-03,12,AR1 alpha + Basic + One-Step,NASDAQ:FATE,0.09575362502627528
2020-08-04,12,AR1 alpha + Basic + One-Step,NASDAQ:FATE,0.07800197377284562
2020-08-05,12,AR1 alpha + Basic + One-Step,NASDAQ:FATE,0.09999661589862899
2020-08-06,12,AR1 alpha + Basic + One-Step,NASDAQ:FATE,0.08783475935618071
2020-08-07,12,AR1 alpha + Basic + One-Step,NASDAQ:FATE,0.07963741855073417
2020-08-10,12,AR1 alpha + Basic + One-Step,NASDAQ:FATE,0.05496459918562309
2020-08-11,12,AR1 alpha + Basic + One-Step,NASDAQ:FATE,0.04007700299870815
2020-08-12,12,AR1 alpha + Basic + One-Step,NASDAQ:FATE,0.08084008776298468
2020-08-13,12,AR1 alpha + Basic + One-Step,NASDAQ:FATE,0.07030406862087656
2020-08-14,12,AR1 alpha + Basic + One-Step,NASDAQ:FATE,0.07395017511255107
2020-08-17,12,AR1 alpha + Basic + One-Step,NASDAQ:FATE,0.09314211779054254
2020-08-18,12,AR1 alpha + Basic + One-Step,NASDAQ:FATE,0.08859132467229049
2020-08-19,12,AR1 alpha + Basic + One-Step,NASDAQ:FATE,0.08022760612841867
2020-08-20,12,AR1 alpha + Basic + One-Step,NASDAQ:FATE,0.08462745880392859
2020-08-21,12,AR1 alpha + Basic + One-Step,NASDAQ:FATE,0.09398552427872026
2020-08-24,12,AR1 alpha + Basic + One-Step,NASDAQ:FATE,0.09999794351948707
2020-08-25,12,AR1 alpha + Basic + One-Step,NASDAQ:FATE,0.09999564486925157
2020-08-26,12,AR1 alpha + Basic + One-Step,NASDAQ:FATE,0.09153284091426728
2020-08-27,12,AR1 alpha + Basic + One-Step,NASDAQ:FATE,0.09999644909662236
2020-08-28,12,AR1 alpha + Basic + One-Step,NASDAQ:FATE,0.09999314367476006
2020-08-31,12,AR1 alpha + Basic + One-Step,NASDAQ:FATE,0.09999376073117407
2020-09-01,12,AR1 alpha + Basic + One-Step,NASDAQ:FATE,0.09999011341013281
2020-09-02,12,AR1 alpha + Basic + One-Step,NASDAQ:FATE,0.09999188209727948
2020-09-03,12,AR1 alpha + Basic + One-Step,NASDAQ:FATE,0.04213845371200411
2020-09-04,12,AR1 alpha + Basic + One-Step,NASDAQ:FATE,0.015616782614093943
2020-09-08,12,AR1 alpha + Basic + One-Step,NASDAQ:FATE,0.0
2020-09-09,12,AR1 alpha + Basic + One-Step,NASDAQ:FATE,0.0
2020-09-10,12,AR1 alpha + Basic + One-Step,NASDAQ:FATE,0.0
2020-09-11,12,AR1 alpha + Basic + One-Step,NASDAQ:FATE,0.0
2020-09-14,12,AR1 alpha + Basic + One-Step,NASDAQ:FATE,0.06811022638862066
2020-09-15,12,AR1 alpha + Basic + One-Step,NASDAQ:FATE,0.09403193125608279
2020-09-16,12,AR1 alpha + Basic + One-Step,NASDAQ:FATE,0.06367889685234131
2020-09-17,12,AR1 alpha + Basic + One-Step,NASDAQ:FATE,0.06644896215738398
2020-09-18,12,AR1 alpha + Basic + One-Step,NASDAQ:FATE,0.09999244625193761
2020-09-21,12,AR1 alpha + Basic + One-Step,NASDAQ:FATE,0.061560664010197254
2020-09-22,12,AR1 alpha + Basic + One-Step,NASDAQ:FATE,0.09185006425120995
2020-09-23,12,AR1 alpha + Basic + One-Step,NASDAQ:FATE,0.05589162988888603
2020-09-24,12,AR1 alpha + Basic + One-Step,NASDAQ:FATE,0.0688621848717531
2020-09-25,12,AR1 alpha + Basic + One-Step,NASDAQ:FATE,0.09999547062207835
2020-09-28,12,AR1 alpha + Basic + One-Step,NASDAQ:FATE,0.09999429392185792
2020-09-29,12,AR1 alpha + Basic + One-Step,NASDAQ:FATE,0.099998175043555
2020-09-30,12,AR1 alpha + Basic + One-Step,NASDAQ:FATE,0.0999994478990262
2020-10-01,12,AR1 alpha + Basic + One-Step,NASDAQ:FATE,0.09999690376384869
2020-10-02,12,AR1 alpha + Basic + One-Step,NASDAQ:FATE,0.0999948017186056
2020-10-05,12,AR1 alpha + Basic + One-Step,NASDAQ:FATE,0.09999842699437347
2020-10-06,12,AR1 alpha + Basic + One-Step,NASDAQ:FATE,0.09999727593086212
2020-10-07,12,AR1 alpha + Basic + One-Step,NASDAQ:FATE,0.09999921725397772
2020-10-08,12,AR1 alpha + Basic + One-Step,NASDAQ:FATE,0.09999675552184689
2020-10-09,12,AR1 alpha + Basic + One-Step,NASDAQ:FATE,0.09999531137040107
2020-10-12,12,AR1 alpha + Basic + One-Step,NASDAQ:FATE,0.09999275347847934
2020-10-13,12,AR1 alpha + Basic + One-Step,NASDAQ:FATE,0.09999366627845868
2020-10-14,12,AR1 alpha + Basic + One-Step,NASDAQ:FATE,0.09999672248850731
2020-10-15,12,AR1 alpha + Basic + One-Step,NASDAQ:FATE,0.09999336997373384
2020-10-16,12,AR1 alpha + Basic + One-Step,NASDAQ:FATE,0.0999979141221361
2020-10-19,12,AR1 alpha + Basic + One-Step,NASDAQ:FATE,0.09999229448219252
2020-10-20,12,AR1 alpha + Basic + One-Step,NASDAQ:FATE,0.09999106549586348
2020-10-21,12,AR1 alpha + Basic + One-Step,NASDAQ:FATE,0.09999159621615503
2020-10-22,12,AR1 alpha + Basic + One-Step,NASDAQ:FATE,0.09999306232502685
2020-10-23,12,AR1 alpha + Basic + One-Step,NASDAQ:FATE,0.0999914756653258
2020-10-26,12,AR1 alpha + Basic + One-Step,NASDAQ:FATE,0.0999965677777517
2020-10-27,12,AR1 alpha + Basic + One-Step,NASDAQ:FATE,0.09999886843984655
2020-10-28,12,AR1 alpha + Basic + One-Step,NASDAQ:FATE,0.09999957874966701
2020-10-29,12,AR1 alpha + Basic + One-Step,NASDAQ:FATE,0.09999985311617182
2020-10-30,12,AR1 alpha + Basic + One-Step,NASDAQ:FATE,0.09999947495265137
2020-11-02,12,AR1 alpha + Basic + One-Step,NASDAQ:FATE,0.09999933829244911
2020-11-03,12,AR1 alpha + Basic + One-Step,NASDAQ:FATE,0.0999992250187165
2020-11-04,12,AR1 alpha + Basic + One-Step,NASDAQ:FATE,0.09999764859019973
2020-11-05,12,AR1 alpha + Basic + One-Step,NASDAQ:FATE,0.09999414107183635
2020-11-06,12,AR1 alpha + Basic + One-Step,NASDAQ:FATE,0.09999805350702376
2020-11-09,12,AR1 alpha + Basic + One-Step,NASDAQ:FATE,0.09999618562285405
2020-11-10,12,AR1 alpha + Basic + One-Step,NASDAQ:FATE,0.09999261192352596
2020-11-11,12,AR1 alpha + Basic + One-Step,NASDAQ:FATE,0.09999653903952817
2020-11-12,12,AR1 alpha + Basic + One-Step,NASDAQ:FATE,0.09999211464700745
2020-11-13,12,AR1 alpha + Basic + One-Step,NASDAQ:FATE,0.09999396897914405
2020-11-16,12,AR1 alpha + Basic + One-Step,NASDAQ:FATE,0.09999565976222878
2020-11-17,12,AR1 alpha + Basic + One-Step,NASDAQ:FATE,0.09999569060479718
2020-11-18,12,AR1 alpha + Basic + One-Step,NASDAQ:FATE,0.09998867014154687
2020-11-19,12,AR1 alpha + Basic + One-Step,NASDAQ:FATE,0.09999630480151449
2020-11-20,12,AR1 alpha + Basic + One-Step,NASDAQ:FATE,0.09998791953474556
2020-11-23,12,AR1 alpha + Basic + One-Step,NASDAQ:FATE,0.0999883443775339
2020-11-24,12,AR1 alpha + Basic + One-Step,NASDAQ:FATE,0.09998783732102993
2020-11-25,12,AR1 alpha + Basic + One-Step,NASDAQ:FATE,0.09999379281034403
2020-11-27,12,AR1 alpha + Basic + One-Step,NASDAQ:FATE,0.09998721709064885
2020-11-30,12,AR1 alpha + Basic + One-Step,NASDAQ:FATE,0.09999563421034108
2020-12-01,12,AR1 alpha + Basic + One-Step,NASDAQ:FATE,0.09999800208647505
2020-12-02,12,AR1 alpha + Basic + One-Step,NASDAQ:FATE,0.09999891672874994
2020-12-03,12,AR1 alpha + Basic + One-Step,NASDAQ:FATE,0.09999960258193037
2020-12-04,12,AR1 alpha + Basic + One-Step,NASDAQ:FATE,0.09999985163633078
2020-12-07,12,AR1 alpha + Basic + One-Step,NASDAQ:FATE,0.09999800058952654
2020-12-08,12,AR1 alpha + Basic + One-Step,NASDAQ:FATE,0.09999957995529646
2020-12-09,12,AR1 alpha + Basic + One-Step,NASDAQ:FATE,0.09999668341494365
2020-12-10,12,AR1 alpha + Basic + One-Step,NASDAQ:FATE,0.09999878538700065
2020-12-11,12,AR1 alpha + Basic + One-Step,NASDAQ:FATE,0.0999998441834495
2020-12-14,12,AR1 alpha + Basic + One-Step,NASDAQ:FATE,0.10000021975901412
2020-12-15,12,AR1 alpha + Basic + One-Step,NASDAQ:FATE,0.09999392921789735
2020-12-16,12,AR1 alpha + Basic + One-Step,NASDAQ:FATE,0.0999983795928716
2020-12-17,12,AR1 alpha + Basic + One-Step,NASDAQ:FATE,0.09999933293991348
2020-12-18,12,AR1 alpha + Basic + One-Step,NASDAQ:FATE,0.09999485548242165
2020-12-21,12,AR1 alpha + Basic + One-Step,NASDAQ:FATE,0.09999889000154127
2020-12-22,12,AR1 alpha + Basic + One-Step,NASDAQ:FATE,0.09999793985102995
2020-12-23,12,AR1 alpha + Basic + One-Step,NASDAQ:FATE,0.09999936958468937
2020-12-24,12,AR1 alpha + Basic + One-Step,NASDAQ:FATE,0.09999965640702048
2020-12-28,12,AR1 alpha + Basic + One-Step,NASDAQ:FATE,0.0999993894525564
2020-12-29,12,AR1 alpha + Basic + One-Step,NASDAQ:FATE,0.0999972046327753
2020-12-30,12,AR1 alpha + Basic + One-Step,NASDAQ:FATE,0.09999646598244417
2020-12-31,12,AR1 alpha + Basic + One-Step,NASDAQ:FATE,0.09999783858477775
2021-01-04,12,AR1 alpha + Basic + One-Step,NASDAQ:FATE,0.09999537912934522
2021-01-05,12,AR1 alpha + Basic + One-Step,NASDAQ:FATE,0.09999857293222367
2021-01-06,12,AR1 alpha + Basic + One-Step,NASDAQ:FATE,0.09999922769815803
2021-01-07,12,AR1 alpha + Basic + One-Step,NASDAQ:FATE,0.09999290992854187
2021-01-08,12,AR1 alpha + Basic + One-Step,NASDAQ:FATE,0.09999697191408093
2021-01-11,12,AR1 alpha + Basic + One-Step,NASDAQ:FATE,0.09999422960418827
2021-01-12,12,AR1 alpha + Basic + One-Step,NASDAQ:FATE,0.09999345815985114
2021-01-13,12,AR1 alpha + Basic + One-Step,NASDAQ:FATE,0.09999535332260251
2021-01-14,12,AR1 alpha + Basic + One-Step,NASDAQ:FATE,0.09998792137358886
2021-01-15,12,AR1 alpha + Basic + One-Step,NASDAQ:FATE,0.09999394652380297
2021-01-19,12,AR1 alpha + Basic + One-Step,NASDAQ:FATE,0.09999741658753736
2021-01-20,12,AR1 alpha + Basic + One-Step,NASDAQ:FATE,0.0999990555323193
2021-01-21,12,AR1 alpha + Basic + One-Step,NASDAQ:FATE,0.09999281999786959
2021-01-22,12,AR1 alpha + Basic + One-Step,NASDAQ:FATE,0.09999804868260025
2021-01-25,12,AR1 alpha + Basic + One-Step,NASDAQ:FATE,0.09999931514273326
2021-01-26,12,AR1 alpha + Basic + One-Step,NASDAQ:FATE,0.07089003198841075
2021-01-27,12,AR1 alpha + Basic + One-Step,NASDAQ:FATE,0.04434883194200975
2021-01-28,12,AR1 alpha + Basic + One-Step,NASDAQ:FATE,0.08154252870507293
2021-01-29,12,AR1 alpha + Basic + One-Step,NASDAQ:FATE,0.08517931207610849
2021-02-01,12,AR1 alpha + Basic + One-Step,NASDAQ:FATE,0.10000073045691758
2021-02-02,12,AR1 alpha + Basic + One-Step,NASDAQ:FATE,0.09999947621498533
2021-02-03,12,AR1 alpha + Basic + One-Step,NASDAQ:FATE,0.09999966165205523
2021-02-04,12,AR1 alpha + Basic + One-Step,NASDAQ:FATE,0.0999980770507871
2021-02-05,12,AR1 alpha + Basic + One-Step,NASDAQ:FATE,0.09999585943373492
2021-02-08,12,AR1 alpha + Basic + One-Step,NASDAQ:FATE,0.09999215118938486
2021-02-09,12,AR1 alpha + Basic + One-Step,NASDAQ:FATE,0.09999670484973182
2021-02-10,12,AR1 alpha + Basic + One-Step,NASDAQ:FATE,0.09999218617224417
2021-02-11,12,AR1 alpha + Basic + One-Step,NASDAQ:FATE,0.09999367353411102
2021-02-12,12,AR1 alpha + Basic + One-Step,NASDAQ:FATE,0.09998672787047087
2021-02-16,12,AR1 alpha + Basic + One-Step,NASDAQ:FATE,0.09999671564785462
2021-02-17,12,AR1 alpha + Basic + One-Step,NASDAQ:FATE,0.09999526272973357
2021-02-18,12,AR1 alpha + Basic + One-Step,NASDAQ:FATE,0.09999829756861008
2021-02-19,12,AR1 alpha + Basic + One-Step,NASDAQ:FATE,0.09999511039712919
2021-02-22,12,AR1 alpha + Basic + One-Step,NASDAQ:FATE,0.09979516190324361
2021-02-23,12,AR1 alpha + Basic + One-Step,NASDAQ:FATE,0.053992278093764313
2021-02-24,12,AR1 alpha + Basic + One-Step,NASDAQ:FATE,0.07383621499855617
2021-02-25,12,AR1 alpha + Basic + One-Step,NASDAQ:FATE,0.0
2021-02-26,12,AR1 alpha + Basic + One-Step,NASDAQ:FATE,0.02916761159860903
2021-03-01,12,AR1 alpha + Basic + One-Step,NASDAQ:FATE,0.09800520450730621
2021-03-02,12,AR1 alpha + Basic + One-Step,NASDAQ:FATE,0.08980354671702849
2021-03-03,12,AR1 alpha + Basic + One-Step,NASDAQ:FATE,0.021558545022620695
2021-03-04,12,AR1 alpha + Basic + One-Step,NASDAQ:FATE,3.8891595715945894e-07
2021-03-05,12,AR1 alpha + Basic + One-Step,NASDAQ:FATE,0.003275469242897967
2021-03-08,12,AR1 alpha + Basic + One-Step,NASDAQ:FATE,0.0
2021-03-09,12,AR1 alpha + Basic + One-Step,NASDAQ:FATE,0.09666000825979326
2021-03-10,12,AR1 alpha + Basic + One-Step,NASDAQ:FATE,0.09349118779687811
2021-03-11,12,AR1 alpha + Basic + One-Step,NASDAQ:FATE,0.09999987113852381
2021-03-12,12,AR1 alpha + Basic + One-Step,NASDAQ:FATE,0.09999990214051659
2021-03-15,12,AR1 alpha + Basic + One-Step,NASDAQ:FATE,0.09999998067410089
2021-03-16,12,AR1 alpha + Basic + One-Step,NASDAQ:FATE,0.093004305614757
2021-03-17,12,AR1 alpha + Basic + One-Step,NASDAQ:FATE,0.09999710900490394
2021-03-18,12,AR1 alpha + Basic + One-Step,NASDAQ:FATE,0.052719268947946506
2021-03-19,12,AR1 alpha + Basic + One-Step,NASDAQ:FATE,0.09879222797111355
2021-03-22,12,AR1 alpha + Basic + One-Step,NASDAQ:FATE,0.0999882363808123
2021-03-23,12,AR1 alpha + Basic + One-Step,NASDAQ:FATE,0.05096401982698359
2021-03-24,12,AR1 alpha + Basic + One-Step,NASDAQ:FATE,0.012709696336559412
2021-03-25,12,AR1 alpha + Basic + One-Step,NASDAQ:FATE,0.009342287658937175
2021-03-26,12,AR1 alpha + Basic + One-Step,NASDAQ:FATE,0.0
2021-03-29,12,AR1 alpha + Basic + One-Step,NASDAQ:FATE,0.0
2021-03-30,12,AR1 alpha + Basic + One-Step,NASDAQ:FATE,0.02874167919445784
2021-03-31,12,AR1 alpha + Basic + One-Step,NASDAQ:FATE,0.09999992291537213
2021-04-01,12,AR1 alpha + Basic + One-Step,NASDAQ:FATE,0.09999678367605541
2021-04-05,12,AR1 alpha + Basic + One-Step,NASDAQ:FATE,0.10000008751260984
2021-04-06,12,AR1 alpha + Basic + One-Step,NASDAQ:FATE,0.0780422117071114
2021-04-07,12,AR1 alpha + Basic + One-Step,NASDAQ:FATE,0.03929386056207006
2021-04-08,12,AR1 alpha + Basic + One-Step,NASDAQ:FATE,0.06527938780837646
2021-04-09,12,AR1 alpha + Basic + One-Step,NASDAQ:FATE,0.05833841362941751
2021-04-12,12,AR1 alpha + Basic + One-Step,NASDAQ:FATE,0.03318338943904758
2021-04-13,12,AR1 alpha + Basic + One-Step,NASDAQ:FATE,0.07108472569827587
2021-04-14,12,AR1 alpha + Basic + One-Step,NASDAQ:FATE,0.09999972265929757
2021-04-15,12,AR1 alpha + Basic + One-Step,NASDAQ:FATE,0.09999792513605939
2021-04-16,12,AR1 alpha + Basic + One-Step,NASDAQ:FATE,0.059917147665758286
2021-04-19,12,AR1 alpha + Basic + One-Step,NASDAQ:FATE,0.032413380279108735
2021-04-20,12,AR1 alpha + Basic + One-Step,NASDAQ:FATE,0.03000692285937553
2021-04-21,12,AR1 alpha + Basic + One-Step,NASDAQ:FATE,0.08729114639248854
2021-04-22,12,AR1 alpha + Basic + One-Step,NASDAQ:FATE,0.08808056925351301
2021-04-23,12,AR1 alpha + Basic + One-Step,NASDAQ:FATE,0.08142800087606522
2021-04-26,12,AR1 alpha + Basic + One-Step,NASDAQ:FATE,0.09999888701590752
2021-04-27,12,AR1 alpha + Basic + One-Step,NASDAQ:FATE,0.10000016258222443
2021-04-28,12,AR1 alpha + Basic + One-Step,NASDAQ:FATE,0.09999879209986157
2021-04-29,12,AR1 alpha + Basic + One-Step,NASDAQ:FATE,0.06486970383162677
2021-04-30,12,AR1 alpha + Basic + One-Step,NASDAQ:FATE,0.06118652504421507
2021-05-03,12,AR1 alpha + Basic + One-Step,NASDAQ:FATE,0.047909772218687176
2021-05-04,12,AR1 alpha + Basic + One-Step,NASDAQ:FATE,9.1466228073437e-09
2021-05-05,12,AR1 alpha + Basic + One-Step,NASDAQ:FATE,0.0
2021-05-06,12,AR1 alpha + Basic + One-Step,NASDAQ:FATE,0.0
2021-05-07,12,AR1 alpha + Basic + One-Step,NASDAQ:FATE,0.011644054065229281
2021-05-10,12,AR1 alpha + Basic + One-Step,NASDAQ:FATE,0.0
2021-05-11,12,AR1 alpha + Basic + One-Step,NASDAQ:FATE,0.026522502399226298
2021-05-12,12,AR1 alpha + Basic + One-Step,NASDAQ:FATE,0.0
2021-05-13,12,AR1 alpha + Basic + One-Step,NASDAQ:FATE,4.165301458484092e-07
2021-05-14,12,AR1 alpha + Basic + One-Step,NASDAQ:FATE,0.05673118963651388
2021-05-17,12,AR1 alpha + Basic + One-Step,NASDAQ:FATE,0.05569767589490332
2021-05-18,12,AR1 alpha + Basic + One-Step,NASDAQ:FATE,0.06860905298106965
2021-05-19,12,AR1 alpha + Basic + One-Step,NASDAQ:FATE,0.043343667982005896
2021-05-20,12,AR1 alpha + Basic + One-Step,NASDAQ:FATE,0.055958570539611015
2021-05-21,12,AR1 alpha + Basic + One-Step,NASDAQ:FATE,0.027972959130713997
2021-05-24,12,AR1 alpha + Basic + One-Step,NASDAQ:FATE,0.024514272773299053
2021-05-25,12,AR1 alpha + Basic + One-Step,NASDAQ:FATE,0.03510551029737414
2021-05-26,12,AR1 alpha + Basic + One-Step,NASDAQ:FATE,0.04144474181842382
2021-05-27,12,AR1 alpha + Basic + One-Step,NASDAQ:FATE,0.02849297147176186
2021-05-28,12,AR1 alpha + Basic + One-Step,NASDAQ:FATE,0.030519687223965544
2021-06-01,12,AR1 alpha + Basic + One-Step,NASDAQ:FATE,0.0
2021-06-02,12,AR1 alpha + Basic + One-Step,NASDAQ:FATE,0.0
2021-06-03,12,AR1 alpha + Basic + One-Step,NASDAQ:FATE,0.0
2021-06-04,12,AR1 alpha + Basic + One-Step,NASDAQ:FATE,0.025835830356436086
2021-06-07,12,AR1 alpha + Basic + One-Step,NASDAQ:FATE,0.06712318914666658
2021-06-08,12,AR1 alpha + Basic + One-Step,NASDAQ:FATE,0.0677604403992746
2021-06-09,12,AR1 alpha + Basic + One-Step,NASDAQ:FATE,0.09534165655280694
2021-06-10,12,AR1 alpha + Basic + One-Step,NASDAQ:FATE,0.09999994556469148
2021-06-11,12,AR1 alpha + Basic + One-Step,NASDAQ:FATE,0.09999921334794123
2021-06-14,12,AR1 alpha + Basic + One-Step,NASDAQ:FATE,0.09999086498217927
2021-06-15,12,AR1 alpha + Basic + One-Step,NASDAQ:FATE,0.07099210196956858
2021-06-16,12,AR1 alpha + Basic + One-Step,NASDAQ:FATE,0.015030624295255349
2021-06-17,12,AR1 alpha + Basic + One-Step,NASDAQ:FATE,0.027275572193467504
2021-06-18,12,AR1 alpha + Basic + One-Step,NASDAQ:FATE,0.0
2021-06-21,12,AR1 alpha + Basic + One-Step,NASDAQ:FATE,0.0011548656642440252
2021-06-22,12,AR1 alpha + Basic + One-Step,NASDAQ:FATE,0.0
2021-06-23,12,AR1 alpha + Basic + One-Step,NASDAQ:FATE,0.023217668327841008
2021-06-24,12,AR1 alpha + Basic + One-Step,NASDAQ:FATE,0.02865625651018219
2021-06-25,12,AR1 alpha + Basic + One-Step,NASDAQ:FATE,0.03171503440333237
2021-06-28,12,AR1 alpha + Basic + One-Step,NASDAQ:FATE,0.08018626443719931
2021-06-29,12,AR1 alpha + Basic + One-Step,NASDAQ:FATE,0.060701876849285935
2021-06-30,12,AR1 alpha + Basic + One-Step,NASDAQ:FATE,0.014597635081334607
2021-07-01,12,AR1 alpha + Basic + One-Step,NASDAQ:FATE,0.09048563471805922
2021-07-02,12,AR1 alpha + Basic + One-Step,NASDAQ:FATE,0.06328777454243346
2021-07-06,12,AR1 alpha + Basic + One-Step,NASDAQ:FATE,6.969835840873167e-09
2021-07-07,12,AR1 alpha + Basic + One-Step,NASDAQ:FATE,2.9906512445501036e-07
2021-07-08,12,AR1 alpha + Basic + One-Step,NASDAQ:FATE,0.0
2021-07-09,12,AR1 alpha + Basic + One-Step,NASDAQ:FATE,0.03450463891500671
2021-07-12,12,AR1 alpha + Basic + One-Step,NASDAQ:FATE,0.0
2021-07-13,12,AR1 alpha + Basic + One-Step,NASDAQ:FATE,1.0833041701749408e-08
2021-07-14,12,AR1 alpha + Basic + One-Step,NASDAQ:FATE,0.0
2021-07-15,12,AR1 alpha + Basic + One-Step,NASDAQ:FATE,0.0
2021-07-16,12,AR1 alpha + Basic + One-Step,NASDAQ:FATE,2.813786725784613e-06
2021-07-19,12,AR1 alpha + Basic + One-Step,NASDAQ:FATE,1.7001175771808186e-07
2021-07-20,12,AR1 alpha + Basic + One-Step,NASDAQ:FATE,0.030764264191857307
2021-07-21,12,AR1 alpha + Basic + One-Step,NASDAQ:FATE,0.0386971872373634
2021-07-22,12,AR1 alpha + Basic + One-Step,NASDAQ:FATE,0.047003609722583606
2021-07-23,12,AR1 alpha + Basic + One-Step,NASDAQ:FATE,0.039667938295819244
2021-07-26,12,AR1 alpha + Basic + One-Step,NASDAQ:FATE,0.0029797434300648457
2021-07-27,12,AR1 alpha + Basic + One-Step,NASDAQ:FATE,0.0
2021-07-28,12,AR1 alpha + Basic + One-Step,NASDAQ:FATE,0.040196900899969315
2021-07-29,12,AR1 alpha + Basic + One-Step,NASDAQ:FATE,0.055217012819636896
2021-07-30,12,AR1 alpha + Basic + One-Step,NASDAQ:FATE,0.014629771959079739
2021-08-02,12,AR1 alpha + Basic + One-Step,NASDAQ:FATE,0.051312167209275644
2021-08-03,12,AR1 alpha + Basic + One-Step,NASDAQ:FATE,0.006159537009119679
2021-08-04,12,AR1 alpha + Basic + One-Step,NASDAQ:FATE,0.05047411654252553
2021-08-05,12,AR1 alpha + Basic + One-Step,NASDAQ:FATE,0.09999282881967246
2021-08-06,12,AR1 alpha + Basic + One-Step,NASDAQ:FATE,0.09999234988001768
2021-08-09,12,AR1 alpha + Basic + One-Step,NASDAQ:FATE,0.09999811248168176
2021-08-10,12,AR1 alpha + Basic + One-Step,NASDAQ:FATE,0.033205840504139245
2021-08-11,12,AR1 alpha + Basic + One-Step,NASDAQ:FATE,0.04898215352649091
2021-08-12,12,AR1 alpha + Basic + One-Step,NASDAQ:FATE,0.03967800326036572
2021-08-13,12,AR1 alpha + Basic + One-Step,NASDAQ:FATE,0.007066790715230171
2021-08-16,12,AR1 alpha + Basic + One-Step,NASDAQ:FATE,0.029269858843558746
2021-08-17,12,AR1 alpha + Basic + One-Step,NASDAQ:FATE,0.0
2021-08-18,12,AR1 alpha + Basic + One-Step,NASDAQ:FATE,0.06305904777104693
2021-08-19,12,AR1 alpha + Basic + One-Step,NASDAQ:FATE,0.010401165455669733
2021-08-20,12,AR1 alpha + Basic + One-Step,NASDAQ:FATE,0.0
2021-08-23,12,AR1 alpha + Basic + One-Step,NASDAQ:FATE,0.0
2021-08-24,12,AR1 alpha + Basic + One-Step,NASDAQ:FATE,5.741746250128454e-08
2021-08-25,12,AR1 alpha + Basic + One-Step,NASDAQ:FATE,0.0
2021-08-26,12,AR1 alpha + Basic + One-Step,NASDAQ:FATE,9.969007027258187e-09
2021-08-27,12,AR1 alpha + Basic + One-Step,NASDAQ:FATE,8.450637339648765e-07
2021-08-30,12,AR1 alpha + Basic + One-Step,NASDAQ:FATE,2.407409326659703e-08
2021-08-31,12,AR1 alpha + Basic + One-Step,NASDAQ:FATE,0.0
2021-09-01,12,AR1 alpha + Basic + One-Step,NASDAQ:FATE,0.02223088227574908
2021-09-02,12,AR1 alpha + Basic + One-Step,NASDAQ:FATE,0.022008369498539824
2021-09-03,12,AR1 alpha + Basic + One-Step,NASDAQ:FATE,0.0007995125514062983
2021-09-07,12,AR1 alpha + Basic + One-Step,NASDAQ:FATE,0.002199815366254892
2021-09-08,12,AR1 alpha + Basic + One-Step,NASDAQ:FATE,0.0
2021-09-09,12,AR1 alpha + Basic + One-Step,NASDAQ:FATE,1.0623446170316802e-07
2021-09-10,12,AR1 alpha + Basic + One-Step,NASDAQ:FATE,0.0
2021-09-13,12,AR1 alpha + Basic + One-Step,NASDAQ:FATE,0.0
2021-09-14,12,AR1 alpha + Basic + One-Step,NASDAQ:FATE,2.8263719205349635e-07
2021-09-15,12,AR1 alpha + Basic + One-Step,NASDAQ:FATE,0.0
2021-09-16,12,AR1 alpha + Basic + One-Step,NASDAQ:FATE,0.0
2021-09-17,12,AR1 alpha + Basic + One-Step,NASDAQ:FATE,0.003449694728234732
2021-09-20,12,AR1 alpha + Basic + One-Step,NASDAQ:FATE,0.0
2021-09-21,12,AR1 alpha + Basic + One-Step,NASDAQ:FATE,3.3980321607863735e-08
2021-09-22,12,AR1 alpha + Basic + One-Step,NASDAQ:FATE,0.0
2021-09-23,12,AR1 alpha + Basic + One-Step,NASDAQ:FATE,1.5469857141534272e-07
2021-09-24,12,AR1 alpha + Basic + One-Step,NASDAQ:FATE,0.0
2021-09-27,12,AR1 alpha + Basic + One-Step,NASDAQ:FATE,0.0
2021-09-28,12,AR1 alpha + Basic + One-Step,NASDAQ:FATE,0.0
2021-09-29,12,AR1 alpha + Basic + One-Step,NASDAQ:FATE,0.0
2021-09-30,12,AR1 alpha + Basic + One-Step,NASDAQ:FATE,1.7587093828960322e-08
2021-10-01,12,AR1 alpha + Basic + One-Step,NASDAQ:FATE,0.0
2021-10-04,12,AR1 alpha + Basic + One-Step,NASDAQ:FATE,0.0
2021-10-05,12,AR1 alpha + Basic + One-Step,NASDAQ:FATE,0.0
2021-10-06,12,AR1 alpha + Basic + One-Step,NASDAQ:FATE,1.163805814648652e-07
2021-10-07,12,AR1 alpha + Basic + One-Step,NASDAQ:FATE,0.0
2021-10-08,12,AR1 alpha + Basic + One-Step,NASDAQ:FATE,1.6251902281722653e-08
2021-10-11,12,AR1 alpha + Basic + One-Step,NASDAQ:FATE,1.4965746190232352e-08
2021-10-12,12,AR1 alpha + Basic + One-Step,NASDAQ:FATE,5.479281645742852e-09
2021-10-13,12,AR1 alpha + Basic + One-Step,NASDAQ:FATE,5.544746091185002e-08
2021-10-14,12,AR1 alpha + Basic + One-Step,NASDAQ:FATE,0.0
2021-10-15,12,AR1 alpha + Basic + One-Step,NASDAQ:FATE,0.0
2021-10-18,12,AR1 alpha + Basic + One-Step,NASDAQ:FATE,0.0
2021-10-19,12,AR1 alpha + Basic + One-Step,NASDAQ:FATE,0.0
2021-10-20,12,AR1 alpha + Basic + One-Step,NASDAQ:FATE,0.0
2021-10-21,12,AR1 alpha + Basic + One-Step,NASDAQ:FATE,0.0
2021-10-22,12,AR1 alpha + Basic + One-Step,NASDAQ:FATE,0.0
2021-10-25,12,AR1 alpha + Basic + One-Step,NASDAQ:FATE,0.0
2021-10-26,12,AR1 alpha + Basic + One-Step,NASDAQ:FATE,0.0
2021-10-27,12,AR1 alpha + Basic + One-Step,NASDAQ:FATE,0.0
2021-10-28,12,AR1 alpha + Basic + One-Step,NASDAQ:FATE,0.0
2021-10-29,12,AR1 alpha + Basic + One-Step,NASDAQ:FATE,0.0
2021-11-01,12,AR1 alpha + Basic + One-Step,NASDAQ:FATE,7.379131866808229e-08
2021-11-02,12,AR1 alpha + Basic + One-Step,NASDAQ:FATE,0.0
2021-11-03,12,AR1 alpha + Basic + One-Step,NASDAQ:FATE,0.0
2021-11-04,12,AR1 alpha + Basic + One-Step,NASDAQ:FATE,0.0
2021-11-05,12,AR1 alpha + Basic + One-Step,NASDAQ:FATE,3.3912645017434264e-08
2021-11-08,12,AR1 alpha + Basic + One-Step,NASDAQ:FATE,4.5725038037625594e-08
2021-11-09,12,AR1 alpha + Basic + One-Step,NASDAQ:FATE,0.0
2021-11-10,12,AR1 alpha + Basic + One-Step,NASDAQ:FATE,0.0
2021-11-11,12,AR1 alpha + Basic + One-Step,NASDAQ:FATE,0.0
2021-11-12,12,AR1 alpha + Basic + One-Step,NASDAQ:FATE,0.0
2021-11-15,12,AR1 alpha + Basic + One-Step,NASDAQ:FATE,0.0
2021-11-16,12,AR1 alpha + Basic + One-Step,NASDAQ:FATE,0.0
2021-11-17,12,AR1 alpha + Basic + One-Step,NASDAQ:FATE,0.0
2021-11-18,12,AR1 alpha + Basic + One-Step,NASDAQ:FATE,0.0
2021-11-19,12,AR1 alpha + Basic + One-Step,NASDAQ:FATE,0.0
2021-11-22,12,AR1 alpha + Basic + One-Step,NASDAQ:FATE,0.0
2021-11-23,12,AR1 alpha + Basic + One-Step,NASDAQ:FATE,0.0
2021-11-24,12,AR1 alpha + Basic + One-Step,NASDAQ:FATE,0.0
2021-11-26,12,AR1 alpha + Basic + One-Step,NASDAQ:FATE,0.0
2021-11-29,12,AR1 alpha + Basic + One-Step,NASDAQ:FATE,0.0
2021-11-30,12,AR1 alpha + Basic + One-Step,NASDAQ:FATE,3.643252672444443e-08
2021-12-01,12,AR1 alpha + Basic + One-Step,NASDAQ:FATE,0.0
2021-12-02,12,AR1 alpha + Basic + One-Step,NASDAQ:FATE,0.0
2021-12-03,12,AR1 alpha + Basic + One-Step,NASDAQ:FATE,0.0
2021-12-06,12,AR1 alpha + Basic + One-Step,NASDAQ:FATE,0.0
2021-12-07,12,AR1 alpha + Basic + One-Step,NASDAQ:FATE,6.103256121108638e-07
2021-12-08,12,AR1 alpha + Basic + One-Step,NASDAQ:FATE,2.3276857346756817e-07
2021-12-09,12,AR1 alpha + Basic + One-Step,NASDAQ:FATE,0.0
2021-12-10,12,AR1 alpha + Basic + One-Step,NASDAQ:FATE,0.0
2021-12-13,12,AR1 alpha + Basic + One-Step,NASDAQ:FATE,0.0
2021-12-14,12,AR1 alpha + Basic + One-Step,NASDAQ:FATE,0.0
2021-12-15,12,AR1 alpha + Basic + One-Step,NASDAQ:FATE,0.0
2021-12-16,12,AR1 alpha + Basic + One-Step,NASDAQ:FATE,0.0
2021-12-17,12,AR1 alpha + Basic + One-Step,NASDAQ:FATE,0.0
2021-12-20,12,AR1 alpha + Basic + One-Step,NASDAQ:FATE,0.0
2021-12-21,12,AR1 alpha + Basic + One-Step,NASDAQ:FATE,0.0
2021-12-22,12,AR1 alpha + Basic + One-Step,NASDAQ:FATE,8.65732295148662e-08
2021-12-23,12,AR1 alpha + Basic + One-Step,NASDAQ:FATE,0.0
2021-12-27,12,AR1 alpha + Basic + One-Step,NASDAQ:FATE,0.0
2021-12-28,12,AR1 alpha + Basic + One-Step,NASDAQ:FATE,0.0
2021-12-29,12,AR1 alpha + Basic + One-Step,NASDAQ:FATE,0.0
2021-12-30,12,AR1 alpha + Basic + One-Step,NASDAQ:FATE,1.2140398325845586e-07
2021-12-31,12,AR1 alpha + Basic + One-Step,NASDAQ:FATE,0.0
2022-01-03,12,AR1 alpha + Basic + One-Step,NASDAQ:FATE,0.0
2022-01-04,12,AR1 alpha + Basic + One-Step,NASDAQ:FATE,0.0
2022-01-05,12,AR1 alpha + Basic + One-Step,NASDAQ:FATE,0.0
2022-01-06,12,AR1 alpha + Basic + One-Step,NASDAQ:FATE,2.2069184930840322e-08
2022-01-07,12,AR1 alpha + Basic + One-Step,NASDAQ:FATE,2.7233630584348355e-08
2022-01-10,12,AR1 alpha + Basic + One-Step,NASDAQ:FATE,1.2616874281247087e-07
2022-01-11,12,AR1 alpha + Basic + One-Step,NASDAQ:FATE,0.0
2022-01-12,12,AR1 alpha + Basic + One-Step,NASDAQ:FATE,0.0
2022-01-13,12,AR1 alpha + Basic + One-Step,NASDAQ:FATE,7.983543024023909e-07
2022-01-14,12,AR1 alpha + Basic + One-Step,NASDAQ:FATE,0.0
2022-01-18,12,AR1 alpha + Basic + One-Step,NASDAQ:FATE,0.0
2022-01-19,12,AR1 alpha + Basic + One-Step,NASDAQ:FATE,0.0
2022-01-20,12,AR1 alpha + Basic + One-Step,NASDAQ:FATE,0.0
2022-01-21,12,AR1 alpha + Basic + One-Step,NASDAQ:FATE,1.5278946146059718e-07
2022-01-24,12,AR1 alpha + Basic + One-Step,NASDAQ:FATE,0.0
2022-01-25,12,AR1 alpha + Basic + One-Step,NASDAQ:FATE,0.0
2022-01-26,12,AR1 alpha + Basic + One-Step,NASDAQ:FATE,0.0
2022-01-27,12,AR1 alpha + Basic + One-Step,NASDAQ:FATE,0.0
2022-01-28,12,AR1 alpha + Basic + One-Step,NASDAQ:FATE,0.0
2022-01-31,12,AR1 alpha + Basic + One-Step,NASDAQ:FATE,0.0
2022-02-01,12,AR1 alpha + Basic + One-Step,NASDAQ:FATE,0.0
2022-02-02,12,AR1 alpha + Basic + One-Step,NASDAQ:FATE,0.0
2022-02-03,12,AR1 alpha + Basic + One-Step,NASDAQ:FATE,0.0
2022-02-04,12,AR1 alpha + Basic + One-Step,NASDAQ:FATE,6.640713368823155e-08
2022-02-07,12,AR1 alpha + Basic + One-Step,NASDAQ:FATE,1.3288889713440686e-07
2022-02-08,12,AR1 alpha + Basic + One-Step,NASDAQ:FATE,8.967257845341936e-07
2022-02-09,12,AR1 alpha + Basic + One-Step,NASDAQ:FATE,0.0
2022-02-10,12,AR1 alpha + Basic + One-Step,NASDAQ:FATE,0.0
2022-02-11,12,AR1 alpha + Basic + One-Step,NASDAQ:FATE,0.0
2022-02-14,12,AR1 alpha + Basic + One-Step,NASDAQ:FATE,0.0
2022-02-15,12,AR1 alpha + Basic + One-Step,NASDAQ:FATE,0.0
2022-02-16,12,AR1 alpha + Basic + One-Step,NASDAQ:FATE,0.0
2022-02-17,12,AR1 alpha + Basic + One-Step,NASDAQ:FATE,0.0
2022-02-18,12,AR1 alpha + Basic + One-Step,NASDAQ:FATE,4.680615571250165e-08
2022-02-22,12,AR1 alpha + Basic + One-Step,NASDAQ:FATE,0.0
2022-02-23,12,AR1 alpha + Basic + One-Step,NASDAQ:FATE,0.0
2022-02-24,12,AR1 alpha + Basic + One-Step,NASDAQ:FATE,0.0
2022-02-25,12,AR1 alpha + Basic + One-Step,NASDAQ:FATE,0.0
2022-02-28,12,AR1 alpha + Basic + One-Step,NASDAQ:FATE,0.0
2022-03-01,12,AR1 alpha + Basic + One-Step,NASDAQ:FATE,0.0
2022-03-02,12,AR1 alpha + Basic + One-Step,NASDAQ:FATE,0.0
2022-03-03,12,AR1 alpha + Basic + One-Step,NASDAQ:FATE,0.0
2022-03-04,12,AR1 alpha + Basic + One-Step,NASDAQ:FATE,0.0
2022-03-07,12,AR1 alpha + Basic + One-Step,NASDAQ:FATE,0.0
2022-03-08,12,AR1 alpha + Basic + One-Step,NASDAQ:FATE,0.0
2022-03-09,12,AR1 alpha + Basic + One-Step,NASDAQ:FATE,3.995047678485452e-08
2022-03-10,12,AR1 alpha + Basic + One-Step,NASDAQ:FATE,0.0
2022-03-11,12,AR1 alpha + Basic + One-Step,NASDAQ:FATE,0.0
2022-03-14,12,AR1 alpha + Basic + One-Step,NASDAQ:FATE,0.0
2022-03-15,12,AR1 alpha + Basic + One-Step,NASDAQ:FATE,0.0
2022-03-16,12,AR1 alpha + Basic + One-Step,NASDAQ:FATE,0.0
2022-03-17,12,AR1 alpha + Basic + One-Step,NASDAQ:FATE,0.0
2022-03-18,12,AR1 alpha + Basic + One-Step,NASDAQ:FATE,0.0
2022-03-21,12,AR1 alpha + Basic + One-Step,NASDAQ:FATE,0.0
2022-03-22,12,AR1 alpha + Basic + One-Step,NASDAQ:FATE,4.068810493490971e-08
2022-03-23,12,AR1 alpha + Basic + One-Step,NASDAQ:FATE,0.0
2022-03-24,12,AR1 alpha + Basic + One-Step,NASDAQ:FATE,2.4302678933885297e-09
2022-03-25,12,AR1 alpha + Basic + One-Step,NASDAQ:FATE,0.0
2022-03-28,12,AR1 alpha + Basic + One-Step,NASDAQ:FATE,0.0
2022-03-29,12,AR1 alpha + Basic + One-Step,NASDAQ:FATE,0.0
2022-03-30,12,AR1 alpha + Basic + One-Step,NASDAQ:FATE,0.0
2022-03-31,12,AR1 alpha + Basic + One-Step,NASDAQ:FATE,0.0
2022-04-01,12,AR1 alpha + Basic + One-Step,NASDAQ:FATE,0.0
2022-04-04,12,AR1 alpha + Basic + One-Step,NASDAQ:FATE,0.0
2022-04-05,12,AR1 alpha + Basic + One-Step,NASDAQ:FATE,9.152839590698049e-09
2022-04-06,12,AR1 alpha + Basic + One-Step,NASDAQ:FATE,0.0
2022-04-07,12,AR1 alpha + Basic + One-Step,NASDAQ:FATE,0.0
2022-04-08,12,AR1 alpha + Basic + One-Step,NASDAQ:FATE,0.0
2022-04-11,12,AR1 alpha + Basic + One-Step,NASDAQ:FATE,0.0
2022-04-12,12,AR1 alpha + Basic + One-Step,NASDAQ:FATE,0.0
2022-04-13,12,AR1 alpha + Basic + One-Step,NASDAQ:FATE,1.2342731989554443e-07
2022-04-14,12,AR1 alpha + Basic + One-Step,NASDAQ:FATE,7.936798475938794e-09
2022-04-18,12,AR1 alpha + Basic + One-Step,NASDAQ:FATE,0.0
2022-04-19,12,AR1 alpha + Basic + One-Step,NASDAQ:FATE,3.021239307736215e-08
2022-04-20,12,AR1 alpha + Basic + One-Step,NASDAQ:FATE,2.2676406563369747e-08
2022-04-21,12,AR1 alpha + Basic + One-Step,NASDAQ:FATE,0.0
2022-04-22,12,AR1 alpha + Basic + One-Step,NASDAQ:FATE,0.0
2022-04-25,12,AR1 alpha + Basic + One-Step,NASDAQ:FATE,0.0
2022-04-26,12,AR1 alpha + Basic + One-Step,NASDAQ:FATE,2.7705529997879257e-08
2022-04-27,12,AR1 alpha + Basic + One-Step,NASDAQ:FATE,0.0
2022-04-28,12,AR1 alpha + Basic + One-Step,NASDAQ:FATE,0.0
2022-04-29,12,AR1 alpha + Basic + One-Step,NASDAQ:FATE,0.0
2022-05-02,12,AR1 alpha + Basic + One-Step,NASDAQ:FATE,0.0
2022-05-03,12,AR1 alpha + Basic + One-Step,NASDAQ:FATE,0.0
2022-05-04,12,AR1 alpha + Basic + One-Step,NASDAQ:FATE,2.2160857680419739e-07
2022-05-05,12,AR1 alpha + Basic + One-Step,NASDAQ:FATE,0.0
2022-05-06,12,AR1 alpha + Basic + One-Step,NASDAQ:FATE,0.0
2022-05-09,12,AR1 alpha + Basic + One-Step,NASDAQ:FATE,0.0
2022-05-10,12,AR1 alpha + Basic + One-Step,NASDAQ:FATE,5.569361798175248e-07
2022-05-11,12,AR1 alpha + Basic + One-Step,NASDAQ:FATE,0.0
2022-05-12,12,AR1 alpha + Basic + One-Step,NASDAQ:FATE,1.822850665301604e-07
2022-05-13,12,AR1 alpha + Basic + One-Step,NASDAQ:FATE,0.0
2022-05-16,12,AR1 alpha + Basic + One-Step,NASDAQ:FATE,4.69095550144931e-08
2022-05-17,12,AR1 alpha + Basic + One-Step,NASDAQ:FATE,0.0
2022-05-18,12,AR1 alpha + Basic + One-Step,NASDAQ:FATE,5.33192909359917e-07
2022-05-19,12,AR1 alpha + Basic + One-Step,NASDAQ:FATE,0.0
2022-05-20,12,AR1 alpha + Basic + One-Step,NASDAQ:FATE,0.0
2022-05-23,12,AR1 alpha + Basic + One-Step,NASDAQ:FATE,1.3844981965951876e-08
2022-05-24,12,AR1 alpha + Basic + One-Step,NASDAQ:FATE,0.0
2022-05-25,12,AR1 alpha + Basic + One-Step,NASDAQ:FATE,0.0
2022-05-26,12,AR1 alpha + Basic + One-Step,NASDAQ:FATE,0.0
2022-05-27,12,AR1 alpha + Basic + One-Step,NASDAQ:FATE,6.507698915802379e-09
2022-05-31,12,AR1 alpha + Basic + One-Step,NASDAQ:FATE,1.6490827673320168e-08
2022-06-01,12,AR1 alpha + Basic + One-Step,NASDAQ:FATE,0.0
2022-06-02,12,AR1 alpha + Basic + One-Step,NASDAQ:FATE,0.0
2022-06-03,12,AR1 alpha + Basic + One-Step,NASDAQ:FATE,0.0
2022-06-06,12,AR1 alpha + Basic + One-Step,NASDAQ:FATE,0.0
2022-06-07,12,AR1 alpha + Basic + One-Step,NASDAQ:FATE,0.0
2022-06-08,12,AR1 alpha + Basic + One-Step,NASDAQ:FATE,0.0
2022-06-09,12,AR1 alpha + Basic + One-Step,NASDAQ:FATE,1.1191889808528063e-08
2022-06-10,12,AR1 alpha + Basic + One-Step,NASDAQ:FATE,0.0
2022-06-13,12,AR1 alpha + Basic + One-Step,NASDAQ:FATE,1.4762663954284713e-07
2022-06-14,12,AR1 alpha + Basic + One-Step,NASDAQ:FATE,2.4873995723016408e-08
2022-06-15,12,AR1 alpha + Basic + One-Step,NASDAQ:FATE,0.0
2022-06-16,12,AR1 alpha + Basic + One-Step,NASDAQ:FATE,0.0
2022-06-17,12,AR1 alpha + Basic + One-Step,NASDAQ:FATE,1.52342554804252e-11
2022-06-21,12,AR1 alpha + Basic + One-Step,NASDAQ:FATE,0.0
2022-06-22,12,AR1 alpha + Basic + One-Step,NASDAQ:FATE,5.332640707186802e-09
2022-06-23,12,AR1 alpha + Basic + One-Step,NASDAQ:FATE,0.0
2022-06-24,12,AR1 alpha + Basic + One-Step,NASDAQ:FATE,0.0
2022-06-27,12,AR1 alpha + Basic + One-Step,NASDAQ:FATE,0.0
2022-06-28,12,AR1 alpha + Basic + One-Step,NASDAQ:FATE,0.0
2022-06-29,12,AR1 alpha + Basic + One-Step,NASDAQ:FATE,0.0
2022-06-30,12,AR1 alpha + Basic + One-Step,NASDAQ:FATE,0.0
2022-07-01,12,AR1 alpha + Basic + One-Step,NASDAQ:FATE,0.0
2022-07-05,12,AR1 alpha + Basic + One-Step,NASDAQ:FATE,0.0
2022-07-06,12,AR1 alpha + Basic + One-Step,NASDAQ:FATE,0.0
2022-07-07,12,AR1 alpha + Basic + One-Step,NASDAQ:FATE,0.0
2022-07-08,12,AR1 alpha + Basic + One-Step,NASDAQ:FATE,0.0
2022-07-11,12,AR1 alpha + Basic + One-Step,NASDAQ:FATE,6.832275207344753e-08
2022-07-12,12,AR1 alpha + Basic + One-Step,NASDAQ:FATE,8.096497995796065e-08
2022-07-13,12,AR1 alpha + Basic + One-Step,NASDAQ:FATE,6.555766329560467e-08
2022-07-14,12,AR1 alpha + Basic + One-Step,NASDAQ:FATE,0.0
2022-07-15,12,AR1 alpha + Basic + One-Step,NASDAQ:FATE,3.811644632128291e-08
2022-07-18,12,AR1 alpha + Basic + One-Step,NASDAQ:FATE,9.261101530094e-10
2022-07-19,12,AR1 alpha + Basic + One-Step,NASDAQ:FATE,0.0
2022-07-20,12,AR1 alpha + Basic + One-Step,NASDAQ:FATE,0.0
2022-07-21,12,AR1 alpha + Basic + One-Step,NASDAQ:FATE,3.0507146205060526e-08
2022-07-22,12,AR1 alpha + Basic + One-Step,NASDAQ:FATE,0.0
2022-07-25,12,AR1 alpha + Basic + One-Step,NASDAQ:FATE,0.0
2022-07-26,12,AR1 alpha + Basic + One-Step,NASDAQ:FATE,0.0
2022-07-27,12,AR1 alpha + Basic + One-Step,NASDAQ:FATE,0.0
2022-07-28,12,AR1 alpha + Basic + One-Step,NASDAQ:FATE,0.0
2022-07-29,12,AR1 alpha + Basic + One-Step,NASDAQ:FATE,0.0
2022-08-01,12,AR1 alpha + Basic + One-Step,NASDAQ:FATE,0.0
2022-08-02,12,AR1 alpha + Basic + One-Step,NASDAQ:FATE,0.0
2022-08-03,12,AR1 alpha + Basic + One-Step,NASDAQ:FATE,0.0
2022-08-04,12,AR1 alpha + Basic + One-Step,NASDAQ:FATE,0.0
2022-08-05,12,AR1 alpha + Basic + One-Step,NASDAQ:FATE,0.0
2022-08-08,12,AR1 alpha + Basic + One-Step,NASDAQ:FATE,0.0
2022-08-09,12,AR1 alpha + Basic + One-Step,NASDAQ:FATE,0.0
2022-08-10,12,AR1 alpha + Basic + One-Step,NASDAQ:FATE,0.0
2022-08-11,12,AR1 alpha + Basic + One-Step,NASDAQ:FATE,0.0
2022-08-12,12,AR1 alpha + Basic + One-Step,NASDAQ:FATE,0.0
2022-08-15,12,AR1 alpha + Basic + One-Step,NASDAQ:FATE,0.0
2022-08-16,12,AR1 alpha + Basic + One-Step,NASDAQ:FATE,0.0
2022-08-17,12,AR1 alpha + Basic + One-Step,NASDAQ:FATE,0.0
2022-08-18,12,AR1 alpha + Basic + One-Step,NASDAQ:FATE,0.0
2022-08-19,12,AR1 alpha + Basic + One-Step,NASDAQ:FATE,7.611406420273107e-09
2022-08-22,12,AR1 alpha + Basic + One-Step,NASDAQ:FATE,0.0
2022-08-23,12,AR1 alpha + Basic + One-Step,NASDAQ:FATE,0.0
2022-08-24,12,AR1 alpha + Basic + One-Step,NASDAQ:FATE,0.0
2022-08-25,12,AR1 alpha + Basic + One-Step,NASDAQ:FATE,0.0
2022-08-26,12,AR1 alpha + Basic + One-Step,NASDAQ:FATE,0.0
2022-08-29,12,AR1 alpha + Basic + One-Step,NASDAQ:FATE,0.0
2022-08-30,12,AR1 alpha + Basic + One-Step,NASDAQ:FATE,0.0
2022-08-31,12,AR1 alpha + Basic + One-Step,NASDAQ:FATE,0.0
2022-09-01,12,AR1 alpha + Basic + One-Step,NASDAQ:FATE,6.167108407868675e-09
2022-09-02,12,AR1 alpha + Basic + One-Step,NASDAQ:FATE,0.0
2022-09-06,12,AR1 alpha + Basic + One-Step,NASDAQ:FATE,0.0
2022-09-07,12,AR1 alpha + Basic + One-Step,NASDAQ:FATE,0.0
2022-09-08,12,AR1 alpha + Basic + One-Step,NASDAQ:FATE,2.595138717845169e-07
2022-09-09,12,AR1 alpha + Basic + One-Step,NASDAQ:FATE,0.0
2022-09-12,12,AR1 alpha + Basic + One-Step,NASDAQ:FATE,0.0
2022-09-13,12,AR1 alpha + Basic + One-Step,NASDAQ:FATE,7.049003696864634e-08
2022-09-14,12,AR1 alpha + Basic + One-Step,NASDAQ:FATE,4.83524922526698e-08
2022-09-15,12,AR1 alpha + Basic + One-Step,NASDAQ:FATE,0.0
2022-09-16,12,AR1 alpha + Basic + One-Step,NASDAQ:FATE,6.43947909429366e-08
2022-09-19,12,AR1 alpha + Basic + One-Step,NASDAQ:FATE,0.0
2022-09-20,12,AR1 alpha + Basic + One-Step,NASDAQ:FATE,0.0
2022-09-21,12,AR1 alpha + Basic + One-Step,NASDAQ:FATE,0.0
2022-09-22,12,AR1 alpha + Basic + One-Step,NASDAQ:FATE,0.0
2022-09-23,12,AR1 alpha + Basic + One-Step,NASDAQ:FATE,0.0
2022-09-26,12,AR1 alpha + Basic + One-Step,NASDAQ:FATE,9.59652570947603e-10
2022-09-27,12,AR1 alpha + Basic + One-Step,NASDAQ:FATE,0.0
2022-09-28,12,AR1 alpha + Basic + One-Step,NASDAQ:FATE,0.0
2022-09-29,12,AR1 alpha + Basic + One-Step,NASDAQ:FATE,0.0
2022-09-30,12,AR1 alpha + Basic + One-Step,NASDAQ:FATE,0.0
2022-10-03,12,AR1 alpha + Basic + One-Step,NASDAQ:FATE,0.0
2022-10-04,12,AR1 alpha + Basic + One-Step,NASDAQ:FATE,0.0
2022-10-05,12,AR1 alpha + Basic + One-Step,NASDAQ:FATE,1.4268640058532688e-07
2022-10-06,12,AR1 alpha + Basic + One-Step,NASDAQ:FATE,0.0
2022-10-07,12,AR1 alpha + Basic + One-Step,NASDAQ:FATE,0.0
2022-10-10,12,AR1 alpha + Basic + One-Step,NASDAQ:FATE,0.0
2022-10-11,12,AR1 alpha + Basic + One-Step,NASDAQ:FATE,1.1553889597370759e-07
2022-10-12,12,AR1 alpha + Basic + One-Step,NASDAQ:FATE,1.381702495695311e-08
2022-10-13,12,AR1 alpha + Basic + One-Step,NASDAQ:FATE,9.141752196705343e-08
2022-10-14,12,AR1 alpha + Basic + One-Step,NASDAQ:FATE,0.0
2022-10-17,12,AR1 alpha + Basic + One-Step,NASDAQ:FATE,0.0
2022-10-18,12,AR1 alpha + Basic + One-Step,NASDAQ:FATE,0.0
2022-10-19,12,AR1 alpha + Basic + One-Step,NASDAQ:FATE,0.0
2022-10-20,12,AR1 alpha + Basic + One-Step,NASDAQ:FATE,4.356933162804388e-09
2022-10-21,12,AR1 alpha + Basic + One-Step,NASDAQ:FATE,0.0
2022-10-24,12,AR1 alpha + Basic + One-Step,NASDAQ:FATE,0.0
2022-10-25,12,AR1 alpha + Basic + One-Step,NASDAQ:FATE,1.9738776248348773e-07
2022-10-26,12,AR1 alpha + Basic + One-Step,NASDAQ:FATE,1.0288759749103736e-07
2022-10-27,12,AR1 alpha + Basic + One-Step,NASDAQ:FATE,0.0
2022-10-28,12,AR1 alpha + Basic + One-Step,NASDAQ:FATE,0.0
2022-10-31,12,AR1 alpha + Basic + One-Step,NASDAQ:FATE,2.2961593606280903e-09
2022-11-01,12,AR1 alpha + Basic + One-Step,NASDAQ:FATE,4.453267194633359e-08
2022-11-02,12,AR1 alpha + Basic + One-Step,NASDAQ:FATE,2.837417302607485e-08
2022-11-03,12,AR1 alpha + Basic + One-Step,NASDAQ:FATE,2.622982836071145e-07
2022-11-04,12,AR1 alpha + Basic + One-Step,NASDAQ:FATE,0.0
2022-11-07,12,AR1 alpha + Basic + One-Step,NASDAQ:FATE,0.0
2022-11-08,12,AR1 alpha + Basic + One-Step,NASDAQ:FATE,7.2394817013852165e-09
2022-11-09,12,AR1 alpha + Basic + One-Step,NASDAQ:FATE,5.745257247701779e-08
2022-11-10,12,AR1 alpha + Basic + One-Step,NASDAQ:FATE,0.0
2022-11-11,12,AR1 alpha + Basic + One-Step,NASDAQ:FATE,3.73821532149803e-08
2022-11-14,12,AR1 alpha + Basic + One-Step,NASDAQ:FATE,0.0
2022-11-15,12,AR1 alpha + Basic + One-Step,NASDAQ:FATE,0.0
2022-11-16,12,AR1 alpha + Basic + One-Step,NASDAQ:FATE,0.0
2022-11-17,12,AR1 alpha + Basic + One-Step,NASDAQ:FATE,0.0
2022-11-18,12,AR1 alpha + Basic + One-Step,NASDAQ:FATE,7.625844716221176e-08
2022-11-21,12,AR1 alpha + Basic + One-Step,NASDAQ:FATE,9.787093102262829e-08
2022-11-22,12,AR1 alpha + Basic + One-Step,NASDAQ:FATE,0.0
2022-11-23,12,AR1 alpha + Basic + One-Step,NASDAQ:FATE,0.0
2022-11-25,12,AR1 alpha + Basic + One-Step,NASDAQ:FATE,0.0
2022-11-28,12,AR1 alpha + Basic + One-Step,NASDAQ:FATE,1.498987575547885e-07
2022-11-29,12,AR1 alpha + Basic + One-Step,NASDAQ:FATE,0.0
2022-11-30,12,AR1 alpha + Basic + One-Step,NASDAQ:FATE,0.0
2022-12-01,12,AR1 alpha + Basic + One-Step,NASDAQ:FATE,0.0
2022-12-02,12,AR1 alpha + Basic + One-Step,NASDAQ:FATE,0.0
2022-12-05,12,AR1 alpha + Basic + One-Step,NASDAQ:FATE,0.0
2022-12-06,12,AR1 alpha + Basic + One-Step,NASDAQ:FATE,3.322240099946936e-08
2022-12-07,12,AR1 alpha + Basic + One-Step,NASDAQ:FATE,0.0
2022-12-08,12,AR1 alpha + Basic + One-Step,NASDAQ:FATE,0.0
2022-12-09,12,AR1 alpha + Basic + One-Step,NASDAQ:FATE,0.0
2022-12-12,12,AR1 alpha + Basic + One-Step,NASDAQ:FATE,7.939574734779545e-09
2022-12-13,12,AR1 alpha + Basic + One-Step,NASDAQ:FATE,6.60152249926893e-07
2022-12-14,12,AR1 alpha + Basic + One-Step,NASDAQ:FATE,0.0
2022-12-15,12,AR1 alpha + Basic + One-Step,NASDAQ:FATE,0.0
2022-12-16,12,AR1 alpha + Basic + One-Step,NASDAQ:FATE,0.0
2022-12-19,12,AR1 alpha + Basic + One-Step,NASDAQ:FATE,0.0
2022-12-20,12,AR1 alpha + Basic + One-Step,NASDAQ:FATE,0.0
2022-12-21,12,AR1 alpha + Basic + One-Step,NASDAQ:FATE,0.0
2022-12-22,12,AR1 alpha + Basic + One-Step,NASDAQ:FATE,0.0
2022-12-23,12,AR1 alpha + Basic + One-Step,NASDAQ:FATE,0.0
2022-12-27,12,AR1 alpha + Basic + One-Step,NASDAQ:FATE,0.0
2022-12-28,12,AR1 alpha + Basic + One-Step,NASDAQ:FATE,0.0
2022-12-29,12,AR1 alpha + Basic + One-Step,NASDAQ:FATE,0.0
2022-12-30,12,AR1 alpha + Basic + One-Step,NASDAQ:FATE,0.0
2023-01-03,12,AR1 alpha + Basic + One-Step,NASDAQ:FATE,8.33329125544927e-09
2023-01-04,12,AR1 alpha + Basic + One-Step,NASDAQ:FATE,0.0
2023-01-05,12,AR1 alpha + Basic + One-Step,NASDAQ:FATE,0.0
2023-01-06,12,AR1 alpha + Basic + One-Step,NASDAQ:FATE,4.2700422361898963e-10
2023-01-09,12,AR1 alpha + Basic + One-Step,NASDAQ:FATE,0.0
2023-01-10,12,AR1 alpha + Basic + One-Step,NASDAQ:FATE,0.0
2023-01-11,12,AR1 alpha + Basic + One-Step,NASDAQ:FATE,3.65259175126258e-09
2023-01-12,12,AR1 alpha + Basic + One-Step,NASDAQ:FATE,0.0
2023-01-13,12,AR1 alpha + Basic + One-Step,NASDAQ:FATE,3.3899073559658957e-09
2023-01-17,12,AR1 alpha + Basic + One-Step,NASDAQ:FATE,0.0
2023-01-18,12,AR1 alpha + Basic + One-Step,NASDAQ:FATE,0.0
2023-01-19,12,AR1 alpha + Basic + One-Step,NASDAQ:FATE,0.0
2023-01-20,12,AR1 alpha + Basic + One-Step,NASDAQ:FATE,0.0
2023-01-23,12,AR1 alpha + Basic + One-Step,NASDAQ:FATE,1.094936830687187e-08
2023-01-24,12,AR1 alpha + Basic + One-Step,NASDAQ:FATE,0.0
2023-01-25,12,AR1 alpha + Basic + One-Step,NASDAQ:FATE,0.0
2023-01-26,12,AR1 alpha + Basic + One-Step,NASDAQ:FATE,0.0
2023-01-27,12,AR1 alpha + Basic + One-Step,NASDAQ:FATE,0.0
2023-01-30,12,AR1 alpha + Basic + One-Step,NASDAQ:FATE,3.082696431953031e-09
2023-01-31,12,AR1 alpha + Basic + One-Step,NASDAQ:FATE,0.0
2023-02-01,12,AR1 alpha + Basic + One-Step,NASDAQ:FATE,0.0
2023-02-02,12,AR1 alpha + Basic + One-Step,NASDAQ:FATE,1.0519556825765812e-07
2023-02-03,12,AR1 alpha + Basic + One-Step,NASDAQ:FATE,0.0
2023-02-06,12,AR1 alpha + Basic + One-Step,NASDAQ:FATE,0.0
2023-02-07,12,AR1 alpha + Basic + One-Step,NASDAQ:FATE,0.0
2023-02-08,12,AR1 alpha + Basic + One-Step,NASDAQ:FATE,0.0
2023-02-09,12,AR1 alpha + Basic + One-Step,NASDAQ:FATE,0.0
2023-02-10,12,AR1 alpha + Basic + One-Step,NASDAQ:FATE,0.0
2023-02-13,12,AR1 alpha + Basic + One-Step,NASDAQ:FATE,0.0
2023-02-14,12,AR1 alpha + Basic + One-Step,NASDAQ:FATE,0.0
2023-02-15,12,AR1 alpha + Basic + One-Step,NASDAQ:FATE,4.4648214386789985e-08
2023-02-16,12,AR1 alpha + Basic + One-Step,NASDAQ:FATE,3.552057191109277e-09
2023-02-17,12,AR1 alpha + Basic + One-Step,NASDAQ:FATE,0.0
2023-02-21,12,AR1 alpha + Basic + One-Step,NASDAQ:FATE,0.0
2023-02-22,12,AR1 alpha + Basic + One-Step,NASDAQ:FATE,0.0
2023-02-23,12,AR1 alpha + Basic + One-Step,NASDAQ:FATE,2.165118080999304e-09
2023-02-24,12,AR1 alpha + Basic + One-Step,NASDAQ:FATE,1.3348763896703663e-07
2023-02-27,12,AR1 alpha + Basic + One-Step,NASDAQ:FATE,3.568549999506037e-08
2023-02-28,12,AR1 alpha + Basic + One-Step,NASDAQ:FATE,4.5769628645614514e-08
2023-03-01,12,AR1 alpha + Basic + One-Step,NASDAQ:FATE,2.4425064972943478e-08
2023-03-02,12,AR1 alpha + Basic + One-Step,NASDAQ:FATE,0.0
2023-03-03,12,AR1 alpha + Basic + One-Step,NASDAQ:FATE,4.094085660126114e-07
2023-03-06,12,AR1 alpha + Basic + One-Step,NASDAQ:FATE,8.305077696018398e-09
2023-03-07,12,AR1 alpha + Basic + One-Step,NASDAQ:FATE,0.0
2023-03-08,12,AR1 alpha + Basic + One-Step,NASDAQ:FATE,1.2483934965030267e-09
2023-03-09,12,AR1 alpha + Basic + One-Step,NASDAQ:FATE,1.209380737962969e-07
2023-03-10,12,AR1 alpha + Basic + One-Step,NASDAQ:FATE,1.3899892015633536e-08
2023-03-13,12,AR1 alpha + Basic + One-Step,NASDAQ:FATE,1.1279224431630252e-07
2023-03-14,12,AR1 alpha + Basic + One-Step,NASDAQ:FATE,0.0
2023-03-15,12,AR1 alpha + Basic + One-Step,NASDAQ:FATE,0.0
2023-03-16,12,AR1 alpha + Basic + One-Step,NASDAQ:FATE,0.0
2023-03-17,12,AR1 alpha + Basic + One-Step,NASDAQ:FATE,6.566971578998137e-09
2023-03-20,12,AR1 alpha + Basic + One-Step,NASDAQ:FATE,0.0
2023-03-21,12,AR1 alpha + Basic + One-Step,NASDAQ:FATE,1.585091280951456e-09
2023-03-22,12,AR1 alpha + Basic + One-Step,NASDAQ:FATE,0.0
2023-03-23,12,AR1 alpha + Basic + One-Step,NASDAQ:FATE,0.0
2023-03-24,12,AR1 alpha + Basic + One-Step,NASDAQ:FATE,0.0
2023-03-27,12,AR1 alpha + Basic + One-Step,NASDAQ:FATE,0.0
2023-03-28,12,AR1 alpha + Basic + One-Step,NASDAQ:FATE,0.0
2023-03-29,12,AR1 alpha + Basic + One-Step,NASDAQ:FATE,0.0
2023-03-30,12,AR1 alpha + Basic + One-Step,NASDAQ:FATE,0.0
2023-03-31,12,AR1 alpha + Basic + One-Step,NASDAQ:FATE,4.369546943610187e-08
2023-04-03,12,AR1 alpha + Basic + One-Step,NASDAQ:FATE,0.0
2023-04-04,12,AR1 alpha + Basic + One-Step,NASDAQ:FATE,0.0
2023-04-05,12,AR1 alpha + Basic + One-Step,NASDAQ:FATE,2.3804280992946994e-08
2023-04-06,12,AR1 alpha + Basic + One-Step,NASDAQ:FATE,7.645587648934995e-08
2023-04-10,12,AR1 alpha + Basic + One-Step,NASDAQ:FATE,1.2635655129639314e-06
2023-04-11,12,AR1 alpha + Basic + One-Step,NASDAQ:FATE,9.971834973384384e-08
2023-04-12,12,AR1 alpha + Basic + One-Step,NASDAQ:FATE,1.3701299061169223e-07
2023-04-13,12,AR1 alpha + Basic + One-Step,NASDAQ:FATE,1.6731524964077602e-08
2023-04-14,12,AR1 alpha + Basic + One-Step,NASDAQ:FATE,0.0
2023-04-17,12,AR1 alpha + Basic + One-Step,NASDAQ:FATE,0.0
2023-04-18,12,AR1 alpha + Basic + One-Step,NASDAQ:FATE,0.0
2023-04-19,12,AR1 alpha + Basic + One-Step,NASDAQ:FATE,8.311410372207012e-10
2023-04-20,12,AR1 alpha + Basic + One-Step,NASDAQ:FATE,4.895569365018049e-10
2023-04-21,12,AR1 alpha + Basic + One-Step,NASDAQ:FATE,7.67281559560109e-09
2023-04-24,12,AR1 alpha + Basic + One-Step,NASDAQ:FATE,8.849615771152581e-08
2023-04-25,12,AR1 alpha + Basic + One-Step,NASDAQ:FATE,0.0
2023-04-26,12,AR1 alpha + Basic + One-Step,NASDAQ:FATE,3.292301630717953e-10
2023-04-27,12,AR1 alpha + Basic + One-Step,NASDAQ:FATE,0.0
2023-04-28,12,AR1 alpha + Basic + One-Step,NASDAQ:FATE,4.7081672252086065e-09
2023-05-01,12,AR1 alpha + Basic + One-Step,NASDAQ:FATE,1.7312738452552084e-09
2023-05-02,12,AR1 alpha + Basic + One-Step,NASDAQ:FATE,9.687108952944234e-09
2023-05-03,12,AR1 alpha + Basic + One-Step,NASDAQ:FATE,0.0
2023-05-04,12,AR1 alpha + Basic + One-Step,NASDAQ:FATE,0.0
2023-05-05,12,AR1 alpha + Basic + One-Step,NASDAQ:FATE,5.062249228629245e-09
2023-05-08,12,AR1 alpha + Basic + One-Step,NASDAQ:FATE,0.0
2023-05-09,12,AR1 alpha + Basic + One-Step,NASDAQ:FATE,4.901724374550091e-09
2023-05-10,12,AR1 alpha + Basic + One-Step,NASDAQ:FATE,3.009825917997636e-08
2023-05-11,12,AR1 alpha + Basic + One-Step,NASDAQ:FATE,1.4778424080571412e-07
2023-05-12,12,AR1 alpha + Basic + One-Step,NASDAQ:FATE,1.444783056069489e-07
2023-05-15,12,AR1 alpha + Basic + One-Step,NASDAQ:FATE,2.471968562192391e-09
2023-05-16,12,AR1 alpha + Basic + One-Step,NASDAQ:FATE,0.0
2023-05-17,12,AR1 alpha + Basic + One-Step,NASDAQ:FATE,4.555120140341162e-08
2023-05-18,12,AR1 alpha + Basic + One-Step,NASDAQ:FATE,0.0
2023-05-19,12,AR1 alpha + Basic + One-Step,NASDAQ:FATE,3.1223517068404667e-09
2023-05-22,12,AR1 alpha + Basic + One-Step,NASDAQ:FATE,0.0
2023-05-23,12,AR1 alpha + Basic + One-Step,NASDAQ:FATE,0.0
2023-05-24,12,AR1 alpha + Basic + One-Step,NASDAQ:FATE,1.0414230729638625e-08
2023-05-25,12,AR1 alpha + Basic + One-Step,NASDAQ:FATE,4.5761701040426024e-09
2023-05-26,12,AR1 alpha + Basic + One-Step,NASDAQ:FATE,0.0
2023-05-30,12,AR1 alpha + Basic + One-Step,NASDAQ:FATE,0.0
2023-05-31,12,AR1 alpha + Basic + One-Step,NASDAQ:FATE,0.0
2023-06-01,12,AR1 alpha + Basic + One-Step,NASDAQ:FATE,0.0
2023-06-02,12,AR1 alpha + Basic + One-Step,NASDAQ:FATE,0.0
2023-06-05,12,AR1 alpha + Basic + One-Step,NASDAQ:FATE,1.3339527174561337e-07
2023-06-06,12,AR1 alpha + Basic + One-Step,NASDAQ:FATE,0.0
2023-06-07,12,AR1 alpha + Basic + One-Step,NASDAQ:FATE,2.577712650311191e-08
2023-06-08,12,AR1 alpha + Basic + One-Step,NASDAQ:FATE,0.0
2023-06-09,12,AR1 alpha + Basic + One-Step,NASDAQ:FATE,2.752708719190808e-07
2023-06-12,12,AR1 alpha + Basic + One-Step,NASDAQ:FATE,0.0
2023-06-13,12,AR1 alpha + Basic + One-Step,NASDAQ:FATE,5.707697934710663e-08
2023-06-14,12,AR1 alpha + Basic + One-Step,NASDAQ:FATE,0.0
2023-06-15,12,AR1 alpha + Basic + One-Step,NASDAQ:FATE,0.0
2023-06-16,12,AR1 alpha + Basic + One-Step,NASDAQ:FATE,0.0
2023-06-20,12,AR1 alpha + Basic + One-Step,NASDAQ:FATE,0.0
2023-06-21,12,AR1 alpha + Basic + One-Step,NASDAQ:FATE,0.0
2023-06-22,12,AR1 alpha + Basic + One-Step,NASDAQ:FATE,6.021640783587614e-09
2023-06-23,12,AR1 alpha + Basic + One-Step,NASDAQ:FATE,0.0
2023-06-26,12,AR1 alpha + Basic + One-Step,NASDAQ:FATE,0.0
2023-06-27,12,AR1 alpha + Basic + One-Step,NASDAQ:FATE,0.0
2023-06-28,12,AR1 alpha + Basic + One-Step,NASDAQ:FATE,1.1963858368915166e-09
2023-06-29,12,AR1 alpha + Basic + One-Step,NASDAQ:FATE,0.0
2023-06-30,12,AR1 alpha + Basic + One-Step,NASDAQ:FATE,0.0
2023-07-03,12,AR1 alpha + Basic + One-Step,NASDAQ:FATE,0.0
2023-07-05,12,AR1 alpha + Basic + One-Step,NASDAQ:FATE,2.4814838557879564e-07
2023-07-06,12,AR1 alpha + Basic + One-Step,NASDAQ:FATE,0.0
2023-07-07,12,AR1 alpha + Basic + One-Step,NASDAQ:FATE,0.0
2023-07-10,12,AR1 alpha + Basic + One-Step,NASDAQ:FATE,5.3008576250910845e-09
2023-07-11,12,AR1 alpha + Basic + One-Step,NASDAQ:FATE,5.109556884760693e-09
2023-07-12,12,AR1 alpha + Basic + One-Step,NASDAQ:FATE,0.0
2023-07-13,12,AR1 alpha + Basic + One-Step,NASDAQ:FATE,0.0
2023-07-14,12,AR1 alpha + Basic + One-Step,NASDAQ:FATE,3.8404577660091465e-08
2023-07-17,12,AR1 alpha + Basic + One-Step,NASDAQ:FATE,0.0
2023-07-18,12,AR1 alpha + Basic + One-Step,NASDAQ:FATE,2.0149801280841638e-07
2023-07-19,12,AR1 alpha + Basic + One-Step,NASDAQ:FATE,8.983433006837098e-23
2023-07-20,12,AR1 alpha + Basic + One-Step,NASDAQ:FATE,0.0
2023-07-21,12,AR1 alpha + Basic + One-Step,NASDAQ:FATE,3.114311967020844e-08
2023-07-24,12,AR1 alpha + Basic + One-Step,NASDAQ:FATE,0.0
2023-07-25,12,AR1 alpha + Basic + One-Step,NASDAQ:FATE,0.0
2023-07-26,12,AR1 alpha + Basic + One-Step,NASDAQ:FATE,0.0
2023-07-27,12,AR1 alpha + Basic + One-Step,NASDAQ:FATE,0.0
2023-07-28,12,AR1 alpha + Basic + One-Step,NASDAQ:FATE,0.0
2023-07-31,12,AR1 alpha + Basic + One-Step,NASDAQ:FATE,0.0
2023-08-01,12,AR1 alpha + Basic + One-Step,NASDAQ:FATE,0.0
2023-08-02,12,AR1 alpha + Basic + One-Step,NASDAQ:FATE,0.0
2023-08-03,12,AR1 alpha + Basic + One-Step,NASDAQ:FATE,0.0
2023-08-04,12,AR1 alpha + Basic + One-Step,NASDAQ:FATE,0.0
2023-08-07,12,AR1 alpha + Basic + One-Step,NASDAQ:FATE,1.0899088432964794e-09
2023-08-08,12,AR1 alpha + Basic + One-Step,NASDAQ:FATE,0.0
2023-08-09,12,AR1 alpha + Basic + One-Step,NASDAQ:FATE,0.0
2023-08-10,12,AR1 alpha + Basic + One-Step,NASDAQ:FATE,0.0
2023-08-11,12,AR1 alpha + Basic + One-Step,NASDAQ:FATE,1.5940120861007418e-07
2023-08-14,12,AR1 alpha + Basic + One-Step,NASDAQ:FATE,3.922161084020651e-08
2023-08-15,12,AR1 alpha + Basic + One-Step,NASDAQ:FATE,0.0
2023-08-16,12,AR1 alpha + Basic + One-Step,NASDAQ:FATE,0.0
2023-08-17,12,AR1 alpha + Basic + One-Step,NASDAQ:FATE,0.0
2023-08-18,12,AR1 alpha + Basic + One-Step,NASDAQ:FATE,0.0
2023-08-21,12,AR1 alpha + Basic + One-Step,NASDAQ:FATE,6.471068574668432e-10
2023-08-22,12,AR1 alpha + Basic + One-Step,NASDAQ:FATE,0.0
2023-08-23,12,AR1 alpha + Basic + One-Step,NASDAQ:FATE,1.3158950639057925e-08
2023-08-24,12,AR1 alpha + Basic + One-Step,NASDAQ:FATE,0.0
2023-08-25,12,AR1 alpha + Basic + One-Step,NASDAQ:FATE,7.734078095466582e-09
2023-08-28,12,AR1 alpha + Basic + One-Step,NASDAQ:FATE,2.3191550012253624e-08
2023-08-29,12,AR1 alpha + Basic + One-Step,NASDAQ:FATE,4.213288709357668e-09
2023-08-30,12,AR1 alpha + Basic + One-Step,NASDAQ:FATE,0.0
2023-08-31,12,AR1 alpha + Basic + One-Step,NASDAQ:FATE,0.0
2023-09-01,12,AR1 alpha + Basic + One-Step,NASDAQ:FATE,2.301676618392297e-09
2023-09-05,12,AR1 alpha + Basic + One-Step,NASDAQ:FATE,0.0
2023-09-06,12,AR1 alpha + Basic + One-Step,NASDAQ:FATE,0.0
2023-09-07,12,AR1 alpha + Basic + One-Step,NASDAQ:FATE,1.8548512312731092e-07
2023-09-08,12,AR1 alpha + Basic + One-Step,NASDAQ:FATE,4.906361997953385e-07
2023-09-11,12,AR1 alpha + Basic + One-Step,NASDAQ:FATE,1.1751373243290848e-08
2023-09-12,12,AR1 alpha + Basic + One-Step,NASDAQ:FATE,0.0
2023-09-13,12,AR1 alpha + Basic + One-Step,NASDAQ:FATE,3.073810694248115e-08
2023-09-14,12,AR1 alpha + Basic + One-Step,NASDAQ:FATE,4.7809536524104733e-08
2023-09-15,12,AR1 alpha + Basic + One-Step,NASDAQ:FATE,0.0
2023-09-18,12,AR1 alpha + Basic + One-Step,NASDAQ:FATE,0.0
2023-09-19,12,AR1 alpha + Basic + One-Step,NASDAQ:FATE,2.4154799363633726e-09
2023-09-20,12,AR1 alpha + Basic + One-Step,NASDAQ:FATE,0.0
2023-09-21,12,AR1 alpha + Basic + One-Step,NASDAQ:FATE,1.3737653386916925e-06
2023-09-22,12,AR1 alpha + Basic + One-Step,NASDAQ:FATE,0.0
2023-09-25,12,AR1 alpha + Basic + One-Step,NASDAQ:FATE,0.0
2023-09-26,12,AR1 alpha + Basic + One-Step,NASDAQ:FATE,0.0
2023-09-27,12,AR1 alpha + Basic + One-Step,NASDAQ:FATE,0.0
2023-09-28,12,AR1 alpha + Basic + One-Step,NASDAQ:FATE,2.294921640708968e-08
2023-09-29,12,AR1 alpha + Basic + One-Step,NASDAQ:FATE,0.0
2023-10-02,12,AR1 alpha + Basic + One-Step,NASDAQ:FATE,0.0
2023-10-03,12,AR1 alpha + Basic + One-Step,NASDAQ:FATE,0.0
2023-10-04,12,AR1 alpha + Basic + One-Step,NASDAQ:FATE,0.0
2023-10-05,12,AR1 alpha + Basic + One-Step,NASDAQ:FATE,0.0
2023-10-06,12,AR1 alpha + Basic + One-Step,NASDAQ:FATE,0.0
2023-10-09,12,AR1 alpha + Basic + One-Step,NASDAQ:FATE,0.0
2023-10-10,12,AR1 alpha + Basic + One-Step,NASDAQ:FATE,0.0
2023-10-11,12,AR1 alpha + Basic + One-Step,NASDAQ:FATE,1.8075516853622582e-09
2023-10-12,12,AR1 alpha + Basic + One-Step,NASDAQ:FATE,0.0
2023-10-13,12,AR1 alpha + Basic + One-Step,NASDAQ:FATE,3.2132415142551495e-10
2023-10-16,12,AR1 alpha + Basic + One-Step,NASDAQ:FATE,0.0
2023-10-17,12,AR1 alpha + Basic + One-Step,NASDAQ:FATE,6.770824919146165e-08
2023-10-18,12,AR1 alpha + Basic + One-Step,NASDAQ:FATE,0.0
2023-10-19,12,AR1 alpha + Basic + One-Step,NASDAQ:FATE,0.0
2023-10-20,12,AR1 alpha + Basic + One-Step,NASDAQ:FATE,0.0
2023-10-23,12,AR1 alpha + Basic + One-Step,NASDAQ:FATE,0.0
2023-10-24,12,AR1 alpha + Basic + One-Step,NASDAQ:FATE,0.0
2023-10-25,12,AR1 alpha + Basic + One-Step,NASDAQ:FATE,0.0
2023-10-26,12,AR1 alpha + Basic + One-Step,NASDAQ:FATE,0.0
2023-10-27,12,AR1 alpha + Basic + One-Step,NASDAQ:FATE,0.0
2023-10-30,12,AR1 alpha + Basic + One-Step,NASDAQ:FATE,0.0
2023-10-31,12,AR1 alpha + Basic + One-Step,NASDAQ:FATE,0.0
2023-11-01,12,AR1 alpha + Basic + One-Step,NASDAQ:FATE,0.0
2023-11-02,12,AR1 alpha + Basic + One-Step,NASDAQ:FATE,0.0
2023-11-03,12,AR1 alpha + Basic + One-Step,NASDAQ:FATE,0.0
2023-11-06,12,AR1 alpha + Basic + One-Step,NASDAQ:FATE,0.0
2023-11-07,12,AR1 alpha + Basic + One-Step,NASDAQ:FATE,1.54025223359868e-09
2023-11-08,12,AR1 alpha + Basic + One-Step,NASDAQ:FATE,3.33034536664919e-09
2023-11-09,12,AR1 alpha + Basic + One-Step,NASDAQ:FATE,0.0
2023-11-10,12,AR1 alpha + Basic + One-Step,NASDAQ:FATE,0.0
2023-11-13,12,AR1 alpha + Basic + One-Step,NASDAQ:FATE,0.0
2023-11-14,12,AR1 alpha + Basic + One-Step,NASDAQ:FATE,0.0
2023-11-15,12,AR1 alpha + Basic + One-Step,NASDAQ:FATE,0.0
2023-11-16,12,AR1 alpha + Basic + One-Step,NASDAQ:FATE,0.0
2023-11-17,12,AR1 alpha + Basic + One-Step,NASDAQ:FATE,0.0
2023-11-20,12,AR1 alpha + Basic + One-Step,NASDAQ:FATE,0.0
2023-11-21,12,AR1 alpha + Basic + One-Step,NASDAQ:FATE,0.0
2023-11-22,12,AR1 alpha + Basic + One-Step,NASDAQ:FATE,0.0
2023-11-24,12,AR1 alpha + Basic + One-Step,NASDAQ:FATE,0.0
2023-11-27,12,AR1 alpha + Basic + One-Step,NASDAQ:FATE,0.0
2023-11-28,12,AR1 alpha + Basic + One-Step,NASDAQ:FATE,0.0
2023-11-29,12,AR1 alpha + Basic + One-Step,NASDAQ:FATE,0.0
2023-11-30,12,AR1 alpha + Basic + One-Step,NASDAQ:FATE,0.0
2023-12-01,12,AR1 alpha + Basic + One-Step,NASDAQ:FATE,9.639101472002366e-08
2023-12-04,12,AR1 alpha + Basic + One-Step,NASDAQ:FATE,0.0
2023-12-05,12,AR1 alpha + Basic + One-Step,NASDAQ:FATE,0.0
2023-12-06,12,AR1 alpha + Basic + One-Step,NASDAQ:FATE,0.0
2023-12-07,12,AR1 alpha + Basic + One-Step,NASDAQ:FATE,0.0
2023-12-08,12,AR1 alpha + Basic + One-Step,NASDAQ:FATE,0.0
2023-12-11,12,AR1 alpha + Basic + One-Step,NASDAQ:FATE,7.874865357171474e-09
2023-12-12,12,AR1 alpha + Basic + One-Step,NASDAQ:FATE,0.0
2023-12-13,12,AR1 alpha + Basic + One-Step,NASDAQ:FATE,0.0
2023-12-14,12,AR1 alpha + Basic + One-Step,NASDAQ:FATE,0.0
2023-12-15,12,AR1 alpha + Basic + One-Step,NASDAQ:FATE,0.0
2023-12-18,12,AR1 alpha + Basic + One-Step,NASDAQ:FATE,0.0
2023-12-19,12,AR1 alpha + Basic + One-Step,NASDAQ:FATE,6.410232789285394e-09
2023-12-20,12,AR1 alpha + Basic + One-Step,NASDAQ:FATE,0.0
2023-12-21,12,AR1 alpha + Basic + One-Step,NASDAQ:FATE,0.0
2023-12-22,12,AR1 alpha + Basic + One-Step,NASDAQ:FATE,1.3317132833875483e-07
2023-12-26,12,AR1 alpha + Basic + One-Step,NASDAQ:FATE,0.0
2023-12-27,12,AR1 alpha + Basic + One-Step,NASDAQ:FATE,4.6034782681950845e-10
2023-12-28,12,AR1 alpha + Basic + One-Step,NASDAQ:FATE,0.0
2023-12-29,12,AR1 alpha + Basic + One-Step,NASDAQ:FATE,0.0
2024-01-02,12,AR1 alpha + Basic + One-Step,NASDAQ:FATE,6.508240784734361e-09
2024-01-03,12,AR1 alpha + Basic + One-Step,NASDAQ:FATE,0.0
2024-01-04,12,AR1 alpha + Basic + One-Step,NASDAQ:FATE,0.0
2024-01-05,12,AR1 alpha + Basic + One-Step,NASDAQ:FATE,0.0
2024-01-08,12,AR1 alpha + Basic + One-Step,NASDAQ:FATE,0.0
2024-01-09,12,AR1 alpha + Basic + One-Step,NASDAQ:FATE,0.0
2024-01-10,12,AR1 alpha + Basic + One-Step,NASDAQ:FATE,0.0
2024-01-11,12,AR1 alpha + Basic + One-Step,NASDAQ:FATE,1.16139249950984e-07
2024-01-12,12,AR1 alpha + Basic + One-Step,NASDAQ:FATE,2.3371949197810803e-23
2024-01-16,12,AR1 alpha + Basic + One-Step,NASDAQ:FATE,0.0
2024-01-17,12,AR1 alpha + Basic + One-Step,NASDAQ:FATE,0.0
2024-01-18,12,AR1 alpha + Basic + One-Step,NASDAQ:FATE,2.365228463115805e-07
2024-01-19,12,AR1 alpha + Basic + One-Step,NASDAQ:FATE,0.0
2024-01-22,12,AR1 alpha + Basic + One-Step,NASDAQ:FATE,0.0
2024-01-23,12,AR1 alpha + Basic + One-Step,NASDAQ:FATE,0.0
2024-01-24,12,AR1 alpha + Basic + One-Step,NASDAQ:FATE,8.404725993146106e-08
2024-01-25,12,AR1 alpha + Basic + One-Step,NASDAQ:FATE,1.6239994670474974e-08
2024-01-26,12,AR1 alpha + Basic + One-Step,NASDAQ:FATE,0.0
2024-01-29,12,AR1 alpha + Basic + One-Step,NASDAQ:FATE,0.0
2024-01-30,12,AR1 alpha + Basic + One-Step,NASDAQ:FATE,0.0
2024-01-31,12,AR1 alpha + Basic + One-Step,NASDAQ:FATE,0.0
2024-02-01,12,AR1 alpha + Basic + One-Step,NASDAQ:FATE,0.0
2024-02-02,12,AR1 alpha + Basic + One-Step,NASDAQ:FATE,0.0
2024-02-05,12,AR1 alpha + Basic + One-Step,NASDAQ:FATE,0.0
2024-02-06,12,AR1 alpha + Basic + One-Step,NASDAQ:FATE,0.0
2024-02-07,12,AR1 alpha + Basic + One-Step,NASDAQ:FATE,2.2758238236643007e-09
2024-02-08,12,AR1 alpha + Basic + One-Step,NASDAQ:FATE,0.0
2024-02-09,12,AR1 alpha + Basic + One-Step,NASDAQ:FATE,0.0
2024-02-12,12,AR1 alpha + Basic + One-Step,NASDAQ:FATE,0.0
2024-02-13,12,AR1 alpha + Basic + One-Step,NASDAQ:FATE,0.0
2024-02-14,12,AR1 alpha + Basic + One-Step,NASDAQ:FATE,0.0
2024-02-15,12,AR1 alpha + Basic + One-Step,NASDAQ:FATE,2.3542369176052736e-08
2024-02-16,12,AR1 alpha + Basic + One-Step,NASDAQ:FATE,0.0
2024-02-20,12,AR1 alpha + Basic + One-Step,NASDAQ:FATE,0.0
2024-02-21,12,AR1 alpha + Basic + One-Step,NASDAQ:FATE,1.943132636384275e-08
2024-02-22,12,AR1 alpha + Basic + One-Step,NASDAQ:FATE,0.0
2024-02-23,12,AR1 alpha + Basic + One-Step,NASDAQ:FATE,0.0
2024-02-26,12,AR1 alpha + Basic + One-Step,NASDAQ:FATE,2.257224792660823e-07
2024-02-27,12,AR1 alpha + Basic + One-Step,NASDAQ:FATE,0.0
2024-02-28,12,AR1 alpha + Basic + One-Step,NASDAQ:FATE,5.5415745048331236e-08
2024-02-29,12,AR1 alpha + Basic + One-Step,NASDAQ:FATE,0.0
2024-03-01,12,AR1 alpha + Basic + One-Step,NASDAQ:FATE,0.0
2024-03-04,12,AR1 alpha + Basic + One-Step,NASDAQ:FATE,0.0
2024-03-05,12,AR1 alpha + Basic + One-Step,NASDAQ:FATE,0.0
2024-03-06,12,AR1 alpha + Basic + One-Step,NASDAQ:FATE,6.4930790316490024e-09
2024-03-07,12,AR1 alpha + Basic + One-Step,NASDAQ:FATE,1.150041923689243e-09
2024-03-08,12,AR1 alpha + Basic + One-Step,NASDAQ:FATE,0.0
2024-03-11,12,AR1 alpha + Basic + One-Step,NASDAQ:FATE,0.0
2024-03-12,12,AR1 alpha + Basic + One-Step,NASDAQ:FATE,0.0
2024-03-13,12,AR1 alpha + Basic + One-Step,NASDAQ:FATE,1.4131962590241947e-08
2024-03-14,12,AR1 alpha + Basic + One-Step,NASDAQ:FATE,1.7462757963479567e-08
2024-03-15,12,AR1 alpha + Basic + One-Step,NASDAQ:FATE,1.598138205409656e-08
2024-03-18,12,AR1 alpha + Basic + One-Step,NASDAQ:FATE,0.0
2024-03-19,12,AR1 alpha + Basic + One-Step,NASDAQ:FATE,7.088412950489549e-08
2024-03-20,12,AR1 alpha + Basic + One-Step,NASDAQ:FATE,0.0
2024-03-21,12,AR1 alpha + Basic + One-Step,NASDAQ:FATE,1.2324318514641576e-08
2024-03-22,12,AR1 alpha + Basic + One-Step,NASDAQ:FATE,0.0
2024-03-25,12,AR1 alpha + Basic + One-Step,NASDAQ:FATE,0.0
2024-03-26,12,AR1 alpha + Basic + One-Step,NASDAQ:FATE,0.0
2024-03-27,12,AR1 alpha + Basic + One-Step,NASDAQ:FATE,0.0
2024-03-28,12,AR1 alpha + Basic + One-Step,NASDAQ:FATE,0.0
2024-04-01,12,AR1 alpha + Basic + One-Step,NASDAQ:FATE,6.02054816498575e-07
2024-04-02,12,AR1 alpha + Basic + One-Step,NASDAQ:FATE,0.0
2024-04-03,12,AR1 alpha + Basic + One-Step,NASDAQ:FATE,0.0
2024-04-04,12,AR1 alpha + Basic + One-Step,NASDAQ:FATE,0.0
2024-04-05,12,AR1 alpha + Basic + One-Step,NASDAQ:FATE,0.0
2024-04-08,12,AR1 alpha + Basic + One-Step,NASDAQ:FATE,0.0
2024-04-09,12,AR1 alpha + Basic + One-Step,NASDAQ:FATE,0.0
2024-04-10,12,AR1 alpha + Basic + One-Step,NASDAQ:FATE,1.3248058122718887e-07
2024-04-11,12,AR1 alpha + Basic + One-Step,NASDAQ:FATE,0.0
2024-04-12,12,AR1 alpha + Basic + One-Step,NASDAQ:FATE,0.0
2024-04-15,12,AR1 alpha + Basic + One-Step,NASDAQ:FATE,0.0
2024-04-16,12,AR1 alpha + Basic + One-Step,NASDAQ:FATE,0.0
2024-04-17,12,AR1 alpha + Basic + One-Step,NASDAQ:FATE,0.0
2024-04-18,12,AR1 alpha + Basic + One-Step,NASDAQ:FATE,0.0
2024-04-19,12,AR1 alpha + Basic + One-Step,NASDAQ:FATE,1.4587076995796344e-09
2020-03-25,12,AR1 alpha + Basic + One-Step,NYSE:SO,0.02
2020-03-26,12,AR1 alpha + Basic + One-Step,NYSE:SO,0.019999999999999997
2020-03-27,12,AR1 alpha + Basic + One-Step,NYSE:SO,0.0
2020-03-30,12,AR1 alpha + Basic + One-Step,NYSE:SO,0.09999159671404426
2020-03-31,12,AR1 alpha + Basic + One-Step,NYSE:SO,0.0
2020-04-01,12,AR1 alpha + Basic + One-Step,NYSE:SO,0.0
2020-04-02,12,AR1 alpha + Basic + One-Step,NYSE:SO,1.1686710173746288e-08
2020-04-03,12,AR1 alpha + Basic + One-Step,NYSE:SO,3.7642044008404514e-08
2020-04-06,12,AR1 alpha + Basic + One-Step,NYSE:SO,0.0
2020-04-07,12,AR1 alpha + Basic + One-Step,NYSE:SO,3.98228013834734e-08
2020-04-08,12,AR1 alpha + Basic + One-Step,NYSE:SO,0.0
2020-04-09,12,AR1 alpha + Basic + One-Step,NYSE:SO,0.0
2020-04-13,12,AR1 alpha + Basic + One-Step,NYSE:SO,0.0
2020-04-14,12,AR1 alpha + Basic + One-Step,NYSE:SO,0.0
2020-04-15,12,AR1 alpha + Basic + One-Step,NYSE:SO,0.0
2020-04-16,12,AR1 alpha + Basic + One-Step,NYSE:SO,0.0
2020-04-17,12,AR1 alpha + Basic + One-Step,NYSE:SO,0.0
2020-04-20,12,AR1 alpha + Basic + One-Step,NYSE:SO,0.0
2020-04-21,12,AR1 alpha + Basic + One-Step,NYSE:SO,0.0
2020-04-22,12,AR1 alpha + Basic + One-Step,NYSE:SO,0.0
2020-04-23,12,AR1 alpha + Basic + One-Step,NYSE:SO,0.0
2020-04-24,12,AR1 alpha + Basic + One-Step,NYSE:SO,6.930112931951873e-09
2020-04-27,12,AR1 alpha + Basic + One-Step,NYSE:SO,0.0
2020-04-28,12,AR1 alpha + Basic + One-Step,NYSE:SO,0.0
2020-04-29,12,AR1 alpha + Basic + One-Step,NYSE:SO,5.554120995853909e-07
2020-04-30,12,AR1 alpha + Basic + One-Step,NYSE:SO,0.0
2020-05-01,12,AR1 alpha + Basic + One-Step,NYSE:SO,1.2953932982638346e-08
2020-05-04,12,AR1 alpha + Basic + One-Step,NYSE:SO,0.0
2020-05-05,12,AR1 alpha + Basic + One-Step,NYSE:SO,4.307792587271782e-07
2020-05-06,12,AR1 alpha + Basic + One-Step,NYSE:SO,0.0
2020-05-07,12,AR1 alpha + Basic + One-Step,NYSE:SO,0.0
2020-05-08,12,AR1 alpha + Basic + One-Step,NYSE:SO,1.0009635089522359e-07
2020-05-11,12,AR1 alpha + Basic + One-Step,NYSE:SO,0.0
2020-05-12,12,AR1 alpha + Basic + One-Step,NYSE:SO,0.0
2020-05-13,12,AR1 alpha + Basic + One-Step,NYSE:SO,0.0
2020-05-14,12,AR1 alpha + Basic + One-Step,NYSE:SO,2.9238485598880884e-09
2020-05-15,12,AR1 alpha + Basic + One-Step,NYSE:SO,1.7011430607239597e-07
2020-05-18,12,AR1 alpha + Basic + One-Step,NYSE:SO,0.0
2020-05-19,12,AR1 alpha + Basic + One-Step,NYSE:SO,0.0
2020-05-20,12,AR1 alpha + Basic + One-Step,NYSE:SO,0.0
2020-05-21,12,AR1 alpha + Basic + One-Step,NYSE:SO,0.0
2020-05-22,12,AR1 alpha + Basic + One-Step,NYSE:SO,4.405658938586208e-08
2020-05-26,12,AR1 alpha + Basic + One-Step,NYSE:SO,5.584455299605251e-08
2020-05-27,12,AR1 alpha + Basic + One-Step,NYSE:SO,7.851873480708173e-07
2020-05-28,12,AR1 alpha + Basic + One-Step,NYSE:SO,0.0
2020-05-29,12,AR1 alpha + Basic + One-Step,NYSE:SO,0.0
2020-06-01,12,AR1 alpha + Basic + One-Step,NYSE:SO,0.0
2020-06-02,12,AR1 alpha + Basic + One-Step,NYSE:SO,3.053359264475161e-07
2020-06-03,12,AR1 alpha + Basic + One-Step,NYSE:SO,0.0
2020-06-04,12,AR1 alpha + Basic + One-Step,NYSE:SO,0.0
2020-06-05,12,AR1 alpha + Basic + One-Step,NYSE:SO,0.0
2020-06-08,12,AR1 alpha + Basic + One-Step,NYSE:SO,0.0
2020-06-09,12,AR1 alpha + Basic + One-Step,NYSE:SO,0.0
2020-06-10,12,AR1 alpha + Basic + One-Step,NYSE:SO,0.0
2020-06-11,12,AR1 alpha + Basic + One-Step,NYSE:SO,0.0
2020-06-12,12,AR1 alpha + Basic + One-Step,NYSE:SO,2.126052790334316e-08
2020-06-15,12,AR1 alpha + Basic + One-Step,NYSE:SO,1.777238450680639e-08
2020-06-16,12,AR1 alpha + Basic + One-Step,NYSE:SO,1.6966901583881716e-07
2020-06-17,12,AR1 alpha + Basic + One-Step,NYSE:SO,0.0
2020-06-18,12,AR1 alpha + Basic + One-Step,NYSE:SO,0.0
2020-06-19,12,AR1 alpha + Basic + One-Step,NYSE:SO,0.0
2020-06-22,12,AR1 alpha + Basic + One-Step,NYSE:SO,0.0
2020-06-23,12,AR1 alpha + Basic + One-Step,NYSE:SO,0.0
2020-06-24,12,AR1 alpha + Basic + One-Step,NYSE:SO,6.296858078694963e-08
2020-06-25,12,AR1 alpha + Basic + One-Step,NYSE:SO,0.0
2020-06-26,12,AR1 alpha + Basic + One-Step,NYSE:SO,0.0
2020-06-29,12,AR1 alpha + Basic + One-Step,NYSE:SO,0.0
2020-06-30,12,AR1 alpha + Basic + One-Step,NYSE:SO,1.2298376106666021e-08
2020-07-01,12,AR1 alpha + Basic + One-Step,NYSE:SO,0.0
2020-07-02,12,AR1 alpha + Basic + One-Step,NYSE:SO,8.541298506001954e-09
2020-07-06,12,AR1 alpha + Basic + One-Step,NYSE:SO,0.0
2020-07-07,12,AR1 alpha + Basic + One-Step,NYSE:SO,0.0
2020-07-08,12,AR1 alpha + Basic + One-Step,NYSE:SO,0.0
2020-07-09,12,AR1 alpha + Basic + One-Step,NYSE:SO,3.286849148110413e-07
2020-07-10,12,AR1 alpha + Basic + One-Step,NYSE:SO,2.3710122961748716e-07
2020-07-13,12,AR1 alpha + Basic + One-Step,NYSE:SO,1.182468457715177e-07
2020-07-14,12,AR1 alpha + Basic + One-Step,NYSE:SO,0.0
2020-07-15,12,AR1 alpha + Basic + One-Step,NYSE:SO,1.0287941666199809e-07
2020-07-16,12,AR1 alpha + Basic + One-Step,NYSE:SO,0.0
2020-07-17,12,AR1 alpha + Basic + One-Step,NYSE:SO,0.0
2020-07-20,12,AR1 alpha + Basic + One-Step,NYSE:SO,2.08520038320585e-07
2020-07-21,12,AR1 alpha + Basic + One-Step,NYSE:SO,0.0
2020-07-22,12,AR1 alpha + Basic + One-Step,NYSE:SO,0.0
2020-07-23,12,AR1 alpha + Basic + One-Step,NYSE:SO,0.0
2020-07-24,12,AR1 alpha + Basic + One-Step,NYSE:SO,7.147984046997922e-07
2020-07-27,12,AR1 alpha + Basic + One-Step,NYSE:SO,4.176980269519229e-07
2020-07-28,12,AR1 alpha + Basic + One-Step,NYSE:SO,0.0
2020-07-29,12,AR1 alpha + Basic + One-Step,NYSE:SO,0.0
2020-07-30,12,AR1 alpha + Basic + One-Step,NYSE:SO,0.0
2020-07-31,12,AR1 alpha + Basic + One-Step,NYSE:SO,0.0
2020-08-03,12,AR1 alpha + Basic + One-Step,NYSE:SO,0.0
2020-08-04,12,AR1 alpha + Basic + One-Step,NYSE:SO,0.0
2020-08-05,12,AR1 alpha + Basic + One-Step,NYSE:SO,0.0
2020-08-06,12,AR1 alpha + Basic + One-Step,NYSE:SO,0.0
2020-08-07,12,AR1 alpha + Basic + One-Step,NYSE:SO,0.0
2020-08-10,12,AR1 alpha + Basic + One-Step,NYSE:SO,0.0
2020-08-11,12,AR1 alpha + Basic + One-Step,NYSE:SO,0.0
2020-08-12,12,AR1 alpha + Basic + One-Step,NYSE:SO,0.0
2020-08-13,12,AR1 alpha + Basic + One-Step,NYSE:SO,0.0
2020-08-14,12,AR1 alpha + Basic + One-Step,NYSE:SO,0.0
2020-08-17,12,AR1 alpha + Basic + One-Step,NYSE:SO,0.0
2020-08-18,12,AR1 alpha + Basic + One-Step,NYSE:SO,0.0
2020-08-19,12,AR1 alpha + Basic + One-Step,NYSE:SO,0.0
2020-08-20,12,AR1 alpha + Basic + One-Step,NYSE:SO,1.4951374971870061e-07
2020-08-21,12,AR1 alpha + Basic + One-Step,NYSE:SO,0.0
2020-08-24,12,AR1 alpha + Basic + One-Step,NYSE:SO,0.0
2020-08-25,12,AR1 alpha + Basic + One-Step,NYSE:SO,0.0
2020-08-26,12,AR1 alpha + Basic + One-Step,NYSE:SO,0.0
2020-08-27,12,AR1 alpha + Basic + One-Step,NYSE:SO,0.0
2020-08-28,12,AR1 alpha + Basic + One-Step,NYSE:SO,0.0
2020-08-31,12,AR1 alpha + Basic + One-Step,NYSE:SO,0.0
2020-09-01,12,AR1 alpha + Basic + One-Step,NYSE:SO,0.0
2020-09-02,12,AR1 alpha + Basic + One-Step,NYSE:SO,0.0
2020-09-03,12,AR1 alpha + Basic + One-Step,NYSE:SO,0.0
2020-09-04,12,AR1 alpha + Basic + One-Step,NYSE:SO,0.0
2020-09-08,12,AR1 alpha + Basic + One-Step,NYSE:SO,0.0
2020-09-09,12,AR1 alpha + Basic + One-Step,NYSE:SO,0.0
2020-09-10,12,AR1 alpha + Basic + One-Step,NYSE:SO,0.0
2020-09-11,12,AR1 alpha + Basic + One-Step,NYSE:SO,0.0
2020-09-14,12,AR1 alpha + Basic + One-Step,NYSE:SO,0.0
2020-09-15,12,AR1 alpha + Basic + One-Step,NYSE:SO,0.0
2020-09-16,12,AR1 alpha + Basic + One-Step,NYSE:SO,0.0
2020-09-17,12,AR1 alpha + Basic + One-Step,NYSE:SO,0.0
2020-09-18,12,AR1 alpha + Basic + One-Step,NYSE:SO,0.0
2020-09-21,12,AR1 alpha + Basic + One-Step,NYSE:SO,0.0
2020-09-22,12,AR1 alpha + Basic + One-Step,NYSE:SO,0.0
2020-09-23,12,AR1 alpha + Basic + One-Step,NYSE:SO,3.1494309545363423e-09
2020-09-24,12,AR1 alpha + Basic + One-Step,NYSE:SO,2.428324944341019e-07
2020-09-25,12,AR1 alpha + Basic + One-Step,NYSE:SO,0.0
2020-09-28,12,AR1 alpha + Basic + One-Step,NYSE:SO,0.0
2020-09-29,12,AR1 alpha + Basic + One-Step,NYSE:SO,1.3882426966723212e-07
2020-09-30,12,AR1 alpha + Basic + One-Step,NYSE:SO,0.0
2020-10-01,12,AR1 alpha + Basic + One-Step,NYSE:SO,0.0
2020-10-02,12,AR1 alpha + Basic + One-Step,NYSE:SO,0.0
2020-10-05,12,AR1 alpha + Basic + One-Step,NYSE:SO,1.8067489416584617e-08
2020-10-06,12,AR1 alpha + Basic + One-Step,NYSE:SO,0.0
2020-10-07,12,AR1 alpha + Basic + One-Step,NYSE:SO,2.0407697043591703e-08
2020-10-08,12,AR1 alpha + Basic + One-Step,NYSE:SO,0.0
2020-10-09,12,AR1 alpha + Basic + One-Step,NYSE:SO,0.0
2020-10-12,12,AR1 alpha + Basic + One-Step,NYSE:SO,0.0
2020-10-13,12,AR1 alpha + Basic + One-Step,NYSE:SO,0.0
2020-10-14,12,AR1 alpha + Basic + One-Step,NYSE:SO,0.0
2020-10-15,12,AR1 alpha + Basic + One-Step,NYSE:SO,0.0
2020-10-16,12,AR1 alpha + Basic + One-Step,NYSE:SO,0.0
2020-10-19,12,AR1 alpha + Basic + One-Step,NYSE:SO,0.0
2020-10-20,12,AR1 alpha + Basic + One-Step,NYSE:SO,0.0
2020-10-21,12,AR1 alpha + Basic + One-Step,NYSE:SO,0.0
2020-10-22,12,AR1 alpha + Basic + One-Step,NYSE:SO,0.0
2020-10-23,12,AR1 alpha + Basic + One-Step,NYSE:SO,0.0
2020-10-26,12,AR1 alpha + Basic + One-Step,NYSE:SO,0.0
2020-10-27,12,AR1 alpha + Basic + One-Step,NYSE:SO,1.3697782963606041e-09
2020-10-28,12,AR1 alpha + Basic + One-Step,NYSE:SO,1.4551924617484219e-08
2020-10-29,12,AR1 alpha + Basic + One-Step,NYSE:SO,5.32135180225595e-09
2020-10-30,12,AR1 alpha + Basic + One-Step,NYSE:SO,0.0
2020-11-02,12,AR1 alpha + Basic + One-Step,NYSE:SO,0.0
2020-11-03,12,AR1 alpha + Basic + One-Step,NYSE:SO,0.0
2020-11-04,12,AR1 alpha + Basic + One-Step,NYSE:SO,0.0
2020-11-05,12,AR1 alpha + Basic + One-Step,NYSE:SO,0.0
2020-11-06,12,AR1 alpha + Basic + One-Step,NYSE:SO,1.6578879905024604e-07
2020-11-09,12,AR1 alpha + Basic + One-Step,NYSE:SO,0.0
2020-11-10,12,AR1 alpha + Basic + One-Step,NYSE:SO,0.0
2020-11-11,12,AR1 alpha + Basic + One-Step,NYSE:SO,0.0
2020-11-12,12,AR1 alpha + Basic + One-Step,NYSE:SO,0.0
2020-11-13,12,AR1 alpha + Basic + One-Step,NYSE:SO,0.0
2020-11-16,12,AR1 alpha + Basic + One-Step,NYSE:SO,0.0
2020-11-17,12,AR1 alpha + Basic + One-Step,NYSE:SO,0.0
2020-11-18,12,AR1 alpha + Basic + One-Step,NYSE:SO,0.0
2020-11-19,12,AR1 alpha + Basic + One-Step,NYSE:SO,4.0674448235382495e-09
2020-11-20,12,AR1 alpha + Basic + One-Step,NYSE:SO,0.0
2020-11-23,12,AR1 alpha + Basic + One-Step,NYSE:SO,0.0
2020-11-24,12,AR1 alpha + Basic + One-Step,NYSE:SO,0.0
2020-11-25,12,AR1 alpha + Basic + One-Step,NYSE:SO,0.0
2020-11-27,12,AR1 alpha + Basic + One-Step,NYSE:SO,0.0
2020-11-30,12,AR1 alpha + Basic + One-Step,NYSE:SO,0.0
2020-12-01,12,AR1 alpha + Basic + One-Step,NYSE:SO,0.0
2020-12-02,12,AR1 alpha + Basic + One-Step,NYSE:SO,0.0
2020-12-03,12,AR1 alpha + Basic + One-Step,NYSE:SO,0.0
2020-12-04,12,AR1 alpha + Basic + One-Step,NYSE:SO,0.0
2020-12-07,12,AR1 alpha + Basic + One-Step,NYSE:SO,0.0
2020-12-08,12,AR1 alpha + Basic + One-Step,NYSE:SO,3.197744902500311e-07
2020-12-09,12,AR1 alpha + Basic + One-Step,NYSE:SO,0.0
2020-12-10,12,AR1 alpha + Basic + One-Step,NYSE:SO,0.0
2020-12-11,12,AR1 alpha + Basic + One-Step,NYSE:SO,6.385389862975822e-07
2020-12-14,12,AR1 alpha + Basic + One-Step,NYSE:SO,1.1157338852951346e-06
2020-12-15,12,AR1 alpha + Basic + One-Step,NYSE:SO,0.0
2020-12-16,12,AR1 alpha + Basic + One-Step,NYSE:SO,1.775693888204641e-08
2020-12-17,12,AR1 alpha + Basic + One-Step,NYSE:SO,0.0
2020-12-18,12,AR1 alpha + Basic + One-Step,NYSE:SO,0.0
2020-12-21,12,AR1 alpha + Basic + One-Step,NYSE:SO,4.5034999243250956e-07
2020-12-22,12,AR1 alpha + Basic + One-Step,NYSE:SO,8.168226302322592e-07
2020-12-23,12,AR1 alpha + Basic + One-Step,NYSE:SO,6.233031218344975e-07
2020-12-24,12,AR1 alpha + Basic + One-Step,NYSE:SO,0.0
2020-12-28,12,AR1 alpha + Basic + One-Step,NYSE:SO,0.0
2020-12-29,12,AR1 alpha + Basic + One-Step,NYSE:SO,0.0
2020-12-30,12,AR1 alpha + Basic + One-Step,NYSE:SO,0.0
2020-12-31,12,AR1 alpha + Basic + One-Step,NYSE:SO,0.0
2021-01-04,12,AR1 alpha + Basic + One-Step,NYSE:SO,0.0
2021-01-05,12,AR1 alpha + Basic + One-Step,NYSE:SO,0.0
2021-01-06,12,AR1 alpha + Basic + One-Step,NYSE:SO,0.0
2021-01-07,12,AR1 alpha + Basic + One-Step,NYSE:SO,0.0
2021-01-08,12,AR1 alpha + Basic + One-Step,NYSE:SO,0.0
2021-01-11,12,AR1 alpha + Basic + One-Step,NYSE:SO,0.0
2021-01-12,12,AR1 alpha + Basic + One-Step,NYSE:SO,0.0
2021-01-13,12,AR1 alpha + Basic + One-Step,NYSE:SO,0.0
2021-01-14,12,AR1 alpha + Basic + One-Step,NYSE:SO,0.0
2021-01-15,12,AR1 alpha + Basic + One-Step,NYSE:SO,0.0
2021-01-19,12,AR1 alpha + Basic + One-Step,NYSE:SO,0.0
2021-01-20,12,AR1 alpha + Basic + One-Step,NYSE:SO,0.0
2021-01-21,12,AR1 alpha + Basic + One-Step,NYSE:SO,0.0
2021-01-22,12,AR1 alpha + Basic + One-Step,NYSE:SO,0.0
2021-01-25,12,AR1 alpha + Basic + One-Step,NYSE:SO,0.0
2021-01-26,12,AR1 alpha + Basic + One-Step,NYSE:SO,0.0
2021-01-27,12,AR1 alpha + Basic + One-Step,NYSE:SO,0.0
2021-01-28,12,AR1 alpha + Basic + One-Step,NYSE:SO,0.0
2021-01-29,12,AR1 alpha + Basic + One-Step,NYSE:SO,0.0
2021-02-01,12,AR1 alpha + Basic + One-Step,NYSE:SO,2.76883284533287e-07
2021-02-02,12,AR1 alpha + Basic + One-Step,NYSE:SO,0.0
2021-02-03,12,AR1 alpha + Basic + One-Step,NYSE:SO,0.0
2021-02-04,12,AR1 alpha + Basic + One-Step,NYSE:SO,0.0
2021-02-05,12,AR1 alpha + Basic + One-Step,NYSE:SO,0.0
2021-02-08,12,AR1 alpha + Basic + One-Step,NYSE:SO,0.0
2021-02-09,12,AR1 alpha + Basic + One-Step,NYSE:SO,0.0
2021-02-10,12,AR1 alpha + Basic + One-Step,NYSE:SO,0.0
2021-02-11,12,AR1 alpha + Basic + One-Step,NYSE:SO,0.0
2021-02-12,12,AR1 alpha + Basic + One-Step,NYSE:SO,0.0
2021-02-16,12,AR1 alpha + Basic + One-Step,NYSE:SO,0.0
2021-02-17,12,AR1 alpha + Basic + One-Step,NYSE:SO,0.0
2021-02-18,12,AR1 alpha + Basic + One-Step,NYSE:SO,0.0
2021-02-19,12,AR1 alpha + Basic + One-Step,NYSE:SO,0.0
2021-02-22,12,AR1 alpha + Basic + One-Step,NYSE:SO,3.176627714818125e-07
2021-02-23,12,AR1 alpha + Basic + One-Step,NYSE:SO,3.177574132135003e-07
2021-02-24,12,AR1 alpha + Basic + One-Step,NYSE:SO,0.0
2021-02-25,12,AR1 alpha + Basic + One-Step,NYSE:SO,0.0
2021-02-26,12,AR1 alpha + Basic + One-Step,NYSE:SO,0.0
2021-03-01,12,AR1 alpha + Basic + One-Step,NYSE:SO,0.0
2021-03-02,12,AR1 alpha + Basic + One-Step,NYSE:SO,0.0
2021-03-03,12,AR1 alpha + Basic + One-Step,NYSE:SO,0.0
2021-03-04,12,AR1 alpha + Basic + One-Step,NYSE:SO,0.0
2021-03-05,12,AR1 alpha + Basic + One-Step,NYSE:SO,0.0
2021-03-08,12,AR1 alpha + Basic + One-Step,NYSE:SO,0.0
2021-03-09,12,AR1 alpha + Basic + One-Step,NYSE:SO,0.0
2021-03-10,12,AR1 alpha + Basic + One-Step,NYSE:SO,0.0
2021-03-11,12,AR1 alpha + Basic + One-Step,NYSE:SO,0.0
2021-03-12,12,AR1 alpha + Basic + One-Step,NYSE:SO,0.0
2021-03-15,12,AR1 alpha + Basic + One-Step,NYSE:SO,1.4573483914098954e-09
2021-03-16,12,AR1 alpha + Basic + One-Step,NYSE:SO,0.0
2021-03-17,12,AR1 alpha + Basic + One-Step,NYSE:SO,0.0
2021-03-18,12,AR1 alpha + Basic + One-Step,NYSE:SO,0.0
2021-03-19,12,AR1 alpha + Basic + One-Step,NYSE:SO,0.0
2021-03-22,12,AR1 alpha + Basic + One-Step,NYSE:SO,0.0
2021-03-23,12,AR1 alpha + Basic + One-Step,NYSE:SO,0.0
2021-03-24,12,AR1 alpha + Basic + One-Step,NYSE:SO,0.0
2021-03-25,12,AR1 alpha + Basic + One-Step,NYSE:SO,0.0
2021-03-26,12,AR1 alpha + Basic + One-Step,NYSE:SO,0.0
2021-03-29,12,AR1 alpha + Basic + One-Step,NYSE:SO,0.0
2021-03-30,12,AR1 alpha + Basic + One-Step,NYSE:SO,9.155405405871373e-07
2021-03-31,12,AR1 alpha + Basic + One-Step,NYSE:SO,6.7898281646103e-08
2021-04-01,12,AR1 alpha + Basic + One-Step,NYSE:SO,0.0
2021-04-05,12,AR1 alpha + Basic + One-Step,NYSE:SO,2.908936879721121e-06
2021-04-06,12,AR1 alpha + Basic + One-Step,NYSE:SO,1.4233010273033655e-06
2021-04-07,12,AR1 alpha + Basic + One-Step,NYSE:SO,0.0
2021-04-08,12,AR1 alpha + Basic + One-Step,NYSE:SO,8.117518383259588e-07
2021-04-09,12,AR1 alpha + Basic + One-Step,NYSE:SO,0.0
2021-04-12,12,AR1 alpha + Basic + One-Step,NYSE:SO,7.3562043920966925e-09
2021-04-13,12,AR1 alpha + Basic + One-Step,NYSE:SO,0.0
2021-04-14,12,AR1 alpha + Basic + One-Step,NYSE:SO,6.84473907351468e-08
2021-04-15,12,AR1 alpha + Basic + One-Step,NYSE:SO,2.7254286993931137e-07
2021-04-16,12,AR1 alpha + Basic + One-Step,NYSE:SO,0.0
2021-04-19,12,AR1 alpha + Basic + One-Step,NYSE:SO,5.386931885769733e-08
2021-04-20,12,AR1 alpha + Basic + One-Step,NYSE:SO,0.0
2021-04-21,12,AR1 alpha + Basic + One-Step,NYSE:SO,0.0
2021-04-22,12,AR1 alpha + Basic + One-Step,NYSE:SO,1.1476762937970378e-07
2021-04-23,12,AR1 alpha + Basic + One-Step,NYSE:SO,0.0
2021-04-26,12,AR1 alpha + Basic + One-Step,NYSE:SO,0.0
2021-04-27,12,AR1 alpha + Basic + One-Step,NYSE:SO,3.6812074479811684e-07
2021-04-28,12,AR1 alpha + Basic + One-Step,NYSE:SO,0.0
2021-04-29,12,AR1 alpha + Basic + One-Step,NYSE:SO,0.0
2021-04-30,12,AR1 alpha + Basic + One-Step,NYSE:SO,0.0
2021-05-03,12,AR1 alpha + Basic + One-Step,NYSE:SO,0.0
2021-05-04,12,AR1 alpha + Basic + One-Step,NYSE:SO,7.0790339411033e-08
2021-05-05,12,AR1 alpha + Basic + One-Step,NYSE:SO,0.0
2021-05-06,12,AR1 alpha + Basic + One-Step,NYSE:SO,0.0
2021-05-07,12,AR1 alpha + Basic + One-Step,NYSE:SO,0.0
2021-05-10,12,AR1 alpha + Basic + One-Step,NYSE:SO,0.0
2021-05-11,12,AR1 alpha + Basic + One-Step,NYSE:SO,0.0
2021-05-12,12,AR1 alpha + Basic + One-Step,NYSE:SO,0.0
2021-05-13,12,AR1 alpha + Basic + One-Step,NYSE:SO,0.0
2021-05-14,12,AR1 alpha + Basic + One-Step,NYSE:SO,0.0
2021-05-17,12,AR1 alpha + Basic + One-Step,NYSE:SO,0.0
2021-05-18,12,AR1 alpha + Basic + One-Step,NYSE:SO,3.543911981729185e-07
2021-05-19,12,AR1 alpha + Basic + One-Step,NYSE:SO,2.3214975035726748e-07
2021-05-20,12,AR1 alpha + Basic + One-Step,NYSE:SO,1.9426444996005773e-07
2021-05-21,12,AR1 alpha + Basic + One-Step,NYSE:SO,6.881621483959487e-07
2021-05-24,12,AR1 alpha + Basic + One-Step,NYSE:SO,0.0
2021-05-25,12,AR1 alpha + Basic + One-Step,NYSE:SO,0.0
2021-05-26,12,AR1 alpha + Basic + One-Step,NYSE:SO,1.8582997841876307e-08
2021-05-27,12,AR1 alpha + Basic + One-Step,NYSE:SO,2.475328709544949e-07
2021-05-28,12,AR1 alpha + Basic + One-Step,NYSE:SO,0.0
2021-06-01,12,AR1 alpha + Basic + One-Step,NYSE:SO,0.0
2021-06-02,12,AR1 alpha + Basic + One-Step,NYSE:SO,0.0
2021-06-03,12,AR1 alpha + Basic + One-Step,NYSE:SO,0.0
2021-06-04,12,AR1 alpha + Basic + One-Step,NYSE:SO,0.0
2021-06-07,12,AR1 alpha + Basic + One-Step,NYSE:SO,0.0
2021-06-08,12,AR1 alpha + Basic + One-Step,NYSE:SO,0.0
2021-06-09,12,AR1 alpha + Basic + One-Step,NYSE:SO,2.068153799170203e-07
2021-06-10,12,AR1 alpha + Basic + One-Step,NYSE:SO,2.0770833512042214e-07
2021-06-11,12,AR1 alpha + Basic + One-Step,NYSE:SO,0.0
2021-06-14,12,AR1 alpha + Basic + One-Step,NYSE:SO,0.0
2021-06-15,12,AR1 alpha + Basic + One-Step,NYSE:SO,0.0
2021-06-16,12,AR1 alpha + Basic + One-Step,NYSE:SO,0.0
2021-06-17,12,AR1 alpha + Basic + One-Step,NYSE:SO,0.0
2021-06-18,12,AR1 alpha + Basic + One-Step,NYSE:SO,0.0
2021-06-21,12,AR1 alpha + Basic + One-Step,NYSE:SO,0.0
2021-06-22,12,AR1 alpha + Basic + One-Step,NYSE:SO,1.3651437535724808e-06
2021-06-23,12,AR1 alpha + Basic + One-Step,NYSE:SO,1.258507370019788e-06
2021-06-24,12,AR1 alpha + Basic + One-Step,NYSE:SO,1.7168832243506494e-06
2021-06-25,12,AR1 alpha + Basic + One-Step,NYSE:SO,0.0
2021-06-28,12,AR1 alpha + Basic + One-Step,NYSE:SO,0.0
2021-06-29,12,AR1 alpha + Basic + One-Step,NYSE:SO,0.0
2021-06-30,12,AR1 alpha + Basic + One-Step,NYSE:SO,0.0
2021-07-01,12,AR1 alpha + Basic + One-Step,NYSE:SO,0.0
2021-07-02,12,AR1 alpha + Basic + One-Step,NYSE:SO,0.0
2021-07-06,12,AR1 alpha + Basic + One-Step,NYSE:SO,0.0
2021-07-07,12,AR1 alpha + Basic + One-Step,NYSE:SO,0.0
2021-07-08,12,AR1 alpha + Basic + One-Step,NYSE:SO,0.0
2021-07-09,12,AR1 alpha + Basic + One-Step,NYSE:SO,0.0
2021-07-12,12,AR1 alpha + Basic + One-Step,NYSE:SO,0.0
2021-07-13,12,AR1 alpha + Basic + One-Step,NYSE:SO,1.1752248611980892e-07
2021-07-14,12,AR1 alpha + Basic + One-Step,NYSE:SO,0.0
2021-07-15,12,AR1 alpha + Basic + One-Step,NYSE:SO,0.0
2021-07-16,12,AR1 alpha + Basic + One-Step,NYSE:SO,9.95480733559984e-07
2021-07-19,12,AR1 alpha + Basic + One-Step,NYSE:SO,0.0
2021-07-20,12,AR1 alpha + Basic + One-Step,NYSE:SO,0.0
2021-07-21,12,AR1 alpha + Basic + One-Step,NYSE:SO,0.0
2021-07-22,12,AR1 alpha + Basic + One-Step,NYSE:SO,0.0
2021-07-23,12,AR1 alpha + Basic + One-Step,NYSE:SO,0.0
2021-07-26,12,AR1 alpha + Basic + One-Step,NYSE:SO,1.8118457314740587e-07
2021-07-27,12,AR1 alpha + Basic + One-Step,NYSE:SO,2.674224162957214e-06
2021-07-28,12,AR1 alpha + Basic + One-Step,NYSE:SO,0.0
2021-07-29,12,AR1 alpha + Basic + One-Step,NYSE:SO,0.0
2021-07-30,12,AR1 alpha + Basic + One-Step,NYSE:SO,0.0
2021-08-02,12,AR1 alpha + Basic + One-Step,NYSE:SO,0.0
2021-08-03,12,AR1 alpha + Basic + One-Step,NYSE:SO,0.0
2021-08-04,12,AR1 alpha + Basic + One-Step,NYSE:SO,8.478605294552207e-08
2021-08-05,12,AR1 alpha + Basic + One-Step,NYSE:SO,0.0
2021-08-06,12,AR1 alpha + Basic + One-Step,NYSE:SO,0.0
2021-08-09,12,AR1 alpha + Basic + One-Step,NYSE:SO,4.3190265629340697e-07
2021-08-10,12,AR1 alpha + Basic + One-Step,NYSE:SO,2.639502162265373e-07
2021-08-11,12,AR1 alpha + Basic + One-Step,NYSE:SO,1.5862502911435975e-07
2021-08-12,12,AR1 alpha + Basic + One-Step,NYSE:SO,0.0
2021-08-13,12,AR1 alpha + Basic + One-Step,NYSE:SO,0.0
2021-08-16,12,AR1 alpha + Basic + One-Step,NYSE:SO,0.0
2021-08-17,12,AR1 alpha + Basic + One-Step,NYSE:SO,2.5645766963345097e-07
2021-08-18,12,AR1 alpha + Basic + One-Step,NYSE:SO,0.0
2021-08-19,12,AR1 alpha + Basic + One-Step,NYSE:SO,0.0
2021-08-20,12,AR1 alpha + Basic + One-Step,NYSE:SO,4.124126647477538e-08
2021-08-23,12,AR1 alpha + Basic + One-Step,NYSE:SO,0.0
2021-08-24,12,AR1 alpha + Basic + One-Step,NYSE:SO,0.0
2021-08-25,12,AR1 alpha + Basic + One-Step,NYSE:SO,0.0
2021-08-26,12,AR1 alpha + Basic + One-Step,NYSE:SO,1.579577470901569e-08
2021-08-27,12,AR1 alpha + Basic + One-Step,NYSE:SO,1.9782347278831123e-07
2021-08-30,12,AR1 alpha + Basic + One-Step,NYSE:SO,1.0846022032927814e-07
2021-08-31,12,AR1 alpha + Basic + One-Step,NYSE:SO,0.0
2021-09-01,12,AR1 alpha + Basic + One-Step,NYSE:SO,0.0
2021-09-02,12,AR1 alpha + Basic + One-Step,NYSE:SO,0.0
2021-09-03,12,AR1 alpha + Basic + One-Step,NYSE:SO,0.0
2021-09-07,12,AR1 alpha + Basic + One-Step,NYSE:SO,0.0
2021-09-08,12,AR1 alpha + Basic + One-Step,NYSE:SO,0.0
2021-09-09,12,AR1 alpha + Basic + One-Step,NYSE:SO,1.1869023229540488e-07
2021-09-10,12,AR1 alpha + Basic + One-Step,NYSE:SO,0.0
2021-09-13,12,AR1 alpha + Basic + One-Step,NYSE:SO,0.0
2021-09-14,12,AR1 alpha + Basic + One-Step,NYSE:SO,4.3307036517454533e-07
2021-09-15,12,AR1 alpha + Basic + One-Step,NYSE:SO,0.0
2021-09-16,12,AR1 alpha + Basic + One-Step,NYSE:SO,0.0
2021-09-17,12,AR1 alpha + Basic + One-Step,NYSE:SO,0.0
2021-09-20,12,AR1 alpha + Basic + One-Step,NYSE:SO,0.0
2021-09-21,12,AR1 alpha + Basic + One-Step,NYSE:SO,1.353826262455964e-07
2021-09-22,12,AR1 alpha + Basic + One-Step,NYSE:SO,0.0
2021-09-23,12,AR1 alpha + Basic + One-Step,NYSE:SO,0.0
2021-09-24,12,AR1 alpha + Basic + One-Step,NYSE:SO,0.0
2021-09-27,12,AR1 alpha + Basic + One-Step,NYSE:SO,0.0
2021-09-28,12,AR1 alpha + Basic + One-Step,NYSE:SO,0.0
2021-09-29,12,AR1 alpha + Basic + One-Step,NYSE:SO,0.0
2021-09-30,12,AR1 alpha + Basic + One-Step,NYSE:SO,0.0
2021-10-01,12,AR1 alpha + Basic + One-Step,NYSE:SO,0.0
2021-10-04,12,AR1 alpha + Basic + One-Step,NYSE:SO,0.0
2021-10-05,12,AR1 alpha + Basic + One-Step,NYSE:SO,0.0
2021-10-06,12,AR1 alpha + Basic + One-Step,NYSE:SO,0.0
2021-10-07,12,AR1 alpha + Basic + One-Step,NYSE:SO,0.0
2021-10-08,12,AR1 alpha + Basic + One-Step,NYSE:SO,0.0
2021-10-11,12,AR1 alpha + Basic + One-Step,NYSE:SO,0.0
2021-10-12,12,AR1 alpha + Basic + One-Step,NYSE:SO,0.0
2021-10-13,12,AR1 alpha + Basic + One-Step,NYSE:SO,0.0
2021-10-14,12,AR1 alpha + Basic + One-Step,NYSE:SO,5.45848197493247e-08
2021-10-15,12,AR1 alpha + Basic + One-Step,NYSE:SO,0.0
2021-10-18,12,AR1 alpha + Basic + One-Step,NYSE:SO,0.0
2021-10-19,12,AR1 alpha + Basic + One-Step,NYSE:SO,0.0
2021-10-20,12,AR1 alpha + Basic + One-Step,NYSE:SO,0.0
2021-10-21,12,AR1 alpha + Basic + One-Step,NYSE:SO,0.0
2021-10-22,12,AR1 alpha + Basic + One-Step,NYSE:SO,0.0
2021-10-25,12,AR1 alpha + Basic + One-Step,NYSE:SO,0.0
2021-10-26,12,AR1 alpha + Basic + One-Step,NYSE:SO,0.0
2021-10-27,12,AR1 alpha + Basic + One-Step,NYSE:SO,0.0
2021-10-28,12,AR1 alpha + Basic + One-Step,NYSE:SO,0.0
2021-10-29,12,AR1 alpha + Basic + One-Step,NYSE:SO,0.0
2021-11-01,12,AR1 alpha + Basic + One-Step,NYSE:SO,2.982772202740509e-07
2021-11-02,12,AR1 alpha + Basic + One-Step,NYSE:SO,0.0
2021-11-03,12,AR1 alpha + Basic + One-Step,NYSE:SO,0.0
2021-11-04,12,AR1 alpha + Basic + One-Step,NYSE:SO,0.0
2021-11-05,12,AR1 alpha + Basic + One-Step,NYSE:SO,0.0
2021-11-08,12,AR1 alpha + Basic + One-Step,NYSE:SO,0.0
2021-11-09,12,AR1 alpha + Basic + One-Step,NYSE:SO,3.3936182339625476e-08
2021-11-10,12,AR1 alpha + Basic + One-Step,NYSE:SO,3.7047447556103707e-08
2021-11-11,12,AR1 alpha + Basic + One-Step,NYSE:SO,0.0
2021-11-12,12,AR1 alpha + Basic + One-Step,NYSE:SO,9.939789449009722e-09
2021-11-15,12,AR1 alpha + Basic + One-Step,NYSE:SO,0.0
2021-11-16,12,AR1 alpha + Basic + One-Step,NYSE:SO,0.0
2021-11-17,12,AR1 alpha + Basic + One-Step,NYSE:SO,0.0
2021-11-18,12,AR1 alpha + Basic + One-Step,NYSE:SO,0.0
2021-11-19,12,AR1 alpha + Basic + One-Step,NYSE:SO,0.0
2021-11-22,12,AR1 alpha + Basic + One-Step,NYSE:SO,0.0
2021-11-23,12,AR1 alpha + Basic + One-Step,NYSE:SO,0.0
2021-11-24,12,AR1 alpha + Basic + One-Step,NYSE:SO,0.0
2021-11-26,12,AR1 alpha + Basic + One-Step,NYSE:SO,0.0
2021-11-29,12,AR1 alpha + Basic + One-Step,NYSE:SO,0.0
2021-11-30,12,AR1 alpha + Basic + One-Step,NYSE:SO,0.0
2021-12-01,12,AR1 alpha + Basic + One-Step,NYSE:SO,0.0
2021-12-02,12,AR1 alpha + Basic + One-Step,NYSE:SO,0.0
2021-12-03,12,AR1 alpha + Basic + One-Step,NYSE:SO,0.0
2021-12-06,12,AR1 alpha + Basic + One-Step,NYSE:SO,0.0
2021-12-07,12,AR1 alpha + Basic + One-Step,NYSE:SO,0.0
2021-12-08,12,AR1 alpha + Basic + One-Step,NYSE:SO,0.0
2021-12-09,12,AR1 alpha + Basic + One-Step,NYSE:SO,0.0
2021-12-10,12,AR1 alpha + Basic + One-Step,NYSE:SO,5.470193562412803e-08
2021-12-13,12,AR1 alpha + Basic + One-Step,NYSE:SO,0.0
2021-12-14,12,AR1 alpha + Basic + One-Step,NYSE:SO,1.1103141385421689e-10
2021-12-15,12,AR1 alpha + Basic + One-Step,NYSE:SO,0.0
2021-12-16,12,AR1 alpha + Basic + One-Step,NYSE:SO,0.0
2021-12-17,12,AR1 alpha + Basic + One-Step,NYSE:SO,0.0
2021-12-20,12,AR1 alpha + Basic + One-Step,NYSE:SO,0.0
2021-12-21,12,AR1 alpha + Basic + One-Step,NYSE:SO,0.0
2021-12-22,12,AR1 alpha + Basic + One-Step,NYSE:SO,2.3378177933969165e-07
2021-12-23,12,AR1 alpha + Basic + One-Step,NYSE:SO,0.0
2021-12-27,12,AR1 alpha + Basic + One-Step,NYSE:SO,0.0
2021-12-28,12,AR1 alpha + Basic + One-Step,NYSE:SO,0.0
2021-12-29,12,AR1 alpha + Basic + One-Step,NYSE:SO,0.0
2021-12-30,12,AR1 alpha + Basic + One-Step,NYSE:SO,9.508846471484064e-07
2021-12-31,12,AR1 alpha + Basic + One-Step,NYSE:SO,4.194940184688982e-07
2022-01-03,12,AR1 alpha + Basic + One-Step,NYSE:SO,2.764473731485168e-07
2022-01-04,12,AR1 alpha + Basic + One-Step,NYSE:SO,0.0
2022-01-05,12,AR1 alpha + Basic + One-Step,NYSE:SO,6.617854218161224e-23
2022-01-06,12,AR1 alpha + Basic + One-Step,NYSE:SO,0.0
2022-01-07,12,AR1 alpha + Basic + One-Step,NYSE:SO,6.45188311949332e-08
2022-01-10,12,AR1 alpha + Basic + One-Step,NYSE:SO,0.0
2022-01-11,12,AR1 alpha + Basic + One-Step,NYSE:SO,0.0
2022-01-12,12,AR1 alpha + Basic + One-Step,NYSE:SO,0.0
2022-01-13,12,AR1 alpha + Basic + One-Step,NYSE:SO,1.7599505293971787e-06
2022-01-14,12,AR1 alpha + Basic + One-Step,NYSE:SO,0.0
2022-01-18,12,AR1 alpha + Basic + One-Step,NYSE:SO,0.0
2022-01-19,12,AR1 alpha + Basic + One-Step,NYSE:SO,0.0
2022-01-20,12,AR1 alpha + Basic + One-Step,NYSE:SO,0.0
2022-01-21,12,AR1 alpha + Basic + One-Step,NYSE:SO,3.573260547118706e-07
2022-01-24,12,AR1 alpha + Basic + One-Step,NYSE:SO,2.565460753906627e-07
2022-01-25,12,AR1 alpha + Basic + One-Step,NYSE:SO,0.0
2022-01-26,12,AR1 alpha + Basic + One-Step,NYSE:SO,8.100669771601039e-08
2022-01-27,12,AR1 alpha + Basic + One-Step,NYSE:SO,1.491647466970343e-07
2022-01-28,12,AR1 alpha + Basic + One-Step,NYSE:SO,9.31868102478523e-08
2022-01-31,12,AR1 alpha + Basic + One-Step,NYSE:SO,0.0
2022-02-01,12,AR1 alpha + Basic + One-Step,NYSE:SO,0.014309785550170356
2022-02-02,12,AR1 alpha + Basic + One-Step,NYSE:SO,0.0
2022-02-03,12,AR1 alpha + Basic + One-Step,NYSE:SO,0.0
2022-02-04,12,AR1 alpha + Basic + One-Step,NYSE:SO,3.999524605456802e-08
2022-02-07,12,AR1 alpha + Basic + One-Step,NYSE:SO,0.0999997095064931
2022-02-08,12,AR1 alpha + Basic + One-Step,NYSE:SO,0.09999659290956256
2022-02-09,12,AR1 alpha + Basic + One-Step,NYSE:SO,0.06757914947554208
2022-02-10,12,AR1 alpha + Basic + One-Step,NYSE:SO,0.10000028691069893
2022-02-11,12,AR1 alpha + Basic + One-Step,NYSE:SO,0.06557417313358566
2022-02-14,12,AR1 alpha + Basic + One-Step,NYSE:SO,0.0999994119806357
2022-02-15,12,AR1 alpha + Basic + One-Step,NYSE:SO,0.09999778966445445
2022-02-16,12,AR1 alpha + Basic + One-Step,NYSE:SO,0.0999957647361181
2022-02-17,12,AR1 alpha + Basic + One-Step,NYSE:SO,0.09999560054230298
2022-02-18,12,AR1 alpha + Basic + One-Step,NYSE:SO,0.09999742447640111
2022-02-22,12,AR1 alpha + Basic + One-Step,NYSE:SO,0.09999827663120245
2022-02-23,12,AR1 alpha + Basic + One-Step,NYSE:SO,0.10000000000000005
2022-02-24,12,AR1 alpha + Basic + One-Step,NYSE:SO,0.10000000000000003
2022-02-25,12,AR1 alpha + Basic + One-Step,NYSE:SO,0.0
2022-02-28,12,AR1 alpha + Basic + One-Step,NYSE:SO,0.0
2022-03-01,12,AR1 alpha + Basic + One-Step,NYSE:SO,0.040063765655642146
2022-03-02,12,AR1 alpha + Basic + One-Step,NYSE:SO,0.07123155005923991
2022-03-03,12,AR1 alpha + Basic + One-Step,NYSE:SO,0.0
2022-03-04,12,AR1 alpha + Basic + One-Step,NYSE:SO,0.0
2022-03-07,12,AR1 alpha + Basic + One-Step,NYSE:SO,3.668541602364339e-09
2022-03-08,12,AR1 alpha + Basic + One-Step,NYSE:SO,2.1603499372792325e-06
2022-03-09,12,AR1 alpha + Basic + One-Step,NYSE:SO,0.0949265984829662
2022-03-10,12,AR1 alpha + Basic + One-Step,NYSE:SO,0.05439810836187371
2022-03-11,12,AR1 alpha + Basic + One-Step,NYSE:SO,0.0606625903125115
2022-03-14,12,AR1 alpha + Basic + One-Step,NYSE:SO,0.05832207114221143
2022-03-15,12,AR1 alpha + Basic + One-Step,NYSE:SO,0.061356717031046004
2022-03-16,12,AR1 alpha + Basic + One-Step,NYSE:SO,0.1
2022-03-17,12,AR1 alpha + Basic + One-Step,NYSE:SO,0.09998992954996452
2022-03-18,12,AR1 alpha + Basic + One-Step,NYSE:SO,0.09998602784478722
2022-03-21,12,AR1 alpha + Basic + One-Step,NYSE:SO,0.08961224094017638
2022-03-22,12,AR1 alpha + Basic + One-Step,NYSE:SO,0.09999365089499658
2022-03-23,12,AR1 alpha + Basic + One-Step,NYSE:SO,0.09999503456934465
2022-03-24,12,AR1 alpha + Basic + One-Step,NYSE:SO,0.09137047051731671
2022-03-25,12,AR1 alpha + Basic + One-Step,NYSE:SO,0.0
2022-03-28,12,AR1 alpha + Basic + One-Step,NYSE:SO,0.00526372183138506
2022-03-29,12,AR1 alpha + Basic + One-Step,NYSE:SO,0.0
2022-03-30,12,AR1 alpha + Basic + One-Step,NYSE:SO,2.7278611860254345e-06
2022-03-31,12,AR1 alpha + Basic + One-Step,NYSE:SO,0.0
2022-04-01,12,AR1 alpha + Basic + One-Step,NYSE:SO,0.0
2022-04-04,12,AR1 alpha + Basic + One-Step,NYSE:SO,0.03120347753080094
2022-04-05,12,AR1 alpha + Basic + One-Step,NYSE:SO,0.0
2022-04-06,12,AR1 alpha + Basic + One-Step,NYSE:SO,0.0
2022-04-07,12,AR1 alpha + Basic + One-Step,NYSE:SO,1.764077029008887e-08
2022-04-08,12,AR1 alpha + Basic + One-Step,NYSE:SO,0.0
2022-04-11,12,AR1 alpha + Basic + One-Step,NYSE:SO,0.099995724015249
2022-04-12,12,AR1 alpha + Basic + One-Step,NYSE:SO,0.09999681698158126
2022-04-13,12,AR1 alpha + Basic + One-Step,NYSE:SO,0.09999824419347197
2022-04-14,12,AR1 alpha + Basic + One-Step,NYSE:SO,0.08430201379815419
2022-04-18,12,AR1 alpha + Basic + One-Step,NYSE:SO,0.09999972397910567
2022-04-19,12,AR1 alpha + Basic + One-Step,NYSE:SO,0.09999750999985586
2022-04-20,12,AR1 alpha + Basic + One-Step,NYSE:SO,0.09999848057410572
2022-04-21,12,AR1 alpha + Basic + One-Step,NYSE:SO,0.09999529595448073
2022-04-22,12,AR1 alpha + Basic + One-Step,NYSE:SO,0.09999508186898487
2022-04-25,12,AR1 alpha + Basic + One-Step,NYSE:SO,0.09999413417370157
2022-04-26,12,AR1 alpha + Basic + One-Step,NYSE:SO,0.09999184923363587
2022-04-27,12,AR1 alpha + Basic + One-Step,NYSE:SO,0.09999347031639247
2022-04-28,12,AR1 alpha + Basic + One-Step,NYSE:SO,0.09999548382218024
2022-04-29,12,AR1 alpha + Basic + One-Step,NYSE:SO,0.09999541213466005
2022-05-02,12,AR1 alpha + Basic + One-Step,NYSE:SO,0.09999269561245538
2022-05-03,12,AR1 alpha + Basic + One-Step,NYSE:SO,0.09999234651518492
2022-05-04,12,AR1 alpha + Basic + One-Step,NYSE:SO,0.09999503189458829
2022-05-05,12,AR1 alpha + Basic + One-Step,NYSE:SO,0.09999461758338953
2022-05-06,12,AR1 alpha + Basic + One-Step,NYSE:SO,0.0999963706830423
2022-05-09,12,AR1 alpha + Basic + One-Step,NYSE:SO,0.09999694715915583
2022-05-10,12,AR1 alpha + Basic + One-Step,NYSE:SO,0.09999708423709264
2022-05-11,12,AR1 alpha + Basic + One-Step,NYSE:SO,0.09999636416569027
2022-05-12,12,AR1 alpha + Basic + One-Step,NYSE:SO,0.09999737979481658
2022-05-13,12,AR1 alpha + Basic + One-Step,NYSE:SO,0.09999771921744192
2022-05-16,12,AR1 alpha + Basic + One-Step,NYSE:SO,0.09999919970497784
2022-05-17,12,AR1 alpha + Basic + One-Step,NYSE:SO,0.09999934664245703
2022-05-18,12,AR1 alpha + Basic + One-Step,NYSE:SO,0.09999825059607845
2022-05-19,12,AR1 alpha + Basic + One-Step,NYSE:SO,0.09999654069333688
2022-05-20,12,AR1 alpha + Basic + One-Step,NYSE:SO,0.09999479752339867
2022-05-23,12,AR1 alpha + Basic + One-Step,NYSE:SO,0.09999679108460108
2022-05-24,12,AR1 alpha + Basic + One-Step,NYSE:SO,0.09999542967441874
2022-05-25,12,AR1 alpha + Basic + One-Step,NYSE:SO,0.09999719844464143
2022-05-26,12,AR1 alpha + Basic + One-Step,NYSE:SO,0.09999528192715477
2022-05-27,12,AR1 alpha + Basic + One-Step,NYSE:SO,0.09999686047708434
2022-05-31,12,AR1 alpha + Basic + One-Step,NYSE:SO,0.09999552648114547
2022-06-01,12,AR1 alpha + Basic + One-Step,NYSE:SO,0.09999688956030045
2022-06-02,12,AR1 alpha + Basic + One-Step,NYSE:SO,0.09999674094890325
2022-06-03,12,AR1 alpha + Basic + One-Step,NYSE:SO,0.09999773679300825
2022-06-06,12,AR1 alpha + Basic + One-Step,NYSE:SO,0.09999720609300422
2022-06-07,12,AR1 alpha + Basic + One-Step,NYSE:SO,0.09999445004015738
2022-06-08,12,AR1 alpha + Basic + One-Step,NYSE:SO,0.0999956012625288
2022-06-09,12,AR1 alpha + Basic + One-Step,NYSE:SO,0.09999651966272392
2022-06-10,12,AR1 alpha + Basic + One-Step,NYSE:SO,0.09999768138198382
2022-06-13,12,AR1 alpha + Basic + One-Step,NYSE:SO,0.09999870202174027
2022-06-14,12,AR1 alpha + Basic + One-Step,NYSE:SO,0.09999916667251542
2022-06-15,12,AR1 alpha + Basic + One-Step,NYSE:SO,0.09999894881572369
2022-06-16,12,AR1 alpha + Basic + One-Step,NYSE:SO,0.09999863662342304
2022-06-17,12,AR1 alpha + Basic + One-Step,NYSE:SO,0.09999895838967042
2022-06-21,12,AR1 alpha + Basic + One-Step,NYSE:SO,0.10000114225474185
2022-06-22,12,AR1 alpha + Basic + One-Step,NYSE:SO,0.10000082159196319
2022-06-23,12,AR1 alpha + Basic + One-Step,NYSE:SO,0.09999952004057162
2022-06-24,12,AR1 alpha + Basic + One-Step,NYSE:SO,0.09999964331076262
2022-06-27,12,AR1 alpha + Basic + One-Step,NYSE:SO,0.09999817994346186
2022-06-28,12,AR1 alpha + Basic + One-Step,NYSE:SO,0.09999638189621897
2022-06-29,12,AR1 alpha + Basic + One-Step,NYSE:SO,0.09999699107676248
2022-06-30,12,AR1 alpha + Basic + One-Step,NYSE:SO,0.09999519742613634
2022-07-01,12,AR1 alpha + Basic + One-Step,NYSE:SO,0.09999527886633051
2022-07-05,12,AR1 alpha + Basic + One-Step,NYSE:SO,0.09999684034900032
2022-07-06,12,AR1 alpha + Basic + One-Step,NYSE:SO,0.09999564400830689
2022-07-07,12,AR1 alpha + Basic + One-Step,NYSE:SO,0.09999692864692357
2022-07-08,12,AR1 alpha + Basic + One-Step,NYSE:SO,0.099990832268316
2022-07-11,12,AR1 alpha + Basic + One-Step,NYSE:SO,0.09999108497693879
2022-07-12,12,AR1 alpha + Basic + One-Step,NYSE:SO,0.09999405063012323
2022-07-13,12,AR1 alpha + Basic + One-Step,NYSE:SO,0.09999624528103021
2022-07-14,12,AR1 alpha + Basic + One-Step,NYSE:SO,0.09999359041489402
2022-07-15,12,AR1 alpha + Basic + One-Step,NYSE:SO,0.09999254507746014
2022-07-18,12,AR1 alpha + Basic + One-Step,NYSE:SO,0.09999502439477026
2022-07-19,12,AR1 alpha + Basic + One-Step,NYSE:SO,0.09999635563108486
2022-07-20,12,AR1 alpha + Basic + One-Step,NYSE:SO,0.09999711979281137
2022-07-21,12,AR1 alpha + Basic + One-Step,NYSE:SO,0.09999807065111616
2022-07-22,12,AR1 alpha + Basic + One-Step,NYSE:SO,0.09999827885166451
2022-07-25,12,AR1 alpha + Basic + One-Step,NYSE:SO,0.09999868521018264
2022-07-26,12,AR1 alpha + Basic + One-Step,NYSE:SO,0.09999899511738551
2022-07-27,12,AR1 alpha + Basic + One-Step,NYSE:SO,0.09999839854529533
2022-07-28,12,AR1 alpha + Basic + One-Step,NYSE:SO,0.09999711109265724
2022-07-29,12,AR1 alpha + Basic + One-Step,NYSE:SO,0.09999687490464279
2022-08-01,12,AR1 alpha + Basic + One-Step,NYSE:SO,0.09999715328276772
2022-08-02,12,AR1 alpha + Basic + One-Step,NYSE:SO,0.09999753470796302
2022-08-03,12,AR1 alpha + Basic + One-Step,NYSE:SO,0.0999953688486842
2022-08-04,12,AR1 alpha + Basic + One-Step,NYSE:SO,0.09999498583203434
2022-08-05,12,AR1 alpha + Basic + One-Step,NYSE:SO,0.09999479159763325
2022-08-08,12,AR1 alpha + Basic + One-Step,NYSE:SO,0.09999593794367047
2022-08-09,12,AR1 alpha + Basic + One-Step,NYSE:SO,0.09999648025742228
2022-08-10,12,AR1 alpha + Basic + One-Step,NYSE:SO,0.09999695835614579
2022-08-11,12,AR1 alpha + Basic + One-Step,NYSE:SO,0.09999762826411436
2022-08-12,12,AR1 alpha + Basic + One-Step,NYSE:SO,0.09999798074357738
2022-08-15,12,AR1 alpha + Basic + One-Step,NYSE:SO,0.09999538937000609
2022-08-16,12,AR1 alpha + Basic + One-Step,NYSE:SO,0.09999593372736043
2022-08-17,12,AR1 alpha + Basic + One-Step,NYSE:SO,0.09999722148880429
2022-08-18,12,AR1 alpha + Basic + One-Step,NYSE:SO,0.09999733819182414
2022-08-19,12,AR1 alpha + Basic + One-Step,NYSE:SO,0.09999823490916494
2022-08-22,12,AR1 alpha + Basic + One-Step,NYSE:SO,0.09999495665688567
2022-08-23,12,AR1 alpha + Basic + One-Step,NYSE:SO,0.09999568058466309
2022-08-24,12,AR1 alpha + Basic + One-Step,NYSE:SO,0.09999748621237199
2022-08-25,12,AR1 alpha + Basic + One-Step,NYSE:SO,0.09999377936829247
2022-08-26,12,AR1 alpha + Basic + One-Step,NYSE:SO,0.09999042708890872
2022-08-29,12,AR1 alpha + Basic + One-Step,NYSE:SO,0.09999106776152583
2022-08-30,12,AR1 alpha + Basic + One-Step,NYSE:SO,0.09998985318961784
2022-08-31,12,AR1 alpha + Basic + One-Step,NYSE:SO,0.09998991426994217
2022-09-01,12,AR1 alpha + Basic + One-Step,NYSE:SO,0.09999316731104536
2022-09-02,12,AR1 alpha + Basic + One-Step,NYSE:SO,0.09999455021011726
2022-09-06,12,AR1 alpha + Basic + One-Step,NYSE:SO,0.09999552396145353
2022-09-07,12,AR1 alpha + Basic + One-Step,NYSE:SO,0.09999265869314876
2022-09-08,12,AR1 alpha + Basic + One-Step,NYSE:SO,0.09999458164404575
2022-09-09,12,AR1 alpha + Basic + One-Step,NYSE:SO,0.0999952507576806
2022-09-12,12,AR1 alpha + Basic + One-Step,NYSE:SO,0.09999670415058885
2022-09-13,12,AR1 alpha + Basic + One-Step,NYSE:SO,0.09999693646091158
2022-09-14,12,AR1 alpha + Basic + One-Step,NYSE:SO,0.09999792227473263
2022-09-15,12,AR1 alpha + Basic + One-Step,NYSE:SO,0.09999844515715461
2022-09-16,12,AR1 alpha + Basic + One-Step,NYSE:SO,0.09999892545304333
2022-09-19,12,AR1 alpha + Basic + One-Step,NYSE:SO,0.09999664950237364
2022-09-20,12,AR1 alpha + Basic + One-Step,NYSE:SO,0.0999983084952849
2022-09-21,12,AR1 alpha + Basic + One-Step,NYSE:SO,0.09999792193353936
2022-09-22,12,AR1 alpha + Basic + One-Step,NYSE:SO,0.09999857024812368
2022-09-23,12,AR1 alpha + Basic + One-Step,NYSE:SO,0.09999745647579741
2022-09-26,12,AR1 alpha + Basic + One-Step,NYSE:SO,0.09999830830154431
2022-09-27,12,AR1 alpha + Basic + One-Step,NYSE:SO,0.09999873678372152
2022-09-28,12,AR1 alpha + Basic + One-Step,NYSE:SO,0.09999843626403866
2022-09-29,12,AR1 alpha + Basic + One-Step,NYSE:SO,0.09999880350791654
2022-09-30,12,AR1 alpha + Basic + One-Step,NYSE:SO,0.0999984203827453
2022-10-03,12,AR1 alpha + Basic + One-Step,NYSE:SO,0.09999276663230804
2022-10-04,12,AR1 alpha + Basic + One-Step,NYSE:SO,0.09999396459749539
2022-10-05,12,AR1 alpha + Basic + One-Step,NYSE:SO,0.0999957569768152
2022-10-06,12,AR1 alpha + Basic + One-Step,NYSE:SO,0.09999332522704277
2022-10-07,12,AR1 alpha + Basic + One-Step,NYSE:SO,0.09999996448138586
2022-10-10,12,AR1 alpha + Basic + One-Step,NYSE:SO,0.09999977134776866
2022-10-11,12,AR1 alpha + Basic + One-Step,NYSE:SO,0.09999951244082157
2022-10-12,12,AR1 alpha + Basic + One-Step,NYSE:SO,0.0999996930880847
2022-10-13,12,AR1 alpha + Basic + One-Step,NYSE:SO,0.09999979167740156
2022-10-14,12,AR1 alpha + Basic + One-Step,NYSE:SO,0.1000003380003556
2022-10-17,12,AR1 alpha + Basic + One-Step,NYSE:SO,0.0999883484071641
2022-10-18,12,AR1 alpha + Basic + One-Step,NYSE:SO,0.09998918190121314
2022-10-19,12,AR1 alpha + Basic + One-Step,NYSE:SO,0.09999280228960238
2022-10-20,12,AR1 alpha + Basic + One-Step,NYSE:SO,0.09999517405035532
2022-10-21,12,AR1 alpha + Basic + One-Step,NYSE:SO,0.09999660722693952
2022-10-24,12,AR1 alpha + Basic + One-Step,NYSE:SO,0.09999744506143533
2022-10-25,12,AR1 alpha + Basic + One-Step,NYSE:SO,0.09998518676268368
2022-10-26,12,AR1 alpha + Basic + One-Step,NYSE:SO,0.09997879462297572
2022-10-27,12,AR1 alpha + Basic + One-Step,NYSE:SO,0.09998573427001617
2022-10-28,12,AR1 alpha + Basic + One-Step,NYSE:SO,0.061501118510532665
2022-10-31,12,AR1 alpha + Basic + One-Step,NYSE:SO,0.10000010008071278
2022-11-01,12,AR1 alpha + Basic + One-Step,NYSE:SO,0.09999427798472811
2022-11-02,12,AR1 alpha + Basic + One-Step,NYSE:SO,0.09999744243166345
2022-11-03,12,AR1 alpha + Basic + One-Step,NYSE:SO,0.1000002005120711
2022-11-04,12,AR1 alpha + Basic + One-Step,NYSE:SO,0.10000111847927469
2022-11-07,12,AR1 alpha + Basic + One-Step,NYSE:SO,0.10000026945459488
2022-11-08,12,AR1 alpha + Basic + One-Step,NYSE:SO,0.09999574061506608
2022-11-09,12,AR1 alpha + Basic + One-Step,NYSE:SO,0.09999135324378687
2022-11-10,12,AR1 alpha + Basic + One-Step,NYSE:SO,0.09999415683158948
2022-11-11,12,AR1 alpha + Basic + One-Step,NYSE:SO,0.09999617959842984
2022-11-14,12,AR1 alpha + Basic + One-Step,NYSE:SO,0.09998794835656516
2022-11-15,12,AR1 alpha + Basic + One-Step,NYSE:SO,0.09998629162408104
2022-11-16,12,AR1 alpha + Basic + One-Step,NYSE:SO,0.09999052329964653
2022-11-17,12,AR1 alpha + Basic + One-Step,NYSE:SO,0.09998834584936911
2022-11-18,12,AR1 alpha + Basic + One-Step,NYSE:SO,0.09999368748583662
2022-11-21,12,AR1 alpha + Basic + One-Step,NYSE:SO,0.09999666429057433
2022-11-22,12,AR1 alpha + Basic + One-Step,NYSE:SO,0.09999746877326843
2022-11-23,12,AR1 alpha + Basic + One-Step,NYSE:SO,0.09999810940569878
2022-11-25,12,AR1 alpha + Basic + One-Step,NYSE:SO,0.09999843768050329
2022-11-28,12,AR1 alpha + Basic + One-Step,NYSE:SO,0.09999821440962378
2022-11-29,12,AR1 alpha + Basic + One-Step,NYSE:SO,0.09999720129660873
2022-11-30,12,AR1 alpha + Basic + One-Step,NYSE:SO,0.09999850314927622
2022-12-01,12,AR1 alpha + Basic + One-Step,NYSE:SO,0.09999836803715208
2022-12-02,12,AR1 alpha + Basic + One-Step,NYSE:SO,0.0999907391948218
2022-12-05,12,AR1 alpha + Basic + One-Step,NYSE:SO,0.09999374410801297
2022-12-06,12,AR1 alpha + Basic + One-Step,NYSE:SO,0.09999429903992268
2022-12-07,12,AR1 alpha + Basic + One-Step,NYSE:SO,0.09999462748546212
2022-12-08,12,AR1 alpha + Basic + One-Step,NYSE:SO,0.09999443705403063
2022-12-09,12,AR1 alpha + Basic + One-Step,NYSE:SO,0.0999932414308834
2022-12-12,12,AR1 alpha + Basic + One-Step,NYSE:SO,0.09999628110895586
2022-12-13,12,AR1 alpha + Basic + One-Step,NYSE:SO,0.09999606058266472
2022-12-14,12,AR1 alpha + Basic + One-Step,NYSE:SO,0.09999820458799777
2022-12-15,12,AR1 alpha + Basic + One-Step,NYSE:SO,0.09999417063868292
2022-12-16,12,AR1 alpha + Basic + One-Step,NYSE:SO,0.09999417279732915
2022-12-19,12,AR1 alpha + Basic + One-Step,NYSE:SO,0.09999453592061912
2022-12-20,12,AR1 alpha + Basic + One-Step,NYSE:SO,0.09999636066975479
2022-12-21,12,AR1 alpha + Basic + One-Step,NYSE:SO,0.09999792991226006
2022-12-22,12,AR1 alpha + Basic + One-Step,NYSE:SO,0.09999838431025115
2022-12-23,12,AR1 alpha + Basic + One-Step,NYSE:SO,0.09999880104911091
2022-12-27,12,AR1 alpha + Basic + One-Step,NYSE:SO,0.09999982505967046
2022-12-28,12,AR1 alpha + Basic + One-Step,NYSE:SO,0.09999711084619387
2022-12-29,12,AR1 alpha + Basic + One-Step,NYSE:SO,0.09999808153826985
2022-12-30,12,AR1 alpha + Basic + One-Step,NYSE:SO,0.09999589102820625
2023-01-03,12,AR1 alpha + Basic + One-Step,NYSE:SO,0.09999752778548852
2023-01-04,12,AR1 alpha + Basic + One-Step,NYSE:SO,0.09999804459802779
2023-01-05,12,AR1 alpha + Basic + One-Step,NYSE:SO,0.09999562529726866
2023-01-06,12,AR1 alpha + Basic + One-Step,NYSE:SO,0.0999970585081332
2023-01-09,12,AR1 alpha + Basic + One-Step,NYSE:SO,0.09999585175940531
2023-01-10,12,AR1 alpha + Basic + One-Step,NYSE:SO,0.0999954353019241
2023-01-11,12,AR1 alpha + Basic + One-Step,NYSE:SO,0.09999697456846893
2023-01-12,12,AR1 alpha + Basic + One-Step,NYSE:SO,0.0999963936866713
2023-01-13,12,AR1 alpha + Basic + One-Step,NYSE:SO,0.09999761041970995
2023-01-17,12,AR1 alpha + Basic + One-Step,NYSE:SO,0.09999523188629877
2023-01-18,12,AR1 alpha + Basic + One-Step,NYSE:SO,0.09999050712992306
2023-01-19,12,AR1 alpha + Basic + One-Step,NYSE:SO,0.09998959023555687
2023-01-20,12,AR1 alpha + Basic + One-Step,NYSE:SO,0.09999424704145524
2023-01-23,12,AR1 alpha + Basic + One-Step,NYSE:SO,0.099995869462541
2023-01-24,12,AR1 alpha + Basic + One-Step,NYSE:SO,0.09998853116586445
2023-01-25,12,AR1 alpha + Basic + One-Step,NYSE:SO,0.09999342774017796
2023-01-26,12,AR1 alpha + Basic + One-Step,NYSE:SO,0.0999954467653728
2023-01-27,12,AR1 alpha + Basic + One-Step,NYSE:SO,0.09027267648836053
2023-01-30,12,AR1 alpha + Basic + One-Step,NYSE:SO,0.09300967420910565
2023-01-31,12,AR1 alpha + Basic + One-Step,NYSE:SO,0.030371255613808452
2023-02-01,12,AR1 alpha + Basic + One-Step,NYSE:SO,0.0010274126468375073
2023-02-02,12,AR1 alpha + Basic + One-Step,NYSE:SO,5.858247639842736e-06
2023-02-03,12,AR1 alpha + Basic + One-Step,NYSE:SO,0.0034806190940356208
2023-02-06,12,AR1 alpha + Basic + One-Step,NYSE:SO,0.025415009148221826
2023-02-07,12,AR1 alpha + Basic + One-Step,NYSE:SO,0.060136166858346
2023-02-08,12,AR1 alpha + Basic + One-Step,NYSE:SO,0.09999932686764906
2023-02-09,12,AR1 alpha + Basic + One-Step,NYSE:SO,0.0999894574029878
2023-02-10,12,AR1 alpha + Basic + One-Step,NYSE:SO,0.04677731788057829
2023-02-13,12,AR1 alpha + Basic + One-Step,NYSE:SO,0.04042515595305687
2023-02-14,12,AR1 alpha + Basic + One-Step,NYSE:SO,0.0673020209215352
2023-02-15,12,AR1 alpha + Basic + One-Step,NYSE:SO,0.09780789693431502
2023-02-16,12,AR1 alpha + Basic + One-Step,NYSE:SO,0.08650747956942094
2023-02-17,12,AR1 alpha + Basic + One-Step,NYSE:SO,0.09999983427365573
2023-02-21,12,AR1 alpha + Basic + One-Step,NYSE:SO,0.07021535362218587
2023-02-22,12,AR1 alpha + Basic + One-Step,NYSE:SO,0.0696760512458204
2023-02-23,12,AR1 alpha + Basic + One-Step,NYSE:SO,0.09999997198748838
2023-02-24,12,AR1 alpha + Basic + One-Step,NYSE:SO,0.09998877717998061
2023-02-27,12,AR1 alpha + Basic + One-Step,NYSE:SO,0.09999234476453234
2023-02-28,12,AR1 alpha + Basic + One-Step,NYSE:SO,0.09999496131133415
2023-03-01,12,AR1 alpha + Basic + One-Step,NYSE:SO,0.09999714661094246
2023-03-02,12,AR1 alpha + Basic + One-Step,NYSE:SO,0.06301218288729508
2023-03-03,12,AR1 alpha + Basic + One-Step,NYSE:SO,0.0126329664585456
2023-03-06,12,AR1 alpha + Basic + One-Step,NYSE:SO,0.021763161834317226
2023-03-07,12,AR1 alpha + Basic + One-Step,NYSE:SO,0.027808215443666157
2023-03-08,12,AR1 alpha + Basic + One-Step,NYSE:SO,0.016724361408273235
2023-03-09,12,AR1 alpha + Basic + One-Step,NYSE:SO,0.0
2023-03-10,12,AR1 alpha + Basic + One-Step,NYSE:SO,5.6434367635234814e-09
2023-03-13,12,AR1 alpha + Basic + One-Step,NYSE:SO,1.8589424309806258e-07
2023-03-14,12,AR1 alpha + Basic + One-Step,NYSE:SO,0.0
2023-03-15,12,AR1 alpha + Basic + One-Step,NYSE:SO,1.0190316924822389e-07
2023-03-16,12,AR1 alpha + Basic + One-Step,NYSE:SO,2.756694379568521e-07
2023-03-17,12,AR1 alpha + Basic + One-Step,NYSE:SO,0.007136491236627367
2023-03-20,12,AR1 alpha + Basic + One-Step,NYSE:SO,0.008092779458950669
2023-03-21,12,AR1 alpha + Basic + One-Step,NYSE:SO,0.1000002556906887
2023-03-22,12,AR1 alpha + Basic + One-Step,NYSE:SO,0.08454668891204116
2023-03-23,12,AR1 alpha + Basic + One-Step,NYSE:SO,0.0884638062912115
2023-03-24,12,AR1 alpha + Basic + One-Step,NYSE:SO,0.10000003882990939
2023-03-27,12,AR1 alpha + Basic + One-Step,NYSE:SO,0.0999937665152077
2023-03-28,12,AR1 alpha + Basic + One-Step,NYSE:SO,0.07974068158773356
2023-03-29,12,AR1 alpha + Basic + One-Step,NYSE:SO,0.06343043227450967
2023-03-30,12,AR1 alpha + Basic + One-Step,NYSE:SO,0.06342922148168519
2023-03-31,12,AR1 alpha + Basic + One-Step,NYSE:SO,0.014597930567359479
2023-04-03,12,AR1 alpha + Basic + One-Step,NYSE:SO,0.014594607682754824
2023-04-04,12,AR1 alpha + Basic + One-Step,NYSE:SO,0.0480804539697117
2023-04-05,12,AR1 alpha + Basic + One-Step,NYSE:SO,0.024206915206588856
2023-04-06,12,AR1 alpha + Basic + One-Step,NYSE:SO,0.014304921748360826
2023-04-10,12,AR1 alpha + Basic + One-Step,NYSE:SO,0.031032950323672537
2023-04-11,12,AR1 alpha + Basic + One-Step,NYSE:SO,0.03533468880485466
2023-04-12,12,AR1 alpha + Basic + One-Step,NYSE:SO,0.03292961043487101
2023-04-13,12,AR1 alpha + Basic + One-Step,NYSE:SO,0.03067800824769008
2023-04-14,12,AR1 alpha + Basic + One-Step,NYSE:SO,0.022788207321272153
2023-04-17,12,AR1 alpha + Basic + One-Step,NYSE:SO,0.008333186519986711
2023-04-18,12,AR1 alpha + Basic + One-Step,NYSE:SO,0.03077509392215119
2023-04-19,12,AR1 alpha + Basic + One-Step,NYSE:SO,0.022019491866792727
2023-04-20,12,AR1 alpha + Basic + One-Step,NYSE:SO,0.07947783079443387
2023-04-21,12,AR1 alpha + Basic + One-Step,NYSE:SO,0.09322084369024204
2023-04-24,12,AR1 alpha + Basic + One-Step,NYSE:SO,0.09998850723684392
2023-04-25,12,AR1 alpha + Basic + One-Step,NYSE:SO,0.06157915879762649
2023-04-26,12,AR1 alpha + Basic + One-Step,NYSE:SO,0.05756987501868134
2023-04-27,12,AR1 alpha + Basic + One-Step,NYSE:SO,0.10000434368411205
2023-04-28,12,AR1 alpha + Basic + One-Step,NYSE:SO,0.09555411097603149
2023-05-01,12,AR1 alpha + Basic + One-Step,NYSE:SO,0.10000005414319627
2023-05-02,12,AR1 alpha + Basic + One-Step,NYSE:SO,0.10000008184386665
2023-05-03,12,AR1 alpha + Basic + One-Step,NYSE:SO,0.0999984260265245
2023-05-04,12,AR1 alpha + Basic + One-Step,NYSE:SO,0.09999611223472883
2023-05-05,12,AR1 alpha + Basic + One-Step,NYSE:SO,0.09999763659945712
2023-05-08,12,AR1 alpha + Basic + One-Step,NYSE:SO,0.09999861818787985
2023-05-09,12,AR1 alpha + Basic + One-Step,NYSE:SO,0.09999909501576694
2023-05-10,12,AR1 alpha + Basic + One-Step,NYSE:SO,0.09999898576906648
2023-05-11,12,AR1 alpha + Basic + One-Step,NYSE:SO,0.09999978939858926
2023-05-12,12,AR1 alpha + Basic + One-Step,NYSE:SO,0.05961848766866656
2023-05-15,12,AR1 alpha + Basic + One-Step,NYSE:SO,0.007177401566651404
2023-05-16,12,AR1 alpha + Basic + One-Step,NYSE:SO,0.004708136499313612
2023-05-17,12,AR1 alpha + Basic + One-Step,NYSE:SO,0.0
2023-05-18,12,AR1 alpha + Basic + One-Step,NYSE:SO,0.0
2023-05-19,12,AR1 alpha + Basic + One-Step,NYSE:SO,0.0
2023-05-22,12,AR1 alpha + Basic + One-Step,NYSE:SO,0.0
2023-05-23,12,AR1 alpha + Basic + One-Step,NYSE:SO,0.0
2023-05-24,12,AR1 alpha + Basic + One-Step,NYSE:SO,0.0
2023-05-25,12,AR1 alpha + Basic + One-Step,NYSE:SO,0.0
2023-05-26,12,AR1 alpha + Basic + One-Step,NYSE:SO,0.0
2023-05-30,12,AR1 alpha + Basic + One-Step,NYSE:SO,0.0
2023-05-31,12,AR1 alpha + Basic + One-Step,NYSE:SO,0.0
2023-06-01,12,AR1 alpha + Basic + One-Step,NYSE:SO,0.0
2023-06-02,12,AR1 alpha + Basic + One-Step,NYSE:SO,0.0
2023-06-05,12,AR1 alpha + Basic + One-Step,NYSE:SO,0.0
2023-06-06,12,AR1 alpha + Basic + One-Step,NYSE:SO,2.216213744588275e-06
2023-06-07,12,AR1 alpha + Basic + One-Step,NYSE:SO,1.5721737648791858e-06
2023-06-08,12,AR1 alpha + Basic + One-Step,NYSE:SO,1.1258353915970577e-06
2023-06-09,12,AR1 alpha + Basic + One-Step,NYSE:SO,2.2711456338277888e-06
2023-06-12,12,AR1 alpha + Basic + One-Step,NYSE:SO,4.807982305816208e-08
2023-06-13,12,AR1 alpha + Basic + One-Step,NYSE:SO,1.7511135255838648e-07
2023-06-14,12,AR1 alpha + Basic + One-Step,NYSE:SO,2.404964818404504e-07
2023-06-15,12,AR1 alpha + Basic + One-Step,NYSE:SO,0.0
2023-06-16,12,AR1 alpha + Basic + One-Step,NYSE:SO,3.831108414008848e-08
2023-06-20,12,AR1 alpha + Basic + One-Step,NYSE:SO,0.0
2023-06-21,12,AR1 alpha + Basic + One-Step,NYSE:SO,0.0
2023-06-22,12,AR1 alpha + Basic + One-Step,NYSE:SO,0.0
2023-06-23,12,AR1 alpha + Basic + One-Step,NYSE:SO,0.0
2023-06-26,12,AR1 alpha + Basic + One-Step,NYSE:SO,7.37626849236696e-07
2023-06-27,12,AR1 alpha + Basic + One-Step,NYSE:SO,0.0
2023-06-28,12,AR1 alpha + Basic + One-Step,NYSE:SO,0.0
2023-06-29,12,AR1 alpha + Basic + One-Step,NYSE:SO,0.0
2023-06-30,12,AR1 alpha + Basic + One-Step,NYSE:SO,0.0
2023-07-03,12,AR1 alpha + Basic + One-Step,NYSE:SO,0.0
2023-07-05,12,AR1 alpha + Basic + One-Step,NYSE:SO,2.596080478195553e-06
2023-07-06,12,AR1 alpha + Basic + One-Step,NYSE:SO,0.0
2023-07-07,12,AR1 alpha + Basic + One-Step,NYSE:SO,0.0
2023-07-10,12,AR1 alpha + Basic + One-Step,NYSE:SO,2.989139559484258e-06
2023-07-11,12,AR1 alpha + Basic + One-Step,NYSE:SO,0.0
2023-07-12,12,AR1 alpha + Basic + One-Step,NYSE:SO,0.0
2023-07-13,12,AR1 alpha + Basic + One-Step,NYSE:SO,0.0
2023-07-14,12,AR1 alpha + Basic + One-Step,NYSE:SO,2.3747937627595663e-07
2023-07-17,12,AR1 alpha + Basic + One-Step,NYSE:SO,1.0703179503826506e-06
2023-07-18,12,AR1 alpha + Basic + One-Step,NYSE:SO,1.9367250202843974e-06
2023-07-19,12,AR1 alpha + Basic + One-Step,NYSE:SO,0.0
2023-07-20,12,AR1 alpha + Basic + One-Step,NYSE:SO,1.0279582656847811e-22
2023-07-21,12,AR1 alpha + Basic + One-Step,NYSE:SO,0.0
2023-07-24,12,AR1 alpha + Basic + One-Step,NYSE:SO,0.0
2023-07-25,12,AR1 alpha + Basic + One-Step,NYSE:SO,0.0
2023-07-26,12,AR1 alpha + Basic + One-Step,NYSE:SO,0.0
2023-07-27,12,AR1 alpha + Basic + One-Step,NYSE:SO,0.0
2023-07-28,12,AR1 alpha + Basic + One-Step,NYSE:SO,0.0
2023-07-31,12,AR1 alpha + Basic + One-Step,NYSE:SO,0.0
2023-08-01,12,AR1 alpha + Basic + One-Step,NYSE:SO,0.0
2023-08-02,12,AR1 alpha + Basic + One-Step,NYSE:SO,0.0
2023-08-03,12,AR1 alpha + Basic + One-Step,NYSE:SO,0.0
2023-08-04,12,AR1 alpha + Basic + One-Step,NYSE:SO,0.0
2023-08-07,12,AR1 alpha + Basic + One-Step,NYSE:SO,0.0
2023-08-08,12,AR1 alpha + Basic + One-Step,NYSE:SO,0.0
2023-08-09,12,AR1 alpha + Basic + One-Step,NYSE:SO,0.0
2023-08-10,12,AR1 alpha + Basic + One-Step,NYSE:SO,0.0
2023-08-11,12,AR1 alpha + Basic + One-Step,NYSE:SO,5.847780004461802e-07
2023-08-14,12,AR1 alpha + Basic + One-Step,NYSE:SO,0.0
2023-08-15,12,AR1 alpha + Basic + One-Step,NYSE:SO,0.0
2023-08-16,12,AR1 alpha + Basic + One-Step,NYSE:SO,0.0
2023-08-17,12,AR1 alpha + Basic + One-Step,NYSE:SO,0.0
2023-08-18,12,AR1 alpha + Basic + One-Step,NYSE:SO,0.0
2023-08-21,12,AR1 alpha + Basic + One-Step,NYSE:SO,0.0
2023-08-22,12,AR1 alpha + Basic + One-Step,NYSE:SO,0.0
2023-08-23,12,AR1 alpha + Basic + One-Step,NYSE:SO,1.5815348885300746e-07
2023-08-24,12,AR1 alpha + Basic + One-Step,NYSE:SO,0.0
2023-08-25,12,AR1 alpha + Basic + One-Step,NYSE:SO,1.9858668578118717e-07
2023-08-28,12,AR1 alpha + Basic + One-Step,NYSE:SO,0.0
2023-08-29,12,AR1 alpha + Basic + One-Step,NYSE:SO,0.0
2023-08-30,12,AR1 alpha + Basic + One-Step,NYSE:SO,0.0
2023-08-31,12,AR1 alpha + Basic + One-Step,NYSE:SO,2.9813351381624685e-09
2023-09-01,12,AR1 alpha + Basic + One-Step,NYSE:SO,0.0
2023-09-05,12,AR1 alpha + Basic + One-Step,NYSE:SO,0.0
2023-09-06,12,AR1 alpha + Basic + One-Step,NYSE:SO,1.539593166549604e-08
2023-09-07,12,AR1 alpha + Basic + One-Step,NYSE:SO,2.2219929310846033e-06
2023-09-08,12,AR1 alpha + Basic + One-Step,NYSE:SO,2.9270567566605715e-06
2023-09-11,12,AR1 alpha + Basic + One-Step,NYSE:SO,1.7897314321545548e-06
2023-09-12,12,AR1 alpha + Basic + One-Step,NYSE:SO,4.64662755682239e-06
2023-09-13,12,AR1 alpha + Basic + One-Step,NYSE:SO,0.0
2023-09-14,12,AR1 alpha + Basic + One-Step,NYSE:SO,0.0
2023-09-15,12,AR1 alpha + Basic + One-Step,NYSE:SO,0.0
2023-09-18,12,AR1 alpha + Basic + One-Step,NYSE:SO,0.0
2023-09-19,12,AR1 alpha + Basic + One-Step,NYSE:SO,1.3220642287903734e-08
2023-09-20,12,AR1 alpha + Basic + One-Step,NYSE:SO,0.0
2023-09-21,12,AR1 alpha + Basic + One-Step,NYSE:SO,0.0
2023-09-22,12,AR1 alpha + Basic + One-Step,NYSE:SO,0.0
2023-09-25,12,AR1 alpha + Basic + One-Step,NYSE:SO,0.0
2023-09-26,12,AR1 alpha + Basic + One-Step,NYSE:SO,0.0
2023-09-27,12,AR1 alpha + Basic + One-Step,NYSE:SO,0.0
2023-09-28,12,AR1 alpha + Basic + One-Step,NYSE:SO,6.705700566640052e-08
2023-09-29,12,AR1 alpha + Basic + One-Step,NYSE:SO,4.853903066327173e-08
2023-10-02,12,AR1 alpha + Basic + One-Step,NYSE:SO,0.0
2023-10-03,12,AR1 alpha + Basic + One-Step,NYSE:SO,0.0
2023-10-04,12,AR1 alpha + Basic + One-Step,NYSE:SO,0.0
2023-10-05,12,AR1 alpha + Basic + One-Step,NYSE:SO,0.0
2023-10-06,12,AR1 alpha + Basic + One-Step,NYSE:SO,0.0
2023-10-09,12,AR1 alpha + Basic + One-Step,NYSE:SO,1.2831640877984433e-07
2023-10-10,12,AR1 alpha + Basic + One-Step,NYSE:SO,0.0
2023-10-11,12,AR1 alpha + Basic + One-Step,NYSE:SO,2.0902180504646913e-08
2023-10-12,12,AR1 alpha + Basic + One-Step,NYSE:SO,0.0
2023-10-13,12,AR1 alpha + Basic + One-Step,NYSE:SO,0.0
2023-10-16,12,AR1 alpha + Basic + One-Step,NYSE:SO,1.944703027949253e-08
2023-10-17,12,AR1 alpha + Basic + One-Step,NYSE:SO,1.1584128054371628e-06
2023-10-18,12,AR1 alpha + Basic + One-Step,NYSE:SO,0.0
2023-10-19,12,AR1 alpha + Basic + One-Step,NYSE:SO,0.0
2023-10-20,12,AR1 alpha + Basic + One-Step,NYSE:SO,0.0
2023-10-23,12,AR1 alpha + Basic + One-Step,NYSE:SO,0.0
2023-10-24,12,AR1 alpha + Basic + One-Step,NYSE:SO,0.0
2023-10-25,12,AR1 alpha + Basic + One-Step,NYSE:SO,0.0
2023-10-26,12,AR1 alpha + Basic + One-Step,NYSE:SO,0.0
2023-10-27,12,AR1 alpha + Basic + One-Step,NYSE:SO,0.0
2023-10-30,12,AR1 alpha + Basic + One-Step,NYSE:SO,3.1779691522875015e-08
2023-10-31,12,AR1 alpha + Basic + One-Step,NYSE:SO,4.2648257808770997e-07
2023-11-01,12,AR1 alpha + Basic + One-Step,NYSE:SO,0.09999971877902038
2023-11-02,12,AR1 alpha + Basic + One-Step,NYSE:SO,0.09999704242838889
2023-11-03,12,AR1 alpha + Basic + One-Step,NYSE:SO,0.06703418135137706
2023-11-06,12,AR1 alpha + Basic + One-Step,NYSE:SO,0.023541046366986087
2023-11-07,12,AR1 alpha + Basic + One-Step,NYSE:SO,0.018593899612127707
2023-11-08,12,AR1 alpha + Basic + One-Step,NYSE:SO,5.663338056645141e-08
2023-11-09,12,AR1 alpha + Basic + One-Step,NYSE:SO,0.0
2023-11-10,12,AR1 alpha + Basic + One-Step,NYSE:SO,0.0
2023-11-13,12,AR1 alpha + Basic + One-Step,NYSE:SO,0.0
2023-11-14,12,AR1 alpha + Basic + One-Step,NYSE:SO,0.03430878590357012
2023-11-15,12,AR1 alpha + Basic + One-Step,NYSE:SO,0.0
2023-11-16,12,AR1 alpha + Basic + One-Step,NYSE:SO,0.099999643640745
2023-11-17,12,AR1 alpha + Basic + One-Step,NYSE:SO,0.03996766270059526
2023-11-20,12,AR1 alpha + Basic + One-Step,NYSE:SO,0.0
2023-11-21,12,AR1 alpha + Basic + One-Step,NYSE:SO,4.528554399647218e-09
2023-11-22,12,AR1 alpha + Basic + One-Step,NYSE:SO,0.0
2023-11-24,12,AR1 alpha + Basic + One-Step,NYSE:SO,3.5068184672975656e-08
2023-11-27,12,AR1 alpha + Basic + One-Step,NYSE:SO,0.0
2023-11-28,12,AR1 alpha + Basic + One-Step,NYSE:SO,0.04769161325326564
2023-11-29,12,AR1 alpha + Basic + One-Step,NYSE:SO,0.038563763842975544
2023-11-30,12,AR1 alpha + Basic + One-Step,NYSE:SO,0.03667332740977149
2023-12-01,12,AR1 alpha + Basic + One-Step,NYSE:SO,0.04598707264329319
2023-12-04,12,AR1 alpha + Basic + One-Step,NYSE:SO,0.0
2023-12-05,12,AR1 alpha + Basic + One-Step,NYSE:SO,0.0
2023-12-06,12,AR1 alpha + Basic + One-Step,NYSE:SO,0.06688042583658547
2023-12-07,12,AR1 alpha + Basic + One-Step,NYSE:SO,0.0
2023-12-08,12,AR1 alpha + Basic + One-Step,NYSE:SO,0.0
2023-12-11,12,AR1 alpha + Basic + One-Step,NYSE:SO,0.0
2023-12-12,12,AR1 alpha + Basic + One-Step,NYSE:SO,0.0
2023-12-13,12,AR1 alpha + Basic + One-Step,NYSE:SO,0.0
2023-12-14,12,AR1 alpha + Basic + One-Step,NYSE:SO,0.0
2023-12-15,12,AR1 alpha + Basic + One-Step,NYSE:SO,0.0
2023-12-18,12,AR1 alpha + Basic + One-Step,NYSE:SO,0.0
2023-12-19,12,AR1 alpha + Basic + One-Step,NYSE:SO,0.0
2023-12-20,12,AR1 alpha + Basic + One-Step,NYSE:SO,0.0
2023-12-21,12,AR1 alpha + Basic + One-Step,NYSE:SO,0.0
2023-12-22,12,AR1 alpha + Basic + One-Step,NYSE:SO,4.944717549273284e-07
2023-12-26,12,AR1 alpha + Basic + One-Step,NYSE:SO,0.0
2023-12-27,12,AR1 alpha + Basic + One-Step,NYSE:SO,1.436175047700526e-08
2023-12-28,12,AR1 alpha + Basic + One-Step,NYSE:SO,0.0
2023-12-29,12,AR1 alpha + Basic + One-Step,NYSE:SO,0.0
2024-01-02,12,AR1 alpha + Basic + One-Step,NYSE:SO,0.0
2024-01-03,12,AR1 alpha + Basic + One-Step,NYSE:SO,0.0
2024-01-04,12,AR1 alpha + Basic + One-Step,NYSE:SO,0.0
2024-01-05,12,AR1 alpha + Basic + One-Step,NYSE:SO,0.0
2024-01-08,12,AR1 alpha + Basic + One-Step,NYSE:SO,0.0
2024-01-09,12,AR1 alpha + Basic + One-Step,NYSE:SO,0.0
2024-01-10,12,AR1 alpha + Basic + One-Step,NYSE:SO,0.0
2024-01-11,12,AR1 alpha + Basic + One-Step,NYSE:SO,2.603831407020885e-07
2024-01-12,12,AR1 alpha + Basic + One-Step,NYSE:SO,1.3274387346989873e-23
2024-01-16,12,AR1 alpha + Basic + One-Step,NYSE:SO,0.0
2024-01-17,12,AR1 alpha + Basic + One-Step,NYSE:SO,0.0
2024-01-18,12,AR1 alpha + Basic + One-Step,NYSE:SO,6.582380237888387e-07
2024-01-19,12,AR1 alpha + Basic + One-Step,NYSE:SO,0.0
2024-01-22,12,AR1 alpha + Basic + One-Step,NYSE:SO,0.0
2024-01-23,12,AR1 alpha + Basic + One-Step,NYSE:SO,0.0
2024-01-24,12,AR1 alpha + Basic + One-Step,NYSE:SO,1.7811008040924484e-07
2024-01-25,12,AR1 alpha + Basic + One-Step,NYSE:SO,4.904840886763215e-08
2024-01-26,12,AR1 alpha + Basic + One-Step,NYSE:SO,0.0
2024-01-29,12,AR1 alpha + Basic + One-Step,NYSE:SO,0.0
2024-01-30,12,AR1 alpha + Basic + One-Step,NYSE:SO,0.0
2024-01-31,12,AR1 alpha + Basic + One-Step,NYSE:SO,0.0
2024-02-01,12,AR1 alpha + Basic + One-Step,NYSE:SO,0.0
2024-02-02,12,AR1 alpha + Basic + One-Step,NYSE:SO,0.0
2024-02-05,12,AR1 alpha + Basic + One-Step,NYSE:SO,0.0
2024-02-06,12,AR1 alpha + Basic + One-Step,NYSE:SO,0.0
2024-02-07,12,AR1 alpha + Basic + One-Step,NYSE:SO,4.809831003737966e-08
2024-02-08,12,AR1 alpha + Basic + One-Step,NYSE:SO,3.704123119132281e-08
2024-02-09,12,AR1 alpha + Basic + One-Step,NYSE:SO,7.207840837279918e-07
2024-02-12,12,AR1 alpha + Basic + One-Step,NYSE:SO,0.02972178117532124
2024-02-13,12,AR1 alpha + Basic + One-Step,NYSE:SO,0.0
2024-02-14,12,AR1 alpha + Basic + One-Step,NYSE:SO,0.0
2024-02-15,12,AR1 alpha + Basic + One-Step,NYSE:SO,7.71557725939714e-09
2024-02-16,12,AR1 alpha + Basic + One-Step,NYSE:SO,0.0
2024-02-20,12,AR1 alpha + Basic + One-Step,NYSE:SO,0.028023134405738035
2024-02-21,12,AR1 alpha + Basic + One-Step,NYSE:SO,0.09373564893669264
2024-02-22,12,AR1 alpha + Basic + One-Step,NYSE:SO,0.0
2024-02-23,12,AR1 alpha + Basic + One-Step,NYSE:SO,0.0
2024-02-26,12,AR1 alpha + Basic + One-Step,NYSE:SO,0.0
2024-02-27,12,AR1 alpha + Basic + One-Step,NYSE:SO,0.0
2024-02-28,12,AR1 alpha + Basic + One-Step,NYSE:SO,0.0
2024-02-29,12,AR1 alpha + Basic + One-Step,NYSE:SO,0.0
2024-03-01,12,AR1 alpha + Basic + One-Step,NYSE:SO,0.0
2024-03-04,12,AR1 alpha + Basic + One-Step,NYSE:SO,0.0
2024-03-05,12,AR1 alpha + Basic + One-Step,NYSE:SO,0.0
2024-03-06,12,AR1 alpha + Basic + One-Step,NYSE:SO,0.0
2024-03-07,12,AR1 alpha + Basic + One-Step,NYSE:SO,0.0
2024-03-08,12,AR1 alpha + Basic + One-Step,NYSE:SO,0.0
2024-03-11,12,AR1 alpha + Basic + One-Step,NYSE:SO,0.0
2024-03-12,12,AR1 alpha + Basic + One-Step,NYSE:SO,0.0
2024-03-13,12,AR1 alpha + Basic + One-Step,NYSE:SO,0.0
2024-03-14,12,AR1 alpha + Basic + One-Step,NYSE:SO,2.025901491157172e-07
2024-03-15,12,AR1 alpha + Basic + One-Step,NYSE:SO,2.3140657056720791e-07
2024-03-18,12,AR1 alpha + Basic + One-Step,NYSE:SO,0.0
2024-03-19,12,AR1 alpha + Basic + One-Step,NYSE:SO,0.0
2024-03-20,12,AR1 alpha + Basic + One-Step,NYSE:SO,0.0
2024-03-21,12,AR1 alpha + Basic + One-Step,NYSE:SO,5.970911710500218e-08
2024-03-22,12,AR1 alpha + Basic + One-Step,NYSE:SO,1.1223459907658741e-08
2024-03-25,12,AR1 alpha + Basic + One-Step,NYSE:SO,0.0
2024-03-26,12,AR1 alpha + Basic + One-Step,NYSE:SO,0.0
2024-03-27,12,AR1 alpha + Basic + One-Step,NYSE:SO,0.0
2024-03-28,12,AR1 alpha + Basic + One-Step,NYSE:SO,0.0
2024-04-01,12,AR1 alpha + Basic + One-Step,NYSE:SO,1.4492779371683583e-06
2024-04-02,12,AR1 alpha + Basic + One-Step,NYSE:SO,0.0
2024-04-03,12,AR1 alpha + Basic + One-Step,NYSE:SO,0.0
2024-04-04,12,AR1 alpha + Basic + One-Step,NYSE:SO,0.0
2024-04-05,12,AR1 alpha + Basic + One-Step,NYSE:SO,0.0
2024-04-08,12,AR1 alpha + Basic + One-Step,NYSE:SO,0.0
2024-04-09,12,AR1 alpha + Basic + One-Step,NYSE:SO,0.0
2024-04-10,12,AR1 alpha + Basic + One-Step,NYSE:SO,8.638753310528647e-07
2024-04-11,12,AR1 alpha + Basic + One-Step,NYSE:SO,0.0
2024-04-12,12,AR1 alpha + Basic + One-Step,NYSE:SO,0.0
2024-04-15,12,AR1 alpha + Basic + One-Step,NYSE:SO,0.0
2024-04-16,12,AR1 alpha + Basic + One-Step,NYSE:SO,0.0
2024-04-17,12,AR1 alpha + Basic + One-Step,NYSE:SO,6.270632177843185e-08
2024-04-18,12,AR1 alpha + Basic + One-Step,NYSE:SO,0.0
2024-04-19,12,AR1 alpha + Basic + One-Step,NYSE:SO,0.0
2020-03-25,12,AR1 alpha + Basic + One-Step,NYSE:TMHC,0.02
2020-03-26,12,AR1 alpha + Basic + One-Step,NYSE:TMHC,0.019999999999999997
2020-03-27,12,AR1 alpha + Basic + One-Step,NYSE:TMHC,0.0016632741097529348
2020-03-30,12,AR1 alpha + Basic + One-Step,NYSE:TMHC,2.238601151293384e-06
2020-03-31,12,AR1 alpha + Basic + One-Step,NYSE:TMHC,5.610178751405965e-07
2020-04-01,12,AR1 alpha + Basic + One-Step,NYSE:TMHC,0.0
2020-04-02,12,AR1 alpha + Basic + One-Step,NYSE:TMHC,5.896057660019774e-09
2020-04-03,12,AR1 alpha + Basic + One-Step,NYSE:TMHC,1.8185190605997667e-08
2020-04-06,12,AR1 alpha + Basic + One-Step,NYSE:TMHC,0.00016455413323417318
2020-04-07,12,AR1 alpha + Basic + One-Step,NYSE:TMHC,5.024271179127935e-07
2020-04-08,12,AR1 alpha + Basic + One-Step,NYSE:TMHC,0.0643570594544212
2020-04-09,12,AR1 alpha + Basic + One-Step,NYSE:TMHC,0.09999918839026742
2020-04-13,12,AR1 alpha + Basic + One-Step,NYSE:TMHC,0.0
2020-04-14,12,AR1 alpha + Basic + One-Step,NYSE:TMHC,1.36906752011959e-07
2020-04-15,12,AR1 alpha + Basic + One-Step,NYSE:TMHC,0.0
2020-04-16,12,AR1 alpha + Basic + One-Step,NYSE:TMHC,1.5538714016726134e-06
2020-04-17,12,AR1 alpha + Basic + One-Step,NYSE:TMHC,0.0
2020-04-20,12,AR1 alpha + Basic + One-Step,NYSE:TMHC,0.0
2020-04-21,12,AR1 alpha + Basic + One-Step,NYSE:TMHC,0.0
2020-04-22,12,AR1 alpha + Basic + One-Step,NYSE:TMHC,0.0
2020-04-23,12,AR1 alpha + Basic + One-Step,NYSE:TMHC,0.0
2020-04-24,12,AR1 alpha + Basic + One-Step,NYSE:TMHC,0.0
2020-04-27,12,AR1 alpha + Basic + One-Step,NYSE:TMHC,1.6308909215641927e-08
2020-04-28,12,AR1 alpha + Basic + One-Step,NYSE:TMHC,0.0
2020-04-29,12,AR1 alpha + Basic + One-Step,NYSE:TMHC,1.1711619190383219e-07
2020-04-30,12,AR1 alpha + Basic + One-Step,NYSE:TMHC,2.3823816455490792e-08
2020-05-01,12,AR1 alpha + Basic + One-Step,NYSE:TMHC,2.804261958605056e-08
2020-05-04,12,AR1 alpha + Basic + One-Step,NYSE:TMHC,0.0
2020-05-05,12,AR1 alpha + Basic + One-Step,NYSE:TMHC,2.1739061470196846e-07
2020-05-06,12,AR1 alpha + Basic + One-Step,NYSE:TMHC,0.0
2020-05-07,12,AR1 alpha + Basic + One-Step,NYSE:TMHC,0.0
2020-05-08,12,AR1 alpha + Basic + One-Step,NYSE:TMHC,4.98199840278092e-08
2020-05-11,12,AR1 alpha + Basic + One-Step,NYSE:TMHC,3.674609922139256e-07
2020-05-12,12,AR1 alpha + Basic + One-Step,NYSE:TMHC,0.0
2020-05-13,12,AR1 alpha + Basic + One-Step,NYSE:TMHC,0.0
2020-05-14,12,AR1 alpha + Basic + One-Step,NYSE:TMHC,0.0
2020-05-15,12,AR1 alpha + Basic + One-Step,NYSE:TMHC,1.004349905120011e-07
2020-05-18,12,AR1 alpha + Basic + One-Step,NYSE:TMHC,0.05303079920724504
2020-05-19,12,AR1 alpha + Basic + One-Step,NYSE:TMHC,0.014627745317869688
2020-05-20,12,AR1 alpha + Basic + One-Step,NYSE:TMHC,0.012349865104196778
2020-05-21,12,AR1 alpha + Basic + One-Step,NYSE:TMHC,0.014209521833668248
2020-05-22,12,AR1 alpha + Basic + One-Step,NYSE:TMHC,0.029229560792303214
2020-05-26,12,AR1 alpha + Basic + One-Step,NYSE:TMHC,0.038947897888054216
2020-05-27,12,AR1 alpha + Basic + One-Step,NYSE:TMHC,0.06999698005621519
2020-05-28,12,AR1 alpha + Basic + One-Step,NYSE:TMHC,0.036170148895902664
2020-05-29,12,AR1 alpha + Basic + One-Step,NYSE:TMHC,0.012644479535121066
2020-06-01,12,AR1 alpha + Basic + One-Step,NYSE:TMHC,0.0
2020-06-02,12,AR1 alpha + Basic + One-Step,NYSE:TMHC,0.000868379844376422
2020-06-03,12,AR1 alpha + Basic + One-Step,NYSE:TMHC,0.06373686307239722
2020-06-04,12,AR1 alpha + Basic + One-Step,NYSE:TMHC,0.0
2020-06-05,12,AR1 alpha + Basic + One-Step,NYSE:TMHC,0.06776468428862108
2020-06-08,12,AR1 alpha + Basic + One-Step,NYSE:TMHC,0.020977153665718118
2020-06-09,12,AR1 alpha + Basic + One-Step,NYSE:TMHC,0.0
2020-06-10,12,AR1 alpha + Basic + One-Step,NYSE:TMHC,0.0
2020-06-11,12,AR1 alpha + Basic + One-Step,NYSE:TMHC,0.0
2020-06-12,12,AR1 alpha + Basic + One-Step,NYSE:TMHC,3.796763189572507e-08
2020-06-15,12,AR1 alpha + Basic + One-Step,NYSE:TMHC,4.605198825558191e-09
2020-06-16,12,AR1 alpha + Basic + One-Step,NYSE:TMHC,0.0
2020-06-17,12,AR1 alpha + Basic + One-Step,NYSE:TMHC,0.0
2020-06-18,12,AR1 alpha + Basic + One-Step,NYSE:TMHC,0.0
2020-06-19,12,AR1 alpha + Basic + One-Step,NYSE:TMHC,0.0
2020-06-22,12,AR1 alpha + Basic + One-Step,NYSE:TMHC,0.0
2020-06-23,12,AR1 alpha + Basic + One-Step,NYSE:TMHC,0.0
2020-06-24,12,AR1 alpha + Basic + One-Step,NYSE:TMHC,0.0
2020-06-25,12,AR1 alpha + Basic + One-Step,NYSE:TMHC,3.6810407808922874e-08
2020-06-26,12,AR1 alpha + Basic + One-Step,NYSE:TMHC,1.551905671479528e-08
2020-06-29,12,AR1 alpha + Basic + One-Step,NYSE:TMHC,0.0
2020-06-30,12,AR1 alpha + Basic + One-Step,NYSE:TMHC,4.844872308447277e-08
2020-07-01,12,AR1 alpha + Basic + One-Step,NYSE:TMHC,5.6550156129268435e-08
2020-07-02,12,AR1 alpha + Basic + One-Step,NYSE:TMHC,1.2149869485543286e-08
2020-07-06,12,AR1 alpha + Basic + One-Step,NYSE:TMHC,0.0
2020-07-07,12,AR1 alpha + Basic + One-Step,NYSE:TMHC,9.30220558022804e-08
2020-07-08,12,AR1 alpha + Basic + One-Step,NYSE:TMHC,0.022167164359969987
2020-07-09,12,AR1 alpha + Basic + One-Step,NYSE:TMHC,0.0
2020-07-10,12,AR1 alpha + Basic + One-Step,NYSE:TMHC,1.7936651475818613e-07
2020-07-13,12,AR1 alpha + Basic + One-Step,NYSE:TMHC,2.466250282874678e-09
2020-07-14,12,AR1 alpha + Basic + One-Step,NYSE:TMHC,0.0
2020-07-15,12,AR1 alpha + Basic + One-Step,NYSE:TMHC,0.004953001686602968
2020-07-16,12,AR1 alpha + Basic + One-Step,NYSE:TMHC,0.005364535871622025
2020-07-17,12,AR1 alpha + Basic + One-Step,NYSE:TMHC,0.029331951855802015
2020-07-20,12,AR1 alpha + Basic + One-Step,NYSE:TMHC,0.029159309240292676
2020-07-21,12,AR1 alpha + Basic + One-Step,NYSE:TMHC,0.01475613570185487
2020-07-22,12,AR1 alpha + Basic + One-Step,NYSE:TMHC,0.021293813480861346
2020-07-23,12,AR1 alpha + Basic + One-Step,NYSE:TMHC,0.023324204989686556
2020-07-24,12,AR1 alpha + Basic + One-Step,NYSE:TMHC,0.013056761312689945
2020-07-27,12,AR1 alpha + Basic + One-Step,NYSE:TMHC,0.024398034053265488
2020-07-28,12,AR1 alpha + Basic + One-Step,NYSE:TMHC,0.007000950993263407
2020-07-29,12,AR1 alpha + Basic + One-Step,NYSE:TMHC,0.022193932801104058
2020-07-30,12,AR1 alpha + Basic + One-Step,NYSE:TMHC,0.01544156799363027
2020-07-31,12,AR1 alpha + Basic + One-Step,NYSE:TMHC,0.017712358467999383
2020-08-03,12,AR1 alpha + Basic + One-Step,NYSE:TMHC,0.04608496401606877
2020-08-04,12,AR1 alpha + Basic + One-Step,NYSE:TMHC,0.0
2020-08-05,12,AR1 alpha + Basic + One-Step,NYSE:TMHC,0.03600362133582197
2020-08-06,12,AR1 alpha + Basic + One-Step,NYSE:TMHC,0.03206651848276379
2020-08-07,12,AR1 alpha + Basic + One-Step,NYSE:TMHC,0.0068827567679307314
2020-08-10,12,AR1 alpha + Basic + One-Step,NYSE:TMHC,0.004725494469843235
2020-08-11,12,AR1 alpha + Basic + One-Step,NYSE:TMHC,0.004961924924205445
2020-08-12,12,AR1 alpha + Basic + One-Step,NYSE:TMHC,0.025647719012221522
2020-08-13,12,AR1 alpha + Basic + One-Step,NYSE:TMHC,0.030713313109046146
2020-08-14,12,AR1 alpha + Basic + One-Step,NYSE:TMHC,0.023574067706375126
2020-08-17,12,AR1 alpha + Basic + One-Step,NYSE:TMHC,0.03998240805357505
2020-08-18,12,AR1 alpha + Basic + One-Step,NYSE:TMHC,0.0199690828738304
2020-08-19,12,AR1 alpha + Basic + One-Step,NYSE:TMHC,0.0
2020-08-20,12,AR1 alpha + Basic + One-Step,NYSE:TMHC,6.992258282968797e-08
2020-08-21,12,AR1 alpha + Basic + One-Step,NYSE:TMHC,0.0
2020-08-24,12,AR1 alpha + Basic + One-Step,NYSE:TMHC,0.02284682896014692
2020-08-25,12,AR1 alpha + Basic + One-Step,NYSE:TMHC,0.02197308796745446
2020-08-26,12,AR1 alpha + Basic + One-Step,NYSE:TMHC,0.0014595207181231976
2020-08-27,12,AR1 alpha + Basic + One-Step,NYSE:TMHC,0.0005836370660839469
2020-08-28,12,AR1 alpha + Basic + One-Step,NYSE:TMHC,0.018550171452247705
2020-08-31,12,AR1 alpha + Basic + One-Step,NYSE:TMHC,0.007046601981396931
2020-09-01,12,AR1 alpha + Basic + One-Step,NYSE:TMHC,0.015629337980360848
2020-09-02,12,AR1 alpha + Basic + One-Step,NYSE:TMHC,0.016906743391261643
2020-09-03,12,AR1 alpha + Basic + One-Step,NYSE:TMHC,0.0
2020-09-04,12,AR1 alpha + Basic + One-Step,NYSE:TMHC,0.0
2020-09-08,12,AR1 alpha + Basic + One-Step,NYSE:TMHC,0.0
2020-09-09,12,AR1 alpha + Basic + One-Step,NYSE:TMHC,2.0507112339780516e-08
2020-09-10,12,AR1 alpha + Basic + One-Step,NYSE:TMHC,0.0
2020-09-11,12,AR1 alpha + Basic + One-Step,NYSE:TMHC,0.0
2020-09-14,12,AR1 alpha + Basic + One-Step,NYSE:TMHC,0.0
2020-09-15,12,AR1 alpha + Basic + One-Step,NYSE:TMHC,0.0
2020-09-16,12,AR1 alpha + Basic + One-Step,NYSE:TMHC,0.0028943756607882703
2020-09-17,12,AR1 alpha + Basic + One-Step,NYSE:TMHC,0.0031575690756609756
2020-09-18,12,AR1 alpha + Basic + One-Step,NYSE:TMHC,2.116102987427688e-07
2020-09-21,12,AR1 alpha + Basic + One-Step,NYSE:TMHC,5.8004936395489545e-08
2020-09-22,12,AR1 alpha + Basic + One-Step,NYSE:TMHC,0.0
2020-09-23,12,AR1 alpha + Basic + One-Step,NYSE:TMHC,2.19860993226631e-09
2020-09-24,12,AR1 alpha + Basic + One-Step,NYSE:TMHC,0.0
2020-09-25,12,AR1 alpha + Basic + One-Step,NYSE:TMHC,0.0
2020-09-28,12,AR1 alpha + Basic + One-Step,NYSE:TMHC,0.0
2020-09-29,12,AR1 alpha + Basic + One-Step,NYSE:TMHC,1.4864018852257638e-09
2020-09-30,12,AR1 alpha + Basic + One-Step,NYSE:TMHC,0.0
2020-10-01,12,AR1 alpha + Basic + One-Step,NYSE:TMHC,0.0
2020-10-02,12,AR1 alpha + Basic + One-Step,NYSE:TMHC,0.005812217640407081
2020-10-05,12,AR1 alpha + Basic + One-Step,NYSE:TMHC,0.0462716335685196
2020-10-06,12,AR1 alpha + Basic + One-Step,NYSE:TMHC,0.040772575435755416
2020-10-07,12,AR1 alpha + Basic + One-Step,NYSE:TMHC,0.026941696005852184
2020-10-08,12,AR1 alpha + Basic + One-Step,NYSE:TMHC,0.03497505177891604
2020-10-09,12,AR1 alpha + Basic + One-Step,NYSE:TMHC,0.025851648832806506
2020-10-12,12,AR1 alpha + Basic + One-Step,NYSE:TMHC,0.026568163033987794
2020-10-13,12,AR1 alpha + Basic + One-Step,NYSE:TMHC,0.02656651311284297
2020-10-14,12,AR1 alpha + Basic + One-Step,NYSE:TMHC,0.012402851694086052
2020-10-15,12,AR1 alpha + Basic + One-Step,NYSE:TMHC,0.030120901542906683
2020-10-16,12,AR1 alpha + Basic + One-Step,NYSE:TMHC,0.02499996991945194
2020-10-19,12,AR1 alpha + Basic + One-Step,NYSE:TMHC,0.027205070231638113
2020-10-20,12,AR1 alpha + Basic + One-Step,NYSE:TMHC,0.030316617179005325
2020-10-21,12,AR1 alpha + Basic + One-Step,NYSE:TMHC,0.0002817218998496769
2020-10-22,12,AR1 alpha + Basic + One-Step,NYSE:TMHC,0.03398832048157477
2020-10-23,12,AR1 alpha + Basic + One-Step,NYSE:TMHC,0.01900318724192537
2020-10-26,12,AR1 alpha + Basic + One-Step,NYSE:TMHC,0.0
2020-10-27,12,AR1 alpha + Basic + One-Step,NYSE:TMHC,7.041211897654459e-09
2020-10-28,12,AR1 alpha + Basic + One-Step,NYSE:TMHC,0.0
2020-10-29,12,AR1 alpha + Basic + One-Step,NYSE:TMHC,0.0
2020-10-30,12,AR1 alpha + Basic + One-Step,NYSE:TMHC,0.0
2020-11-02,12,AR1 alpha + Basic + One-Step,NYSE:TMHC,1.9713464598234332e-07
2020-11-03,12,AR1 alpha + Basic + One-Step,NYSE:TMHC,0.0
2020-11-04,12,AR1 alpha + Basic + One-Step,NYSE:TMHC,0.0
2020-11-05,12,AR1 alpha + Basic + One-Step,NYSE:TMHC,0.0
2020-11-06,12,AR1 alpha + Basic + One-Step,NYSE:TMHC,0.0
2020-11-09,12,AR1 alpha + Basic + One-Step,NYSE:TMHC,0.0
2020-11-10,12,AR1 alpha + Basic + One-Step,NYSE:TMHC,0.0
2020-11-11,12,AR1 alpha + Basic + One-Step,NYSE:TMHC,2.9445994631852422e-08
2020-11-12,12,AR1 alpha + Basic + One-Step,NYSE:TMHC,0.0
2020-11-13,12,AR1 alpha + Basic + One-Step,NYSE:TMHC,0.0
2020-11-16,12,AR1 alpha + Basic + One-Step,NYSE:TMHC,0.0
2020-11-17,12,AR1 alpha + Basic + One-Step,NYSE:TMHC,0.0
2020-11-18,12,AR1 alpha + Basic + One-Step,NYSE:TMHC,0.0
2020-11-19,12,AR1 alpha + Basic + One-Step,NYSE:TMHC,2.10195228886749e-08
2020-11-20,12,AR1 alpha + Basic + One-Step,NYSE:TMHC,4.339607703095666e-07
2020-11-23,12,AR1 alpha + Basic + One-Step,NYSE:TMHC,0.0
2020-11-24,12,AR1 alpha + Basic + One-Step,NYSE:TMHC,0.0
2020-11-25,12,AR1 alpha + Basic + One-Step,NYSE:TMHC,0.0
2020-11-27,12,AR1 alpha + Basic + One-Step,NYSE:TMHC,0.0
2020-11-30,12,AR1 alpha + Basic + One-Step,NYSE:TMHC,6.461257121083643e-09
2020-12-01,12,AR1 alpha + Basic + One-Step,NYSE:TMHC,1.3113859462891218e-08
2020-12-02,12,AR1 alpha + Basic + One-Step,NYSE:TMHC,4.0987277704296475e-08
2020-12-03,12,AR1 alpha + Basic + One-Step,NYSE:TMHC,1.255544829521909e-08
2020-12-04,12,AR1 alpha + Basic + One-Step,NYSE:TMHC,9.805501493539865e-09
2020-12-07,12,AR1 alpha + Basic + One-Step,NYSE:TMHC,0.0
2020-12-08,12,AR1 alpha + Basic + One-Step,NYSE:TMHC,1.1044373599741108e-07
2020-12-09,12,AR1 alpha + Basic + One-Step,NYSE:TMHC,0.0
2020-12-10,12,AR1 alpha + Basic + One-Step,NYSE:TMHC,1.2224679422946972e-08
2020-12-11,12,AR1 alpha + Basic + One-Step,NYSE:TMHC,1.7174886103144635e-07
2020-12-14,12,AR1 alpha + Basic + One-Step,NYSE:TMHC,2.8638402930505596e-07
2020-12-15,12,AR1 alpha + Basic + One-Step,NYSE:TMHC,3.454238379970095e-07
2020-12-16,12,AR1 alpha + Basic + One-Step,NYSE:TMHC,9.363211534964796e-08
2020-12-17,12,AR1 alpha + Basic + One-Step,NYSE:TMHC,3.446042274015967e-10
2020-12-18,12,AR1 alpha + Basic + One-Step,NYSE:TMHC,2.844605766734895e-07
2020-12-21,12,AR1 alpha + Basic + One-Step,NYSE:TMHC,3.4654898600326014e-07
2020-12-22,12,AR1 alpha + Basic + One-Step,NYSE:TMHC,0.0
2020-12-23,12,AR1 alpha + Basic + One-Step,NYSE:TMHC,1.0215281414594054e-07
2020-12-24,12,AR1 alpha + Basic + One-Step,NYSE:TMHC,2.7291373544591792e-08
2020-12-28,12,AR1 alpha + Basic + One-Step,NYSE:TMHC,3.720859748317994e-08
2020-12-29,12,AR1 alpha + Basic + One-Step,NYSE:TMHC,0.0
2020-12-30,12,AR1 alpha + Basic + One-Step,NYSE:TMHC,3.3900749844217565e-08
2020-12-31,12,AR1 alpha + Basic + One-Step,NYSE:TMHC,0.0
2021-01-04,12,AR1 alpha + Basic + One-Step,NYSE:TMHC,0.0
2021-01-05,12,AR1 alpha + Basic + One-Step,NYSE:TMHC,0.0
2021-01-06,12,AR1 alpha + Basic + One-Step,NYSE:TMHC,0.0
2021-01-07,12,AR1 alpha + Basic + One-Step,NYSE:TMHC,0.0
2021-01-08,12,AR1 alpha + Basic + One-Step,NYSE:TMHC,0.0
2021-01-11,12,AR1 alpha + Basic + One-Step,NYSE:TMHC,0.0
2021-01-12,12,AR1 alpha + Basic + One-Step,NYSE:TMHC,0.0
2021-01-13,12,AR1 alpha + Basic + One-Step,NYSE:TMHC,0.0
2021-01-14,12,AR1 alpha + Basic + One-Step,NYSE:TMHC,0.0
2021-01-15,12,AR1 alpha + Basic + One-Step,NYSE:TMHC,0.0
2021-01-19,12,AR1 alpha + Basic + One-Step,NYSE:TMHC,1.1801743224249931e-07
2021-01-20,12,AR1 alpha + Basic + One-Step,NYSE:TMHC,0.0
2021-01-21,12,AR1 alpha + Basic + One-Step,NYSE:TMHC,0.0
2021-01-22,12,AR1 alpha + Basic + One-Step,NYSE:TMHC,0.0
2021-01-25,12,AR1 alpha + Basic + One-Step,NYSE:TMHC,9.831782225775581e-10
2021-01-26,12,AR1 alpha + Basic + One-Step,NYSE:TMHC,0.0
2021-01-27,12,AR1 alpha + Basic + One-Step,NYSE:TMHC,0.0
2021-01-28,12,AR1 alpha + Basic + One-Step,NYSE:TMHC,0.0
2021-01-29,12,AR1 alpha + Basic + One-Step,NYSE:TMHC,0.0
2021-02-01,12,AR1 alpha + Basic + One-Step,NYSE:TMHC,1.1066339398247811e-07
2021-02-02,12,AR1 alpha + Basic + One-Step,NYSE:TMHC,1.0182417236331487e-08
2021-02-03,12,AR1 alpha + Basic + One-Step,NYSE:TMHC,0.0
2021-02-04,12,AR1 alpha + Basic + One-Step,NYSE:TMHC,0.0
2021-02-05,12,AR1 alpha + Basic + One-Step,NYSE:TMHC,0.0
2021-02-08,12,AR1 alpha + Basic + One-Step,NYSE:TMHC,1.6681814344353497e-06
2021-02-09,12,AR1 alpha + Basic + One-Step,NYSE:TMHC,3.078371149395718e-08
2021-02-10,12,AR1 alpha + Basic + One-Step,NYSE:TMHC,1.0338592178300554e-07
2021-02-11,12,AR1 alpha + Basic + One-Step,NYSE:TMHC,2.2389629966563472e-08
2021-02-12,12,AR1 alpha + Basic + One-Step,NYSE:TMHC,3.8233881719786e-07
2021-02-16,12,AR1 alpha + Basic + One-Step,NYSE:TMHC,1.5440161361714348e-09
2021-02-17,12,AR1 alpha + Basic + One-Step,NYSE:TMHC,0.0
2021-02-18,12,AR1 alpha + Basic + One-Step,NYSE:TMHC,1.45329368043933e-08
2021-02-19,12,AR1 alpha + Basic + One-Step,NYSE:TMHC,0.0
2021-02-22,12,AR1 alpha + Basic + One-Step,NYSE:TMHC,5.901836214512989e-08
2021-02-23,12,AR1 alpha + Basic + One-Step,NYSE:TMHC,7.040671581673774e-08
2021-02-24,12,AR1 alpha + Basic + One-Step,NYSE:TMHC,0.0
2021-02-25,12,AR1 alpha + Basic + One-Step,NYSE:TMHC,0.0
2021-02-26,12,AR1 alpha + Basic + One-Step,NYSE:TMHC,0.0
2021-03-01,12,AR1 alpha + Basic + One-Step,NYSE:TMHC,0.0
2021-03-02,12,AR1 alpha + Basic + One-Step,NYSE:TMHC,1.4353589836083745e-08
2021-03-03,12,AR1 alpha + Basic + One-Step,NYSE:TMHC,0.0
2021-03-04,12,AR1 alpha + Basic + One-Step,NYSE:TMHC,0.0
2021-03-05,12,AR1 alpha + Basic + One-Step,NYSE:TMHC,0.0
2021-03-08,12,AR1 alpha + Basic + One-Step,NYSE:TMHC,0.0
2021-03-09,12,AR1 alpha + Basic + One-Step,NYSE:TMHC,0.0
2021-03-10,12,AR1 alpha + Basic + One-Step,NYSE:TMHC,0.0
2021-03-11,12,AR1 alpha + Basic + One-Step,NYSE:TMHC,0.0
2021-03-12,12,AR1 alpha + Basic + One-Step,NYSE:TMHC,2.931337412319095e-09
2021-03-15,12,AR1 alpha + Basic + One-Step,NYSE:TMHC,1.8037586202627672e-09
2021-03-16,12,AR1 alpha + Basic + One-Step,NYSE:TMHC,0.0
2021-03-17,12,AR1 alpha + Basic + One-Step,NYSE:TMHC,7.714589389677746e-08
2021-03-18,12,AR1 alpha + Basic + One-Step,NYSE:TMHC,3.5537047586086554e-07
2021-03-19,12,AR1 alpha + Basic + One-Step,NYSE:TMHC,0.0
2021-03-22,12,AR1 alpha + Basic + One-Step,NYSE:TMHC,0.0
2021-03-23,12,AR1 alpha + Basic + One-Step,NYSE:TMHC,0.0
2021-03-24,12,AR1 alpha + Basic + One-Step,NYSE:TMHC,6.873602223145355e-08
2021-03-25,12,AR1 alpha + Basic + One-Step,NYSE:TMHC,0.0
2021-03-26,12,AR1 alpha + Basic + One-Step,NYSE:TMHC,0.0
2021-03-29,12,AR1 alpha + Basic + One-Step,NYSE:TMHC,0.0
2021-03-30,12,AR1 alpha + Basic + One-Step,NYSE:TMHC,1.8908525211434563e-07
2021-03-31,12,AR1 alpha + Basic + One-Step,NYSE:TMHC,0.0
2021-04-01,12,AR1 alpha + Basic + One-Step,NYSE:TMHC,0.0
2021-04-05,12,AR1 alpha + Basic + One-Step,NYSE:TMHC,7.529390036943621e-07
2021-04-06,12,AR1 alpha + Basic + One-Step,NYSE:TMHC,0.0
2021-04-07,12,AR1 alpha + Basic + One-Step,NYSE:TMHC,0.0
2021-04-08,12,AR1 alpha + Basic + One-Step,NYSE:TMHC,0.059877298219115214
2021-04-09,12,AR1 alpha + Basic + One-Step,NYSE:TMHC,0.0
2021-04-12,12,AR1 alpha + Basic + One-Step,NYSE:TMHC,1.7535773542271721e-09
2021-04-13,12,AR1 alpha + Basic + One-Step,NYSE:TMHC,0.00766345222965971
2021-04-14,12,AR1 alpha + Basic + One-Step,NYSE:TMHC,6.288578456205378e-08
2021-04-15,12,AR1 alpha + Basic + One-Step,NYSE:TMHC,0.0019242409269773595
2021-04-16,12,AR1 alpha + Basic + One-Step,NYSE:TMHC,0.0
2021-04-19,12,AR1 alpha + Basic + One-Step,NYSE:TMHC,0.003539736778684242
2021-04-20,12,AR1 alpha + Basic + One-Step,NYSE:TMHC,0.04778655905548239
2021-04-21,12,AR1 alpha + Basic + One-Step,NYSE:TMHC,0.020389560026894557
2021-04-22,12,AR1 alpha + Basic + One-Step,NYSE:TMHC,0.0322609751222568
2021-04-23,12,AR1 alpha + Basic + One-Step,NYSE:TMHC,0.00945592351062941
2021-04-26,12,AR1 alpha + Basic + One-Step,NYSE:TMHC,8.418383489746977e-09
2021-04-27,12,AR1 alpha + Basic + One-Step,NYSE:TMHC,3.257290668282901e-07
2021-04-28,12,AR1 alpha + Basic + One-Step,NYSE:TMHC,0.0
2021-04-29,12,AR1 alpha + Basic + One-Step,NYSE:TMHC,0.03383222862972803
2021-04-30,12,AR1 alpha + Basic + One-Step,NYSE:TMHC,0.08616041056041727
2021-05-03,12,AR1 alpha + Basic + One-Step,NYSE:TMHC,0.020192844416184706
2021-05-04,12,AR1 alpha + Basic + One-Step,NYSE:TMHC,0.03286074220416807
2021-05-05,12,AR1 alpha + Basic + One-Step,NYSE:TMHC,0.07958260379698
2021-05-06,12,AR1 alpha + Basic + One-Step,NYSE:TMHC,0.07435475548838494
2021-05-07,12,AR1 alpha + Basic + One-Step,NYSE:TMHC,0.0
2021-05-10,12,AR1 alpha + Basic + One-Step,NYSE:TMHC,0.0
2021-05-11,12,AR1 alpha + Basic + One-Step,NYSE:TMHC,0.0999868515957585
2021-05-12,12,AR1 alpha + Basic + One-Step,NYSE:TMHC,0.09999354294301127
2021-05-13,12,AR1 alpha + Basic + One-Step,NYSE:TMHC,0.09999714006067366
2021-05-14,12,AR1 alpha + Basic + One-Step,NYSE:TMHC,5.565745751459174e-10
2021-05-17,12,AR1 alpha + Basic + One-Step,NYSE:TMHC,5.929912252550994e-07
2021-05-18,12,AR1 alpha + Basic + One-Step,NYSE:TMHC,0.036788376807518466
2021-05-19,12,AR1 alpha + Basic + One-Step,NYSE:TMHC,0.07602375855149072
2021-05-20,12,AR1 alpha + Basic + One-Step,NYSE:TMHC,8.31796599269248e-09
2021-05-21,12,AR1 alpha + Basic + One-Step,NYSE:TMHC,0.007295965041241909
2021-05-24,12,AR1 alpha + Basic + One-Step,NYSE:TMHC,0.0
2021-05-25,12,AR1 alpha + Basic + One-Step,NYSE:TMHC,0.0
2021-05-26,12,AR1 alpha + Basic + One-Step,NYSE:TMHC,1.3175703020787846e-08
2021-05-27,12,AR1 alpha + Basic + One-Step,NYSE:TMHC,2.0554245276099555e-07
2021-05-28,12,AR1 alpha + Basic + One-Step,NYSE:TMHC,0.0
2021-06-01,12,AR1 alpha + Basic + One-Step,NYSE:TMHC,0.0
2021-06-02,12,AR1 alpha + Basic + One-Step,NYSE:TMHC,0.0
2021-06-03,12,AR1 alpha + Basic + One-Step,NYSE:TMHC,0.0
2021-06-04,12,AR1 alpha + Basic + One-Step,NYSE:TMHC,3.1089302890962334e-09
2021-06-07,12,AR1 alpha + Basic + One-Step,NYSE:TMHC,0.0
2021-06-08,12,AR1 alpha + Basic + One-Step,NYSE:TMHC,8.380003536446968e-10
2021-06-09,12,AR1 alpha + Basic + One-Step,NYSE:TMHC,2.4467289199698683e-07
2021-06-10,12,AR1 alpha + Basic + One-Step,NYSE:TMHC,9.730418720090769e-08
2021-06-11,12,AR1 alpha + Basic + One-Step,NYSE:TMHC,0.0
2021-06-14,12,AR1 alpha + Basic + One-Step,NYSE:TMHC,0.0
2021-06-15,12,AR1 alpha + Basic + One-Step,NYSE:TMHC,0.0
2021-06-16,12,AR1 alpha + Basic + One-Step,NYSE:TMHC,0.0
2021-06-17,12,AR1 alpha + Basic + One-Step,NYSE:TMHC,0.0
2021-06-18,12,AR1 alpha + Basic + One-Step,NYSE:TMHC,0.0
2021-06-21,12,AR1 alpha + Basic + One-Step,NYSE:TMHC,0.0
2021-06-22,12,AR1 alpha + Basic + One-Step,NYSE:TMHC,2.672127050324588e-07
2021-06-23,12,AR1 alpha + Basic + One-Step,NYSE:TMHC,2.2187754280259803e-07
2021-06-24,12,AR1 alpha + Basic + One-Step,NYSE:TMHC,5.087858495702565e-07
2021-06-25,12,AR1 alpha + Basic + One-Step,NYSE:TMHC,0.0
2021-06-28,12,AR1 alpha + Basic + One-Step,NYSE:TMHC,0.0
2021-06-29,12,AR1 alpha + Basic + One-Step,NYSE:TMHC,0.0
2021-06-30,12,AR1 alpha + Basic + One-Step,NYSE:TMHC,0.0
2021-07-01,12,AR1 alpha + Basic + One-Step,NYSE:TMHC,0.0
2021-07-02,12,AR1 alpha + Basic + One-Step,NYSE:TMHC,0.0
2021-07-06,12,AR1 alpha + Basic + One-Step,NYSE:TMHC,0.0
2021-07-07,12,AR1 alpha + Basic + One-Step,NYSE:TMHC,0.0
2021-07-08,12,AR1 alpha + Basic + One-Step,NYSE:TMHC,0.0
2021-07-09,12,AR1 alpha + Basic + One-Step,NYSE:TMHC,0.0
2021-07-12,12,AR1 alpha + Basic + One-Step,NYSE:TMHC,0.0
2021-07-13,12,AR1 alpha + Basic + One-Step,NYSE:TMHC,9.249894916871055e-08
2021-07-14,12,AR1 alpha + Basic + One-Step,NYSE:TMHC,0.0
2021-07-15,12,AR1 alpha + Basic + One-Step,NYSE:TMHC,0.0
2021-07-16,12,AR1 alpha + Basic + One-Step,NYSE:TMHC,2.7964899382066116e-06
2021-07-19,12,AR1 alpha + Basic + One-Step,NYSE:TMHC,0.0
2021-07-20,12,AR1 alpha + Basic + One-Step,NYSE:TMHC,0.0
2021-07-21,12,AR1 alpha + Basic + One-Step,NYSE:TMHC,0.0
2021-07-22,12,AR1 alpha + Basic + One-Step,NYSE:TMHC,0.0
2021-07-23,12,AR1 alpha + Basic + One-Step,NYSE:TMHC,0.0
2021-07-26,12,AR1 alpha + Basic + One-Step,NYSE:TMHC,9.694141050811947e-08
2021-07-27,12,AR1 alpha + Basic + One-Step,NYSE:TMHC,1.1462117221376965e-06
2021-07-28,12,AR1 alpha + Basic + One-Step,NYSE:TMHC,0.0
2021-07-29,12,AR1 alpha + Basic + One-Step,NYSE:TMHC,0.0
2021-07-30,12,AR1 alpha + Basic + One-Step,NYSE:TMHC,0.0
2021-08-02,12,AR1 alpha + Basic + One-Step,NYSE:TMHC,0.0
2021-08-03,12,AR1 alpha + Basic + One-Step,NYSE:TMHC,0.0
2021-08-04,12,AR1 alpha + Basic + One-Step,NYSE:TMHC,7.548935964993352e-08
2021-08-05,12,AR1 alpha + Basic + One-Step,NYSE:TMHC,0.0
2021-08-06,12,AR1 alpha + Basic + One-Step,NYSE:TMHC,0.0
2021-08-09,12,AR1 alpha + Basic + One-Step,NYSE:TMHC,4.163506638434178e-07
2021-08-10,12,AR1 alpha + Basic + One-Step,NYSE:TMHC,2.235610420499521e-08
2021-08-11,12,AR1 alpha + Basic + One-Step,NYSE:TMHC,0.0
2021-08-12,12,AR1 alpha + Basic + One-Step,NYSE:TMHC,0.0
2021-08-13,12,AR1 alpha + Basic + One-Step,NYSE:TMHC,0.0
2021-08-16,12,AR1 alpha + Basic + One-Step,NYSE:TMHC,0.0
2021-08-17,12,AR1 alpha + Basic + One-Step,NYSE:TMHC,0.0
2021-08-18,12,AR1 alpha + Basic + One-Step,NYSE:TMHC,0.0
2021-08-19,12,AR1 alpha + Basic + One-Step,NYSE:TMHC,0.0
2021-08-20,12,AR1 alpha + Basic + One-Step,NYSE:TMHC,7.2121778029306644e-09
2021-08-23,12,AR1 alpha + Basic + One-Step,NYSE:TMHC,0.0
2021-08-24,12,AR1 alpha + Basic + One-Step,NYSE:TMHC,1.340951318192222e-07
2021-08-25,12,AR1 alpha + Basic + One-Step,NYSE:TMHC,0.0
2021-08-26,12,AR1 alpha + Basic + One-Step,NYSE:TMHC,3.25593697880478e-08
2021-08-27,12,AR1 alpha + Basic + One-Step,NYSE:TMHC,1.6823157623691318e-06
2021-08-30,12,AR1 alpha + Basic + One-Step,NYSE:TMHC,7.284254044968041e-07
2021-08-31,12,AR1 alpha + Basic + One-Step,NYSE:TMHC,0.0
2021-09-01,12,AR1 alpha + Basic + One-Step,NYSE:TMHC,0.0
2021-09-02,12,AR1 alpha + Basic + One-Step,NYSE:TMHC,0.0
2021-09-03,12,AR1 alpha + Basic + One-Step,NYSE:TMHC,0.0
2021-09-07,12,AR1 alpha + Basic + One-Step,NYSE:TMHC,0.0
2021-09-08,12,AR1 alpha + Basic + One-Step,NYSE:TMHC,0.0
2021-09-09,12,AR1 alpha + Basic + One-Step,NYSE:TMHC,1.3853817893728968e-07
2021-09-10,12,AR1 alpha + Basic + One-Step,NYSE:TMHC,0.0
2021-09-13,12,AR1 alpha + Basic + One-Step,NYSE:TMHC,0.0
2021-09-14,12,AR1 alpha + Basic + One-Step,NYSE:TMHC,4.144749672713411e-07
2021-09-15,12,AR1 alpha + Basic + One-Step,NYSE:TMHC,0.0
2021-09-16,12,AR1 alpha + Basic + One-Step,NYSE:TMHC,0.0
2021-09-17,12,AR1 alpha + Basic + One-Step,NYSE:TMHC,0.0
2021-09-20,12,AR1 alpha + Basic + One-Step,NYSE:TMHC,0.0
2021-09-21,12,AR1 alpha + Basic + One-Step,NYSE:TMHC,9.451918141061831e-08
2021-09-22,12,AR1 alpha + Basic + One-Step,NYSE:TMHC,0.0
2021-09-23,12,AR1 alpha + Basic + One-Step,NYSE:TMHC,0.0
2021-09-24,12,AR1 alpha + Basic + One-Step,NYSE:TMHC,0.0
2021-09-27,12,AR1 alpha + Basic + One-Step,NYSE:TMHC,0.0
2021-09-28,12,AR1 alpha + Basic + One-Step,NYSE:TMHC,0.0
2021-09-29,12,AR1 alpha + Basic + One-Step,NYSE:TMHC,0.0
2021-09-30,12,AR1 alpha + Basic + One-Step,NYSE:TMHC,0.0
2021-10-01,12,AR1 alpha + Basic + One-Step,NYSE:TMHC,0.0
2021-10-04,12,AR1 alpha + Basic + One-Step,NYSE:TMHC,0.0
2021-10-05,12,AR1 alpha + Basic + One-Step,NYSE:TMHC,0.0
2021-10-06,12,AR1 alpha + Basic + One-Step,NYSE:TMHC,0.0
2021-10-07,12,AR1 alpha + Basic + One-Step,NYSE:TMHC,0.0
2021-10-08,12,AR1 alpha + Basic + One-Step,NYSE:TMHC,0.0
2021-10-11,12,AR1 alpha + Basic + One-Step,NYSE:TMHC,0.0
2021-10-12,12,AR1 alpha + Basic + One-Step,NYSE:TMHC,0.0
2021-10-13,12,AR1 alpha + Basic + One-Step,NYSE:TMHC,0.0
2021-10-14,12,AR1 alpha + Basic + One-Step,NYSE:TMHC,0.0
2021-10-15,12,AR1 alpha + Basic + One-Step,NYSE:TMHC,0.0
2021-10-18,12,AR1 alpha + Basic + One-Step,NYSE:TMHC,0.0
2021-10-19,12,AR1 alpha + Basic + One-Step,NYSE:TMHC,0.0
2021-10-20,12,AR1 alpha + Basic + One-Step,NYSE:TMHC,0.0
2021-10-21,12,AR1 alpha + Basic + One-Step,NYSE:TMHC,0.0
2021-10-22,12,AR1 alpha + Basic + One-Step,NYSE:TMHC,0.0
2021-10-25,12,AR1 alpha + Basic + One-Step,NYSE:TMHC,0.0
2021-10-26,12,AR1 alpha + Basic + One-Step,NYSE:TMHC,0.0
2021-10-27,12,AR1 alpha + Basic + One-Step,NYSE:TMHC,0.0
2021-10-28,12,AR1 alpha + Basic + One-Step,NYSE:TMHC,0.0
2021-10-29,12,AR1 alpha + Basic + One-Step,NYSE:TMHC,0.0
2021-11-01,12,AR1 alpha + Basic + One-Step,NYSE:TMHC,2.42832057387126e-07
2021-11-02,12,AR1 alpha + Basic + One-Step,NYSE:TMHC,0.0
2021-11-03,12,AR1 alpha + Basic + One-Step,NYSE:TMHC,0.0
2021-11-04,12,AR1 alpha + Basic + One-Step,NYSE:TMHC,0.0
2021-11-05,12,AR1 alpha + Basic + One-Step,NYSE:TMHC,1.1122189084395303e-08
2021-11-08,12,AR1 alpha + Basic + One-Step,NYSE:TMHC,0.0
2021-11-09,12,AR1 alpha + Basic + One-Step,NYSE:TMHC,0.0
2021-11-10,12,AR1 alpha + Basic + One-Step,NYSE:TMHC,0.0
2021-11-11,12,AR1 alpha + Basic + One-Step,NYSE:TMHC,0.0
2021-11-12,12,AR1 alpha + Basic + One-Step,NYSE:TMHC,0.0
2021-11-15,12,AR1 alpha + Basic + One-Step,NYSE:TMHC,0.0
2021-11-16,12,AR1 alpha + Basic + One-Step,NYSE:TMHC,0.0
2021-11-17,12,AR1 alpha + Basic + One-Step,NYSE:TMHC,0.0
2021-11-18,12,AR1 alpha + Basic + One-Step,NYSE:TMHC,0.0
2021-11-19,12,AR1 alpha + Basic + One-Step,NYSE:TMHC,0.0
2021-11-22,12,AR1 alpha + Basic + One-Step,NYSE:TMHC,0.0
2021-11-23,12,AR1 alpha + Basic + One-Step,NYSE:TMHC,0.0
2021-11-24,12,AR1 alpha + Basic + One-Step,NYSE:TMHC,0.0
2021-11-26,12,AR1 alpha + Basic + One-Step,NYSE:TMHC,0.0
2021-11-29,12,AR1 alpha + Basic + One-Step,NYSE:TMHC,0.0
2021-11-30,12,AR1 alpha + Basic + One-Step,NYSE:TMHC,0.0
2021-12-01,12,AR1 alpha + Basic + One-Step,NYSE:TMHC,0.0
2021-12-02,12,AR1 alpha + Basic + One-Step,NYSE:TMHC,0.0
2021-12-03,12,AR1 alpha + Basic + One-Step,NYSE:TMHC,0.0
2021-12-06,12,AR1 alpha + Basic + One-Step,NYSE:TMHC,0.0
2021-12-07,12,AR1 alpha + Basic + One-Step,NYSE:TMHC,0.0
2021-12-08,12,AR1 alpha + Basic + One-Step,NYSE:TMHC,0.0
2021-12-09,12,AR1 alpha + Basic + One-Step,NYSE:TMHC,0.0
2021-12-10,12,AR1 alpha + Basic + One-Step,NYSE:TMHC,3.428825628284223e-08
2021-12-13,12,AR1 alpha + Basic + One-Step,NYSE:TMHC,0.0
2021-12-14,12,AR1 alpha + Basic + One-Step,NYSE:TMHC,2.2798090570208944e-08
2021-12-15,12,AR1 alpha + Basic + One-Step,NYSE:TMHC,0.0
2021-12-16,12,AR1 alpha + Basic + One-Step,NYSE:TMHC,0.0
2021-12-17,12,AR1 alpha + Basic + One-Step,NYSE:TMHC,0.0
2021-12-20,12,AR1 alpha + Basic + One-Step,NYSE:TMHC,0.0
2021-12-21,12,AR1 alpha + Basic + One-Step,NYSE:TMHC,0.0
2021-12-22,12,AR1 alpha + Basic + One-Step,NYSE:TMHC,1.7772952848626338e-07
2021-12-23,12,AR1 alpha + Basic + One-Step,NYSE:TMHC,0.0
2021-12-27,12,AR1 alpha + Basic + One-Step,NYSE:TMHC,0.0
2021-12-28,12,AR1 alpha + Basic + One-Step,NYSE:TMHC,0.0
2021-12-29,12,AR1 alpha + Basic + One-Step,NYSE:TMHC,0.0
2021-12-30,12,AR1 alpha + Basic + One-Step,NYSE:TMHC,5.984522501399421e-07
2021-12-31,12,AR1 alpha + Basic + One-Step,NYSE:TMHC,1.580315225084623e-07
2022-01-03,12,AR1 alpha + Basic + One-Step,NYSE:TMHC,5.192169188564275e-08
2022-01-04,12,AR1 alpha + Basic + One-Step,NYSE:TMHC,0.0
2022-01-05,12,AR1 alpha + Basic + One-Step,NYSE:TMHC,0.0
2022-01-06,12,AR1 alpha + Basic + One-Step,NYSE:TMHC,0.0
2022-01-07,12,AR1 alpha + Basic + One-Step,NYSE:TMHC,5.0213594571606386e-08
2022-01-10,12,AR1 alpha + Basic + One-Step,NYSE:TMHC,0.0
2022-01-11,12,AR1 alpha + Basic + One-Step,NYSE:TMHC,0.0
2022-01-12,12,AR1 alpha + Basic + One-Step,NYSE:TMHC,0.0
2022-01-13,12,AR1 alpha + Basic + One-Step,NYSE:TMHC,1.0641982250363186e-06
2022-01-14,12,AR1 alpha + Basic + One-Step,NYSE:TMHC,0.0
2022-01-18,12,AR1 alpha + Basic + One-Step,NYSE:TMHC,0.0
2022-01-19,12,AR1 alpha + Basic + One-Step,NYSE:TMHC,0.0
2022-01-20,12,AR1 alpha + Basic + One-Step,NYSE:TMHC,0.0
2022-01-21,12,AR1 alpha + Basic + One-Step,NYSE:TMHC,2.959481782718844e-07
2022-01-24,12,AR1 alpha + Basic + One-Step,NYSE:TMHC,0.0
2022-01-25,12,AR1 alpha + Basic + One-Step,NYSE:TMHC,0.0
2022-01-26,12,AR1 alpha + Basic + One-Step,NYSE:TMHC,1.2284032822769405e-08
2022-01-27,12,AR1 alpha + Basic + One-Step,NYSE:TMHC,0.0
2022-01-28,12,AR1 alpha + Basic + One-Step,NYSE:TMHC,0.0
2022-01-31,12,AR1 alpha + Basic + One-Step,NYSE:TMHC,0.0
2022-02-01,12,AR1 alpha + Basic + One-Step,NYSE:TMHC,0.0
2022-02-02,12,AR1 alpha + Basic + One-Step,NYSE:TMHC,0.0
2022-02-03,12,AR1 alpha + Basic + One-Step,NYSE:TMHC,0.0
2022-02-04,12,AR1 alpha + Basic + One-Step,NYSE:TMHC,1.3353611549757384e-08
2022-02-07,12,AR1 alpha + Basic + One-Step,NYSE:TMHC,1.1277480420510402e-07
2022-02-08,12,AR1 alpha + Basic + One-Step,NYSE:TMHC,3.7848402834282286e-07
2022-02-09,12,AR1 alpha + Basic + One-Step,NYSE:TMHC,0.0
2022-02-10,12,AR1 alpha + Basic + One-Step,NYSE:TMHC,0.0
2022-02-11,12,AR1 alpha + Basic + One-Step,NYSE:TMHC,9.150889558475985e-08
2022-02-14,12,AR1 alpha + Basic + One-Step,NYSE:TMHC,0.0
2022-02-15,12,AR1 alpha + Basic + One-Step,NYSE:TMHC,0.0
2022-02-16,12,AR1 alpha + Basic + One-Step,NYSE:TMHC,0.0
2022-02-17,12,AR1 alpha + Basic + One-Step,NYSE:TMHC,0.0
2022-02-18,12,AR1 alpha + Basic + One-Step,NYSE:TMHC,1.996930056407055e-07
2022-02-22,12,AR1 alpha + Basic + One-Step,NYSE:TMHC,1.0463230098046794e-07
2022-02-23,12,AR1 alpha + Basic + One-Step,NYSE:TMHC,0.0
2022-02-24,12,AR1 alpha + Basic + One-Step,NYSE:TMHC,0.0
2022-02-25,12,AR1 alpha + Basic + One-Step,NYSE:TMHC,0.0
2022-02-28,12,AR1 alpha + Basic + One-Step,NYSE:TMHC,0.0
2022-03-01,12,AR1 alpha + Basic + One-Step,NYSE:TMHC,5.174813130125495e-08
2022-03-02,12,AR1 alpha + Basic + One-Step,NYSE:TMHC,0.0
2022-03-03,12,AR1 alpha + Basic + One-Step,NYSE:TMHC,0.0
2022-03-04,12,AR1 alpha + Basic + One-Step,NYSE:TMHC,0.0
2022-03-07,12,AR1 alpha + Basic + One-Step,NYSE:TMHC,0.0
2022-03-08,12,AR1 alpha + Basic + One-Step,NYSE:TMHC,9.335613131024778e-07
2022-03-09,12,AR1 alpha + Basic + One-Step,NYSE:TMHC,0.0
2022-03-10,12,AR1 alpha + Basic + One-Step,NYSE:TMHC,0.0
2022-03-11,12,AR1 alpha + Basic + One-Step,NYSE:TMHC,1.2157613569089623e-07
2022-03-14,12,AR1 alpha + Basic + One-Step,NYSE:TMHC,0.0
2022-03-15,12,AR1 alpha + Basic + One-Step,NYSE:TMHC,0.0
2022-03-16,12,AR1 alpha + Basic + One-Step,NYSE:TMHC,0.0
2022-03-17,12,AR1 alpha + Basic + One-Step,NYSE:TMHC,0.0
2022-03-18,12,AR1 alpha + Basic + One-Step,NYSE:TMHC,0.0
2022-03-21,12,AR1 alpha + Basic + One-Step,NYSE:TMHC,0.0
2022-03-22,12,AR1 alpha + Basic + One-Step,NYSE:TMHC,0.0
2022-03-23,12,AR1 alpha + Basic + One-Step,NYSE:TMHC,0.0
2022-03-24,12,AR1 alpha + Basic + One-Step,NYSE:TMHC,5.117660327602665e-08
2022-03-25,12,AR1 alpha + Basic + One-Step,NYSE:TMHC,0.0
2022-03-28,12,AR1 alpha + Basic + One-Step,NYSE:TMHC,0.0
2022-03-29,12,AR1 alpha + Basic + One-Step,NYSE:TMHC,0.0
2022-03-30,12,AR1 alpha + Basic + One-Step,NYSE:TMHC,4.638221139863078e-09
2022-03-31,12,AR1 alpha + Basic + One-Step,NYSE:TMHC,0.0
2022-04-01,12,AR1 alpha + Basic + One-Step,NYSE:TMHC,0.0
2022-04-04,12,AR1 alpha + Basic + One-Step,NYSE:TMHC,0.0
2022-04-05,12,AR1 alpha + Basic + One-Step,NYSE:TMHC,0.0
2022-04-06,12,AR1 alpha + Basic + One-Step,NYSE:TMHC,0.0
2022-04-07,12,AR1 alpha + Basic + One-Step,NYSE:TMHC,0.0
2022-04-08,12,AR1 alpha + Basic + One-Step,NYSE:TMHC,0.0
2022-04-11,12,AR1 alpha + Basic + One-Step,NYSE:TMHC,0.0
2022-04-12,12,AR1 alpha + Basic + One-Step,NYSE:TMHC,0.0
2022-04-13,12,AR1 alpha + Basic + One-Step,NYSE:TMHC,2.8952778954452646e-07
2022-04-14,12,AR1 alpha + Basic + One-Step,NYSE:TMHC,8.386988422430895e-09
2022-04-18,12,AR1 alpha + Basic + One-Step,NYSE:TMHC,0.0
2022-04-19,12,AR1 alpha + Basic + One-Step,NYSE:TMHC,0.0
2022-04-20,12,AR1 alpha + Basic + One-Step,NYSE:TMHC,7.616860684519156e-08
2022-04-21,12,AR1 alpha + Basic + One-Step,NYSE:TMHC,0.0
2022-04-22,12,AR1 alpha + Basic + One-Step,NYSE:TMHC,0.0
2022-04-25,12,AR1 alpha + Basic + One-Step,NYSE:TMHC,0.0
2022-04-26,12,AR1 alpha + Basic + One-Step,NYSE:TMHC,0.0
2022-04-27,12,AR1 alpha + Basic + One-Step,NYSE:TMHC,0.0
2022-04-28,12,AR1 alpha + Basic + One-Step,NYSE:TMHC,0.0
2022-04-29,12,AR1 alpha + Basic + One-Step,NYSE:TMHC,0.0
2022-05-02,12,AR1 alpha + Basic + One-Step,NYSE:TMHC,0.0
2022-05-03,12,AR1 alpha + Basic + One-Step,NYSE:TMHC,0.0
2022-05-04,12,AR1 alpha + Basic + One-Step,NYSE:TMHC,4.6332241154670265e-07
2022-05-05,12,AR1 alpha + Basic + One-Step,NYSE:TMHC,0.0
2022-05-06,12,AR1 alpha + Basic + One-Step,NYSE:TMHC,0.0
2022-05-09,12,AR1 alpha + Basic + One-Step,NYSE:TMHC,0.0
2022-05-10,12,AR1 alpha + Basic + One-Step,NYSE:TMHC,1.4324674054073604e-07
2022-05-11,12,AR1 alpha + Basic + One-Step,NYSE:TMHC,0.0
2022-05-12,12,AR1 alpha + Basic + One-Step,NYSE:TMHC,8.874471070116939e-08
2022-05-13,12,AR1 alpha + Basic + One-Step,NYSE:TMHC,0.0
2022-05-16,12,AR1 alpha + Basic + One-Step,NYSE:TMHC,4.508219093504517e-07
2022-05-17,12,AR1 alpha + Basic + One-Step,NYSE:TMHC,0.0
2022-05-18,12,AR1 alpha + Basic + One-Step,NYSE:TMHC,4.203869529761772e-07
2022-05-19,12,AR1 alpha + Basic + One-Step,NYSE:TMHC,0.0
2022-05-20,12,AR1 alpha + Basic + One-Step,NYSE:TMHC,0.0
2022-05-23,12,AR1 alpha + Basic + One-Step,NYSE:TMHC,0.0
2022-05-24,12,AR1 alpha + Basic + One-Step,NYSE:TMHC,0.0
2022-05-25,12,AR1 alpha + Basic + One-Step,NYSE:TMHC,1.3944422021280778e-07
2022-05-26,12,AR1 alpha + Basic + One-Step,NYSE:TMHC,0.0
2022-05-27,12,AR1 alpha + Basic + One-Step,NYSE:TMHC,2.6990877360883844e-09
2022-05-31,12,AR1 alpha + Basic + One-Step,NYSE:TMHC,0.0
2022-06-01,12,AR1 alpha + Basic + One-Step,NYSE:TMHC,0.0
2022-06-02,12,AR1 alpha + Basic + One-Step,NYSE:TMHC,0.0
2022-06-03,12,AR1 alpha + Basic + One-Step,NYSE:TMHC,0.0
2022-06-06,12,AR1 alpha + Basic + One-Step,NYSE:TMHC,0.0
2022-06-07,12,AR1 alpha + Basic + One-Step,NYSE:TMHC,0.0
2022-06-08,12,AR1 alpha + Basic + One-Step,NYSE:TMHC,5.6481061687357116e-08
2022-06-09,12,AR1 alpha + Basic + One-Step,NYSE:TMHC,0.0
2022-06-10,12,AR1 alpha + Basic + One-Step,NYSE:TMHC,4.5605572073025464e-08
2022-06-13,12,AR1 alpha + Basic + One-Step,NYSE:TMHC,3.010275390499776e-07
2022-06-14,12,AR1 alpha + Basic + One-Step,NYSE:TMHC,1.448209141777777e-07
2022-06-15,12,AR1 alpha + Basic + One-Step,NYSE:TMHC,0.0
2022-06-16,12,AR1 alpha + Basic + One-Step,NYSE:TMHC,0.0
2022-06-17,12,AR1 alpha + Basic + One-Step,NYSE:TMHC,0.0
2022-06-21,12,AR1 alpha + Basic + One-Step,NYSE:TMHC,6.943597036492434e-07
2022-06-22,12,AR1 alpha + Basic + One-Step,NYSE:TMHC,2.456773445773837e-07
2022-06-23,12,AR1 alpha + Basic + One-Step,NYSE:TMHC,0.0
2022-06-24,12,AR1 alpha + Basic + One-Step,NYSE:TMHC,0.0
2022-06-27,12,AR1 alpha + Basic + One-Step,NYSE:TMHC,0.0
2022-06-28,12,AR1 alpha + Basic + One-Step,NYSE:TMHC,0.0
2022-06-29,12,AR1 alpha + Basic + One-Step,NYSE:TMHC,0.0
2022-06-30,12,AR1 alpha + Basic + One-Step,NYSE:TMHC,0.0
2022-07-01,12,AR1 alpha + Basic + One-Step,NYSE:TMHC,0.0
2022-07-05,12,AR1 alpha + Basic + One-Step,NYSE:TMHC,0.0
2022-07-06,12,AR1 alpha + Basic + One-Step,NYSE:TMHC,0.0
2022-07-07,12,AR1 alpha + Basic + One-Step,NYSE:TMHC,0.0
2022-07-08,12,AR1 alpha + Basic + One-Step,NYSE:TMHC,0.0
2022-07-11,12,AR1 alpha + Basic + One-Step,NYSE:TMHC,0.0
2022-07-12,12,AR1 alpha + Basic + One-Step,NYSE:TMHC,2.4731319591608154e-07
2022-07-13,12,AR1 alpha + Basic + One-Step,NYSE:TMHC,3.4071675375898157e-07
2022-07-14,12,AR1 alpha + Basic + One-Step,NYSE:TMHC,0.0
2022-07-15,12,AR1 alpha + Basic + One-Step,NYSE:TMHC,0.0
2022-07-18,12,AR1 alpha + Basic + One-Step,NYSE:TMHC,2.6252750540664794e-09
2022-07-19,12,AR1 alpha + Basic + One-Step,NYSE:TMHC,0.0
2022-07-20,12,AR1 alpha + Basic + One-Step,NYSE:TMHC,2.5022997233609762e-08
2022-07-21,12,AR1 alpha + Basic + One-Step,NYSE:TMHC,3.439812121774959e-08
2022-07-22,12,AR1 alpha + Basic + One-Step,NYSE:TMHC,0.0
2022-07-25,12,AR1 alpha + Basic + One-Step,NYSE:TMHC,0.0
2022-07-26,12,AR1 alpha + Basic + One-Step,NYSE:TMHC,0.0
2022-07-27,12,AR1 alpha + Basic + One-Step,NYSE:TMHC,0.0
2022-07-28,12,AR1 alpha + Basic + One-Step,NYSE:TMHC,0.0
2022-07-29,12,AR1 alpha + Basic + One-Step,NYSE:TMHC,0.0
2022-08-01,12,AR1 alpha + Basic + One-Step,NYSE:TMHC,0.0
2022-08-02,12,AR1 alpha + Basic + One-Step,NYSE:TMHC,0.0
2022-08-03,12,AR1 alpha + Basic + One-Step,NYSE:TMHC,0.0
2022-08-04,12,AR1 alpha + Basic + One-Step,NYSE:TMHC,0.0
2022-08-05,12,AR1 alpha + Basic + One-Step,NYSE:TMHC,0.0
2022-08-08,12,AR1 alpha + Basic + One-Step,NYSE:TMHC,0.0
2022-08-09,12,AR1 alpha + Basic + One-Step,NYSE:TMHC,0.0
2022-08-10,12,AR1 alpha + Basic + One-Step,NYSE:TMHC,0.0
2022-08-11,12,AR1 alpha + Basic + One-Step,NYSE:TMHC,0.0
2022-08-12,12,AR1 alpha + Basic + One-Step,NYSE:TMHC,0.0
2022-08-15,12,AR1 alpha + Basic + One-Step,NYSE:TMHC,0.0
2022-08-16,12,AR1 alpha + Basic + One-Step,NYSE:TMHC,0.0
2022-08-17,12,AR1 alpha + Basic + One-Step,NYSE:TMHC,0.0
2022-08-18,12,AR1 alpha + Basic + One-Step,NYSE:TMHC,0.0
2022-08-19,12,AR1 alpha + Basic + One-Step,NYSE:TMHC,0.0
2022-08-22,12,AR1 alpha + Basic + One-Step,NYSE:TMHC,0.0
2022-08-23,12,AR1 alpha + Basic + One-Step,NYSE:TMHC,0.0
2022-08-24,12,AR1 alpha + Basic + One-Step,NYSE:TMHC,7.970673567252437e-08
2022-08-25,12,AR1 alpha + Basic + One-Step,NYSE:TMHC,0.0
2022-08-26,12,AR1 alpha + Basic + One-Step,NYSE:TMHC,0.0
2022-08-29,12,AR1 alpha + Basic + One-Step,NYSE:TMHC,0.0
2022-08-30,12,AR1 alpha + Basic + One-Step,NYSE:TMHC,0.0
2022-08-31,12,AR1 alpha + Basic + One-Step,NYSE:TMHC,0.0
2022-09-01,12,AR1 alpha + Basic + One-Step,NYSE:TMHC,0.0
2022-09-02,12,AR1 alpha + Basic + One-Step,NYSE:TMHC,0.0
2022-09-06,12,AR1 alpha + Basic + One-Step,NYSE:TMHC,0.0
2022-09-07,12,AR1 alpha + Basic + One-Step,NYSE:TMHC,0.0
2022-09-08,12,AR1 alpha + Basic + One-Step,NYSE:TMHC,3.002533492849366e-07
2022-09-09,12,AR1 alpha + Basic + One-Step,NYSE:TMHC,0.0
2022-09-12,12,AR1 alpha + Basic + One-Step,NYSE:TMHC,0.0
2022-09-13,12,AR1 alpha + Basic + One-Step,NYSE:TMHC,1.8567045208874308e-07
2022-09-14,12,AR1 alpha + Basic + One-Step,NYSE:TMHC,6.263446913183183e-08
2022-09-15,12,AR1 alpha + Basic + One-Step,NYSE:TMHC,0.0
2022-09-16,12,AR1 alpha + Basic + One-Step,NYSE:TMHC,6.54872160375765e-08
2022-09-19,12,AR1 alpha + Basic + One-Step,NYSE:TMHC,0.0
2022-09-20,12,AR1 alpha + Basic + One-Step,NYSE:TMHC,0.0
2022-09-21,12,AR1 alpha + Basic + One-Step,NYSE:TMHC,0.0
2022-09-22,12,AR1 alpha + Basic + One-Step,NYSE:TMHC,0.0
2022-09-23,12,AR1 alpha + Basic + One-Step,NYSE:TMHC,0.0
2022-09-26,12,AR1 alpha + Basic + One-Step,NYSE:TMHC,1.237867393751949e-09
2022-09-27,12,AR1 alpha + Basic + One-Step,NYSE:TMHC,0.0
2022-09-28,12,AR1 alpha + Basic + One-Step,NYSE:TMHC,0.0
2022-09-29,12,AR1 alpha + Basic + One-Step,NYSE:TMHC,0.0
2022-09-30,12,AR1 alpha + Basic + One-Step,NYSE:TMHC,0.0
2022-10-03,12,AR1 alpha + Basic + One-Step,NYSE:TMHC,0.0
2022-10-04,12,AR1 alpha + Basic + One-Step,NYSE:TMHC,0.0
2022-10-05,12,AR1 alpha + Basic + One-Step,NYSE:TMHC,4.264133821983299e-08
2022-10-06,12,AR1 alpha + Basic + One-Step,NYSE:TMHC,0.0
2022-10-07,12,AR1 alpha + Basic + One-Step,NYSE:TMHC,0.0
2022-10-10,12,AR1 alpha + Basic + One-Step,NYSE:TMHC,0.0
2022-10-11,12,AR1 alpha + Basic + One-Step,NYSE:TMHC,2.1838293440440966e-07
2022-10-12,12,AR1 alpha + Basic + One-Step,NYSE:TMHC,7.45734982551735e-08
2022-10-13,12,AR1 alpha + Basic + One-Step,NYSE:TMHC,1.1306392603253654e-07
2022-10-14,12,AR1 alpha + Basic + One-Step,NYSE:TMHC,3.977221247366469e-08
2022-10-17,12,AR1 alpha + Basic + One-Step,NYSE:TMHC,0.0
2022-10-18,12,AR1 alpha + Basic + One-Step,NYSE:TMHC,0.0
2022-10-19,12,AR1 alpha + Basic + One-Step,NYSE:TMHC,4.838988352488909e-09
2022-10-20,12,AR1 alpha + Basic + One-Step,NYSE:TMHC,0.0
2022-10-21,12,AR1 alpha + Basic + One-Step,NYSE:TMHC,7.2005151121899005e-09
2022-10-24,12,AR1 alpha + Basic + One-Step,NYSE:TMHC,0.0
2022-10-25,12,AR1 alpha + Basic + One-Step,NYSE:TMHC,0.0
2022-10-26,12,AR1 alpha + Basic + One-Step,NYSE:TMHC,0.0
2022-10-27,12,AR1 alpha + Basic + One-Step,NYSE:TMHC,0.0
2022-10-28,12,AR1 alpha + Basic + One-Step,NYSE:TMHC,0.0
2022-10-31,12,AR1 alpha + Basic + One-Step,NYSE:TMHC,0.0
2022-11-01,12,AR1 alpha + Basic + One-Step,NYSE:TMHC,0.0
2022-11-02,12,AR1 alpha + Basic + One-Step,NYSE:TMHC,2.936971942809303e-07
2022-11-03,12,AR1 alpha + Basic + One-Step,NYSE:TMHC,7.486248530780253e-07
2022-11-04,12,AR1 alpha + Basic + One-Step,NYSE:TMHC,3.6878520455427155e-07
2022-11-07,12,AR1 alpha + Basic + One-Step,NYSE:TMHC,0.0
2022-11-08,12,AR1 alpha + Basic + One-Step,NYSE:TMHC,0.0
2022-11-09,12,AR1 alpha + Basic + One-Step,NYSE:TMHC,0.0
2022-11-10,12,AR1 alpha + Basic + One-Step,NYSE:TMHC,0.0
2022-11-11,12,AR1 alpha + Basic + One-Step,NYSE:TMHC,1.5511405673364537e-07
2022-11-14,12,AR1 alpha + Basic + One-Step,NYSE:TMHC,0.0
2022-11-15,12,AR1 alpha + Basic + One-Step,NYSE:TMHC,0.0
2022-11-16,12,AR1 alpha + Basic + One-Step,NYSE:TMHC,0.0
2022-11-17,12,AR1 alpha + Basic + One-Step,NYSE:TMHC,0.0
2022-11-18,12,AR1 alpha + Basic + One-Step,NYSE:TMHC,2.3575146290615713e-07
2022-11-21,12,AR1 alpha + Basic + One-Step,NYSE:TMHC,2.935667497254765e-07
2022-11-22,12,AR1 alpha + Basic + One-Step,NYSE:TMHC,6.886579688710986e-09
2022-11-23,12,AR1 alpha + Basic + One-Step,NYSE:TMHC,0.0
2022-11-25,12,AR1 alpha + Basic + One-Step,NYSE:TMHC,0.0
2022-11-28,12,AR1 alpha + Basic + One-Step,NYSE:TMHC,5.094813835298609e-09
2022-11-29,12,AR1 alpha + Basic + One-Step,NYSE:TMHC,0.0
2022-11-30,12,AR1 alpha + Basic + One-Step,NYSE:TMHC,0.0
2022-12-01,12,AR1 alpha + Basic + One-Step,NYSE:TMHC,0.0
2022-12-02,12,AR1 alpha + Basic + One-Step,NYSE:TMHC,0.0
2022-12-05,12,AR1 alpha + Basic + One-Step,NYSE:TMHC,0.0
2022-12-06,12,AR1 alpha + Basic + One-Step,NYSE:TMHC,0.0
2022-12-07,12,AR1 alpha + Basic + One-Step,NYSE:TMHC,0.0
2022-12-08,12,AR1 alpha + Basic + One-Step,NYSE:TMHC,0.0
2022-12-09,12,AR1 alpha + Basic + One-Step,NYSE:TMHC,0.0
2022-12-12,12,AR1 alpha + Basic + One-Step,NYSE:TMHC,1.5391806324414003e-08
2022-12-13,12,AR1 alpha + Basic + One-Step,NYSE:TMHC,5.609834482390752e-07
2022-12-14,12,AR1 alpha + Basic + One-Step,NYSE:TMHC,1.0085958959858469e-07
2022-12-15,12,AR1 alpha + Basic + One-Step,NYSE:TMHC,0.0
2022-12-16,12,AR1 alpha + Basic + One-Step,NYSE:TMHC,0.0
2022-12-19,12,AR1 alpha + Basic + One-Step,NYSE:TMHC,0.0
2022-12-20,12,AR1 alpha + Basic + One-Step,NYSE:TMHC,0.0
2022-12-21,12,AR1 alpha + Basic + One-Step,NYSE:TMHC,0.0
2022-12-22,12,AR1 alpha + Basic + One-Step,NYSE:TMHC,0.0
2022-12-23,12,AR1 alpha + Basic + One-Step,NYSE:TMHC,0.0
2022-12-27,12,AR1 alpha + Basic + One-Step,NYSE:TMHC,1.1890697442221213e-07
2022-12-28,12,AR1 alpha + Basic + One-Step,NYSE:TMHC,0.0
2022-12-29,12,AR1 alpha + Basic + One-Step,NYSE:TMHC,9.666722491588707e-09
2022-12-30,12,AR1 alpha + Basic + One-Step,NYSE:TMHC,0.0
2023-01-03,12,AR1 alpha + Basic + One-Step,NYSE:TMHC,1.1954998130773183e-07
2023-01-04,12,AR1 alpha + Basic + One-Step,NYSE:TMHC,0.0
2023-01-05,12,AR1 alpha + Basic + One-Step,NYSE:TMHC,0.0
2023-01-06,12,AR1 alpha + Basic + One-Step,NYSE:TMHC,0.0
2023-01-09,12,AR1 alpha + Basic + One-Step,NYSE:TMHC,0.0
2023-01-10,12,AR1 alpha + Basic + One-Step,NYSE:TMHC,0.0
2023-01-11,12,AR1 alpha + Basic + One-Step,NYSE:TMHC,1.2292186411993252e-08
2023-01-12,12,AR1 alpha + Basic + One-Step,NYSE:TMHC,0.0
2023-01-13,12,AR1 alpha + Basic + One-Step,NYSE:TMHC,9.302661441622978e-09
2023-01-17,12,AR1 alpha + Basic + One-Step,NYSE:TMHC,0.0
2023-01-18,12,AR1 alpha + Basic + One-Step,NYSE:TMHC,0.0
2023-01-19,12,AR1 alpha + Basic + One-Step,NYSE:TMHC,0.0
2023-01-20,12,AR1 alpha + Basic + One-Step,NYSE:TMHC,0.0
2023-01-23,12,AR1 alpha + Basic + One-Step,NYSE:TMHC,0.0
2023-01-24,12,AR1 alpha + Basic + One-Step,NYSE:TMHC,0.0
2023-01-25,12,AR1 alpha + Basic + One-Step,NYSE:TMHC,0.0
2023-01-26,12,AR1 alpha + Basic + One-Step,NYSE:TMHC,0.0
2023-01-27,12,AR1 alpha + Basic + One-Step,NYSE:TMHC,0.0
2023-01-30,12,AR1 alpha + Basic + One-Step,NYSE:TMHC,0.0
2023-01-31,12,AR1 alpha + Basic + One-Step,NYSE:TMHC,0.0
2023-02-01,12,AR1 alpha + Basic + One-Step,NYSE:TMHC,0.0
2023-02-02,12,AR1 alpha + Basic + One-Step,NYSE:TMHC,4.878395679811463e-07
2023-02-03,12,AR1 alpha + Basic + One-Step,NYSE:TMHC,3.3019141212449196e-09
2023-02-06,12,AR1 alpha + Basic + One-Step,NYSE:TMHC,0.0
2023-02-07,12,AR1 alpha + Basic + One-Step,NYSE:TMHC,0.0
2023-02-08,12,AR1 alpha + Basic + One-Step,NYSE:TMHC,0.0
2023-02-09,12,AR1 alpha + Basic + One-Step,NYSE:TMHC,0.0
2023-02-10,12,AR1 alpha + Basic + One-Step,NYSE:TMHC,0.0
2023-02-13,12,AR1 alpha + Basic + One-Step,NYSE:TMHC,0.0
2023-02-14,12,AR1 alpha + Basic + One-Step,NYSE:TMHC,0.0
2023-02-15,12,AR1 alpha + Basic + One-Step,NYSE:TMHC,0.0
2023-02-16,12,AR1 alpha + Basic + One-Step,NYSE:TMHC,9.254465566590378e-10
2023-02-17,12,AR1 alpha + Basic + One-Step,NYSE:TMHC,0.0
2023-02-21,12,AR1 alpha + Basic + One-Step,NYSE:TMHC,0.0
2023-02-22,12,AR1 alpha + Basic + One-Step,NYSE:TMHC,0.0
2023-02-23,12,AR1 alpha + Basic + One-Step,NYSE:TMHC,1.4030334072556847e-08
2023-02-24,12,AR1 alpha + Basic + One-Step,NYSE:TMHC,0.0
2023-02-27,12,AR1 alpha + Basic + One-Step,NYSE:TMHC,0.0
2023-02-28,12,AR1 alpha + Basic + One-Step,NYSE:TMHC,2.586249210592317e-08
2023-03-01,12,AR1 alpha + Basic + One-Step,NYSE:TMHC,0.0
2023-03-02,12,AR1 alpha + Basic + One-Step,NYSE:TMHC,0.0
2023-03-03,12,AR1 alpha + Basic + One-Step,NYSE:TMHC,0.0
2023-03-06,12,AR1 alpha + Basic + One-Step,NYSE:TMHC,0.0
2023-03-07,12,AR1 alpha + Basic + One-Step,NYSE:TMHC,0.0
2023-03-08,12,AR1 alpha + Basic + One-Step,NYSE:TMHC,2.5995094025672196e-09
2023-03-09,12,AR1 alpha + Basic + One-Step,NYSE:TMHC,0.0
2023-03-10,12,AR1 alpha + Basic + One-Step,NYSE:TMHC,0.0
2023-03-13,12,AR1 alpha + Basic + One-Step,NYSE:TMHC,2.6652241157125516e-07
2023-03-14,12,AR1 alpha + Basic + One-Step,NYSE:TMHC,0.0
2023-03-15,12,AR1 alpha + Basic + One-Step,NYSE:TMHC,0.0
2023-03-16,12,AR1 alpha + Basic + One-Step,NYSE:TMHC,5.2080491111613475e-09
2023-03-17,12,AR1 alpha + Basic + One-Step,NYSE:TMHC,0.0
2023-03-20,12,AR1 alpha + Basic + One-Step,NYSE:TMHC,0.0
2023-03-21,12,AR1 alpha + Basic + One-Step,NYSE:TMHC,0.0
2023-03-22,12,AR1 alpha + Basic + One-Step,NYSE:TMHC,0.0
2023-03-23,12,AR1 alpha + Basic + One-Step,NYSE:TMHC,2.2590335626475544e-08
2023-03-24,12,AR1 alpha + Basic + One-Step,NYSE:TMHC,0.0
2023-03-27,12,AR1 alpha + Basic + One-Step,NYSE:TMHC,0.0
2023-03-28,12,AR1 alpha + Basic + One-Step,NYSE:TMHC,0.0
2023-03-29,12,AR1 alpha + Basic + One-Step,NYSE:TMHC,0.0
2023-03-30,12,AR1 alpha + Basic + One-Step,NYSE:TMHC,0.0
2023-03-31,12,AR1 alpha + Basic + One-Step,NYSE:TMHC,1.888629909538638e-07
2023-04-03,12,AR1 alpha + Basic + One-Step,NYSE:TMHC,0.0
2023-04-04,12,AR1 alpha + Basic + One-Step,NYSE:TMHC,0.03389981429615594
2023-04-05,12,AR1 alpha + Basic + One-Step,NYSE:TMHC,0.08173311350052771
2023-04-06,12,AR1 alpha + Basic + One-Step,NYSE:TMHC,0.10000021310523159
2023-04-10,12,AR1 alpha + Basic + One-Step,NYSE:TMHC,0.09999350031833772
2023-04-11,12,AR1 alpha + Basic + One-Step,NYSE:TMHC,0.07110826085650417
2023-04-12,12,AR1 alpha + Basic + One-Step,NYSE:TMHC,0.07111184892066595
2023-04-13,12,AR1 alpha + Basic + One-Step,NYSE:TMHC,0.06908379899638767
2023-04-14,12,AR1 alpha + Basic + One-Step,NYSE:TMHC,0.06997084058495812
2023-04-17,12,AR1 alpha + Basic + One-Step,NYSE:TMHC,0.0445522832799997
2023-04-18,12,AR1 alpha + Basic + One-Step,NYSE:TMHC,0.04120765641836942
2023-04-19,12,AR1 alpha + Basic + One-Step,NYSE:TMHC,0.03167198876901474
2023-04-20,12,AR1 alpha + Basic + One-Step,NYSE:TMHC,0.06596312840090156
2023-04-21,12,AR1 alpha + Basic + One-Step,NYSE:TMHC,0.07511527932373004
2023-04-24,12,AR1 alpha + Basic + One-Step,NYSE:TMHC,0.07484997693654669
2023-04-25,12,AR1 alpha + Basic + One-Step,NYSE:TMHC,0.08112659114427184
2023-04-26,12,AR1 alpha + Basic + One-Step,NYSE:TMHC,0.08604405252395594
2023-04-27,12,AR1 alpha + Basic + One-Step,NYSE:TMHC,0.0
2023-04-28,12,AR1 alpha + Basic + One-Step,NYSE:TMHC,2.278869907483363e-08
2023-05-01,12,AR1 alpha + Basic + One-Step,NYSE:TMHC,0.05567658109052667
2023-05-02,12,AR1 alpha + Basic + One-Step,NYSE:TMHC,0.05939423178772405
2023-05-03,12,AR1 alpha + Basic + One-Step,NYSE:TMHC,0.0999976670273459
2023-05-04,12,AR1 alpha + Basic + One-Step,NYSE:TMHC,0.09999576931131643
2023-05-05,12,AR1 alpha + Basic + One-Step,NYSE:TMHC,0.09277379472225775
2023-05-08,12,AR1 alpha + Basic + One-Step,NYSE:TMHC,0.09999990457182069
2023-05-09,12,AR1 alpha + Basic + One-Step,NYSE:TMHC,0.0999998974950455
2023-05-10,12,AR1 alpha + Basic + One-Step,NYSE:TMHC,0.09999982768544666
2023-05-11,12,AR1 alpha + Basic + One-Step,NYSE:TMHC,0.06409404410937372
2023-05-12,12,AR1 alpha + Basic + One-Step,NYSE:TMHC,0.0679023284325839
2023-05-15,12,AR1 alpha + Basic + One-Step,NYSE:TMHC,0.10000111454096539
2023-05-16,12,AR1 alpha + Basic + One-Step,NYSE:TMHC,0.09999621103562169
2023-05-17,12,AR1 alpha + Basic + One-Step,NYSE:TMHC,0.0999985464187087
2023-05-18,12,AR1 alpha + Basic + One-Step,NYSE:TMHC,0.09999817859048857
2023-05-19,12,AR1 alpha + Basic + One-Step,NYSE:TMHC,0.09999941823930193
2023-05-22,12,AR1 alpha + Basic + One-Step,NYSE:TMHC,0.09999880374522069
2023-05-23,12,AR1 alpha + Basic + One-Step,NYSE:TMHC,0.09999945028338436
2023-05-24,12,AR1 alpha + Basic + One-Step,NYSE:TMHC,0.09999971876124131
2023-05-25,12,AR1 alpha + Basic + One-Step,NYSE:TMHC,0.09999987569498565
2023-05-26,12,AR1 alpha + Basic + One-Step,NYSE:TMHC,0.09999487844115433
2023-05-30,12,AR1 alpha + Basic + One-Step,NYSE:TMHC,0.0935186711544307
2023-05-31,12,AR1 alpha + Basic + One-Step,NYSE:TMHC,0.09999977457439646
2023-06-01,12,AR1 alpha + Basic + One-Step,NYSE:TMHC,0.08457593841521902
2023-06-02,12,AR1 alpha + Basic + One-Step,NYSE:TMHC,0.07211354979001892
2023-06-05,12,AR1 alpha + Basic + One-Step,NYSE:TMHC,0.08809120344244893
2023-06-06,12,AR1 alpha + Basic + One-Step,NYSE:TMHC,0.08956840276948286
2023-06-07,12,AR1 alpha + Basic + One-Step,NYSE:TMHC,0.10000007719114513
2023-06-08,12,AR1 alpha + Basic + One-Step,NYSE:TMHC,0.09999960158306952
2023-06-09,12,AR1 alpha + Basic + One-Step,NYSE:TMHC,0.10000088133001031
2023-06-12,12,AR1 alpha + Basic + One-Step,NYSE:TMHC,0.09999790728123219
2023-06-13,12,AR1 alpha + Basic + One-Step,NYSE:TMHC,0.0999993307577867
2023-06-14,12,AR1 alpha + Basic + One-Step,NYSE:TMHC,0.0999994384730944
2023-06-15,12,AR1 alpha + Basic + One-Step,NYSE:TMHC,0.09999564266485779
2023-06-16,12,AR1 alpha + Basic + One-Step,NYSE:TMHC,0.09999823934417103
2023-06-20,12,AR1 alpha + Basic + One-Step,NYSE:TMHC,0.09999535390251685
2023-06-21,12,AR1 alpha + Basic + One-Step,NYSE:TMHC,0.09999758819771204
2023-06-22,12,AR1 alpha + Basic + One-Step,NYSE:TMHC,0.09999883799216049
2023-06-23,12,AR1 alpha + Basic + One-Step,NYSE:TMHC,0.09999814893989273
2023-06-26,12,AR1 alpha + Basic + One-Step,NYSE:TMHC,0.09999857103770454
2023-06-27,12,AR1 alpha + Basic + One-Step,NYSE:TMHC,0.09999609513105238
2023-06-28,12,AR1 alpha + Basic + One-Step,NYSE:TMHC,0.0999982053668303
2023-06-29,12,AR1 alpha + Basic + One-Step,NYSE:TMHC,0.09999767700296172
2023-06-30,12,AR1 alpha + Basic + One-Step,NYSE:TMHC,0.09999777982926021
2023-07-03,12,AR1 alpha + Basic + One-Step,NYSE:TMHC,0.09999809072726806
2023-07-05,12,AR1 alpha + Basic + One-Step,NYSE:TMHC,0.1000014930254536
2023-07-06,12,AR1 alpha + Basic + One-Step,NYSE:TMHC,0.09999521988273229
2023-07-07,12,AR1 alpha + Basic + One-Step,NYSE:TMHC,0.0999938953141378
2023-07-10,12,AR1 alpha + Basic + One-Step,NYSE:TMHC,0.09999806182736232
2023-07-11,12,AR1 alpha + Basic + One-Step,NYSE:TMHC,0.0999983977282409
2023-07-12,12,AR1 alpha + Basic + One-Step,NYSE:TMHC,0.09999918640022104
2023-07-13,12,AR1 alpha + Basic + One-Step,NYSE:TMHC,0.04853033462883223
2023-07-14,12,AR1 alpha + Basic + One-Step,NYSE:TMHC,0.08607079024613049
2023-07-17,12,AR1 alpha + Basic + One-Step,NYSE:TMHC,0.10000116537150233
2023-07-18,12,AR1 alpha + Basic + One-Step,NYSE:TMHC,0.1000014691172327
2023-07-19,12,AR1 alpha + Basic + One-Step,NYSE:TMHC,0.10000000000000003
2023-07-20,12,AR1 alpha + Basic + One-Step,NYSE:TMHC,0.09999999999999996
2023-07-21,12,AR1 alpha + Basic + One-Step,NYSE:TMHC,0.09999804980976858
2023-07-24,12,AR1 alpha + Basic + One-Step,NYSE:TMHC,0.09999467311782409
2023-07-25,12,AR1 alpha + Basic + One-Step,NYSE:TMHC,0.0999919336423084
2023-07-26,12,AR1 alpha + Basic + One-Step,NYSE:TMHC,0.09999474241165696
2023-07-27,12,AR1 alpha + Basic + One-Step,NYSE:TMHC,0.09999245375615531
2023-07-28,12,AR1 alpha + Basic + One-Step,NYSE:TMHC,0.09999367132069507
2023-07-31,12,AR1 alpha + Basic + One-Step,NYSE:TMHC,0.09999036609570083
2023-08-01,12,AR1 alpha + Basic + One-Step,NYSE:TMHC,0.09999404960598109
2023-08-02,12,AR1 alpha + Basic + One-Step,NYSE:TMHC,0.09999694306472554
2023-08-03,12,AR1 alpha + Basic + One-Step,NYSE:TMHC,0.09999325540861202
2023-08-04,12,AR1 alpha + Basic + One-Step,NYSE:TMHC,0.0999964002825298
2023-08-07,12,AR1 alpha + Basic + One-Step,NYSE:TMHC,0.09999815617643226
2023-08-08,12,AR1 alpha + Basic + One-Step,NYSE:TMHC,0.0999962471217052
2023-08-09,12,AR1 alpha + Basic + One-Step,NYSE:TMHC,0.09999430773374555
2023-08-10,12,AR1 alpha + Basic + One-Step,NYSE:TMHC,0.09999443056782445
2023-08-11,12,AR1 alpha + Basic + One-Step,NYSE:TMHC,0.09999797582782328
2023-08-14,12,AR1 alpha + Basic + One-Step,NYSE:TMHC,0.09999794932106279
2023-08-15,12,AR1 alpha + Basic + One-Step,NYSE:TMHC,0.09999818758572189
2023-08-16,12,AR1 alpha + Basic + One-Step,NYSE:TMHC,0.09999469408940495
2023-08-17,12,AR1 alpha + Basic + One-Step,NYSE:TMHC,0.09999175694989491
2023-08-18,12,AR1 alpha + Basic + One-Step,NYSE:TMHC,0.0999876030235286
2023-08-21,12,AR1 alpha + Basic + One-Step,NYSE:TMHC,0.09999507000328722
2023-08-22,12,AR1 alpha + Basic + One-Step,NYSE:TMHC,0.09999667383983338
2023-08-23,12,AR1 alpha + Basic + One-Step,NYSE:TMHC,0.09999898666765766
2023-08-24,12,AR1 alpha + Basic + One-Step,NYSE:TMHC,0.09999908384607124
2023-08-25,12,AR1 alpha + Basic + One-Step,NYSE:TMHC,0.09999970616074849
2023-08-28,12,AR1 alpha + Basic + One-Step,NYSE:TMHC,0.09999879610965463
2023-08-29,12,AR1 alpha + Basic + One-Step,NYSE:TMHC,0.09999909583292077
2023-08-30,12,AR1 alpha + Basic + One-Step,NYSE:TMHC,0.09999656099854386
2023-08-31,12,AR1 alpha + Basic + One-Step,NYSE:TMHC,0.09999890968423643
2023-09-01,12,AR1 alpha + Basic + One-Step,NYSE:TMHC,0.09999936019736164
2023-09-05,12,AR1 alpha + Basic + One-Step,NYSE:TMHC,0.0999931666121595
2023-09-06,12,AR1 alpha + Basic + One-Step,NYSE:TMHC,0.09999741408560188
2023-09-07,12,AR1 alpha + Basic + One-Step,NYSE:TMHC,0.10000067931281705
2023-09-08,12,AR1 alpha + Basic + One-Step,NYSE:TMHC,0.10000131624328469
2023-09-11,12,AR1 alpha + Basic + One-Step,NYSE:TMHC,0.10000045472221426
2023-09-12,12,AR1 alpha + Basic + One-Step,NYSE:TMHC,0.09999709086572363
2023-09-13,12,AR1 alpha + Basic + One-Step,NYSE:TMHC,0.09999562443592619
2023-09-14,12,AR1 alpha + Basic + One-Step,NYSE:TMHC,0.0999953436095761
2023-09-15,12,AR1 alpha + Basic + One-Step,NYSE:TMHC,0.09999138500548328
2023-09-18,12,AR1 alpha + Basic + One-Step,NYSE:TMHC,0.09999496350314047
2023-09-19,12,AR1 alpha + Basic + One-Step,NYSE:TMHC,0.09999771059142018
2023-09-20,12,AR1 alpha + Basic + One-Step,NYSE:TMHC,0.09999772410500009
2023-09-21,12,AR1 alpha + Basic + One-Step,NYSE:TMHC,0.09999471535489697
2023-09-22,12,AR1 alpha + Basic + One-Step,NYSE:TMHC,0.09999723616069958
2023-09-25,12,AR1 alpha + Basic + One-Step,NYSE:TMHC,0.09999576023153078
2023-09-26,12,AR1 alpha + Basic + One-Step,NYSE:TMHC,0.09999580089934597
2023-09-27,12,AR1 alpha + Basic + One-Step,NYSE:TMHC,0.09999002340465094
2023-09-28,12,AR1 alpha + Basic + One-Step,NYSE:TMHC,0.09999559262162215
2023-09-29,12,AR1 alpha + Basic + One-Step,NYSE:TMHC,0.09999799942989897
2023-10-02,12,AR1 alpha + Basic + One-Step,NYSE:TMHC,0.0999987089927167
2023-10-03,12,AR1 alpha + Basic + One-Step,NYSE:TMHC,0.0999987439412322
2023-10-04,12,AR1 alpha + Basic + One-Step,NYSE:TMHC,0.09999578013101132
2023-10-05,12,AR1 alpha + Basic + One-Step,NYSE:TMHC,0.09999742891407826
2023-10-06,12,AR1 alpha + Basic + One-Step,NYSE:TMHC,0.09999234736816937
2023-10-09,12,AR1 alpha + Basic + One-Step,NYSE:TMHC,0.09999737128327506
2023-10-10,12,AR1 alpha + Basic + One-Step,NYSE:TMHC,0.09999601827816886
2023-10-11,12,AR1 alpha + Basic + One-Step,NYSE:TMHC,0.09999834239689862
2023-10-12,12,AR1 alpha + Basic + One-Step,NYSE:TMHC,0.0999974872620043
2023-10-13,12,AR1 alpha + Basic + One-Step,NYSE:TMHC,0.09999888050886224
2023-10-16,12,AR1 alpha + Basic + One-Step,NYSE:TMHC,0.09999927507004601
2023-10-17,12,AR1 alpha + Basic + One-Step,NYSE:TMHC,0.09999955633362426
2023-10-18,12,AR1 alpha + Basic + One-Step,NYSE:TMHC,0.09999577084346957
2023-10-19,12,AR1 alpha + Basic + One-Step,NYSE:TMHC,0.09999387794334247
2023-10-20,12,AR1 alpha + Basic + One-Step,NYSE:TMHC,0.09999351404927495
2023-10-23,12,AR1 alpha + Basic + One-Step,NYSE:TMHC,0.0999987655509113
2023-10-24,12,AR1 alpha + Basic + One-Step,NYSE:TMHC,0.09999221085990037
2023-10-25,12,AR1 alpha + Basic + One-Step,NYSE:TMHC,0.0999934075298464
2023-10-26,12,AR1 alpha + Basic + One-Step,NYSE:TMHC,0.09999317217582357
2023-10-27,12,AR1 alpha + Basic + One-Step,NYSE:TMHC,0.0999920754634253
2023-10-30,12,AR1 alpha + Basic + One-Step,NYSE:TMHC,0.09999613389745304
2023-10-31,12,AR1 alpha + Basic + One-Step,NYSE:TMHC,0.09999323221600981
2023-11-01,12,AR1 alpha + Basic + One-Step,NYSE:TMHC,0.099995139472852
2023-11-02,12,AR1 alpha + Basic + One-Step,NYSE:TMHC,0.0
2023-11-03,12,AR1 alpha + Basic + One-Step,NYSE:TMHC,0.0
2023-11-06,12,AR1 alpha + Basic + One-Step,NYSE:TMHC,0.0
2023-11-07,12,AR1 alpha + Basic + One-Step,NYSE:TMHC,0.06766478027971787
2023-11-08,12,AR1 alpha + Basic + One-Step,NYSE:TMHC,0.10000002452616107
2023-11-09,12,AR1 alpha + Basic + One-Step,NYSE:TMHC,0.09999634999922004
2023-11-10,12,AR1 alpha + Basic + One-Step,NYSE:TMHC,0.09999583284149487
2023-11-13,12,AR1 alpha + Basic + One-Step,NYSE:TMHC,0.09999597036885963
2023-11-14,12,AR1 alpha + Basic + One-Step,NYSE:TMHC,0.0
2023-11-15,12,AR1 alpha + Basic + One-Step,NYSE:TMHC,0.0
2023-11-16,12,AR1 alpha + Basic + One-Step,NYSE:TMHC,0.056863690537960844
2023-11-17,12,AR1 alpha + Basic + One-Step,NYSE:TMHC,0.09780953181646908
2023-11-20,12,AR1 alpha + Basic + One-Step,NYSE:TMHC,0.0999981791139457
2023-11-21,12,AR1 alpha + Basic + One-Step,NYSE:TMHC,0.09999892373937623
2023-11-22,12,AR1 alpha + Basic + One-Step,NYSE:TMHC,0.09999912619557168
2023-11-24,12,AR1 alpha + Basic + One-Step,NYSE:TMHC,0.09999933792624624
2023-11-27,12,AR1 alpha + Basic + One-Step,NYSE:TMHC,0.09999886347185985
2023-11-28,12,AR1 alpha + Basic + One-Step,NYSE:TMHC,0.09999933325473229
2023-11-29,12,AR1 alpha + Basic + One-Step,NYSE:TMHC,0.09999960122022337
2023-11-30,12,AR1 alpha + Basic + One-Step,NYSE:TMHC,0.09999979514203833
2023-12-01,12,AR1 alpha + Basic + One-Step,NYSE:TMHC,0.04348140577285069
2023-12-04,12,AR1 alpha + Basic + One-Step,NYSE:TMHC,0.038255818707365614
2023-12-05,12,AR1 alpha + Basic + One-Step,NYSE:TMHC,0.09999801678855019
2023-12-06,12,AR1 alpha + Basic + One-Step,NYSE:TMHC,0.09999852242822875
2023-12-07,12,AR1 alpha + Basic + One-Step,NYSE:TMHC,0.07732967423318779
2023-12-08,12,AR1 alpha + Basic + One-Step,NYSE:TMHC,0.052312340846735424
2023-12-11,12,AR1 alpha + Basic + One-Step,NYSE:TMHC,0.09999576306211444
2023-12-12,12,AR1 alpha + Basic + One-Step,NYSE:TMHC,0.09999268931515522
2023-12-13,12,AR1 alpha + Basic + One-Step,NYSE:TMHC,0.0
2023-12-14,12,AR1 alpha + Basic + One-Step,NYSE:TMHC,0.0
2023-12-15,12,AR1 alpha + Basic + One-Step,NYSE:TMHC,0.0
2023-12-18,12,AR1 alpha + Basic + One-Step,NYSE:TMHC,0.0
2023-12-19,12,AR1 alpha + Basic + One-Step,NYSE:TMHC,0.0
2023-12-20,12,AR1 alpha + Basic + One-Step,NYSE:TMHC,0.03162428575421639
2023-12-21,12,AR1 alpha + Basic + One-Step,NYSE:TMHC,0.03289755423978648
2023-12-22,12,AR1 alpha + Basic + One-Step,NYSE:TMHC,0.04871132745580112
2023-12-26,12,AR1 alpha + Basic + One-Step,NYSE:TMHC,0.055109550142748646
2023-12-27,12,AR1 alpha + Basic + One-Step,NYSE:TMHC,0.06088021224690088
2023-12-28,12,AR1 alpha + Basic + One-Step,NYSE:TMHC,0.09999832338491836
2023-12-29,12,AR1 alpha + Basic + One-Step,NYSE:TMHC,0.09999889126501028
2024-01-02,12,AR1 alpha + Basic + One-Step,NYSE:TMHC,0.09999593477688985
2024-01-03,12,AR1 alpha + Basic + One-Step,NYSE:TMHC,0.09999214682202602
2024-01-04,12,AR1 alpha + Basic + One-Step,NYSE:TMHC,0.09999424298165015
2024-01-05,12,AR1 alpha + Basic + One-Step,NYSE:TMHC,0.09999339032327283
2024-01-08,12,AR1 alpha + Basic + One-Step,NYSE:TMHC,0.09998547768761748
2024-01-09,12,AR1 alpha + Basic + One-Step,NYSE:TMHC,0.09998339268221132
2024-01-10,12,AR1 alpha + Basic + One-Step,NYSE:TMHC,0.09997745115061912
2024-01-11,12,AR1 alpha + Basic + One-Step,NYSE:TMHC,0.10000088598544964
2024-01-12,12,AR1 alpha + Basic + One-Step,NYSE:TMHC,0.09999999999999999
2024-01-16,12,AR1 alpha + Basic + One-Step,NYSE:TMHC,0.09999907950696947
2024-01-17,12,AR1 alpha + Basic + One-Step,NYSE:TMHC,0.09999466904453286
2024-01-18,12,AR1 alpha + Basic + One-Step,NYSE:TMHC,0.09999719692910612
2024-01-19,12,AR1 alpha + Basic + One-Step,NYSE:TMHC,0.09999194899260692
2024-01-22,12,AR1 alpha + Basic + One-Step,NYSE:TMHC,0.09144642945888472
2024-01-23,12,AR1 alpha + Basic + One-Step,NYSE:TMHC,0.09999181003256045
2024-01-24,12,AR1 alpha + Basic + One-Step,NYSE:TMHC,0.09999646932938336
2024-01-25,12,AR1 alpha + Basic + One-Step,NYSE:TMHC,0.09999835203203747
2024-01-26,12,AR1 alpha + Basic + One-Step,NYSE:TMHC,0.09999652073133287
2024-01-29,12,AR1 alpha + Basic + One-Step,NYSE:TMHC,0.09999786141429144
2024-01-30,12,AR1 alpha + Basic + One-Step,NYSE:TMHC,0.09999412947567565
2024-01-31,12,AR1 alpha + Basic + One-Step,NYSE:TMHC,0.09999767618768048
2024-02-01,12,AR1 alpha + Basic + One-Step,NYSE:TMHC,0.09999803819127955
2024-02-02,12,AR1 alpha + Basic + One-Step,NYSE:TMHC,0.09999693980319659
2024-02-05,12,AR1 alpha + Basic + One-Step,NYSE:TMHC,0.09918646787454097
2024-02-06,12,AR1 alpha + Basic + One-Step,NYSE:TMHC,0.09999347531215842
2024-02-07,12,AR1 alpha + Basic + One-Step,NYSE:TMHC,0.09999745375246528
2024-02-08,12,AR1 alpha + Basic + One-Step,NYSE:TMHC,0.09999881574376837
2024-02-09,12,AR1 alpha + Basic + One-Step,NYSE:TMHC,0.09999292388039985
2024-02-12,12,AR1 alpha + Basic + One-Step,NYSE:TMHC,0.09999479567103431
2024-02-13,12,AR1 alpha + Basic + One-Step,NYSE:TMHC,0.09999276312323795
2024-02-14,12,AR1 alpha + Basic + One-Step,NYSE:TMHC,0.060476035180794474
2024-02-15,12,AR1 alpha + Basic + One-Step,NYSE:TMHC,1.1625832017205639e-05
2024-02-16,12,AR1 alpha + Basic + One-Step,NYSE:TMHC,0.09999884139973331
2024-02-20,12,AR1 alpha + Basic + One-Step,NYSE:TMHC,0.09999921288949429
2024-02-21,12,AR1 alpha + Basic + One-Step,NYSE:TMHC,0.09999944487453456
2024-02-22,12,AR1 alpha + Basic + One-Step,NYSE:TMHC,0.09999406270598553
2024-02-23,12,AR1 alpha + Basic + One-Step,NYSE:TMHC,0.09999593462354193
2024-02-26,12,AR1 alpha + Basic + One-Step,NYSE:TMHC,0.0800891499800879
2024-02-27,12,AR1 alpha + Basic + One-Step,NYSE:TMHC,0.0800868759143131
2024-02-28,12,AR1 alpha + Basic + One-Step,NYSE:TMHC,0.09999260780865425
2024-02-29,12,AR1 alpha + Basic + One-Step,NYSE:TMHC,0.06670776780424922
2024-03-01,12,AR1 alpha + Basic + One-Step,NYSE:TMHC,0.0
2024-03-04,12,AR1 alpha + Basic + One-Step,NYSE:TMHC,0.03732063938097057
2024-03-05,12,AR1 alpha + Basic + One-Step,NYSE:TMHC,0.0999924595375018
2024-03-06,12,AR1 alpha + Basic + One-Step,NYSE:TMHC,0.09999267230296033
2024-03-07,12,AR1 alpha + Basic + One-Step,NYSE:TMHC,0.014939353801558464
2024-03-08,12,AR1 alpha + Basic + One-Step,NYSE:TMHC,0.09999915051187512
2024-03-11,12,AR1 alpha + Basic + One-Step,NYSE:TMHC,0.09999485890863803
2024-03-12,12,AR1 alpha + Basic + One-Step,NYSE:TMHC,0.03375510557888386
2024-03-13,12,AR1 alpha + Basic + One-Step,NYSE:TMHC,0.03812265070812011
2024-03-14,12,AR1 alpha + Basic + One-Step,NYSE:TMHC,0.04934537282309917
2024-03-15,12,AR1 alpha + Basic + One-Step,NYSE:TMHC,0.05688515127328498
2024-03-18,12,AR1 alpha + Basic + One-Step,NYSE:TMHC,0.08182382988528174
2024-03-19,12,AR1 alpha + Basic + One-Step,NYSE:TMHC,0.0008365354893230727
2024-03-20,12,AR1 alpha + Basic + One-Step,NYSE:TMHC,0.0
2024-03-21,12,AR1 alpha + Basic + One-Step,NYSE:TMHC,5.2353947700019943e-08
2024-03-22,12,AR1 alpha + Basic + One-Step,NYSE:TMHC,7.9032799087731e-10
2024-03-25,12,AR1 alpha + Basic + One-Step,NYSE:TMHC,0.0
2024-03-26,12,AR1 alpha + Basic + One-Step,NYSE:TMHC,0.0
2024-03-27,12,AR1 alpha + Basic + One-Step,NYSE:TMHC,0.0
2024-03-28,12,AR1 alpha + Basic + One-Step,NYSE:TMHC,0.0
2024-04-01,12,AR1 alpha + Basic + One-Step,NYSE:TMHC,0.02628102857390443
2024-04-02,12,AR1 alpha + Basic + One-Step,NYSE:TMHC,0.09432714375364128
2024-04-03,12,AR1 alpha + Basic + One-Step,NYSE:TMHC,0.07132948508747002
2024-04-04,12,AR1 alpha + Basic + One-Step,NYSE:TMHC,0.09999752934723691
2024-04-05,12,AR1 alpha + Basic + One-Step,NYSE:TMHC,0.08490501991204587
2024-04-08,12,AR1 alpha + Basic + One-Step,NYSE:TMHC,0.09433476457257031
2024-04-09,12,AR1 alpha + Basic + One-Step,NYSE:TMHC,0.047700691291902735
2024-04-10,12,AR1 alpha + Basic + One-Step,NYSE:TMHC,0.08240858085524004
2024-04-11,12,AR1 alpha + Basic + One-Step,NYSE:TMHC,0.0
2024-04-12,12,AR1 alpha + Basic + One-Step,NYSE:TMHC,0.049494160681108464
2024-04-15,12,AR1 alpha + Basic + One-Step,NYSE:TMHC,0.08127647604142248
2024-04-16,12,AR1 alpha + Basic + One-Step,NYSE:TMHC,0.07859751261433937
2024-04-17,12,AR1 alpha + Basic + One-Step,NYSE:TMHC,0.07618142650098873
2024-04-18,12,AR1 alpha + Basic + One-Step,NYSE:TMHC,0.049720147290069905
2024-04-19,12,AR1 alpha + Basic + One-Step,NYSE:TMHC,0.052996570041730105
